3.79 -1.01 8.89 -0.1100 -0.0600 0.0000 0.0033 0.0011 -0.0033 3.91 -0.95 8.94 164 319 293 271 197 
3.80 -0.97 8.89 -0.1000 -0.0300 -0.0400 0.0000 -0.0033 0.0000 3.91 -0.95 8.94 163 320 303 276 198 
3.78 -0.98 8.87 -0.1300 -0.0300 -0.0900 0.0011 0.0011 0.0000 3.91 -0.95 8.94 163 320 294 272 198 
3.78 -1.01 8.88 -0.1300 -0.0600 -0.0700 0.0000 0.0044 0.0000 3.91 -0.95 8.94 165 320 295 271 199 
3.77 -1.02 8.89 -0.1300 -0.0500 -0.0300 0.0033 0.0000 0.0011 3.91 -0.95 8.94 163 319 292 273 197 
3.64 -1.23 10.57 0.1400 -0.4000 1.6800 1.2622 -2.9056 -0.0411 5.21 -0.36 8.29 168 291 245 232 202 
10.27 -1.64 2.55 1.3400 -0.3400 -2.9200 1.5767 -7.1644 3.2778 9.23 -3.12 1.05 166 296 127 138 172 
5.20 -4.48 -0.70 -1.3500 1.3200 2.1900 2.6544 -2.6178 0.8067 6.75 -6.55 -2.74 142 285 133 144 152 
6.95 -6.49 -1.47 0.0000 0.9100 0.3500 2.0078 0.3967 -0.1389 6.68 -7.13 -0.75 142 276 139 146 155 
5.59 -7.16 -0.64 0.0400 -0.0600 -0.3600 -0.6978 -0.9667 0.1700 6.31 -7.20 -2.08 151 315 150 160 163 
6.72 -7.20 -2.95 0.5500 0.0000 -0.7400 1.0833 0.6067 -0.4067 6.51 -7.17 -1.52 150 285 151 160 159 
8.79 -5.16 1.82 1.6000 1.2400 1.4200 -0.7556 0.4867 0.1378 6.96 -6.88 -0.37 142 271 155 164 177 
10.21 -8.38 -0.17 2.7600 -1.2700 -0.9900 -0.0911 0.8767 1.6333 5.92 -7.81 -0.09 157 304 154 140 163 
3.92 -8.90 0.66 -0.5500 0.9600 0.6500 1.6933 -0.6067 1.8911 3.38 -9.05 1.65 153 252 145 142 140 
-0.74 -7.11 0.72 -1.9100 1.6700 -2.0000 0.1022 -0.6511 0.5733 1.96 -9.27 2.50 143 242 145 144 138 
4.15 -12.34 1.49 2.2000 -3.2500 -1.3500 1.3500 0.3456 -0.3433 2.11 -8.89 3.54 141 245 146 139 136 
1.68 -8.59 3.65 -0.1500 0.0900 -1.6600 2.2044 1.2322 -1.3811 2.51 -6.93 6.45 139 249 145 142 146 
1.30 -3.05 6.43 -1.7300 2.9700 -1.6700 2.2222 1.0267 -0.8633 2.02 -3.75 8.82 139 258 152 148 140 
-0.15 1.40 11.08 -1.4500 4.0700 1.9900 0.3567 0.2578 -0.1456 1.45 -2.22 9.43 143 261 149 147 142 
1.46 -1.27 9.03 0.1700 1.7500 -0.5100 -1.2889 -0.3678 0.1733 1.74 -3.62 8.94 138 263 150 148 145 
0.57 -3.27 7.72 -1.2000 2.1900 -0.1900 -2.6389 -1.0400 0.3567 2.51 -6.36 7.02 144 265 148 152 145 
-0.39 -6.57 2.52 -0.7800 3.8000 -2.4800 -3.9489 -1.3544 0.2022 3.27 -8.94 2.33 148 259 152 155 150 
2.95 -10.56 -5.41 -1.2600 -1.1800 -1.9300 -2.3044 -1.0789 -0.5556 3.56 -8.70 -2.77 156 210 203 196 191 
9.24 -10.89 -3.20 0.3500 -3.3400 -0.7900 -0.0133 -0.5367 0.3433 3.75 -8.01 -4.22 169 192 173 250 195 
4.47 -5.24 -0.07 0.6200 1.0500 6.1600 -5.4411 -2.4944 -1.1356 3.18 -4.21 -8.26 171 211 244 279 199 
4.67 1.46 -13.30 2.1000 0.7800 -1.6300 -0.0867 -0.1156 -0.0367 2.96 -1.31 -9.25 183 231 235 273 200 
5.83 -0.38 -8.84 -0.8300 0.5000 0.0200 0.1733 1.5278 0.3567 4.10 -1.55 -8.76 170 228 241 248 201 
6.97 -2.09 -9.07 1.8400 -0.1500 -0.5100 1.9144 0.0344 0.6800 4.70 -3.52 -7.84 166 260 252 214 197 
4.61 -4.87 -5.80 -0.4900 0.6700 1.7500 1.3811 0.4111 0.7556 4.05 -6.06 -6.54 165 256 246 224 196 
2.25 -7.26 -4.17 -1.5200 -1.1500 1.6500 0.1011 -0.0600 -0.2333 4.03 -6.50 -6.13 168 241 254 247 199 
5.54 -8.43 -2.27 -0.0200 -1.4500 4.1200 -0.5789 -0.1922 -1.1178 5.12 -5.81 -6.00 172 208 257 266 202 
3.36 3.00 -17.97 0.4800 4.9900 -6.0700 -0.0244 0.2678 -0.2400 3.72 -2.28 -8.78 192 250 259 279 207 
5.73 -1.98 -9.83 1.6100 0.0900 -0.7200 -0.0611 0.2033 0.1567 3.81 -2.17 -8.76 193 253 262 279 203 
;
