2.31 3.44 8.96 0.3600 0.2700 -0.0600 0.0000 -0.0244 0.0000 2.13 3.21 9.01 172 279 262 277 196 
1.88 3.31 9.09 -0.1000 0.1100 0.0100 0.0011 -0.0944 -0.0267 2.12 3.21 9.01 171 279 263 278 195 
1.99 3.37 8.98 -0.0200 0.1700 -0.0300 0.0011 -0.0056 0.0056 2.11 3.21 9.02 172 280 261 275 195 
1.32 2.62 9.77 0.3300 -0.2500 1.1400 -0.3378 -3.8644 0.9922 4.61 2.86 8.16 172 285 234 224 195 
14.84 -0.31 3.97 3.5400 -0.3100 0.8800 0.6367 -5.2678 3.9356 9.64 -1.73 -0.39 168 309 144 150 160 
6.02 -2.82 -2.91 -2.6900 1.7700 -0.5300 2.5489 -2.4056 1.3133 7.37 -5.73 -2.96 126 312 152 156 147 
5.18 -5.28 -3.79 -1.2600 1.8100 -1.2000 2.9922 0.1167 -0.0500 6.65 -7.10 -1.18 134 240 161 155 148 
7.88 -4.58 5.21 0.7400 1.6400 3.1400 -1.2967 -0.2044 0.1622 6.65 -7.14 -0.87 133 281 167 158 149 
6.12 -7.28 -4.50 0.1000 -0.2300 -1.9000 -0.4522 -0.3978 0.1011 6.01 -7.07 -3.14 138 337 169 157 149 
6.25 -6.71 -3.68 0.4400 0.5900 -0.4200 0.9711 0.3389 -0.3333 6.22 -7.17 -2.43 141 269 174 159 152 
6.50 -5.89 0.64 -0.9700 2.6700 5.0900 0.8333 -0.1978 -0.4200 7.05 -6.80 -0.05 143 271 173 162 153 
9.10 -6.93 0.66 2.0800 -0.1600 0.9700 -0.7700 1.4511 -0.8533 7.42 -6.39 0.28 161 195 159 168 161 
8.69 -6.58 0.37 2.0100 -1.9600 -5.2900 0.2778 11.7778 -2.0033 2.89 -4.02 8.46 178 155 159 160 166 
-3.82 -1.28 4.71 0.1600 2.0600 -3.3000 0.9833 4.4978 1.6789 -6.44 -2.27 7.03 179 138 168 169 167 
-8.67 0.27 4.30 -0.8300 0.3000 -1.5800 1.0556 1.0389 0.6700 -8.55 0.04 4.80 180 144 162 169 169 
-10.68 2.36 7.70 -1.6800 1.7200 5.3500 0.6067 0.3156 -0.6200 -8.99 0.45 3.87 181 143 176 171 170 
-10.04 0.93 4.89 -2.0300 0.8900 0.5200 0.1111 -3.4489 0.1844 -7.72 0.52 6.02 175 176 160 171 174 
-1.76 2.14 8.77 -0.1000 -0.6500 -0.9400 2.2433 -7.1033 0.7289 2.28 2.75 9.12 148 303 242 235 191 
8.61 2.46 7.39 0.7100 -0.2500 1.1000 0.6722 -2.9211 2.9211 7.50 1.30 6.16 117 304 155 163 160 
7.47 1.63 3.21 -1.7400 1.5100 -1.5200 1.6233 0.0033 1.5511 8.45 -0.18 4.95 114 311 154 157 143 
6.05 1.93 5.69 -2.1300 2.2700 0.5600 -0.1744 0.3456 -0.3478 8.14 -0.23 5.45 114 314 151 158 145 
8.39 2.63 5.78 0.3000 2.8300 0.2700 -0.8767 0.1800 -0.6044 8.01 -0.14 5.64 113 317 156 158 146 
8.62 0.58 4.81 0.8000 0.5000 -0.9100 -0.9278 0.3056 -0.6367 7.85 -0.26 5.87 114 316 157 162 145 
8.33 -0.69 4.85 0.8500 -0.9800 -1.3700 -0.2856 0.6467 -0.0900 7.33 -0.44 6.49 115 316 158 168 152 
4.34 -1.79 9.62 -2.3800 -1.3500 2.7400 -0.1833 0.1744 -0.2811 6.77 -0.32 7.08 118 318 163 165 149 
6.02 0.65 7.24 -0.5400 0.9100 0.1400 -0.0256 0.0089 0.1489 6.66 -0.21 7.19 115 320 162 167 151 
4.33 0.33 5.16 -3.1600 1.7100 -1.5000 -1.9322 -0.5511 1.1256 7.03 -2.77 6.24 148 244 213 209 182 
0.60 -4.42 -0.56 -6.1400 0.2500 -4.5400 -0.9422 -6.0878 0.0889 8.94 -3.92 0.90 155 179 187 182 192 
4.34 -3.91 -10.66 3.0600 3.7300 -5.1300 -4.1456 -3.7711 -0.5811 5.71 -1.70 -7.78 167 181 206 231 193 
10.57 2.30 -13.15 6.9900 0.8400 -3.9700 -0.6567 -0.1311 -0.8367 2.80 1.86 -9.21 175 203 230 259 195 
4.74 1.05 -10.42 2.9300 -0.6900 -1.3600 1.0789 -0.1411 0.4878 2.35 0.93 -9.47 177 209 234 263 187 
4.62 -0.74 -11.78 1.6200 0.6800 -1.9000 2.7711 1.0900 1.5089 3.63 -2.91 -8.63 177 232 182 263 198 
4.62 -4.03 -4.27 0.1100 2.5000 1.6900 2.8511 2.8167 0.7000 5.24 -7.35 -3.80 188 329 263 277 198 
4.14 -5.26 -1.23 -1.1900 2.6600 0.8400 0.6744 0.9367 -0.0500 5.59 -7.95 -1.22 191 340 288 281 201 
5.50 -6.34 0.27 -0.0500 1.6500 1.0400 -0.0522 0.1156 -0.0244 5.75 -7.91 -0.72 192 346 285 285 204 
5.69 -6.82 -0.14 0.1000 1.0000 0.9200 -0.3311 0.3556 -0.3933 5.95 -7.72 -0.99 191 344 280 283 200 
7.92 -6.61 -0.45 1.2700 0.7000 0.5300 -2.0200 2.5456 -0.6889 6.78 -7.01 -0.98 185 221 175 211 197 
4.48 -7.54 -1.54 -2.6900 -1.0500 -1.1800 -0.3344 0.5811 -0.0067 7.07 -6.78 -0.20 179 200 197 193 195 
8.63 -8.75 2.60 1.3700 -3.5200 0.7400 0.7756 0.5511 -0.3389 7.39 -6.38 0.88 168 243 229 231 202 
10.20 -7.88 3.53 0.4700 -3.1400 -2.9700 2.6711 3.2089 -0.6689 5.57 -3.21 7.39 171 334 139 173 166 
2.37 4.44 7.17 -1.5400 5.4700 -1.1900 4.0478 -0.0222 -0.8444 6.36 1.93 7.20 152 293 158 151 142 
4.26 5.74 6.78 -1.5700 2.8800 -0.2500 -0.1067 -0.0867 0.2644 6.32 2.71 6.98 153 294 159 151 144 
5.76 3.47 6.43 -0.6600 1.1700 -0.5900 -0.9889 -0.2778 -0.6578 6.44 2.11 7.08 152 298 169 158 145 
6.85 2.27 6.83 0.1400 0.1600 -0.3700 -0.8422 -0.1389 -0.7900 6.51 1.95 7.06 150 303 179 164 149 
7.38 0.73 6.70 0.7700 -1.5100 -0.0100 -0.0656 0.4189 -0.3178 6.20 2.01 7.32 152 309 174 162 150 
4.34 1.67 8.94 -1.7300 -0.2800 1.7000 0.0367 0.1000 -0.0278 5.85 2.11 7.57 156 312 175 164 150 
4.89 3.71 8.13 -1.0900 2.0800 0.6200 -1.3644 0.3278 0.3578 5.73 1.33 7.83 161 314 165 169 156 
1.53 -0.23 5.85 -1.8800 2.7300 -3.3800 -7.3956 1.9000 1.4567 2.23 -6.30 7.16 168 264 237 227 187 
-1.60 -9.41 -0.20 -2.6500 0.4600 -3.1300 -4.6511 1.3411 -0.7289 1.36 -9.67 -0.85 158 327 263 250 185 
5.65 -12.48 -4.71 1.3500 -3.8100 -3.3500 0.5444 0.0278 -1.0611 3.42 -8.92 -2.17 173 333 282 275 188 
5.88 -9.60 -4.07 0.9200 0.2400 -3.5300 3.7222 -0.2656 0.8000 3.11 -9.25 0.89 172 337 275 269 189 
1.97 -2.85 1.03 -0.3600 5.6900 -3.7600 6.0700 -0.4489 1.0544 2.03 -6.21 7.30 173 341 263 274 190 
0.50 6.11 12.24 -1.9700 6.4400 3.0600 4.2256 0.0400 -0.4400 2.18 1.46 9.44 176 336 284 286 189 
0.90 5.55 14.73 -0.5100 2.3700 3.6600 -0.1089 -0.4211 -0.1400 2.20 2.70 9.16 177 337 277 275 189 
2.19 3.55 8.75 -0.1100 0.9700 -0.6800 -0.0133 -0.0011 0.0044 2.20 2.53 9.21 177 336 283 288 188 
;
