6.08 -1.13 7.52 0.0000 0.0500 -0.0200 0.0011 0.0033 -0.0033 6.09 -1.19 7.58 171 246 201 197 190 
6.14 -1.13 7.51 0.0300 0.0700 -0.0800 0.0022 -0.0056 0.0067 6.09 -1.19 7.58 170 246 200 197 190 
6.09 -1.14 7.54 0.0000 0.0400 -0.0400 0.0078 0.0011 -0.0011 6.09 -1.18 7.58 169 248 201 198 194 
6.10 -1.24 7.32 -0.1200 -0.0700 -0.3500 0.0800 0.0533 -0.0044 6.09 -1.14 7.60 172 240 191 182 191 
13.92 -2.15 1.92 4.6900 -2.4700 -1.2600 3.0800 -6.6411 0.2278 9.80 0.14 0.31 171 241 154 165 178 
12.42 -2.01 -3.66 2.5400 -0.1500 -2.5400 3.9633 -1.1100 1.8711 9.22 -3.06 -1.28 171 281 137 165 171 
7.52 -2.88 -1.89 -1.6300 0.8600 -2.5500 3.7189 1.5456 -0.4689 8.94 -3.50 1.94 164 307 157 169 170 
4.04 0.92 1.73 -4.0500 3.0100 -1.5500 1.2133 1.2889 -1.2467 8.60 -0.95 4.61 156 306 163 171 159 
7.95 2.39 4.41 -0.8900 2.1700 -0.5000 -0.6156 0.2756 -0.8411 8.32 0.06 5.18 159 303 168 175 159 
8.80 2.09 4.76 0.7100 1.7200 -0.8800 -1.5656 0.1589 -0.7422 8.14 0.00 5.45 160 311 172 179 157 
8.58 -0.01 4.66 0.8300 -0.1400 -1.7500 -1.5300 0.6700 -0.7744 7.52 -0.40 6.27 159 319 175 175 157 
7.61 -1.48 6.20 0.6600 -0.5100 -0.3500 -0.6756 1.0456 -0.1433 6.62 -0.94 7.17 160 321 187 179 160 
5.01 -3.58 8.54 -1.4800 -1.6000 0.2600 -0.1011 0.0322 0.4533 6.40 -1.38 7.29 163 312 169 166 159 
0.14 -0.79 3.78 -7.0000 3.1400 -2.5300 -1.1522 -3.1900 1.5222 7.90 -4.42 3.75 166 185 173 197 190 
6.58 -5.40 -5.99 -0.8700 1.1900 -6.5000 -3.0222 -6.5167 -0.0289 7.47 -4.35 -4.61 168 159 180 226 193 
10.15 -0.86 -12.60 5.0300 -0.7800 -4.5200 -4.0767 -2.5411 -1.9556 2.10 0.78 -9.54 173 210 210 267 204 
5.29 1.58 -12.82 2.7400 -0.9600 -3.2600 0.8644 -0.1167 0.2878 2.09 1.44 -9.47 177 220 223 284 205 
4.30 -2.27 -15.33 0.9500 -0.1400 -5.1500 4.5867 3.4067 0.6078 4.17 -3.49 -8.15 183 294 275 278 203 
3.28 -3.12 -3.84 -2.2600 3.7200 0.8800 2.2989 1.9189 0.8589 5.71 -7.45 -2.82 190 324 284 288 200 
3.81 -3.90 -0.96 -1.5800 3.6700 0.6800 0.2589 0.2133 0.0967 5.64 -7.89 -1.39 190 325 255 298 201 
5.07 -5.94 -1.18 -0.6400 2.1900 -0.3400 -0.8667 0.9667 -0.6311 5.97 -7.61 -1.58 190 325 249 281 201 
5.43 -5.61 -0.43 -0.5000 1.6900 0.5700 -1.4544 2.0233 -0.7178 7.51 -6.29 -0.30 183 208 219 199 203 
10.33 -5.62 1.95 4.5700 -1.2500 2.0200 -2.2000 3.7056 -0.5356 7.84 -5.86 0.38 181 156 149 153 156 
9.46 -7.68 0.40 2.4000 -1.5900 -3.9100 2.1589 9.7189 2.1156 1.03 -5.26 8.21 189 142 134 157 133 
-5.77 -0.39 6.28 0.1100 2.7300 -1.2700 0.6811 3.7989 3.8633 -7.41 -1.38 6.26 187 142 137 166 139 
-12.83 -2.42 -10.22 -2.8800 -2.5100 -15.8300 2.5456 1.9222 0.5433 -8.74 1.52 4.17 189 143 141 170 146 
-9.44 2.29 6.71 -0.1600 0.0800 1.5500 -0.2589 -0.5444 0.0211 -8.74 1.56 4.16 190 146 149 175 143 
-10.64 2.29 5.40 -2.4200 0.9100 1.1200 0.1856 -3.5333 -1.1689 -7.82 0.92 5.84 187 179 155 173 152 
-0.09 2.13 9.85 0.4800 2.4600 0.4200 -1.1422 -10.0544 -0.0944 3.86 -0.70 8.98 175 279 168 185 159 
6.86 -3.75 1.92 -3.7100 -1.5800 -4.8400 1.2689 -5.7067 4.9789 7.82 -5.68 1.61 173 292 154 172 152 
2.08 -6.25 5.79 -2.8600 1.5700 5.1500 0.4556 -1.2622 2.6156 3.74 -9.01 0.91 156 286 157 159 136 
4.36 -11.79 -2.97 1.2400 -2.8500 -2.9500 0.7100 -0.1444 -0.0200 3.03 -9.27 0.94 157 288 160 162 138 
6.19 -12.72 -0.70 2.2700 -3.3300 -2.9200 2.5789 1.5511 -0.7144 3.30 -8.28 4.06 157 290 164 164 142 
0.94 -5.87 4.41 -2.7700 0.7100 -2.4600 3.0678 1.4089 -0.9233 2.69 -4.68 8.18 159 295 160 161 145 
1.34 -0.30 7.40 -0.2600 2.7200 -2.4500 2.6022 1.3811 -0.3667 1.20 -0.59 9.71 161 309 165 166 144 
-2.69 5.70 10.64 -1.5800 4.4800 0.5500 -0.7844 -0.4278 0.0956 1.34 0.00 9.71 162 314 164 166 143 
1.93 0.24 8.96 0.1500 1.5200 -0.6800 -1.3689 -0.2433 0.0333 1.87 -1.69 9.47 162 315 164 164 147 
0.93 -1.76 6.78 -1.7600 1.0700 -2.2700 -2.2256 -1.4311 -0.1089 3.22 -4.59 8.03 168 305 160 164 148 
2.93 -6.98 1.71 -1.0700 0.4100 -5.3100 -4.9989 0.4378 -0.5622 4.03 -8.17 3.61 166 279 189 188 169 
4.87 -12.46 -1.45 0.9800 -4.3900 -1.5200 -1.0900 6.6889 -4.4611 6.22 -6.97 2.97 167 302 148 165 147 
2.26 -4.47 12.96 -2.9900 -0.1900 1.9500 3.8400 1.9522 -0.6611 3.60 -2.41 8.79 180 300 141 168 138 
7.20 3.69 9.56 3.1900 2.6100 0.1700 3.0956 -0.4922 0.0933 3.57 2.41 8.80 177 302 141 173 138 
6.60 5.90 13.47 1.8800 2.0000 5.6900 1.2856 -1.6233 1.6733 5.25 3.81 7.34 164 306 142 170 142 
1.66 2.01 8.10 -2.4900 -0.1300 0.0000 -1.9789 1.3122 0.9422 5.38 1.05 8.12 164 325 157 178 138 
1.20 -0.72 5.15 -4.6600 -0.1100 -3.2200 -0.9067 -1.1889 -0.3522 6.26 -0.75 7.50 161 325 158 172 138 
5.09 0.90 1.70 -2.5200 0.9500 -5.4100 0.5356 -1.7756 -1.6678 7.70 0.65 6.03 160 323 160 174 138 
11.65 4.87 2.42 3.5800 2.2300 -2.0400 1.8744 -0.9700 -1.4056 8.21 3.67 3.90 145 315 163 172 140 
13.95 7.57 4.70 5.9500 2.6000 2.6400 1.5222 0.3711 0.3567 8.12 4.97 2.33 153 323 161 178 146 
6.84 4.86 5.99 -3.2800 0.4900 2.0800 -1.1644 0.9789 1.6800 8.72 2.65 3.60 151 325 166 175 142 
;
