5.57 -2.05 7.70 0.0000 0.0600 -0.1000 0.0022 0.0000 0.0000 5.59 -2.09 7.77 166 222 228 217 176 
5.65 -2.00 7.72 0.0100 0.0800 -0.0300 0.0156 -0.0022 0.0200 5.60 -2.08 7.77 161 223 228 218 177 
5.62 -2.01 7.72 0.0500 0.0500 -0.0800 0.0200 -0.0044 -0.0289 5.59 -2.05 7.78 165 221 225 217 180 
5.26 -1.84 7.70 -0.7900 0.1500 0.2900 0.2133 -1.1633 -0.2156 6.06 -1.84 7.47 166 228 220 216 184 
20.10 -1.72 3.00 11.7500 -0.5100 1.1100 5.5400 -2.6578 1.5989 9.76 -0.05 0.95 164 302 238 248 196 
9.85 -3.25 0.55 -1.0600 -1.3600 -2.6200 4.0078 2.0100 1.2500 8.91 -1.76 3.67 165 317 261 263 195 
7.06 0.12 1.84 -2.2600 0.5900 -4.7400 2.6922 0.7444 -0.1267 7.94 0.33 5.73 168 334 275 285 195 
5.23 4.37 4.19 -2.8900 2.8100 -1.3000 0.7611 0.3711 -0.6856 7.24 2.48 6.11 169 333 277 298 200 
6.32 6.80 6.00 -1.0100 3.1800 -0.4900 -1.0989 -0.1178 -0.7011 6.91 2.83 6.34 171 317 281 287 197 
7.13 2.90 4.16 0.2100 0.6600 -2.3300 -2.3178 -1.0178 -0.5667 7.27 1.67 6.36 170 275 241 294 203 
8.33 -1.04 4.20 0.6800 -0.9400 -1.5900 -2.3878 -1.0422 0.5233 8.23 -1.07 5.21 170 216 249 296 203 
7.15 -2.83 3.90 -0.7500 -0.1700 0.0100 -2.7711 0.1078 0.8678 8.28 -3.88 3.53 168 209 232 284 208 
8.35 -7.03 2.27 0.0000 -2.4000 -0.8500 -0.4189 -0.1044 -0.0511 8.20 -4.69 2.62 168 216 215 275 207 
5.59 -3.10 2.26 -3.0900 1.0400 -0.9700 0.6022 1.1733 -0.2711 8.05 -4.29 3.58 138 223 253 222 199 
5.90 -4.29 0.58 -0.0400 -1.7100 -2.9000 0.4767 -1.2211 -1.0233 8.47 -3.10 3.84 115 180 219 219 200 
10.98 -2.63 2.87 4.1300 -0.6600 0.6700 1.8667 -1.4367 -0.0567 9.27 -1.71 2.66 99 152 136 157 151 
15.16 5.34 3.86 4.0700 5.9400 2.1500 1.9322 0.3189 0.4544 9.42 -0.95 2.55 98 161 158 152 140 
6.72 0.81 7.00 -2.2900 2.5500 3.0400 -1.2389 0.1500 -0.2622 9.05 -1.59 3.42 102 157 162 161 151 
9.27 1.13 1.62 0.3300 2.8600 -2.2100 -1.2533 0.5011 -1.4544 9.22 -0.77 3.23 92 161 162 162 151 
10.87 -1.40 0.43 1.8100 -1.8000 -3.1300 -0.7967 0.2978 -0.9233 9.03 0.63 3.75 105 161 164 167 154 
8.78 -0.79 3.03 0.0800 -0.8400 0.9200 0.8422 0.3044 0.1422 9.06 0.74 3.66 105 164 165 169 157 
9.50 1.19 4.25 0.5000 0.2200 0.5200 0.0922 -0.2311 -0.0489 9.14 0.91 3.42 106 169 171 172 164 
12.31 0.85 6.24 4.0700 -1.6100 1.3700 -0.3689 1.0133 0.6022 8.82 0.33 4.27 147 258 242 239 193 
9.02 -4.79 1.97 1.5400 -3.9300 -3.5600 1.9200 -0.5911 2.0067 8.49 -1.19 4.74 155 287 146 147 137 
7.02 -1.12 -1.80 -1.0200 1.5100 -5.4200 3.7767 -0.7878 0.6667 8.75 -0.83 4.33 144 302 167 145 145 
5.30 5.78 3.86 -2.3200 5.3800 -0.3400 0.6822 0.8311 -1.0100 8.11 1.56 5.27 157 305 175 153 142 
7.09 4.64 4.87 -0.4800 2.3500 -1.1000 -1.4378 -0.0833 -0.6589 7.83 1.64 5.66 159 307 169 154 144 
9.20 1.82 3.57 1.4400 -0.2100 -2.2100 -1.4056 0.1133 -0.4056 7.70 1.05 5.97 156 304 174 154 144 
8.17 -1.66 4.71 0.5600 -2.3300 -1.2400 -0.2500 0.5878 -0.3911 7.22 0.79 6.58 156 310 171 154 146 
6.32 0.09 8.32 -0.3700 -0.8000 0.8600 0.0078 0.1178 -0.2644 6.94 1.18 6.82 155 312 172 158 148 
5.80 1.60 6.21 -1.6000 0.6500 -0.7200 -0.2044 -0.1022 0.4678 6.99 0.78 6.82 159 314 180 159 148 
4.70 0.78 4.87 -1.1300 1.6800 -3.4800 -4.6244 2.6067 -0.1733 5.51 -2.76 7.62 165 318 177 175 161 
3.25 -7.85 3.96 -0.0100 -0.3600 -2.6700 -5.3000 8.2122 -1.7189 0.05 -8.05 5.58 155 339 158 173 152 
1.24 -10.20 7.87 -0.7800 0.0000 0.5800 3.9378 -0.3711 -1.6856 0.45 -6.99 6.85 165 326 161 174 158 
1.90 -9.32 12.32 0.9700 -3.9200 6.1200 0.6567 -1.1111 2.2467 0.19 -5.13 8.35 171 338 172 185 158 
-6.03 -6.91 11.26 -4.9300 0.5700 3.8500 -2.8467 0.0189 -0.4300 -0.39 -7.86 5.83 176 345 176 188 156 
-2.76 -4.55 3.68 -2.4500 4.3100 -0.5200 -1.4789 1.1178 -1.6578 0.99 -9.23 3.13 178 344 174 191 155 
2.46 -4.57 2.68 0.6800 5.1800 0.1000 0.9833 1.7667 -1.1656 2.16 -8.79 3.76 177 348 173 190 158 
4.83 -6.80 6.26 3.6400 0.3800 0.4800 3.7200 1.2722 0.4289 0.68 -6.16 7.59 176 349 173 193 162 
3.55 -7.03 12.77 3.9000 -3.4500 3.3400 0.8656 -0.8067 2.5633 -0.44 -3.56 9.12 178 351 180 191 159 
-2.37 -5.49 12.12 -3.5600 -0.0200 2.3500 -1.7578 -0.7900 1.1367 -0.17 -5.26 8.27 178 353 177 192 158 
-3.68 -2.41 5.09 -3.3400 2.3100 -3.2300 0.8411 -1.7089 0.7700 0.41 -5.63 8.01 174 316 171 189 159 
3.26 -9.54 12.51 4.0300 -4.1400 4.9900 -2.8500 -4.1800 -0.7689 4.57 -7.30 4.66 176 265 242 264 189 
2.54 -6.09 0.02 -1.4000 3.0400 -1.6300 -3.9978 0.6733 1.7478 2.62 -9.43 -0.53 179 312 278 263 186 
3.01 -8.04 -9.44 0.6400 1.5500 -7.8800 2.1222 -1.5489 -0.3511 2.63 -9.35 -1.31 178 324 280 271 187 
2.54 -1.20 -2.44 0.5600 8.6000 -3.8700 8.2222 -1.8811 -0.3856 3.34 -6.05 6.95 179 327 283 279 185 
4.92 -3.01 16.82 0.9100 1.9100 7.1600 -3.3622 -1.4089 0.5656 3.72 -6.36 6.46 179 330 287 290 191 
0.35 -7.49 0.48 -2.0000 1.1700 -3.5300 -3.7722 0.6922 0.5456 2.05 -9.50 1.26 178 332 291 290 189 
1.74 -8.37 -8.23 -0.5700 2.1800 -7.7800 4.5444 -0.2233 -0.5100 2.38 -8.99 3.08 177 330 289 292 189 
5.36 -2.13 17.65 2.3200 2.5800 9.7800 0.9244 -1.0233 -0.0578 3.65 -5.42 7.30 177 332 294 292 188 
4.02 -4.98 4.79 -0.0400 2.0700 -1.0500 -1.7944 -0.4222 -0.1800 4.25 -6.96 5.43 5 297 265 205 189 
4.54 -5.67 2.52 -1.2000 1.3400 -2.9300 0.2600 -0.3944 -1.0456 5.67 -6.52 4.63 6 233 225 205 189 
;
