-0.23 3.38 9.10 0.0400 -0.2600 0.0000 -0.0133 0.0278 0.0078 -0.37 3.60 9.11 170 242 263 241 185 
-0.18 3.44 9.20 0.1100 -0.1800 0.0800 -0.0133 -0.0144 0.0044 -0.33 3.59 9.11 164 242 258 230 187 
-0.32 3.44 9.19 0.0400 -0.1400 0.0700 0.0133 -0.0789 -0.0044 -0.30 3.58 9.12 167 240 260 234 183 
-0.22 3.43 9.15 0.0600 -0.1400 -0.0200 -0.0078 -0.0244 0.0044 -0.27 3.58 9.12 165 242 260 244 188 
-0.25 3.40 9.13 0.0600 -0.1600 0.0300 -0.0100 0.0078 -0.0022 -0.25 3.56 9.13 170 242 263 235 186 
-0.83 3.78 10.02 -2.5200 0.2100 1.9100 -0.2633 -2.2611 0.6422 1.38 3.45 9.07 169 229 239 218 191 
10.60 4.43 12.39 2.6600 3.4200 4.0800 -5.1700 -3.9822 2.5100 7.72 -2.40 5.54 162 239 256 235 193 
5.49 -0.75 1.54 -4.0700 6.2500 -1.2400 -5.6467 1.1333 4.3144 3.90 -8.97 0.59 165 270 249 270 198 
-1.49 -6.85 -11.28 -2.8500 2.5300 -9.1300 2.6922 0.0444 -0.0367 1.95 -9.57 -0.85 170 279 286 285 200 
5.03 -0.14 7.84 0.5900 6.6300 6.2000 4.7267 -1.2100 -1.5133 4.31 -6.35 6.09 171 288 278 289 200 
8.24 -4.25 15.79 2.5500 1.1500 7.2000 -3.1633 -0.6267 0.8089 4.81 -6.60 5.42 171 296 282 293 202 
2.53 -6.15 -0.10 -0.9200 2.7500 -2.0900 -3.9389 0.3967 1.4389 2.51 -9.45 -0.69 171 298 266 286 201 
-0.12 -8.44 -5.98 -1.6600 1.1800 -4.3700 2.5689 -0.0544 -0.5922 2.37 -9.51 -0.22 165 299 294 296 200 
3.20 -2.63 3.68 -1.3600 5.6600 1.1900 6.3022 -0.8633 -2.0567 4.77 -5.50 6.56 172 299 286 296 200 
8.55 -1.72 12.13 3.5400 1.3700 4.2200 -0.6467 -0.0222 -0.0956 5.18 -3.45 7.57 169 288 283 292 199 
4.99 -2.82 6.35 -0.3400 1.6000 -0.6700 -2.6389 -0.4811 0.5333 5.22 -6.04 5.69 173 243 257 245 198 
5.22 -7.43 3.56 -0.8700 0.0300 -0.9900 -1.0133 -0.2111 0.0067 5.44 -7.39 3.43 171 228 226 224 201 
5.81 -7.81 3.68 0.1300 -0.3200 0.8400 -0.1744 -0.3667 -0.2389 5.85 -7.40 2.65 7 229 227 225 199 
6.28 -7.05 3.79 0.2300 0.3700 0.7000 -0.0100 0.0867 0.0956 5.83 -7.37 2.77 4 235 234 230 198 
7.97 -6.11 3.80 2.0400 0.6600 1.1800 -2.5056 6.0244 0.4911 4.16 -8.14 3.52 7 262 166 152 175 
1.01 -6.37 0.82 -0.0400 1.7700 -3.4800 1.7356 1.6044 -1.4567 3.02 -7.61 5.39 171 330 146 162 176 
2.85 -6.04 9.49 0.0600 -0.8600 2.7700 1.5111 -0.4189 0.8878 2.29 -5.60 7.71 174 344 164 164 176 
-0.71 -7.49 12.74 -2.7000 -0.6900 5.1600 -2.3411 0.4022 1.1200 1.15 -7.15 6.60 176 339 162 162 175 
-2.93 -4.77 6.47 -3.9000 4.1200 1.3000 -2.0767 0.6522 -1.1867 1.33 -8.97 3.72 175 349 165 167 179 
1.26 -4.28 1.26 -0.4800 4.6400 -1.8600 -0.0378 2.3867 -0.9044 2.00 -9.10 3.05 176 348 168 178 183 
5.34 -4.79 3.43 3.4900 2.6300 -0.7100 3.3300 1.1278 0.3911 1.03 -7.00 6.78 176 349 178 181 180 
3.66 -9.16 13.06 1.9100 -4.2300 4.5500 0.9878 -1.1500 1.5711 1.21 -4.71 8.51 175 346 178 180 183 
-1.88 -6.09 12.56 -2.5400 0.2300 4.0400 -1.4289 -0.6567 1.1789 1.10 -6.06 7.63 173 353 176 181 182 
-1.56 -3.17 5.33 -2.1900 3.7300 -1.1400 0.7678 -2.2444 0.1833 2.03 -6.54 7.01 153 324 182 182 186 
10.42 -6.62 7.67 6.7900 -1.8800 1.6400 3.6556 -5.0911 0.5089 8.30 -2.61 4.51 126 227 233 229 212 
12.96 -3.14 3.58 1.7400 1.7300 -2.3100 1.2844 2.2222 1.5033 6.50 -3.53 6.43 99 171 150 153 150 
3.84 0.32 4.62 -0.6200 2.0000 -4.2400 2.5667 2.2544 -0.2800 2.76 -0.45 9.39 98 175 152 153 146 
-0.67 2.81 8.09 -1.4000 1.8200 -1.1400 0.5267 0.6411 -0.4544 1.02 1.38 9.65 100 180 151 158 145 
-0.04 3.36 9.88 -0.5500 2.2200 -0.1500 -0.1244 -0.6089 -1.5411 1.23 1.59 9.59 101 181 159 161 147 
4.16 3.50 7.66 2.9300 1.3300 -1.9500 -0.3711 -0.4233 -1.2178 2.00 1.71 9.44 100 178 170 167 150 
2.34 -1.13 10.15 -0.1400 -2.5200 1.2000 0.3022 0.1589 -0.1089 1.80 1.91 9.44 99 185 167 168 150 
1.42 3.31 9.76 -0.2700 0.9800 0.1300 -0.2278 0.0789 0.2011 1.65 1.90 9.47 100 189 167 170 150 
1.71 2.40 9.06 -0.0200 0.9200 -0.3800 -0.5122 -0.2211 0.2278 1.95 1.47 9.49 101 184 168 169 154 
2.49 1.39 8.64 0.3100 1.2500 -0.6000 -1.5344 0.4811 0.2233 2.35 -0.58 9.50 118 187 179 171 177 
1.94 -1.87 6.26 0.6700 1.0000 -2.3300 -2.9522 0.5433 0.9078 1.84 -4.44 8.54 140 231 230 209 190 
0.02 -8.96 5.82 -1.4000 -1.4800 -1.1500 -0.6489 -5.6311 -0.1867 4.97 -6.44 5.46 159 250 176 176 184 
9.46 -5.88 -1.21 3.5500 -0.9700 0.5000 -1.4856 -7.2322 1.8533 4.99 -7.89 -2.98 158 223 138 129 133 
3.54 -10.62 -7.30 0.7400 -2.3600 -2.8100 1.2322 -0.9344 0.6522 1.85 -9.01 -3.38 157 239 152 141 141 
4.41 -12.87 -5.76 3.3300 -3.0100 -4.4400 2.8478 0.7244 -0.7578 1.96 -9.60 -0.01 157 249 160 151 136 
2.23 -8.99 -0.92 -0.9500 0.4400 -4.1300 3.5422 2.0689 -1.9144 3.20 -7.61 5.28 158 259 165 150 136 
0.31 -1.89 6.39 -1.7400 2.8700 -1.6700 2.3456 2.3033 -1.8956 2.44 -3.46 8.84 156 269 163 157 139 
-1.67 2.14 9.88 -2.8800 4.1800 0.7800 0.9478 0.6422 0.0211 0.81 -0.92 9.72 160 278 168 156 141 
0.78 0.19 9.84 0.4300 1.4400 -0.1800 -1.6000 -0.5911 -0.1311 1.27 -2.35 9.43 158 282 170 160 144 
1.29 -1.76 8.50 -1.5400 1.6700 -0.3000 -2.8533 -1.6844 -0.0233 2.99 -5.45 7.57 163 276 161 153 146 
3.81 -4.44 2.41 -1.0100 1.2400 -2.5900 -4.1678 -3.3444 -0.0767 5.21 -8.16 1.54 147 242 174 183 170 
13.82 -11.46 -5.77 5.3000 -4.8000 -6.8400 -0.0378 3.4767 -3.3378 7.91 -5.79 0.04 158 296 225 203 200 
10.80 -2.51 2.80 0.8100 0.2400 -1.5600 3.1767 1.1544 -1.9322 8.52 -0.96 4.74 168 330 260 277 198 
7.92 2.37 2.16 -0.6100 1.1400 -2.6300 0.9900 0.8411 -0.7067 7.97 2.02 5.33 179 349 287 299 200 
5.84 6.57 3.76 -1.4700 4.2000 -1.4100 -0.6267 0.0689 -0.0578 7.74 2.33 5.53 180 320 289 276 204 
8.03 3.81 3.49 0.3900 1.9200 -2.2700 -2.0433 -0.1411 -0.0322 7.85 1.05 5.76 175 255 254 295 205 
9.00 0.89 4.67 2.6600 0.3500 -1.5300 -2.6156 0.0667 0.6322 7.63 -1.22 6.03 174 207 248 256 210 
6.58 -4.83 5.18 -0.7500 -1.9600 -1.1100 -1.5178 0.4622 0.1333 7.30 -3.70 5.39 171 203 248 265 208 
6.72 -4.67 4.91 -0.1100 -0.2200 -0.3600 0.1822 0.3867 -0.0833 7.03 -3.60 5.80 174 199 245 254 202 
6.17 -3.51 4.44 1.7800 0.9500 -1.8900 -0.8433 1.2856 0.5011 5.76 -4.66 6.42 169 237 151 162 130 
6.43 -7.99 6.85 -1.1900 -4.1000 -0.3900 1.9844 -1.5511 -0.3367 6.20 -3.98 6.46 152 285 152 148 134 
10.05 -0.50 4.18 2.2300 2.3700 -2.4700 2.4978 -0.9022 0.1767 7.22 -1.29 6.50 151 290 158 157 135 
7.69 3.12 4.92 0.3200 3.1500 -1.2500 1.1300 0.0344 -0.1100 7.32 0.31 6.51 151 286 163 159 136 
7.25 2.88 6.72 0.0400 2.0200 0.0800 -0.1611 -0.0133 -0.4022 7.18 0.93 6.60 154 293 168 163 137 
8.11 2.66 5.45 1.1700 1.7600 -1.1200 -0.7689 -0.0033 -0.4700 7.20 0.85 6.59 155 293 168 165 138 
8.47 1.12 5.16 1.3200 0.4500 -1.6000 -0.8111 0.1544 -0.3956 7.12 0.43 6.72 154 299 171 167 143 
8.65 -0.08 5.46 1.3200 -0.6400 -1.7200 -0.1089 0.8300 -0.2833 6.63 0.26 7.21 159 305 176 167 142 
5.77 0.27 8.24 -0.4200 -0.1400 0.5400 0.0178 0.4367 -0.2900 5.97 0.55 7.75 155 308 173 166 140 
5.52 1.53 7.41 -0.9000 1.0800 -0.4000 -0.1867 -0.2189 0.4911 5.99 0.40 7.74 165 310 168 165 141 
7.53 -0.85 6.70 1.3800 -0.2800 -0.8500 -2.1122 2.2344 -0.4656 5.61 -1.54 7.89 164 183 186 171 165 
4.70 -2.10 7.57 2.2400 -0.0200 -1.2400 0.0500 4.2700 -0.4400 1.25 -1.00 9.67 174 155 156 167 151 
-4.86 0.49 8.61 -1.5400 1.5500 0.0900 -0.5778 3.6244 1.2589 -5.46 -1.12 8.06 179 149 140 160 141 
-8.38 0.58 5.29 0.0800 1.3300 -0.4500 0.7256 1.4489 0.8489 -8.20 0.01 5.36 179 143 149 161 139 
-9.85 2.45 7.59 -1.5900 1.7900 2.9100 0.3256 -0.2556 0.2144 -8.10 1.21 5.38 180 147 147 162 139 
-8.10 2.53 7.38 -0.1200 0.9200 1.3500 -0.0278 -0.3144 0.2867 -7.79 1.46 5.76 183 146 148 163 146 
-7.21 1.92 6.11 0.6800 0.4400 0.4600 -0.0900 0.0344 -0.0911 -7.79 1.43 5.76 183 145 150 169 141 
-7.25 1.73 5.94 0.9200 0.5000 0.3000 -0.0211 0.0978 0.0456 -7.79 1.39 5.78 185 151 147 166 143 
-7.70 2.24 6.28 -0.2200 0.8200 0.5300 0.0233 -0.2589 -0.3478 -7.62 1.33 6.02 182 155 150 170 148 
-6.66 2.03 7.89 -1.0300 0.6700 0.2800 0.4867 -4.2756 -0.8644 -4.01 1.08 8.88 174 217 214 216 183 
1.32 2.86 9.40 -0.2000 2.3800 -1.5500 -2.7667 -7.2656 1.2856 5.38 -1.02 8.13 171 235 252 251 196 
1.81 -4.95 -2.64 -4.5700 -0.6000 -3.2600 -1.4344 -10.4744 1.7189 7.81 -4.97 -3.20 177 203 214 255 197 
5.89 -3.92 -6.99 2.3800 0.0700 0.0400 -2.9744 -2.6256 -0.1922 2.64 -2.42 -9.12 179 215 235 260 200 
1.85 -2.28 -10.30 -0.3000 0.0400 -0.3400 0.4367 0.4522 -0.0456 2.36 -2.29 -9.23 179 223 226 259 200 
;
