-0.22 2.37 9.45 -0.0600 0.0000 -0.0700 0.0078 0.0044 0.0056 -0.16 2.38 9.51 159 246 280 262 188 
-1.32 2.80 10.23 -1.7400 0.4600 1.5700 0.4467 -2.7100 0.6911 1.17 2.90 9.29 160 230 241 236 191 
11.11 4.41 11.37 4.0200 2.8800 4.6100 -2.0578 -4.0600 3.7333 7.81 -1.08 5.82 159 229 241 217 191 
4.20 -1.11 4.81 -3.2400 4.6000 -0.5400 -5.2900 1.5844 3.2011 5.85 -7.55 2.20 159 239 240 249 194 
2.93 -5.28 -4.31 -1.1300 3.3900 -2.3900 -3.7956 0.0678 1.8300 3.40 -8.58 -3.30 159 275 248 258 192 
2.34 -9.45 -7.72 -0.6800 -1.0400 -4.2600 2.5211 1.1844 0.3089 2.96 -9.00 -2.49 149 302 250 275 193 
4.09 -3.80 -1.44 1.7700 5.9000 -4.1100 6.8733 -1.3733 0.6022 2.72 -7.69 5.43 166 320 253 276 194 
5.10 1.36 12.03 1.5300 4.6000 6.9700 3.1156 0.1044 -0.4522 3.71 -1.97 8.85 168 331 292 286 198 
6.93 -1.28 13.37 2.4000 2.1100 3.2800 -4.1867 -0.0833 0.9144 3.89 -5.31 7.26 165 333 292 291 194 
1.58 -3.79 2.99 -1.8600 4.5500 -0.9000 -5.2722 0.4456 0.9122 2.26 -9.41 1.54 168 335 270 295 194 
2.03 -10.51 -6.89 -0.0400 -1.8400 -4.0200 -1.7033 0.4078 -0.0689 2.19 -9.04 -3.08 166 332 249 295 196 
2.04 -10.11 -4.29 -0.1900 -0.2400 -2.2900 3.4622 -0.1467 0.2244 2.00 -9.59 0.12 169 331 281 299 196 
0.96 -1.06 1.42 -0.5600 7.8000 -2.8600 6.8522 -0.1167 -0.3467 2.06 -5.82 7.61 171 331 291 290 198 
5.07 4.56 14.95 2.9400 3.8100 7.4600 2.9356 -0.5733 -0.9833 3.36 1.51 9.08 168 333 296 293 194 
4.46 0.89 11.80 0.2500 -1.1300 1.6700 -1.6956 -3.9456 1.1878 5.95 -0.30 7.78 3 316 278 261 196 
9.36 -3.17 3.68 1.5200 -2.3100 -1.5000 3.7144 -1.6900 0.3211 8.46 0.13 4.95 163 341 258 266 193 
7.61 2.49 2.44 -1.5100 0.8200 -2.6100 1.7089 1.7556 -1.1467 7.92 2.37 5.26 166 353 278 293 199 
5.27 6.61 5.00 -2.2100 3.6500 -0.1600 0.1589 0.0789 -0.4000 7.40 3.44 5.42 169 352 293 290 201 
6.60 6.73 5.36 -0.7300 3.2600 -0.2100 -1.3311 -0.1300 -0.4689 7.34 3.18 5.65 168 332 285 284 203 
8.47 2.17 3.46 0.9700 -0.2400 -2.2800 -1.8133 -0.3878 0.6311 7.65 1.33 5.97 169 284 274 280 204 
8.52 -1.19 4.68 0.7800 -0.9600 -1.0100 -1.8856 -0.2978 1.1956 7.75 -1.44 5.82 166 199 212 231 211 
6.79 -6.05 4.84 -0.9600 -2.4600 0.1900 -1.2911 0.1833 1.2700 7.41 -4.54 4.52 166 201 204 237 209 
6.34 -4.68 4.02 0.0800 0.9600 -0.2000 0.2867 -0.0478 -0.0733 7.32 -4.67 4.54 168 202 209 246 206 
4.55 -3.13 2.61 -3.3500 1.7200 -3.1200 -1.1978 2.0733 0.1922 6.02 -5.62 5.30 164 202 177 170 176 
4.20 -6.93 1.27 1.0400 -1.6900 -2.3000 -0.4744 -5.2311 1.4644 6.69 -6.65 2.65 158 254 146 151 136 
9.20 -8.12 -0.72 4.9200 -0.6500 -1.2700 1.0000 -2.4111 0.1900 6.83 -7.02 0.28 145 305 154 163 139 
8.31 -5.33 2.17 -0.1200 3.3000 7.0100 0.5322 -1.6644 0.4656 6.52 -7.29 0.56 145 291 160 159 142 
8.08 -6.74 -0.23 -0.1700 0.2500 -1.0400 -1.3178 -0.6878 0.1100 6.42 -7.31 -1.14 147 301 163 162 139 
5.87 -6.95 -3.73 -0.6600 0.4200 -1.9400 0.1944 -0.0033 -0.0456 6.34 -7.32 -1.48 146 300 161 165 144 
7.13 -6.76 -2.19 -0.0100 0.2600 -1.1300 1.3333 -0.1311 -0.3689 6.68 -7.15 -0.44 144 293 168 164 145 
9.92 -4.82 5.83 2.7500 1.7500 3.2500 -0.9856 0.9589 0.1956 6.89 -6.94 0.60 157 238 155 166 144 
9.18 -6.17 -1.61 3.4200 1.9700 -2.4600 -4.5811 5.6678 1.5667 5.46 -8.14 0.12 109 220 214 213 179 
5.37 -7.79 -3.52 0.9000 2.1800 -2.2500 -2.5433 3.8989 2.5889 2.80 -9.28 -1.46 108 240 224 225 169 
0.00 -8.04 -4.36 -1.1200 1.1300 -1.1800 -0.7767 0.9967 1.8189 0.05 -9.23 -3.30 109 228 230 220 159 
-3.49 -9.66 -2.91 -2.4600 -0.7300 0.1600 0.3644 -1.3733 -0.8622 -0.34 -9.27 -3.15 102 220 221 216 156 
-1.23 -8.30 -5.00 0.2600 1.5800 -1.6700 1.0444 -4.6133 -3.0722 1.68 -9.39 -2.23 108 211 209 212 156 
5.14 -6.28 -4.72 1.6300 2.5900 -2.4600 1.1022 -4.2656 -2.5311 3.80 -8.61 -2.74 105 204 191 210 155 
6.55 -5.64 -5.07 1.8300 2.4600 -1.8200 1.3500 -2.6289 -1.9789 5.14 -7.69 -3.24 106 206 197 207 152 
8.04 -7.15 -0.69 3.1700 0.5600 2.7100 0.0667 0.4267 -0.5967 6.07 -7.17 -2.78 114 216 191 210 159 
6.68 -5.90 -2.34 -0.4800 1.4200 0.1000 0.7311 2.7867 -3.4756 8.38 -5.07 -0.09 145 216 180 174 174 
10.00 -2.44 2.68 3.0900 -1.5900 -3.1800 -0.6367 5.3833 -3.5067 6.40 -0.41 7.41 161 336 142 148 143 
2.61 1.72 6.83 1.0400 0.6100 -2.7200 1.9511 0.9644 -0.6100 1.44 2.22 9.44 155 342 159 153 147 
5.95 5.76 9.24 4.3700 2.2300 1.0200 1.9167 -1.1811 1.1967 3.23 4.74 7.94 155 342 159 159 151 
5.54 7.94 12.78 1.0900 2.9000 5.6000 -0.2533 -0.0467 2.0400 4.89 4.36 7.29 152 347 161 163 152 
2.77 3.10 8.19 -2.9300 0.6300 -0.2700 -2.0989 0.0622 1.2200 5.35 0.91 8.16 150 342 162 162 153 
1.67 -1.24 4.32 -3.7300 -0.5900 -3.7300 -0.5156 -0.9956 -0.6700 6.12 -0.46 7.64 149 343 172 167 150 
5.11 2.23 1.77 -1.5500 1.6900 -5.3500 1.0400 -1.6933 -2.0989 7.49 1.97 6.00 149 342 168 165 149 
10.16 7.03 2.07 2.5100 2.6200 -0.8500 1.9122 -1.3489 -1.3800 7.67 5.27 3.07 149 332 173 166 150 
11.00 8.37 2.20 4.3500 2.2400 0.5500 1.2089 0.0544 0.1433 7.26 6.37 1.63 147 334 171 168 151 
9.33 7.64 4.28 0.6900 1.9400 2.4800 -0.5989 0.2578 2.3789 8.54 4.37 2.00 143 334 170 170 156 
4.49 2.27 -0.70 -3.3200 -0.1400 -2.4700 -0.0789 0.4611 -0.8011 8.87 3.59 2.12 154 338 173 163 150 
9.33 4.81 1.50 1.2200 1.2200 -0.7500 -0.6311 -0.9433 2.1000 9.48 2.27 1.00 160 198 206 212 181 
3.28 -3.00 -5.12 -3.0300 -0.7400 -1.1700 -1.1056 -6.7489 2.5589 8.29 -1.88 -4.88 165 211 234 250 190 
7.68 -1.93 -8.62 2.1400 -0.0400 -0.7200 -0.8344 -2.8822 1.3933 3.95 -2.03 -8.73 171 219 240 263 197 
0.98 1.47 -17.55 -0.6500 2.5000 -10.5300 -0.9989 -0.4600 0.0700 2.54 -0.13 -9.46 171 235 243 268 198 
3.23 0.09 -9.23 0.5900 0.2300 0.1400 0.0667 0.0333 0.0656 2.64 -0.21 -9.44 171 243 243 270 198 
2.76 0.14 -9.37 -0.1100 0.4400 -0.0300 0.1356 0.3944 -0.1400 2.99 -0.24 -9.33 168 231 237 259 200 
7.50 0.71 -9.55 1.8700 0.6100 -2.2700 0.0544 3.7578 1.4100 7.66 -0.73 -6.07 146 233 234 231 196 
10.03 -0.72 -3.65 4.4000 3.8700 2.2900 -3.3111 4.2567 5.5056 8.22 -5.17 -1.29 107 221 215 200 168 
2.79 -5.49 -3.19 -2.0100 3.3100 -1.3000 -1.7856 1.1078 3.9456 3.36 -8.94 -2.19 109 219 215 207 167 
-0.61 -8.48 -2.62 -1.6300 0.8200 1.0500 -0.3089 -0.3544 1.3422 0.33 -9.15 -3.50 108 220 211 213 172 
-0.84 -9.60 -3.43 -1.6600 -0.6000 -0.7000 0.1522 -2.5456 -1.6022 0.25 -9.07 -3.71 110 219 217 214 171 
-0.29 -7.51 -5.35 -1.0500 1.7900 -2.0600 1.6756 -5.8322 -4.4456 2.81 -8.81 -3.23 111 219 212 210 176 
3.24 -5.80 -6.23 -0.8300 2.0300 -2.7900 1.0811 -3.2200 -2.4456 4.33 -7.84 -3.97 110 220 210 205 186 
8.49 -6.64 -2.45 3.1600 0.2100 1.2700 0.2856 -0.6967 -0.6778 5.00 -7.35 -4.13 112 223 213 209 181 
5.85 -6.50 -2.93 0.9200 1.0300 1.3500 -0.4500 2.0200 -0.4822 5.74 -7.11 -3.55 125 228 220 206 183 
8.77 -6.34 -1.23 1.1400 -1.0800 -0.8200 1.3756 2.2200 -2.5700 8.34 -5.15 0.01 154 187 190 186 182 
6.89 -1.86 0.61 -3.1900 0.7700 -0.2900 -0.4511 0.3900 -2.5589 9.63 -1.01 1.54 172 159 154 147 159 
8.26 0.49 -0.18 -1.4600 0.5900 -1.2400 -0.2778 -1.0056 -1.6889 9.61 1.89 0.35 182 153 155 154 158 
14.15 3.83 -4.17 3.8200 1.0600 -3.3600 0.0856 -0.7533 0.0211 9.39 2.69 -0.83 181 153 144 140 162 
9.88 3.24 -0.40 0.2000 0.7000 0.5800 -0.0589 0.1078 0.1767 9.46 2.40 -0.90 183 156 157 154 166 
;
