2.87 3.91 8.35 0.0500 -0.0700 -0.1500 0.0000 0.0156 -0.0011 2.79 3.97 8.52 165 309 307 300 200 
2.84 3.88 8.35 0.0700 -0.0400 -0.1100 -0.0011 0.0389 -0.0100 2.77 3.97 8.52 162 310 307 301 200 
1.29 4.83 10.79 -1.4200 1.5900 3.7900 -0.5622 -4.1856 1.5389 4.91 3.37 7.79 164 298 251 275 201 
11.09 4.00 4.88 -0.6100 1.5000 -1.0900 -2.1333 -0.6789 5.0567 8.86 -3.52 2.27 165 317 261 263 205 
2.42 -5.52 2.38 -4.6300 1.6100 -1.4700 -3.4989 0.8789 2.8144 4.20 -8.76 1.26 172 332 272 264 198 
2.84 -8.35 -6.90 -1.4500 0.5000 -6.7600 2.7667 -0.5300 0.2956 3.20 -9.05 1.95 183 335 273 250 198 
5.10 2.11 6.15 1.2000 8.2700 1.5000 6.1811 -0.1389 -0.8467 4.45 -3.51 7.99 183 342 275 283 205 
6.31 0.60 17.13 1.0700 4.1200 6.2200 -4.5422 0.2100 1.1067 3.87 -5.22 7.33 182 339 279 272 202 
2.23 -5.99 1.65 -0.8400 1.6900 -2.9700 -4.6233 0.9478 1.0267 1.82 -9.48 1.72 181 339 277 289 207 
0.70 -10.20 -6.87 -0.9200 0.2600 -7.5800 4.2589 -0.8878 -1.0433 2.53 -8.77 3.57 173 298 269 266 204 
4.64 7.13 16.25 2.9200 7.8300 11.0400 4.0456 -0.4678 -1.3767 4.49 -0.43 8.70 166 294 277 256 206 
5.56 -0.63 9.79 0.2200 0.7900 0.6300 -3.0611 -1.6200 1.3511 5.38 -3.10 7.58 4 226 229 220 198 
3.84 -5.60 1.87 -0.1400 1.5800 -4.0500 -5.3111 -4.4478 3.6067 4.22 -8.78 1.04 98 189 175 178 184 
0.96 -8.03 -6.05 -1.6300 0.7400 -2.3300 -0.3011 3.8811 3.3267 -0.55 -9.62 -1.80 103 211 189 182 182 
-2.98 -9.37 -1.32 -1.5800 0.2000 0.6000 -0.1022 -1.0633 -0.3211 -1.37 -9.53 -1.82 7 209 188 180 181 
-2.14 -8.61 -3.58 -1.1200 1.1500 -1.4800 -0.3822 -4.7089 -2.8667 0.87 -9.51 -2.19 105 207 193 182 180 
0.99 -6.91 -6.35 -0.7400 2.2100 -2.8700 0.5333 -5.7067 -3.7833 2.93 -8.56 -3.76 110 209 194 184 182 
4.90 -6.37 -6.47 -0.7300 1.8000 -2.2600 1.0844 -2.0378 -2.1100 4.24 -7.76 -4.22 5 210 190 183 185 
4.15 -7.78 -3.69 -0.2600 -0.2200 0.3900 -0.0789 0.2078 -0.1700 4.55 -7.59 -4.21 7 206 193 182 183 
4.74 -7.61 -3.28 0.6300 0.2400 1.0600 -0.1922 0.4467 -0.2533 4.95 -7.40 -4.09 5 211 199 190 195 
7.98 -9.21 -4.12 0.9400 -1.8000 -1.8100 2.4644 2.4733 -2.8878 7.90 -5.58 -1.55 150 254 201 209 198 
10.85 -3.83 2.55 2.0600 -0.8700 1.0900 0.7322 2.0844 -2.6022 9.18 -1.40 3.13 158 310 195 208 196 
7.67 -1.66 2.33 -0.8900 -0.6000 -3.5200 -0.0156 1.0189 -1.1867 8.57 0.71 4.71 161 270 130 141 139 
5.56 1.20 4.68 -2.7600 0.2400 -1.0900 0.3522 1.5222 -0.8578 6.49 1.91 7.09 145 225 148 140 145 
3.86 3.17 7.33 -0.9300 0.8400 0.4700 -0.1133 0.5856 -1.5778 5.15 2.88 7.82 144 206 162 151 142 
4.84 3.59 7.43 0.1700 -0.1300 -0.9800 -0.8111 -0.1256 -1.0589 4.42 3.00 8.21 144 207 146 153 142 
5.31 3.32 6.56 2.5000 1.0700 -1.0700 -0.6478 -0.1478 -2.1978 4.04 3.13 8.36 135 197 158 153 148 
1.28 -1.70 8.39 -2.7400 -5.9400 0.7000 0.2689 -0.7133 -0.1244 3.57 3.06 8.60 139 201 159 157 144 
4.04 3.26 9.99 0.4000 0.0200 1.2800 -0.2778 0.1978 0.5956 3.58 2.88 8.65 140 205 163 156 153 
3.38 0.90 10.16 -0.2800 -1.0300 -0.3200 -2.4278 1.5411 1.3556 2.25 -0.67 9.52 144 261 152 159 156 
3.74 -4.96 8.32 1.6500 -2.6800 -0.8300 -1.1867 -0.1878 2.2411 1.33 -3.82 8.92 157 279 157 160 158 
3.13 -3.05 7.09 1.4100 1.3900 -1.1200 2.0278 -1.9189 0.8578 3.24 -2.67 8.85 156 258 164 163 159 
3.06 1.37 9.59 -0.3000 1.9300 -0.1900 2.1022 -0.1511 -0.9111 3.77 0.75 9.01 144 205 167 152 155 
3.22 3.47 9.15 -0.5300 1.2900 0.2600 0.6511 -0.5400 -1.8067 4.03 2.83 8.47 138 182 175 161 154 
4.38 4.14 7.98 1.1400 0.6000 -0.2900 -0.2011 -0.5933 -1.5044 3.77 3.93 8.15 119 190 164 162 149 
4.34 4.17 7.82 1.9800 0.3800 -1.0000 -0.5189 -0.2889 -0.7833 3.41 4.16 8.19 128 198 163 166 149 
3.45 3.20 7.25 -0.6400 -1.5300 -1.1700 -0.2967 -0.4611 -0.4422 3.44 3.80 8.35 129 197 161 165 150 
4.12 0.70 9.45 1.4300 -1.7500 0.7500 0.0667 -0.0067 0.1922 3.62 3.74 8.30 132 199 163 167 157 
3.60 3.50 8.30 -0.1700 -0.2700 -0.3600 0.0333 -0.0767 0.2778 3.88 3.54 8.27 132 196 163 173 150 
3.95 2.07 8.79 -1.1100 -1.0100 -0.5700 -2.4644 2.2533 1.3689 2.79 0.90 9.35 158 177 161 157 165 
;
