2.58 4.89 8.19 0.2200 0.2200 -0.1100 -0.0222 0.0711 0.0144 2.27 4.65 8.32 178 281 226 215 185 
2.57 4.82 8.22 0.3000 0.1600 -0.0900 -0.0022 0.0167 0.0111 2.29 4.65 8.32 178 283 225 216 187 
2.21 4.65 8.26 -0.0500 0.0400 -0.0700 0.0133 -0.0500 -0.0122 2.29 4.65 8.32 175 284 226 221 187 
2.18 4.73 8.30 -0.0700 0.0500 -0.0100 0.0011 -0.0189 -0.0033 2.28 4.65 8.32 174 284 230 217 184 
2.30 4.76 8.23 -0.0100 0.1000 0.0000 -0.0044 0.0056 0.0011 2.28 4.66 8.31 176 282 228 217 186 
2.29 4.75 8.23 0.0000 0.0800 -0.0400 -0.0078 0.0133 0.0011 2.27 4.66 8.31 175 282 228 215 187 
2.30 4.73 8.27 0.0300 0.0800 -0.0200 -0.0044 -0.0078 -0.0033 2.27 4.67 8.31 177 285 229 216 185 
2.05 5.57 9.70 -0.1600 0.7700 2.1000 -0.2411 -2.1378 1.1300 4.07 4.18 7.87 175 191 199 198 190 
14.89 2.99 2.58 5.9200 0.3500 -0.0300 2.2267 -3.3867 3.3544 9.73 0.47 1.08 179 156 153 159 172 
6.82 -0.25 0.84 -3.2200 0.5300 -0.4700 1.7644 1.2922 0.3311 9.49 -1.09 2.19 182 157 153 159 159 
4.94 0.67 4.26 -4.3100 1.5600 1.4400 -0.1833 -0.3200 -1.0678 9.53 0.06 2.29 187 156 150 154 153 
14.35 4.78 -3.23 5.3300 1.9800 -7.5400 -0.2889 -0.6944 -1.0711 9.56 2.01 0.76 189 155 155 152 156 
9.70 2.25 1.80 -0.5900 0.2100 1.0200 -0.1144 0.1667 0.1567 9.62 1.82 0.51 186 159 161 161 159 
9.08 2.94 0.72 -0.1000 0.9500 0.1200 -0.7733 -0.0411 0.0111 9.60 1.85 0.67 163 212 175 185 187 
17.67 0.98 0.76 6.1100 -1.0500 -0.8300 2.1411 2.8500 1.2033 9.34 1.43 2.60 179 316 231 231 202 
8.81 2.87 2.97 -1.8000 0.4800 -1.0900 2.0933 1.7389 0.3478 8.62 1.61 4.38 183 341 263 247 202 
3.93 4.52 3.58 -4.0600 2.6700 -0.7700 0.4533 0.7889 -0.7122 7.86 2.80 5.14 183 346 256 267 204 
6.22 7.18 5.35 -0.9300 3.7800 -0.3000 -1.2056 -0.4411 -0.5922 7.42 3.22 5.53 186 336 259 280 206 
7.91 3.84 3.54 0.4000 0.9900 -1.7700 -1.6089 -0.6078 -0.4500 7.82 2.42 5.39 190 314 238 278 206 
10.90 1.84 4.87 0.8800 -0.4800 -0.5200 -2.8156 0.3589 -0.0611 7.90 0.58 5.77 185 217 224 287 204 
7.48 -4.10 2.86 1.0900 -1.9300 -2.1500 -1.7667 0.5689 -0.0556 8.46 -1.78 4.60 184 204 233 288 205 
7.49 -2.67 4.24 -0.8700 -0.0300 -0.0300 0.4244 0.2656 0.0700 8.20 -1.90 5.01 185 209 243 294 207 
8.22 -1.08 5.36 0.1800 0.7200 0.1100 0.0467 -0.1100 0.0267 8.20 -1.77 5.07 185 215 245 291 205 
8.63 -1.52 4.80 0.3600 0.1600 -0.1100 -0.0022 0.0356 0.0156 8.27 -1.72 4.97 186 214 252 292 205 
8.48 -1.51 4.93 0.2000 0.1900 -0.0200 0.0011 0.0611 0.0400 8.24 -1.74 5.01 182 217 254 293 207 
8.08 -1.76 4.81 -0.1600 0.0300 -0.1500 0.0444 0.0278 -0.0100 8.22 -1.80 5.02 184 215 250 292 209 
8.07 -1.69 4.99 -0.0200 0.1100 -0.0200 -0.0778 -0.0533 -0.0200 8.25 -1.81 4.97 184 215 252 283 202 
6.13 -1.38 2.85 -2.1700 1.2400 -2.2000 -0.3922 -0.7556 1.7033 8.07 -2.99 4.68 179 198 204 224 196 
1.39 -3.94 -3.66 -4.3000 1.1000 -3.4200 -0.5456 -6.1400 -0.9200 8.77 -3.74 -2.25 180 192 221 253 200 
9.44 -3.08 -10.79 9.3600 0.6300 -2.3100 -2.7700 -3.1322 -0.0678 2.58 -2.10 -9.22 183 205 237 271 204 
3.15 2.17 -18.04 1.0400 0.4700 -6.9100 -0.2067 -0.0644 0.4633 1.36 0.68 -9.68 188 225 249 286 205 
1.50 0.42 -8.17 -0.0300 0.0000 1.4200 -0.0478 -0.0578 0.1311 1.55 0.33 -9.67 187 226 247 286 205 
2.00 0.26 -9.62 0.8900 0.0800 0.3700 0.2078 0.2767 0.0056 1.65 0.15 -9.66 187 229 248 288 206 
1.96 0.08 -9.95 -0.3400 0.0000 -0.3700 0.3167 0.5289 0.0422 2.33 -0.07 -9.52 187 224 248 288 207 
4.48 0.23 -7.98 -0.3900 0.1100 0.8400 -0.3122 1.5133 0.2000 4.13 -0.08 -8.89 177 211 233 263 203 
14.58 2.39 -6.45 7.8900 0.7300 -1.6700 -3.4411 12.9933 2.4000 9.80 0.21 0.06 176 340 196 191 176 
-0.75 -4.92 2.79 1.0000 0.3500 -3.7700 -0.7567 2.0900 -0.4444 2.38 -4.29 8.48 180 345 172 174 157 
3.25 -6.80 15.92 -0.5200 -3.1400 7.3300 -1.6011 0.1356 2.1922 0.60 -4.80 8.52 183 350 167 179 150 
-3.55 -5.12 7.73 -3.4700 2.4400 0.1200 -2.7644 0.3889 -0.4100 -0.04 -7.95 5.73 186 354 170 178 149 
-0.75 -3.88 2.25 -0.7800 5.1700 -1.7200 -1.1522 1.3922 -1.6633 1.13 -9.15 3.33 186 361 170 184 149 
4.43 -4.98 1.77 2.4300 3.8100 -1.9800 2.0722 1.7444 -1.0844 2.08 -8.22 4.91 185 354 174 190 153 
4.94 -6.11 9.05 3.4600 -0.0500 1.8200 2.7467 0.2811 0.1844 1.50 -5.22 8.15 184 359 180 197 157 
4.04 -4.98 12.50 2.5400 -1.0200 3.7100 0.3667 -0.3822 2.1878 0.89 -3.79 9.00 183 362 182 194 155 
-0.51 -5.44 11.73 -1.8900 -1.1100 2.6200 -1.4122 -0.7933 0.9367 0.97 -4.96 8.40 187 356 183 194 154 
0.31 -3.66 6.14 -0.8000 2.0600 -1.8100 -0.1500 -0.2100 0.1089 1.23 -5.89 7.74 186 353 181 193 153 
5.05 -0.39 2.26 -0.1200 2.9700 -4.8000 5.4644 -8.9067 -2.1100 8.79 -1.50 4.06 167 166 197 217 192 
11.94 1.72 -3.37 1.0900 -0.1700 0.0800 -0.9744 -5.5400 -0.5522 5.79 1.08 -7.83 174 213 225 247 196 
5.30 1.05 -11.07 1.3300 -1.2700 -3.1400 -0.0122 -1.0900 -0.3044 3.49 2.50 -8.81 178 232 223 258 198 
6.66 0.73 -12.19 3.5300 -1.2400 -3.8100 1.8233 0.4789 0.7689 3.61 0.57 -9.09 180 239 239 263 197 
6.48 -1.51 -10.91 0.8100 0.1900 -2.5500 5.0011 3.8889 1.4522 5.99 -4.79 -6.10 189 323 271 271 204 
1.07 -3.36 -2.91 -4.6800 4.7000 -0.3500 1.5933 1.4889 0.2333 6.35 -7.44 -0.53 193 344 282 286 195 
3.81 -4.74 0.84 -2.4900 2.6400 0.8200 -0.9022 0.0944 -0.5278 6.65 -7.20 -0.28 189 328 241 253 197 
10.08 -10.21 -3.66 0.7300 -5.5100 -3.0800 -0.2689 -1.1844 -2.3511 8.95 -3.92 -0.80 165 239 133 155 183 
11.42 -1.43 0.09 1.0200 0.4700 -1.2400 3.6711 2.8989 -1.5700 9.34 -1.25 2.68 163 274 144 142 164 
7.26 2.00 3.75 -1.6800 2.0700 0.2100 1.1378 0.5233 -0.4978 8.98 0.55 3.89 161 278 151 147 159 
8.42 4.25 4.25 -0.3000 2.9400 -0.1500 -0.7911 0.1033 -0.5156 8.81 0.92 4.19 165 283 152 151 158 
10.09 1.75 2.87 1.5000 0.8000 -1.2200 -1.1656 0.1256 -0.7500 8.71 1.08 4.37 163 290 154 155 161 
9.60 -0.73 3.14 0.9500 -2.1900 -2.0900 -0.6356 0.9078 -0.4189 8.16 1.16 5.30 164 298 161 160 164 
6.36 -1.33 7.85 -1.5800 -2.5600 1.9200 0.0589 0.1456 -0.3844 7.65 1.54 5.92 168 302 161 161 163 
6.76 2.44 6.37 -1.3400 0.6200 0.1700 -0.1411 -0.1044 0.5211 7.60 1.41 6.02 167 304 162 161 170 
5.67 1.11 3.76 -1.8300 -0.7900 -3.5700 -4.2767 1.4122 -0.6967 7.37 -1.52 6.28 169 291 187 193 196 
6.24 -3.21 4.14 1.7200 -0.7800 -2.6500 -1.5511 3.2533 -1.7800 4.31 -2.86 8.32 166 275 218 201 198 
;
