4.63 0.96 8.75 -0.1200 0.2600 0.3100 -0.1300 0.3267 -0.1022 4.56 0.82 8.64 169 243 219 205 154 
1.63 0.37 6.94 -2.8500 -0.8500 -1.7300 0.6767 -4.9611 -0.8078 7.64 1.45 5.96 172 200 208 205 173 
9.41 3.60 -5.35 0.2900 0.7800 -4.3200 3.1489 -9.6200 0.0622 7.17 2.17 -6.32 167 181 208 246 192 
4.94 1.79 -8.71 3.9800 0.1000 0.6600 -1.6333 -1.1167 -0.3756 3.53 2.52 -8.79 170 208 223 275 201 
6.60 1.71 -11.58 3.9300 -0.4300 -2.9600 1.6489 0.4333 0.8311 3.09 0.73 -9.27 170 222 231 281 201 
4.32 -0.59 -11.01 0.0900 1.3800 -1.8800 3.1200 2.4411 1.3400 4.79 -3.63 -7.74 174 275 254 284 201 
4.57 -4.12 -3.31 -1.4200 2.5500 1.0200 2.1267 2.2978 1.1367 5.65 -7.55 -2.65 183 323 281 297 203 
3.45 -5.35 -0.45 -1.6500 2.9400 0.5200 0.5756 0.7600 0.2078 5.23 -8.27 -0.46 184 339 292 303 209 
4.66 -6.49 0.64 -0.8200 1.6700 0.5300 -0.0489 0.1567 -0.0833 5.32 -8.23 -0.01 186 342 248 307 205 
5.57 -6.00 0.29 0.1300 2.0600 0.3500 -0.6400 0.9000 -0.9467 6.08 -7.68 -0.06 183 334 280 251 200 
4.96 -5.86 -0.19 -1.2400 1.5200 0.0300 -1.5433 1.3756 -1.9267 7.81 -5.90 0.52 169 271 177 195 183 
9.49 -7.25 -1.74 1.6900 -2.1000 -0.6200 -0.0278 -1.6711 1.0922 7.65 -6.04 -1.03 162 249 145 147 131 
9.52 -8.05 -2.37 4.0300 -0.5000 -0.3400 2.2900 -0.9333 0.4656 6.62 -7.16 -0.96 159 277 155 150 132 
6.15 -6.06 1.26 -0.1600 1.4500 1.2800 1.7122 0.1878 -0.0067 6.38 -7.37 1.04 153 269 156 155 134 
5.45 -6.98 1.43 1.0400 0.4800 0.9000 -1.8667 -0.7822 0.3167 6.11 -7.55 -1.28 159 295 164 164 137 
5.53 -7.41 -3.76 -0.1200 0.1300 -1.2200 0.0056 -0.1133 0.0800 5.85 -7.51 -2.32 159 300 162 175 140 
6.02 -7.23 -2.10 0.7800 0.4900 -0.3200 1.3633 0.3000 -0.5178 6.16 -7.54 -1.10 160 260 168 159 138 
8.52 -5.49 4.66 2.9000 1.5900 2.6700 -0.8411 0.7567 0.1633 6.48 -7.35 0.04 162 260 165 178 147 
11.13 -6.70 -0.07 3.1000 0.8600 -0.8700 -4.3211 5.1189 2.5622 4.95 -8.42 -0.77 159 269 234 230 187 
-0.40 -8.63 -3.81 -1.5200 0.0300 -0.8400 -1.8811 2.1344 1.3178 2.53 -9.18 -2.33 165 311 261 286 190 
1.80 -8.93 -7.92 0.1900 1.3400 -5.1500 1.9300 0.7500 -0.0100 2.70 -9.36 -1.10 163 313 270 297 191 
1.04 -4.41 2.06 -0.0500 4.7600 0.4800 5.1711 -0.1567 -0.6878 3.21 -7.60 5.28 170 318 281 291 191 
6.63 -4.10 13.56 2.0400 1.0200 6.3500 -0.0978 -0.1489 0.0256 3.92 -5.48 7.11 156 321 275 299 191 
4.84 -5.68 6.33 0.8000 2.1000 1.7600 -4.3411 0.0022 1.3711 3.23 -8.83 2.75 173 320 282 278 193 
0.10 -8.24 -3.97 -1.3700 0.9300 -3.1200 -2.6678 -0.3644 0.3511 2.16 -9.26 -2.39 172 325 295 298 187 
1.31 -8.55 -4.92 -0.8800 1.0400 -2.9500 3.3144 0.3689 -0.7289 2.86 -9.37 0.08 173 322 299 300 189 
2.43 -3.93 3.76 -0.7700 4.0500 1.3500 4.6967 0.9667 -1.0000 3.57 -6.68 6.21 173 317 291 299 191 
4.36 -3.84 14.37 0.7500 0.4200 5.4400 -0.1667 -1.1944 -0.3011 4.38 -4.32 7.63 166 290 277 263 193 
6.43 -5.94 2.26 -0.1800 -0.8400 -3.5400 0.8178 -4.6511 0.0833 7.55 -5.01 3.73 167 178 162 166 186 
5.19 -1.21 2.62 -3.7000 1.4500 -0.0800 2.8078 -0.7778 -2.4367 9.33 -1.25 2.73 177 164 154 142 162 
8.44 2.87 3.71 -0.8700 0.9500 1.6100 1.2422 -1.4567 -2.0056 9.38 2.72 0.82 183 161 152 139 160 
9.30 5.60 1.68 2.4400 1.8400 -0.1700 -0.9378 -1.2489 -0.6467 8.72 4.47 -0.01 188 156 156 149 165 
9.81 5.13 -3.16 1.2100 1.1800 -1.6700 0.1067 -0.1111 0.6422 8.91 4.02 -0.72 184 169 165 163 169 
15.08 6.94 0.45 5.5000 4.7600 0.0100 -3.5822 3.9556 4.2922 8.78 -0.51 4.33 175 219 220 198 194 
-0.92 -2.41 3.86 -5.0800 2.3700 -3.1700 -4.8567 2.5956 1.9533 1.20 -7.81 5.80 178 244 238 232 186 
-4.24 -7.36 0.85 -3.3400 1.8500 -1.3600 -2.7578 0.3644 -0.2556 0.51 -9.75 0.86 157 320 281 275 186 
-1.54 -9.40 -2.89 -1.7600 0.8800 -3.2500 0.5278 -0.5067 -1.7100 2.41 -9.50 0.20 181 339 248 288 190 
5.38 -6.55 -2.50 2.2200 3.0600 -3.5000 4.1322 0.5700 -0.1767 3.37 -8.26 4.05 184 339 281 292 192 
2.64 -3.21 14.09 0.7100 2.3300 7.8100 0.6256 -0.9011 -0.2578 3.93 -5.73 6.90 184 343 292 295 190 
5.12 -5.50 8.22 0.9700 1.7600 2.2900 -4.1889 -0.3656 1.0922 3.54 -8.48 3.41 184 346 288 298 190 
1.17 -9.10 -2.43 -1.5600 0.0200 -3.2700 -2.3278 0.4011 0.4478 2.30 -9.50 -0.73 184 345 254 302 193 
1.64 -8.32 -5.62 -0.7800 1.4200 -5.4600 3.6044 -0.3811 -0.4911 2.59 -9.33 1.47 186 340 287 296 193 
4.13 -1.24 9.97 -0.2800 4.0800 6.3400 3.4000 -0.5544 -0.9189 3.89 -5.62 7.02 184 339 301 291 190 
6.20 -5.34 9.65 1.5000 -0.0200 1.5100 -1.8511 -0.4911 0.2789 4.48 -6.21 6.11 186 327 291 276 193 
3.95 -6.89 1.85 -1.3900 0.9000 -2.4000 -1.2622 -3.5900 0.1389 5.63 -7.70 2.23 178 212 187 196 193 
2.97 -7.08 -1.57 -3.8400 -0.3400 -2.5500 3.1544 -2.9900 -2.6833 7.91 -5.69 1.06 164 168 140 157 176 
10.92 -0.69 4.87 -0.3100 1.7900 3.4500 1.0978 0.1856 -2.0378 9.54 -1.02 1.99 184 169 146 156 178 
9.83 1.02 2.00 0.6900 1.2100 1.5400 0.2333 -0.9456 -1.0078 9.75 0.80 0.51 187 170 150 154 174 
11.44 3.40 -1.15 2.3500 1.4200 -2.7700 -0.3022 -0.3056 -0.8378 9.50 2.40 0.05 187 171 153 166 176 
12.29 5.14 0.55 2.9400 2.8900 0.5700 -0.2656 -0.3111 1.6156 9.72 1.25 -0.16 182 224 177 190 187 
12.19 -0.44 -0.12 1.4400 0.9800 0.0100 0.7667 0.2000 4.2500 8.98 -3.88 -0.63 176 289 154 177 161 
3.90 -6.13 1.79 -3.3000 1.8700 2.0700 0.9800 -0.3178 2.6811 5.78 -7.90 0.33 171 292 153 156 146 
1.56 -5.89 0.96 -2.2100 2.7400 0.5200 -0.3756 -0.7011 0.9444 4.02 -8.94 0.05 161 277 156 157 150 
7.40 -12.21 -1.65 4.3400 -3.6400 -2.0400 0.3411 0.0978 0.2044 3.60 -9.11 -0.01 159 280 162 161 147 
4.84 -10.08 -0.76 0.7100 -0.6700 -1.9600 1.6933 1.7422 -0.5156 3.71 -8.67 2.67 163 283 154 163 147 
2.66 -7.42 2.27 -1.3500 0.3800 -2.2000 1.8622 1.9267 -0.7756 3.37 -7.05 5.92 162 296 159 163 148 
0.42 -4.36 6.92 -2.1500 1.3700 -0.8300 1.8933 1.5000 -0.1189 1.96 -4.70 8.37 160 307 160 167 156 
-4.22 1.15 12.16 -4.8600 4.8700 3.1900 -0.5433 -0.6200 -0.3922 1.83 -3.86 8.82 161 311 162 171 151 
1.85 -4.59 6.65 -0.9700 0.8300 -0.6700 -2.4522 -1.5478 -0.7489 3.92 -6.04 6.65 168 309 157 176 159 
3.88 -2.79 0.21 -2.2200 3.4800 -5.5900 -3.1567 1.7122 -4.2133 6.42 -6.47 3.58 166 268 176 197 187 
10.03 -5.87 0.69 6.7700 0.0000 0.2700 1.0367 1.9656 -2.9033 7.73 -1.62 5.80 162 294 154 170 169 
1.72 -1.05 6.17 -1.0400 0.8000 -3.2600 2.7711 -1.0478 -0.5911 6.16 0.90 7.56 154 303 165 178 159 
9.38 6.21 9.24 5.2700 3.4500 3.9600 3.3222 -1.8900 1.4400 7.39 3.65 5.30 161 311 164 179 157 
7.44 4.62 8.58 -1.3100 1.5300 2.8200 -1.0644 0.5600 2.1078 8.39 1.43 4.85 158 327 168 178 154 
2.30 -0.97 2.71 -6.1800 -0.3100 -2.6400 -1.0478 -1.1278 0.4622 8.50 -1.18 4.73 157 330 170 180 154 
5.50 0.91 0.11 -3.2100 1.4900 -3.1700 -0.1000 -1.2522 -2.3222 9.39 0.74 2.72 153 310 171 181 157 
12.44 5.33 -2.98 3.0500 2.2400 -3.4700 1.7444 -1.1933 -2.5400 8.65 4.61 0.01 160 306 173 181 154 
14.93 8.97 1.67 6.5500 3.0300 2.3100 0.9033 0.3089 1.0633 8.37 4.99 -1.08 156 309 176 183 155 
8.24 5.13 2.02 -2.4700 0.6500 1.6200 -0.8011 1.4156 1.3689 9.30 2.94 0.96 157 318 176 182 156 
8.30 2.60 0.81 -0.5000 -0.0100 -0.6600 -0.1389 0.5756 -0.3667 9.12 2.97 1.99 155 322 175 183 155 
8.84 2.92 1.93 -0.1500 0.0100 0.1000 0.0044 -0.0011 -0.1033 9.15 3.01 1.81 153 325 176 188 160 
;
