-0.77 3.70 9.42 1.8800 0.3300 0.6800 0.6489 0.1933 0.1389 -2.07 3.60 8.88 174 352 254 252 199 
-2.49 3.74 9.05 -0.1800 -0.2500 0.2300 0.0300 0.4300 0.1456 -2.70 3.86 8.59 172 352 262 253 199 
-2.46 3.55 8.38 0.2100 -0.2800 -0.1100 0.0078 0.1567 0.0600 -2.85 3.83 8.56 173 351 265 258 201 
-2.80 3.87 8.80 -0.1200 0.2100 0.5900 -0.1389 -0.1189 0.0744 -2.75 3.71 8.64 175 354 257 255 200 
2.00 5.71 19.59 1.2500 3.2800 9.5300 -5.7833 -2.3322 0.6533 1.53 -1.40 9.58 175 372 180 206 198 
0.55 -1.77 4.57 -2.1500 3.2400 -4.2900 -3.3989 -0.3656 0.7233 2.18 -7.23 6.25 170 372 170 192 195 
1.41 -2.76 0.58 -0.6500 5.0800 -4.8800 0.8078 1.3789 -0.1022 1.59 -7.74 5.80 169 372 191 204 197 
5.29 -3.87 6.17 4.4400 2.0800 -0.8600 3.3411 0.4522 0.1000 1.19 -4.77 8.47 172 376 195 209 198 
4.79 -6.50 14.06 4.1700 -2.8200 4.8300 0.2822 -0.2433 1.9900 0.78 -3.32 9.19 174 377 197 213 197 
-1.93 -5.32 13.47 -2.8900 -0.5700 3.8200 -2.4500 -0.3978 1.3456 0.00 -5.80 7.90 172 377 201 215 197 
-3.77 -4.63 7.30 -4.1300 2.8200 0.4500 -2.4822 0.8144 -0.5067 -0.39 -8.27 5.24 173 379 201 215 196 
-2.26 -3.71 2.05 -2.4600 5.8500 -1.9600 -1.1300 1.0000 -1.6978 1.01 -9.23 3.14 168 372 202 217 198 
3.14 -4.06 0.92 1.5500 4.6900 -2.2800 1.6367 1.9444 -1.4044 2.24 -8.45 4.42 166 373 203 218 197 
8.27 -5.76 10.56 4.4400 -0.1000 3.6700 2.3422 0.2400 -0.0133 2.23 -5.85 7.54 168 372 218 225 198 
2.19 -7.71 11.30 -1.2000 -2.0900 2.8800 0.5400 1.0489 0.0967 1.33 -4.66 8.52 168 359 239 263 198 
1.94 -2.28 2.16 1.7400 2.3100 -5.9400 3.9878 2.4956 0.4989 -0.37 -2.62 9.44 170 309 280 324 199 
;
-4.48 3.30 13.01 -0.3900 1.4300 5.3000 3.2022 1.2733 0.0411 -3.33 3.73 8.42 175 322 325 356 205 
-3.67 2.94 6.68 -0.1800 0.3100 -0.8200 0.2244 -0.0533 -0.0200 -3.55 3.96 8.23 176 311 290 358 207 
-3.36 3.72 8.61 0.1500 0.0300 0.2100 -0.1900 0.0644 0.0200 -3.50 3.72 8.36 172 312 300 358 208 
-4.46 4.57 13.04 -0.9700 2.0900 5.2800 -1.8489 -2.6544 0.5422 -1.84 2.80 9.21 175 356 250 248 206 
0.91 -1.41 12.71 -0.5400 -0.4900 1.8900 -4.5422 -2.4844 1.2989 1.56 -3.45 9.04 173 368 178 191 198 
0.27 -2.16 2.11 -1.9600 4.7300 -4.9200 -1.5900 0.1633 0.3144 1.84 -7.36 6.20 173 369 180 197 197 
4.29 -2.69 2.51 2.2800 3.2400 -2.6500 2.2933 0.2711 0.6589 1.58 -6.23 7.40 174 370 187 204 199 
2.75 -8.55 14.70 0.3500 -3.9700 6.9900 0.2011 -0.7211 2.3967 0.67 -4.89 8.47 174 373 197 210 198 
-2.24 -7.04 9.25 -2.0000 -1.0400 1.2600 -2.1778 0.4889 1.2100 -0.89 -7.01 6.79 174 370 197 213 198 
-4.20 -5.23 5.62 -3.0500 2.7300 0.3400 -1.3333 0.6700 -0.7078 -1.03 -8.58 4.62 173 371 200 216 199 
-2.35 -4.33 2.48 -2.2100 4.9200 -1.0100 -1.1478 0.8844 -1.6722 0.55 -9.38 2.78 175 368 207 218 199 
0.85 -4.38 2.43 -0.5500 4.4900 -0.7500 0.3233 1.8000 -1.7978 2.32 -8.98 3.16 173 365 207 217 199 
7.44 -2.86 3.84 5.0900 5.3100 -0.6800 3.1389 0.0622 -0.9100 3.23 -6.80 6.27 174 363 208 218 198 
5.74 -10.33 15.26 1.4600 -4.2000 6.5500 -0.5022 0.0678 0.7522 3.15 -5.64 7.37 173 362 214 222 199 
1.35 -2.83 2.25 -0.9400 3.6000 -6.2100 0.8256 1.4056 0.0000 1.89 -5.78 7.68 173 305 248 280 200 
;
-0.61 -1.22 4.87 -1.7800 2.3800 -2.1400 6.0156 3.0600 -0.2000 -1.24 -0.43 9.71 177 329 301 337 200 
-2.65 7.50 13.53 4.4300 11.5200 18.9000 -3.7133 -1.1000 0.2678 -2.71 3.17 8.87 176 314 314 354 207 
-2.55 4.16 9.19 0.3700 0.9500 1.8100 -0.0611 -0.2867 0.2578 -2.56 3.43 8.81 177 331 288 340 209 
2.84 4.87 17.92 2.3600 3.4700 7.9700 -4.4178 -1.9911 1.7622 0.74 -0.32 9.77 175 370 223 244 206 
-0.79 -2.40 1.77 -3.1100 3.1000 -6.6800 -3.5089 -0.5633 1.1967 1.52 -7.29 6.37 175 370 180 194 202 
-0.25 -1.55 2.40 -1.5800 5.5000 -4.0500 0.5633 0.6400 -0.1567 1.32 -7.50 6.16 174 369 190 201 201 
1.91 -4.46 3.68 1.3600 1.1700 -1.9100 3.6500 0.1144 -0.0544 1.08 -4.95 8.39 174 369 196 211 201 
3.67 -7.03 15.62 2.4300 -4.0800 6.6900 1.1067 0.1233 2.2367 0.32 -2.53 9.46 173 371 205 217 202 
-2.08 -3.77 14.68 -1.9800 0.8900 4.7300 -3.2467 -0.3300 1.5567 -0.37 -5.53 8.08 174 371 207 219 202 
-3.75 -3.98 6.07 -3.5100 3.5700 -0.2500 -2.1100 0.0011 -0.5322 -0.22 -8.19 5.38 171 370 209 220 203 
-1.98 -4.90 2.56 -2.1100 3.8800 -1.6200 -0.9822 1.0189 -1.4989 0.88 -9.14 3.43 173 367 208 220 202 
1.60 -2.61 2.25 0.1800 6.2500 -1.7900 0.3278 1.0300 -1.6367 2.73 -8.61 3.80 174 359 209 220 202 
9.28 -7.68 5.91 6.4500 -1.6500 2.0400 2.3467 0.0933 -0.4633 3.44 -6.69 6.28 174 361 210 223 200 
3.91 -8.47 11.15 0.6000 -1.8300 3.2300 -0.3122 -0.1100 0.3967 3.15 -6.11 6.98 175 352 220 231 202 
2.06 -4.14 4.20 -0.3500 2.8000 -3.1500 0.2533 1.6733 -0.6722 2.57 -6.14 7.19 174 291 277 293 204 
-0.04 -1.21 1.61 -2.0100 3.8100 -3.9800 6.1411 4.4167 -0.4656 -1.08 -0.91 9.70 177 328 316 345 201 
;
-1.47 7.55 15.73 1.4800 5.6400 8.9700 3.4500 0.9156 -0.3567 -3.15 4.69 8.01 180 346 318 363 207 
-2.44 4.03 6.92 0.0000 0.2400 -1.7400 -0.2600 0.8022 -0.1533 -3.06 4.07 8.37 180 341 336 361 210 
-2.59 3.67 9.86 -0.2000 -0.0800 1.4700 -0.3800 -0.3178 0.0644 -2.68 3.64 8.69 179 354 309 338 209 
2.86 4.48 16.28 3.0700 2.6900 5.8300 -4.7778 -1.4578 1.6167 0.49 -0.52 9.77 176 370 202 217 205 
0.65 -2.06 3.29 -1.2600 3.1000 -5.5800 -2.6078 -1.2356 1.4567 2.27 -6.45 7.02 175 365 177 189 197 
0.02 -1.36 1.50 -1.0800 5.4700 -4.5000 1.1967 0.1511 -0.0356 2.15 -6.51 7.00 176 370 183 192 197 
5.57 -4.02 13.35 4.3700 -1.0800 6.7400 2.0222 0.1311 1.0933 1.46 -3.45 9.05 177 374 188 199 197 
1.81 -6.68 15.60 0.2100 -3.0300 6.1000 -1.6322 -0.3989 2.1511 0.78 -4.35 8.75 176 378 190 202 196 
-1.84 -4.05 9.71 -2.3900 2.8800 2.1200 -2.6067 -0.3044 0.6456 -0.07 -7.35 6.49 176 377 191 203 197 
-3.03 -3.73 4.60 -3.3600 4.4400 -0.3600 -1.5400 0.8322 -0.9667 0.19 -8.98 3.93 176 378 193 205 197 
-0.16 -3.81 2.65 -0.5000 5.1200 -0.8400 -0.1567 1.5167 -1.7567 1.83 -9.05 3.29 176 374 194 206 197 
4.70 -3.07 3.56 2.2900 4.7100 -0.8200 1.4767 1.0056 -1.6689 3.22 -7.79 4.99 176 373 196 206 197 
11.20 -8.30 10.82 6.9400 -2.6800 4.9000 1.7411 0.1300 0.8322 3.46 -5.40 7.41 176 372 207 216 198 
0.88 -7.16 8.80 -1.7300 -1.4100 0.5600 0.0267 1.4767 -0.3044 2.14 -5.39 7.90 176 344 246 266 201 
0.05 -3.28 3.17 -1.2700 2.3200 -5.6100 1.6211 0.4144 -0.4844 1.23 -4.49 8.62 176 310 285 320 202 
;
