1.75 -0.82 4.35 -0.2000 0.1900 -5.2800 -0.9100 0.0778 0.2767 2.14 -1.48 9.45 199 347 310 306 231 
2.33 -0.56 9.46 0.9100 0.4900 0.7100 1.2911 0.2356 -0.3122 1.54 -0.37 9.67 200 365 307 276 231 
2.41 -1.35 15.11 2.1500 0.7200 2.5200 -6.1178 -0.3689 0.2522 1.39 -5.74 7.82 196 335 198 215 225 
1.00 -4.76 0.44 -1.0500 3.1100 -5.1100 -1.2511 0.5589 -0.5278 1.57 -8.11 5.27 194 325 189 209 222 
1.15 -4.15 2.48 -0.5600 4.1200 -2.8100 2.8611 0.6800 -1.1356 2.31 -6.92 6.54 193 337 188 217 220 
7.21 -4.34 13.27 5.5900 -0.8900 5.5500 2.5233 -0.5911 1.2256 2.20 -3.22 8.99 182 341 197 226 221 
1.39 -6.03 12.74 -0.1500 -2.5700 3.7900 -0.6044 -1.0967 2.4778 2.22 -3.88 8.72 187 341 206 234 222 
-0.60 -4.85 10.02 -2.4800 1.3200 2.0800 -1.7022 0.1444 0.8400 1.06 -6.28 7.45 193 340 212 238 221 
-1.12 -4.09 6.76 -1.9600 3.4300 -0.1100 -1.9156 0.4867 -0.3978 0.89 -8.25 5.22 187 328 216 239 222 
-0.47 -4.76 3.17 -1.7800 4.6100 -0.8800 -0.7189 1.0033 -1.7767 2.07 -8.75 3.89 191 317 215 239 221 
4.49 -2.24 1.89 2.3700 5.5900 -1.9500 1.0111 1.5522 -1.5400 3.49 -7.73 4.91 191 313 217 239 222 
7.88 -9.92 7.97 4.9800 -3.8900 2.9600 2.1444 -0.4033 -0.2978 3.72 -5.89 6.89 192 330 241 243 222 
5.86 -8.30 4.82 -0.3000 -3.4900 -2.1100 3.8367 -6.3044 0.0433 7.71 -3.83 4.68 193 319 252 246 223 
11.64 -3.53 -1.77 1.4400 0.0300 -3.5400 4.9889 -2.6944 1.2178 9.26 -3.15 0.61 200 313 190 211 223 
9.60 -0.53 -0.88 0.6300 4.1500 -1.6200 3.1622 0.2278 0.9911 8.92 -3.64 1.77 201 337 189 197 216 
6.08 0.69 3.41 -2.5500 4.4500 0.1000 -0.3122 2.0722 0.1511 8.06 -4.08 3.80 202 365 193 199 216 
6.37 -3.28 2.09 -0.4500 1.4000 -2.0600 -1.1156 1.5722 -0.5311 7.26 -4.76 4.54 206 384 209 210 221 
5.08 -6.95 4.28 -1.8900 -1.8000 -0.2800 -0.3578 -0.0311 0.5789 6.64 -5.61 4.53 205 368 219 221 223 
5.14 -4.86 6.10 -0.8300 1.2300 1.5300 -0.2622 -0.1422 0.3467 6.26 -5.86 4.74 204 352 231 225 223 
-0.15 -3.12 1.94 -7.1200 3.5600 -2.7100 -2.7500 0.9089 -1.1867 6.30 -6.68 3.42 199 299 221 229 222 
1.60 -2.41 1.17 -4.7800 2.7800 -4.7200 4.2544 4.7711 -4.0311 4.09 -2.53 8.54 202 311 303 295 226 
10.01 5.09 18.24 5.0800 2.8800 8.4000 1.2556 -0.0111 -0.3611 3.24 2.90 8.78 203 311 335 317 226 
;
