6.65 0.96 6.93 -0.0100 -0.0700 -0.1800 -0.0156 0.0511 -0.0011 6.71 0.94 7.08 175 250 262 234 176 
6.71 1.00 7.68 0.2100 0.0600 1.0500 -0.1844 0.0756 0.0133 6.61 0.88 7.18 176 253 257 233 177 
7.38 1.35 12.22 0.9900 0.7200 3.5500 -3.8022 -0.3933 0.0678 6.37 -2.12 7.14 167 336 191 196 177 
4.23 -4.01 2.25 -0.2800 3.1700 -3.6800 -2.9578 1.5378 0.6600 4.52 -6.45 5.83 174 355 165 170 173 
3.90 -2.01 3.49 -0.7500 4.0100 -1.9800 0.4511 1.5400 -0.7856 3.83 -6.68 6.05 170 356 164 167 174 
7.29 -3.98 6.67 2.6900 0.1600 -0.1900 1.8344 -0.2967 -1.2022 4.88 -4.13 7.43 172 357 158 170 171 
8.70 -6.92 8.36 2.9700 -3.5400 1.8500 1.1911 -1.0389 1.3356 6.10 -2.99 7.07 173 357 155 175 175 
7.33 -5.91 8.40 1.8000 -1.3600 1.6700 -0.4733 -0.6000 2.6500 5.56 -5.25 6.12 173 356 159 174 175 
2.08 -5.18 7.49 -2.2400 1.3200 1.9900 -1.3033 0.4756 1.4956 3.43 -7.63 5.10 171 362 162 178 174 
1.47 -6.39 6.50 -1.5400 1.9700 1.8700 -1.5756 1.1344 0.0333 2.27 -8.85 3.56 170 359 160 179 177 
1.47 -5.82 2.85 -0.4600 3.1100 0.0900 -0.9744 1.2989 -0.7022 2.37 -9.21 2.34 168 361 167 181 175 
3.54 -6.34 2.19 0.6500 2.8500 -0.1500 -0.1611 1.1689 -1.3267 3.45 -8.85 2.41 172 361 168 181 174 
6.17 -4.32 0.34 1.6200 3.8700 -2.7600 1.6589 -0.2200 -2.2156 5.66 -7.07 3.75 170 361 166 182 175 
9.15 -9.08 6.16 3.1200 -3.5900 2.1300 1.5167 -0.5111 -0.4211 6.74 -4.85 5.21 170 360 170 187 177 
7.79 -5.12 4.14 1.8500 -0.2600 -1.0100 1.4589 -5.8322 -0.4611 8.93 -3.62 1.78 170 338 183 190 178 
11.04 -2.08 -5.63 3.0800 0.6800 -2.4500 2.6256 -4.9511 0.6167 7.15 -4.10 -5.30 154 336 181 187 173 
6.31 -3.34 -3.92 -0.0500 2.9400 0.7900 3.4156 0.9867 0.9100 5.65 -7.36 -3.15 140 335 178 183 174 
7.70 -6.84 3.05 2.1800 1.3300 3.4300 -1.7344 1.4311 0.0544 5.68 -7.61 -2.40 138 346 182 185 171 
5.16 -6.54 -5.53 -0.1300 0.3800 -2.3200 -1.2244 -0.6167 0.1222 5.28 -6.56 -5.00 142 342 184 188 174 
4.81 -6.01 -7.26 -0.3400 0.4900 -1.6400 0.9522 0.1644 -0.2344 5.19 -6.68 -4.94 141 340 182 185 173 
1.39 -3.16 10.26 -4.6900 4.5100 12.3500 -0.9300 -2.0300 0.0056 5.94 -7.34 -2.61 142 341 183 189 173 
8.43 -6.01 1.14 1.5700 1.1800 3.4900 -1.7322 3.6033 0.5778 6.23 -7.45 -1.33 163 312 213 201 171 
8.43 -5.50 -2.69 1.0300 0.9200 -1.9200 -3.1400 2.8344 1.8967 5.19 -8.08 -1.97 166 312 248 238 176 
3.83 -7.34 -6.47 -0.4400 1.1500 -3.2600 -0.2733 0.7667 0.4578 4.42 -8.38 -2.50 169 317 272 249 176 
3.95 -8.51 -4.57 -0.5900 0.8300 -3.6900 2.1411 0.2333 0.5333 4.01 -8.93 -0.49 169 318 270 255 180 
1.23 -2.40 1.68 -1.8800 5.6600 -2.1700 5.6878 1.1333 0.8544 2.35 -6.92 6.53 170 317 275 248 177 
2.09 -0.01 9.60 1.3800 2.9000 1.4100 4.8733 1.9678 0.5978 0.71 -0.55 9.76 172 313 265 249 178 
1.21 1.50 16.89 0.4000 -0.1300 5.9800 -0.2933 -0.4322 -0.5511 0.72 1.33 9.68 173 309 263 246 179 
0.24 0.38 9.73 -0.4500 -0.4500 -0.1000 -0.1667 -0.0756 -0.1278 0.80 0.78 9.74 173 309 263 245 179 
;
