0.34 6.87 7.14 -0.0400 0.0200 0.1200 0.0533 0.0211 -0.0733 0.36 6.88 6.97 202 337 335 352 236 
0.64 6.76 6.52 -0.0800 -0.2700 -0.4900 0.0311 0.3056 0.0611 0.20 6.88 6.98 202 337 335 354 236 
-0.58 8.95 10.02 -0.8200 2.6600 3.5000 -1.8278 -2.2456 0.3378 1.38 5.80 7.78 202 358 329 301 233 
1.17 2.30 13.08 -0.5200 1.2500 2.3900 -7.3889 -0.9189 -0.5967 2.06 -3.52 8.91 192 380 204 209 223 
0.50 -3.84 1.39 -1.2100 4.2600 -5.2600 -2.7289 0.7833 -0.4733 1.36 -8.34 4.96 193 378 192 204 223 
1.40 -2.47 3.20 0.0100 5.6300 -1.5700 1.1511 0.7544 0.0922 1.00 -7.86 5.77 193 381 201 212 222 
3.35 -3.69 6.59 3.3800 1.6900 0.6200 3.4122 -0.1689 0.0967 0.84 -4.93 8.43 195 395 208 221 223 
1.20 -6.85 16.12 -0.2800 -4.4600 6.8000 0.3178 -1.0911 1.7067 1.65 -2.62 9.30 195 395 209 225 223 
0.73 -6.35 11.50 -1.1000 -2.5400 3.4000 -1.9656 0.6667 1.4456 0.70 -5.22 8.26 196 393 215 231 223 
-2.30 -4.37 7.24 -2.8100 3.0500 0.1900 -1.9778 0.3044 -0.2789 0.36 -7.66 6.10 195 391 217 232 223 
-2.04 -4.28 5.04 -2.1700 4.0200 -0.3700 -1.1100 1.3900 -1.4422 0.95 -8.60 4.61 195 391 218 231 222 
1.67 -4.64 3.73 0.3300 4.5900 -0.6100 0.5989 1.2100 -0.9989 1.55 -8.27 5.02 196 385 219 233 225 
5.29 -7.29 5.66 3.5600 -1.2700 -0.3000 2.0667 0.0478 -0.0189 1.64 -6.63 7.02 194 371 244 236 224 
3.34 -9.22 13.65 2.0000 -2.5000 4.6900 -0.5911 0.3033 1.6278 0.64 -6.02 7.70 195 282 277 251 224 
2.38 -5.41 6.34 4.4500 1.6800 -3.7600 -0.2744 0.2278 4.6300 -3.35 -5.86 7.10 187 177 189 203 216 
-6.08 2.57 1.44 0.3600 5.1100 -4.7600 3.1622 1.4144 3.6700 -7.39 -0.07 6.44 192 175 181 196 207 
-11.06 3.71 7.97 -3.6000 0.8800 2.0100 0.6078 0.0356 0.3189 -7.60 2.87 5.48 194 180 187 198 208 
-9.44 3.54 6.74 -1.8200 0.0900 1.2900 0.2689 -0.2544 -0.0178 -7.40 3.35 5.48 193 192 193 203 210 
-7.59 3.85 4.41 -1.1600 0.6900 -1.9900 -0.7944 -2.8300 0.3611 -6.05 3.09 7.06 195 276 282 284 223 
0.25 3.86 2.69 3.8000 1.2100 -5.4200 0.4811 -5.6822 -2.7989 -0.08 2.97 9.34 203 318 332 346 227 
5.81 3.01 12.11 1.7000 -1.6800 2.4900 0.5189 2.0944 -1.3822 0.49 4.47 8.71 206 323 324 380 231 
;
