5.23 -1.27 8.10 -0.1600 0.0800 -0.0400 0.0167 -0.0833 -0.0178 5.25 -1.37 8.16 173 248 251 240 188 
5.17 -1.34 8.09 -0.0400 0.1100 -0.0500 -0.0122 -0.0311 0.0067 5.27 -1.37 8.15 169 253 248 240 189 
5.40 -1.88 8.93 1.0700 -0.9000 1.3400 -0.3356 -0.7900 -0.4700 5.77 -1.36 7.80 173 255 246 238 188 
6.85 -3.56 11.07 0.0200 -0.6600 2.7800 -2.8733 -0.1500 0.6889 6.03 -4.16 6.50 171 301 220 219 188 
4.17 -2.54 3.49 -1.5000 3.7500 -2.1000 -2.4556 2.3244 0.3922 4.55 -6.95 5.20 167 332 168 185 186 
1.13 -2.14 1.08 -2.0700 5.5500 -3.9200 1.8522 1.0489 -1.3400 3.74 -6.43 6.38 170 326 155 172 178 
9.75 -4.07 10.43 6.2600 -1.7000 2.9100 2.4700 -0.4467 -0.4256 4.44 -2.72 8.30 171 327 166 178 179 
6.57 -6.00 11.02 0.9100 -3.0600 2.2800 0.2200 -1.1333 2.3078 5.11 -2.84 7.86 172 323 170 184 178 
4.34 -4.30 10.47 -0.9200 0.4600 2.7800 -1.4956 0.6600 2.2289 3.59 -5.75 7.07 172 325 167 184 180 
1.34 -5.22 7.88 -1.5600 1.8200 1.3100 -1.8500 1.1833 0.5911 1.94 -7.76 5.65 172 328 170 189 182 
0.54 -5.23 5.09 -1.0700 3.6400 0.1100 -1.2489 0.9444 -0.9100 1.77 -8.62 4.31 172 326 171 188 182 
2.66 -4.01 2.35 0.4700 4.4100 -1.8000 -0.2589 1.1411 -1.4656 3.00 -8.52 3.80 172 326 172 188 183 
5.95 -3.65 0.86 2.1400 2.5500 -3.9600 2.0833 0.8033 -2.1322 4.90 -6.38 5.60 171 321 172 189 181 
10.53 -9.70 11.32 4.6200 -5.9500 4.6200 1.0978 -0.0556 0.5478 5.66 -3.94 6.96 170 324 173 188 182 
4.74 -4.34 5.94 -0.2600 0.9000 -0.7800 -0.4878 -0.1189 0.4000 5.27 -4.93 6.62 172 319 177 192 181 
4.95 -3.85 5.71 -1.4000 0.4500 -0.9800 0.9233 -1.8367 -0.1956 6.35 -4.45 5.99 173 265 205 209 183 
6.41 -4.78 5.37 -0.7700 -0.6700 -0.6300 1.0111 -0.3633 0.5967 6.60 -4.04 6.01 173 239 215 216 185 
8.70 -5.06 6.27 3.1000 -1.6100 -0.3900 0.7522 1.4111 1.6944 5.52 -4.30 6.86 172 186 181 187 183 
-0.26 -3.39 2.80 -0.8800 2.2800 -6.1600 2.7322 3.0978 3.2056 -1.22 -3.39 9.11 174 155 155 171 176 
-0.63 4.41 10.82 1.2000 0.9100 1.0200 2.3356 1.0044 1.1411 -3.57 2.35 8.82 177 160 157 176 177 
-5.85 2.72 12.61 -2.1000 0.5200 3.4300 -0.4989 -1.4256 -1.1422 -2.57 2.21 9.20 177 170 161 179 177 
-2.48 2.71 8.96 -3.2900 0.3600 -0.7600 1.1233 -5.8989 -1.0200 3.00 2.86 8.88 174 219 207 208 181 
9.74 2.69 0.86 2.4400 0.3700 -2.1200 -1.2767 -4.3933 0.6289 9.32 2.12 2.18 174 228 214 214 182 
13.03 1.40 3.78 2.2900 -0.7600 1.8200 -0.2311 1.2178 0.3033 9.15 1.79 3.01 175 234 209 217 184 
11.73 0.70 2.66 3.7800 0.3100 -4.4500 -0.9500 8.9767 3.0422 3.27 -0.84 9.20 174 183 173 188 185 
-2.76 2.57 2.68 2.1500 2.6900 -6.8100 2.3756 3.1244 1.3222 -4.56 0.80 8.64 175 156 155 173 185 
-5.53 2.92 10.97 -0.6700 0.7700 4.0700 0.4589 -0.0222 0.0444 -5.46 2.79 7.64 172 161 160 179 184 
-6.44 2.08 8.47 -0.9800 -0.2200 1.1100 -0.0822 -0.7044 -0.3800 -5.05 2.56 8.00 173 176 165 184 187 
-2.98 3.99 6.51 -0.2800 1.0700 -3.5100 1.3233 -8.0811 -0.2033 1.98 4.29 8.58 175 234 212 219 187 
;
