0.07 6.16 8.93 -0.3000 0.2500 1.3700 -0.1178 -1.1378 0.3289 1.03 5.90 7.75 178 339 284 254 204 
2.77 6.34 13.68 1.0900 2.2500 4.3200 -4.4422 0.3667 -0.1433 1.62 1.76 9.50 176 361 247 222 198 
1.91 -0.23 5.12 0.5400 4.1900 -5.1600 -5.4222 0.0800 0.1778 1.72 -6.00 7.56 174 369 193 195 194 
0.41 -1.01 3.68 -0.8400 6.1900 -2.5900 0.4744 0.2711 -0.9956 2.04 -6.66 6.89 173 291 162 190 191 
7.09 -3.85 8.29 5.4100 1.1100 1.5700 3.1644 -0.4144 -0.4589 2.97 -3.81 8.52 177 292 170 191 191 
4.23 -6.79 13.31 1.1400 -4.5100 4.4700 0.8622 -1.0433 1.8667 3.62 -2.25 8.82 176 299 177 201 193 
3.41 -4.51 11.81 0.8900 -1.2800 3.0700 -1.7544 -0.0867 2.2711 2.84 -5.00 7.93 176 302 182 206 195 
-2.78 -4.44 7.45 -4.5700 2.9600 0.1000 -2.7044 0.6456 -0.3178 1.60 -8.14 5.21 175 297 186 210 195 
-0.08 -3.99 4.72 -1.5900 4.8600 0.3100 -1.2344 1.4067 -1.6811 2.50 -8.82 3.47 173 300 188 211 195 
3.89 -3.63 2.19 0.4600 5.6900 -1.7700 1.3344 1.0989 -1.6133 3.99 -7.73 4.51 174 297 188 212 193 
9.20 -4.39 5.66 3.7800 0.0800 0.3600 4.0189 0.4600 -0.0067 3.83 -4.89 7.58 175 313 200 216 193 
3.63 -7.06 11.76 1.2700 -2.5800 1.5700 1.4133 -1.1922 -0.1267 4.16 -2.30 8.57 168 308 229 231 195 
0.94 -1.25 8.40 -1.6400 1.1100 0.8100 1.7889 -1.2911 0.8033 3.73 -0.91 9.01 164 284 263 256 196 
5.91 -0.22 9.44 1.4200 -0.5400 1.5000 0.7100 -0.3089 -0.0444 4.67 0.21 8.61 176 293 276 261 195 
8.28 -1.03 14.86 1.5300 0.3100 6.9600 -4.2756 -2.2744 1.2011 7.11 -3.04 6.02 126 307 287 278 198 
6.45 -4.13 -0.87 -0.6000 2.2200 -3.3000 -2.4400 -2.6300 2.6333 6.26 -7.54 -0.03 174 303 296 297 199 
4.73 -5.47 -5.48 -0.4400 3.1200 -5.7300 2.7211 0.3178 1.6611 3.68 -9.03 1.01 172 282 297 299 199 
-1.07 2.41 6.03 -4.0900 8.5100 3.0400 5.6778 1.5211 -0.2144 2.14 -3.81 8.77 174 304 302 297 200 
3.23 -1.56 16.83 1.0500 2.9800 5.2800 -4.5433 -0.1556 -0.7489 2.45 -5.98 7.36 174 309 304 296 200 
1.53 -5.96 -1.81 -0.2300 2.1400 -5.3400 -3.5178 -1.6700 0.1478 2.91 -9.31 0.98 173 295 302 297 200 
3.67 -8.98 -10.89 1.3000 2.2500 -6.6700 5.9022 -0.0544 -0.3489 3.05 -8.90 2.73 175 271 298 294 200 
6.15 0.23 16.96 1.6500 4.7800 11.8500 2.5656 0.8944 -0.1311 3.30 -4.29 8.17 177 308 305 285 200 
4.29 -1.50 10.83 0.1300 4.6000 3.0600 -4.3600 0.1033 -0.2722 3.82 -7.32 5.28 178 297 304 271 198 
2.59 -4.16 -4.06 -2.3300 4.2400 -5.1200 -4.4800 -1.4933 -0.9422 5.01 -8.17 -2.05 171 253 250 245 195 
5.99 -2.78 -4.87 -0.3900 3.8200 -3.1900 2.1800 2.0478 -3.2556 8.38 -5.07 0.12 170 256 239 251 195 
10.09 -1.29 5.25 2.6300 1.0400 2.4100 5.6722 4.7389 0.2044 6.59 -1.00 7.18 172 265 276 266 197 
-0.12 3.65 13.41 -1.0700 0.5900 3.2300 1.6678 0.0833 0.0678 3.08 3.04 8.79 174 275 286 273 203 
;
1.61 4.56 8.31 -0.1600 0.0300 -0.0200 -0.6933 -0.1944 -0.0167 1.94 4.29 8.59 175 314 259 243 205 
6.11 4.37 18.90 0.7800 0.4800 7.7600 -4.4556 -0.2211 0.5111 3.04 0.75 9.29 175 354 248 237 203 
5.14 1.82 5.49 -0.2200 5.7600 -3.8600 -5.0344 1.8189 0.6967 2.89 -5.84 7.32 170 344 213 225 203 
0.02 -1.65 0.55 -2.7100 6.4700 -4.3900 0.5278 0.6889 -1.0811 2.87 -7.25 5.94 171 230 176 215 200 
6.96 -3.13 6.33 5.8100 1.9800 1.2900 5.1911 -0.3256 -0.5922 3.32 -2.78 8.79 175 310 205 227 200 
3.14 -6.73 16.42 -2.0100 -5.0000 7.4200 -0.1489 -1.6067 2.2078 4.36 -1.87 8.57 173 357 219 231 200 
1.83 -2.86 10.68 -2.5500 1.9900 2.0500 -2.4456 0.2633 1.8478 2.73 -5.73 7.47 175 365 226 235 202 
-1.20 -3.95 6.58 -3.1100 4.2000 0.2300 -2.4711 1.3622 -0.8200 1.72 -8.22 5.05 173 364 226 236 201 
0.95 -2.30 1.52 -1.4200 6.4200 -2.6000 -0.3756 0.8989 -1.8967 3.38 -8.33 3.89 173 356 226 236 200 
7.39 -2.11 3.31 3.4900 5.1400 -1.8400 2.4178 0.2878 -1.1733 4.58 -6.18 6.07 170 331 217 233 199 
6.88 -6.35 14.21 2.6600 -3.4400 5.8700 3.2678 1.2733 0.3122 3.87 -1.57 8.87 168 313 248 253 201 
2.73 -1.26 7.96 -1.2900 0.2000 -0.5400 1.2078 0.2111 0.4822 3.19 -0.46 9.25 170 292 257 255 200 
4.77 -2.38 16.48 0.3300 -2.3600 7.3200 -2.0011 -3.6756 0.7944 5.77 -1.28 7.81 172 312 278 277 201 
8.81 -2.51 4.19 0.5600 2.1700 -1.4500 -3.4611 -2.8900 2.4400 7.07 -6.30 2.50 173 314 280 303 201 
2.99 -3.47 -4.42 -1.6400 4.7800 -4.9200 0.1089 -1.6267 1.3356 4.78 -8.55 -0.26 172 302 297 311 202 
0.39 -2.53 -3.27 -2.8200 7.0300 -2.9000 6.2889 0.5244 -0.2133 3.45 -6.64 6.32 175 313 302 308 203 
4.88 -4.51 17.36 1.5300 1.2300 9.0500 -3.6456 0.2367 -0.3167 3.58 -6.56 6.34 175 317 307 308 203 
3.43 -4.84 -2.14 -0.6900 3.4300 -5.3600 -4.3467 -1.6622 0.3378 3.78 -9.03 -0.45 174 295 304 304 201 
1.15 -6.92 -12.30 -2.6800 4.4400 -9.8000 5.8244 -1.3422 -0.8622 4.00 -8.68 2.15 174 277 299 298 203 
10.26 1.67 19.87 4.7700 5.6500 13.7600 2.3944 0.3044 -0.4556 5.32 -3.52 7.44 176 297 308 291 202 
6.32 -2.27 11.73 1.3000 3.1100 4.3300 -4.0856 0.5100 0.5689 4.96 -6.18 5.77 175 300 306 283 201 
3.00 -3.88 -2.23 -0.8700 4.1200 -4.0500 -4.1911 -1.3922 0.1722 4.60 -8.64 -0.58 172 264 287 269 198 
3.98 -6.71 -6.89 -0.3800 1.7200 -4.2200 1.1089 1.3000 -1.3844 5.93 -7.75 -0.92 167 262 279 262 198 
4.86 -3.05 0.96 -1.3800 3.3700 -1.2900 3.2978 3.0056 -2.3444 7.17 -4.64 4.80 170 270 278 263 199 
9.53 0.44 9.69 1.9700 0.9000 4.3800 2.8522 6.4444 -0.0011 3.42 -0.38 9.17 169 275 278 268 200 
;
