4.62 2.42 8.18 -0.0700 0.0000 -0.0200 0.0044 -0.0111 -0.0033 4.80 2.45 8.18 180 252 253 236 187 
4.61 2.43 8.20 -0.1100 0.0000 0.0700 0.0167 -0.0367 -0.0222 4.79 2.48 8.18 180 253 251 237 186 
6.47 3.56 10.94 1.7300 1.7100 3.8400 -1.8544 -1.9400 0.3056 6.20 1.53 7.43 179 274 238 225 186 
8.99 -2.20 7.81 0.8800 -1.1200 1.0700 -3.9367 1.2956 1.5822 7.14 -3.32 5.83 174 318 182 198 186 
0.67 -2.57 0.27 -4.1200 2.9900 -5.7400 -2.0544 2.8289 -0.3433 3.79 -6.56 6.22 173 334 160 179 183 
2.99 -1.99 2.83 -0.2100 4.8200 -3.4300 1.1200 0.7744 -0.8356 3.12 -6.01 7.08 172 335 156 180 178 
8.90 -7.09 13.55 5.3000 -4.6400 4.6800 1.5956 -1.0833 0.2567 3.97 -2.94 8.47 172 330 158 179 178 
4.51 -6.09 12.21 -0.6200 -1.9000 3.0300 -1.2111 -0.5767 2.5956 3.96 -4.80 7.57 172 332 155 183 179 
0.15 -4.60 8.17 -2.4500 1.8200 1.5800 -1.5944 0.6600 0.9578 2.16 -7.49 5.94 149 335 163 184 180 
-0.67 -5.38 5.91 -2.0100 3.1400 1.1100 -1.5889 1.1578 -0.7444 1.76 -8.75 4.04 170 333 166 185 178 
2.59 -3.73 2.06 0.1300 4.8300 -1.8600 -0.0244 1.5311 -1.4856 2.88 -8.59 3.74 173 329 166 188 176 
6.52 -3.33 1.80 2.2400 2.8900 -3.2300 3.0222 -1.5067 -2.3911 5.49 -5.75 5.73 174 321 166 187 176 
12.96 -6.91 6.19 3.1100 -3.4100 0.4300 2.3489 -4.7911 -0.8289 9.19 -2.29 2.53 168 272 203 207 181 
9.58 -1.89 -1.79 -0.7200 -1.1700 0.2900 2.3611 -6.2933 0.1867 8.44 -1.97 -4.57 177 260 235 240 182 
3.31 -2.67 -0.47 -0.6700 0.3200 7.9900 -2.2633 -2.5422 0.2422 3.56 -1.63 -8.98 177 226 224 225 183 
-1.23 3.12 -14.78 -1.0900 1.2200 -6.2500 -0.1833 -0.3311 -0.8944 1.60 1.06 -9.61 179 230 221 232 178 
2.10 1.12 -9.72 -0.4900 0.0500 0.6000 0.5322 0.4656 -0.0889 2.28 0.72 -9.51 181 237 229 231 181 
5.22 0.55 -11.93 2.5000 0.4000 -4.1200 0.3944 2.3144 -0.0100 4.14 0.25 -8.88 180 231 203 210 180 
8.75 0.28 -10.13 -1.9900 1.5500 -6.1100 1.4156 11.5522 2.2144 9.30 -2.34 2.03 164 187 178 173 176 
-8.47 -0.49 1.21 -6.7800 3.4800 -6.1200 1.7911 2.5411 2.2100 -0.51 -2.67 9.42 173 161 153 159 169 
-2.17 1.23 14.58 -1.7000 -0.1600 5.9300 2.2622 1.0211 0.2456 -2.61 1.42 9.34 176 163 160 160 167 
-2.61 0.89 10.09 -0.4700 -0.2100 0.1100 -0.4067 -0.0133 -0.0967 -2.57 1.16 9.39 176 164 162 163 167 
-3.20 1.37 9.75 0.2900 0.3500 0.2700 -0.0322 -0.7356 -0.5311 -2.14 1.01 9.51 174 198 176 184 175 
;
