5.48 3.05 8.05 -0.2100 0.2600 0.6400 -0.4467 -0.3044 0.1622 5.92 2.47 7.41 177 307 250 231 190 
7.52 0.58 9.26 0.4000 0.2900 2.0600 -3.0333 -0.9000 0.8911 6.96 -1.41 6.75 174 305 230 253 186 
5.91 -3.67 5.90 0.0000 -0.0900 -1.4400 -2.7144 2.1544 0.7856 4.97 -5.36 6.53 171 331 199 207 187 
1.39 -3.59 2.61 -1.1800 4.3600 -3.2000 -0.7133 1.6000 -0.9067 3.17 -7.21 5.84 158 333 163 191 178 
3.04 -3.07 3.36 0.8600 3.4400 -2.5800 2.3922 -0.0333 -1.3333 3.64 -5.59 7.17 174 346 163 187 179 
10.11 -6.28 10.46 4.4500 -3.0500 2.2600 2.1289 -0.8956 0.6133 4.80 -2.64 8.12 172 352 170 193 182 
5.66 -5.46 10.56 0.6400 -2.1700 2.9300 -0.1444 -1.1122 2.3444 5.27 -3.60 7.43 164 350 177 191 182 
3.25 -5.01 9.53 -1.5500 0.4500 2.6600 -1.7733 0.0567 1.7311 4.07 -6.44 6.16 171 353 173 188 181 
2.53 -5.17 7.45 -0.8700 2.7500 2.3500 -2.0833 1.5911 0.2956 2.67 -8.41 4.26 173 346 170 183 179 
2.11 -5.40 3.12 -0.2600 3.6300 -0.2800 -1.3467 1.2911 -0.5711 2.47 -9.17 2.43 165 350 171 185 179 
2.83 -3.96 -0.03 0.2400 5.0800 -2.0900 0.5900 1.0856 -1.9244 3.86 -8.58 2.74 169 346 177 184 183 
9.18 -10.56 4.16 5.3300 -4.2400 1.5400 1.4033 -0.3389 -1.1611 5.81 -6.49 4.49 169 347 181 192 181 
5.29 -8.25 3.71 0.3100 -0.5600 -0.4900 0.8711 -1.8589 0.7400 5.74 -6.66 4.33 170 306 188 203 183 
5.23 -5.50 0.38 -1.4700 0.2400 -3.8100 3.4189 -4.8233 -0.7156 7.76 -5.41 2.55 4 206 196 202 182 
2.94 -0.44 -1.17 -4.4800 3.4300 -3.1800 4.3467 -3.7044 -1.6700 9.57 -1.72 1.19 173 151 152 165 166 
5.97 3.68 2.41 -3.1500 3.5700 2.8400 0.9644 -1.4267 -3.0256 9.57 2.08 -0.26 180 151 154 163 157 
17.10 5.18 1.85 3.3800 1.5900 1.7600 0.0844 0.6267 0.5733 9.50 2.39 0.24 182 158 159 164 155 
8.04 2.61 -0.30 -0.9900 0.5700 -0.8900 -0.3867 0.0611 -0.0178 9.53 2.20 0.63 174 162 160 169 151 
11.61 4.02 1.74 2.2900 1.1900 0.4600 -0.4444 0.8556 0.3256 9.51 1.94 1.36 179 186 153 172 164 
12.35 1.60 2.09 1.3500 0.9700 0.7800 -0.0378 1.3222 1.6244 9.34 0.01 2.98 168 305 180 188 169 
3.81 -1.36 0.70 -5.5500 -0.3300 -3.3800 -0.0567 1.0811 -0.6556 8.73 -0.69 4.39 152 320 174 184 165 
9.41 0.74 0.66 2.5000 0.6000 -1.2300 1.2933 -1.3367 -0.3844 9.14 0.84 3.45 156 318 178 184 164 
14.74 0.62 8.37 3.9200 -0.1100 4.7000 -0.3767 0.2356 1.6422 9.35 -0.31 2.91 149 322 177 185 166 
7.31 -1.35 4.45 -1.3400 0.9100 0.7500 -0.4067 1.2311 0.9311 8.49 -2.43 4.24 148 327 177 185 168 
2.99 -0.68 2.18 -5.8100 2.7000 -2.2800 -0.4411 -0.8600 -1.2300 8.79 -2.51 3.53 143 325 177 182 165 
9.25 0.77 -1.90 -0.9300 2.0400 -3.5400 -0.4067 -0.8778 -1.4178 9.66 -0.85 1.44 145 320 172 182 164 
9.75 1.12 -1.59 1.2300 0.9300 -1.5400 0.2211 -1.3067 -1.0544 9.74 0.82 -0.73 147 325 175 183 164 
11.65 1.93 -2.91 2.4200 0.3500 -0.9700 0.7344 -0.4567 -0.6900 9.42 1.93 -1.92 145 326 178 185 166 
11.59 1.88 -1.84 2.1200 -0.3300 0.3500 0.6256 -0.2900 0.4111 9.30 1.67 -2.61 144 328 179 184 166 
12.06 1.35 0.21 1.9200 0.0300 1.9600 0.4344 0.8256 1.3433 9.66 0.19 -1.64 142 329 180 185 165 
7.85 -0.35 -0.24 -3.0200 0.8100 0.3900 0.1778 1.0333 0.8933 9.70 -1.40 0.25 139 332 180 187 167 
6.80 0.14 -1.35 -1.6200 1.7000 -2.3400 -0.3978 -0.0356 -0.5111 9.68 -1.27 0.83 146 331 180 184 168 
;
