0.03 5.13 8.33 0.1100 -0.1100 0.0000 0.0367 0.0911 0.0111 -0.15 5.24 8.28 165 287 295 295 202 
-0.36 5.07 8.63 -0.3900 -0.1300 0.7400 0.0456 -0.2656 0.1322 -0.03 5.26 8.27 165 286 288 263 199 
2.89 6.07 15.16 1.6500 1.7800 5.2900 -4.7367 0.2178 0.2711 1.53 1.13 9.61 164 337 233 218 189 
0.59 0.67 7.50 -0.4700 4.4300 -1.5900 -5.1022 0.4667 -0.3222 1.26 -6.05 7.61 167 351 195 204 187 
0.50 -3.16 2.57 -0.7500 4.3000 -3.4400 0.4856 0.4944 -0.3367 1.08 -7.31 6.44 166 348 191 206 188 
1.76 -2.91 4.56 1.4500 3.2800 -2.7400 1.8289 0.3356 -0.3900 1.05 -5.80 7.83 170 351 191 214 190 
5.45 -5.40 16.32 3.8500 -3.5300 7.2500 2.1144 -1.0122 1.0522 1.81 -1.75 9.47 168 359 206 224 191 
1.57 -4.73 13.94 -1.3400 -1.3600 5.8900 -1.5289 -1.0411 2.0689 2.63 -3.09 8.92 170 354 216 226 193 
1.45 -3.78 9.86 -1.5800 1.8700 1.6100 -1.9956 0.3122 1.3622 1.54 -6.33 7.32 170 357 219 229 193 
-1.80 -5.82 8.25 -2.5500 1.7300 2.1200 -1.4778 1.1211 -0.4467 0.65 -7.95 5.69 170 356 218 230 194 
-1.14 -2.87 5.53 -1.9700 6.2700 0.6700 -1.4867 1.9956 -1.7711 1.37 -8.85 3.98 168 344 218 232 194 
4.48 -0.16 1.42 1.7400 7.5400 -2.9800 1.1567 0.6778 -1.9189 3.38 -7.79 4.89 166 331 216 232 193 
8.69 -6.38 9.83 5.2900 -1.4700 3.5400 3.1278 -0.2956 -1.5978 4.47 -3.94 7.78 165 318 225 234 192 
5.80 -5.88 10.47 2.3500 -1.7900 1.5000 1.7733 -2.2867 0.9033 6.31 -2.10 7.20 156 293 260 266 193 
9.05 -1.16 3.77 1.7400 1.0700 -1.7000 1.2667 -2.3411 1.2300 8.47 -2.18 4.42 122 267 286 288 195 
3.55 -1.40 4.13 -2.4600 3.0100 0.4700 -0.0722 -2.3789 -0.0600 8.88 -3.28 2.55 103 245 285 247 182 
8.88 -2.75 2.20 -0.3200 0.0300 -0.3900 0.2189 -0.8200 -0.4700 9.13 -2.87 2.09 98 200 212 201 156 
10.07 -2.50 -0.25 0.2400 0.2500 -1.8600 3.0211 -0.7633 0.2467 9.33 -2.42 1.76 103 171 186 183 144 
7.84 -1.79 6.00 0.7400 0.2900 3.7500 0.0833 3.7622 0.3144 8.25 -2.35 4.74 106 172 187 182 145 
8.57 -1.35 4.71 5.4900 2.4800 -3.4800 1.1378 2.8356 2.9500 0.91 -3.39 9.15 111 174 187 184 145 
-10.81 1.34 13.80 -37.6400 -3.2900 4.4500 0.3544 -0.5522 0.1644 1.03 -2.21 9.49 112 176 186 185 146 
-2.62 -0.56 10.27 -0.7300 2.8700 0.7500 -0.5378 2.5433 -2.5689 -0.41 -2.94 9.34 113 179 185 187 146 
4.99 -0.53 9.25 4.6900 2.1000 -0.8700 0.1333 0.9367 -1.5722 -1.27 -3.29 9.14 114 180 190 188 148 
4.06 -2.95 8.58 5.7500 -0.5900 -0.7900 0.3700 -0.9267 0.4756 -0.76 -2.68 9.39 116 181 190 189 146 
-17.69 -2.62 12.88 -3.2500 -1.1500 7.1300 0.6456 -0.0533 -1.1289 2.92 -1.90 9.16 117 185 194 186 149 
2.22 -3.21 5.67 -1.9700 0.6600 -2.5500 -0.1456 2.5811 -1.9478 1.23 -2.42 9.42 128 222 204 222 169 
10.78 -0.22 6.11 4.1000 1.7200 -2.6600 2.5733 0.9622 -2.5456 3.69 0.52 9.06 170 294 292 277 189 
;
