4.64 3.40 7.78 -0.1400 -0.0400 -0.0100 -0.0533 0.0267 -0.0756 4.75 3.45 7.84 175 273 245 234 181 
4.76 3.42 7.78 0.0000 0.0000 -0.0400 -0.0333 -0.0100 0.0011 4.69 3.43 7.89 172 274 249 240 182 
7.91 6.98 15.78 2.5200 4.7500 8.0200 -4.3533 -1.1722 -0.0244 5.86 1.02 7.78 174 312 217 217 179 
4.22 -1.65 2.75 -1.8000 1.0200 -6.6800 -5.2011 2.3433 0.2167 4.15 -6.25 6.30 172 337 163 190 174 
2.97 -2.02 1.48 0.2900 5.7700 -3.1700 1.4989 1.0733 -0.9311 3.07 -6.32 6.83 170 336 167 192 176 
4.56 -1.89 7.95 2.8200 1.7600 0.4200 3.0144 -1.0456 -0.6600 3.58 -3.09 8.58 172 332 175 194 177 
8.24 -7.19 15.55 3.3100 -5.2700 6.0000 0.1889 -1.1844 2.2911 4.83 -1.59 8.37 171 342 177 198 179 
2.79 -4.17 11.97 -2.5800 0.4900 3.2800 -1.9711 0.2678 2.4978 3.72 -5.46 7.23 175 338 170 197 174 
0.26 -4.00 9.07 -2.6900 2.6200 2.3700 -2.1656 1.0911 0.1511 2.45 -7.74 5.48 166 342 171 196 177 
1.59 -4.53 4.61 -0.9100 3.7400 -0.5400 -1.5311 1.2689 -1.1456 2.84 -8.58 3.79 169 336 176 196 175 
2.94 -4.01 2.61 -0.1800 4.0200 -1.2000 -0.0422 1.0644 -1.4344 3.98 -8.13 3.75 170 334 159 199 177 
7.60 -4.02 2.77 2.8000 1.7400 -2.1500 2.0867 0.7556 -2.0222 5.62 -5.66 5.69 166 332 183 199 177 
11.45 -3.21 5.97 3.5100 -1.0900 0.6000 3.5256 -6.1267 -1.5489 9.36 -0.96 2.75 170 268 209 227 178 
12.11 2.53 -7.56 5.4800 0.2800 -1.5700 0.4822 -5.5811 -1.4756 5.22 2.55 -7.89 173 228 208 224 171 
6.90 0.00 -13.24 2.1500 -2.8000 -5.5600 2.4389 -1.0622 0.4533 3.84 1.09 -8.95 175 249 203 234 176 
6.86 -1.84 -11.50 1.3200 0.8900 -2.5100 4.2244 1.2578 1.5122 5.51 -4.74 -6.57 181 309 244 249 179 
4.51 -3.35 -5.64 -0.0300 3.7100 -1.1600 2.6411 0.8456 1.1467 4.74 -7.94 -3.25 181 321 236 247 178 
2.14 -2.19 -1.41 -3.0400 6.1400 1.1800 0.2989 -1.0511 -0.7200 4.86 -8.22 -2.20 180 331 186 184 168 
4.19 -6.19 -4.95 -1.2400 0.9900 -2.2100 -1.0578 0.2378 -0.3956 5.57 -7.19 -3.65 171 334 171 175 162 
12.90 -11.19 -7.87 6.8200 -3.8800 -2.8500 3.6856 0.9978 0.4633 6.05 -7.66 -0.91 171 354 178 186 166 
8.25 -5.58 5.78 2.1400 1.6800 4.3100 -1.9411 2.5144 -0.5278 6.33 -7.37 -1.24 167 357 181 188 167 
4.74 -7.17 -8.66 -1.7200 -0.3300 -5.8800 0.1322 0.4367 0.5633 5.65 -7.30 -3.29 175 353 194 187 167 
3.29 -4.01 1.88 -5.8500 3.4100 14.0000 1.1711 -2.7678 -0.1111 6.08 -7.66 -0.56 172 347 197 198 171 
4.24 -6.55 -0.58 -1.5100 1.2600 -0.0900 -1.5244 -0.3333 -0.9978 6.87 -6.88 -1.22 176 341 205 197 172 
5.72 -3.45 -1.96 -2.5400 1.5400 -2.3100 2.0767 3.2878 -3.1078 8.77 -3.18 2.99 176 273 209 211 175 
;
