3.07 2.65 9.29 0.1600 0.1500 0.2900 0.0189 0.1222 -0.1889 2.81 2.65 9.01 168 320 237 232 184 
2.85 2.48 8.74 0.0100 -0.0700 -0.2100 -0.0522 -0.0589 0.0311 2.83 2.51 9.04 169 323 242 235 184 
2.83 2.39 9.07 -0.0600 -0.1000 -0.0400 -0.1033 -0.0556 0.0244 2.89 2.39 9.05 170 328 239 234 182 
3.69 1.91 10.65 0.7800 -0.0100 1.6500 -1.8078 -0.7111 0.1711 3.47 0.82 9.13 171 339 194 208 184 
5.03 -2.18 11.08 1.8700 -1.8100 1.9700 -2.6656 -0.0667 0.6689 3.35 -3.20 8.63 170 352 190 199 182 
3.64 -4.61 7.99 0.7700 1.5300 0.2200 -3.1756 0.2922 1.0156 2.26 -7.07 6.40 171 356 185 197 183 
-1.20 -3.15 1.56 -3.9700 4.4500 -2.9200 -0.8622 -0.8800 -0.3211 2.11 -8.81 3.75 169 347 158 175 178 
3.38 -3.54 3.15 0.7300 4.4000 -1.2100 2.2389 0.4144 -1.9822 3.63 -7.25 5.49 166 358 155 177 177 
10.36 -8.55 8.70 3.5800 -4.8800 1.8700 2.1078 -0.6122 -0.1422 5.01 -4.27 7.26 169 357 159 183 177 
4.35 -7.26 10.78 -1.7300 -3.5400 3.4300 0.0867 -0.4033 1.3233 4.91 -4.10 7.43 168 358 168 183 180 
2.47 -6.20 10.10 -0.1300 -0.0200 2.6000 -1.2933 0.1622 1.3244 3.67 -6.11 6.72 163 360 149 185 179 
3.24 -5.85 7.16 0.5400 1.5800 1.3400 -1.6811 -0.0989 1.1067 2.24 -8.11 5.02 166 359 171 185 181 
0.55 -6.24 4.49 -1.7600 2.4100 0.4600 -1.9389 0.4533 0.0456 1.74 -9.31 2.52 165 359 172 189 181 
0.60 -6.41 1.36 -1.0500 3.0400 -0.2600 -0.5244 1.3289 -0.4344 1.80 -9.53 1.43 164 358 176 188 181 
3.93 -3.31 -0.30 1.8000 6.0300 -2.5700 1.5133 0.9256 -1.9144 3.41 -8.79 2.67 166 360 175 187 182 
12.99 -7.62 6.58 7.5400 -1.9300 2.5800 2.8289 -1.2100 -1.2000 6.58 -5.05 5.23 166 358 198 199 179 
8.00 -3.40 3.22 -0.9800 0.4100 -1.1800 2.2056 -4.5256 -1.4700 9.33 -1.90 2.31 171 257 235 238 182 
9.98 2.53 -4.33 1.4100 2.3400 -0.1300 -1.2778 -2.3422 -1.0444 8.17 1.20 -5.27 158 240 227 232 176 
9.53 0.67 -10.03 2.4100 -1.5500 -3.2700 0.2367 -2.9456 -0.9067 5.06 3.08 -7.80 156 252 231 232 176 
8.12 0.53 -12.84 1.8400 -1.1400 -4.2300 2.7100 -0.1300 1.5578 4.64 0.12 -8.63 169 265 236 238 180 
6.51 -0.26 -10.15 1.3000 3.1000 -0.3400 3.7989 2.1222 1.6789 5.51 -5.40 -6.04 160 320 243 259 179 
2.23 -1.86 -1.13 -3.1200 5.9400 3.3700 1.3944 0.6578 1.0344 4.26 -8.34 -2.90 179 332 268 274 181 
2.28 -5.87 -0.09 -1.3200 1.6600 1.7100 -0.3333 0.3267 -0.5856 4.59 -8.34 -2.34 179 331 272 275 182 
7.19 -8.03 -2.72 1.8200 0.6200 0.0500 -0.8067 1.1867 -0.4289 5.41 -7.65 -2.88 169 316 270 264 182 
2.40 -7.06 -2.50 -4.3400 0.4800 -0.5400 1.1878 3.0022 -2.9867 7.90 -5.79 -0.30 176 303 196 196 178 
12.97 -0.57 2.11 4.1100 2.1900 -1.5500 3.4367 2.6389 -1.9422 8.17 -0.66 5.37 170 331 182 177 172 
11.19 0.78 9.19 1.5200 -0.9300 3.3300 1.6156 0.1900 0.4089 7.55 1.91 5.94 171 342 186 181 174 
9.92 1.89 8.56 1.9100 0.2400 1.1800 0.6800 1.4256 1.6067 6.80 1.36 6.93 165 327 187 183 175 
4.21 0.88 10.13 -1.3900 0.1900 2.9000 -0.9000 -1.0222 2.2444 6.89 -0.77 6.93 167 335 193 189 174 
2.42 -1.75 6.75 -3.8100 0.3800 -0.8700 -1.1900 -0.9178 0.3011 6.77 -2.98 6.43 169 345 180 190 178 
5.17 -1.97 3.51 -2.9300 1.0300 -1.8800 -0.7756 -1.7867 -0.9622 8.33 -2.84 4.31 168 348 178 192 176 
10.25 -0.15 1.72 -0.7600 1.7200 -1.6600 -0.4656 -0.0733 -2.0178 9.25 -0.91 3.11 156 351 180 192 176 
11.04 1.95 0.27 1.8900 1.1400 -1.1600 -0.0422 -0.9978 -1.0200 9.65 1.18 1.22 166 349 186 191 176 
8.89 1.95 0.05 -1.1500 -0.1100 -0.7900 0.4800 -0.1600 -0.8833 9.50 2.29 0.79 156 346 173 193 176 
10.85 3.21 0.43 1.4000 0.4000 -0.0900 0.7056 0.0122 -0.4067 9.27 3.14 0.50 162 348 184 193 176 
9.90 3.24 0.54 1.1500 0.2300 0.8700 -0.1322 -0.4278 0.2244 9.29 3.11 -0.27 167 340 190 193 178 
11.55 2.92 -0.84 1.6800 -0.1100 0.0000 -0.4067 -0.0778 1.1800 9.62 1.67 -0.87 164 340 187 191 175 
11.07 0.28 -0.62 1.1900 -0.5200 0.5300 0.4733 0.8000 0.7811 9.77 0.31 -0.65 164 346 182 191 177 
;
