3.17 6.20 6.74 -0.0900 -0.0700 -0.0900 0.0000 0.0011 -0.0022 3.22 6.23 6.84 179 282 272 251 185 
3.15 6.30 6.81 -0.1200 0.0700 0.0200 -0.0078 -0.0256 -0.0022 3.20 6.24 6.85 176 286 261 249 185 
5.61 10.31 12.83 1.7600 5.2500 6.3400 -4.7033 -1.2078 0.2789 4.34 2.97 8.27 178 319 177 193 184 
3.90 0.22 5.30 -0.7400 1.3700 -5.5400 -5.5478 1.3811 0.5422 4.14 -5.54 6.94 170 315 153 169 176 
2.43 -2.42 0.00 -0.7500 5.0700 -4.4700 1.7933 1.3000 -0.9200 3.19 -5.14 7.71 159 311 154 175 174 
6.69 -3.67 10.47 5.3500 -2.5200 2.8700 2.5044 -1.1067 -0.1556 3.80 -1.84 8.84 173 318 158 181 173 
3.09 -5.87 12.76 -1.6100 -3.9100 3.7300 -1.1056 -0.8678 2.0589 4.52 -2.90 8.20 170 322 159 187 175 
2.07 -5.05 8.86 -2.8600 0.6800 1.9300 -1.6789 0.0800 1.4411 3.34 -5.92 7.06 169 318 161 188 174 
0.72 -4.98 7.44 -2.1600 2.3600 1.3500 -1.7889 1.2811 -0.3533 2.42 -7.77 5.45 165 319 163 186 175 
1.47 -4.75 5.01 -0.9500 3.4200 -0.1700 -0.9200 1.4811 -1.1400 2.74 -8.31 4.41 168 320 163 189 175 
3.38 -3.48 2.76 0.2500 4.1100 -2.3700 1.2067 1.0633 -1.7333 3.73 -7.14 5.58 169 317 159 189 177 
9.90 -4.80 5.47 5.5300 -0.4800 -0.6700 2.5778 -0.8622 -0.9533 5.10 -4.02 7.33 168 314 162 189 177 
5.24 -6.81 10.16 0.4000 -3.1000 1.9500 1.1556 -1.6689 0.6689 5.74 -3.19 7.27 167 293 186 196 178 
6.09 -0.45 2.39 -2.1200 1.2200 -2.9500 3.7878 -2.3011 -0.0711 8.41 -1.14 4.90 175 271 190 197 176 
7.97 3.73 1.03 0.3300 1.4900 -1.9100 3.5956 -0.1222 -1.5000 8.74 2.91 3.33 175 274 182 192 179 
13.60 3.69 10.19 4.7100 0.3400 5.1800 0.3756 1.2200 1.4489 8.82 2.82 3.20 171 286 183 188 178 
8.29 2.27 7.13 -0.3200 1.2500 2.4700 -0.9233 1.1856 1.8256 8.20 -0.24 5.36 171 295 186 187 179 
2.50 -0.19 4.92 -6.3500 1.4700 -1.1800 -1.7600 -0.5544 -0.4911 8.07 -1.98 5.19 169 308 180 188 179 
6.71 2.00 -0.69 -2.3600 2.8000 -4.5300 -0.1689 -1.2500 -2.4922 9.29 0.07 3.12 155 313 177 190 177 
12.63 4.50 0.28 3.7900 2.2900 -1.8500 0.7178 -0.6878 -1.5056 9.17 2.95 1.82 150 300 178 191 179 
11.51 3.63 0.59 4.0000 -0.2400 -0.2100 1.5222 -0.3967 -0.4178 8.74 4.40 0.62 147 292 175 192 180 
10.71 4.56 5.35 1.1500 0.8100 4.6300 0.0700 -0.8144 2.4933 9.52 2.29 0.29 147 291 181 190 180 
6.49 1.06 1.34 -3.4800 -0.2000 0.1700 -0.4578 1.0722 0.3833 9.64 0.75 1.61 147 289 185 193 182 
12.19 1.79 4.67 3.8300 2.3800 2.4400 -4.5133 3.3011 0.8811 8.69 -1.39 4.31 164 259 207 208 181 
3.72 -7.73 2.88 -0.1500 -1.7900 -2.5800 -5.3244 1.8144 1.5233 3.50 -8.54 3.30 168 246 220 216 179 
2.07 -8.52 -2.63 -0.2000 0.8200 -3.6300 -2.5611 1.0111 0.8867 1.62 -9.54 -1.58 169 244 223 221 178 
-1.29 -7.17 -4.91 -2.3300 2.3000 -2.9200 6.1433 1.2822 -1.8989 2.54 -9.22 2.13 174 257 228 229 178 
5.24 -9.04 8.27 1.9600 1.1600 3.2800 -2.6922 -1.3011 0.3656 2.38 -9.47 0.88 173 244 234 233 182 
-1.91 -8.64 -7.27 -3.6400 1.6700 -5.9200 -1.5033 -0.4778 0.5511 1.11 -9.30 -2.88 167 236 220 226 183 
-1.33 -7.11 -8.00 -2.7100 3.6600 -6.7200 5.7989 2.1356 -1.7056 2.25 -9.24 2.36 171 253 222 233 182 
4.32 -7.17 12.10 1.7400 0.7500 5.4300 -0.5556 -0.2544 0.1400 2.03 -8.62 4.19 172 255 222 231 185 
-0.36 -6.88 -1.22 -2.0400 2.5500 -5.0800 -0.5322 -3.5000 2.0778 0.73 -9.51 2.26 164 236 219 220 181 
-2.74 -5.36 -1.61 -1.9300 4.5600 -5.2500 6.7511 -2.7222 -1.7956 2.85 -5.70 7.44 166 237 225 227 184 
;
