-1.86 5.90 7.59 -0.1600 0.0000 -0.0100 0.0300 -0.0289 0.0156 -1.75 5.89 7.63 181 342 329 352 208 
-1.40 5.83 7.42 0.2600 -0.0600 -0.2000 0.0067 0.0156 0.0044 -1.62 5.93 7.63 182 341 329 353 208 
-3.53 7.48 10.11 -2.4900 1.9700 2.5600 -1.0178 -3.4111 0.9578 0.34 5.45 8.14 184 341 324 330 208 
4.80 5.64 10.55 0.2400 4.0900 1.5800 -5.0056 -3.5111 2.0100 5.93 -1.38 7.68 183 330 301 313 208 
5.08 -4.10 2.18 -1.3700 1.0600 -2.4400 -3.1578 -1.0111 1.2233 6.68 -6.31 3.40 181 317 278 311 206 
8.15 -6.33 -2.49 2.3000 1.5200 -4.0000 -0.2756 -0.4978 2.5511 4.50 -8.67 0.74 179 305 281 315 207 
1.01 -5.51 -2.02 -0.8200 5.0700 -4.4800 4.8411 0.7222 3.2433 -0.24 -8.43 4.99 180 306 294 317 207 
-7.19 2.15 5.53 -4.2700 6.0400 -2.6400 5.3578 -1.5322 1.6611 -2.70 -1.61 9.28 184 320 296 323 207 
-4.02 3.17 10.92 2.6800 2.4300 2.3800 1.5978 -0.5633 -0.2122 -3.45 2.32 8.87 184 323 310 324 207 
-3.26 3.54 12.79 -0.5800 0.9000 3.1500 -0.3911 -0.5878 -0.2544 -2.63 2.35 9.14 185 323 312 315 207 
-3.64 2.67 9.07 -2.0400 0.6800 -0.7700 -1.0678 -1.2700 -1.1656 -1.30 0.98 9.66 184 323 301 299 207 
-0.14 0.53 4.82 -0.7100 -0.3400 -4.6200 0.4567 0.5367 -4.2389 0.37 0.45 9.78 183 326 310 320 207 
;
1.58 5.02 11.45 1.9600 1.7100 2.2700 2.4922 1.4167 -1.2133 -1.88 4.30 8.61 184 331 311 342 208 
-2.29 4.58 6.70 -0.4400 -0.8500 -1.7900 -0.2000 0.1089 -0.0122 -2.24 4.96 8.15 181 321 307 343 208 
-3.46 4.65 8.48 -1.4600 0.0400 0.3900 0.2233 -1.1478 0.2322 -1.62 5.04 8.25 182 323 314 333 209 
-1.40 5.92 12.76 -2.1200 2.0000 3.5900 -2.9989 -5.2344 0.2222 3.65 2.78 8.66 183 324 309 315 208 
10.86 1.88 6.32 3.8400 2.1300 -1.1800 -2.8544 -3.9322 2.3078 8.80 -2.56 3.48 182 322 297 322 208 
4.38 -2.56 -0.13 -3.4300 2.8400 -1.6100 -1.2667 -0.8144 3.1333 6.60 -7.22 0.68 181 323 299 324 208 
3.17 -6.72 0.08 -1.9200 1.5100 -0.5100 0.0556 -0.0589 1.0656 4.61 -8.64 0.46 181 322 303 325 208 
5.39 -6.72 -4.40 2.2100 2.9800 -5.5600 4.5433 1.3533 3.5400 1.15 -8.72 4.32 181 313 296 325 208 
-5.08 1.16 5.34 -3.1500 6.6800 -1.9500 4.7200 0.7211 2.2056 -3.03 -3.17 8.76 183 320 294 327 208 
-3.34 1.89 14.43 0.4300 1.2300 4.4900 1.2322 -0.9033 -0.3922 -1.92 0.77 9.58 184 324 304 323 208 
-1.98 0.99 11.59 -1.0000 0.8000 1.3300 -0.6256 -0.6456 -0.6567 -0.88 0.06 9.76 184 320 304 305 208 
-2.66 -0.01 5.40 -3.4900 0.8600 -4.9100 -0.7800 0.0267 -3.2278 0.63 -1.34 9.69 181 293 299 303 207 
0.40 4.18 10.00 -0.7100 2.3700 0.8100 4.8200 2.0889 -3.0733 -1.73 4.21 8.68 185 333 323 346 209 
;
-2.34 11.56 14.80 0.3800 2.4100 7.0800 -0.7022 -0.5378 0.0967 -2.60 5.40 7.75 185 325 313 354 210 
-2.95 5.59 7.99 0.0100 0.6100 1.1800 0.0500 -0.5889 0.1756 -2.17 5.39 7.89 184 323 316 353 210 
-1.14 8.36 13.06 -1.2700 3.7800 5.1900 -3.1622 -7.1578 2.7933 4.99 3.34 7.74 184 321 315 322 209 
11.90 0.16 0.89 2.2600 1.5300 -3.0500 -2.8744 -1.9211 2.7678 9.07 -3.12 2.03 183 315 300 325 209 
6.03 -3.69 -0.33 -2.0700 2.5000 -0.9300 -0.8956 0.2433 3.0911 6.59 -7.24 0.56 183 316 305 325 209 
2.61 -6.48 -0.07 -1.7200 1.4700 -1.2500 0.3200 0.1333 0.9289 4.44 -8.69 0.91 183 317 307 326 208 
5.91 -7.18 -4.31 1.9000 2.8500 -4.8200 3.9456 1.4789 3.0022 1.33 -8.65 4.40 182 313 288 323 209 
-5.66 0.52 6.98 -4.0500 6.3600 2.9500 4.0133 -0.2356 1.9333 -2.17 -3.70 8.81 185 326 309 317 209 
-2.65 -0.19 13.63 -0.7500 1.7100 4.2500 0.2356 0.0100 -0.3222 -1.65 -1.68 9.51 184 327 303 311 209 
-2.95 -0.76 8.20 -2.1200 1.2800 -2.4100 -0.5956 -0.4733 -1.0022 -0.96 -2.30 9.48 184 297 303 291 208 
;
-4.02 0.39 4.29 -3.0200 3.3100 -4.6100 1.4033 -2.1989 -5.2056 2.10 -1.03 9.52 180 296 302 319 208 
-1.84 7.32 10.65 -0.2500 4.6200 1.7700 3.1367 -0.0467 -1.7633 -1.38 4.96 8.34 182 336 314 348 208 
-2.52 4.21 4.80 -1.9000 -1.0400 -3.4500 0.2089 -0.2378 0.2033 -1.20 4.99 8.34 183 324 316 354 210 
-4.23 6.03 11.08 -3.4000 1.9100 4.4500 -0.8200 -5.2667 0.5244 2.76 4.58 8.21 185 329 314 346 209 
9.78 4.37 8.34 2.2700 2.8800 1.1000 -4.2778 -4.2878 2.7800 8.80 -1.50 4.03 183 326 310 335 210 
4.57 -2.01 -0.98 -4.4600 3.3600 -2.5400 -1.5756 -0.3944 3.3089 6.79 -7.05 0.39 181 319 309 328 209 
2.95 -6.85 -0.23 -2.2300 1.2100 -0.3700 0.0578 0.0689 0.7678 5.00 -8.43 0.11 182 318 308 327 209 
4.70 -6.51 -4.45 -0.4100 3.7000 -6.4100 3.9622 1.7833 2.3122 2.60 -8.77 3.51 182 304 283 315 210 
-6.06 0.05 12.39 -4.1800 5.0900 5.7800 4.4533 -0.9022 1.3433 -0.71 -3.86 8.98 182 312 293 313 209 
-1.43 -2.22 12.13 -0.2500 0.8100 1.1500 -0.2533 0.1167 -0.4122 -0.72 -2.94 9.32 184 307 294 305 210 
;
-3.72 -1.24 2.64 -2.3900 1.5400 -6.7400 2.4533 -0.8167 -1.4956 -0.77 -1.29 9.69 182 293 297 310 210 
-2.64 5.06 12.54 -1.9800 3.7100 3.3300 2.3922 -0.8200 -3.0978 -0.62 2.56 9.44 184 315 314 327 208 
5.00 10.07 18.04 5.4500 5.7900 12.8600 -0.4011 -0.9933 -0.3756 -0.97 4.48 8.66 182 326 314 344 209 
-2.72 4.45 5.68 -0.1300 1.9600 1.3300 1.4067 -0.8622 -0.1311 -1.09 4.85 8.44 180 326 321 356 210 
-3.17 4.59 9.01 -2.8200 0.3400 1.8300 -0.2367 -1.4422 0.2711 0.05 4.72 8.59 182 324 316 343 210 
7.04 6.80 11.49 1.3900 3.3900 4.4400 -3.5678 -7.7944 3.0056 8.57 0.78 4.68 183 323 305 333 210 
9.73 -0.27 0.82 -0.2100 3.2000 -0.4000 -1.5856 -0.6511 4.6567 7.88 -5.82 0.10 182 323 308 326 208 
1.23 -5.34 -1.03 -3.5300 2.9000 -0.0500 0.0367 0.1467 1.4989 4.89 -8.48 -0.41 182 323 311 327 210 
5.17 -7.95 -1.34 2.1000 1.0400 -2.3700 0.8322 0.8044 1.1200 3.63 -9.09 0.40 181 309 297 323 209 
-1.26 -1.09 -0.01 -3.9700 8.2600 -3.0000 6.3044 1.0800 1.9756 0.37 -6.90 6.95 182 315 289 329 210 
-1.88 1.10 16.47 -0.1400 3.6100 7.7300 2.4578 -0.8356 -0.0778 0.09 -1.16 9.73 183 319 317 321 209 
-1.72 0.28 11.27 -2.4600 1.1500 0.3900 -0.8656 0.1711 -1.4167 0.33 -1.42 9.69 182 294 290 288 209 
-2.51 0.98 4.14 -1.8100 2.1300 -3.1800 2.6433 -0.6267 -4.5911 1.11 0.97 9.69 178 285 293 304 210 
;
2.92 6.95 15.43 2.5100 5.1700 6.3300 3.8944 2.3133 -2.0711 -1.42 4.62 8.53 178 302 319 341 211 
-3.09 4.33 7.86 -1.2200 0.4800 0.3100 -0.1511 -0.1356 -0.0678 -1.32 4.26 8.73 176 305 313 347 211 
-2.58 4.00 8.53 -1.4600 -0.2700 -0.1200 0.1122 -0.8022 0.0756 -0.72 4.41 8.72 177 311 314 347 211 
-0.40 6.42 13.93 -1.6900 3.3100 5.8200 -2.0544 -5.1667 1.2078 4.53 3.24 8.06 180 319 309 322 209 
11.15 2.38 6.07 1.4800 2.9500 -0.1200 -3.6467 -3.2867 3.0511 8.80 -2.97 3.13 180 322 311 327 209 
3.43 -3.98 -0.25 -4.0400 2.5100 -0.9600 -1.2456 -0.5844 2.6444 6.26 -7.53 0.30 180 323 309 328 210 
2.26 -6.96 0.41 -2.5100 1.0300 0.1400 0.0711 -0.0978 0.7911 4.59 -8.66 0.01 180 324 313 327 208 
6.70 -8.64 -4.87 2.9200 0.8100 -5.0600 3.5967 2.7344 2.5122 2.36 -9.14 2.63 180 311 310 323 210 
-5.28 1.54 3.58 -5.0900 8.7300 -2.4800 4.9711 0.1522 2.0167 -1.76 -4.56 8.49 179 314 311 323 210 
-3.90 3.52 15.48 -1.1800 4.2600 6.5300 1.7944 -0.4567 -0.3311 -1.76 0.58 9.62 184 317 313 320 210 
-2.02 3.49 12.22 -2.1700 1.5700 0.7000 -0.8367 -0.9167 -1.1767 -0.46 0.22 9.79 183 313 306 306 210 
-2.34 0.91 4.72 -1.9000 1.4300 -5.1200 0.8389 -1.9156 -3.9744 1.95 0.49 9.59 180 308 310 328 211 
;
-1.04 7.71 14.82 0.6600 4.9200 9.9600 1.1456 -0.9089 0.0578 -0.21 4.34 8.78 181 326 314 347 209 
-1.94 4.63 6.76 -1.3700 1.0100 0.1000 0.2811 -0.1100 -0.1667 -0.29 4.20 8.85 178 323 319 352 210 
-2.10 4.09 8.67 -2.5100 -0.0900 0.5200 0.0556 -0.3811 0.1022 0.14 4.09 8.90 179 323 317 347 210 
0.87 7.68 15.38 0.8700 5.0400 8.3000 -2.1311 -5.5633 1.9678 5.81 1.96 7.64 182 322 317 350 211 
7.40 -0.43 2.52 -1.4400 3.5300 -1.8500 -3.7422 -1.9567 3.9044 7.41 -5.99 2.31 179 318 310 334 209 
0.59 -4.73 0.27 -4.5600 3.2600 -0.3800 -0.5289 -0.0922 1.1400 5.12 -8.33 0.65 180 320 313 336 209 
3.65 -8.83 1.80 -0.2000 -0.0200 1.2600 0.0122 0.0511 0.1311 4.55 -8.67 0.41 180 321 313 335 210 
6.26 -8.20 -1.85 2.6900 1.7100 -0.8800 2.3911 1.3056 1.9956 2.87 -9.13 2.10 180 313 314 334 210 
-1.38 -2.63 3.17 -4.4200 7.4100 -3.2600 4.8056 1.2189 1.1878 0.17 -6.89 6.96 179 309 305 329 209 
-6.88 1.00 16.85 -2.0200 3.1200 8.4500 2.5000 -1.5111 -0.4444 -0.58 -1.64 9.65 182 319 304 334 210 
-1.15 0.01 11.95 -1.5800 1.6600 1.1800 -1.3844 0.1600 -0.4100 -0.15 -2.38 9.51 182 318 303 317 210 
-1.93 -0.53 5.15 -3.6300 2.4200 -5.1600 -0.3600 -0.0667 -2.2278 1.06 -3.30 9.17 179 297 302 305 210 
3.22 3.53 11.60 1.2800 4.2800 2.9600 3.9589 2.2500 -4.0478 1.22 1.57 9.60 181 318 316 334 209 
;
