4.64 3.98 6.87 0.3400 0.7600 -1.3600 -0.3578 -0.3389 -1.0689 4.30 3.27 8.17 173 296 293 274 197 
4.56 3.78 8.90 0.4800 0.1900 1.5700 0.2778 -0.2711 -0.5000 4.13 3.98 7.95 174 297 291 274 197 
9.38 4.06 12.99 3.5700 1.1600 5.2700 -3.5356 -3.4678 1.3011 7.51 1.18 6.19 174 304 277 268 196 
7.04 -1.04 0.12 -1.4500 1.5700 -3.7400 -3.0867 -2.2389 2.7244 8.36 -4.79 1.81 171 312 243 285 197 
7.07 -5.31 -4.50 0.3800 2.1400 -3.7800 0.8633 0.3444 2.8011 5.79 -7.90 -0.31 171 311 277 296 197 
-0.87 0.23 -1.82 -5.7000 9.0200 -6.1300 7.1922 1.6400 0.1678 2.82 -6.03 7.19 172 314 292 291 198 
0.57 0.37 20.24 -0.4100 1.0000 10.5900 0.4256 -1.7322 -0.8100 2.63 -0.80 9.41 176 326 301 279 197 
1.94 -2.27 11.89 0.3700 0.5600 3.6900 -3.6456 1.6311 -1.8067 1.96 -3.83 8.80 174 356 243 237 192 
2.17 -5.88 3.03 1.6100 1.6900 -4.0900 -2.6489 1.3022 -1.7656 1.64 -8.03 5.37 175 375 207 217 191 
2.69 -6.20 3.71 0.3700 1.8300 -0.8800 0.7522 0.4944 -0.3378 1.89 -7.78 5.65 175 379 207 223 192 
2.94 -3.08 3.19 1.8800 4.1700 -3.2200 2.3400 0.0189 -0.6433 2.20 -6.18 7.28 175 381 215 228 193 
6.48 -4.93 13.29 3.6100 -2.7400 4.7800 2.5533 -1.0178 0.7733 3.13 -2.37 8.98 175 383 223 231 195 
4.96 -6.25 13.73 0.7700 -2.8600 4.7300 -1.9478 -0.2344 2.6078 3.22 -4.21 8.24 174 377 232 237 197 
0.02 -4.63 8.72 -2.2900 1.9300 1.0800 -1.9133 0.4578 0.5244 1.91 -7.09 6.49 174 376 235 242 198 
-0.24 -4.63 6.20 -1.9200 3.7600 0.8200 -1.7644 0.2922 -0.6800 1.85 -8.42 4.66 175 364 236 244 198 
1.70 -4.29 2.01 -0.6400 4.9300 -1.7900 -0.7311 1.3611 -1.2078 2.68 -8.83 3.29 174 355 239 245 197 
4.43 -3.80 1.33 2.1000 2.9000 -2.3700 2.0367 1.1278 -1.1211 3.45 -7.56 5.20 174 350 239 243 197 
7.13 -9.10 10.73 3.1400 -3.6100 3.6200 0.6467 -0.1689 -0.1900 3.87 -5.50 7.13 173 357 243 247 196 
4.23 -5.42 6.65 0.4000 0.2600 -0.6900 0.1733 0.3144 0.6433 3.38 -5.58 7.31 173 316 243 254 197 
;
