-0.02 5.96 7.56 -0.1000 -0.1400 -0.1300 -0.2400 -0.1522 -0.0244 0.16 5.89 7.83 182 305 315 328 225 
0.14 5.91 7.67 0.0000 0.0500 -0.1300 -0.0233 -0.0244 0.0011 0.18 5.87 7.84 178 310 316 332 225 
0.05 5.98 7.81 0.0400 0.3800 0.1600 0.0856 -0.0078 0.0133 0.19 5.89 7.83 186 310 314 326 225 
1.24 11.14 14.54 -0.4600 5.9900 4.8900 -5.2067 -4.2811 1.1656 4.78 2.37 8.22 188 317 308 318 222 
2.89 0.09 4.79 -3.2100 3.1100 -3.0700 -6.6178 -2.0800 1.6111 6.40 -5.97 4.41 188 309 307 321 222 
3.59 -4.61 -4.58 -1.7200 2.8300 -5.6700 -2.6167 -0.7533 1.3900 4.76 -8.53 -0.82 187 307 306 325 221 
5.36 -7.91 -5.20 0.2900 2.5400 -3.3800 4.4533 1.3644 1.8467 3.00 -9.15 1.82 186 309 316 330 222 
-3.66 4.83 5.60 -4.4400 10.8700 -2.0600 6.3756 -0.9033 0.7844 1.00 -3.36 9.15 188 317 321 331 223 
5.02 4.13 22.04 3.8100 1.7400 11.6400 0.0744 0.0167 -0.4011 1.73 1.76 9.48 186 327 318 323 222 
0.27 1.03 7.02 -1.7400 0.6900 -2.9700 -1.4689 -0.1756 -1.2267 1.98 -0.31 9.59 187 300 304 297 222 
4.00 2.51 3.40 1.2600 2.8900 -5.0500 2.8156 1.9222 -2.9933 1.21 2.32 9.44 184 300 313 328 225 
-4.68 2.66 24.72 -0.8600 -3.8100 8.1700 0.1000 -2.0300 -0.1533 0.57 3.68 9.06 188 316 326 342 226 
8.09 6.95 14.18 3.5600 5.6700 3.9300 -5.4933 -5.4256 4.1289 7.64 -0.91 6.06 189 341 331 322 221 
2.78 -0.01 -2.68 -5.2800 5.9600 -5.4400 -3.3633 0.8189 4.4333 4.94 -8.39 1.14 186 334 337 335 220 
2.18 -6.75 -1.69 -1.8300 1.7300 -2.3200 0.4667 -0.4300 0.3633 3.41 -9.14 0.91 188 335 335 336 222 
2.98 -8.82 -5.53 -1.7600 1.9500 -9.5200 4.1056 0.2433 0.2878 2.84 -8.42 4.13 187 324 336 334 222 
-3.05 6.99 6.98 -3.1100 8.7100 -2.1400 7.3078 0.6544 -0.1244 1.11 0.17 9.74 188 337 338 328 221 
-4.52 3.43 16.77 -5.1400 -0.3800 5.4800 0.6489 -0.6933 -1.5511 0.33 3.55 9.13 189 334 333 316 221 
1.74 4.42 12.26 1.1200 0.8800 3.0200 -0.8978 -1.4078 -0.7533 1.38 3.14 9.18 188 313 322 303 221 
3.42 3.34 4.29 0.2600 1.3300 -4.6300 -1.0289 0.2600 -1.8522 2.80 1.93 9.19 187 291 303 301 221 
6.42 11.35 39.75 -3.0100 -7.1100 -2.5100 -0.5811 -0.5044 -0.9422 -0.22 3.71 9.07 184 309 337 345 222 
0.63 3.09 10.58 1.3900 -0.5000 0.6700 -0.0244 -0.5189 0.1589 0.66 3.63 9.08 183 304 335 332 222 
;
