0.84 5.27 8.19 0.0200 -0.0100 -0.0100 0.0233 0.0478 0.1367 0.80 5.28 8.22 189 319 318 328 215 
0.75 5.48 8.17 -0.0700 0.1800 -0.0700 0.0189 0.0467 0.1000 0.83 5.29 8.21 191 320 319 327 213 
0.80 5.43 8.13 -0.0600 0.1300 -0.1200 -0.0022 -0.0056 0.0189 0.85 5.29 8.21 186 320 321 326 216 
0.85 5.36 8.19 0.0000 0.0900 -0.0200 -0.0289 -0.0611 -0.0211 0.90 5.26 8.22 187 323 317 327 217 
0.98 5.26 8.23 0.0100 0.0200 0.0000 -0.0311 -0.0400 0.0056 0.96 5.23 8.23 190 320 321 325 216 
0.81 5.54 8.51 -0.5100 0.4100 0.4700 0.0044 -0.2589 0.2922 1.49 5.10 8.23 191 324 318 321 217 
7.65 10.75 18.13 4.5700 5.8600 9.6000 -4.8089 -5.7700 2.4011 7.06 1.27 6.67 192 343 328 319 217 
5.50 1.70 0.53 -2.7500 6.3700 -4.6500 -5.6011 -0.3300 4.2533 5.80 -7.45 2.62 193 337 332 327 217 
1.14 -7.82 -7.06 -2.0900 0.5400 -9.5700 1.8189 -0.2833 1.3600 2.95 -9.10 2.11 190 315 327 325 218 
-1.19 5.66 -1.45 -3.1400 13.1700 -7.5800 7.8111 1.8100 -0.0589 1.15 -2.17 9.49 194 336 333 330 217 
7.99 9.15 18.01 5.5800 5.5200 10.0000 2.0856 -0.1411 -0.7089 2.48 4.24 8.48 193 344 326 317 219 
4.25 4.39 12.25 -0.0800 0.7400 4.1500 -1.3344 -1.8911 0.0967 5.02 2.80 7.93 189 341 257 244 211 
11.13 -2.02 5.55 2.9600 -2.5200 -1.9900 0.5589 -5.2500 3.9022 9.30 -1.82 2.50 188 340 191 186 199 
8.32 -2.68 -2.10 -0.1100 1.5600 -3.1300 4.4089 -1.1133 1.7500 8.65 -4.09 2.11 194 353 180 179 198 
5.33 1.91 1.23 -3.1900 6.0000 -1.6400 1.1178 1.4944 -0.5133 7.85 -3.90 4.39 198 367 176 182 197 
6.42 -2.04 3.77 -0.7600 1.1400 -1.5500 -1.1022 0.7400 -1.1589 7.43 -3.35 5.44 195 388 189 188 198 
6.87 -4.30 5.33 -0.8500 -1.1700 -0.2700 -0.4067 0.4133 -0.3989 7.08 -3.06 6.05 197 395 192 192 200 
5.46 -3.65 6.92 -1.7500 -0.2300 0.5200 -0.2889 -0.0567 -0.1478 6.97 -3.17 6.11 196 387 196 196 203 
1.22 -0.81 3.69 -5.7700 3.1100 -1.9100 -3.0200 0.6356 -1.2656 7.42 -4.24 4.79 194 331 223 215 201 
8.59 -0.51 -0.53 2.7200 2.2200 -6.3000 2.2544 8.4922 -5.4833 3.98 -0.85 8.91 194 319 305 299 211 
7.42 7.33 19.67 3.3700 3.1200 9.7600 3.5056 3.4656 -1.2633 -0.43 4.83 8.52 193 323 305 327 216 
0.83 5.01 7.27 0.5900 -0.2400 -2.3200 0.6478 0.0489 0.0656 -0.26 5.11 8.36 191 317 320 333 217 
0.46 4.78 8.71 0.9100 0.0400 0.0000 0.2522 -0.2911 0.1367 -0.06 5.04 8.41 190 308 319 330 215 
;
