7.12 3.09 12.00 -0.0100 1.7600 5.3100 -1.7833 -1.7533 0.0778 7.30 0.77 6.49 89 259 246 233 186 
10.06 2.02 3.84 0.9000 4.4900 -0.1100 -5.3200 -1.6078 2.4056 8.77 -4.06 1.62 175 258 223 234 181 
6.93 -3.99 -3.58 -1.2500 2.1500 -3.2000 -3.2500 0.5756 2.1567 6.76 -6.80 -2.02 176 282 253 249 184 
8.05 -5.65 -8.26 1.3200 3.2800 -5.8500 1.0178 2.4744 3.2822 4.41 -8.49 -2.12 172 290 244 248 185 
-2.38 2.60 -0.90 -4.3000 12.4500 -3.1500 7.0067 0.3178 1.8467 0.44 -7.40 6.41 173 294 252 238 184 
-0.63 0.87 21.45 -0.0900 0.1000 12.2800 1.7222 -1.6633 -0.2378 1.67 -0.40 9.65 163 297 264 243 185 
1.50 -1.68 9.80 -0.1000 -0.1000 0.0900 -0.6911 0.0444 -0.7922 2.17 -1.32 9.46 4 294 265 242 184 
1.62 -1.53 8.83 -1.6500 -0.8100 -0.1800 0.2378 -1.9556 -0.9467 3.79 -1.23 8.95 177 261 257 228 183 
17.80 -0.43 0.81 8.4000 -0.9100 -1.6900 1.8522 -4.2089 -0.6222 9.78 0.70 0.11 155 305 147 164 173 
9.37 -0.54 -5.48 -1.7200 0.3500 -2.9400 2.9856 -0.0533 1.2511 9.28 -2.18 -2.26 139 336 150 154 165 
5.01 0.63 -0.77 -3.2500 4.8400 0.3300 2.8133 2.0056 -0.5756 9.27 -3.00 1.03 119 347 162 169 165 
9.60 -1.90 -0.07 0.4100 1.4500 -1.0700 -0.9733 1.3567 -0.1656 8.97 -3.18 2.34 122 360 171 172 171 
6.33 -4.92 0.64 -2.2200 -1.1800 -2.2800 0.2289 0.6456 0.1256 8.36 -3.72 3.51 133 363 179 171 168 
7.44 -4.69 5.84 0.1100 -0.2800 2.2300 -0.6767 0.7411 0.2011 7.84 -4.26 4.05 142 360 180 180 172 
6.94 -4.73 4.22 -0.5200 0.3100 0.2800 -0.6333 -0.2456 0.7011 7.30 -5.27 3.87 144 337 191 184 172 
7.92 -4.15 0.90 5.5400 4.7200 -3.9200 -6.0900 10.5756 1.1422 1.48 -8.80 4.06 133 209 203 208 175 
-6.03 -12.35 -0.31 -5.1300 -2.7700 -0.6700 -1.1689 -1.5500 -0.9333 -1.25 -9.71 -0.46 120 195 192 209 176 
-2.96 -9.13 -1.68 -2.5200 1.2700 -2.5100 -0.1933 -4.4378 -2.6556 0.53 -9.72 -1.15 118 202 184 209 176 
0.48 -4.42 -10.75 0.1500 5.8400 -7.4400 1.7656 -11.1200 -7.1522 4.60 -7.38 -4.52 125 201 185 203 175 
6.36 -4.68 -9.17 2.9100 2.2800 -2.0900 0.3978 -1.6556 -0.8644 3.24 -6.23 -6.84 125 204 194 200 172 
4.76 -6.62 -6.73 1.1400 0.0000 0.1300 0.1211 0.6778 0.2122 3.61 -6.32 -6.56 126 205 198 209 174 
4.12 -4.21 -5.49 -1.0200 1.9900 0.7900 0.0178 4.4244 -0.5356 6.11 -6.17 -4.54 132 229 210 214 176 
;
