-3.44 5.41 9.99 -2.1400 1.5100 2.0100 -0.4156 -2.0800 1.0744 -1.11 4.35 8.71 178 314 330 361 211 
2.31 5.63 13.45 0.1100 3.0300 2.7500 -5.5778 -2.5067 1.6244 2.89 -1.74 9.20 178 308 313 320 210 
1.81 -4.89 3.05 -2.2400 1.6800 -3.4200 -3.6878 -1.9733 1.1844 3.98 -7.83 4.34 177 302 305 310 209 
5.87 -6.07 -1.92 2.3900 2.2900 -4.7900 -0.2556 -1.2233 1.6933 2.89 -9.23 1.60 171 296 301 308 209 
-1.55 -1.00 -1.58 -3.0000 9.0500 -6.2400 6.1989 1.2333 3.1289 -1.88 -5.97 7.54 175 296 305 318 208 
-6.94 6.69 8.91 -1.3400 5.9200 1.8900 5.3867 -2.5467 0.5433 -1.94 3.12 9.08 176 307 319 324 208 
-0.05 7.54 19.09 0.7900 2.9200 9.8800 -1.3633 -1.3056 -0.6578 -0.48 3.65 9.08 176 313 311 298 209 
0.32 4.17 10.64 -0.7700 3.8800 0.4200 -5.1344 -2.5167 -0.3678 2.62 -2.41 9.13 176 326 205 198 192 
3.50 -2.84 0.99 -3.0100 3.9200 -3.0700 -3.1400 -6.0778 4.4867 4.64 -8.59 0.86 152 342 171 168 171 
-0.80 -8.83 -1.51 -1.9800 0.4500 -0.3600 0.0478 -1.3467 0.4911 1.88 -9.55 -1.14 148 343 172 175 168 
2.56 -9.03 -3.35 0.8800 0.7700 -4.1000 1.3567 -0.3089 -0.5600 2.47 -9.48 -0.33 125 267 165 161 167 
0.33 -2.82 3.87 -1.4200 5.6400 0.2200 4.4644 -0.4867 0.2122 3.03 -6.26 6.91 125 261 175 175 171 
2.52 0.30 15.96 -0.2600 4.4600 5.9600 -3.7156 0.0000 0.6544 3.01 -6.46 6.72 126 263 179 177 172 
;
