1.06 6.49 7.14 0.0800 -0.0700 -0.0700 0.0067 -0.0633 -0.0156 1.08 6.58 7.18 177 308 297 279 203 
0.48 7.01 8.03 -1.3600 0.9700 1.8800 -0.4144 -1.8667 0.9511 2.58 6.07 7.25 178 297 297 269 202 
7.44 5.47 6.90 1.2500 1.3900 -0.1600 -4.7000 -5.1033 2.0200 8.55 0.35 4.78 177 294 277 272 198 
8.86 -1.89 0.60 -0.1200 0.4600 -2.3200 -2.0989 -1.6289 2.0811 9.02 -3.62 1.28 174 306 277 289 200 
10.29 -4.99 -2.70 2.3900 1.1000 -2.9300 -0.1256 0.5356 3.0344 6.87 -6.99 -0.03 174 307 286 297 201 
2.23 -2.05 -3.68 -2.1800 7.8400 -6.6300 6.7556 2.7178 2.9678 1.74 -6.96 6.67 174 307 285 290 201 
-0.79 9.02 4.59 -0.3600 11.3700 -2.4200 5.6233 2.2044 0.8511 -1.59 2.22 9.41 176 296 298 279 201 
-8.61 6.29 18.20 -5.3500 1.5200 9.7700 -0.1644 -1.8133 -1.7122 -2.15 4.37 8.51 174 301 298 271 202 
-2.71 2.58 11.15 1.4200 -0.5300 0.9700 -2.0444 1.0378 -2.0278 -3.83 0.97 8.97 176 213 199 195 185 
-1.21 -1.08 4.71 4.2400 -0.0900 -4.4700 0.5511 1.6489 0.0400 -5.78 -0.58 7.89 177 193 182 185 178 
-1.92 2.19 2.07 4.5800 0.8200 -4.7000 1.7867 1.0978 1.5378 -7.13 2.40 6.28 179 198 183 191 177 
-14.16 9.69 10.62 -5.1400 4.5900 4.9600 0.5600 -0.0889 -0.2956 -7.13 4.44 5.05 174 206 190 196 179 
-7.39 4.40 5.89 -0.1600 -0.0500 0.9900 0.0578 -0.1522 -0.0633 -7.13 4.49 5.01 175 210 191 199 179 
-8.52 4.92 4.94 -1.8100 0.7400 -1.0900 -0.3244 -2.1256 0.0589 -6.13 4.19 6.40 176 250 199 218 187 
;
-2.41 6.70 4.14 1.8300 1.7000 -4.1800 0.1467 -2.8433 -1.4889 -2.45 4.40 8.41 164 296 266 281 195 
1.99 3.52 7.02 3.6800 -0.7700 -0.7400 1.9589 0.8144 -0.7589 -2.72 5.17 7.87 174 314 296 320 202 
-4.78 3.03 11.51 -1.1400 -2.9200 1.2100 -0.4178 -1.8167 -0.2733 -2.28 5.26 7.95 174 319 310 326 206 
-3.34 8.56 16.33 -0.7300 3.9200 8.7800 -3.9244 -5.7844 0.5011 3.43 3.17 8.62 180 313 304 295 202 
6.53 -0.15 5.67 -0.2200 2.3400 -0.8600 -4.8289 -2.8344 3.2144 7.16 -4.92 4.52 178 321 305 311 202 
2.57 -4.37 -2.06 -3.1600 3.3600 -2.8100 -1.0011 -1.2611 1.8322 5.05 -8.40 -0.05 174 324 310 317 203 
4.76 -9.33 -1.68 1.0100 -1.1500 -3.6000 0.5922 -0.3800 0.7278 3.83 -9.01 0.52 174 309 309 319 203 
1.15 -2.96 -0.34 -0.8800 6.6900 -4.5900 6.1244 1.3656 2.3778 -0.11 -6.33 7.48 176 308 308 315 203 
-3.14 8.73 6.72 -2.8900 8.0400 -0.5500 5.6456 1.1011 1.6967 -2.56 2.60 9.09 177 317 282 308 203 
-9.27 6.50 15.45 -4.7200 2.3100 6.9300 -1.0833 -0.7156 -1.8211 -3.81 3.29 8.40 175 303 284 281 204 
-0.83 0.33 5.46 3.5600 -1.6400 -3.9700 -0.7167 1.7222 -1.5611 -5.50 0.26 8.11 178 199 183 187 182 
-3.76 -1.00 1.32 1.8400 -0.9100 -7.0700 2.5456 -0.6489 0.2833 -5.61 1.49 7.89 181 184 170 186 183 
;
