0.48 3.95 8.48 0.8500 0.0000 -0.3500 -0.0078 0.2967 -0.1789 -0.42 3.99 8.94 189 318 338 366 223 
-0.86 4.17 8.85 -0.3800 0.2300 0.0100 -0.0467 -0.3500 0.1278 -0.40 3.98 8.94 189 318 338 343 222 
4.63 9.20 14.60 4.1000 5.8800 5.4800 -3.3533 -4.6411 2.8333 5.15 1.37 8.22 188 318 325 274 218 
4.27 -1.48 5.01 -2.9000 2.6700 -0.2500 -5.2944 -0.0700 2.6933 6.15 -6.57 3.88 186 319 321 302 216 
2.99 -6.41 -4.48 -1.0400 1.0100 -5.3100 -2.3122 -0.1411 0.8056 4.46 -8.71 -0.58 185 316 335 321 217 
3.74 -7.58 -7.02 -0.3700 2.4600 -6.5100 5.1500 0.7244 0.6678 3.38 -8.79 2.71 186 313 339 323 219 
-1.44 5.86 9.95 -2.4400 10.8500 2.5000 5.2278 1.9689 0.8889 -0.08 -2.26 9.54 190 313 340 321 219 
0.92 0.52 15.75 0.8000 0.2300 3.7800 -1.1011 -2.1833 -0.8456 2.64 -0.84 9.40 190 315 337 310 217 
3.58 -1.17 6.07 -1.5800 0.0000 -2.9000 -0.8822 -4.5878 -0.6122 6.61 -1.85 6.99 186 306 321 292 215 
4.32 -3.91 -4.32 -3.2900 -2.7600 -2.2300 -1.3478 -13.8922 0.8111 5.23 -1.71 -8.11 181 259 230 246 197 
6.04 2.30 -12.00 2.4800 2.8900 -1.5400 -1.5789 0.0833 0.6478 0.16 0.68 -9.78 185 271 256 258 196 
0.25 2.46 -9.84 -0.1500 1.5900 0.3200 0.2022 0.2267 -0.1522 0.19 0.58 -9.78 187 272 259 260 198 
2.52 2.70 -9.88 1.3400 2.1500 -0.2300 -0.7811 4.7633 -0.4911 3.36 1.38 -9.10 181 288 281 279 210 
11.02 5.62 -8.59 0.1500 2.2000 -9.7500 -1.4522 16.4722 1.1878 5.81 1.12 7.81 183 316 330 354 216 
-6.81 -1.08 6.57 -0.3400 -1.5600 -2.1900 3.1789 -1.2044 -1.0878 -1.61 3.27 9.10 183 337 349 382 225 
;
-0.21 -0.94 11.46 1.9600 -0.6500 2.3400 0.6478 0.1878 -0.2644 -1.30 1.72 9.56 180 324 349 371 224 
-2.70 1.94 11.24 -1.3700 0.3300 1.9500 0.4322 -1.3367 0.5889 -0.60 2.04 9.57 184 320 346 371 226 
0.30 4.36 15.48 -1.3900 2.4200 6.0500 -2.5322 -5.4022 1.7544 3.60 -0.05 9.11 186 319 324 289 223 
3.44 -1.05 8.23 -2.7300 2.8200 1.2000 -5.5278 -0.9244 2.1944 5.60 -6.72 4.42 185 326 330 315 221 
2.12 -4.63 -7.20 0.0800 2.7000 -6.2900 -2.3956 -1.1211 0.8278 4.26 -8.46 -2.52 183 319 340 325 222 
3.80 -5.66 -5.76 -0.6900 4.7000 -4.0200 5.6778 0.5956 1.2422 3.02 -9.09 2.08 183 324 343 330 223 
-2.30 4.34 9.23 -4.0700 9.6700 1.4100 5.5356 -0.6156 -0.0256 1.80 -3.12 9.11 186 325 341 325 224 
4.47 -1.01 17.37 1.8100 -0.3500 6.3800 -0.9144 -1.1056 -0.6389 3.37 -0.98 9.15 186 330 335 319 223 
1.45 -0.07 7.06 -3.2800 1.7700 -2.2100 -1.1022 -4.3267 -1.3833 6.55 -1.94 7.02 185 308 312 296 221 
9.48 -0.29 -3.98 0.4200 -0.4300 -1.1200 -2.2922 -9.5100 -1.5200 6.78 0.78 -7.03 185 256 246 269 209 
2.75 3.29 -13.46 1.4200 1.2800 -2.6700 -0.2200 -1.3311 0.5256 -0.14 1.87 -9.62 187 276 271 281 209 
0.56 2.46 -8.64 0.6300 0.6100 1.0000 0.1311 0.0744 -0.0678 -0.04 1.69 -9.65 186 281 276 281 209 
2.72 3.47 -9.95 3.0400 1.6300 -0.3300 -0.0633 3.4800 0.1633 2.13 1.65 -9.42 185 283 280 278 213 
12.86 4.03 -9.89 -1.6100 -0.2200 -9.9800 -1.6744 16.9644 2.1644 7.42 0.63 6.37 182 308 335 357 218 
;
