6.40 3.15 6.95 -0.1300 0.0400 0.2800 -0.2244 -0.0011 -0.1189 6.51 3.09 6.64 167 271 252 244 187 
6.74 3.13 6.51 0.2900 0.1500 0.2200 0.0711 0.0144 0.0533 6.38 3.10 6.76 179 276 248 243 188 
9.57 4.96 10.57 1.7200 4.0800 4.4900 -6.0800 -4.4233 2.3167 8.93 -1.03 3.90 180 269 221 238 188 
8.93 -2.82 1.29 -1.2700 1.9300 -0.5800 -3.7189 0.3033 2.6000 8.00 -5.66 -0.14 176 285 248 240 187 
5.90 -5.41 -6.61 -0.5000 1.2800 -3.8500 -1.1589 -0.5867 2.1778 5.61 -7.52 -2.82 164 292 249 230 188 
2.78 -4.64 -8.88 -1.8900 4.1800 -7.5200 5.4178 0.9033 1.6022 3.36 -9.15 1.02 167 269 235 242 187 
1.21 8.30 8.00 -0.5900 12.3400 1.4600 8.0044 -0.0222 -0.9067 2.98 -1.28 9.25 180 288 251 237 189 
6.53 -1.74 12.51 0.6100 -0.7200 1.4500 -2.1889 -0.3822 -0.6633 5.01 -1.68 8.25 179 287 253 241 190 
4.98 -0.40 6.07 -2.3400 1.3900 -0.8600 -1.0011 -5.3656 -0.7978 8.48 -2.24 4.37 180 277 248 236 186 
9.04 -2.48 -7.41 3.2200 -0.4900 -1.3900 -0.9078 -10.3800 1.5144 4.03 -1.69 -8.77 180 239 224 209 178 
1.67 -3.21 -1.40 -0.8700 -2.1100 7.4400 -2.1411 -1.7978 0.7478 -0.58 0.27 -9.78 176 245 226 211 176 
-0.86 7.13 -16.24 -2.2100 3.4400 -4.3500 0.4822 0.7222 -0.2578 -0.13 1.82 -9.63 180 247 233 216 177 
3.19 1.87 -9.68 2.7400 0.4100 -1.2200 0.1244 1.9856 -0.0756 1.27 1.63 -9.58 180 233 209 188 175 
9.49 -2.13 -14.72 4.9200 -1.3000 -5.2200 4.9833 6.2556 -0.2456 8.26 -2.42 -4.68 182 241 160 166 174 
6.80 -2.12 -2.09 -2.8600 1.6200 -2.7100 3.6767 3.2200 0.4444 8.56 -3.24 3.49 176 176 157 164 172 
4.40 2.25 2.98 -3.8900 4.8500 -2.2600 1.0322 1.5056 0.2122 6.78 -1.86 6.83 169 167 138 162 172 
4.62 3.01 6.77 -1.0300 4.5200 -0.6600 -0.3567 0.4489 -0.7533 6.10 -1.51 7.52 162 170 154 166 176 
8.03 1.83 6.93 1.8600 3.5600 0.0300 -1.6056 0.5456 -0.8078 5.86 -2.27 7.52 157 176 156 165 177 
3.95 -8.83 4.28 -1.8200 -5.1700 -2.2700 -0.8600 -0.7489 -0.9700 6.64 -3.37 6.37 150 175 159 167 177 
7.47 -2.45 7.62 0.6800 0.8600 0.9900 -0.0611 0.0656 0.3467 6.55 -3.23 6.53 163 183 162 172 176 
;
