5.47 3.62 7.36 -0.0100 0.0200 0.0200 -0.0144 -0.0011 -0.0156 5.48 3.57 7.30 166 267 245 233 182 
5.48 4.91 10.54 -0.4800 2.5000 5.1200 -1.9544 -2.1011 1.1556 6.70 2.05 6.85 164 270 244 233 183 
8.18 -0.70 6.12 0.0300 3.5900 0.5600 -6.4611 -0.6922 1.9156 7.83 -5.29 2.60 165 273 230 235 182 
5.91 -4.27 -3.59 -0.9000 2.6500 -3.4600 -2.6167 0.1400 1.3711 6.36 -7.34 -1.28 166 285 244 240 180 
4.51 -6.51 -5.96 -1.3200 2.2200 -4.6300 0.5689 0.1756 1.5711 4.64 -8.42 -1.91 163 277 251 238 183 
-0.27 1.11 -2.32 -4.6600 11.4800 -4.8900 7.9300 1.5089 0.3989 2.94 -6.50 6.72 164 286 249 241 183 
3.20 3.35 22.22 2.1300 1.9500 13.6900 1.9467 -1.7900 -0.4189 3.79 0.81 9.00 161 291 252 245 185 
3.13 -0.48 10.15 -0.3000 -0.1200 0.1300 -1.1200 0.0811 -0.6389 4.17 -0.27 8.86 162 289 254 244 185 
4.56 0.07 7.38 -0.0800 0.3600 -1.0800 -0.1989 -0.3889 -0.3367 4.51 -0.71 8.67 168 283 256 244 185 
5.48 -0.80 6.88 0.7600 -0.8700 -0.1300 0.6544 -4.8089 -1.1411 7.87 0.20 5.83 170 248 234 219 183 
13.20 -1.75 0.35 1.2200 0.0000 -2.7700 2.0633 -3.1100 1.6900 9.79 0.16 0.38 171 160 148 159 166 
-1.83 1.74 4.24 -11.1400 2.1900 4.5800 0.2233 0.3456 -2.9689 9.65 1.70 -0.08 177 149 137 158 157 
13.54 2.70 1.62 2.5600 0.0600 2.3200 0.1422 0.1656 0.8211 9.57 2.13 -0.04 180 157 150 164 159 
13.25 5.24 2.07 4.3600 3.5300 1.4500 -1.7256 0.8633 1.0022 9.65 1.26 1.19 169 194 168 170 169 
13.33 3.70 5.10 2.2600 5.0800 -1.2500 -5.5400 4.3144 3.9322 7.47 -5.50 3.16 173 278 193 218 175 
5.21 -4.49 -2.00 -1.0400 3.9700 -2.9300 -3.6156 1.7511 1.9867 4.20 -8.85 -0.32 174 303 243 240 178 
2.74 -8.88 -3.53 -0.8200 0.2900 -2.4100 0.6900 -0.2333 -0.0578 3.82 -9.01 -0.48 173 303 248 236 179 
1.89 -5.08 -7.15 -1.9100 5.6000 -8.1600 5.7878 0.6689 0.6733 3.24 -8.28 4.12 175 293 229 242 180 
2.63 7.62 15.26 0.9700 8.0100 7.3200 6.1644 1.1133 0.3889 1.88 0.34 9.61 178 293 233 238 181 
1.30 0.43 13.94 -0.6700 -1.4000 2.7700 -0.5033 -0.5244 -0.3944 2.51 0.91 9.43 176 292 238 239 182 
2.94 1.12 8.62 0.5300 0.4900 -0.9400 -0.4722 -0.1989 -0.4156 2.69 0.25 9.42 179 278 207 235 181 
2.96 0.58 5.73 -0.8000 -0.7800 -4.2000 3.4556 0.1644 -2.0800 3.15 3.31 8.67 178 270 230 233 183 
;
