2.13 3.39 8.94 0.1900 0.0000 -0.0300 -0.0022 -0.0022 -0.0022 2.03 3.39 8.97 182 336 342 351 217 
2.14 3.43 8.93 0.1200 0.0500 -0.0400 0.0022 -0.0267 0.0056 2.05 3.39 8.96 185 334 343 351 217 
2.20 3.39 8.90 0.1200 0.0000 -0.0300 0.0111 -0.0044 0.0000 2.08 3.40 8.95 181 337 341 351 216 
2.23 3.49 8.98 0.0800 -0.0300 0.0700 0.0978 0.0000 0.0611 2.09 3.46 8.93 182 334 343 355 219 
6.59 9.87 19.61 4.5700 4.3300 9.0600 -3.2844 -5.3878 2.0978 6.41 1.72 7.21 186 332 340 329 218 
4.13 0.42 2.55 -3.7500 5.3700 -2.1600 -4.5356 -1.2267 4.5889 6.21 -7.25 2.23 185 325 339 327 219 
1.21 -5.18 -6.29 -2.4600 3.7600 -5.6700 -0.1589 -0.1533 2.0478 2.13 -9.55 -0.46 186 309 330 317 218 
-0.33 -0.92 -3.57 -2.9900 9.9400 -6.9800 7.5300 -1.0967 -1.2022 2.55 -7.33 5.98 186 323 329 327 220 
6.54 11.04 12.59 4.0800 11.4200 8.5800 6.2267 1.4289 -1.9444 2.99 3.03 8.82 190 336 329 332 219 
4.47 3.58 14.46 -0.4000 -0.7000 4.6800 -1.7856 -0.1844 0.1311 3.98 2.93 8.46 188 337 323 329 220 
5.70 -0.37 9.31 2.4300 -1.9100 -0.2400 -2.1633 -0.2122 1.2489 3.84 -0.18 9.02 165 226 218 225 214 
1.58 -1.43 3.01 -0.4300 0.9100 -6.6300 0.6889 0.9144 1.0422 1.64 -2.43 9.35 109 165 166 175 197 
5.56 4.77 14.46 2.0300 6.0200 4.7800 0.0356 -0.1533 3.1967 0.11 -1.54 9.68 115 170 169 182 197 
-6.75 3.39 9.75 -21.4800 1.9300 -0.1400 0.3767 1.4889 -0.6144 -0.13 -1.33 9.71 115 176 172 176 198 
-2.80 2.98 12.28 -2.5500 4.2400 2.4100 -0.1178 0.2078 -3.3200 -0.33 -1.27 9.71 116 175 175 179 199 
4.56 1.19 8.23 5.4600 2.1000 -1.5600 1.0644 -0.0789 -2.3256 -0.87 -0.93 9.72 117 173 176 182 199 
5.88 -3.47 13.19 3.9500 -2.5600 4.3400 -0.5544 -2.6356 1.9133 0.87 -0.22 9.76 115 179 174 189 199 
-1.16 -0.90 5.38 -0.3200 0.0200 -4.2900 0.7444 2.9044 -3.6200 -0.08 -0.30 9.80 159 239 238 252 207 
3.93 3.28 8.91 6.3200 1.8600 0.6900 5.6511 3.6578 -2.7622 -2.58 4.36 8.39 164 352 348 371 213 
-8.30 2.13 15.63 -5.7400 -2.5500 2.6200 0.4089 -2.1244 0.0989 -0.17 4.69 8.60 184 360 355 379 218 
;
