4.22 2.95 8.23 0.0000 0.1000 -0.0900 0.0156 -0.0222 0.0322 4.25 2.82 8.37 183 307 314 338 220 
4.16 2.90 8.36 0.0300 0.0300 0.1000 0.1600 -0.0111 -0.0567 4.19 2.92 8.36 183 308 312 343 221 
5.86 7.98 14.64 0.9400 5.4200 8.8100 -0.4222 -2.9789 1.6222 5.73 3.00 7.36 188 316 320 319 221 
7.52 4.78 9.78 -1.5700 5.8400 2.1100 -4.8233 -1.7100 4.8444 7.35 -4.28 4.86 186 319 317 301 216 
-0.74 -3.66 -4.43 -4.5400 3.6600 -6.6900 -2.8689 0.4289 1.7833 3.83 -9.00 -0.53 185 310 328 316 217 
2.38 -8.71 -8.62 -0.6900 1.0000 -8.1700 3.7178 -0.5956 0.7156 2.47 -9.43 1.04 185 305 327 320 217 
-0.34 6.03 3.03 -4.2600 12.9000 -3.4500 7.0256 1.9500 0.2811 1.00 -3.68 9.03 188 313 320 305 219 
6.90 4.28 19.47 5.7000 2.3600 9.8600 1.1578 -0.9689 -0.6733 2.79 2.35 9.10 188 316 319 312 218 
2.52 2.37 11.91 -0.5800 1.2700 2.8500 -1.5889 -0.2556 -0.5467 3.35 0.76 9.18 189 298 295 292 217 
5.50 2.73 13.80 3.2500 4.7500 3.6400 -6.8100 2.4211 -1.3800 2.35 -4.72 8.26 186 278 269 256 218 
3.87 -4.96 -4.21 0.7500 3.5700 -7.1600 -7.8711 2.5222 1.2422 0.38 -9.63 -1.80 183 244 237 238 217 
-2.82 -6.89 -13.40 -2.2300 0.9600 -8.8100 2.1789 1.0367 -0.1822 0.52 -9.29 -3.08 186 265 251 252 216 
1.92 2.52 14.35 1.8900 11.4400 12.1700 0.0711 -0.0611 0.2922 1.25 -9.05 3.54 187 279 260 262 216 
0.72 -6.91 -0.57 -0.5300 2.8000 -2.0500 -6.1033 -1.0811 0.5044 0.78 -9.16 -3.39 187 276 266 266 216 
-3.21 -6.54 -18.51 -0.8100 0.8400 -10.4800 3.4311 -0.5833 -0.4922 0.57 -8.71 -4.46 183 271 262 260 217 
2.60 1.93 9.68 1.3300 13.5200 13.2100 0.5744 -0.2322 0.4844 1.74 -8.89 3.74 185 278 265 259 218 
2.20 -7.55 1.89 0.6800 2.1100 -0.5200 -3.2867 -0.8011 1.0333 0.75 -9.76 -0.38 183 269 263 256 217 
-1.01 -5.95 -9.69 -0.9700 4.0700 -7.3200 3.6833 -1.0344 -0.5978 -0.36 -9.68 -1.50 181 278 285 289 218 
;
