7.87 3.62 4.54 0.0100 -0.0900 0.0900 -0.0033 -0.0122 -0.0022 7.91 3.70 4.45 176 256 232 236 181 
7.89 3.64 4.51 -0.0400 -0.0500 0.0700 0.0100 0.0456 -0.0178 7.89 3.72 4.46 176 256 235 238 181 
9.32 4.94 7.56 1.5300 1.5900 3.6400 -1.0056 -1.5633 1.1256 8.59 2.74 3.85 174 254 231 237 179 
9.88 3.73 3.45 -1.3700 4.4300 -0.0900 -4.8867 -1.6822 4.1389 8.85 -4.06 1.12 176 281 248 229 178 
4.71 -4.27 -2.92 -2.0400 3.0300 -3.1900 -1.5922 1.4900 2.8744 5.28 -8.18 -1.06 176 309 271 254 182 
3.60 -8.14 -2.54 -0.2400 -0.5000 -1.0700 0.2400 0.1244 0.3344 4.30 -8.74 -1.08 175 311 278 263 184 
2.52 -8.50 -5.20 -1.5400 1.4100 -5.3600 3.6867 0.5956 0.8078 3.31 -9.07 1.66 172 310 281 267 184 
-0.61 1.74 2.77 -2.8800 8.3600 -4.0900 6.6000 1.0589 -0.7322 1.77 -3.49 8.98 176 295 276 250 183 
-3.86 1.91 19.77 -1.6600 -0.2900 9.5700 0.7978 -1.8722 -1.4411 1.05 1.47 9.63 175 280 256 248 185 
1.15 -0.51 14.00 0.7800 0.3600 5.9000 -2.3156 -0.8633 -0.4400 1.62 -1.31 9.57 173 248 255 222 184 
4.56 -2.31 8.23 2.2500 2.8400 0.5700 -4.8400 -0.4522 -0.5422 3.20 -6.89 6.18 171 232 237 215 185 
2.56 -4.85 -1.28 -0.1900 4.8300 -3.9800 -5.5867 3.2400 0.9133 0.88 -9.75 -0.40 163 236 229 219 185 
-2.53 -9.76 -10.00 -3.5000 -1.5400 -5.3200 4.3911 1.4200 -1.0211 1.58 -9.66 -0.41 172 242 234 215 184 
5.50 -6.86 10.66 2.6200 1.7400 7.0200 -1.8878 -0.1400 0.7256 1.53 -9.58 1.38 173 242 226 212 182 
-2.87 -9.06 -7.12 -2.7500 0.4800 -5.3600 -2.4911 0.0300 1.0633 -0.18 -9.20 -3.38 165 240 233 215 185 
-2.14 -7.48 -8.64 -2.1100 2.2200 -4.9300 4.4956 1.2333 -0.9933 0.71 -9.77 -0.14 168 243 235 223 184 
3.93 -7.73 10.78 -0.4000 -0.2100 3.9700 -0.2256 -1.8800 -0.3411 1.80 -9.24 2.73 170 247 238 222 185 
0.16 -8.92 1.56 -2.2300 -0.3100 -1.5300 2.2233 -2.6800 -0.8756 3.35 -8.52 3.49 170 250 236 218 185 
6.57 -3.85 -0.95 0.9700 3.5800 -7.0000 5.5567 -3.3122 0.3322 6.01 -5.19 5.74 169 292 218 199 178 
8.09 1.13 6.36 1.2800 2.3100 1.2900 3.6989 0.6611 -1.5300 6.98 0.58 6.85 169 318 193 187 178 
10.30 3.63 16.20 2.1500 1.0300 8.6600 -0.3156 -0.6544 1.5278 7.39 1.28 6.31 169 331 193 184 179 
6.70 1.28 8.45 -1.4800 1.7400 1.5900 -1.5411 0.4600 0.8200 7.43 -0.98 6.31 167 337 189 184 179 
1.87 -0.85 3.28 -6.0700 1.5500 -2.6300 -0.6111 -1.0833 -1.0967 8.31 -1.91 4.83 162 340 179 182 179 
8.38 2.02 -2.73 0.0100 2.2800 -5.8800 0.2522 -2.3378 -1.4722 9.66 0.27 1.65 159 328 182 184 177 
12.47 2.84 -1.36 2.6400 1.0400 -1.4800 0.6278 0.1122 -1.6167 9.43 2.66 0.26 158 333 183 186 179 
14.23 4.73 2.20 5.5300 1.1300 2.1300 0.7378 0.8322 0.1433 9.05 3.72 0.58 158 337 184 190 179 
9.59 4.15 3.94 0.2800 1.2300 1.5800 -0.6478 1.6056 1.4489 9.15 1.94 2.92 155 336 181 193 179 
;
