1.72 2.62 9.20 -0.0500 -0.1400 0.0300 0.0033 -0.0211 0.0056 1.81 2.77 9.22 190 305 303 313 221 
1.78 2.66 9.20 -0.0600 -0.1200 -0.0300 -0.0222 -0.0389 -0.0100 1.84 2.75 9.22 191 304 304 311 221 
0.78 2.78 10.45 -1.0900 0.1600 1.6900 0.0367 -1.8833 0.2667 2.97 2.74 8.93 188 311 301 305 220 
8.52 4.87 10.79 1.2500 3.2500 1.8500 -4.1567 -6.7411 1.9244 9.08 -0.66 3.62 191 304 308 299 217 
9.37 -3.10 -1.67 -1.4300 1.7500 -1.1300 -1.6844 -0.0444 3.9044 7.70 -5.98 -0.92 191 319 316 318 219 
2.80 -5.72 -3.20 -2.5000 1.5700 -2.1500 -0.0633 -0.4822 1.4611 5.25 -8.11 -1.64 191 322 320 323 216 
4.48 -8.00 -5.26 -0.7700 1.5500 -4.9000 3.0756 2.0667 1.4889 3.16 -9.10 1.80 189 315 317 322 219 
-1.26 0.86 2.67 -2.8900 7.8100 -4.2700 5.6411 2.5600 1.3944 -0.45 -4.95 8.45 188 315 320 322 219 
1.06 7.02 8.30 -0.2000 5.9900 0.4500 5.0667 0.3967 0.7522 -0.75 2.94 9.32 179 318 321 315 219 
0.12 5.32 15.28 -1.9300 0.9400 5.0900 -1.7989 -5.2956 -1.4167 3.40 3.72 8.40 187 306 265 259 211 
7.76 1.09 2.63 -3.0500 -1.7800 -2.4800 -3.2578 -9.0044 0.2078 9.51 1.28 -1.99 170 267 237 219 188 
9.50 -0.74 -8.19 2.3500 -2.1100 -2.7000 0.8067 -3.5133 1.3600 5.83 -0.41 -7.87 160 274 251 227 190 
4.32 -4.37 -9.88 2.0500 -1.7100 -1.8600 2.2933 -1.4533 1.4567 3.11 -4.23 -8.27 170 290 256 244 198 
2.46 -6.01 -4.98 -0.3300 1.7500 0.0700 3.6367 0.5578 0.8522 3.69 -8.21 -3.88 194 351 323 355 218 
1.87 -4.84 -0.73 -1.4500 5.0100 1.5900 0.3900 0.0244 0.0278 3.33 -8.92 -2.31 272 393 335 367 216 
3.17 -5.69 -1.52 -0.3300 2.6000 0.6800 -0.3222 0.1733 -0.0044 3.48 -8.86 -2.34 213 374 340 364 233 
3.35 -7.18 -1.34 0.0000 1.7500 1.0100 -0.3733 0.5589 -0.3911 3.94 -8.63 -2.44 213 316 334 293 229 
;
