3.03 5.35 7.55 0.0400 0.0000 0.0300 -0.0244 0.0122 0.0144 3.01 5.40 7.61 172 297 252 247 186 
2.78 5.32 7.87 -0.3000 -0.0200 0.3300 -0.1911 -0.4911 0.2600 3.35 5.25 7.56 171 298 253 246 187 
6.40 7.62 10.89 0.7900 3.9800 3.3000 -3.2778 -5.8733 2.9900 8.55 1.39 4.58 174 297 241 242 187 
9.70 -1.43 1.64 0.7400 2.4000 0.7200 -4.4667 -0.3267 4.0444 8.38 -5.08 -0.02 171 304 248 238 190 
2.56 -3.73 -3.66 -3.1700 2.7900 -2.4300 -1.5178 -0.1411 1.6222 5.58 -7.69 -2.40 168 308 255 255 188 
5.99 -7.50 -4.60 1.4400 0.1800 -2.7200 1.4089 1.6644 1.5244 4.58 -8.55 -1.38 169 298 254 260 189 
2.18 -2.54 0.49 -0.9400 6.1300 -3.7700 6.7556 3.3400 2.0878 1.15 -6.77 6.99 174 296 260 259 188 
0.67 8.84 10.63 0.9700 9.6000 2.2300 5.0389 2.3467 1.3422 -1.53 2.65 9.31 178 315 267 260 184 
-2.55 3.40 14.68 -2.1100 -0.3300 4.7500 -1.3878 -1.2022 -0.5956 -0.17 2.99 9.33 178 314 271 253 187 
-0.99 2.68 12.08 -0.7700 0.8200 2.0400 -1.2111 -0.7689 -0.3611 0.25 1.14 9.73 177 311 265 249 188 
3.92 0.06 7.37 1.0300 -0.1000 -3.7000 -2.1656 -3.8500 0.3000 3.76 -1.81 8.87 171 286 171 179 177 
3.97 -2.18 2.58 -2.8700 2.4700 -4.4000 2.1400 -0.3044 0.4611 6.06 -1.88 7.47 161 295 174 181 176 
9.86 -0.24 15.06 3.6200 -0.0900 8.2500 0.5289 -0.6822 0.5644 6.29 -0.41 7.50 162 329 186 186 177 
2.75 -1.17 7.23 -4.2200 0.8500 0.0100 -1.3844 -0.4544 0.3011 6.73 -2.54 6.65 156 343 178 183 178 
3.88 0.92 2.19 -3.2700 2.9200 -3.5600 -0.0733 -1.2711 -2.1533 8.13 -1.05 5.37 149 347 168 184 179 
10.33 3.26 -0.52 1.3400 1.7600 -5.2400 0.8122 -1.3767 -1.7144 8.97 1.93 3.44 149 344 173 184 178 
11.99 4.85 0.53 4.2300 1.7100 -0.1700 1.6556 -0.2100 -1.1700 8.60 4.53 1.29 144 342 170 184 180 
12.72 6.44 4.47 5.0800 2.0400 3.4000 0.3156 1.2022 0.9556 8.71 4.15 1.69 139 347 177 188 181 
8.35 4.35 4.71 -2.1600 1.7500 1.8400 -1.3933 0.0778 2.6833 9.40 0.93 2.61 140 343 174 186 181 
2.61 -0.55 0.42 -5.3900 0.0400 -2.8900 -0.5878 -0.1456 -0.5789 9.43 -0.39 2.64 140 344 179 187 180 
13.78 0.99 5.10 4.6900 0.5300 2.1000 -0.8311 1.5889 -0.6944 8.96 0.59 3.92 166 274 187 202 183 
6.89 -0.98 4.94 0.7900 -0.4800 -3.9100 -2.8067 9.1389 1.2333 0.19 -1.24 9.72 170 171 159 184 185 
-3.38 1.47 1.81 0.4500 2.3000 -6.3600 2.7311 0.6833 0.7922 -4.25 0.80 8.79 168 150 148 177 184 
-3.88 5.66 13.68 -0.4800 2.5000 6.1900 1.3433 -0.5344 -0.6378 -4.13 3.80 8.03 170 153 155 178 183 
-6.29 3.42 10.50 -2.8600 -0.9000 1.4900 -0.1678 -0.1167 -0.4378 -3.83 3.50 8.31 171 155 156 179 186 
-3.01 3.54 8.79 1.2900 1.3100 -0.1600 -1.4178 -1.2189 -0.3233 -3.02 1.90 9.13 169 187 166 188 187 
;
