3.39 0.90 8.99 -0.2000 -0.0100 -0.0400 -0.0778 0.1956 0.0100 3.58 0.93 9.08 177 295 249 242 187 
3.44 0.85 9.06 -0.1100 -0.0500 -0.1400 -0.0667 0.0522 0.0133 3.43 0.83 9.14 176 293 247 244 185 
3.58 0.91 9.19 0.3700 0.0200 0.0100 0.1989 0.0256 0.0800 3.37 0.96 9.15 173 297 254 244 185 
5.87 2.71 8.98 2.1700 0.9800 0.2300 2.8267 -2.7567 2.4933 5.22 2.42 7.93 176 295 243 228 186 
10.27 1.57 7.70 1.7100 0.1300 3.5800 -0.5833 -5.3800 4.8456 9.47 -1.64 1.91 177 318 207 198 180 
4.76 -3.24 -2.35 -2.7200 0.4400 -1.3800 -0.1867 -1.7289 2.1300 7.36 -6.05 -2.27 167 336 190 180 174 
-0.54 -2.67 8.71 -4.8800 4.3100 10.0400 -0.4511 -1.1756 0.0133 6.62 -7.12 -1.20 163 348 206 187 175 
8.26 -6.42 -2.57 1.0500 0.0700 -1.1700 -1.7489 -0.6978 -0.1200 6.65 -6.36 -3.38 167 353 206 187 175 
7.26 -5.54 -6.91 0.6200 0.3900 -2.7000 0.5822 0.6178 0.3467 6.52 -6.27 -3.75 162 353 206 190 175 
3.52 -8.24 -2.02 -3.5500 3.3500 2.0200 3.3600 -0.5322 -0.8222 6.89 -6.95 -0.55 168 357 212 197 177 
6.10 -6.63 -0.57 -0.4900 0.4400 -0.2700 -0.3800 -0.1456 -0.0389 7.03 -6.81 -0.40 169 345 219 199 177 
7.81 -5.96 0.04 0.2100 0.5400 0.6000 -0.2544 0.8067 -0.5011 7.44 -6.38 -0.10 170 327 213 200 177 
7.33 -6.26 1.04 1.0600 0.1800 1.5200 -0.9778 -3.0144 0.6589 7.13 -6.34 -2.23 174 315 190 183 177 
7.85 -8.53 -4.83 2.1900 -0.7800 -0.6100 0.9100 -1.6300 1.8278 4.15 -7.92 -4.00 142 248 186 163 169 
0.79 -7.49 -4.18 -0.8000 1.9500 -1.0900 2.5656 -0.3956 0.9144 1.82 -9.51 -1.53 112 247 167 160 165 
1.06 -7.74 -2.48 -0.8500 2.2500 -3.0300 3.7756 1.1444 -0.2678 1.53 -9.01 3.53 113 253 156 164 170 
0.74 -2.53 14.60 -0.3700 4.6800 7.9000 -1.0067 0.0256 0.2956 1.45 -7.69 5.90 117 239 169 167 171 
1.59 -8.93 4.91 -0.1000 -0.2900 0.4400 -0.4644 0.2944 -0.5656 1.76 -8.29 4.92 138 260 179 175 172 
0.03 -6.97 4.68 -2.6500 2.1900 0.3800 -1.1000 1.8589 -3.6578 3.87 -8.12 3.88 160 280 203 190 173 
6.16 -4.13 2.15 0.6000 1.9900 -2.7100 0.4611 3.7933 -3.8000 5.57 -5.11 6.24 168 250 213 197 175 
7.51 -0.85 4.57 1.9400 2.0300 -3.9300 2.7944 11.5822 -0.5589 -2.28 -0.78 9.50 176 168 158 162 181 
-15.17 2.04 16.01 -7.9200 3.6700 11.1900 1.7844 -0.6078 -0.8133 -4.43 1.53 8.60 180 171 172 167 180 
-2.29 2.07 8.77 1.6200 -0.0600 -0.1000 0.5167 -0.0289 0.5000 -4.78 2.07 8.30 179 175 177 167 178 
-5.88 2.66 9.21 -1.4100 0.3200 0.7800 -0.2722 -0.4289 -0.2778 -4.61 2.02 8.41 182 192 182 172 182 
-2.74 3.02 8.26 0.2700 0.3600 -1.3600 1.9489 -6.4067 0.3411 0.41 3.73 9.05 178 269 225 221 182 
;
