-3.22 3.04 8.75 0.2500 0.0300 0.1100 0.0389 -0.0067 0.0156 -3.48 3.03 8.65 171 316 288 282 206 
-3.09 3.01 8.97 0.3000 -0.0100 0.2900 0.0289 -0.1744 0.0044 -3.24 3.05 8.73 174 318 292 288 208 
-2.93 3.02 8.84 0.1500 -0.0500 0.0500 0.0033 0.0033 0.0200 -3.12 3.08 8.76 174 318 293 289 208 
-2.97 3.09 8.99 0.1500 0.0500 0.4200 -0.0022 -0.0700 0.0867 -3.01 3.07 8.81 175 319 281 285 208 
-0.41 3.74 13.66 0.5400 0.7900 3.5500 -1.1567 -7.7478 2.3167 2.71 2.45 9.09 173 347 228 222 200 
12.52 1.35 4.89 3.8100 1.5700 -1.0500 0.7956 -3.9156 5.5667 8.47 -2.34 4.33 172 353 180 192 191 
4.40 0.10 3.42 -3.1700 5.4800 1.1900 2.6700 -1.7589 2.9989 6.83 -6.37 2.98 173 331 186 193 191 
6.58 -2.98 9.81 0.8400 2.6800 5.6000 -1.5056 0.5833 -0.4767 6.80 -6.27 3.23 174 338 195 205 191 
8.40 -6.49 -2.72 0.9500 0.1200 -6.0800 -0.0089 0.3067 0.0022 6.98 -6.41 2.49 173 332 194 206 192 
4.55 -2.43 7.71 -7.1000 2.2400 9.2700 0.4244 -1.2133 -0.4311 6.89 -5.59 4.15 173 363 207 218 193 
3.71 -3.18 5.13 -1.0200 2.0700 -2.3100 -1.7856 6.1256 -2.8756 5.38 -4.72 6.70 173 350 180 189 193 
1.20 0.49 9.21 0.0700 2.2700 0.5000 3.5478 0.7867 -0.8178 0.68 0.15 9.78 174 361 183 189 194 
2.03 1.13 17.91 0.8800 -0.2800 8.2900 -0.6333 0.0556 0.8844 0.48 1.32 9.70 174 366 187 188 194 
-0.72 -0.61 10.93 -2.3300 0.6500 0.2900 -3.0289 0.3444 0.8333 0.45 -2.45 9.48 167 349 182 190 194 
-4.02 -0.79 3.80 -4.1900 3.5100 -5.3900 -0.5289 0.4411 -2.1856 0.32 -4.52 8.69 166 340 180 188 195 
2.53 1.27 4.61 1.9200 5.0000 -3.2900 2.2622 -0.3789 -2.2044 2.07 -2.12 9.34 164 326 186 191 194 
8.96 2.19 12.03 6.4700 1.4400 2.7300 1.5400 -0.4678 0.3367 2.64 0.78 9.40 162 318 186 192 193 
6.30 0.41 15.03 2.5000 -0.6400 5.8700 -0.3333 -0.6444 2.8633 3.71 0.41 9.06 164 333 191 196 194 
;
0.55 -1.30 7.59 -3.2700 1.3100 -1.6200 -1.9333 -1.1878 2.0156 4.70 -3.61 7.80 168 342 193 201 194 
2.42 -3.55 5.61 -1.8900 1.3700 -1.1400 -0.2311 -1.1356 -0.5811 5.81 -4.64 6.38 171 324 222 225 194 
8.89 -4.55 5.85 1.8400 -0.5800 0.0000 0.7144 -1.1033 0.3456 7.13 -3.97 5.43 173 324 237 268 199 
7.35 -5.56 1.67 -0.2100 -0.2300 -2.1200 1.0567 -3.9967 2.4511 7.40 -5.94 2.44 173 347 183 200 189 
3.04 -3.48 5.37 -7.8300 3.9500 6.7300 0.2556 -1.6556 0.5878 6.43 -7.01 2.35 171 363 200 201 189 
6.34 -7.16 -0.08 0.1400 0.2600 -1.9900 -1.9578 -0.2433 -0.5044 6.66 -7.18 0.37 172 362 203 204 190 
8.09 -6.25 -4.00 1.1300 0.5200 -3.4300 2.0100 0.4044 0.3344 6.65 -7.11 1.13 172 353 212 215 191 
8.56 -6.22 8.63 2.3900 1.0200 5.0400 -0.6689 2.1056 -0.3122 6.75 -6.75 2.22 172 364 215 217 191 
6.61 -4.60 1.03 0.1500 1.5200 -3.8800 -0.6778 8.4378 -2.2344 4.81 -5.83 6.23 169 349 191 196 192 
-1.53 -1.27 8.15 -1.9100 1.6100 0.8100 3.6078 0.1922 -1.0011 0.01 -1.22 9.72 172 358 191 190 191 
0.04 -1.85 18.27 0.0400 -1.3600 7.9000 -1.2578 -1.2744 1.0922 0.98 -0.82 9.72 170 367 197 195 193 
-2.40 -2.20 9.18 -3.5200 1.2200 -1.3400 -2.7567 -0.5733 0.0233 0.90 -4.53 8.64 170 369 190 195 194 
-2.30 -0.43 4.07 -3.4600 5.3300 -4.0100 -0.1544 -0.3233 -3.0644 2.67 -5.05 7.96 170 359 180 194 194 
7.04 1.63 3.98 4.6500 3.7900 -2.8800 2.7089 -0.7356 -2.3867 4.96 -0.87 8.41 168 334 185 196 195 
13.37 1.67 12.18 7.3300 0.0300 4.7500 2.0744 -0.3822 1.6156 5.78 2.06 7.64 170 336 196 204 195 
5.38 1.49 10.82 -1.7200 0.6600 3.1100 -0.6378 0.2467 2.9378 6.35 -0.59 7.44 173 360 207 218 196 
;
