5.40 2.78 7.79 0.0200 0.0700 -0.0100 -0.0678 -0.3778 -0.1244 5.46 2.68 7.68 168 274 224 223 173 
6.79 2.89 8.26 0.6900 0.2300 1.1200 -0.6033 -1.6867 -0.1267 6.89 2.47 6.52 165 296 226 221 174 
10.07 1.26 4.31 2.5200 -0.7600 -0.4000 -0.3933 -4.4711 1.1100 9.49 1.23 2.09 170 332 197 201 170 
10.97 0.74 -4.10 1.7600 1.6100 -2.3100 1.4233 -3.0556 2.7522 9.02 -2.11 -3.20 171 347 197 191 167 
7.40 -2.73 -3.61 -1.0100 2.2600 -0.1600 3.0189 1.9111 2.1322 7.24 -6.42 -1.55 172 348 198 196 167 
13.26 -2.98 6.35 2.6000 2.3100 4.7000 -2.0044 3.4022 -0.1189 7.29 -6.55 -0.12 169 355 198 198 168 
7.81 -5.66 -5.65 -0.2400 0.2900 -3.9400 -1.3833 -1.7367 -0.1844 7.00 -5.58 -3.98 149 353 199 188 169 
7.45 -5.07 -6.10 2.8400 1.0800 -2.9000 1.9811 2.3056 0.5522 6.89 -6.47 -2.60 171 347 198 199 167 
12.76 -4.56 5.27 2.8300 0.6300 2.8000 -2.9433 4.7311 -0.2156 7.37 -6.44 -0.56 174 347 204 204 171 
9.05 -5.85 -3.14 0.2400 0.3600 -3.2800 -3.8044 8.0222 2.3478 5.69 -7.72 2.02 174 360 171 178 169 
2.35 -5.62 0.68 -0.4500 4.3800 -1.0400 0.1189 1.9189 -0.5567 3.49 -8.54 3.31 177 359 161 176 171 
5.44 -3.84 4.65 3.4600 3.8400 0.1700 2.2767 1.0533 -1.3267 4.17 -6.62 5.90 178 360 162 181 172 
10.65 -4.51 8.27 3.7500 -1.4900 1.7000 2.2989 -0.7700 0.1344 5.33 -3.34 7.51 173 361 171 183 171 
4.72 -6.51 10.78 -0.2000 -2.9900 1.9300 0.5622 -1.0489 1.8711 5.32 -3.33 7.53 149 368 174 189 170 
3.75 -4.58 10.19 -1.9100 0.3700 2.7900 -1.2356 0.3967 1.5744 4.05 -5.58 6.96 173 369 171 190 171 
1.90 -5.59 7.98 -0.8900 1.3000 1.6700 -1.3311 0.6767 0.7033 2.44 -7.43 5.90 154 364 177 190 173 
1.35 -6.18 5.52 -0.2700 2.1800 0.2400 -1.2189 0.9178 0.0856 1.40 -8.59 4.50 3 357 176 189 173 
0.64 -6.17 3.29 -0.6700 2.5700 -1.0400 -0.5322 0.9100 -0.8689 1.66 -8.93 3.68 4 358 179 190 173 
2.71 -5.97 2.75 0.6500 2.6500 -1.3700 0.2400 0.7711 -1.4711 2.93 -8.45 4.01 3 359 180 191 173 
5.86 -5.45 3.04 2.0300 1.8100 -1.7700 1.7078 0.3544 -1.8844 4.57 -6.65 5.56 3 356 183 190 173 
9.93 -8.30 11.97 1.8500 -1.7600 5.8000 0.4344 0.0478 0.6511 5.24 -4.79 6.75 5 351 190 194 174 
6.52 -3.62 4.71 -0.0400 0.8900 -1.8900 2.6667 -4.3678 -0.0844 8.01 -3.09 4.72 166 172 205 205 174 
12.78 0.73 -0.53 2.2600 2.5400 -0.7600 3.8478 -0.3611 0.1311 9.63 -0.95 1.55 171 161 166 177 165 
11.58 3.53 -2.75 2.7000 4.4200 -2.1500 3.2467 0.5611 -0.4878 9.79 0.00 -0.41 160 149 162 160 121 
15.57 1.87 1.91 5.2400 2.4700 2.2400 -0.3889 3.1022 0.5489 9.80 0.06 0.18 159 166 177 175 158 
9.55 1.71 0.10 -0.1700 1.4100 -1.1500 -1.6400 1.3989 -0.6789 9.62 0.39 1.84 157 171 180 179 161 
9.91 0.25 -2.70 0.6500 -1.3900 -5.4300 -0.6633 0.1544 -0.5156 9.46 1.12 2.32 164 173 180 180 160 
8.85 -1.68 -4.27 -0.8800 -1.1100 -1.2900 2.6467 -1.5878 0.8933 9.78 0.53 0.20 163 161 171 168 129 
9.98 -0.69 2.25 -1.2200 -1.1400 2.4500 -1.1622 2.1789 0.3500 9.76 0.04 0.94 167 182 183 184 163 
7.73 -2.52 -1.57 -1.2200 -1.2000 -4.3100 0.4800 3.1156 0.1000 9.14 -0.65 3.46 169 215 202 202 169 
3.17 1.58 3.22 -5.4500 0.2700 -3.3100 3.0411 4.2456 -0.8244 5.15 2.76 7.87 170 258 225 219 170 
-2.93 6.06 11.49 -4.5700 1.7900 2.2400 0.6100 -0.7278 -0.9511 1.34 4.30 8.70 173 275 242 237 172 
;
