5.45 1.46 8.16 0.0300 0.0000 0.0600 -0.0644 0.0156 -0.0589 5.41 1.39 8.05 176 263 254 244 185 
4.47 1.02 9.34 -0.5300 -0.2200 1.9000 -0.8189 -2.9889 0.0633 6.90 0.90 6.90 177 302 214 229 183 
13.18 -0.90 -0.78 3.9300 -0.7000 -1.4100 -0.9611 -6.2722 2.1022 9.35 -1.41 -2.58 175 322 197 193 173 
7.12 -1.12 -7.24 -1.5000 2.8200 -2.5700 2.3356 0.3656 2.3767 7.38 -5.36 -3.58 174 339 173 195 174 
-6.26 -3.83 11.81 -2.2300 2.4200 9.5600 -0.8933 -1.4278 -0.1633 7.01 -6.65 -1.63 171 350 195 196 171 
10.80 -5.39 -8.95 2.4900 -0.0200 -5.4300 -0.4878 -0.8511 0.1411 6.72 -5.22 -4.86 171 350 193 192 171 
7.70 -6.28 -6.88 1.1900 0.4700 -3.0700 4.7333 3.0367 0.3667 7.03 -6.70 -1.31 170 348 197 201 173 
9.15 -6.93 -2.67 0.2000 -0.7200 -1.9100 -0.5611 1.2911 0.1522 7.29 -6.50 -0.78 171 350 200 202 173 
4.52 -5.52 0.38 -2.3800 1.5000 1.1000 -0.6433 -0.1444 -1.0356 7.79 -5.89 -0.84 173 290 205 207 176 
8.65 -3.63 -0.88 0.4100 0.5200 -0.3300 -0.5322 1.5189 -1.7644 9.13 -3.54 0.29 176 263 220 216 174 
10.73 -2.86 3.28 1.4600 -0.7900 0.4600 -0.1989 1.6078 -0.6800 8.90 -1.86 3.65 163 274 226 224 180 
12.09 -1.91 8.22 1.2700 -1.0200 3.3500 -2.4422 -0.3767 1.7756 8.26 -3.92 3.52 175 292 235 232 179 
7.22 -5.04 1.32 0.8500 1.7800 -1.3800 -3.2578 0.1333 2.8533 5.27 -8.25 0.50 167 315 261 248 183 
0.59 -6.79 -5.47 -1.3800 2.3600 -4.0900 -0.4878 0.0178 1.1078 2.63 -9.36 -1.26 174 319 267 261 184 
0.79 -5.09 -4.49 -1.8200 4.7700 -4.0700 6.2467 -0.3567 -1.3289 3.29 -8.03 4.55 178 313 279 271 187 
5.12 -2.88 19.63 1.8300 0.6700 12.8700 0.4878 -0.1033 -0.5867 3.67 -4.48 7.90 176 321 284 266 186 
5.06 -5.02 3.88 0.6900 2.0500 -2.2800 -4.7033 -1.1522 0.8933 3.96 -8.49 2.87 179 331 282 266 186 
2.01 -7.78 -5.91 -1.5800 1.2500 -7.4700 1.6978 0.7989 -0.0922 3.30 -9.03 1.88 181 309 273 253 186 
1.54 -0.13 5.90 -1.1800 5.8500 0.0000 4.7533 -0.2967 -1.2278 4.11 -5.10 7.29 179 307 287 258 194 
9.28 -1.75 19.41 4.1600 0.6300 12.3200 -0.5367 0.4600 0.0233 4.47 -2.48 8.36 178 319 270 271 184 
4.34 -1.56 7.16 -0.6600 4.0900 -0.7700 -5.2156 -1.7733 1.5389 4.61 -7.65 4.03 179 323 288 260 187 
0.04 -7.51 -5.69 -3.2700 1.5800 -4.9300 -1.2189 -0.1578 0.0600 3.27 -9.16 -1.23 177 315 286 265 187 
7.08 -12.56 -0.75 1.4500 -0.7500 0.0200 0.6533 0.4211 -0.2544 4.15 -8.87 -0.27 181 311 281 269 188 
5.85 -8.82 -1.85 1.4300 -0.0600 -2.5900 -0.3800 3.8611 0.4722 3.67 -9.03 0.96 174 310 174 172 175 
-4.10 -6.10 -1.26 -5.5100 1.1100 -2.7700 1.8478 1.6089 0.4644 0.81 -9.03 3.72 172 338 150 176 175 
0.44 -3.58 8.52 -0.1500 4.3100 2.6000 2.1444 0.4378 -1.2900 1.35 -7.05 6.68 171 340 162 182 175 
3.41 -4.89 8.08 1.9300 0.1400 0.2800 2.3000 -0.9789 -1.0100 2.47 -4.51 8.34 171 339 164 188 172 
7.59 -8.98 12.10 4.0500 -5.2800 4.1700 -0.1278 -1.1278 1.4567 3.93 -3.38 8.32 167 340 165 187 174 
2.63 -7.23 10.53 -1.0800 -1.2600 3.1500 -1.5700 -0.1011 2.2600 2.91 -6.16 7.04 169 340 166 184 173 
0.71 -5.14 8.36 -1.2400 2.1700 2.3200 -2.0011 1.0244 1.0067 0.81 -8.34 5.08 168 338 167 182 171 
-0.76 -5.34 4.89 -0.9000 3.8800 0.8400 -1.3022 1.5744 -0.5678 0.11 -9.26 3.22 167 337 163 184 174 
1.03 -4.40 0.86 0.4400 4.2800 -1.9200 0.2878 1.6767 -1.4322 1.07 -9.37 2.66 170 337 164 187 176 
5.51 -3.94 2.50 3.6600 3.0500 -2.2500 1.7456 0.5989 -1.4400 2.81 -8.12 4.71 172 337 171 190 173 
8.41 -10.52 8.11 2.8100 -4.3900 2.1500 1.2700 -0.4156 -0.3289 4.11 -5.93 6.62 168 334 167 191 173 
4.21 -7.54 6.74 2.4800 -0.3600 -0.8600 -0.0733 0.1256 0.4733 3.69 -6.17 6.65 171 330 169 190 176 
;
