5.70 2.92 7.53 0.1800 -0.0900 0.0000 -0.0678 0.0889 -0.0633 5.51 3.02 7.52 183 312 329 335 217 
5.48 2.92 7.63 0.0800 -0.1000 0.0400 0.0367 0.1822 -0.0189 5.33 3.04 7.64 182 315 318 325 218 
5.76 3.89 9.94 1.0900 1.2700 2.4600 -1.4122 -0.4222 0.8056 5.69 2.03 7.72 183 331 185 180 202 
17.29 -0.70 -1.18 7.9900 0.2600 -3.0400 2.8511 -5.8878 2.8889 9.51 -1.30 -1.96 173 352 172 164 187 
7.33 0.19 -3.68 -0.5800 5.3100 -0.5600 4.5111 -1.4111 2.3478 7.08 -6.51 -1.86 174 367 177 170 187 
4.79 -2.00 3.24 -1.5800 5.5000 3.6900 3.4311 0.9067 0.0711 5.82 -7.56 2.22 175 380 177 175 188 
5.01 -6.11 5.54 -1.0300 0.7800 2.7400 -3.0578 -0.1889 -0.3944 6.15 -7.60 0.63 175 370 183 177 189 
6.05 -7.99 -5.88 0.0400 -0.4000 -4.8800 0.6500 -0.5278 -0.0133 6.21 -7.57 -0.41 177 371 181 176 189 
-3.78 -2.34 8.49 -4.7500 5.3000 8.7700 -0.0500 0.3933 -0.4544 6.07 -7.34 2.31 177 376 188 181 191 
5.78 -6.75 5.00 -1.7500 -0.5600 0.0900 -1.2911 3.8656 -1.6633 5.95 -6.74 3.89 171 341 260 256 202 
2.17 -6.84 1.47 -1.8400 0.0000 -4.5500 0.7911 1.9200 -2.2222 5.61 -5.11 6.19 157 222 219 218 204 
9.48 0.73 8.11 5.9200 3.9100 1.9800 2.9222 1.3256 0.9056 4.38 -2.12 8.51 117 172 176 186 193 
3.87 4.32 9.99 0.7200 5.6200 0.5200 0.6767 0.5089 3.6622 1.59 -1.50 9.55 102 177 181 189 191 
0.79 0.76 10.11 -0.0300 3.4900 1.4900 -0.3389 1.4200 -1.3600 0.77 -1.69 9.62 118 184 180 193 191 
3.31 1.21 9.35 2.4100 3.2800 -0.3600 -0.9011 0.9111 -2.5722 1.03 -2.46 9.43 116 186 181 193 190 
6.12 -2.13 8.67 5.6900 0.7400 -0.6200 0.0033 -0.0944 -0.9722 1.01 -2.62 9.39 117 185 179 195 192 
5.31 -2.58 9.64 3.9000 0.1200 0.0800 -0.2822 -1.0167 2.6367 0.85 -3.03 9.28 122 188 183 197 192 
-8.42 -2.94 9.34 -4.4800 1.0000 0.1900 -0.3156 0.3867 -1.5922 0.31 -3.61 9.11 121 190 181 196 191 
0.00 -5.23 8.43 2.5700 -0.2200 -0.5600 -0.9567 0.1056 -1.6467 0.90 -4.87 8.45 121 194 187 197 192 
0.33 -2.07 3.35 -1.8800 4.0300 -5.8100 1.8967 0.1978 -2.6033 1.85 -3.59 8.93 164 281 281 279 208 
0.22 4.80 7.92 -1.1800 4.4900 -0.8400 5.1311 0.6367 -2.0744 0.31 3.63 9.10 183 339 341 361 217 
;
