6.07 2.82 7.19 0.0700 0.0500 0.0000 -0.0244 0.0389 -0.0367 6.00 2.77 7.23 169 262 270 242 181 
5.93 2.83 7.33 -0.1200 0.0500 0.1800 -0.0311 0.0111 -0.0344 5.96 2.77 7.26 177 264 269 241 181 
5.89 2.93 9.23 -0.5700 0.6600 2.7000 -1.9300 -5.5122 0.6922 8.30 1.58 4.96 173 306 227 203 179 
11.49 -0.61 -2.27 0.9500 -0.1900 -2.2400 -0.5844 -3.9622 2.1833 9.27 -1.60 -2.75 168 346 181 176 170 
6.19 -1.02 -4.86 -1.0300 2.4900 -0.8200 2.0322 0.5467 1.6678 7.59 -5.34 -3.14 173 352 179 178 168 
-1.65 -3.62 5.70 -11.2300 3.0200 10.7700 0.1878 -1.6200 -0.1622 7.26 -6.55 -0.71 171 360 195 188 170 
8.69 -6.20 -4.07 1.8000 -0.5300 -3.5100 -1.6078 -1.2467 -0.2978 7.43 -5.53 -3.20 168 365 194 185 172 
7.62 -4.98 -6.30 1.5200 1.1500 -3.1200 1.7800 1.4000 0.1800 7.38 -5.97 -2.41 168 350 198 190 170 
12.18 -3.94 7.54 2.4400 0.4400 4.9300 -1.1044 2.3244 -0.6489 8.08 -5.52 -0.57 167 358 185 190 170 
9.37 -7.23 -4.35 0.5200 -2.4800 -2.8300 -0.1011 -1.2367 -1.3700 8.51 -3.65 -3.20 141 346 149 163 171 
6.35 -2.95 -5.40 -2.5800 -0.8900 -5.0400 2.6433 0.4256 -1.1433 9.28 -2.28 -2.15 117 352 152 167 167 
7.65 0.37 0.50 -0.8800 2.9800 -0.2500 1.2589 0.5456 0.4456 9.47 -2.43 0.63 106 351 146 166 168 
8.82 -0.90 0.38 -0.7700 1.2600 -1.7600 -1.2611 0.4711 0.2056 9.24 -2.67 1.89 110 355 164 176 169 
7.85 -3.45 1.82 -1.3200 -0.4500 -0.9200 -1.3489 1.3067 -0.1044 8.72 -3.20 3.11 117 363 162 183 174 
6.54 -4.72 4.38 -1.8400 -1.2100 0.7900 -0.1156 0.4078 0.2633 8.25 -3.62 3.85 130 364 166 184 173 
7.03 -4.48 3.84 0.0600 0.1800 0.5200 -0.5678 -0.1311 0.7111 7.68 -4.64 3.93 147 356 174 186 174 
7.19 -4.34 4.09 -1.6900 0.3800 -0.8200 -2.9222 2.7511 0.7100 5.39 -6.92 4.36 155 269 206 202 175 
1.74 -10.16 -0.89 -1.6300 -1.4800 -3.3000 -3.4300 4.9544 1.4133 0.25 -9.68 1.53 161 236 222 212 176 
0.24 -10.24 -0.48 0.2600 0.1300 0.4900 -2.2700 2.3944 1.0344 -0.75 -9.67 -1.44 164 238 225 228 178 
-3.92 -8.89 -10.03 -2.4000 0.5900 -6.4100 4.0644 1.4522 -1.3922 -0.43 -9.60 -1.93 162 245 232 230 179 
7.41 -5.00 17.79 4.5100 1.4800 12.2700 -1.3244 0.1989 0.4467 0.68 -9.51 2.29 168 259 248 233 179 
1.23 -9.47 -1.83 0.2200 0.5900 -1.9900 -3.6778 -0.7056 0.5011 0.41 -9.47 -2.49 167 263 232 236 182 
-2.38 -8.02 -11.57 -1.8200 0.4000 -7.2500 0.5033 0.1911 -0.2933 -0.11 -8.54 -4.80 155 253 243 229 181 
-1.25 -6.97 -0.22 -1.9700 4.7200 3.4900 7.1944 1.3789 -2.2733 1.66 -9.28 2.69 162 259 242 230 181 
3.65 -8.26 7.55 3.5600 0.6100 3.7700 -1.1033 -0.0744 0.3678 1.31 -9.45 2.23 161 264 245 233 181 
1.52 -7.20 0.47 0.7400 2.7600 -1.1000 -0.6322 -2.3367 1.6922 -0.19 -9.77 0.75 161 257 238 226 182 
-1.88 -6.33 -0.81 -0.3400 2.6400 -3.8500 6.1600 -3.6789 0.2678 -0.70 -7.73 5.98 163 260 248 236 182 
;
