5.37 3.11 7.38 -0.0400 -0.0200 -0.0600 0.0189 0.0300 -0.0222 5.44 3.20 7.49 172 283 265 242 192 
5.33 3.14 7.46 -0.2200 -0.1000 0.0400 -0.0089 -0.2233 -0.0311 5.61 3.20 7.37 172 287 265 242 191 
8.70 3.38 6.67 1.8100 1.0500 0.9000 -1.0256 -6.3067 0.9244 9.20 1.93 2.77 172 313 240 225 188 
13.21 -1.08 -3.84 2.0600 -0.0300 -2.1700 0.6011 -2.3178 2.5456 9.17 -1.50 -3.11 170 351 185 186 181 
5.30 -1.92 -5.07 -0.8900 2.5100 -0.4400 2.6200 0.5100 2.1256 7.28 -5.79 -3.08 163 351 188 190 178 
8.31 -4.10 5.85 3.4700 1.5300 4.9900 -1.4744 2.3633 0.2811 6.92 -6.66 -1.92 167 358 188 172 177 
7.33 -4.82 -8.71 0.3900 0.8600 -4.8800 -0.8833 -0.7756 -0.1222 6.57 -5.14 -5.14 166 362 195 187 177 
9.65 -5.41 -6.43 3.1300 -0.2200 -3.2000 4.4156 3.9889 1.4044 6.77 -7.03 -0.84 168 357 211 197 177 
4.84 -6.91 0.32 -2.7900 -0.2500 1.4700 -1.3956 -2.0400 -0.5278 7.02 -6.41 -2.37 147 341 188 183 177 
6.37 -6.68 -5.76 0.7500 -0.4000 -1.1500 -0.8411 -3.3833 1.1544 4.03 -6.17 -6.46 149 341 165 163 172 
1.04 -6.26 -9.44 -1.1200 1.6300 -3.2000 2.8778 0.0556 1.0100 1.59 -8.50 -4.61 115 266 157 165 165 
-1.65 -7.61 -7.25 -1.2400 3.5800 -2.0600 6.5378 2.3778 -1.4133 1.90 -9.12 3.06 121 272 159 170 167 
1.05 -10.38 -1.12 -0.4900 -1.5500 -3.4200 -0.4578 0.7133 -0.8756 1.96 -9.27 2.49 121 251 165 180 170 
1.99 -9.52 5.32 -0.8400 -0.9400 2.4400 -2.0078 1.2578 -1.4178 3.29 -9.17 1.04 137 271 163 175 172 
1.57 -11.78 -1.31 -2.9300 -1.0700 -1.2600 2.4189 1.9089 -3.3722 6.51 -6.45 3.46 149 298 177 183 183 
8.96 -1.73 3.76 2.5400 2.8200 -2.4000 2.9911 -0.4800 -0.1144 6.66 -3.00 6.53 151 215 173 182 175 
6.96 2.15 8.24 -0.8300 3.8500 1.0300 0.4822 0.2867 0.5667 6.47 -1.80 7.14 127 186 166 176 176 
5.53 0.60 6.67 -0.1000 2.6800 -0.9300 -0.8356 0.3189 -0.6933 6.06 -2.13 7.40 131 179 172 179 178 
7.46 -1.46 6.32 0.3300 -0.1000 -1.5200 -1.9811 0.4744 -0.5433 5.63 -3.13 7.39 125 181 167 178 178 
4.44 -8.28 4.93 -0.6000 -3.9800 -0.8500 -0.2533 -0.3333 -0.4600 5.99 -3.72 6.81 124 187 167 181 176 
4.92 -3.72 7.74 -1.1200 -0.0400 0.5600 0.1811 0.0011 0.2333 5.71 -3.64 7.08 140 193 173 184 176 
2.37 -3.45 4.41 -5.4100 -0.5400 -4.0200 -0.1689 -0.7078 -0.4467 5.93 -3.50 6.98 157 273 189 190 179 
;
