4.63 2.91 8.03 0.0000 -0.1000 -0.0500 0.0089 0.0433 -0.0178 4.58 3.06 8.10 177 255 236 233 191 
4.54 2.98 8.10 -0.0600 -0.1100 -0.0100 -0.0089 0.0011 -0.0133 4.58 3.06 8.10 176 260 237 231 192 
4.61 2.20 8.48 -2.0100 -0.7600 1.1100 -1.1989 -8.5756 0.2533 8.84 2.24 3.58 174 300 211 217 187 
11.72 -0.26 -6.36 1.1300 0.1900 -3.1800 1.1078 -3.4667 2.8233 8.78 -1.43 -4.11 171 320 173 187 178 
5.73 -0.81 -4.42 -1.4100 3.9000 1.4300 3.2800 1.3967 2.0456 7.06 -6.30 -2.53 167 330 180 190 175 
4.27 -4.86 0.53 -2.0300 1.3500 2.1900 -3.4889 -2.0433 -0.6233 6.74 -5.25 -4.80 154 331 183 183 179 
6.58 -3.79 -11.82 0.3100 0.8000 -4.8800 1.6189 0.7889 0.4011 6.07 -4.82 -5.99 166 327 184 189 181 
0.94 -1.21 10.34 3.0800 1.8500 9.7900 -1.2344 -0.2122 -0.0744 6.93 -6.12 -3.24 168 338 191 198 181 
11.60 -5.64 -1.97 4.9300 0.0200 -1.0800 -1.1800 7.0278 -0.8089 8.38 -5.05 0.61 171 240 192 210 183 
4.62 -4.81 -2.28 -2.0900 0.1700 -8.7800 0.1533 8.7011 2.6489 0.07 -5.78 7.91 173 168 162 175 184 
-4.58 -1.10 1.28 0.1400 3.6800 -6.0400 4.4567 0.4778 0.7211 -3.54 -1.68 8.98 178 161 163 172 179 
-7.31 2.01 19.84 -5.6300 -2.8500 8.3400 0.4944 -0.8989 -0.5689 -3.44 1.65 9.03 177 167 166 174 178 
-3.68 0.79 9.72 -0.5800 -0.1700 0.4900 -0.0978 -0.7122 -0.0967 -2.74 0.96 9.36 174 186 171 181 180 
0.86 1.70 9.11 -0.1600 0.1600 -0.7700 2.3000 -7.6022 0.3367 4.59 2.44 8.30 180 265 220 219 185 
4.31 -0.33 1.53 -5.4000 0.0800 2.0000 -2.6000 -8.2300 4.0756 8.82 -2.01 -3.77 178 268 244 236 186 
3.03 -0.96 -8.74 0.4900 1.9900 -0.1300 -2.9767 -3.2667 1.5389 0.41 -0.63 -9.77 180 267 242 242 178 
-0.55 0.90 -14.28 1.4000 -0.4700 -4.1200 0.1222 0.4111 -0.1378 -0.04 0.55 -9.79 181 275 245 244 182 
1.03 0.58 -9.06 1.0100 0.3800 0.5400 -0.0833 0.3467 -0.1522 0.39 0.22 -9.79 181 272 244 239 181 
1.34 1.07 -11.83 -1.3700 1.7000 -1.7800 1.3689 4.9944 -1.3789 4.72 -0.52 -8.57 180 270 242 237 183 
5.30 0.98 -3.30 -3.5900 0.6700 -0.4400 1.5567 8.7544 -1.3756 9.45 0.59 2.52 180 271 245 245 184 
;
