-0.08 6.56 10.76 -0.3100 0.7200 3.7300 0.4156 -3.5856 1.5289 2.12 5.99 7.46 177 321 278 236 198 
7.08 3.71 7.66 0.4600 0.7500 0.1400 -2.7622 -4.5711 4.0800 8.15 0.82 5.37 173 340 235 205 189 
8.57 0.00 -3.97 -0.0600 3.9200 -4.5800 1.2156 -4.9156 3.8867 8.16 -5.18 -1.62 165 339 202 199 181 
5.49 -3.69 1.43 -10.2300 3.6800 10.5400 1.4511 -1.6322 -0.9156 6.91 -6.95 -0.14 166 360 212 216 183 
8.20 -6.41 0.00 1.2600 0.0000 0.3400 -2.5300 -0.1778 -0.5067 7.49 -5.87 -2.34 155 357 210 203 182 
7.70 -4.93 -7.95 0.8900 1.5100 -6.1300 1.4789 1.0867 0.4244 7.51 -6.11 -1.53 155 318 220 213 186 
5.15 -3.38 13.65 1.2400 0.5800 11.0200 -0.7644 0.2133 -0.0667 7.67 -6.09 0.33 159 311 227 227 189 
13.76 -7.60 2.97 5.6800 -2.5400 -2.0200 -1.5189 8.7956 -0.8222 4.71 -4.97 7.00 171 318 264 265 194 
4.02 -5.45 7.52 2.4900 -0.5200 -0.7400 0.5700 0.8222 1.4789 0.98 -4.28 8.76 178 337 296 286 197 
-0.26 -0.42 7.36 -0.2800 4.2500 -1.0800 0.4900 0.1433 1.0500 -0.29 -3.66 9.09 179 343 300 293 199 
-2.84 0.31 9.67 -1.9900 3.7500 0.7200 0.0356 0.7078 -0.6789 -0.93 -3.65 9.05 178 346 300 290 198 
0.12 -2.77 10.34 1.1200 1.1000 1.6000 -3.2589 -1.1567 -1.1544 -0.12 -5.59 8.05 172 283 278 257 192 
0.40 -6.99 2.09 -0.1700 0.5600 -3.7700 -1.9922 -0.8444 -0.8867 1.65 -8.58 4.44 171 260 232 229 180 
1.84 -11.11 -0.72 -0.1500 -1.2000 -3.2200 0.1333 -0.2567 -0.0844 2.16 -9.02 3.17 171 267 240 239 186 
2.46 -5.88 1.53 -0.4200 3.0900 -3.0700 1.2489 1.1078 -0.9622 2.56 -8.02 5.02 139 278 263 256 193 
;
