6.61 2.72 6.72 -0.2000 0.4100 0.0600 0.0367 0.1256 -0.0267 6.80 2.26 6.68 180 291 342 373 218 
6.46 2.53 6.91 -0.0900 0.2500 0.0400 -0.0144 0.6700 0.0000 6.30 2.29 7.15 182 283 336 372 217 
5.01 2.11 7.39 -0.7600 -0.1100 -0.0700 0.1467 1.1156 0.0489 4.91 2.39 8.14 179 297 334 363 217 
5.51 2.76 9.05 0.8400 -0.0100 0.5400 0.0400 0.7956 -0.0911 4.12 2.52 8.53 181 303 336 359 218 
2.08 4.01 8.23 -1.5600 1.3100 -0.7100 -0.0411 0.0667 -0.1544 3.22 2.68 8.86 181 304 337 354 218 
3.21 2.50 8.98 0.3200 -0.2000 0.6000 0.2567 -0.5956 -0.1022 3.73 2.78 8.62 178 311 331 351 218 
9.28 3.80 11.85 4.1200 0.5600 1.6600 0.5333 -8.6011 3.2267 8.61 1.73 4.34 178 344 211 210 208 
8.55 2.93 -2.16 -2.0400 6.4200 -2.0400 3.9278 -2.7022 5.6911 7.99 -5.67 0.07 178 370 192 195 201 
1.13 -0.37 4.97 -4.9800 7.0700 3.5500 2.8233 -2.2044 -0.4156 6.37 -7.03 2.44 179 364 185 194 201 
7.62 -6.02 2.30 2.6600 0.3600 -1.4900 -3.3411 0.1378 -0.0111 6.59 -7.25 -0.18 176 359 190 198 200 
7.00 -7.09 -6.67 0.8800 0.6400 -5.1700 1.5822 -0.4311 0.3411 6.40 -7.42 0.20 177 338 192 199 202 
1.39 -2.77 14.31 2.0500 2.4900 11.0400 -0.5156 -0.3700 -0.1744 6.39 -7.11 2.15 175 338 196 205 204 
13.55 -5.28 3.55 8.6000 2.3400 -0.4300 -5.8189 10.5744 0.6267 3.79 -8.48 3.12 161 266 252 248 204 
1.31 -8.14 -1.53 -0.4200 2.3700 -1.3300 -2.1278 1.4333 1.0033 0.03 -9.77 -0.80 146 206 218 239 203 
-2.32 -8.04 -3.99 -1.6200 1.9400 -2.8200 0.9989 -7.6500 -2.3656 0.37 -9.73 -1.09 139 206 205 231 202 
2.81 -6.93 -8.40 -0.0900 4.1200 -8.0300 2.5111 -12.3722 -3.7700 3.82 -8.69 -2.42 140 213 200 221 198 
8.60 -6.04 -5.08 3.8100 2.0600 -1.5300 0.2589 -0.9856 -0.4889 3.89 -8.20 -3.71 143 214 203 224 198 
5.01 -7.08 -3.89 -0.1000 0.8000 -0.6100 -0.5744 0.6533 0.3222 3.75 -8.17 -3.91 148 230 216 230 199 
5.00 -1.97 -1.65 1.7700 6.5300 2.2500 -2.1956 5.4433 -1.4067 6.90 -6.59 -2.22 153 257 265 267 209 
4.31 -4.42 -2.90 -1.5700 -0.7800 -9.3200 2.0200 14.5833 -4.4889 1.04 -2.49 9.42 181 301 322 318 212 
;
