3.00 5.03 7.89 0.0600 -0.0800 -0.0200 -0.0311 -0.0222 0.0011 2.97 5.07 7.84 172 310 233 237 182 
3.03 4.97 8.24 0.0000 0.0300 0.4000 -0.3000 -0.9278 0.1833 3.77 4.81 7.66 176 311 215 231 182 
13.18 4.28 4.45 5.9600 0.7300 0.3500 -1.5900 -7.6644 2.8889 9.56 1.90 1.02 3 318 178 194 172 
7.57 0.68 -4.37 -1.4500 2.5700 -1.9000 1.6300 -3.1889 3.8300 8.10 -3.80 -4.00 158 335 176 188 167 
3.25 -3.43 -0.82 -25.7600 3.3500 14.6900 -0.1222 -2.9978 -0.5900 6.62 -7.07 -1.49 170 345 194 191 167 
10.83 -5.08 -7.96 6.1300 -0.1300 -6.5100 -1.4111 -0.9489 -0.3078 6.43 -5.39 -5.06 168 343 186 185 166 
4.95 -5.34 -4.93 -7.3400 5.1900 11.8900 1.9400 -0.8333 -1.0200 6.77 -6.85 -1.79 168 343 191 198 171 
8.55 -6.36 -1.94 1.4500 0.0200 -0.8600 -0.6889 3.3722 -0.6278 7.66 -6.00 1.18 165 268 202 205 175 
4.30 -4.81 -0.65 -0.4000 1.6200 -8.4700 1.1067 8.1811 3.1878 -0.34 -6.18 7.60 170 160 166 165 168 
-3.64 3.27 4.34 0.6700 2.7100 -4.1600 6.0467 0.9689 0.3644 -2.97 0.06 9.34 180 159 171 169 165 
-3.17 2.61 17.64 -0.9200 -1.4700 4.1800 -0.8144 -0.3967 -0.5778 -2.61 2.03 9.22 179 160 176 171 166 
-2.74 0.07 11.33 -1.1600 0.1300 2.7900 1.2289 -4.8189 0.1144 1.56 2.18 9.43 180 231 186 180 171 
11.82 2.47 2.84 1.5100 1.4800 -0.5600 -1.0089 -6.8744 5.0278 9.46 -2.45 -0.68 163 278 173 169 154 
5.39 -5.32 -5.64 -1.5200 1.8500 -3.3200 3.3189 -1.4211 3.2756 4.15 -8.29 -3.15 120 266 155 159 144 
0.14 -4.36 -2.49 -3.0600 6.4100 1.8200 4.3756 1.5489 0.0022 2.57 -8.78 3.51 118 283 156 160 146 
1.63 -10.88 1.14 -0.4100 -2.6500 -3.2300 -0.4856 0.2878 -0.6556 2.54 -8.91 3.20 122 277 163 163 151 
0.31 -8.39 2.87 -3.6400 0.1400 -0.5400 -0.4667 2.2456 -3.6244 4.73 -7.85 3.46 158 263 170 173 160 
;
