3.48 4.12 8.09 0.0600 -0.1600 -0.0400 0.0100 0.0067 -0.0089 3.41 4.26 8.14 169 270 271 252 187 
3.44 4.14 8.11 0.0500 -0.1100 0.0200 0.0078 0.0011 -0.0056 3.40 4.27 8.14 169 271 271 253 189 
3.47 4.69 9.80 -1.0000 0.9900 2.2100 -1.5456 -5.6833 1.3322 6.74 2.83 6.53 176 259 238 218 184 
13.98 0.37 1.05 2.7600 1.1400 -0.1900 -0.8833 -3.3733 2.5200 9.66 -1.11 -1.26 171 287 172 179 171 
8.59 -2.79 -4.53 -0.7100 0.9600 -1.2400 0.9433 -0.4789 2.4822 7.69 -4.99 -3.46 164 309 174 176 165 
5.28 -3.53 -1.67 -2.4000 2.6400 0.7600 2.6267 1.6367 0.1400 7.37 -6.46 0.02 167 334 183 186 170 
4.25 -6.43 3.25 -3.0100 -0.3300 3.0600 -2.7278 -2.3267 -0.3933 7.63 -5.86 -1.88 163 348 185 181 169 
7.41 -4.62 -9.21 0.2800 1.1000 -5.4800 0.6656 -1.4000 -0.3378 7.34 -5.18 -3.92 169 346 184 181 168 
-6.75 -1.49 17.48 -4.2800 4.2300 15.1000 0.2733 -2.2444 -0.4867 8.01 -5.55 -1.01 172 346 191 194 174 
7.30 -5.71 -2.73 -0.9400 -1.8900 -2.9800 -0.7433 0.0700 -1.4156 9.13 -3.55 -0.24 172 193 181 191 176 
4.72 -0.31 -0.38 -2.5300 3.8700 -2.5700 0.4200 0.6022 -1.4011 9.37 -1.61 2.40 155 166 144 155 154 
2.10 2.65 14.08 -5.6400 -0.1800 20.0100 0.9689 -4.5567 -1.1989 9.75 0.12 -1.01 147 164 158 160 148 
8.53 1.46 1.60 1.2000 2.6700 2.1200 -1.1333 0.0467 0.0378 9.77 -0.49 0.54 146 172 166 163 153 
9.41 1.45 1.07 -0.1000 1.7500 -1.7500 -2.1711 -0.3000 -0.2411 9.72 -0.52 1.15 146 171 168 156 153 
8.02 -1.64 -4.25 -2.3900 -1.0100 -5.2100 -0.5211 -0.3867 0.2944 9.71 -1.00 0.88 135 169 166 158 151 
0.49 1.25 28.43 8.4500 -1.1100 13.6100 -1.6900 -1.2200 -0.2889 9.74 -0.86 -0.70 135 165 157 156 138 
9.69 -3.41 1.48 0.0000 -1.4900 1.7100 -1.1156 -0.6389 1.3489 9.44 -2.62 -0.01 154 225 171 171 156 
9.75 -3.78 -3.62 -0.1900 0.0000 -2.6800 -0.4144 -2.0400 1.9167 8.18 -4.94 -2.19 162 320 178 177 157 
6.38 -2.82 -6.66 -0.2200 3.3500 -4.3000 3.1767 -0.5933 1.2733 6.20 -7.42 -1.61 155 326 183 181 157 
2.61 -4.59 13.19 1.2200 1.4200 10.9700 -1.4889 0.0056 0.0833 5.63 -8.02 0.10 163 345 193 186 157 
7.70 -7.75 -4.91 0.6600 0.1200 -2.6600 -1.5856 0.0744 -0.0900 5.97 -7.19 -2.95 163 348 188 186 160 
4.10 -5.77 -6.85 -2.4700 1.3600 -4.2600 2.5922 -0.1311 0.0256 5.92 -7.64 -1.62 164 342 189 187 161 
12.37 -5.95 11.02 5.7600 0.7600 4.0600 -1.9778 2.6367 0.4233 6.11 -7.65 0.43 166 341 184 189 161 
7.81 -7.49 -1.72 -1.7600 -0.1200 -2.7300 1.0422 5.2633 -0.2156 5.53 -7.57 2.84 165 339 190 196 159 
2.51 -2.60 1.71 -0.7500 2.8800 -3.3100 3.0767 1.6811 -2.8867 6.01 -3.90 6.68 166 258 188 196 166 
;
