4.46 3.03 8.25 0.2200 -0.0400 0.0000 -0.0178 0.0300 -0.0322 4.32 3.10 8.23 166 295 249 232 182 
4.13 3.64 9.98 -1.3000 0.3300 3.3200 -0.7533 -2.9444 0.2578 5.84 2.69 7.39 172 327 236 226 184 
9.27 1.23 -0.14 0.9000 -0.0600 -1.9700 -1.7789 -6.9022 1.0933 9.45 0.52 -2.54 172 344 209 193 179 
8.50 0.47 -9.88 0.1900 2.3800 -3.5200 2.3711 -1.1267 2.4122 6.79 -3.42 -6.19 166 344 204 190 174 
3.62 -3.98 -0.32 -3.9600 2.0300 3.2500 4.2233 0.9633 -0.0933 6.82 -6.70 -2.15 165 355 208 200 176 
6.22 -5.58 -3.45 -0.3400 0.5100 -1.5400 -3.6022 -3.1589 -0.5522 6.10 -4.88 -5.91 167 355 210 189 179 
4.84 -3.60 -9.29 -0.3900 1.4200 -2.4900 1.5933 0.2011 -0.3311 6.23 -5.01 -5.66 163 348 216 197 178 
5.52 -1.29 12.29 3.6600 3.2400 9.3300 -1.5267 -0.6344 0.2089 7.16 -5.99 -2.97 168 337 221 206 179 
10.90 -5.31 -4.54 2.9000 -2.0700 -0.6500 -1.4811 1.8878 -2.8433 8.64 -2.85 -3.64 169 301 229 229 183 
10.57 -2.62 -3.26 0.9900 -1.0300 -1.4800 1.3878 0.4633 -1.5078 9.59 -0.45 -1.99 164 303 243 253 186 
7.81 1.32 -3.63 -1.9600 1.5800 -3.1600 1.5667 1.3644 -0.2411 9.79 0.40 0.11 163 308 247 254 188 
8.15 4.57 3.04 -0.1600 5.1400 2.6300 -0.7678 0.5167 -0.0878 9.75 0.07 0.97 174 278 251 255 185 
10.77 4.24 0.18 -0.4800 4.2900 -1.9200 -2.8844 0.4011 1.1122 9.59 -1.50 1.36 172 258 242 245 182 
2.66 -5.69 -1.29 -5.8100 -3.0000 -2.1700 -2.2156 -0.9500 1.4611 8.77 -4.37 -0.18 171 235 227 227 178 
10.30 -6.80 -0.97 1.4200 -1.4400 -0.4000 -0.1100 -0.3400 0.1533 8.62 -4.60 -0.73 171 248 231 226 179 
7.92 -4.13 -1.30 0.7400 2.2600 -1.5800 -1.5889 5.3378 3.8989 5.41 -7.92 2.00 170 256 233 223 181 
-3.84 -8.02 -6.03 -4.3500 0.8000 -2.7300 -3.2433 5.2689 2.1733 -1.43 -9.67 -0.76 159 254 237 232 183 
-2.04 -10.34 -3.71 -1.1200 -2.0300 -1.4700 -1.3200 0.6600 -0.8611 0.00 -9.16 -3.48 167 256 233 236 181 
-3.19 -12.29 -11.96 -2.4500 1.0900 -6.5700 8.6033 0.2967 -2.7733 1.56 -9.66 0.61 167 260 254 242 185 
4.35 -5.08 11.75 2.6300 2.0800 5.8100 -2.1633 -0.6233 0.1633 2.18 -9.43 1.54 173 263 259 245 186 
-0.69 -7.96 -2.75 -1.8100 1.6900 -3.0500 -3.8078 -1.2922 1.2844 0.42 -9.01 -3.83 172 258 255 241 183 
-2.62 -9.67 -10.96 -3.2100 -1.5800 -7.0300 4.8867 0.7400 -1.1389 1.14 -9.65 -1.27 171 255 260 245 185 
3.62 -1.46 11.71 3.6100 4.3700 6.9900 0.4322 0.6633 0.1467 2.42 -8.62 3.98 172 264 259 243 186 
4.41 -8.15 3.77 1.5400 0.7500 -0.0600 -0.4244 -0.8044 0.5800 2.49 -8.91 3.22 171 260 255 237 187 
1.56 -6.12 -0.40 -0.2700 3.0100 -3.5200 3.0944 -3.6589 1.6500 1.75 -8.57 4.41 170 258 254 232 182 
;
