-0.21 6.35 7.48 -0.1000 -0.2200 0.1000 -0.1911 -0.9722 -0.0678 0.11 6.44 7.38 190 319 276 263 213 
0.99 6.08 7.59 0.2400 -0.1800 -0.1100 -0.1089 -0.9067 -0.0533 1.05 6.17 7.54 189 324 231 233 215 
1.64 5.91 8.96 -0.3300 0.2500 2.7500 -0.2178 -3.2478 0.7489 3.33 6.00 6.99 190 350 221 215 211 
17.79 6.31 2.35 8.8200 1.9800 -1.0300 -0.5422 -5.2033 6.4600 9.78 0.68 0.10 188 375 187 186 192 
5.04 0.36 -2.63 -3.8800 5.0100 -0.6200 2.6089 -0.9656 3.9067 7.21 -6.51 -1.26 189 374 193 201 193 
4.72 -3.98 2.65 -3.0700 3.4100 2.3600 2.6644 0.6967 0.2956 5.77 -7.66 2.00 189 380 203 216 197 
5.06 -5.85 3.96 0.0600 1.4100 1.0000 -2.9089 -0.1156 0.0111 5.76 -7.93 -0.18 186 379 205 215 195 
6.44 -8.64 -5.88 0.3100 -0.3200 -3.9300 2.1500 -0.0233 -0.1500 6.01 -7.70 0.77 185 375 215 220 199 
8.89 -2.99 10.66 1.0800 2.0800 5.2400 -1.1722 1.8856 -0.8367 6.49 -6.84 2.67 189 362 241 234 200 
8.23 -7.08 2.11 1.5200 -1.6800 -3.0000 -1.3856 8.1800 -2.4644 4.37 -5.59 6.76 188 266 259 255 202 
0.81 -2.26 -1.36 -2.6000 2.7600 -8.5300 0.3167 2.5333 3.4167 -6.07 -4.55 6.20 189 167 172 187 195 
-9.63 4.63 11.33 -3.7400 3.7300 4.6300 2.6022 0.6544 0.9789 -7.44 1.22 6.26 190 165 168 182 190 
-9.07 1.34 7.99 -0.3500 0.2500 2.0600 -0.0289 0.0500 0.2311 -7.27 1.41 6.42 190 169 172 185 192 
-6.63 1.96 5.93 0.0000 0.5900 -1.1200 -0.2311 -0.4356 -0.1422 -7.07 1.07 6.70 193 189 177 200 196 
-7.61 2.71 3.69 -1.2500 1.5700 -5.2300 2.4656 -7.2222 -1.2911 -2.08 2.36 9.28 191 299 296 312 208 
2.62 4.06 5.47 3.3600 1.2600 -2.6700 2.0156 -2.1989 -3.7211 1.34 4.20 8.75 180 316 324 363 213 
-9.16 -1.17 14.02 -3.7800 -3.2400 -0.3800 0.8433 -0.7756 -0.6956 -0.65 3.60 9.09 192 308 312 333 216 
-0.76 4.39 10.15 -1.0700 -0.1500 0.2400 -0.0778 0.6156 -0.1656 -1.16 3.64 9.02 190 306 299 324 216 
;
