4.32 2.57 8.36 0.0500 -0.0400 -0.0200 -0.0067 0.0067 0.0022 4.29 2.66 8.40 177 295 242 231 186 
4.69 2.68 8.57 0.4600 0.1700 0.4000 -0.4800 -0.2700 0.3256 4.65 2.26 8.32 174 299 238 230 181 
10.81 1.22 6.33 3.1000 0.5200 0.5200 -2.1278 -8.2611 1.7833 9.68 -0.72 1.34 178 310 216 218 173 
8.27 -2.36 -4.40 -0.5200 1.1600 -1.9100 1.2100 -1.7522 2.4933 8.17 -4.44 -3.08 174 325 209 203 168 
4.81 -4.25 -1.55 -4.4000 2.4000 1.1700 2.2000 1.4367 1.5922 6.53 -7.30 -0.28 168 349 188 210 168 
3.21 -6.42 4.31 -3.9500 0.4000 3.2900 -3.1667 -2.0467 -1.5567 6.93 -6.46 -2.48 166 352 196 194 167 
7.00 -4.98 -10.76 0.1800 0.5200 -6.0900 1.8678 -0.4933 0.0278 7.05 -5.98 -3.26 159 345 197 202 168 
-1.55 -3.30 13.30 -0.5000 0.4000 8.2300 -1.2689 0.2722 -0.4122 6.83 -6.97 -0.94 164 312 213 210 168 
5.52 -5.60 -0.58 -2.3100 1.9000 1.1900 -1.7756 -1.7667 -0.7800 7.04 -6.06 -3.11 171 292 235 226 175 
2.86 -3.27 -4.83 -1.2900 1.8100 3.6800 -2.9600 -4.8644 0.2489 2.49 -3.44 -8.83 173 252 245 237 179 
0.18 4.30 -14.94 -2.8400 3.9900 -7.8300 -2.9033 -1.2244 1.1533 -1.08 2.89 -9.30 173 247 237 240 175 
-0.53 2.28 -10.65 1.3700 -0.8600 -0.4100 0.5511 0.4633 -0.1700 -0.39 2.78 -9.39 175 251 243 240 178 
-0.44 2.56 -8.13 -0.0900 0.2900 1.1300 0.0200 -0.0278 0.0067 -0.27 2.46 -9.48 175 251 235 224 173 
0.75 3.39 -15.98 0.7200 1.2900 -7.0600 2.7944 3.0433 -0.1356 1.93 0.77 -9.58 174 275 201 188 162 
2.73 -0.30 -8.00 -3.0600 3.3300 0.1100 4.3756 2.2922 0.3033 5.95 -5.17 -5.82 179 322 193 194 165 
2.83 -4.46 -0.61 -3.5700 2.1300 2.3800 3.0022 0.5189 0.3411 6.38 -7.36 -1.10 174 354 199 206 165 
6.00 -5.82 2.78 -0.7900 1.1900 3.5200 -2.8500 -0.0967 0.2667 6.25 -7.23 -2.17 175 357 204 200 158 
6.37 -7.95 -9.32 1.5900 -0.5300 -5.6300 0.8767 0.5856 0.1544 5.55 -7.04 -3.95 176 361 197 199 166 
1.75 -5.77 1.58 -8.7300 4.4100 5.9200 3.1156 -0.4078 -1.3389 6.43 -7.38 -0.51 176 351 203 217 168 
4.78 -7.73 -1.59 -0.8000 -0.0900 -1.1600 -1.3222 0.8144 -0.3467 6.85 -6.94 -0.99 175 333 208 205 170 
6.25 -2.65 0.72 0.0000 3.1000 -1.2400 1.2456 4.5178 -2.5322 8.13 -4.19 3.52 173 287 221 217 170 
5.04 -0.18 6.54 1.8400 1.2300 0.4600 2.1322 2.9856 -2.5889 6.10 0.63 7.64 175 286 235 226 177 
8.55 3.44 11.98 0.0700 0.2900 3.7400 0.7100 1.8111 -0.7256 3.84 3.11 8.46 174 292 239 237 177 
4.22 3.27 8.46 -0.1700 -0.1100 -0.5300 -0.4467 -0.5589 0.1789 4.09 2.73 8.47 177 296 236 238 178 
4.45 2.60 8.34 0.1100 -0.1000 0.0800 0.0189 0.1000 0.0411 4.04 2.68 8.52 175 293 237 238 181 
;
