-1.11 3.95 8.88 0.0700 0.0300 0.0100 -0.0022 -0.0022 0.0011 -1.19 3.90 8.91 162 306 319 333 207 
-1.25 3.91 9.16 0.0900 0.0200 0.3100 0.0622 -0.2200 0.1167 -1.00 3.93 8.92 161 307 315 333 208 
4.03 6.41 12.63 4.2800 2.6400 3.9800 -1.1122 -4.9256 2.4967 3.48 3.00 8.66 135 303 264 266 209 
11.92 2.77 6.16 3.9100 3.1400 0.8100 0.4878 -4.3444 4.8811 8.98 -2.34 3.15 123 288 166 188 200 
4.77 -0.90 2.68 -3.2400 4.5500 1.5900 2.2511 -1.9878 3.2422 6.87 -6.85 1.38 127 296 178 186 193 
2.31 -5.04 3.82 -3.7400 2.4700 2.4900 0.1244 -0.9667 0.2633 5.65 -7.93 1.07 119 306 176 181 190 
9.35 -8.73 -1.61 0.7900 -0.7900 -1.5200 1.8900 0.4989 0.1700 5.66 -7.79 1.81 125 349 182 189 191 
4.69 -6.49 6.10 -2.1600 1.2000 4.1900 -1.3878 -0.1689 -0.5589 5.97 -7.61 1.58 124 352 184 192 191 
9.17 -7.21 -4.83 2.8100 0.4100 -5.8300 -0.2144 0.4289 0.1733 6.16 -7.62 0.21 127 352 188 194 191 
6.09 -7.35 0.33 -0.4200 1.7500 1.2900 2.5411 -0.0233 0.2533 5.98 -7.50 2.00 129 355 191 197 192 
5.17 -5.97 4.48 0.0900 1.8300 2.5000 -1.3244 1.2111 -0.6567 6.12 -7.36 2.07 134 323 202 208 195 
1.68 -3.23 2.51 -4.2000 3.6600 -2.7800 -0.1856 8.4289 -5.7778 4.97 -4.72 7.00 163 319 263 283 202 
1.31 5.67 9.35 0.2500 5.5900 0.3800 5.0511 3.3900 -2.8233 -1.08 2.74 9.35 178 334 311 334 203 
;
2.78 10.46 18.68 -0.6200 9.8600 22.4400 -2.7978 0.5244 0.1011 -2.03 5.17 8.07 176 336 289 350 206 
-0.55 6.27 9.32 1.2400 0.5400 1.2500 -0.3256 -0.0967 -0.0289 -1.54 5.09 8.23 176 328 320 349 207 
-1.69 5.95 10.00 0.5500 0.9400 2.4700 -0.4056 -1.6556 0.4700 -0.20 4.90 8.49 171 330 308 333 210 
6.79 5.63 10.41 4.6100 2.4300 1.5100 -1.1544 -4.7256 4.1500 6.49 1.50 7.19 153 319 264 269 206 
7.44 0.99 4.91 -1.1700 3.2800 -0.6200 0.7522 -4.1889 5.3422 8.02 -4.83 2.90 128 278 177 192 196 
4.00 -2.55 3.96 -2.8000 3.7700 2.3800 0.8000 -1.2189 1.8133 6.05 -7.55 1.58 111 271 175 184 190 
5.91 -6.37 2.08 -0.1100 1.6200 0.8300 -0.2500 0.0822 0.0033 5.93 -7.74 0.98 113 276 177 185 189 
6.57 -8.16 -2.09 3.1000 -1.2100 -3.6700 2.5000 -0.8289 0.6022 5.79 -7.68 1.85 114 354 184 189 190 
4.61 -7.44 5.72 -1.8500 0.3200 2.5700 -0.9311 0.6911 -0.2956 5.88 -7.58 2.01 114 352 187 192 190 
8.78 -7.28 -4.12 2.5300 0.1400 -5.2300 0.3500 0.2278 0.4856 6.00 -7.68 0.98 118 336 189 193 189 
1.43 -6.21 9.49 -2.1800 1.8000 7.6700 -0.3344 -0.7156 -0.3011 5.93 -7.56 1.92 127 333 195 197 191 
6.19 -3.51 5.70 0.2100 4.0500 1.4300 -2.8878 9.1844 -3.1956 5.80 -6.58 4.36 155 315 238 254 200 
;
1.08 -0.34 4.15 -3.6100 3.0700 -4.1600 5.1000 7.3567 -4.7622 -0.68 -0.14 9.78 178 347 315 344 203 
-0.83 7.35 12.35 0.8600 3.1700 3.0100 2.5300 -0.2067 -0.5667 -2.50 4.63 8.27 178 347 240 332 205 
0.62 3.18 7.71 0.4500 -1.3300 -2.2900 0.3389 0.6533 0.0078 -1.70 4.59 8.49 173 327 323 347 208 
0.05 5.47 10.75 1.7600 0.7500 3.1000 -0.5222 -1.6644 0.5589 -0.49 4.60 8.64 162 326 296 293 212 
8.83 5.72 9.67 3.7700 2.1500 0.7000 -1.1556 -5.0511 4.4833 7.07 1.12 6.69 137 335 175 195 199 
8.78 0.12 3.56 0.7800 3.4100 -0.8900 1.0500 -2.5167 4.5311 8.18 -4.47 3.02 132 343 187 186 194 
3.55 -2.12 1.92 -3.3200 3.8800 0.2100 2.1089 -2.1700 2.4522 5.77 -7.55 2.38 130 317 190 185 191 
4.39 -7.12 7.75 1.9900 0.8600 4.7500 -0.3278 -0.2767 -0.0656 5.75 -7.66 2.09 132 322 195 190 191 
5.36 -7.23 0.51 -0.7800 0.2400 -1.4700 -1.0256 -1.1111 -0.3633 6.05 -7.67 0.73 130 326 194 189 190 
5.57 -7.41 -2.22 -0.9600 0.4600 -2.7100 0.9911 -0.2889 0.2100 5.86 -7.79 0.99 133 269 196 190 191 
7.42 -7.55 7.50 2.1400 -0.2500 4.7300 -0.2267 1.9022 -0.0700 5.88 -7.64 1.74 138 303 201 197 192 
4.76 -4.66 4.35 -3.2700 2.9900 0.5900 -2.2256 8.1600 -3.7600 6.12 -6.44 4.13 163 300 253 258 201 
1.17 0.06 4.54 0.6000 5.4100 -2.7900 5.3300 6.3633 -4.7900 0.50 -0.53 9.77 177 334 302 330 203 
;
-2.41 7.04 12.79 0.2700 3.5000 4.1900 2.2156 0.6100 -1.2889 -3.00 4.33 8.26 179 341 315 348 203 
1.89 6.66 11.93 1.0900 -0.6800 -0.1500 0.1533 0.3422 0.1678 -2.37 5.22 7.94 180 334 316 341 207 
2.43 7.03 12.33 3.4000 2.1400 2.9800 -1.0544 -4.2333 3.0689 3.05 3.52 8.62 171 349 249 274 207 
7.02 2.86 5.43 -1.5700 2.1500 -1.0200 0.0344 -4.0133 5.3767 8.54 -2.45 4.14 141 340 208 221 198 
6.43 -1.58 1.10 -0.9400 4.2700 -0.6500 2.4244 -1.5156 3.2233 6.69 -6.84 2.11 126 323 194 194 185 
2.80 -5.68 4.74 -2.8800 1.7300 2.2900 1.1844 -1.0889 0.6633 5.70 -7.54 2.59 131 341 205 201 187 
7.07 -6.45 2.74 1.3300 0.6800 -0.0600 -1.3511 0.1122 -0.4511 6.39 -7.28 1.46 134 348 204 201 187 
9.16 -6.61 -4.25 2.2900 -0.0800 -5.2400 0.3367 -0.7233 0.0356 6.82 -7.04 0.20 137 345 206 199 187 
7.15 -6.50 4.00 -0.4500 2.4800 3.9000 0.9578 -0.6511 0.1544 6.32 -7.30 1.66 141 346 213 203 188 
4.94 -5.80 5.99 -0.9100 1.6800 3.9000 -1.9778 2.5656 -1.3867 6.57 -6.94 2.16 155 328 221 225 194 
3.68 -2.02 2.09 -4.0200 3.0200 -4.4600 0.3278 8.8744 -5.6944 3.80 -2.84 8.58 171 326 292 304 201 
;
-1.73 6.33 10.18 0.5200 4.8300 1.4000 3.0078 1.0233 -1.8011 -2.32 3.73 8.76 180 339 314 346 203 
10.94 11.62 31.79 2.3300 -0.6700 0.0000 -0.5967 -0.6578 0.0722 -1.80 4.86 8.32 179 329 322 360 208 
1.12 8.72 12.19 4.1700 3.3900 4.2600 -1.5200 -4.5767 2.7678 1.65 4.29 8.66 153 334 296 296 208 
10.70 3.22 6.84 2.1400 2.3900 -0.1500 -0.2567 -4.5933 5.2889 8.61 -1.46 4.45 135 357 170 200 198 
8.44 -1.00 1.20 0.4300 4.9300 -0.8600 2.2133 -1.9700 3.7100 7.41 -6.15 1.79 127 365 192 191 193 
4.26 -4.14 5.03 -1.2700 2.0800 3.3900 1.7444 -1.2167 1.0133 5.94 -7.33 2.66 130 367 200 196 193 
3.29 -7.48 5.42 -1.8500 0.0000 2.2800 -1.2511 -0.1733 -0.6356 6.25 -7.27 2.00 133 368 200 196 193 
9.84 -6.73 -2.78 2.8200 0.1300 -4.3600 0.1822 -0.1289 0.2578 6.58 -7.14 1.33 135 368 201 196 193 
7.13 -7.41 2.32 0.4300 -0.1800 0.5500 1.5822 -0.8878 0.3500 5.97 -7.32 2.59 138 370 208 201 192 
4.09 -7.24 4.73 -0.2100 0.8700 2.8000 -1.0933 2.3333 -0.9189 5.77 -7.30 3.08 154 361 219 230 198 
2.66 -3.40 3.33 -4.9500 3.2000 -1.4200 -0.2944 7.4856 -5.3133 4.26 -4.85 7.37 170 348 286 299 203 
;
2.45 5.06 8.96 3.4900 7.4800 2.7000 5.7389 3.8400 -3.1744 -1.83 1.71 9.47 178 345 317 345 203 
-1.61 6.40 11.58 0.7200 3.0700 3.6900 2.6156 -0.3100 -0.2056 -2.20 5.12 8.06 177 335 320 347 206 
-1.59 5.21 8.13 1.0000 1.8800 1.9800 -0.2122 -1.0978 0.2300 -1.30 4.57 8.57 177 335 304 322 208 
5.96 6.02 13.00 3.2900 1.8600 3.0600 -2.0744 -4.6278 3.9600 4.55 1.51 8.55 141 331 232 231 205 
8.19 -0.03 3.75 0.8000 2.3000 -2.0000 0.7767 -3.2411 4.4633 7.75 -4.43 4.04 120 361 184 194 195 
0.25 -2.34 2.61 -5.7600 4.3300 0.0000 1.6989 -2.7267 2.3767 5.59 -7.52 2.87 124 366 191 200 192 
1.04 -7.00 8.36 -2.7000 0.2100 5.1200 0.1278 -1.2578 -0.4089 5.45 -7.53 3.10 126 373 197 204 193 
7.61 -7.42 0.89 1.7600 -0.0700 -2.7800 -0.8322 0.1656 -0.2389 5.85 -7.56 2.16 130 372 197 205 193 
6.59 -7.06 1.24 0.9700 0.1900 -0.6000 1.5411 2.1144 0.7544 5.08 -7.61 3.50 131 380 204 212 194 
4.40 -7.34 3.69 -0.2600 0.3600 0.2300 -0.7756 0.3300 -0.1889 5.16 -7.67 3.24 139 372 210 218 196 
-0.07 -4.42 3.94 -4.5400 3.4900 -0.4800 -0.9356 7.0078 -4.3233 5.05 -6.31 5.54 164 340 274 290 202 
2.66 1.83 7.06 -0.1100 3.1100 -1.3900 4.8911 3.5933 -3.3278 -0.28 0.84 9.76 179 349 317 347 203 
;
0.33 10.00 12.82 1.0400 4.3700 3.4300 2.1267 -0.8533 -0.3244 -2.06 5.14 8.09 181 339 303 348 207 
-2.19 3.29 4.57 -0.1500 -0.9700 -3.2000 0.6533 -0.2644 0.0322 -1.67 5.10 8.20 181 336 320 351 208 
0.30 5.14 9.22 2.0400 1.7800 2.3400 0.3700 -3.5244 1.1200 1.12 5.12 8.28 165 328 282 323 212 
12.10 5.72 6.68 4.8900 2.4700 -0.0800 -0.4622 -4.8956 4.6867 8.59 0.85 4.64 131 295 233 259 205 
7.36 -0.60 0.20 -2.6300 2.7900 -1.4700 2.6200 -2.6267 3.3889 8.55 -4.76 0.59 112 330 184 200 199 
5.36 -2.56 0.00 -1.0700 2.9300 -0.3200 3.0522 -0.7722 1.3422 6.93 -6.77 1.50 103 360 183 193 195 
2.37 -4.76 10.86 0.8700 1.2600 5.9100 -0.5489 -0.1644 -0.0344 6.63 -6.85 2.28 105 361 187 196 194 
7.83 -6.72 0.16 1.2400 0.2700 -2.2000 -1.2011 0.4711 -0.2844 6.84 -6.91 1.22 108 363 189 199 194 
7.66 -6.67 -0.42 0.9500 0.3500 -1.3600 0.7889 0.4411 0.3056 6.68 -6.98 1.64 110 360 191 202 194 
3.93 -5.79 8.78 -0.5700 0.8700 5.5700 -0.4278 0.5567 -0.0144 6.38 -7.00 2.51 111 350 194 204 194 
4.76 -4.18 5.57 -1.4300 3.0600 2.7600 -3.0856 4.7767 -2.3256 6.78 -6.48 2.84 146 347 236 246 201 
4.01 -1.15 3.63 -1.2000 3.7600 -3.6900 1.8822 6.5989 -5.4256 3.87 -1.70 8.84 174 341 302 321 203 
;
