4.44 3.34 8.06 0.0000 -0.0400 0.0100 0.0089 0.0078 -0.0067 4.44 3.42 8.04 175 264 256 240 186 
4.42 3.31 8.04 -0.0500 -0.1100 -0.0200 0.0000 -0.0100 -0.0011 4.45 3.41 8.04 172 263 257 242 186 
4.69 3.32 10.83 0.0800 0.1200 4.0800 0.1011 -5.5833 0.6722 7.70 3.05 5.24 172 271 216 210 181 
17.34 0.48 -2.08 6.1300 -0.6400 -2.2200 2.1233 -1.0567 3.3400 9.60 -1.27 -1.53 137 292 161 153 163 
4.10 -0.46 -2.09 -5.0800 3.5100 -1.0700 2.5533 1.4633 0.8256 9.01 -3.67 1.17 131 318 159 151 165 
4.52 1.18 3.30 -5.2000 3.3300 -1.8400 -0.9278 2.0356 -0.8211 8.17 -3.33 4.27 115 335 162 158 166 
7.11 -3.65 3.22 -0.5900 -0.8700 -1.8400 -1.2478 0.9133 -0.2944 7.50 -3.45 5.27 117 349 171 165 170 
3.42 -5.77 7.82 -2.6200 -1.7800 1.7900 -0.6567 0.2822 0.2733 6.67 -4.22 5.81 128 388 178 173 170 
7.15 -3.42 5.50 0.4300 1.7800 -0.0500 -1.6044 1.0167 1.0067 6.14 -5.58 5.22 148 312 189 186 170 
4.95 -4.53 4.68 0.6500 1.8100 -0.9100 -4.8133 5.1156 0.7278 2.86 -8.72 3.44 164 292 241 229 181 
5.52 -10.57 -1.17 3.0900 -2.8500 -2.6100 -2.4033 0.5433 0.1744 2.56 -9.40 -1.11 168 296 258 246 182 
2.02 -9.97 -7.45 -1.3500 0.2700 -7.3700 3.5967 -0.6533 0.2700 2.05 -9.57 0.61 167 292 262 254 183 
2.32 3.60 3.59 -0.9000 10.8100 -1.6700 6.4189 0.1278 -0.8878 3.06 -4.61 8.08 172 288 262 252 182 
4.93 1.04 18.43 1.7700 1.5200 9.8900 1.6333 -0.1600 -0.4133 2.86 1.25 9.29 176 294 265 249 183 
3.61 0.18 11.74 -0.1800 -0.8400 2.2200 -0.7778 0.0100 -0.1578 3.48 0.72 9.13 177 295 262 234 185 
2.72 -0.69 9.04 -1.0400 -1.3400 -0.4500 -0.3344 -3.2044 -0.3367 4.91 0.20 8.48 171 241 232 214 181 
6.42 -3.15 -0.99 -3.5400 -2.6700 -2.5700 0.5456 -6.7367 -0.4411 9.79 0.00 -0.47 173 163 149 142 159 
15.98 6.03 -1.17 6.1800 4.1900 -0.0700 0.1878 1.6311 -1.2522 9.59 1.96 -0.43 175 160 150 149 157 
11.36 1.97 1.09 0.8300 0.2500 1.4800 0.2178 0.2867 0.3433 9.56 2.13 -0.27 176 165 156 155 156 
9.28 1.95 -0.05 -0.3500 -0.0200 -0.4100 -0.1978 0.0511 0.0189 9.62 1.90 0.01 176 169 162 162 158 
;
