6.52 1.10 7.27 0.1000 0.0000 -0.0200 -0.0511 -0.0422 0.0167 6.43 1.11 7.31 171 261 237 236 185 
6.53 1.03 7.27 0.0100 -0.0600 0.0100 -0.0367 -0.0344 0.0000 6.47 1.05 7.28 170 259 239 235 185 
7.31 0.73 9.42 1.7100 -0.1700 3.4900 0.2700 -3.5300 0.1156 8.31 1.01 5.10 169 267 206 201 181 
15.85 -0.88 0.43 4.2600 -1.8400 -1.4500 2.5333 -3.0256 3.0456 9.62 -1.84 -0.42 131 295 164 157 168 
3.76 -0.81 -2.19 -5.8200 3.8100 -1.5800 2.9467 1.2022 0.7767 8.68 -4.28 1.51 132 328 160 154 169 
6.98 -0.58 2.52 -0.9000 3.9000 -1.0700 -0.7844 4.0533 -1.3400 7.33 -4.09 5.07 122 345 168 165 171 
8.49 -4.12 2.26 -0.0300 -1.4200 -3.7100 -0.8000 1.6156 -0.3489 6.09 -4.44 6.27 128 354 169 171 174 
2.36 -7.15 6.83 -3.5400 -2.0200 0.6900 -0.3733 0.5044 0.3400 4.91 -5.35 6.58 145 353 182 179 176 
3.13 -5.13 5.80 -0.6500 0.6200 -0.0400 -1.4933 -0.2678 0.2867 4.52 -6.68 5.57 154 281 193 190 176 
3.40 -5.95 -0.30 2.1300 0.0900 -5.6900 -4.4400 8.4633 -1.1144 2.40 -8.98 3.10 163 334 189 195 176 
-1.25 -7.78 8.25 -1.0400 3.2700 4.5100 1.2000 0.7056 -1.4533 0.87 -8.47 4.85 164 341 171 191 177 
5.76 -4.69 6.86 4.2700 1.8000 0.5400 2.9856 -0.8311 -0.9478 2.52 -5.76 7.52 163 347 172 194 171 
5.33 -8.87 12.88 2.0900 -6.1300 4.0600 1.0478 -1.3233 1.6311 3.60 -3.62 8.37 166 351 173 195 175 
2.43 -7.14 11.54 -0.9400 -1.7600 3.4300 -1.6811 -0.3244 2.2956 2.49 -6.06 7.28 164 356 176 199 176 
-0.11 -5.92 8.04 -1.3700 2.0100 1.9900 -2.2211 1.0878 0.7600 0.52 -8.46 4.92 157 352 180 198 178 
0.09 -4.71 4.83 0.5800 5.0700 1.1800 -1.5667 1.6644 -0.4922 -0.01 -9.48 2.48 164 354 178 197 179 
2.29 -3.58 1.08 1.9400 5.7100 -1.2200 -0.0100 1.5056 -0.9956 0.89 -9.56 1.95 165 352 178 196 180 
4.71 -5.40 1.60 3.1800 3.2200 -0.3600 2.7433 0.2433 -2.1322 2.80 -8.07 4.80 165 347 181 195 178 
8.08 -14.86 10.67 3.4200 -7.0400 3.5000 0.2678 -0.9844 0.9489 3.72 -6.80 6.00 163 329 183 195 177 
8.32 -6.70 5.98 4.0800 1.0500 1.1200 -2.8756 -2.4567 1.5244 3.94 -8.71 2.15 129 211 198 220 180 
-0.32 -5.17 -1.13 -2.3900 4.6700 -0.1900 -2.0378 -0.6844 3.1933 -0.21 -9.54 -2.25 116 201 194 218 181 
-1.71 -7.94 -3.18 -0.5100 1.4900 -0.6200 -0.5989 -1.8467 -0.9389 -0.77 -9.29 -3.02 118 196 187 213 179 
1.36 -6.60 -10.93 1.1200 3.5900 -7.7600 3.0544 -10.5067 -7.4311 3.82 -8.15 -3.89 116 197 182 213 173 
6.68 -5.22 -6.50 1.9800 0.9000 -1.4200 -0.0089 -2.0733 -1.4700 4.52 -6.48 -5.79 121 205 188 211 172 
7.93 -6.86 -6.23 0.7900 -0.5100 -0.5700 0.2778 1.2344 0.2967 4.96 -6.49 -5.40 135 210 197 215 173 
;
