5.07 2.47 8.13 0.1500 -0.0100 -0.0200 0.0111 0.1100 -0.0200 4.80 2.50 8.17 174 271 259 243 184 
4.54 2.45 8.36 -0.3700 -0.0900 0.3900 0.0433 -0.0922 -0.0389 4.91 2.56 8.08 173 272 259 243 185 
12.03 1.44 10.31 5.7500 -1.1200 4.2900 1.4089 -8.7144 2.2600 9.66 1.46 0.78 150 294 164 161 165 
9.27 -1.92 -7.10 -2.1700 0.5800 -4.8600 3.7411 0.2744 1.8444 9.26 -2.97 -1.19 123 312 155 143 157 
3.17 -0.01 -1.39 -4.4400 4.5100 -1.4400 2.2922 1.3322 0.1389 8.74 -4.01 1.88 107 332 162 147 158 
9.91 -0.87 2.00 1.8000 2.3200 -2.5100 -1.2667 1.7000 -0.7989 8.07 -3.51 4.32 116 341 167 156 164 
7.49 -5.65 1.63 -1.7600 -2.2600 -2.6100 -1.0200 2.0178 -0.2422 7.26 -4.09 5.16 126 350 173 164 169 
4.17 -6.11 6.81 -1.6100 -0.9400 1.7300 -0.2889 -0.6889 0.1389 7.04 -4.76 4.87 151 348 178 181 175 
6.59 -4.91 2.67 -0.1900 0.1800 -1.6700 -1.0367 0.5722 -0.8844 7.27 -5.37 3.80 162 230 204 199 176 
1.52 -6.63 -3.32 -1.4400 0.8400 -6.3500 0.6911 -2.1856 -2.9922 8.83 -3.75 1.98 164 149 149 158 163 
10.98 5.46 3.47 2.9900 7.7700 3.1500 2.4567 -0.9022 -4.2656 9.49 1.78 1.66 165 154 162 165 164 
9.48 2.44 6.03 -0.7700 0.1700 4.0900 0.0567 -0.0189 0.7111 9.49 1.84 1.59 173 162 168 168 167 
10.53 3.15 1.21 0.8900 1.8600 -1.0000 -0.3344 3.1156 -0.1033 8.69 1.49 4.27 174 205 177 191 176 
-5.77 0.60 4.22 -6.9700 -0.4600 -4.1000 4.2156 1.8311 -1.5267 -0.13 4.21 8.85 159 261 235 236 182 
0.29 4.06 12.68 -1.7600 -0.7500 1.9600 -0.8456 0.2222 -0.1311 0.88 4.28 8.77 171 264 233 237 183 
-1.01 4.60 13.09 -2.7800 0.0200 4.0400 -0.8856 -6.6400 1.4878 5.36 3.17 7.56 177 237 213 215 182 
7.99 -1.52 -1.10 -3.3000 -0.4500 0.4900 0.1022 -5.5256 3.3100 9.43 -1.64 -2.12 165 148 153 146 161 
10.57 2.69 -3.59 3.6500 3.8700 -1.5500 -0.0233 -0.2111 -1.2667 9.50 -0.19 -2.39 176 155 157 162 165 
10.42 -0.29 0.26 0.6600 0.2200 1.8000 0.1500 0.2411 0.0256 9.59 -0.20 -2.00 178 161 159 165 168 
10.44 2.20 -0.90 1.6800 3.2200 0.8900 -1.7933 3.0811 0.0500 9.79 -0.32 0.41 173 202 189 192 179 
;
