2.83 8.05 8.22 -0.1700 0.3400 0.3400 -0.2511 -1.3744 1.0056 3.29 6.45 6.60 184 313 305 306 224 
2.24 5.21 5.21 -1.5100 -1.2500 -2.5100 0.5378 -0.1678 -0.0489 3.59 6.20 6.68 182 311 306 312 224 
4.74 7.69 6.23 2.7900 1.9200 1.6300 2.7989 -0.9989 0.3422 4.19 7.52 4.69 185 318 302 317 224 
13.43 6.69 4.94 6.2700 0.8600 1.3400 0.2389 -0.7989 5.7667 8.67 3.57 2.85 186 318 241 237 216 
8.26 1.32 -1.17 -0.8000 2.8900 -3.0400 3.4711 -0.4111 3.5511 9.25 -2.54 1.98 190 322 204 198 205 
5.37 2.55 2.22 -3.4600 5.7300 -1.0500 0.1456 1.6067 0.0678 8.24 -3.29 4.16 194 338 198 192 203 
7.91 -2.27 3.78 0.5700 0.5600 -1.9800 -1.0933 0.0667 0.0111 7.50 -3.24 5.41 193 335 191 198 206 
4.78 -4.89 5.43 -1.8200 -1.0300 -0.2900 -0.6433 0.6989 0.0967 6.47 -3.98 6.19 196 338 213 203 208 
5.08 -2.28 7.25 -0.4200 2.3400 0.9000 -3.0400 3.3900 -1.4933 5.40 -5.06 6.42 194 340 224 214 208 
2.60 -5.69 1.28 3.1500 -2.0400 -3.4700 -1.3222 8.0189 -1.7667 0.87 -6.87 6.94 188 354 224 221 209 
3.26 -6.80 4.96 -3.4400 -2.4900 -2.4900 0.2767 5.1644 -2.6200 -0.33 -6.75 7.10 191 392 208 218 210 
0.72 -4.65 10.50 0.6200 1.0900 1.4300 0.2933 0.2089 -0.2378 0.06 -5.26 8.27 191 397 213 219 212 
0.46 -2.88 7.22 1.0800 2.1400 -1.2300 0.8778 0.0122 0.1067 -0.16 -4.59 8.66 189 395 211 224 212 
2.19 -3.82 9.69 1.5600 -0.9500 1.9600 1.3800 -0.1678 1.0633 -0.37 -2.38 9.50 190 400 206 228 211 
-0.10 -3.02 12.39 0.1000 -1.3500 2.3500 -0.2922 0.2033 2.1822 -0.82 -1.54 9.64 190 397 219 233 213 
-4.13 -3.24 12.03 -3.1100 -0.7200 2.8800 -1.6533 -0.0200 0.4644 -1.18 -3.27 9.16 190 398 221 233 213 
-3.30 -2.41 8.79 -1.9200 3.1700 0.3900 -2.2689 0.2389 -0.8367 -1.13 -6.22 7.49 189 387 220 232 213 
-2.16 -3.29 5.17 -0.7400 3.7800 -1.2500 -1.4089 0.7700 -1.2267 -0.32 -7.98 5.68 190 382 225 234 212 
-0.60 -5.21 3.64 -0.3300 3.0400 -1.4100 -0.1133 0.9822 -1.5300 0.69 -8.33 5.12 189 383 226 233 214 
4.13 -3.26 3.93 2.6300 5.1100 -1.6700 1.2344 0.2644 -0.3578 1.42 -7.29 6.39 187 383 227 234 213 
3.83 -8.04 12.75 1.8500 -2.7900 5.2200 2.4522 -0.0878 0.1089 1.36 -4.16 8.77 189 389 250 237 214 
0.43 -5.10 11.20 -1.0600 -0.8700 1.3700 -0.0056 -0.2000 0.1267 1.20 -3.62 9.03 187 364 267 243 213 
1.93 -2.62 8.59 0.3700 0.4600 -0.5700 0.3344 0.3989 0.1489 1.27 -3.21 9.17 188 354 274 248 212 
1.79 -2.69 9.28 0.4500 0.1700 -0.0600 0.5344 0.0478 0.0089 1.21 -2.43 9.42 189 334 275 249 213 
0.68 -2.52 6.43 -0.5900 0.5700 -3.7800 2.5567 -0.7144 1.2211 1.53 -0.56 9.66 187 288 267 259 213 
-0.97 7.09 9.17 -2.5900 5.4900 3.3600 2.5033 1.1411 -0.4811 -0.11 4.78 8.55 188 303 285 277 219 
;
