0.49 6.49 7.15 0.4100 0.0600 -0.2100 0.0600 -0.0033 -0.0633 0.17 6.43 7.39 178 317 285 272 204 
0.15 6.52 7.21 -0.0200 0.0900 -0.0900 0.0600 0.0311 -0.0833 0.12 6.47 7.36 177 317 282 269 205 
0.06 7.74 12.68 -0.4600 1.6200 6.1200 0.1356 -4.1311 1.7511 3.53 6.13 6.78 179 326 269 230 199 
12.84 4.25 4.76 5.1000 0.5000 0.3100 0.0933 -2.3522 4.2911 9.08 1.64 3.29 182 315 209 193 186 
9.29 1.10 -1.52 -0.9100 3.5000 -4.0200 2.3978 -0.0811 3.6222 8.76 -3.34 2.84 181 321 186 174 175 
5.36 1.62 2.99 -2.3200 4.9900 -0.9000 0.9067 1.2833 0.7211 7.34 -4.16 4.98 186 342 191 179 178 
6.69 -2.81 4.58 0.1700 1.3000 -2.0400 -1.3322 0.6978 -0.5356 5.90 -4.55 6.36 189 348 198 187 179 
6.29 -5.78 6.30 0.4100 -0.6600 0.4300 -1.0389 1.3889 -0.0167 5.56 -5.47 5.93 188 341 204 190 179 
4.00 -6.68 6.34 -0.8200 -0.4400 0.5500 -1.0578 1.4678 -0.7900 5.15 -5.96 5.83 186 325 214 199 180 
2.28 -5.93 1.78 -0.1000 1.0600 -4.8200 -1.7222 7.3678 -1.6922 0.80 -7.18 6.63 180 279 225 210 185 
-5.01 -7.98 10.76 -2.0500 -1.1000 5.1700 0.6522 -0.0944 -0.4489 -2.12 -6.40 7.11 177 227 217 211 188 
1.63 -3.67 2.11 6.0200 6.0300 -3.6000 4.2756 1.4478 2.5456 -5.08 -3.58 7.58 178 194 192 191 187 
-13.47 4.62 14.84 -6.3500 1.1900 8.0200 0.6933 -0.2944 0.9178 -6.26 1.96 7.28 173 206 199 199 188 
-6.37 1.52 8.91 -0.9200 -0.7000 1.4700 0.3244 -0.2500 -0.2944 -5.70 2.00 7.71 178 210 200 200 189 
;
-5.12 1.53 8.13 0.2200 0.0600 -0.1800 -0.3111 -0.7067 0.0911 -4.94 1.63 8.31 174 240 216 211 192 
-1.37 3.33 6.62 -0.9800 1.2400 -2.7800 0.7322 -5.2600 -0.0422 1.72 2.64 9.28 178 272 234 250 195 
4.84 4.05 6.55 3.9300 0.4200 -1.9300 1.4144 4.5411 -2.2722 -0.23 4.18 8.86 181 310 297 310 199 
-7.14 5.55 22.40 0.5700 -2.0900 3.1100 -0.8389 -1.0478 -0.1811 -2.24 5.25 7.97 179 315 310 336 207 
-3.85 4.81 10.65 -2.2000 0.0000 3.9800 0.8400 -3.5922 0.9478 -0.05 5.86 7.85 180 308 288 292 206 
14.03 6.66 8.73 7.4400 2.0200 2.0100 -1.1867 -3.5489 4.8256 7.74 2.24 5.58 183 298 229 210 193 
7.52 1.71 -1.54 -2.0400 4.1300 -4.8100 4.3000 -1.8378 3.9944 8.74 -3.04 3.21 185 326 191 182 181 
6.44 2.28 3.33 -1.1900 6.0000 -0.4000 0.2400 3.1856 0.2822 7.29 -3.96 5.21 188 350 177 179 180 
7.80 -1.92 4.99 1.4200 1.5300 -2.2400 -1.3522 1.4722 -0.3078 5.82 -4.17 6.68 188 359 185 190 183 
5.36 -6.43 4.40 0.2800 -1.6800 -1.6200 -0.2022 0.2511 0.2178 5.36 -4.88 6.59 186 337 212 202 185 
2.24 -5.27 8.47 -3.0400 0.6100 1.9500 -0.8233 -0.0178 -0.4322 5.27 -5.38 6.27 187 321 222 210 187 
3.85 -2.70 2.94 -0.3400 2.5900 -2.8600 -1.7689 4.1311 -3.7944 5.54 -5.21 6.18 180 286 236 223 189 
18.49 -7.26 8.78 11.4200 -3.1800 0.7300 -2.4911 9.1456 0.6789 2.00 -5.74 7.68 174 221 228 223 192 
1.43 -5.69 3.33 3.5500 1.8000 -5.6400 1.5267 2.1300 3.7222 -5.12 -5.89 5.92 176 213 211 210 192 
-1.76 1.85 1.22 4.1600 5.6800 -3.4000 4.1844 0.6300 2.7911 -7.16 0.02 6.69 168 230 213 213 193 
-11.72 3.43 13.45 -5.5400 1.3100 6.6300 0.8422 -1.1789 -0.3344 -6.09 2.47 7.27 178 234 213 215 193 
-7.36 1.78 9.70 -0.8600 -0.7100 2.1000 -0.0689 -0.0867 -0.4100 -6.00 2.35 7.39 176 240 213 216 193 
;
