-2.34 3.29 8.95 -0.0300 -0.0400 0.0200 -0.0056 0.0122 -0.0144 -2.39 3.31 8.91 167 305 316 347 210 
-2.41 3.43 8.87 -0.1300 0.1300 -0.0500 0.0144 0.0144 0.0167 -2.38 3.34 8.90 167 305 319 349 209 
-1.84 4.45 11.26 0.5000 1.2600 2.6300 0.4011 -1.9544 0.6611 -1.00 3.86 8.95 170 303 301 310 211 
6.49 4.73 10.52 5.6000 1.6700 1.1500 1.0622 -5.2478 4.5789 6.31 2.71 6.99 172 299 245 251 207 
8.48 1.52 2.99 0.0700 1.5400 -2.4400 2.9433 -1.2456 4.3133 8.41 -1.17 4.88 175 299 251 260 205 
5.60 3.54 3.70 -2.2900 5.2700 -0.9900 2.3722 -0.4533 2.1467 7.97 -2.04 5.32 180 294 197 186 196 
6.68 4.22 5.51 -1.3100 6.4100 0.6900 -0.8744 1.1378 0.7189 7.69 -3.07 5.24 181 299 168 151 184 
7.65 -3.08 3.93 0.3800 0.2900 -1.0900 -1.1300 1.0733 0.6978 6.68 -4.71 5.40 180 306 170 164 189 
3.96 -8.73 5.15 -2.4900 -2.8800 -0.0300 -0.8733 0.2011 0.1267 6.09 -6.01 4.78 179 307 161 168 189 
7.65 -3.76 5.13 2.0500 2.3300 -0.6200 -2.5300 5.8433 -0.4911 4.20 -6.69 5.81 176 287 145 195 193 
-0.02 -9.51 0.28 -0.2900 0.2900 -2.0600 -5.2656 8.8656 0.5300 -2.30 -9.46 -1.11 169 240 236 221 196 
-1.91 -9.10 -10.14 -1.4900 0.1700 -7.1900 -2.5011 0.2333 -1.3833 -0.36 -7.38 -6.44 160 244 246 225 197 
-1.76 -4.88 -5.94 -2.4000 6.3300 -0.2000 9.0167 2.6600 -0.6589 1.26 -9.29 2.84 171 268 266 252 201 
-1.06 -2.87 12.25 -1.8500 5.3200 7.2200 -1.7889 -0.9511 -0.0978 1.14 -9.03 3.62 171 266 261 252 200 
-0.71 -8.50 -1.13 -2.6600 1.0000 -3.3700 -6.8611 -4.0367 0.5278 0.51 -9.10 -3.61 156 226 237 231 198 
-1.35 -5.93 -16.30 -0.3900 1.9600 -6.0800 2.2989 1.0456 -0.0322 0.40 -7.71 -6.04 160 234 250 241 200 
-0.51 -7.64 -3.28 -1.1100 1.9500 -0.5100 4.8544 0.6989 0.1800 0.74 -9.77 -0.31 163 251 254 250 200 
;
