7.77 0.89 6.11 0.1600 0.0600 0.0700 -0.0089 0.0444 -0.0244 7.66 0.82 6.05 182 281 274 258 200 
7.82 0.87 6.50 0.0900 0.0300 0.5200 0.0067 -0.1433 -0.0078 7.75 0.82 5.94 182 281 271 253 202 
10.68 -0.05 7.62 2.5700 -0.6100 2.4300 0.1944 -4.0467 1.7378 9.39 -0.46 2.78 179 280 221 214 195 
12.23 -3.54 -2.88 1.6500 -0.9900 -2.6700 1.4167 -1.2611 1.5467 9.13 -3.34 -1.22 126 293 154 157 175 
7.13 -0.18 0.76 -2.3100 4.6600 1.5300 0.2267 1.3044 0.3956 8.98 -3.87 0.58 114 318 146 152 163 
8.17 -0.60 2.13 -0.3100 2.3100 -1.1300 -1.5433 1.6489 -0.4167 8.78 -3.49 2.60 117 331 153 162 167 
6.95 -5.18 1.11 -0.8000 -0.7000 -1.4000 -0.4022 0.2411 0.2422 8.28 -3.82 3.59 137 340 150 173 173 
8.83 -4.75 6.15 1.0600 -0.3600 1.8700 -0.7100 1.0300 0.4956 7.47 -4.54 4.43 153 345 186 188 179 
5.94 -5.04 4.19 -1.2700 -0.0200 -0.1400 -0.2544 0.1400 -0.5511 7.31 -4.92 4.27 159 321 197 199 183 
2.31 -3.97 1.81 -0.1000 1.6100 -0.8200 -1.1433 0.6722 -1.2800 7.18 -4.79 4.64 161 280 209 208 185 
10.62 -5.72 7.24 0.9100 -0.6900 -0.5600 -3.4567 5.8378 -0.2711 3.28 -6.69 6.37 162 275 219 215 185 
2.74 -1.77 -4.39 -4.5500 5.9000 -6.9200 0.0256 -11.5078 -5.4289 8.55 -4.16 -2.36 167 253 219 223 186 
11.88 -0.59 -15.31 5.7400 -3.0300 -7.0300 -1.0678 -1.4578 -0.7044 2.97 0.47 -9.33 169 253 226 225 179 
4.08 -0.01 -13.27 0.8300 -1.5700 -3.3100 0.9033 0.0744 0.4111 2.58 0.21 -9.45 174 261 227 209 180 
4.64 -3.14 -13.82 1.6700 -0.8300 -3.8900 3.6122 2.3689 0.6389 4.26 -3.85 -7.94 178 285 229 242 185 
3.38 -2.83 -5.51 -1.5200 4.7500 0.2100 2.8689 1.6444 1.3011 4.73 -7.86 -3.45 180 303 257 264 189 
1.59 -2.18 -0.07 -3.2700 5.6500 1.7900 0.2256 0.6300 -0.0333 4.61 -8.51 -1.55 157 313 265 268 190 
4.10 -7.67 -2.71 -0.9000 0.0900 -1.1700 -0.2767 0.6344 -1.1689 5.61 -7.83 -1.80 178 290 233 231 187 
6.70 -3.60 -2.47 -0.1900 2.8700 -2.9500 1.7956 5.0822 -3.4156 8.25 -4.22 3.17 175 283 199 198 182 
7.93 -0.29 6.64 -0.2300 0.4600 0.4300 1.8000 0.1778 -1.3689 7.41 0.19 6.41 166 308 179 178 184 
12.63 0.05 12.80 4.9100 -0.9800 6.8900 -0.2833 -0.7889 1.3278 8.12 0.51 5.47 166 313 187 185 185 
6.61 -0.29 8.56 -2.7300 0.4300 2.7300 -1.3544 -0.1189 0.8933 8.16 -1.71 5.15 164 326 185 184 184 
4.33 -0.73 0.68 -3.4700 1.7600 -4.3100 -0.7622 -1.2311 -1.3756 9.01 -1.62 3.49 131 328 178 182 184 
7.83 2.33 -2.92 -2.1000 2.3200 -5.4600 0.6556 -1.7078 -1.6189 9.62 0.60 1.75 151 329 177 184 185 
12.30 2.42 -2.28 2.0600 0.2800 -3.1100 0.9656 -0.4744 -1.1000 9.47 2.44 0.67 152 325 183 186 186 
15.69 3.47 0.63 6.3400 0.4500 0.8900 1.5522 0.5778 0.3778 9.30 3.08 0.22 151 327 184 186 185 
10.52 2.84 3.86 0.7400 1.1900 2.7400 -0.4000 1.1389 2.2578 9.70 0.36 1.33 115 331 189 190 184 
6.10 -0.78 1.32 -3.6100 0.1100 -1.4200 -0.0933 1.2256 0.3767 9.07 -1.15 3.53 155 334 187 188 184 
8.83 -0.75 2.54 -0.1400 0.2600 -1.3200 -0.3289 -0.3422 -0.1678 9.01 -1.06 3.69 153 333 189 190 188 
;
