2.88 5.07 7.95 -0.0500 0.0400 0.0500 0.0100 -0.0667 0.0111 2.99 5.03 7.86 170 267 259 255 188 
1.95 5.28 8.73 -1.2900 0.2900 1.1300 0.0011 -1.2022 0.0589 3.75 5.00 7.55 171 267 263 255 189 
11.07 5.79 8.37 4.2600 0.7500 2.9200 -0.1211 -6.5078 2.5000 9.11 2.96 2.06 170 268 181 183 175 
12.54 -1.05 -7.82 2.3400 1.3600 -4.7800 3.3578 1.3278 2.6556 9.25 -3.07 -1.01 155 303 148 154 156 
6.87 0.69 0.52 -3.0700 5.8200 -1.1600 2.4200 1.4767 0.7567 8.23 -4.68 2.52 129 313 133 154 153 
4.04 0.91 2.71 -3.8800 4.1300 -1.9600 -0.8011 1.0489 -0.9967 7.54 -3.92 4.88 125 327 155 162 159 
8.46 -3.92 2.80 0.4900 -0.4400 -2.3800 -1.7422 1.1833 -0.2422 7.00 -4.50 5.18 127 332 159 169 165 
1.89 -7.61 7.45 -4.0000 -1.7100 2.3800 -0.6622 0.0544 -0.0956 6.05 -5.19 5.70 151 346 170 177 167 
6.66 -4.50 6.19 0.2000 1.3600 0.3600 -1.3078 0.5944 0.2922 5.45 -6.22 5.26 160 314 196 189 173 
1.43 -5.77 3.67 -1.1500 1.8100 -1.3900 -3.0856 0.7144 -0.4489 5.04 -7.76 3.24 160 262 205 194 173 
3.67 -8.44 1.13 -2.0000 -1.0000 -1.5400 -1.1144 1.2689 -1.1511 5.32 -7.69 2.93 160 267 216 213 175 
5.31 -8.81 4.11 0.1000 -0.5000 0.3100 0.6633 2.4978 -0.3233 4.25 -7.27 5.01 161 289 229 221 180 
0.90 -7.07 5.25 0.1500 0.4100 -1.3200 -0.8811 0.9456 -0.3544 2.56 -7.60 5.63 5 334 161 174 172 
1.55 -2.07 4.12 0.0000 5.1800 -1.6700 1.8000 -0.3844 -0.7578 2.81 -6.51 6.77 157 350 159 173 160 
7.12 -4.94 9.57 2.6600 -1.0900 1.5100 2.5833 -0.2300 0.1767 3.37 -3.67 8.44 166 351 166 181 160 
4.52 -6.28 9.95 0.2600 -2.3300 1.4900 0.6978 -0.2678 1.8133 3.39 -3.36 8.56 158 353 171 182 164 
1.58 -5.86 11.03 -0.6400 -0.7100 5.5700 -1.2511 0.2278 1.5456 2.37 -5.15 7.99 168 351 167 187 165 
0.21 -5.37 8.45 -0.5900 1.4300 2.4700 -1.7356 0.7967 0.0322 1.53 -7.14 6.53 166 349 164 187 167 
0.59 -5.20 5.92 -0.7300 3.5500 0.5100 -1.7589 0.8756 -0.6144 1.24 -8.64 4.46 166 356 173 186 166 
1.43 -3.49 1.88 -0.1500 5.6600 -1.7900 -0.1622 1.0778 -1.2722 2.26 -8.78 3.72 166 356 172 187 166 
3.61 -5.37 3.89 0.8800 1.1100 -0.7100 2.1611 0.8289 -2.5000 4.08 -6.66 5.92 164 355 174 187 169 
9.22 -11.46 8.86 4.0400 -5.3800 1.5700 1.8122 -3.2233 0.5433 6.08 -4.83 5.97 167 225 174 190 170 
10.58 -1.38 -3.23 1.5300 2.5400 -5.4700 4.6867 -4.5578 -0.6978 9.27 -3.02 0.98 163 159 161 178 170 
8.16 5.46 -0.82 1.2700 7.1400 -0.2100 5.0322 -1.9856 -0.9411 9.73 -1.20 0.06 161 157 144 165 155 
15.79 4.35 13.42 7.3900 3.8400 7.1300 -1.4756 1.6789 0.0889 9.71 -0.77 -1.06 142 157 156 164 149 
9.09 2.70 -1.59 -0.8600 3.1200 -1.9100 -2.4033 0.5822 -0.6933 9.80 -0.29 0.16 137 158 159 171 155 
9.48 -1.02 -5.14 -1.0000 -1.8900 -5.5100 -0.9700 -0.2789 -0.5178 9.79 0.42 -0.09 132 159 158 171 154 
7.99 -1.60 -3.39 -6.2300 3.1100 19.1900 -2.6344 -4.5278 0.6267 9.51 0.22 -2.38 126 151 155 167 138 
8.06 -1.67 -0.05 0.7500 -1.3800 -0.7400 -1.4156 1.5189 0.5889 9.79 -0.19 0.33 154 190 172 187 166 
2.93 -1.56 0.33 -3.9300 0.5100 -3.8200 1.2133 5.3944 -0.6433 7.55 -0.49 6.23 161 222 214 224 170 
-1.95 4.34 6.67 -5.7600 2.3200 -2.1800 1.1222 2.0689 -0.7389 1.30 2.58 9.36 168 241 234 241 174 
;
