4.38 4.06 7.68 0.0200 0.0000 0.0400 0.0222 0.0100 -0.0033 4.34 4.13 7.75 169 292 241 236 191 
3.72 4.23 8.66 -1.1900 0.0000 1.6100 -0.1022 -2.2522 0.7100 5.39 3.96 7.17 167 292 226 217 188 
16.75 3.48 6.96 8.4300 0.6400 3.6200 0.4444 -4.4811 3.2878 9.68 1.15 0.98 143 290 174 171 170 
10.38 -2.70 -5.25 -1.1800 -0.2700 -3.9600 4.7022 0.2456 1.3133 9.12 -3.59 -0.02 138 329 155 145 160 
5.75 2.17 0.39 -2.7400 6.4800 -0.9100 1.7622 2.8300 -0.4789 8.37 -3.72 3.48 102 336 156 152 159 
10.22 -0.86 0.83 1.9800 1.3700 -3.1200 -1.0044 1.7767 -0.8422 7.67 -3.26 5.16 115 348 166 162 166 
6.33 -5.24 2.22 -1.1100 -2.6800 -3.9600 -0.8467 2.0144 -0.2500 6.50 -4.12 6.07 122 363 170 162 169 
3.79 -5.56 9.59 -1.4700 -0.1100 3.1900 -0.6000 -0.5000 0.1378 6.26 -4.81 5.81 151 345 184 182 173 
2.44 -5.54 1.24 -4.5300 0.5000 -4.4600 -3.0200 0.2867 -1.3589 6.98 -6.05 3.28 156 171 182 185 172 
10.06 -1.00 -2.84 0.8500 2.9700 -5.6300 1.4589 -1.6311 -2.7733 9.09 -2.62 2.56 155 165 170 171 171 
19.75 5.32 0.53 8.0000 5.2400 -0.3400 3.6244 -1.5489 0.2978 9.72 -0.90 0.82 140 155 159 164 153 
12.75 1.56 2.08 -1.6900 2.9400 3.3600 -1.2622 0.9389 0.4500 9.71 -1.05 0.76 133 169 165 169 167 
9.05 1.07 -1.58 -0.2600 1.6800 -3.4400 -2.0444 0.5311 -0.2389 9.62 -1.05 1.56 136 166 167 173 165 
10.12 -1.63 -4.91 0.3200 -1.4900 -6.6700 0.4122 -0.1656 -0.2522 9.69 -0.61 1.31 124 170 171 169 162 
19.22 -0.80 6.55 7.4200 -1.0600 0.9300 -0.4056 0.9178 -0.2567 9.77 -0.05 -0.72 149 174 170 168 159 
10.59 -3.44 -0.93 0.0700 -2.1000 -2.0200 -0.2622 0.2567 1.2389 9.59 -1.91 0.69 168 196 181 172 165 
2.96 -0.86 -0.68 -6.8700 1.4800 -2.1700 1.9511 -0.3989 -0.3700 9.44 -2.03 1.68 175 160 153 166 157 
16.25 5.10 1.30 7.7400 4.7900 0.6500 1.1200 -0.7511 -1.2578 9.54 1.37 1.80 176 166 161 169 160 
9.70 1.77 4.01 -0.5900 0.6600 1.3100 -0.4867 0.2078 0.3311 9.61 0.87 1.70 176 168 165 169 159 
8.87 1.54 1.02 -0.1500 1.0900 -1.1200 -0.5333 0.1033 0.2322 9.55 0.53 2.15 179 175 160 172 162 
;
