1.66 5.75 7.90 0.0600 0.0400 0.1400 -0.0111 0.0367 0.0111 1.60 5.74 7.78 178 306 305 282 206 
1.77 5.73 7.71 0.1600 0.0000 0.0000 0.0089 0.1189 -0.0078 1.55 5.75 7.78 177 305 305 281 205 
1.34 5.70 7.94 -0.1100 -0.0500 0.1900 -0.0089 -0.0411 0.0156 1.49 5.74 7.80 178 306 303 281 205 
1.55 5.30 9.16 -0.6600 -0.4600 1.6800 0.0622 -3.3900 0.8500 3.82 5.66 7.03 178 306 283 252 201 
10.67 4.79 8.94 4.3800 0.0600 3.0100 -0.9167 -1.9911 2.1956 7.48 3.55 5.24 179 309 226 208 190 
11.71 1.72 1.86 2.6100 1.1600 -1.9800 0.5867 -1.2867 3.4056 9.24 -0.78 3.17 180 308 171 183 182 
7.91 2.63 0.07 -2.3200 5.8300 -1.0000 2.5000 -0.9100 2.4400 8.69 -4.19 1.73 183 311 180 166 172 
6.14 -1.09 3.34 -1.9900 3.6600 0.4100 0.0111 1.9033 0.4256 7.60 -5.06 3.55 187 316 176 171 170 
8.41 -2.73 3.86 1.9800 2.5000 -0.1400 -1.0478 1.9067 -0.3178 6.61 -5.07 5.17 189 345 185 175 172 
6.78 -4.50 3.51 -0.1000 0.7700 -1.5300 -0.6278 0.4778 0.3044 5.90 -5.91 5.12 187 341 191 180 175 
3.73 -7.03 5.43 -1.9900 0.1200 1.1700 -0.5878 0.6256 0.2622 5.41 -6.59 4.82 187 330 206 196 181 
5.25 -4.29 5.19 -0.0700 2.1000 0.6000 -2.3078 1.3378 -0.6722 5.58 -7.27 3.47 174 298 219 207 182 
8.14 -7.69 3.31 1.3100 -1.8500 0.7300 -1.2344 -0.4356 -0.9422 6.48 -6.98 2.31 183 320 224 212 180 
7.68 -10.74 1.17 1.0100 -2.7600 -0.2900 -0.0756 -3.3389 1.8789 5.36 -8.20 -0.30 178 295 207 196 172 
4.13 -6.36 -4.17 0.3100 2.9600 -4.1700 2.4611 -2.3422 1.5200 2.10 -9.55 -0.67 175 221 178 176 164 
1.30 -2.92 8.03 -0.5800 5.2400 4.8700 2.5900 0.5767 -0.1033 2.12 -7.59 5.83 180 243 194 182 168 
2.06 -5.91 10.35 0.1000 2.3000 4.8700 -3.7567 -0.3178 0.6311 1.64 -9.12 3.19 178 260 207 193 172 
2.38 -6.80 -4.56 1.5600 2.8200 -4.8100 -3.0911 3.1811 -1.0700 2.46 -9.21 -2.29 175 261 228 222 182 
3.28 -5.34 -5.91 -2.2000 3.3300 -4.1100 1.9944 8.1522 -2.0344 5.82 -7.19 3.23 173 268 254 246 190 
4.05 2.93 5.97 0.9300 7.1700 -0.4100 6.8744 5.0556 -0.2156 1.02 -0.11 9.75 177 287 287 288 196 
;
0.56 7.53 17.67 0.0700 1.8600 7.6200 0.8222 1.4900 0.0833 0.15 4.79 8.55 180 297 293 302 202 
-2.76 3.38 9.46 -1.2100 -1.3000 0.3600 0.3189 -0.1300 -0.0444 -1.01 4.99 8.37 179 295 292 302 203 
-0.10 5.44 8.51 0.7900 0.5000 0.3300 0.0000 -0.2867 0.0033 -0.72 5.07 8.36 180 296 290 300 204 
4.19 4.75 17.61 5.7900 0.7600 9.7700 -0.1756 -7.0211 1.5244 5.20 5.19 6.48 184 311 246 217 195 
11.64 3.61 -0.39 1.1200 2.9200 -4.2900 0.9811 -1.4633 5.2700 9.15 -1.74 3.03 184 319 201 194 185 
4.39 0.94 2.12 -4.5400 4.8500 -0.9400 2.2256 -0.3078 2.1722 7.92 -4.56 3.55 186 326 181 174 174 
6.42 -0.12 4.06 -0.4200 3.4300 0.5300 -0.5933 1.6878 0.0456 6.96 -4.86 4.88 188 341 179 174 172 
7.29 -3.17 5.73 0.7200 1.2600 -0.2400 -1.2244 1.6333 -0.3522 5.93 -5.37 5.65 188 361 188 182 175 
3.62 -6.82 5.02 -2.7800 -0.9400 -0.8300 -0.6067 -0.1978 0.5978 5.35 -6.23 5.35 187 325 196 191 178 
3.86 -6.62 6.95 -2.0000 0.5300 2.0000 -1.0356 -0.5656 0.7711 5.04 -7.17 4.38 187 306 209 205 180 
4.30 -8.41 4.10 0.4400 -0.3400 1.7200 -3.1233 -1.1389 0.4578 4.75 -8.55 0.52 181 300 202 198 173 
5.23 -10.07 -6.26 0.3400 -0.4600 -5.3600 0.5467 -2.0600 0.4844 3.26 -8.98 -2.19 179 237 167 178 167 
1.16 -0.86 -1.30 -0.5600 8.1600 -2.2400 6.8356 1.1044 0.2589 2.30 -7.26 6.16 184 219 182 184 167 
0.06 -4.70 9.97 -1.0300 2.3600 2.5400 -4.7211 -1.1156 0.5633 1.73 -9.18 2.97 181 220 203 195 172 
1.26 -7.36 -3.20 -0.6300 2.7300 -3.5200 -2.9178 0.9722 -0.9333 2.61 -9.12 -2.45 178 243 210 202 178 
3.50 -4.77 -4.76 -2.4700 3.2800 -3.1400 -0.5778 6.4122 -2.5489 6.47 -7.35 -0.47 177 253 223 224 183 
6.09 -1.50 2.60 -0.5800 2.8900 -3.4000 3.8211 6.0367 -2.6011 4.79 -1.67 8.38 182 294 265 288 196 
;
