3.39 5.68 7.10 -0.0400 -0.0400 -0.0600 0.0178 -0.2111 0.0167 3.50 5.80 7.08 171 299 256 246 187 
3.99 6.47 9.46 -0.2900 0.9200 3.1100 -0.2133 -3.7667 1.4811 6.29 5.08 5.53 173 294 240 241 187 
14.21 1.38 2.73 4.3800 -0.9100 -0.1100 1.5411 -3.5689 4.5267 9.77 -0.01 0.80 160 297 169 169 179 
6.83 -0.10 -1.86 -2.5300 3.4900 -2.1100 4.0289 0.3611 1.6556 9.00 -3.57 1.52 139 327 167 164 177 
6.52 2.89 3.71 -5.2200 7.0600 1.3700 -1.4967 3.2889 -1.3244 8.08 -3.88 3.96 123 334 164 157 176 
8.89 -3.12 1.92 0.8400 0.0500 -2.1000 -0.9533 1.1211 -0.5111 7.87 -3.62 4.58 119 352 166 162 177 
5.79 -6.39 3.51 -1.3800 -1.6600 0.5600 0.0689 -0.1889 0.3289 7.50 -4.29 4.61 123 352 174 170 178 
7.38 -2.79 5.19 0.6300 2.6500 0.5400 -1.5744 0.3744 0.4889 7.14 -5.41 3.96 144 349 182 183 177 
-1.06 -5.69 1.68 -8.4200 1.5700 -2.0900 -2.8122 -1.8833 -0.8289 6.91 -6.84 1.23 156 322 187 191 185 
9.78 -3.48 -4.36 -0.9600 -0.0100 -3.4400 -0.6744 0.0178 -3.0011 8.99 -3.43 -1.87 159 304 188 191 181 
14.91 -5.40 -4.52 5.7300 -1.4500 -1.1500 2.1100 -0.9500 1.7422 7.87 -4.93 -3.13 160 336 193 188 176 
3.10 -3.94 -2.50 -4.6400 3.0600 -0.3300 3.1433 -0.6978 1.2722 6.11 -7.66 0.14 158 345 200 197 179 
7.13 -5.68 2.37 -1.7900 1.0600 2.8300 -2.2711 0.3111 -0.6378 6.47 -7.33 -0.63 150 338 204 197 180 
7.00 -6.63 -9.22 0.1400 0.0400 -7.0800 0.2089 -0.6867 0.1200 6.25 -7.05 -2.69 155 336 195 194 180 
8.07 -6.51 -2.22 0.9400 1.1800 0.8600 3.8656 0.6622 0.1456 6.28 -7.52 -0.27 157 347 204 204 180 
12.69 -5.67 1.63 5.8400 2.6400 0.6200 -4.4233 8.3233 -0.3222 6.36 -7.34 1.33 153 278 199 210 180 
6.29 -7.84 -0.31 2.6300 0.8200 -2.5000 -3.9456 2.6478 2.8944 2.57 -9.45 -0.25 122 216 176 202 179 
2.76 -8.43 -3.45 0.6500 1.0100 -0.9200 -0.8467 -1.0900 1.2611 0.76 -9.38 -2.73 115 197 170 194 176 
-2.83 -8.39 -2.65 -3.6500 1.2500 -0.1100 -0.2600 -2.6278 -1.3133 0.14 -9.27 -3.17 114 196 171 200 177 
2.16 -6.94 -7.42 0.9400 2.2800 -3.2000 0.1411 -6.5667 -4.6689 2.68 -8.02 -4.95 112 193 169 201 175 
1.90 -5.64 -8.15 -0.3700 3.1000 -2.1800 0.2533 -4.9411 -4.1167 2.26 -6.53 -6.94 113 199 186 205 176 
2.53 -4.98 -8.01 1.5200 0.8700 -0.3400 -0.1622 -1.6922 -1.4933 1.49 -5.89 -7.69 115 200 192 203 173 
3.95 -5.63 -8.74 1.9200 -0.3000 -0.7900 0.1422 0.5178 0.3156 1.70 -5.67 -7.81 118 202 189 203 174 
2.77 -4.55 -7.12 0.1200 0.8900 0.7500 0.1389 2.3733 0.1078 3.15 -5.99 -7.08 142 215 204 217 180 
;
