0.77 5.22 8.27 -0.1900 0.1900 -0.1100 0.1100 0.1800 0.2456 0.92 5.07 8.33 184 298 237 262 217 
0.60 5.29 8.25 -0.1700 0.1700 0.0600 0.0844 0.1300 0.1356 0.78 5.18 8.28 184 297 236 266 218 
-0.12 5.67 10.20 -1.0100 0.2900 2.9100 2.4944 -3.2233 1.3100 2.59 6.54 6.82 183 342 186 217 211 
16.15 7.49 3.70 7.6900 2.7600 -0.0600 1.4011 -3.9711 5.2544 9.52 2.13 0.95 165 353 162 188 183 
6.57 1.16 -2.85 -3.2200 3.7500 -1.7700 4.1944 -0.3356 2.4444 9.13 -3.57 0.06 145 355 172 178 179 
4.40 3.33 1.84 -3.9400 6.5900 0.1100 1.5656 2.0667 -0.0267 8.30 -3.54 3.83 145 383 183 190 184 
8.03 -1.61 2.97 1.2200 1.5800 -2.3400 -1.5411 1.8356 -0.5100 6.94 -3.63 5.89 147 399 191 188 187 
2.29 -6.67 5.26 -4.1500 -2.6500 -1.3700 -0.0033 0.8689 0.0033 5.26 -4.10 7.18 152 409 192 193 188 
1.91 -3.89 9.41 -1.2900 1.0600 1.5100 -0.8456 -0.4922 0.0711 3.89 -5.13 7.39 172 372 196 212 195 
5.59 -3.95 7.37 -0.2800 1.5600 0.0500 -3.6844 4.3189 -0.5578 0.78 -8.29 5.16 182 312 287 307 205 
0.21 -10.38 -4.07 1.4800 -0.6700 -6.9400 -3.7244 1.9067 0.0200 0.39 -9.75 -0.88 184 334 327 341 208 
0.19 -6.40 -6.19 -0.3100 5.0100 -6.5900 6.1367 -0.0389 -0.5100 0.87 -8.66 4.49 185 331 337 338 210 
0.03 7.67 6.55 0.4700 11.8800 -2.1000 6.6333 2.7189 0.5000 -1.37 -0.75 9.68 184 332 331 326 214 
-0.12 6.01 19.64 0.7300 2.2700 9.8200 0.7389 -0.5311 -0.5556 -0.97 3.63 9.05 187 340 335 318 208 
-1.51 2.92 9.89 -1.0300 -0.1200 0.0700 -0.4633 -0.6544 -0.8656 -0.33 2.95 9.34 186 334 328 319 211 
;
