0.73 5.11 8.39 -0.1400 -0.0100 0.0600 0.0122 0.0022 0.0011 0.86 5.13 8.30 183 298 294 276 206 
0.71 5.12 8.34 -0.1600 -0.0200 0.0500 0.0233 0.0033 -0.0111 0.84 5.15 8.30 183 300 293 274 205 
0.67 5.15 8.32 -0.1600 0.0000 0.0400 0.0056 0.0067 -0.0044 0.83 5.15 8.29 184 299 292 272 208 
0.65 5.18 8.28 -0.4100 0.0100 0.1100 0.1567 -0.2678 -0.0267 1.08 5.28 8.18 184 308 292 261 207 
5.71 7.96 13.54 9.1100 3.9800 5.4900 1.1156 -6.6933 3.7656 7.55 4.68 4.13 185 347 193 196 197 
12.11 0.44 -3.02 0.9500 -0.3800 -4.1700 3.1011 -1.9811 4.4000 9.58 -2.08 0.14 185 365 177 175 187 
5.12 1.57 -0.12 -4.0400 5.4500 -0.9100 1.8733 1.6422 0.6444 8.72 -3.73 2.47 190 373 184 175 188 
6.10 1.93 3.06 -2.3600 5.4600 0.3800 -0.9044 2.1656 -0.5444 7.94 -3.51 4.53 193 393 188 183 187 
8.08 -2.85 3.87 0.1100 1.0200 -0.6400 -1.1167 1.2111 -0.3256 7.46 -3.98 4.95 190 395 194 188 188 
5.79 -4.30 6.00 -1.1900 0.0800 1.1000 -0.5522 0.3156 -0.3078 7.32 -4.20 4.98 192 402 193 191 188 
6.57 -2.54 5.54 -0.8600 1.9400 0.8100 -0.5878 0.3122 0.0744 7.16 -4.57 4.89 191 368 211 202 197 
5.35 -5.17 2.63 0.8700 -0.2700 -3.6600 -2.1111 7.3644 -2.5356 3.04 -5.47 7.54 172 284 272 244 199 
-2.31 -5.78 6.61 -2.8200 -1.2600 0.1500 1.8356 -0.5989 0.4556 -1.04 -5.00 8.36 142 186 185 212 192 
1.12 -3.45 11.79 0.2600 1.2200 3.8000 1.0756 -0.0722 -0.1300 1.32 -3.23 9.16 119 173 178 197 188 
0.47 -2.08 9.68 -1.0000 -0.0500 -0.0400 0.4733 -0.1922 -0.2089 1.50 -2.35 9.40 117 175 179 193 186 
7.91 1.30 8.51 3.2700 3.8200 -0.7900 0.4222 -0.0778 3.9411 0.56 -2.05 9.57 118 172 178 192 186 
-14.88 0.73 14.40 -1.9900 3.4600 3.4400 -0.4611 -1.1678 -0.2844 0.97 -1.62 9.62 116 177 183 194 187 
-4.49 2.31 10.14 -5.2000 4.1900 0.3400 0.0578 1.5111 -3.1322 -0.09 -1.80 9.63 117 177 185 196 188 
6.74 0.03 9.92 8.0000 1.7200 0.1600 0.2767 0.7711 -1.6900 -1.01 -1.73 9.59 120 182 187 199 189 
1.04 -2.88 9.19 0.1900 -1.8200 -0.3700 0.7200 -2.1356 1.3422 0.78 -0.63 9.75 115 187 190 202 193 
-1.12 -1.83 6.58 -2.1800 -1.4500 -3.1900 0.2900 2.2622 -2.6244 -0.76 -0.49 9.76 159 239 242 249 200 
1.01 -0.97 7.48 2.9200 -0.6100 -1.1900 3.6378 1.8133 -1.6689 -2.55 1.58 9.33 183 312 313 351 208 
-4.83 4.25 6.98 1.7500 2.3200 0.1200 1.5344 -0.2167 -0.1556 -2.25 4.38 8.47 183 297 314 364 217 
-2.70 4.49 6.84 0.4400 0.4000 -0.3500 0.5556 -0.1778 0.2611 -1.87 5.23 8.07 183 312 336 367 222 
-2.15 4.74 9.24 -0.3300 -1.1000 1.4200 -0.3011 -0.6644 0.5689 -1.51 5.47 7.99 188 304 301 323 221 
;
