5.86 0.47 7.95 -0.0500 0.1300 0.1200 0.0189 -0.0122 0.0022 5.90 0.34 7.82 178 254 253 240 184 
5.91 0.48 7.87 0.0300 0.1500 0.0700 -0.0233 0.0022 0.0089 5.90 0.33 7.81 179 253 258 243 183 
7.28 -0.07 9.02 2.0600 -0.3900 3.2700 -0.2111 -3.5633 -0.4733 8.15 0.47 5.42 176 261 218 207 183 
16.97 -0.14 -0.43 5.3500 1.0500 -2.1100 2.1589 -2.8122 2.5522 9.66 -1.65 -0.32 141 302 140 163 170 
5.66 -1.04 -1.35 -4.0200 2.8400 -0.8700 3.9733 0.2111 0.7644 8.90 -3.99 0.97 131 332 149 154 166 
6.37 0.11 3.34 -2.0800 3.7300 0.9100 0.6533 1.6778 -0.3322 8.37 -4.06 3.07 113 336 154 160 169 
8.12 -2.57 3.63 0.3000 0.8800 -1.1700 -1.2489 0.6311 -0.3456 7.94 -3.95 4.16 122 343 161 163 170 
8.95 -3.97 3.42 0.2900 0.0100 -1.1600 -1.0400 1.7067 0.3011 7.14 -4.67 4.81 120 350 167 171 170 
3.80 -6.54 6.06 -2.3500 -1.1000 1.5100 -0.0522 0.2133 0.1922 6.37 -5.26 5.27 134 347 178 171 170 
-0.26 -5.57 4.41 -5.6700 0.8800 -0.6900 -1.3667 -0.6633 -0.2900 5.73 -6.57 4.47 151 289 203 189 172 
8.18 -6.87 2.51 0.2800 -1.0100 -2.1500 -1.3178 -3.1244 -0.7322 7.13 -6.36 2.16 158 330 188 164 175 
9.00 -7.07 2.21 0.4400 -0.3000 0.3900 0.0800 -0.1700 0.4556 7.00 -6.82 0.69 167 333 197 181 173 
9.08 -7.58 -2.69 4.6500 0.3200 -1.8500 2.7733 -0.1978 0.8333 6.14 -7.58 0.93 156 348 194 191 173 
4.71 -6.13 4.66 -3.0400 1.1500 4.2000 -2.0356 1.8567 -0.2067 6.18 -7.61 0.06 159 350 192 192 171 
8.05 -6.86 -6.65 1.0300 0.9000 -4.1700 0.1867 -0.1111 0.3133 6.33 -7.28 -1.71 159 348 188 178 174 
7.61 -6.88 -2.44 -1.0200 0.7500 -0.5700 2.9522 1.5322 0.4578 5.87 -7.79 0.97 158 343 204 188 174 
9.95 -5.97 3.44 5.9600 1.8700 1.4200 -2.5722 5.1933 0.6433 5.42 -8.00 1.63 162 244 211 206 176 
1.14 -9.26 0.13 -2.8100 -0.8400 -2.5500 -4.0822 5.4867 2.3889 -0.48 -9.75 -0.83 165 224 231 217 178 
-3.81 -6.25 -9.13 -3.3700 2.0600 -6.3000 0.2767 1.7956 -0.6467 0.19 -8.85 -4.20 167 233 236 228 181 
8.69 -4.64 16.08 6.2200 4.4300 16.1300 -0.6633 0.5067 0.2378 1.87 -9.62 0.02 174 253 243 234 181 
0.17 -7.93 -4.36 -2.2500 1.3000 -4.2800 -3.5600 -1.0011 0.9144 0.71 -8.43 -4.94 164 248 245 230 181 
-1.56 -6.89 -11.68 -2.0900 2.1300 -5.1800 4.6967 1.3844 -1.0722 1.49 -9.50 -1.91 167 248 243 228 183 
5.78 -4.47 13.62 2.6500 2.6600 7.3700 -0.7633 -1.1311 0.5989 2.00 -9.49 1.42 168 252 235 223 181 
;
