6.41 2.66 6.85 -0.1000 -0.0200 0.0900 0.0200 0.0333 -0.0100 6.48 2.72 6.82 175 258 231 228 178 
6.37 2.71 6.79 -0.2100 -0.0800 -0.0500 0.0167 -0.1489 -0.0389 6.54 2.76 6.75 175 257 229 227 181 
7.40 2.94 8.17 3.4100 0.7600 2.5100 0.3778 -2.9256 0.1889 7.80 2.89 5.19 171 281 201 198 179 
16.94 2.55 0.21 5.1300 0.9600 -1.7400 2.4000 -1.2467 3.1044 9.79 0.00 0.53 149 307 146 163 170 
6.00 -0.32 -1.83 -3.3600 3.2000 -1.9600 3.7222 0.1600 1.6367 9.18 -3.18 1.31 132 338 159 164 169 
4.49 1.34 4.64 -3.8800 4.3200 1.6700 0.6589 1.1733 -0.0322 8.43 -3.19 3.86 107 343 163 164 169 
7.73 -1.79 3.33 0.3100 0.8600 -2.3700 -1.3067 0.9111 -0.4811 7.75 -3.17 5.09 122 355 173 174 172 
5.85 -4.77 4.29 -2.1700 -1.0900 0.2200 -0.0956 0.7700 0.1122 6.90 -3.66 5.91 126 366 173 178 173 
6.10 -3.94 8.04 -0.5200 0.0900 1.7700 -0.6289 0.2256 0.4444 6.36 -4.32 6.07 143 358 186 189 176 
3.32 -4.18 5.58 -1.9400 1.3000 -0.3300 -1.7278 0.4844 0.5000 5.52 -6.04 5.39 157 300 206 200 174 
2.96 -6.65 2.70 -3.6000 -0.0300 -2.6600 -3.4489 1.3700 -1.0533 5.74 -7.20 3.34 158 271 214 211 177 
6.58 -6.49 0.27 2.5900 0.5200 -3.4200 2.9456 -0.6600 -2.6267 7.92 -3.98 4.17 161 292 203 201 175 
11.26 5.34 6.07 7.0300 6.4700 4.0100 4.0978 0.2033 -2.0144 8.48 1.38 4.71 149 333 178 177 169 
12.33 3.57 9.90 2.7300 2.4300 4.0900 -0.9867 0.8222 2.4322 8.34 -0.29 5.13 141 343 183 181 169 
1.25 -1.38 6.86 -6.3900 0.8000 0.6500 -1.4611 0.6667 0.3922 7.19 -2.85 6.01 139 348 186 187 172 
1.92 -0.43 2.62 -5.4900 3.0800 -3.2300 -0.9978 -1.8367 -1.8444 8.55 -2.52 4.08 144 348 182 190 171 
8.26 2.47 -1.59 -0.8200 3.1800 -4.8300 0.8100 -1.7922 -2.1333 9.40 0.78 2.65 143 347 186 188 171 
15.07 5.52 -0.25 4.2000 2.3900 -0.6300 1.5011 -0.9144 -0.5844 9.39 2.76 0.55 139 337 186 189 172 
15.90 4.44 2.82 4.7100 1.1900 2.2300 0.4322 0.5689 1.5678 9.57 2.01 0.66 139 348 185 189 171 
4.89 0.48 2.88 -5.1700 0.8000 1.6700 -0.7300 1.0411 1.7133 9.60 -1.30 1.46 143 336 186 189 172 
8.35 -0.66 1.04 -0.0300 1.2400 -0.0700 -0.5556 -0.2944 -0.3367 9.62 -1.51 1.09 151 320 197 195 175 
11.95 -0.63 1.86 2.5900 1.5400 0.7500 -1.7322 0.0978 0.8544 9.54 -2.17 0.49 158 288 216 211 176 
11.93 -1.56 1.49 1.0300 2.1100 -0.5100 -3.5156 2.7200 2.7600 8.05 -5.42 1.35 165 291 234 226 176 
5.13 -7.06 -1.26 -0.7200 1.6600 -1.8100 -3.5678 1.3067 3.4656 3.51 -9.05 -1.34 169 303 249 242 179 
0.51 -4.61 -7.85 -3.0600 2.4100 -7.5200 2.8400 0.4900 0.6933 1.58 -9.65 -0.65 167 285 250 232 181 
0.69 -3.59 10.90 0.4100 3.3100 8.4600 4.4656 -1.6722 -1.6978 3.32 -6.85 6.17 170 298 255 226 180 
7.50 -6.92 9.81 1.3200 0.4600 1.4500 -3.8533 0.6600 0.4178 3.32 -8.37 3.86 168 301 247 226 180 
2.88 -7.53 -3.75 -0.5400 2.0000 -5.3400 -0.9722 0.0500 0.5244 2.78 -9.39 0.44 168 298 242 232 181 
-0.02 -4.21 -3.72 -3.1500 6.1600 -4.7700 5.0500 -1.0067 -1.1967 3.54 -7.81 4.75 172 290 228 243 182 
10.05 -0.63 19.15 5.9900 2.2300 13.6500 1.4233 -0.0400 -0.7600 5.27 -3.01 7.69 172 293 257 243 183 
6.34 -3.24 11.73 1.1300 1.8800 4.0200 -3.8622 0.6367 1.0411 4.45 -6.30 6.05 171 302 261 246 182 
2.59 -3.97 1.53 -1.7300 5.4200 0.6800 -4.0944 -0.2289 0.9678 3.04 -9.29 0.68 167 303 259 247 183 
;
