-2.66 4.72 8.12 -0.0100 0.1400 -0.1700 -0.0344 -0.0367 -0.0244 -2.66 4.55 8.26 180 301 318 344 209 
-2.40 4.71 8.43 0.1400 0.2400 0.3200 0.4167 -0.2744 0.1756 -2.43 4.71 8.24 179 307 314 348 211 
6.51 9.32 15.15 4.4400 3.3200 4.7600 -1.1300 -5.0667 3.2289 4.20 4.01 7.89 181 316 221 202 200 
10.99 3.19 3.01 2.6700 2.1600 -2.6200 2.4544 -2.2411 5.4778 8.80 -0.90 4.21 182 322 178 169 186 
4.81 3.38 2.82 -3.5800 6.3600 -1.2900 2.5489 -0.3856 2.0089 8.25 -3.07 4.31 183 330 171 170 185 
5.60 3.41 5.30 -1.7400 6.0600 -0.5600 -1.5478 1.5511 -0.1600 7.17 -3.83 5.46 183 329 176 172 187 
5.77 -7.89 4.83 -0.8500 -3.8300 0.2000 -0.7667 0.0656 0.1800 6.77 -4.82 5.18 183 330 181 178 188 
5.71 -5.83 4.94 -0.8100 0.2000 -0.2200 0.0933 -0.0611 -0.0067 6.53 -5.19 5.13 183 325 186 183 191 
3.72 -3.69 4.02 -2.7000 1.3300 -2.4400 -2.2967 7.0056 -2.8533 3.99 -5.62 6.97 181 283 240 241 197 
-0.70 -2.08 3.05 -3.8500 3.0000 -3.4000 4.2267 5.6800 -4.0833 0.75 -2.57 9.43 181 309 288 320 200 
1.21 5.82 15.33 -0.6000 3.8100 6.9100 3.1100 0.8522 -0.4078 -1.00 3.20 9.21 183 333 320 338 201 
;
-4.52 5.14 7.13 -2.1600 1.4100 -1.3000 1.2544 0.0944 -0.5833 -2.39 4.90 8.14 183 332 308 342 206 
-1.82 4.67 8.03 0.5800 0.0400 -0.1900 -0.0833 -0.3233 0.0078 -2.12 4.67 8.35 183 329 295 343 208 
-1.27 6.41 14.23 1.2800 2.6700 6.6700 -1.0133 -2.5756 0.8278 0.15 4.21 8.85 183 330 301 291 208 
7.60 4.73 10.38 4.1200 2.2100 0.5600 -1.2478 -3.3967 4.4267 5.11 0.53 8.35 183 332 200 194 194 
7.17 1.98 0.41 -1.6600 4.3500 -3.6300 4.4944 -3.6100 4.0922 8.50 -2.97 3.87 182 341 156 171 177 
5.27 4.22 5.19 -2.6500 7.3600 1.4800 0.7244 0.4344 0.6944 8.25 -3.51 3.94 184 347 170 173 180 
8.69 -0.33 3.95 1.3900 2.8000 -2.0500 -1.2589 1.0211 -0.2556 7.56 -3.78 4.96 185 341 172 173 181 
6.80 -6.97 5.66 -0.6300 -2.5200 0.6600 -0.9567 0.7244 0.2956 6.85 -4.81 5.09 185 340 175 177 181 
5.69 -5.07 5.72 -0.8400 0.2000 0.6900 -0.2411 0.2322 -0.1500 6.65 -5.06 5.12 185 338 179 180 182 
5.04 -2.15 5.80 -2.4400 2.9200 0.1100 -2.7456 3.6167 -1.3433 5.93 -5.55 5.48 183 299 214 204 191 
-0.60 -4.34 1.45 -4.1000 1.9200 -7.0500 2.0133 6.3344 -4.3178 1.71 -3.62 8.94 182 293 270 295 200 
;
1.63 5.17 12.92 1.7200 5.1400 2.6400 4.5478 1.7056 -1.8189 -0.93 2.75 9.36 184 320 313 335 200 
-2.53 7.89 14.33 -4.0200 4.8200 10.0500 -1.0111 -0.1833 -0.1056 -2.20 4.89 8.20 183 330 309 340 205 
-2.03 4.57 10.07 -0.1400 0.0600 1.3000 -0.1911 -0.2433 0.0767 -1.79 4.80 8.36 183 330 310 329 206 
4.33 6.75 16.17 3.2500 2.2900 6.1400 -2.2233 -2.9822 2.1233 2.16 2.58 9.20 183 332 230 217 195 
9.00 1.89 5.60 1.4400 2.1000 -2.6400 1.9100 -4.4211 4.5678 8.18 -1.16 5.28 183 333 170 178 180 
5.03 2.00 1.70 -3.6700 4.8800 -1.4100 3.2978 -0.8600 1.6589 8.70 -2.92 3.45 184 342 171 181 181 
5.91 2.94 6.11 -1.3300 5.0200 1.5800 -0.2511 0.9400 0.2144 8.25 -2.92 4.42 184 341 178 187 184 
7.92 -2.42 3.37 0.4000 0.8700 -0.5700 -0.6356 0.4089 0.2233 7.77 -3.80 4.60 185 349 183 188 185 
6.00 -6.75 4.73 -2.2400 -2.7200 -0.2300 -0.5844 0.2856 -0.1433 7.34 -4.53 4.65 186 349 188 194 186 
6.36 -3.34 5.28 -0.2600 2.3100 1.1200 -0.9767 1.5744 -0.2278 6.72 -4.79 5.29 185 311 201 204 191 
1.89 -5.07 3.67 -5.0000 -0.9800 -2.7700 -1.7856 4.0722 -2.9722 4.70 -4.91 7.06 185 287 228 240 196 
1.53 -2.36 1.19 -0.0500 3.0000 -4.2700 1.1767 3.8733 -3.8111 1.61 -3.15 9.14 182 313 280 312 200 
;
-0.14 5.02 15.97 0.4600 4.4000 6.4200 2.6444 1.6833 -1.1878 -1.20 2.16 9.48 183 326 311 329 200 
-2.99 5.24 11.27 -0.8100 0.9100 0.5600 0.4900 -0.4611 0.3389 -1.57 3.97 8.82 184 323 294 330 203 
-2.30 5.53 11.52 -0.1200 0.5900 1.8300 -0.1356 -0.3222 -0.0033 -2.07 4.03 8.69 183 322 295 334 208 
2.78 8.18 18.73 4.3900 3.8700 9.1800 -1.6044 -3.1256 2.5056 2.05 3.25 9.01 184 326 294 295 208 
9.33 3.69 5.64 2.7400 3.0200 -2.4300 1.6744 -4.5289 6.3511 7.60 -1.43 6.01 184 325 191 186 188 
2.51 2.74 2.13 -4.7400 6.6800 -2.8800 2.8122 -0.8267 1.6222 8.16 -3.15 4.42 184 332 174 175 182 
6.88 3.44 5.54 -1.0500 6.0300 0.6200 -0.6444 1.2122 0.0911 7.80 -3.11 5.06 185 337 172 177 182 
7.00 -3.90 2.36 0.0700 -0.1800 -2.1300 -0.7900 0.7856 0.1978 7.17 -4.23 5.17 183 340 177 181 183 
5.72 -7.83 5.55 -1.1800 -2.3700 0.3000 -0.6733 0.1344 0.0567 6.59 -5.16 5.09 185 341 179 184 183 
5.70 -3.49 5.44 -0.1200 2.4600 0.6000 -0.8311 0.8822 0.0300 6.29 -5.46 5.16 184 317 197 197 191 
1.33 -4.39 0.93 -2.4700 2.2300 -6.3400 -1.9567 9.5856 -3.9322 2.22 -6.36 7.11 181 283 261 270 199 
-2.80 0.81 8.31 -0.1000 5.4300 1.4500 4.6167 0.8589 -2.8444 0.30 -1.34 9.70 182 309 289 327 200 
;
0.26 4.60 13.39 0.9100 3.5800 4.4700 2.8756 1.8000 -0.8156 -1.35 3.03 9.22 183 324 316 334 203 
-6.64 2.95 10.51 -3.0300 0.1600 0.6900 0.0689 -0.4911 -0.0444 -2.12 3.61 8.86 183 324 310 327 206 
0.29 6.68 16.44 1.4400 2.7900 7.4400 -0.9700 -3.4211 0.6156 0.90 3.19 9.22 183 321 249 255 206 
9.79 5.10 8.10 5.0900 3.2100 -1.0400 0.8256 -5.3800 5.0644 7.67 -0.28 6.09 184 312 191 186 191 
6.79 0.64 1.85 -3.3900 3.8700 -1.8900 4.0756 -1.8833 3.3522 8.17 -3.77 3.88 185 335 176 180 188 
5.65 2.87 4.59 -2.2400 6.2500 0.1800 0.7844 1.0256 0.1433 7.70 -3.27 5.10 185 342 175 178 184 
7.53 -1.12 3.50 1.1300 2.7700 -1.3700 -1.1622 0.3633 -0.0678 6.99 -4.15 5.48 185 343 177 181 183 
6.34 -6.01 4.75 -0.6400 -1.0400 -0.4400 -1.2044 0.4667 0.1467 6.60 -5.40 4.82 185 343 180 183 184 
5.53 -7.70 3.48 -1.1100 -1.5000 -1.2900 0.2278 -0.1811 0.0056 6.51 -5.69 4.61 185 340 182 186 184 
4.40 -2.89 5.90 -2.0700 2.9600 1.2000 -1.9689 3.2033 -0.7900 5.93 -5.70 5.33 185 287 217 216 194 
-2.91 -5.26 -0.53 -4.5700 2.1800 -6.4300 2.3133 6.1678 -4.4078 1.70 -4.36 8.61 183 300 268 298 200 
0.18 6.17 13.77 0.6200 5.7000 4.6400 3.4022 1.8344 -2.1156 -0.54 2.00 9.58 185 330 308 336 200 
;
0.69 11.53 16.90 -5.5600 5.2400 14.0400 -1.1744 0.4511 0.1000 -2.96 4.09 8.40 185 329 312 324 206 
-0.63 7.11 15.51 1.4100 3.3100 7.1900 -1.6900 -2.4133 0.3367 -0.35 3.29 9.23 185 328 215 245 204 
8.42 6.21 9.22 3.3900 3.8300 -0.6400 -0.4700 -3.3011 4.5433 6.00 -0.10 7.75 184 321 188 186 197 
7.74 0.40 1.49 -2.2500 2.9600 -3.2000 4.5644 -2.9522 3.5256 8.32 -3.13 4.12 185 342 171 179 195 
3.78 3.59 4.36 -4.3400 6.3600 -0.1900 0.6033 0.7678 0.3122 7.91 -3.07 4.90 185 346 180 185 197 
10.25 -0.29 4.18 2.2900 3.2400 -1.2800 -1.2978 0.7889 0.5267 7.28 -4.05 5.15 186 347 185 190 198 
5.76 -6.52 5.41 -1.7500 -2.5300 0.4000 -1.0533 0.6144 0.1400 6.49 -5.29 5.09 185 344 189 193 199 
5.23 -6.27 4.65 -0.7100 0.2000 -0.2200 -0.0711 0.2778 -0.3011 6.43 -5.38 5.07 185 333 190 199 200 
3.01 -2.34 4.27 -3.1900 2.8300 -2.4000 -3.1511 6.3522 -2.1467 4.00 -6.22 6.42 182 274 208 240 200 
-0.83 -2.43 2.70 -4.4700 1.8400 -6.8300 3.9644 4.7089 -4.7178 1.46 -3.21 9.14 182 310 293 323 203 
-0.17 6.21 15.22 0.3100 4.9900 6.9800 2.5944 0.6522 -1.2089 -0.61 2.72 9.40 183 334 320 341 203 
;
