7.30 2.76 5.83 0.0100 0.0000 -0.2100 0.0678 0.0789 -0.0922 7.15 2.78 6.10 177 272 241 233 188 
6.91 2.81 6.40 -0.2100 -0.0200 0.3400 -0.0111 -0.1867 0.0178 7.17 2.82 6.06 178 273 240 234 188 
9.34 2.75 7.80 1.4500 -0.0600 2.2200 -0.1133 -4.9556 0.7367 8.93 2.32 3.30 178 278 203 191 180 
10.76 -0.33 -3.34 0.7300 -1.6000 -2.0000 2.9389 -3.0667 1.5967 9.35 -0.34 -2.92 149 324 164 170 174 
6.44 -0.66 -3.49 -2.5000 1.7500 -0.3500 3.0311 0.7144 0.3533 9.03 -2.94 -2.42 133 344 167 169 174 
7.17 1.58 2.14 -1.3400 4.2900 1.2100 -0.7978 2.1089 -0.1411 9.14 -3.53 -0.09 116 353 170 173 173 
9.30 -2.94 -1.15 0.0800 0.3700 -1.9700 -0.9922 0.9722 -0.0433 9.15 -3.33 1.12 121 364 176 180 174 
8.83 -4.55 0.51 -0.8400 -1.2500 -1.2100 -0.5600 2.3856 0.5333 8.53 -4.05 2.62 127 366 184 181 175 
6.07 -4.36 4.29 -1.6600 0.2900 1.3200 -0.8667 -0.2767 0.2144 8.24 -4.79 2.29 152 360 195 193 179 
5.11 -2.67 -0.69 -4.3700 1.8100 -2.5300 -1.5422 2.1711 -1.9167 8.70 -3.89 2.28 154 289 204 191 179 
11.52 0.02 3.72 3.9200 2.1800 1.5500 2.0233 -1.6533 -3.0856 8.96 0.58 3.92 161 333 216 201 180 
11.66 -0.63 10.62 2.9600 -1.0700 5.1200 -0.6089 -0.8567 1.0667 9.21 0.18 3.34 160 335 213 202 181 
11.35 -2.35 1.06 1.5600 -1.4600 -1.6100 1.1800 -1.8656 1.3089 9.65 -1.46 0.90 139 340 174 184 180 
7.40 -1.30 -4.15 -2.8200 1.3000 -3.6200 3.8444 -0.1422 0.2033 9.48 -2.46 0.21 115 346 168 167 176 
5.30 2.78 3.01 -2.0400 4.3700 1.7700 -0.3944 1.9333 -0.1333 9.14 -2.81 2.15 119 357 176 175 180 
8.36 -1.96 1.26 0.5500 1.2100 -2.1400 -1.3544 0.7067 0.1467 8.68 -3.40 3.01 120 373 176 180 181 
7.37 -4.24 2.95 -1.3300 -1.1600 -0.4600 -0.7056 0.6767 0.1978 8.02 -3.93 4.04 124 384 186 185 184 
4.74 -5.18 7.97 -0.8200 -0.4700 1.7100 -0.7356 -0.6267 0.0722 7.55 -4.58 4.24 134 373 192 191 183 
8.41 -2.71 5.04 1.0000 2.6200 1.0400 -3.0078 2.4244 0.9167 6.17 -6.64 3.72 158 287 196 197 182 
7.46 -8.25 1.63 -1.0300 -2.6900 -0.7100 -3.7078 1.2067 0.9289 3.36 -9.17 0.80 165 288 254 242 185 
2.33 -7.79 -7.95 -0.7300 1.8800 -8.2400 3.7967 0.7422 -0.0022 3.08 -9.04 2.18 166 295 264 254 184 
2.71 -2.77 9.85 -0.4800 3.9300 5.1000 4.1689 0.0156 -0.9056 3.55 -4.39 8.01 163 305 269 254 185 
3.00 -5.06 17.06 -0.5000 -1.6300 7.9800 -2.5678 -0.0289 -0.3489 3.58 -4.62 7.87 173 321 242 254 186 
3.92 -4.43 3.29 0.9500 3.3000 -2.0700 -4.7367 -0.6478 0.3678 3.28 -8.83 2.70 170 328 263 241 186 
2.54 -7.26 -5.45 -0.6500 1.9300 -6.2500 0.2111 -0.7600 0.0156 2.85 -9.37 0.24 171 301 263 256 187 
2.60 -3.51 -0.07 0.3000 5.4800 -1.1900 5.2578 -0.3889 -0.9400 3.71 -7.11 5.62 170 295 275 260 187 
5.23 -4.69 15.28 0.0200 -0.4000 6.5000 1.1300 -0.7800 -0.3967 4.49 -3.51 7.97 171 297 277 259 188 
4.76 -4.56 12.89 0.6700 0.5200 4.6500 -3.5811 0.5422 0.0200 4.01 -6.02 6.61 167 310 270 256 188 
3.25 -4.65 2.07 -1.0000 3.7600 -2.2000 -4.5500 -0.6022 0.9700 3.27 -9.19 0.92 170 319 275 255 186 
;
