5.70 2.50 7.48 0.0000 0.0000 -0.1000 -0.0044 0.0089 0.0000 5.69 2.46 7.59 161 276 235 230 182 
5.61 2.48 7.59 -0.0100 0.0000 0.0000 -0.0022 -0.0122 0.0222 5.66 2.46 7.61 160 273 237 231 184 
5.92 2.13 8.22 -0.3300 -0.3700 1.0300 0.0056 -2.4211 -0.0844 7.28 2.54 6.05 174 277 228 212 179 
16.08 -0.04 1.32 6.7700 -1.6600 0.6600 2.6300 -5.0233 1.5489 9.26 0.90 -3.09 159 307 152 164 164 
8.36 -1.30 -6.24 -0.2900 -0.0200 -1.7500 3.5833 0.2744 0.7233 8.78 -2.51 -3.54 129 319 146 158 163 
3.91 -1.55 -2.93 -4.2800 3.0200 -0.4200 2.3856 1.7133 -0.2200 9.21 -3.33 0.20 111 334 163 165 165 
8.95 -0.27 0.49 0.6500 2.5900 -0.3600 -0.7267 0.9044 0.0211 9.00 -3.56 1.53 113 341 171 173 167 
8.03 -3.54 -0.47 -0.8100 0.3600 -2.4300 -0.9144 0.5589 0.1089 8.71 -4.02 1.98 124 348 170 176 167 
6.47 -4.62 3.74 -1.8000 -0.9300 1.0800 -0.6200 0.9267 -0.0211 8.28 -4.15 3.20 130 360 177 175 171 
6.45 -5.09 4.01 -1.5000 -0.6700 0.7800 0.0089 -0.1056 0.0989 8.04 -4.43 3.42 132 357 180 179 172 
8.02 -4.44 3.41 0.5500 0.6300 0.2200 -0.2311 0.0211 0.4189 7.85 -4.91 3.21 144 353 180 183 171 
7.49 -3.27 4.25 -0.0300 2.5800 0.8600 -1.9200 1.8756 0.3356 7.13 -5.89 3.24 148 299 205 157 174 
9.44 -4.46 3.97 0.2900 -0.0700 -0.0100 -2.8422 4.4022 0.7344 4.53 -7.82 3.79 165 301 223 203 178 
5.16 -9.01 0.95 1.6000 -0.8200 -1.5800 -1.8633 1.0022 0.9100 3.07 -9.18 1.56 167 305 247 218 178 
1.80 -9.66 -0.36 -0.6100 -0.0100 -1.6800 2.5911 1.2711 0.3856 1.90 -8.98 3.44 165 312 252 235 181 
1.98 -3.18 5.24 -1.0300 4.1400 -1.4400 3.8478 1.3211 0.8611 1.08 -6.01 7.66 168 305 263 217 181 
1.43 0.21 8.82 0.1800 3.5500 -0.3100 3.0156 1.6344 0.3989 -0.65 -1.12 9.71 168 301 265 265 205 
-3.74 -0.21 14.12 -3.3400 -0.6000 3.8600 -0.5356 -2.0167 -0.3367 -0.39 0.27 9.79 171 305 259 259 192 
0.00 -0.29 10.36 -0.0200 -0.3100 1.0000 -0.0211 -0.1556 -0.1322 0.17 -0.13 9.80 170 300 250 223 190 
2.49 -0.97 10.63 -0.4700 0.7000 0.2700 -3.2622 -6.1789 -0.6456 6.21 -2.80 7.04 166 314 230 207 176 
7.46 -3.80 -2.27 -0.6100 0.5100 -3.1300 -1.4067 -4.8900 1.5256 8.13 -5.19 -1.72 162 327 184 182 162 
8.59 -5.11 -4.77 1.4200 1.4900 -1.2000 2.8811 2.2611 1.8378 5.99 -7.71 -0.86 159 349 192 189 162 
4.01 -6.22 3.07 -1.6000 1.3700 2.9000 -2.2844 -1.8467 -1.4100 6.58 -7.10 -1.52 157 356 198 190 160 
7.82 -6.19 -6.58 1.2700 0.5100 -3.7800 1.1811 2.3489 0.7133 6.64 -7.01 -1.68 163 357 197 197 164 
2.12 -3.95 10.30 3.0200 0.7800 4.1100 -0.5189 0.6656 -0.3189 6.62 -7.02 1.72 165 359 199 202 168 
6.42 -5.81 1.84 -0.1900 1.4600 -0.7300 0.1689 2.1189 -1.1244 7.07 -6.29 2.54 165 319 208 204 168 
4.67 -2.13 2.29 -2.5200 1.3100 -3.3300 3.9511 3.5644 -3.1389 5.70 -1.04 7.90 168 281 237 213 181 
;
