-0.50 4.23 8.90 0.0400 -0.0500 -0.0400 -0.0311 -0.0400 -0.0133 -0.52 4.27 8.80 188 320 308 305 222 
-0.95 4.45 9.35 -1.0700 0.2500 0.8500 0.1000 -1.4011 0.3922 0.33 4.33 8.79 188 323 307 281 220 
5.89 4.78 9.12 1.3400 1.1300 2.2000 -0.3700 -10.2733 2.5933 8.85 2.78 3.17 186 325 233 207 205 
11.96 -1.56 -6.94 2.8800 0.1600 -2.5500 1.3567 -5.3667 4.1933 6.66 -3.40 -6.33 185 274 152 172 179 
0.23 -3.06 -7.72 -3.4600 4.2600 -1.1800 3.3722 -0.9333 1.5211 2.49 -8.12 -4.88 186 253 165 162 174 
-1.21 0.74 1.70 -4.1700 9.7500 2.6300 5.5133 1.8211 -1.5133 3.63 -8.26 3.82 187 268 169 168 178 
3.90 -4.43 11.03 0.1500 2.1300 3.5700 -2.9478 0.3100 -0.1100 4.05 -8.09 3.76 189 257 183 179 184 
-0.17 -4.19 -0.53 -5.3500 4.7600 -1.9400 -1.6678 -1.0422 -1.9356 5.64 -7.93 1.18 186 301 280 260 202 
5.39 -1.43 -7.61 -0.2700 2.4900 -4.0900 -5.6067 -5.9533 -1.4733 5.39 -3.52 -7.39 186 247 248 261 193 
8.90 -3.79 -18.12 6.7400 -4.1700 -7.3300 0.7033 -0.3233 -0.3056 3.72 -0.41 -9.06 188 272 262 265 191 
5.97 -3.62 -13.16 1.7800 -1.8300 -4.7400 2.5756 0.6300 1.0078 4.23 -3.26 -8.22 184 272 263 266 198 
4.95 -4.42 -10.22 -0.6500 1.8900 -4.0000 4.3556 2.4522 1.1356 4.91 -7.60 -3.76 193 350 333 335 207 
0.08 0.70 -1.05 -3.0600 9.7300 -0.8900 1.0833 0.2889 0.4011 3.99 -8.93 0.57 195 369 339 361 209 
3.57 -6.42 2.12 -0.5800 1.5300 0.5900 -0.0778 0.3444 -0.1600 4.15 -8.80 1.18 196 368 342 355 208 
4.18 -6.33 0.89 -0.0300 2.8000 -0.4600 -0.6100 1.0333 -1.2233 5.07 -8.33 0.95 194 330 321 289 208 
3.32 -2.38 -0.66 -4.0700 2.9200 -3.4800 -1.1922 4.4189 -3.9389 7.41 -5.78 2.78 189 295 267 260 207 
;
