2.38 6.83 7.07 -0.1000 0.2100 0.5300 -0.3389 -0.1022 0.1344 2.44 6.57 6.85 182 273 236 241 181 
1.48 6.55 8.31 -1.9400 0.3700 1.3000 -1.1256 -2.5333 0.6267 4.08 5.53 6.98 182 267 191 200 179 
6.44 3.12 4.94 -0.2900 -0.3700 -0.3900 -2.0222 -9.5711 2.6911 9.68 1.56 -0.17 161 255 151 154 167 
11.91 -1.19 -10.67 1.0500 1.3400 -4.4800 2.7000 -2.4556 3.6022 5.49 -4.49 -6.76 128 250 160 152 165 
1.80 -4.14 -13.82 -1.8500 7.0400 -3.5700 6.5167 1.7289 0.5767 4.12 -8.89 0.00 129 256 157 160 169 
1.31 -7.51 -0.68 -1.4100 -1.1200 -5.2600 -0.8933 -0.1478 -0.5222 4.37 -8.76 0.49 129 244 162 160 168 
5.69 -7.79 1.17 0.9400 1.0800 0.5900 -0.6622 0.6611 -0.1044 4.59 -8.65 0.35 162 262 172 171 171 
-0.52 -6.30 -0.73 -6.2900 1.8600 -1.1200 -2.3333 -1.7022 -1.0400 5.88 -7.62 -1.85 171 275 220 219 176 
4.32 -4.71 -5.32 -1.1000 0.4400 -0.1100 -3.5056 -6.9211 -0.2344 3.39 -4.70 -7.90 177 236 233 232 174 
3.41 -2.86 -5.29 0.4100 0.3800 6.1800 -4.0389 -2.3222 1.0044 -0.42 0.53 -9.78 177 264 239 227 171 
0.06 5.46 -19.00 -0.4300 2.8700 -5.9800 1.2856 1.4956 -0.5067 0.00 1.73 -9.65 177 268 240 234 171 
1.61 0.89 -7.96 1.1200 0.1400 1.2800 -0.1178 0.2811 0.0089 0.48 1.36 -9.69 177 264 232 226 174 
5.68 1.66 -13.96 4.0200 0.7000 -4.2100 1.0867 3.7911 1.7011 3.85 0.24 -9.01 176 266 224 216 171 
7.83 0.82 -6.95 -0.9000 2.6400 0.8500 1.0211 4.7022 4.2300 6.98 -4.88 -4.85 177 286 242 247 177 
1.85 -4.89 -5.73 -2.2100 2.0200 -1.9300 0.4300 1.1678 2.4900 5.07 -8.09 -2.20 176 293 259 261 180 
-0.31 -6.28 -6.99 -4.7800 3.5800 -7.8500 5.6078 1.8667 1.1211 2.73 -8.64 3.72 175 293 257 257 180 
-3.35 6.85 9.99 -4.9000 11.0300 2.4100 5.6767 -1.9178 -0.7233 2.55 -1.06 9.40 176 300 259 236 180 
7.51 -0.62 14.94 3.6000 -0.8400 3.7700 -0.9078 0.6878 -0.2822 2.54 -0.07 9.46 3 298 264 257 181 
1.60 -0.29 8.74 -0.8000 0.2300 -0.9000 0.0111 -0.0144 0.1589 2.41 -0.52 9.48 3 302 261 254 182 
;
