-1.39 6.31 7.44 -0.0200 0.0600 0.0400 -0.0089 -0.0133 -0.0122 -1.30 6.26 7.43 184 339 323 347 220 
-1.27 6.28 7.40 -0.0400 0.0000 -0.0800 -0.0211 -0.0156 0.0133 -1.27 6.23 7.45 183 338 305 327 221 
-1.91 6.20 11.11 -2.1100 0.5100 4.4300 -3.1511 -6.4522 0.9678 2.80 4.23 8.38 180 359 171 188 205 
9.02 0.75 5.74 1.6400 -0.8200 1.0900 -0.9233 -5.4911 2.9244 9.52 -0.29 2.32 142 346 171 173 196 
8.14 -2.16 -2.29 0.6200 1.8600 -0.0200 0.8478 -4.4278 3.2944 7.53 -5.05 -3.71 144 334 174 180 194 
2.56 -3.77 -2.82 -2.7000 3.3200 1.9400 0.3400 -1.0556 1.3867 4.31 -7.47 -4.66 149 343 166 182 193 
2.33 -7.25 -5.20 -0.1800 0.3800 0.0000 0.2100 -0.2967 0.1600 3.30 -7.81 -4.91 150 345 168 185 193 
3.58 -8.40 -6.82 -0.3000 -0.1600 -3.5700 0.8556 -0.8756 0.0511 2.93 -8.34 -4.23 140 272 166 184 192 
-0.03 -2.49 4.52 -2.9700 6.6700 3.5400 4.5622 0.7100 -0.3644 3.82 -7.94 4.29 138 250 169 184 193 
1.50 -5.12 8.20 -1.6800 2.1800 1.8300 -2.3933 0.3011 -0.6944 3.80 -8.35 3.44 153 282 174 195 198 
5.45 -7.79 -0.70 0.9300 -0.0500 -3.1200 -1.8422 6.6400 -2.8767 4.87 -7.96 3.00 174 279 208 232 203 
4.71 -9.11 5.67 2.7100 -2.0900 -1.1300 -0.3800 7.1522 0.5422 -0.33 -7.22 6.62 179 229 218 241 206 
-0.14 -2.08 0.64 4.3100 4.9200 -5.6500 3.2344 2.3856 3.9478 -6.80 -3.51 6.12 179 169 170 196 195 
-12.98 5.01 10.49 -6.6600 1.8600 4.7100 1.8367 -0.2800 1.6578 -7.25 2.87 5.93 178 157 168 192 193 
-7.85 3.69 7.38 0.1600 0.8700 1.3400 0.2067 0.1200 -0.3611 -7.21 3.05 5.90 180 163 170 195 193 
-7.37 3.07 5.80 -0.3100 0.2600 -0.4600 -0.0356 -0.2378 -0.1578 -7.07 2.92 6.12 179 189 185 211 200 
-5.24 3.80 4.08 0.1100 0.7100 -4.8100 1.4889 -6.0600 -1.4956 -3.35 2.89 8.74 178 287 261 291 206 
6.52 6.15 4.21 4.8600 0.9200 -2.1200 0.8044 -3.5944 -1.5644 4.23 4.92 7.34 181 295 301 338 209 
0.96 5.51 11.61 -1.2600 0.1700 4.5800 0.2656 1.0778 -0.9789 0.54 5.64 7.99 186 295 317 372 213 
;
