-2.14 5.14 7.95 0.0200 0.0200 -0.1000 -0.0067 -0.0233 -0.0011 -2.13 5.14 8.06 187 322 332 356 218 
-3.87 5.25 9.19 -2.5400 0.4100 2.6500 -0.2533 -2.0800 0.4956 -0.79 4.99 8.40 183 320 202 239 218 
14.98 2.53 0.98 8.7100 -0.1000 -1.0300 -0.0356 -11.4000 5.0467 9.65 -0.78 -1.51 129 318 161 166 182 
3.60 -2.10 -7.02 -2.5900 4.1900 -1.3700 4.7267 -2.6700 3.3911 3.41 -8.31 -3.92 166 302 164 173 183 
1.59 -4.18 1.07 -1.1400 4.4200 2.0900 1.3011 0.1622 0.1467 1.88 -9.60 -0.53 157 303 161 176 183 
2.31 -9.81 -7.32 -0.4100 -1.3900 -10.1900 3.2244 -0.2089 -0.6422 2.27 -9.30 2.10 155 262 161 172 184 
2.98 1.76 15.18 1.3400 10.2800 12.8500 0.9189 1.0111 -0.4989 2.35 -6.87 6.58 161 273 171 178 188 
5.26 -7.98 2.24 4.3800 0.9600 -2.6600 -3.5756 4.5989 -1.1833 1.61 -9.02 3.48 178 264 193 188 200 
-0.39 -9.78 -4.77 -1.8700 -0.3000 -4.8900 -4.3000 8.8622 1.2378 -0.19 -9.61 -1.94 182 251 252 261 205 
-3.58 -10.17 -7.59 -3.8000 -0.9900 -5.0900 -1.5667 1.4956 0.6933 -0.45 -8.42 -5.00 181 266 260 275 210 
-0.78 0.23 -3.33 -0.4100 10.2200 -1.1300 8.3867 1.3133 -0.8833 1.39 -7.19 6.51 186 282 281 281 214 
1.03 -2.10 12.35 1.3800 4.6600 4.9300 -3.7144 -0.8011 0.0300 1.43 -8.72 4.24 185 281 281 281 213 
-0.61 -9.74 -8.51 -2.3100 -0.3300 -8.0900 -4.3533 -1.9589 0.4867 0.75 -9.26 -3.11 177 264 274 275 213 
-1.76 -7.48 -5.07 -2.5900 3.0100 -1.9600 6.6789 0.7322 -1.1111 1.65 -8.86 3.84 178 291 295 294 214 
1.66 -4.02 9.86 0.6800 3.3300 2.3400 -2.8978 -0.5078 0.3289 1.42 -9.16 3.18 181 287 290 285 213 
-1.54 -7.94 -3.46 -2.8100 1.1300 -3.5100 -2.3467 -2.2833 0.9422 0.15 -9.73 -1.15 178 259 270 260 211 
1.10 -3.48 -4.96 -0.5300 6.8200 -5.3500 6.5222 1.4567 -2.1522 2.08 -8.74 3.91 180 292 285 292 214 
-0.82 1.41 15.15 -2.9100 5.3700 7.6700 5.6933 0.8856 -1.7756 0.86 -0.25 9.76 179 320 327 330 212 
;
