1.53 3.81 8.88 0.0000 0.0500 -0.0600 -0.0100 -0.0144 -0.0067 1.49 3.76 8.92 183 321 336 349 218 
1.58 3.84 8.91 0.0300 0.0800 -0.0100 -0.0011 -0.0211 0.0189 1.52 3.76 8.92 181 323 336 349 218 
0.45 3.59 10.25 -1.5500 -0.3800 2.5400 0.0844 -2.0678 0.3533 2.90 3.77 8.57 182 327 202 257 221 
17.24 1.97 2.21 11.7600 0.0000 -3.9700 0.5078 -11.6522 6.2922 9.33 -1.21 -2.76 180 257 143 166 178 
3.94 -2.40 -3.78 -1.0600 4.5700 0.7700 3.4111 -2.3878 2.9156 3.72 -7.89 -4.46 171 263 145 168 174 
-0.32 -3.48 -6.39 -2.4500 5.6900 -8.0200 3.3578 -0.7033 -0.1511 2.47 -9.48 0.09 167 261 154 170 178 
3.01 3.86 23.11 -0.6300 11.8700 20.4800 0.2744 2.1078 -1.9456 3.27 -7.22 5.76 169 246 160 171 181 
2.65 -9.12 2.21 -0.7200 -0.2700 -0.3000 -1.2522 1.3778 -1.1200 3.49 -8.68 2.90 175 288 187 198 191 
3.94 -9.67 -1.47 -0.2700 -1.5400 -6.1800 0.3800 7.5789 -1.9567 3.71 -7.85 4.54 171 277 277 281 206 
0.94 -2.91 6.83 0.1400 2.3000 -0.6400 3.0211 0.1667 0.1233 2.12 -4.46 8.47 146 191 193 205 201 
4.47 0.15 14.78 1.2600 1.7100 5.4500 0.3978 -0.0289 0.4622 2.08 -2.40 9.27 145 179 176 195 197 
7.34 -1.07 8.29 6.8100 2.2000 -1.1100 0.0989 1.2744 2.3656 0.54 -2.70 9.41 149 181 179 198 198 
-6.99 2.05 8.73 -9.4200 3.6500 0.0400 1.0922 0.1044 2.5100 -1.07 -1.65 9.60 153 187 185 203 197 
-3.74 2.78 10.29 -2.8100 4.9000 0.7000 -0.2522 -0.0489 -3.2611 -0.24 -2.02 9.59 154 190 185 206 199 
7.43 1.08 10.27 9.8500 2.7100 2.1200 0.4367 2.4889 -2.1300 -1.32 -1.92 9.52 151 186 181 207 200 
6.03 -2.58 10.97 3.2000 -0.7900 0.8900 -0.4578 -1.1256 1.9444 -0.92 -2.08 9.53 143 192 189 208 202 
1.25 -0.71 12.83 0.3600 0.0700 3.7600 -1.1611 0.1778 -0.9500 -0.94 -2.46 9.44 154 194 188 212 203 
-3.08 -2.48 3.44 -2.5000 1.4700 -6.2200 1.4433 0.1411 -3.8133 -0.36 -3.11 9.29 171 262 260 260 207 
;
