-2.23 4.30 8.44 0.0200 -0.0100 -0.0300 0.0022 -0.0044 -0.0011 -2.25 4.32 8.50 162 308 314 323 207 
-2.22 4.35 8.48 0.0200 0.0100 -0.0200 0.0067 -0.0278 -0.0056 -2.23 4.32 8.51 164 308 314 322 207 
-2.30 4.27 8.52 -0.0600 -0.1100 0.1500 0.1367 -0.0789 0.0633 -2.10 4.39 8.51 162 308 311 317 207 
-0.31 4.65 12.31 -0.0900 0.5800 3.7700 -1.6667 -4.8378 1.0711 2.45 3.09 8.97 146 317 244 240 202 
10.16 2.73 7.37 2.7300 1.2800 0.4500 -0.2278 -5.8689 3.1978 9.14 -0.10 3.54 104 304 196 190 176 
9.30 -1.86 0.26 0.8500 1.2000 0.6800 1.3167 -4.4033 3.8644 7.95 -5.22 -2.35 97 322 174 214 182 
4.42 -4.80 -2.16 -0.7200 3.8000 1.2600 1.8456 -1.3100 2.6600 3.48 -8.90 -2.17 97 360 170 187 171 
1.54 -6.57 0.67 -1.0600 2.6700 1.7300 0.4456 -0.4156 0.4944 1.81 -9.57 -1.08 100 364 174 190 173 
2.17 -9.42 -0.18 0.6800 0.2500 0.9100 -0.0056 0.1533 -0.0589 1.68 -9.60 -1.02 102 363 177 192 174 
4.20 -8.06 -6.48 2.9200 -0.4700 -8.1300 2.6967 -0.3044 0.0600 2.03 -9.55 0.82 105 235 168 190 174 
1.15 -3.18 7.36 -0.9800 5.7200 5.0400 5.1889 -0.2900 -0.0133 2.12 -5.94 7.50 106 249 164 190 173 
1.28 -3.08 11.38 -0.7300 3.5600 3.7800 -3.8000 0.1011 0.0889 1.80 -8.04 5.31 106 258 175 194 174 
1.99 -6.72 -0.04 -0.0400 2.3300 -2.8400 -3.0556 -0.7656 -0.1189 2.15 -9.56 0.35 108 262 178 197 175 
2.95 -9.63 -4.27 0.7400 -0.0300 -2.3300 -0.4067 0.2678 -0.3044 2.47 -9.39 -1.32 119 265 183 205 181 
2.86 -5.89 -1.07 -1.4800 3.1800 -0.7100 -0.0178 8.7744 -3.8022 5.72 -7.78 1.69 145 285 238 260 193 
2.65 0.08 5.18 -2.9200 4.1600 -1.7600 5.0367 7.8800 -3.4422 1.98 -0.81 9.56 164 318 277 312 197 
-1.71 7.09 16.10 -0.8500 1.6900 4.7800 1.5389 0.3256 -0.8500 -1.65 4.22 8.69 178 338 299 333 201 
;
-1.80 6.53 10.31 0.4000 0.2300 -0.0400 -0.5911 -0.0878 -0.0111 -2.11 4.99 8.17 178 336 302 336 203 
-0.96 5.04 8.24 0.5800 0.0000 -0.1500 -0.0167 0.0522 -0.0100 -1.76 4.99 8.25 176 334 302 337 205 
-1.75 4.97 8.17 0.0300 0.0300 -0.1400 -0.0422 -0.1922 -0.0278 -1.62 4.93 8.31 175 333 304 337 205 
-1.99 4.91 8.80 -0.6100 0.0600 0.3600 -0.6222 -2.3789 0.1122 0.20 4.31 8.80 146 327 292 321 207 
5.04 3.33 11.89 -0.0100 0.4100 1.9000 -1.1800 -5.6667 1.2089 6.67 1.63 6.99 113 342 208 201 191 
13.63 0.46 4.04 3.7000 -0.1000 1.0500 0.1278 -5.8778 2.6856 9.59 -1.84 -0.78 102 361 179 172 172 
9.85 -0.58 -4.82 0.4900 3.9300 -0.0200 2.6578 -2.2267 3.5422 5.46 -7.27 -3.64 108 357 165 169 167 
0.71 -3.96 0.24 -1.5500 5.6900 3.1400 2.2444 -0.4778 1.1911 2.36 -9.46 -0.97 111 356 179 173 168 
1.83 -7.31 1.99 -0.4200 1.5400 1.9000 -0.4467 -0.3700 -0.1211 2.16 -9.53 -0.77 115 301 177 173 168 
3.91 -7.27 -6.87 -0.4200 1.7100 -5.8700 4.7978 0.7644 0.3811 2.15 -8.74 3.87 118 264 172 175 168 
1.79 -1.75 18.00 -0.5200 4.5800 13.1800 0.7389 0.4111 0.2178 1.57 -6.08 7.53 120 275 175 174 168 
1.64 -4.80 9.22 -0.4100 3.1500 2.1700 -4.1611 -0.5267 0.0044 1.64 -8.87 3.82 120 275 181 178 169 
1.19 -5.45 -1.73 0.3700 1.7200 -4.5600 -2.8922 -0.0111 -0.3100 2.08 -9.49 -1.28 119 280 184 182 171 
2.50 -8.11 -4.76 0.4700 2.9800 -1.2000 -0.0389 3.2456 -0.7978 2.94 -9.18 -1.79 144 298 218 222 184 
2.96 -5.38 0.80 -3.7800 2.4000 -0.1100 0.6911 7.1689 -4.0156 6.23 -6.85 3.22 165 308 260 262 193 
3.79 -0.54 6.65 -2.1400 1.9300 -0.9400 3.7078 6.0122 -3.0322 1.75 -0.54 9.63 175 320 286 300 195 
;
-0.41 3.46 14.31 -1.0900 0.4700 2.8100 3.6311 1.8833 -0.3911 -2.08 4.19 8.61 180 346 301 334 204 
-0.92 4.48 4.98 1.8100 0.1700 -3.7300 0.1533 0.7200 -0.2100 -2.33 4.78 8.23 177 337 307 332 206 
-1.33 4.56 8.46 -0.2200 -0.4300 0.3400 -0.1922 -1.9789 0.1067 -0.70 4.55 8.65 167 340 307 329 205 
3.36 4.69 12.80 2.0000 0.2800 3.9800 -2.4067 -1.7756 0.4989 2.23 2.63 9.17 127 341 277 282 205 
9.21 1.23 8.64 4.1800 1.2200 1.7800 -1.8711 -5.5411 2.2678 7.69 -1.79 5.80 96 358 179 171 174 
9.99 -1.36 1.22 0.1900 3.1400 0.0300 1.0522 -4.6100 3.5900 7.58 -6.19 -0.54 108 357 175 167 171 
4.64 -3.94 -2.01 -0.1600 4.5800 -1.1000 3.3389 -2.8111 2.2722 3.60 -9.10 -0.53 114 347 178 170 170 
0.43 -5.93 6.29 -3.6700 2.2000 5.5700 1.1689 0.3256 0.5300 1.89 -9.37 2.15 118 347 181 175 168 
2.24 -9.35 1.98 0.2700 -0.1200 0.3600 -0.4822 -0.2711 -0.1656 2.23 -9.42 1.50 119 332 183 178 170 
2.26 -7.07 -2.54 -0.9700 1.9200 -4.9600 5.0633 0.6656 0.0278 2.27 -7.26 6.18 119 281 172 178 169 
0.07 -1.74 19.49 -2.0900 3.2900 9.4600 -2.2533 0.3056 0.0833 1.78 -6.39 7.21 120 285 184 180 169 
1.18 -5.95 6.68 -0.7200 2.6000 0.8000 -3.7467 -0.8022 -0.1756 2.08 -9.03 3.19 120 290 187 182 170 
1.11 -6.11 -2.30 0.4700 1.8300 -5.3200 -2.2133 -0.7367 -0.4322 2.52 -9.32 -1.70 117 294 189 186 172 
3.49 -7.59 -5.23 -0.2600 2.4900 -1.2600 0.3000 5.0811 -1.0678 3.92 -8.88 -1.32 145 306 237 227 186 
1.23 -4.09 0.48 -6.3000 3.2700 -3.1200 2.1478 8.3767 -3.9044 5.14 -5.99 5.80 164 313 267 260 194 
1.98 2.18 11.73 0.0300 2.6400 3.8300 3.6511 3.8511 -2.3056 0.16 0.73 9.77 174 327 274 311 196 
;
-0.24 3.23 14.80 0.6500 -0.0700 6.6100 4.4200 2.0700 -1.1922 -2.26 4.97 8.14 175 338 287 333 203 
-1.94 4.59 4.94 -0.4400 0.6800 -0.9200 0.0067 -0.5056 -0.2911 -2.31 4.46 8.41 171 327 293 324 205 
-2.06 3.57 11.34 -1.6600 -0.3900 3.9800 -0.0067 -3.2222 0.0711 0.07 4.32 8.80 173 328 293 309 205 
6.63 4.55 10.40 3.3400 1.5100 1.9300 -1.2356 -4.8422 1.9000 6.09 2.14 7.37 156 325 294 306 205 
8.99 0.62 4.39 -0.3000 1.7800 0.9700 -1.0622 -6.1533 4.8500 8.75 -4.36 0.67 115 310 240 208 182 
4.46 -3.68 -1.54 -1.7700 2.3200 0.5200 1.2856 -2.5667 2.3233 4.96 -8.18 -2.13 104 339 206 186 169 
1.72 -4.97 -0.70 -1.1000 3.9600 0.7300 1.4967 -1.3644 0.8978 2.60 -9.40 -0.91 107 353 193 176 166 
0.66 -8.61 -0.03 -1.3500 0.8800 -0.3700 1.8800 -1.3489 -0.0933 2.22 -9.49 1.00 117 360 176 175 162 
3.14 -4.91 2.49 0.7100 1.3800 1.9600 5.2167 -0.7189 0.7167 2.12 -6.91 6.62 123 359 184 175 159 
-1.89 -3.54 15.25 -1.9500 3.9800 5.4100 -3.5022 0.4911 -0.0522 1.47 -7.12 6.57 126 348 186 179 160 
0.73 -6.63 3.37 -0.8600 1.8800 -1.7600 -3.5700 -1.2633 0.1789 1.72 -9.60 0.97 127 336 187 181 162 
2.98 -6.32 -5.09 0.4400 2.9900 -3.3700 -1.1711 1.2111 -0.7311 2.93 -9.23 -1.52 130 304 195 197 176 
2.81 -6.13 -1.47 -1.5800 2.8400 -0.2900 -0.4533 6.1622 -4.0500 6.48 -7.32 0.68 160 294 248 250 189 
2.10 1.25 3.72 -2.6500 4.2300 -2.1600 3.2856 8.4622 -4.2422 2.93 -0.55 9.33 176 316 273 302 194 
;
0.21 5.63 17.00 0.1100 1.4500 8.5900 4.9422 1.9567 -0.5333 -2.18 5.11 8.07 179 341 286 346 200 
-0.85 3.78 4.57 0.1200 -0.8700 -3.6700 0.4544 -0.4900 0.2289 -1.61 5.16 8.17 178 331 287 290 202 
-2.07 4.53 11.18 -0.7700 -0.3400 2.9400 -0.2844 -3.5789 0.5789 0.23 4.63 8.63 156 334 284 319 205 
8.65 4.03 10.78 0.6300 0.8800 2.6000 -2.7600 -6.5878 3.3600 8.39 0.31 5.06 108 318 198 190 182 
9.46 -2.26 -1.74 0.1900 0.7400 -0.0700 0.7711 -3.7878 3.3333 7.90 -5.26 -2.42 117 327 181 171 168 
4.50 -5.33 -6.83 0.8500 4.0800 -4.6100 3.3456 -4.6522 1.4344 3.69 -8.42 -3.39 123 306 182 171 167 
1.00 -5.11 3.36 -1.6100 3.6600 4.9200 1.2778 0.4533 0.2811 2.46 -9.48 -0.23 126 316 187 178 167 
4.52 -8.03 -8.42 1.7600 0.8600 -10.1800 3.9600 -0.0822 -0.6978 2.79 -9.21 1.85 127 275 184 177 167 
1.01 1.81 17.29 -2.2900 8.6100 14.0000 3.3611 1.3144 -0.8078 2.64 -4.54 8.28 126 282 184 178 168 
2.24 -4.05 9.65 -0.1400 2.1800 1.9500 -3.5667 -0.1333 0.5522 2.23 -7.67 5.67 126 277 188 182 168 
0.87 -4.92 2.56 -2.3400 5.3300 -0.4800 -4.4933 -0.0211 0.3544 1.77 -9.64 0.09 123 281 190 186 172 
3.05 -10.37 -8.92 1.4200 -0.6900 -4.5300 -0.0011 0.9811 -0.3056 2.18 -9.31 -2.16 135 277 213 211 182 
0.69 -6.74 -1.23 -3.8600 2.7300 -0.9800 0.1056 4.2267 -2.8533 5.26 -8.27 -0.11 154 298 252 250 190 
0.70 -1.85 -0.30 -3.1900 3.3700 -4.0400 3.7000 8.9844 -3.8622 3.86 -2.55 8.64 173 317 274 287 195 
-2.65 2.21 15.15 -0.5700 2.1800 6.7400 4.2011 0.8811 -1.0978 -1.56 3.56 8.99 178 343 288 328 199 
;
0.16 5.94 9.73 0.4300 1.2200 0.7900 -0.3967 0.3956 -0.0878 -1.61 5.01 8.27 174 341 310 341 204 
-0.35 4.95 9.13 1.3400 -0.0500 -0.1200 -0.0600 -0.1333 -0.0689 -1.31 5.00 8.32 172 337 300 341 205 
-0.89 4.92 8.01 0.5000 -0.0700 -0.3400 0.0144 -0.1389 -0.0189 -1.21 5.00 8.34 172 338 297 341 206 
-2.05 5.00 10.06 -0.9600 0.1200 2.0200 -0.7189 -4.2644 0.7656 1.53 4.55 8.54 143 324 270 312 207 
8.94 1.21 4.67 2.5300 -0.0700 -1.3900 -0.9311 -5.8944 2.0000 8.59 1.15 4.58 107 335 169 178 176 
12.55 -1.00 0.15 2.8600 1.0700 -0.2100 0.8644 -4.9556 3.5500 8.95 -3.13 -2.46 117 345 174 176 174 
5.18 -2.98 -3.23 -0.7600 3.7700 0.8300 2.6989 -2.2311 2.3989 4.49 -7.94 -3.59 120 350 180 182 174 
1.57 -4.14 -0.46 -1.6300 4.1700 2.0800 0.9700 -0.6111 0.3989 2.80 -9.15 -2.10 122 337 181 184 173 
4.34 -7.46 -11.40 2.6300 2.4400 -10.0900 4.1044 0.2611 -0.1156 2.85 -9.31 1.13 124 255 182 184 173 
2.37 -0.29 15.92 0.6400 7.3500 11.1500 4.8778 0.3567 -0.1811 2.61 -5.35 7.79 124 254 178 183 171 
2.30 -4.22 11.10 0.2800 2.7000 3.6300 -4.3289 0.1422 0.2467 1.97 -8.35 4.73 125 264 178 185 171 
-0.03 -6.10 -2.23 -1.3700 3.8600 -4.5000 -3.2678 -0.1867 -0.0389 1.62 -9.64 -0.64 126 272 184 188 172 
3.10 -10.18 -5.54 1.5300 -0.8100 -2.7200 0.1856 0.2300 -0.0033 1.93 -9.41 -1.92 123 283 185 190 172 
0.80 -5.14 -2.52 -2.7500 4.4900 -0.2500 -0.5744 5.6333 -1.5622 3.87 -8.94 -1.05 146 295 223 237 187 
1.90 -1.98 0.99 -3.6000 4.0500 -2.6300 2.8878 9.6367 -4.6878 4.92 -4.55 7.15 170 307 257 291 196 
0.08 1.84 15.45 -1.2800 3.1000 6.7600 2.8100 2.2522 -1.7556 -0.19 2.10 9.57 178 332 304 332 198 
;
-0.63 4.25 7.86 -0.1300 -0.3100 -0.8100 -0.0067 0.1011 -0.0356 -0.70 4.51 8.67 161 324 308 328 207 
0.31 4.40 8.71 0.4300 0.1300 1.0800 -0.6633 -1.7778 0.6500 0.54 3.99 8.93 134 327 303 310 207 
1.32 1.51 6.03 1.2600 1.7500 -0.6300 -1.0689 -0.6489 0.6311 3.23 1.77 9.08 102 332 150 175 186 
6.53 2.50 6.32 0.1300 1.0600 -0.5400 0.6022 -6.4478 -0.9578 8.28 2.69 4.50 110 345 166 165 170 
15.15 2.51 -4.44 5.8500 1.3300 -2.4400 2.3911 -5.7444 2.1322 8.43 0.94 -4.91 116 338 168 158 171 
7.22 -0.30 -7.75 -1.2500 1.9500 -0.7500 3.5622 -2.4911 2.4856 4.59 -5.24 -6.89 119 331 171 156 171 
0.53 -1.61 -4.27 -2.1900 5.0200 -1.7100 3.4433 -0.5622 0.5822 2.85 -8.79 -3.26 122 298 171 173 170 
1.33 -3.18 -0.19 -0.2500 7.5500 -0.1500 6.4011 2.0767 -1.2211 3.49 -7.21 5.64 122 276 167 173 170 
3.20 1.29 17.93 -0.1600 6.2000 9.2800 -1.8544 0.1456 0.3067 3.14 -6.65 6.47 124 276 171 175 170 
2.86 -5.71 4.71 -0.2200 2.5900 0.3500 -3.4100 -0.3133 0.2600 2.99 -9.05 2.28 124 287 174 175 170 
2.12 -8.11 -4.28 -0.4000 1.4200 -3.4100 -1.6811 -0.2333 0.0411 2.70 -9.35 -1.11 123 295 178 178 171 
3.56 -9.27 -1.73 0.6400 -0.4900 -0.0900 -0.0822 0.1856 -0.3744 3.30 -9.08 -1.68 120 291 180 181 172 
4.30 -6.27 -2.05 -1.4500 1.8600 -0.3200 -1.0978 6.6767 -2.5467 5.86 -7.85 -0.41 145 291 211 217 187 
4.05 -3.07 2.06 -1.5100 3.2800 -1.9900 1.5411 8.1611 -3.9278 5.05 -2.95 7.86 166 300 244 248 194 
-0.77 -0.65 11.45 -0.7500 0.6800 2.6300 1.6700 2.0667 -1.8256 0.91 0.81 9.73 169 308 268 282 195 
-4.72 6.61 16.77 -4.8000 0.8900 6.3300 1.2889 -1.0867 0.1078 -2.17 5.93 7.49 181 333 304 340 199 
;
