5.13 3.06 7.87 0.0000 -0.0300 0.0600 0.0011 -0.0222 0.0078 5.14 3.09 7.75 171 272 251 241 186 
5.54 3.05 7.83 0.4600 0.0300 0.3300 -0.0411 -0.6744 0.1178 5.72 3.07 7.34 170 269 237 229 187 
9.10 2.18 5.28 1.0400 0.2000 1.3300 -0.7544 -9.6389 2.1933 9.71 1.08 -0.78 172 261 167 171 168 
6.66 -2.01 -10.39 0.9200 1.7100 -2.9600 2.7611 -2.8944 3.4111 4.31 -4.43 -7.61 157 252 157 149 153 
0.26 -3.16 -9.68 -4.4100 5.0500 -3.9800 5.1622 1.5067 0.2344 3.57 -8.92 -1.93 150 249 161 156 154 
3.31 1.38 16.83 -0.4700 9.5000 14.4400 -2.1233 0.3189 -0.1356 4.57 -8.54 1.49 151 251 167 158 157 
4.61 -10.18 2.37 0.7100 -0.8700 4.6000 -2.1689 1.2122 -1.0378 5.04 -8.40 -0.38 167 258 182 180 165 
9.53 -12.20 -4.29 1.2700 -5.0700 -2.6500 2.6667 1.8833 -2.2689 8.19 -5.33 0.74 170 280 230 227 183 
6.16 -1.09 -1.18 -2.3900 2.6200 -3.7400 1.9989 1.1178 -1.9067 9.20 -1.60 2.96 152 288 257 243 189 
8.97 4.60 3.71 0.3000 5.2000 0.1500 1.2400 0.2600 -0.2511 8.94 -0.21 4.02 173 292 255 254 189 
9.53 3.37 3.79 0.3400 3.2700 -0.4600 -2.2911 0.4444 -0.2378 8.70 -0.83 4.43 172 254 239 230 182 
5.53 -4.55 2.24 -3.3500 -1.3500 -1.5400 -3.3333 -0.1756 1.3478 8.25 -4.29 3.10 171 244 222 224 171 
5.89 -9.55 1.33 -0.1800 -3.3100 -0.1600 -0.2300 -0.3578 -0.1533 8.03 -5.35 1.69 171 251 223 226 171 
9.21 -3.99 0.69 5.9000 3.5400 -2.0700 -2.9122 5.1744 1.9456 6.10 -7.12 2.85 147 246 227 226 180 
-3.95 -10.79 -0.08 -7.6600 -2.0500 -2.6400 -4.6978 2.2156 2.2500 -1.66 -9.64 -0.55 171 238 244 240 181 
-4.96 -9.84 -8.58 -2.6800 -0.2300 -5.4100 1.5367 0.5022 -0.9700 -1.16 -9.32 -2.79 168 242 249 243 181 
7.69 -4.02 12.50 6.3600 5.4000 12.5800 0.1344 1.3400 -0.3300 0.69 -9.71 1.16 170 246 216 240 184 
0.93 -8.29 -3.30 -0.2800 1.3700 -2.9100 -4.1922 -1.3522 1.3011 -0.33 -9.24 -3.24 167 237 249 239 185 
-6.23 -8.26 -11.32 -4.7000 0.6700 -6.1200 3.0822 0.9256 -1.2856 0.01 -9.42 -2.69 161 243 251 240 184 
7.52 -3.96 10.59 5.4200 4.4300 8.0700 0.8111 0.0444 0.8600 1.34 -9.41 2.38 173 249 255 238 184 
0.73 -5.99 -0.70 -0.5400 3.4300 -4.0600 -0.1478 -3.1300 2.3078 -0.72 -9.55 2.09 169 239 233 221 180 
;
