-0.61 6.85 6.96 0.0000 0.0400 -0.0600 0.0033 0.0156 -0.0156 -0.56 6.83 7.01 187 322 310 341 219 
-0.62 6.82 7.00 -0.0400 -0.0300 -0.0200 -0.0022 0.0067 -0.0089 -0.57 6.83 7.01 186 323 314 341 219 
-0.73 6.88 7.08 -0.1500 0.0300 0.0400 -0.0044 -0.0356 0.0056 -0.57 6.83 7.01 184 322 312 342 218 
-0.34 6.69 7.21 0.2200 -0.0800 0.1300 -0.1000 -0.0567 0.0867 -0.43 6.72 7.12 187 319 312 336 219 
-0.60 7.01 8.38 -0.7400 0.6500 0.6700 -0.7356 -1.6800 0.9656 0.96 6.01 7.68 186 323 309 318 217 
3.71 7.72 11.98 0.2900 3.1200 4.3700 -3.4200 -5.0667 2.2600 6.13 2.81 7.10 186 337 226 217 206 
10.86 0.34 4.04 1.5700 3.5900 -0.9000 -2.3711 -5.0922 6.7878 8.05 -5.53 0.86 183 285 175 183 186 
0.47 -4.38 0.43 -5.1100 3.1100 0.3700 0.8356 -1.6033 1.1878 5.17 -8.33 -0.15 185 297 161 186 187 
4.98 -9.05 -3.31 1.5100 -0.5800 -3.9000 0.9378 -3.3167 1.1667 3.61 -8.99 -1.45 185 244 165 180 181 
0.84 -3.79 3.31 -3.0700 6.5400 2.6400 4.2256 -0.0622 -0.2389 3.70 -7.11 5.64 179 258 183 189 187 
3.50 -2.71 10.49 0.2900 2.9100 1.7700 -3.7578 1.3244 -0.6700 3.64 -7.96 4.40 176 254 199 201 191 
3.48 -7.79 -0.24 -0.3600 0.6700 -3.0100 -1.1378 2.4578 -2.3378 4.80 -8.09 2.73 185 270 226 211 196 
4.15 -7.55 0.82 -0.7900 -0.7800 -2.7100 -0.0033 7.1200 -3.7567 4.88 -5.90 6.11 188 283 252 231 199 
15.97 -0.05 13.77 14.4400 3.5400 7.3600 -0.9433 1.8389 1.4011 4.01 -4.57 7.68 168 259 242 256 204 
0.66 -4.39 4.23 -1.3000 4.0500 -1.5500 -4.9000 1.7078 1.6356 -0.06 -9.37 2.87 151 216 212 246 205 
-2.51 -7.49 -0.88 -2.0000 1.3400 -1.7300 -0.1089 -0.2567 0.0189 -0.56 -9.69 1.36 151 231 206 238 204 
-2.08 -10.29 -1.17 -0.8000 -0.2300 -2.3000 1.6100 -9.2322 -2.2856 2.80 -9.26 1.56 152 231 211 234 197 
3.82 -5.21 -4.83 -1.2400 2.0700 -4.0500 0.9822 -10.6600 -2.0422 4.35 -7.74 -4.15 150 238 215 228 194 
8.50 -5.56 -5.32 3.8400 1.1500 -0.2400 -0.0967 -0.7211 -0.4544 2.76 -7.63 -5.49 156 242 222 231 195 
6.38 -4.29 -4.58 2.8900 4.8100 1.6900 -0.7744 5.1811 -1.1444 5.81 -6.82 -3.97 178 261 259 260 202 
5.44 -2.14 -2.20 -1.9600 1.2100 -6.9100 -0.8578 13.4044 -4.8378 5.04 -3.20 7.77 184 283 286 280 207 
;
