-2.00 6.03 9.05 -0.1000 0.6100 1.1500 -1.1322 1.6800 -0.5233 -3.12 5.03 7.81 172 324 319 339 208 
-2.28 5.31 8.02 1.0100 0.4400 -0.2400 0.0178 -0.1400 -0.0144 -2.96 4.90 7.95 172 325 322 340 207 
-3.34 4.85 8.01 0.0500 0.1500 -0.0100 -0.0311 -0.1678 -0.0211 -2.89 4.78 8.05 170 325 322 339 209 
-3.05 4.95 8.30 -0.2700 0.2500 0.3900 0.1622 -0.2144 0.1322 -2.74 4.84 8.07 175 323 323 341 207 
-3.39 7.90 12.66 -2.5000 2.7600 4.4000 -2.1411 -4.8200 1.7089 0.84 4.01 8.90 177 309 236 245 206 
6.01 1.34 8.04 -0.1500 0.2700 -0.0300 -1.5556 -5.9456 4.4889 7.90 -1.91 5.48 176 269 157 187 189 
4.69 -4.56 0.45 -2.9800 1.5600 -0.2900 0.6911 -4.4233 3.7778 6.22 -7.55 -0.65 173 255 156 172 179 
4.51 -5.14 -8.98 1.0900 3.3300 -8.2900 3.8778 0.3544 0.8667 4.00 -8.95 0.09 156 249 153 159 175 
3.49 -2.33 9.27 -0.5200 5.3500 6.3900 3.2044 0.5222 -0.5089 4.03 -6.26 6.37 161 255 163 170 180 
3.57 -4.87 9.84 -0.0100 2.2500 3.8900 -3.9033 0.0544 0.8389 3.23 -8.40 3.87 167 256 167 172 178 
3.35 -9.30 -7.60 0.4100 0.0800 -9.7000 -0.6422 0.0244 0.1733 2.74 -9.39 0.54 166 246 169 173 180 
1.37 -7.01 -1.45 -0.8200 3.0100 -1.5900 5.2400 0.8767 -1.0556 3.07 -7.74 5.17 172 254 174 179 184 
3.12 -1.17 15.78 -1.6400 4.0700 7.9300 -1.2022 1.1978 -0.2067 2.60 -6.32 7.02 173 270 194 202 190 
-1.10 -5.08 3.74 -3.9100 2.9800 -2.8000 -2.6878 5.6156 -4.5222 2.89 -8.06 4.76 172 273 230 241 193 
3.14 1.59 5.13 -0.2700 6.8100 -1.6800 4.4522 5.3200 -3.5989 1.04 -2.63 9.38 176 305 288 299 198 
0.26 7.71 17.40 1.0800 4.6200 8.6800 3.9500 2.7667 -0.9156 -2.65 4.09 8.50 183 325 310 343 201 
;
-2.80 5.59 7.51 0.0100 0.0300 -0.0700 0.0089 -0.0211 -0.0133 -2.82 5.55 7.56 178 318 324 347 208 
-2.83 5.60 7.45 0.0000 0.0500 -0.1500 -0.0422 0.0111 0.0289 -2.79 5.53 7.60 181 319 324 346 207 
-4.89 6.49 11.13 -3.1600 1.2000 4.2400 -1.0656 -6.6533 2.5322 1.87 4.95 8.25 178 326 281 277 206 
7.44 1.82 6.57 0.0400 0.8200 -0.7200 -2.0033 -6.8178 4.2089 9.01 -1.69 3.46 174 300 179 202 192 
5.30 -2.30 -3.06 -1.4400 3.8900 -4.0600 2.3311 -3.6333 3.8367 5.95 -7.61 -1.66 173 249 157 167 172 
-1.29 -0.62 3.43 -5.1400 7.6600 5.0600 4.7911 0.1800 -0.1844 3.84 -7.51 4.99 174 259 167 170 171 
5.82 -5.65 10.23 1.6700 1.6000 3.6100 -3.9367 0.2056 0.0622 3.86 -8.66 2.48 176 244 169 172 170 
3.53 -8.09 -8.56 0.9000 1.5700 -9.4500 -1.0178 -0.4433 0.3167 3.38 -9.06 -1.62 176 241 167 171 174 
2.62 -6.30 -2.39 -0.7200 3.0100 -2.2400 4.6956 0.7222 -0.1867 3.19 -8.66 3.28 176 248 176 178 176 
2.94 -3.02 15.30 -1.2500 3.7500 9.0000 -0.2356 1.5900 -0.3489 2.76 -7.02 6.26 178 273 187 197 183 
1.47 -6.32 5.47 -1.1100 2.0600 -0.7900 -3.5633 6.0867 -2.9333 2.37 -8.74 3.74 175 281 222 227 189 
2.66 -3.30 0.27 0.3700 4.8600 -3.9800 2.6011 7.1911 -4.0844 2.87 -6.53 6.72 176 288 245 275 195 
-1.27 3.48 9.48 -1.7000 4.9300 1.2900 6.1067 2.3733 -0.3389 -1.48 1.78 9.52 180 320 309 338 198 
-4.00 8.34 14.44 -1.2000 3.7800 5.5900 1.7967 1.3689 -0.6767 -3.67 5.19 7.45 181 330 315 349 198 
;
