2.05 5.19 8.06 0.0900 0.3800 -0.0600 -0.0511 -0.1344 -0.0722 2.58 4.79 8.15 185 337 353 372 220 
2.75 4.53 8.19 -0.0300 -0.1600 0.0800 0.0178 0.0456 0.0133 2.58 4.79 8.15 186 339 353 374 220 
2.54 4.81 8.11 0.1100 -0.0100 -0.0600 -0.0056 -0.0811 -0.0022 2.62 4.79 8.14 186 336 353 372 220 
2.67 4.80 8.18 -0.0600 0.0300 0.0200 0.0333 0.0000 -0.0067 2.64 4.80 8.12 186 337 352 372 221 
4.74 9.24 16.53 2.7800 2.8400 5.4000 -1.6667 -6.8011 2.6467 7.20 3.47 5.67 172 292 172 178 184 
12.01 0.27 -1.56 0.2400 3.3700 1.2000 2.8667 -2.5078 5.9367 7.59 -5.60 -2.65 161 298 175 174 180 
-0.11 -3.19 0.11 -5.2200 4.7500 1.4000 1.0833 -1.3378 0.4667 4.81 -8.37 -1.71 164 300 176 177 180 
5.55 -7.37 -6.07 2.5200 1.5400 -6.2700 1.6756 -1.5489 1.0789 3.52 -9.06 -1.23 145 273 166 163 179 
0.88 -2.91 5.72 -3.4800 6.3600 7.2400 3.8511 0.6244 0.2067 2.47 -8.00 5.09 151 276 176 181 183 
1.45 -7.55 4.16 0.8600 0.2000 -2.2200 -3.0633 1.1689 -1.3622 2.93 -9.06 2.31 144 270 189 190 190 
5.93 -13.21 -0.75 2.1500 -4.3500 -2.5500 -0.0122 1.8956 -2.0644 5.37 -7.83 2.44 171 300 199 195 195 
6.74 -2.70 2.43 1.4000 3.2400 -2.6000 4.3078 1.5533 -0.2422 5.20 -3.86 7.35 170 201 187 198 196 
3.77 4.27 8.13 -1.2400 5.7800 -0.0500 1.1256 0.5644 -0.0222 4.63 -1.02 8.58 170 184 174 191 194 
3.94 2.92 8.57 -0.1200 3.7800 -0.0300 -0.4489 0.8800 -1.2267 3.70 -0.71 9.05 170 187 174 194 195 
5.11 0.00 8.22 1.2500 0.0700 -1.3500 -2.0789 0.3711 -1.8022 3.16 -2.15 9.02 168 188 173 195 195 
3.50 -8.12 6.62 -0.1000 -4.7500 -1.6900 0.0311 -0.0067 -0.2933 3.70 -3.07 8.54 170 194 176 196 193 
1.96 -1.25 7.29 -1.6600 1.8600 -2.1700 -1.0167 0.6444 -0.5456 3.38 -3.36 8.56 175 253 212 204 198 
0.13 -2.86 -0.58 -0.8900 1.7200 -9.0600 1.2133 0.7311 -2.5333 2.60 -3.31 8.85 180 280 290 283 210 
-6.59 -0.09 11.72 -5.7300 0.9700 -0.1800 2.3789 -1.5133 -2.0000 1.39 1.42 9.60 191 321 322 355 212 
-1.96 10.41 14.24 2.0200 8.4000 11.0500 -1.8011 -1.5867 -0.2444 0.40 3.71 9.06 190 336 340 369 217 
;
