8.12 3.75 2.87 0.3000 -0.3900 -0.9300 -0.0789 -0.0633 -0.1767 8.02 4.16 3.79 179 257 234 240 187 
8.23 4.20 4.00 0.4100 0.1200 0.6100 0.1144 0.1700 0.0256 8.05 4.20 3.69 179 257 235 240 184 
16.33 6.10 8.31 9.4200 2.5600 2.2600 -2.9200 4.2856 2.1511 7.08 1.88 6.51 178 193 172 181 182 
-1.27 -1.56 -2.36 -3.7200 1.2200 -11.2200 0.4867 4.8567 2.7911 -1.58 -1.62 9.54 179 167 153 158 174 
-8.31 4.48 9.29 -3.2200 3.8000 4.2800 2.9289 -0.0800 0.2844 -3.94 2.87 8.50 178 173 154 164 173 
-3.40 2.73 10.34 -1.3000 -1.1500 0.8200 0.1633 -0.9067 -0.2878 -2.85 3.06 8.86 181 176 160 170 173 
-0.99 2.91 10.00 0.2000 0.5100 0.8200 2.7311 -5.2067 0.9511 2.16 4.62 8.37 177 251 208 223 180 
5.88 4.12 4.60 -2.2400 -0.4700 -0.3700 -1.0711 -6.7689 4.8589 9.49 1.74 1.73 181 275 238 239 184 
2.08 -2.53 -2.20 -5.8400 0.7100 3.5900 -3.5056 -8.0756 5.1011 4.57 -3.39 -7.98 182 255 225 239 179 
-0.15 1.01 -14.53 -0.2800 1.6000 -4.8600 -2.1167 0.4078 0.1056 -0.11 1.41 -9.70 184 257 229 237 177 
2.06 0.55 -12.26 2.0200 -1.2500 -2.5300 0.9256 1.1944 -0.5367 0.90 1.15 -9.69 181 257 229 228 175 
6.13 -1.09 -15.03 3.2000 -1.6600 -5.6500 3.2067 5.4900 -0.9411 5.99 -1.27 -7.65 178 255 178 183 166 
6.41 -2.42 -3.49 -3.4900 0.2500 -2.1000 3.6611 5.2389 -0.3144 9.29 -2.40 2.01 174 198 163 170 170 
3.83 1.02 2.45 -4.0700 2.5900 -2.8500 1.8211 1.6789 -0.1900 7.32 -0.30 6.51 157 178 160 171 168 
4.75 3.61 6.52 -0.8900 3.7300 -0.4600 -0.4856 0.2933 -0.4767 6.76 0.21 7.09 154 169 159 172 172 
6.82 2.28 6.57 -0.4500 1.0600 -0.6600 -1.4433 -0.5811 -0.2489 6.82 -0.26 7.03 156 163 160 175 169 
6.45 -3.66 5.94 0.0300 -2.5700 -1.0000 -1.2111 0.0522 -0.6300 6.91 -1.13 6.85 159 167 163 178 171 
8.59 -2.73 6.97 1.4700 -0.9100 0.6100 0.1567 0.2067 0.0244 7.10 -1.19 6.65 161 165 166 178 171 
6.89 0.48 2.99 -0.3100 1.8700 -4.1700 -0.5133 2.9922 -0.6267 5.99 -1.48 7.62 166 214 193 198 177 
;
