1.89 3.77 8.85 -0.0300 0.0600 0.0000 0.0056 0.0033 0.0011 1.95 3.69 8.87 181 311 332 340 219 
1.88 3.74 8.83 -0.0300 0.0400 0.0200 0.0122 0.0156 0.0022 1.93 3.69 8.87 182 314 331 342 221 
2.18 3.73 11.64 2.1100 -0.4900 4.2600 1.3111 -0.9189 0.0189 2.96 4.46 8.21 185 315 308 299 222 
10.98 6.65 11.57 5.7500 4.1300 0.7000 -4.4378 3.5267 3.6678 2.29 -0.18 9.53 188 186 167 185 185 
-2.90 -0.79 -2.03 2.5600 4.4900 -8.7300 -1.1689 4.0467 3.6156 -6.70 -3.27 6.36 189 177 153 180 169 
-8.95 3.04 2.44 -2.0200 3.5000 -0.8500 2.1156 0.2322 1.8600 -8.71 1.03 4.38 190 187 168 188 174 
-9.90 1.94 5.84 -0.6300 0.5000 0.8800 0.6878 -0.7600 -0.2289 -8.02 1.91 5.29 190 221 188 203 189 
-7.59 2.09 5.96 -1.3100 -0.8400 -0.5600 2.1200 -3.5667 1.0578 -5.70 3.72 7.05 190 285 287 280 209 
5.91 2.58 4.93 5.3800 -2.8700 -3.8300 -0.6511 -9.3244 2.8733 7.45 3.97 4.98 188 196 191 185 202 
16.33 1.44 5.46 5.4600 1.4900 2.6000 -0.3444 -0.9144 3.5756 9.50 -1.42 1.95 189 163 172 177 199 
2.45 0.96 2.03 -6.9000 3.8400 0.3600 -0.1711 -0.1956 -0.0922 9.18 -2.95 1.74 187 165 169 178 198 
10.11 -1.47 0.09 1.5000 -0.0400 -0.7400 -0.0989 -0.7900 -1.2356 9.69 -1.37 0.56 189 167 172 178 194 
11.18 -1.02 1.47 1.1400 0.1100 0.9200 -0.0578 0.5700 0.1389 9.68 -1.23 0.91 189 173 175 180 195 
8.58 2.26 2.01 -0.9000 3.7200 0.4100 -0.7822 2.4778 -0.3911 9.35 -1.09 2.74 190 205 196 188 200 
0.28 -0.36 1.64 -4.9900 -0.3000 -7.1700 1.0978 10.6556 -3.5767 -0.92 0.75 9.73 191 294 310 313 211 
1.45 7.19 10.39 1.4200 2.2100 1.1000 3.1844 -0.3300 -2.6044 -2.40 5.14 7.99 189 352 350 371 217 
;
