1.19 4.44 8.70 -0.1300 -0.3200 0.2000 -0.0100 0.3500 0.1022 0.85 4.78 8.51 174 308 288 272 201 
1.00 4.60 8.51 0.1300 -0.1600 0.0600 -0.0656 -0.1900 0.0100 0.97 4.76 8.51 176 306 288 273 200 
1.33 5.13 11.92 -0.5500 0.6700 4.5900 -1.8256 -1.8233 0.2144 2.22 3.84 8.74 175 292 265 242 197 
4.63 0.50 11.19 2.7600 0.1700 -0.1700 -3.7667 1.1022 1.5156 0.53 -1.66 9.65 175 214 181 194 181 
1.28 0.04 2.47 3.7300 3.9800 -7.2400 0.3067 2.5511 3.8811 -4.61 -2.15 8.37 174 213 187 193 181 
-5.67 3.71 4.30 -0.8800 3.2800 -1.8000 2.4000 0.4722 2.3878 -5.75 2.62 7.49 173 230 201 200 184 
-9.59 3.78 10.27 -3.3900 -0.1000 1.5000 0.0567 -0.1678 -0.5767 -5.26 3.01 7.70 178 233 200 204 185 
-8.33 3.49 11.68 -4.0400 0.7600 3.0000 0.2456 -6.4622 -0.4411 -0.89 3.01 9.28 175 294 229 217 187 
9.64 1.19 5.42 2.7300 -2.1900 -1.2800 -0.8478 -4.8656 3.3067 8.79 0.74 4.27 178 312 210 198 177 
10.09 -0.78 -0.49 -0.0700 1.0100 -2.3300 2.0256 -1.1278 2.6522 9.22 -2.85 1.70 181 325 180 190 175 
6.93 0.05 3.35 -1.6700 4.1400 0.4100 1.3400 0.6233 1.1322 8.25 -4.30 3.08 182 336 172 179 169 
6.50 -2.08 4.10 -0.4700 2.0300 -0.2600 -0.7767 1.1333 -0.1744 7.30 -4.41 4.82 184 361 194 186 173 
5.52 -4.09 4.39 -1.2800 0.4200 -0.5500 -0.4544 0.5711 -0.2689 6.66 -4.66 5.47 184 382 202 197 178 
5.67 -5.34 6.51 -0.6000 -0.4000 1.1300 -0.1967 -0.1356 0.2656 6.40 -4.99 5.49 185 381 208 200 181 
6.14 -4.73 6.84 -0.1500 0.8900 1.5000 -0.3689 0.2322 -0.0400 6.29 -5.30 5.32 184 360 214 207 182 
1.10 -3.64 3.32 -5.1700 2.5000 -2.3700 -2.1089 1.8144 -1.6767 6.10 -5.79 5.03 181 297 226 213 184 
7.15 -1.59 2.73 1.6400 2.4900 -3.8400 2.2767 7.0689 -2.6711 3.17 -2.82 8.83 179 300 264 264 195 
;
