2.40 2.11 9.02 0.0200 0.0200 -0.3500 -0.0144 -0.0489 0.0667 2.31 2.12 9.28 175 302 274 253 205 
2.17 1.99 9.43 0.0400 -0.1900 0.2400 0.1067 0.0322 -0.1122 2.29 2.31 9.24 177 301 274 252 203 
2.53 2.18 8.90 0.1600 -0.1000 -0.3500 -0.0156 0.0389 0.0367 2.27 2.27 9.26 174 303 273 252 202 
2.12 2.62 10.45 -0.3600 0.2100 1.1200 -0.4044 -0.9556 0.1344 2.84 2.03 9.16 177 296 268 242 201 
3.39 1.58 9.84 0.6300 0.1700 1.0100 -0.6111 1.3300 0.1656 2.15 1.20 9.49 177 226 184 173 196 
1.99 -0.25 10.19 0.1800 -0.1400 -0.6600 -1.0944 3.4611 1.4600 -1.48 -0.80 9.65 171 163 140 144 166 
-3.92 -1.47 2.97 0.5700 -0.8900 -7.0500 0.8311 1.1100 0.9300 -4.59 -0.16 8.66 177 156 145 150 159 
-3.80 2.36 5.60 1.4100 0.9200 -0.3400 2.3167 0.3856 0.1056 -5.48 2.66 7.68 176 162 149 154 161 
-6.60 3.47 11.43 -1.7100 -0.0100 2.7300 -0.1478 -0.7833 0.0289 -4.40 3.24 8.13 178 164 150 156 162 
-3.85 2.95 9.57 0.0600 -0.3000 0.5300 -0.6333 -0.6733 -0.0678 -3.66 2.75 8.67 172 177 158 162 168 
-0.14 4.66 10.44 1.4600 2.0000 1.6500 1.1322 -4.7389 1.5689 1.56 3.56 9.00 170 254 186 186 175 
1.67 1.09 5.19 -4.7300 -0.6400 -2.8600 -1.2978 -2.6322 2.0411 6.77 0.58 7.06 176 312 182 183 174 
9.41 0.46 4.99 4.6600 -0.0900 -0.2400 1.0522 -0.1567 -0.3878 7.09 1.87 6.50 176 325 185 186 173 
9.48 1.45 10.04 0.3900 0.1500 3.2900 -0.5878 -0.1244 1.7411 7.70 0.36 6.04 179 329 189 190 175 
3.83 -0.44 7.26 -3.5300 0.4500 0.6100 -1.4978 0.1967 0.1389 7.27 -1.42 6.41 177 333 191 191 179 
4.40 -0.99 3.88 -3.2600 0.7800 -2.1700 -0.7700 -1.0911 -1.4267 8.16 -1.47 5.22 177 332 180 188 174 
8.71 0.96 0.27 0.1200 1.6300 -3.5400 0.1922 -1.3989 -1.4700 9.30 0.31 3.07 158 307 182 187 177 
11.98 2.13 0.80 3.7800 1.0300 -1.0700 -0.0067 0.3533 -0.7822 9.44 1.85 1.85 170 302 187 191 175 
10.37 2.34 0.12 0.1000 -0.3700 -1.0800 0.7533 -0.0744 -0.8122 9.22 3.12 1.11 161 298 173 189 179 
12.86 3.99 0.85 3.8600 0.4300 0.3800 0.9667 0.7611 0.1933 9.03 3.66 1.06 161 299 189 194 178 
14.57 4.76 2.98 4.1900 1.9200 1.3800 0.1978 0.8456 2.4422 9.45 1.71 1.96 177 296 191 192 176 
2.56 0.39 2.95 -7.6600 0.3000 0.3500 -0.7511 0.0344 0.3422 9.62 -0.61 1.75 174 293 199 195 177 
12.52 0.14 0.90 3.9500 -0.4600 -0.0400 -0.3478 -0.5422 -0.7278 9.72 0.62 1.06 174 292 217 209 184 
13.60 -1.87 -0.38 3.3000 -2.7600 -0.8200 0.9233 -0.5700 0.5367 9.79 0.36 -0.18 179 280 246 234 190 
7.67 0.57 -1.03 -1.8300 0.9400 -1.5800 0.4744 1.6833 0.3878 9.70 -0.09 1.43 178 285 248 243 193 
6.30 3.16 1.83 -3.0100 3.7100 -0.1300 0.1289 0.0933 0.1444 9.56 -0.62 2.05 176 285 246 236 192 
9.34 2.97 0.64 0.5800 3.3100 -2.1100 -1.8544 0.2433 -0.0233 9.43 -0.90 2.52 174 245 218 222 183 
7.45 -3.50 1.94 -2.2000 -1.8700 -0.9100 -2.2422 -0.1600 1.5167 8.98 -3.25 2.18 176 240 204 201 171 
7.57 -8.08 0.28 0.0800 -3.0600 -0.8400 -0.2278 0.0222 -0.2011 8.77 -4.05 1.61 178 244 206 207 172 
8.15 -3.83 0.56 -1.6300 0.0100 -1.6100 0.6089 1.0644 0.3067 8.52 -4.02 2.68 174 254 214 214 175 
;
