1.19 2.61 9.46 -0.2000 0.0100 0.1300 0.0456 -0.1478 -0.0111 1.47 2.50 9.36 183 296 303 308 215 
1.21 3.38 12.45 -0.5800 0.5400 3.1900 -0.4778 -1.1067 -0.0578 2.53 2.48 9.14 183 299 302 305 216 
5.07 1.96 12.67 4.4300 0.5600 2.1200 -3.0656 2.9267 0.5956 0.06 -0.74 9.77 161 193 192 198 196 
1.97 -0.96 5.82 2.8800 1.9700 -3.7600 -1.3444 1.6100 2.9511 -3.80 -3.36 8.38 183 166 164 180 180 
-3.65 0.94 0.21 0.0400 2.7200 -6.5100 1.5467 1.0644 2.0522 -6.49 -0.65 7.31 187 172 168 184 182 
-10.98 1.85 8.72 -4.1400 0.2800 0.9500 1.1122 -0.5233 -0.2100 -6.10 1.35 7.55 187 187 177 195 188 
-8.06 1.00 10.92 -2.1100 -0.5100 2.7100 -0.2944 -2.2444 -0.0711 -4.52 1.34 8.59 147 305 274 291 208 
-0.87 0.63 8.57 0.3200 0.3500 -2.1500 -3.0733 -2.4644 -0.0778 0.02 -2.54 9.46 103 206 192 203 195 
1.94 -1.82 4.69 -0.3500 1.9300 -3.7600 -0.7467 0.0267 0.2533 2.17 -4.71 8.31 96 198 188 200 192 
6.72 -4.04 4.74 6.8000 2.4100 -1.8000 1.6356 0.7878 1.9767 0.68 -3.86 8.98 101 199 193 202 192 
-4.63 1.99 12.97 -9.5000 2.8200 5.7800 0.9767 -0.1533 2.0500 -0.12 -2.24 9.54 97 200 196 203 193 
-3.53 1.01 9.44 -3.5600 4.7700 0.5300 -0.2889 0.5633 -2.7522 0.14 -3.30 9.23 100 202 196 207 194 
6.68 -0.61 9.80 8.1800 2.1500 0.8700 0.7533 1.5278 -1.4356 -0.57 -2.67 9.41 103 203 198 210 196 
2.99 -3.92 8.23 2.0100 -1.6300 -0.7900 0.5922 -1.9044 1.2644 0.55 -1.88 9.60 97 208 197 212 196 
-2.34 -1.35 10.15 -2.1300 0.5400 -1.6200 -0.7867 0.8644 -2.0900 0.83 -1.91 9.58 131 233 218 224 199 
1.66 -0.88 4.83 1.3000 1.2900 -4.3100 2.5111 1.0678 -3.3067 0.62 0.10 9.78 179 301 292 311 210 
1.26 4.57 10.89 -0.7800 2.7000 1.1300 2.9211 -0.4033 -1.2056 0.30 3.51 9.14 188 324 316 356 217 
-1.78 4.64 12.25 -2.1100 -0.4100 2.8900 -0.5178 -0.8622 -0.1811 0.64 3.81 9.00 190 327 326 362 219 
;
