8.23 2.61 4.36 -0.1600 -0.0700 0.0000 -0.0100 0.0444 -0.0300 8.35 2.68 4.38 181 271 255 244 184 
8.71 2.62 4.00 0.1700 -0.0200 -0.2000 -0.0644 -0.1144 0.0589 8.49 2.60 4.15 178 280 253 242 185 
9.36 2.75 4.82 1.0700 0.1700 0.8900 -0.2033 -0.0889 0.1167 8.59 2.47 4.02 182 268 251 250 183 
10.73 1.72 5.63 1.8700 -0.2900 0.1900 -1.9244 1.6744 0.5967 7.84 0.83 5.83 179 178 143 165 176 
-0.18 -1.01 0.58 -2.5200 0.5800 -8.9200 0.6489 5.4322 1.7356 -0.85 -1.37 9.67 192 159 147 163 162 
-4.31 3.03 8.92 -1.5300 1.6000 1.0500 2.1711 0.6789 0.4956 -3.13 2.54 8.93 184 169 155 168 162 
-3.23 2.67 11.30 -0.6900 -0.5100 2.0400 -0.1244 -0.5178 -0.2933 -2.40 2.87 9.06 183 170 157 169 166 
-3.26 2.34 9.52 -3.7400 -1.0400 -0.2800 0.5989 -3.9222 -0.7556 0.71 3.01 9.30 183 233 190 189 177 
2.59 3.67 1.97 -3.9300 0.0400 -5.3000 -1.3956 -13.9256 1.9744 9.56 2.16 -0.23 178 259 219 220 177 
5.18 -2.64 -10.60 0.9700 -2.5300 -2.8800 -0.1044 -3.4456 1.4433 3.50 0.34 -9.15 174 263 209 210 172 
6.25 -1.88 -13.92 4.5500 -1.5700 -4.9100 2.0311 3.6122 0.9767 3.61 -1.84 -8.93 181 287 229 233 178 
4.53 -4.49 -8.88 -0.4500 0.8100 -1.5000 3.0256 1.2511 1.6167 4.97 -6.22 -5.71 184 311 248 249 180 
4.46 -5.36 -3.67 -1.2700 3.6000 0.1500 2.0500 1.2578 0.3878 4.60 -8.34 -2.32 184 311 254 240 181 
2.22 -4.11 -0.88 -1.9200 4.4200 0.6600 -0.2367 0.1167 -0.1944 4.88 -8.40 -1.30 186 306 248 215 181 
10.64 -6.51 -1.33 5.4200 0.7300 -0.0800 -2.9956 9.2967 -0.4778 5.87 -7.80 0.86 179 334 156 165 172 
-3.13 -8.06 2.05 -4.9900 1.6000 -0.8300 1.5578 2.8833 -1.7489 2.81 -7.54 5.59 176 330 168 180 174 
6.56 -5.07 6.97 4.4100 1.2800 0.0000 2.4811 -0.6056 -0.7356 3.08 -4.97 7.87 168 347 171 185 169 
8.31 -8.24 14.05 2.9400 -3.9400 5.3400 0.0544 -1.0733 2.0967 3.85 -3.80 8.17 179 348 175 189 171 
2.26 -6.21 10.02 -1.1800 -0.3200 2.4200 -1.6333 0.1856 1.9822 2.62 -6.37 6.97 177 349 177 192 173 
-0.93 -5.89 7.82 -2.7100 1.2600 1.2300 -1.6378 0.6878 0.1244 1.39 -8.14 5.27 177 349 182 195 176 
0.22 -5.56 4.56 -1.3800 3.2700 0.3500 -0.8622 1.3389 -1.1767 1.79 -8.81 3.89 177 349 179 195 175 
1.13 -4.40 2.50 -0.2800 4.8100 -1.4200 0.1156 0.8211 -1.8633 3.29 -8.43 3.76 178 347 183 194 175 
7.05 -2.54 3.40 3.4400 4.4100 -0.8700 1.2856 0.5444 -1.3222 4.67 -6.60 5.53 176 344 182 191 174 
9.73 -10.32 9.67 4.0200 -6.0200 3.1200 1.2000 0.1300 -0.1622 5.15 -4.29 7.15 175 340 193 198 177 
4.86 -5.90 7.88 0.4400 -0.5000 -0.1100 -0.1411 0.0133 0.6178 4.68 -4.59 7.28 179 291 206 208 176 
;
