6.65 -2.53 7.23 -0.2800 -0.1000 0.4700 -0.1456 0.0933 -0.0922 6.65 -2.32 6.82 168 261 234 226 188 
8.19 -3.42 10.44 2.9500 -1.3500 3.2900 -0.4800 -0.1578 0.6111 6.40 -2.86 6.85 171 194 183 197 184 
10.02 -2.92 2.25 5.3400 2.0000 -7.6100 0.8633 5.6122 4.0167 0.61 -4.73 8.56 168 155 151 165 161 
-6.11 1.18 0.27 -2.8700 1.8100 -8.3800 5.0911 2.0422 1.4667 -4.49 1.51 8.58 177 165 156 168 162 
-5.77 4.15 14.51 -0.3400 1.7900 4.8100 -0.6322 -1.2867 -0.3667 -4.15 2.65 8.47 175 161 159 175 166 
-4.79 3.06 11.06 -1.3600 0.0200 1.4900 -0.0322 -1.6867 0.5144 -2.78 2.59 9.04 158 187 176 180 171 
-0.09 4.93 6.85 -1.4400 1.4500 -3.7200 -2.1678 -8.0422 -0.3922 5.31 2.63 7.80 175 227 213 207 174 
9.50 -0.90 1.70 2.0900 -1.6400 -0.9000 -1.2022 -2.3500 -0.0167 9.49 0.90 2.27 170 227 221 209 172 
9.37 0.63 4.17 0.5200 -0.0800 1.0200 -0.0256 0.8344 0.2167 9.03 0.84 3.70 172 238 218 212 163 
10.42 0.29 6.13 2.0300 -0.0500 1.0500 -0.2822 1.5100 0.7944 8.03 -0.05 5.62 175 232 219 214 178 
5.87 -0.29 3.38 -0.1000 0.9100 -4.1100 -0.1811 6.4822 2.2289 2.72 -1.41 9.31 172 164 156 168 166 
-1.62 2.43 2.15 1.1900 2.8500 -7.1500 2.3644 2.2067 1.9089 -3.32 0.92 9.18 172 166 165 175 159 
-3.39 5.22 14.90 1.0700 2.3300 5.6600 0.5022 -1.1722 -0.8967 -2.85 3.12 8.84 174 171 167 176 160 
-3.58 2.85 12.87 -1.4800 -0.1200 3.8300 -0.2689 -1.0967 -0.3933 -1.63 2.99 9.19 175 178 168 180 167 
-0.75 3.16 9.99 -0.5900 1.0800 0.0900 -0.0289 -7.2867 0.4211 4.54 2.89 8.19 182 242 206 207 177 
8.90 0.92 1.43 -0.5200 -0.3300 0.5800 -1.2756 -6.9822 3.1978 9.51 -0.54 -2.30 178 277 240 233 178 
4.63 -2.34 -3.79 -1.8500 -0.0700 3.3800 -1.7422 -5.6511 3.1433 3.09 -2.49 -8.96 177 267 245 234 170 
-3.89 -0.58 -8.11 -5.0100 1.3100 0.5800 -1.5856 -2.7611 1.6767 -0.81 0.03 -9.77 178 256 246 239 167 
-1.85 3.12 -14.31 -0.3400 1.5600 -3.9000 0.1822 0.2944 -0.1489 -1.17 1.09 -9.67 179 263 246 240 170 
-0.22 1.09 -10.68 0.4500 1.0000 -1.8200 0.7778 1.9822 -0.2800 0.33 0.09 -9.80 177 258 240 220 171 
1.67 0.50 -10.89 -2.3200 1.3900 -1.7200 2.6678 5.9922 -1.5422 6.53 -2.19 -6.97 180 262 247 236 175 
;
