-0.96 6.57 7.47 -0.3400 0.1100 0.2000 0.0556 0.0633 -0.1011 -0.70 6.50 7.30 190 333 312 304 219 
-0.27 6.56 7.47 0.5000 0.0800 0.2600 -0.0411 -0.0533 -0.0400 -0.71 6.49 7.31 189 330 312 306 219 
-1.09 6.45 7.60 -0.4900 -0.0600 0.3000 0.0022 -0.4411 0.0911 -0.41 6.47 7.35 190 325 304 301 219 
2.34 7.99 12.25 1.6400 1.6800 4.7100 -2.0756 0.1411 -0.2311 0.41 5.27 8.25 189 263 235 237 216 
2.54 1.94 7.20 3.2900 -0.4400 -3.2000 -4.1344 3.9933 0.5656 -4.32 0.33 8.79 188 188 174 181 182 
-5.59 4.13 -0.80 1.9800 3.0700 -6.4400 -0.3867 1.9100 2.5089 -8.23 2.13 4.87 192 182 172 182 174 
-13.46 5.66 6.80 -4.9900 1.4700 2.4400 0.1411 -0.9878 -0.1300 -7.98 3.80 4.24 190 197 179 189 180 
-9.42 4.43 7.12 -1.9300 0.8000 1.7000 0.6767 -4.8122 0.5800 -5.17 4.19 7.19 188 363 224 201 192 
2.48 4.13 4.42 0.7900 -0.5900 -4.6500 -2.0333 -5.0578 2.8967 4.32 2.59 8.40 186 377 203 196 188 
4.89 0.90 8.77 -1.2900 -0.6900 1.6800 0.3456 0.4222 0.0011 5.43 2.02 7.90 189 380 204 199 190 
6.13 1.11 13.62 0.8100 -0.8400 5.5400 -0.7944 1.5044 0.8767 4.60 1.33 8.55 180 372 206 199 192 
-0.41 0.38 3.37 -5.1500 1.0500 -5.4600 -0.7578 0.2256 -1.7444 4.45 -0.55 8.71 190 362 199 195 184 
8.49 5.20 -0.86 3.4000 4.6000 -7.1700 1.2556 -1.4367 -2.3489 6.69 2.42 6.74 190 359 205 201 187 
12.67 6.77 4.09 5.6700 1.9700 -1.0200 2.1433 0.1722 -0.4433 6.65 5.24 4.93 189 360 212 205 192 
10.82 8.25 11.91 4.1400 2.7500 6.7400 -0.7911 1.0356 1.6678 6.85 4.66 5.24 126 359 223 212 195 
3.00 2.37 5.28 -4.3400 0.5000 -1.6000 -2.0178 -0.1567 1.9611 7.19 0.19 6.65 167 357 244 225 199 
3.94 -0.05 3.02 -2.7800 0.7100 -2.9000 0.3833 0.3644 -0.5922 7.04 -0.20 6.81 186 349 249 232 200 
6.49 1.04 6.84 -0.8800 0.3000 -0.0600 0.3433 1.0400 -1.6278 6.60 1.35 7.12 185 321 273 260 206 
1.16 4.29 6.18 -1.1600 1.3500 -1.8800 3.0744 6.9933 -4.4156 -1.44 5.06 8.27 192 304 309 305 213 
;
