3.43 -2.14 9.18 0.2600 0.0300 0.1700 -0.0589 0.1444 -0.0244 3.24 -2.08 9.01 175 269 240 241 200 
3.31 -2.39 9.39 0.2100 -0.6100 0.2000 -0.0333 0.8167 0.0967 2.64 -2.20 9.18 175 231 198 195 199 
1.23 -2.36 8.39 0.7500 -0.7400 -1.5900 0.4256 3.5000 1.8867 -1.79 -1.83 9.46 170 164 152 154 181 
-3.40 -0.12 5.48 0.9400 0.4200 -3.1100 1.2956 1.5711 1.7367 -5.11 0.63 8.34 169 162 130 158 180 
-3.27 2.82 6.97 0.9800 1.0500 -0.4900 1.0411 -1.0933 1.0711 -4.72 2.71 8.15 176 158 147 156 176 
-7.32 3.79 11.42 -3.4800 0.4200 3.0000 0.1089 -0.5178 -0.1144 -3.67 3.41 8.42 171 166 146 157 173 
-7.24 2.84 10.87 -5.2200 -0.8800 1.2600 0.0167 -4.8922 -1.7011 -1.56 2.83 9.25 168 164 152 150 180 
8.55 3.90 -1.01 7.0400 -0.0200 -6.4900 0.0856 -5.8089 1.1022 8.58 2.65 3.91 121 169 158 159 174 
11.91 1.92 0.26 1.7700 -0.2100 -0.4200 1.7767 -2.1100 1.2000 9.69 1.19 -0.86 147 174 161 151 180 
10.27 2.66 -2.72 1.6900 2.2300 0.5000 2.3422 1.9300 0.2944 9.71 -0.13 -1.32 154 152 160 159 142 
14.53 2.98 1.54 5.2300 4.2000 2.4100 -1.3711 1.5767 0.2878 9.68 0.28 -1.48 154 171 159 167 168 
7.73 1.29 -3.63 -2.4100 0.6200 -3.0400 -1.1344 0.3444 -0.2056 9.78 0.22 -0.60 152 166 163 154 167 
10.28 -0.81 -4.56 0.5000 -2.0500 -4.4300 -0.2022 0.1789 -0.1667 9.74 0.84 -0.68 156 176 155 166 164 
8.09 0.24 8.08 0.9600 -1.0200 5.9000 -0.7567 -1.1289 0.3633 9.71 0.32 -1.28 157 163 159 160 148 
12.31 -0.06 3.22 3.3100 0.1500 3.1200 -1.4533 0.5789 1.5433 9.67 -1.41 0.72 168 180 166 170 170 
10.50 -2.13 -1.23 -0.1500 1.8500 -3.1300 0.4178 -3.3644 4.9133 7.19 -6.32 -2.11 164 256 186 158 158 
4.48 -7.53 -5.29 -0.4600 1.1100 -3.6200 4.0789 -1.5422 2.2333 2.69 -9.41 -0.48 159 319 158 147 136 
2.37 -5.73 5.00 -0.6100 3.6300 2.4600 3.0600 0.4833 0.5722 1.29 -8.14 5.30 156 316 163 143 137 
0.70 -6.62 7.83 -0.5500 0.2500 0.5300 -0.0478 -0.0433 -0.0667 1.00 -7.66 6.03 151 310 165 159 141 
2.01 -6.58 7.41 0.4100 2.3000 2.9800 -0.7722 -0.0889 -0.5511 1.62 -8.08 5.31 158 301 174 150 130 
2.33 -8.04 1.83 -0.6500 0.7900 -1.9800 -1.6989 3.6478 -4.9011 4.36 -7.96 3.71 161 307 192 182 169 
5.34 -1.83 3.66 0.9800 3.1800 -1.8400 2.1544 2.0722 -3.8211 6.12 -2.62 7.19 168 293 214 199 172 
3.84 1.89 8.93 0.9400 2.1700 1.3100 1.7222 2.8689 -1.9233 3.32 2.28 8.93 167 288 228 182 180 
;
