4.20 2.30 8.74 -0.2100 0.0300 0.3700 -0.0989 0.2533 -0.2333 4.25 2.31 8.52 169 291 250 226 184 
5.29 2.69 11.28 1.3600 0.3700 2.5000 -0.8533 0.4033 -0.0222 3.72 1.83 8.88 166 241 197 189 181 
4.81 -0.18 7.90 2.0800 -0.4800 -2.0500 -0.9811 3.4611 1.3978 0.51 -0.20 9.79 172 165 150 156 161 
-1.30 2.94 4.28 0.3600 1.4300 -6.1200 1.9278 1.7500 2.0556 -3.80 2.06 8.79 175 166 161 162 162 
-4.94 6.45 12.05 -0.5100 2.1900 4.0500 0.4911 -0.2989 -0.2222 -4.16 4.30 7.76 177 171 165 165 163 
-5.10 5.30 10.73 -1.4000 0.8400 3.0900 -0.3289 -0.8211 -0.1578 -3.42 4.43 8.04 176 181 168 169 168 
1.00 6.49 6.99 0.4800 1.2900 -1.4900 -1.1533 -5.6756 0.2022 2.95 4.40 8.24 172 240 205 199 176 
8.08 2.16 3.16 0.5400 -1.1500 -2.2800 -1.2011 -3.7378 0.6289 8.67 2.25 3.97 170 245 215 203 179 
15.33 1.06 2.97 3.5200 -0.8200 0.4100 0.5456 2.5511 -0.1822 8.81 2.04 3.77 173 252 223 210 179 
9.45 2.20 4.84 0.5000 0.3900 1.2900 0.3656 0.1600 0.2856 8.65 2.02 4.13 174 255 212 212 178 
10.76 2.17 6.85 1.7000 0.1800 1.9500 -0.6778 1.9956 0.0711 7.94 1.56 5.52 174 233 198 195 178 
8.25 0.66 3.13 1.4300 0.1700 -7.2700 -0.4678 8.3911 1.6144 2.00 0.34 9.59 175 174 161 161 170 
-3.97 0.89 3.53 -0.9100 1.6000 -3.9200 1.7011 2.1289 0.8467 -2.78 1.80 9.22 176 171 164 168 170 
-4.51 5.21 13.54 -0.4500 0.8700 3.4600 0.5122 -0.2489 -0.1767 -3.79 3.24 8.43 179 174 169 172 171 
-4.50 2.95 9.99 -0.1200 -0.1900 1.5100 -0.0400 -0.4122 -0.3278 -3.45 3.43 8.51 179 181 170 172 172 
-2.30 4.66 10.09 -0.8700 1.2100 1.2200 0.4300 -3.4233 -0.6922 -0.02 3.86 9.01 175 240 189 188 178 
6.04 5.89 6.90 1.1300 2.3300 -1.6800 -2.2944 -3.2967 1.3922 5.92 1.88 7.57 164 316 203 206 178 
5.08 -2.58 4.00 -1.9300 -2.8800 -1.8100 0.0822 -1.3633 0.1456 8.13 0.07 5.48 175 337 207 201 180 
10.03 0.17 6.96 2.7900 0.0000 1.3300 0.6300 0.5711 0.2422 7.85 0.52 5.84 177 343 206 200 179 
9.58 -0.19 9.16 1.3500 -0.5000 3.4200 0.1344 -0.2144 1.3600 7.92 -0.27 5.76 179 348 212 204 178 
3.13 -0.65 6.36 -4.3000 0.6600 0.2700 -0.9578 -0.2911 0.1622 7.73 -1.76 5.75 177 352 208 202 178 
5.14 -0.16 2.28 -1.9000 1.9600 -2.9500 -1.1333 -0.7122 -1.2567 8.69 -1.50 4.28 179 356 199 189 181 
8.30 0.91 1.09 -2.0300 1.6300 -2.3500 0.5700 -1.5444 -1.7256 9.29 0.76 3.02 178 354 198 199 178 
10.87 2.99 0.96 0.7500 1.0300 -0.7200 0.2278 -0.6600 -1.0100 9.39 2.20 1.74 179 343 199 199 179 
9.92 1.94 0.03 0.9800 -1.0700 -1.2300 1.0078 -0.2467 -0.7378 9.27 3.07 0.77 176 340 200 201 180 
12.97 3.59 0.70 3.8200 0.3400 0.9200 1.3744 0.2022 0.6156 9.31 3.07 -0.04 177 340 202 201 181 
7.46 2.54 3.63 -2.3000 1.0300 3.5500 -0.3267 0.0422 1.5356 9.76 0.86 0.02 177 344 204 206 181 
;
