5.30 1.08 8.23 0.3000 -0.1800 -0.0900 -0.0100 0.0122 -0.1733 4.98 1.27 8.34 175 286 222 218 187 
4.92 1.18 8.44 0.0000 -0.0700 0.0200 -0.0489 0.2211 -0.0244 4.79 1.27 8.45 173 287 222 217 190 
4.74 1.22 10.84 0.3300 -0.0500 2.4100 -0.0478 0.4633 0.0144 4.23 1.29 8.75 169 263 225 219 190 
4.79 -0.20 8.73 0.2900 -1.0900 -0.5400 -1.0600 2.1522 0.7578 2.31 -0.18 9.52 170 172 170 158 181 
-2.20 -1.43 1.91 -0.8700 -0.0500 -8.1600 0.5589 1.5411 1.6522 -2.00 -0.92 9.55 170 174 166 161 180 
-1.96 7.32 14.33 0.0700 4.7200 7.7700 1.5178 0.9233 1.5733 -4.03 3.29 8.30 170 177 173 161 178 
-5.13 2.75 8.53 -1.6000 -0.4600 -0.3400 -0.1089 -0.7467 -0.4000 -3.22 3.04 8.74 167 184 174 170 178 
-3.91 3.64 12.56 -2.1500 0.3900 3.3800 1.1667 -5.5067 -0.0656 0.28 3.51 9.14 172 245 193 181 181 
8.49 3.09 6.38 1.7800 -0.3600 0.0600 0.3433 -8.4611 3.2756 9.26 1.87 2.59 175 306 188 186 179 
8.18 -2.04 -1.59 -1.8600 -0.9800 -1.2300 2.0144 -1.1789 1.9700 9.52 -2.07 -1.06 169 333 171 163 177 
7.29 0.31 -0.93 -2.1600 3.6200 -1.2000 0.6889 2.2278 0.5822 8.92 -3.90 1.15 184 340 180 182 185 
7.33 -3.24 0.32 1.0700 0.1900 -2.6500 -0.8200 1.0911 0.3178 8.12 -4.38 3.29 182 348 185 186 184 
4.03 -5.69 6.05 -3.8500 -1.4900 1.4200 -0.1822 0.1156 0.0633 7.51 -4.46 4.44 178 352 188 192 184 
7.02 -3.66 4.75 -0.3700 1.1500 0.5800 -0.9878 -0.4356 0.3444 7.57 -5.14 3.50 184 343 192 190 182 
4.93 -4.56 0.45 -3.0100 0.5300 -2.9500 -0.8422 -0.3311 -1.4300 8.32 -4.82 1.90 173 226 196 189 185 
12.71 -1.10 3.60 6.8200 1.4300 1.0100 -2.0800 4.1878 -1.8844 9.04 -2.05 3.19 179 209 186 185 185 
5.91 -2.67 5.53 -1.4800 -2.8600 1.5800 0.0689 -1.9222 -1.8133 9.40 -0.22 2.77 178 154 165 169 184 
10.70 6.23 0.84 0.5000 2.2800 -0.8400 2.0744 2.2722 -1.4689 9.55 1.96 1.00 163 162 173 169 183 
11.18 3.21 2.93 1.8400 0.6200 2.1500 -0.3100 -0.4311 0.2911 9.47 2.41 0.75 181 161 180 171 185 
9.44 2.07 0.18 -0.1900 0.0100 -0.8100 -0.0833 0.3067 0.1544 9.50 2.05 1.23 192 168 185 174 185 
8.63 1.99 1.27 -0.9600 0.2600 -0.4300 0.0211 2.4622 -0.3711 9.14 1.94 2.97 178 213 201 213 185 
;
