1.11 2.90 9.24 -0.1800 0.0300 -0.0300 -0.0133 -0.0211 -0.0067 1.27 2.87 9.28 222 349 364 375 257 
1.14 2.86 9.21 -0.1100 0.0200 -0.0400 -0.0111 -0.0156 -0.0089 1.28 2.87 9.28 221 351 362 375 255 
2.22 3.04 11.38 2.0900 0.0700 2.9900 -0.2878 1.1922 0.2278 0.70 2.78 9.37 222 341 354 345 256 
1.02 1.34 12.60 0.8100 0.6100 2.3800 -3.1344 1.0556 1.6233 -0.44 -0.77 9.76 222 329 328 325 252 
-0.27 -1.21 6.46 1.8600 1.5200 -2.3300 -2.2611 2.0256 2.3400 -3.49 -3.57 8.43 209 214 192 226 233 
-2.69 -0.91 3.55 0.8800 2.0000 -5.2700 0.7467 1.6656 2.7144 -6.29 -1.91 7.26 209 187 186 204 214 
-7.41 2.98 4.14 0.1800 2.5600 -1.3100 1.4678 0.7167 0.9222 -7.62 1.20 6.05 205 189 184 208 215 
-11.01 3.15 7.46 -3.0400 1.1500 1.8100 0.8111 -0.3144 0.0044 -7.26 2.55 6.06 200 197 190 213 214 
-8.77 3.30 7.56 -0.8800 0.6700 0.8500 -0.3444 -0.2444 -0.0633 -7.00 2.55 6.37 210 201 201 218 218 
-9.97 4.26 5.29 -2.8200 1.6600 -1.3100 -0.5333 -3.1056 -2.1944 -4.09 1.92 8.69 215 281 239 274 234 
3.11 5.38 10.72 3.7200 2.9700 1.5200 -3.9611 -3.1167 -2.3444 2.06 -1.40 9.48 193 317 297 299 241 
7.41 -4.43 5.77 2.0800 0.6300 -0.9400 -4.7444 -2.4456 1.6533 5.22 -7.05 4.36 154 269 247 277 233 
1.76 -5.66 -1.05 -2.4100 3.7000 -2.0000 -2.7711 0.9067 3.6111 1.37 -9.69 -0.60 140 230 228 253 226 
-2.05 -8.91 -1.81 -0.8400 0.8300 -0.0200 -0.0011 -0.7344 -0.0800 0.04 -9.68 -1.54 143 240 232 254 226 
-0.81 -8.68 -1.26 -3.4100 0.7200 -0.8900 -0.4633 -6.0111 -2.0467 0.95 -9.59 -1.79 141 245 233 250 221 
3.84 -6.69 -6.20 2.1600 1.1000 -2.7000 0.5956 -6.0700 -3.1833 2.91 -8.49 -3.94 145 236 230 248 220 
4.95 -5.15 -6.74 1.4400 1.8200 -1.4200 0.1178 -4.3411 -2.3156 2.36 -7.57 -5.76 143 242 237 252 221 
5.17 -6.32 -7.59 2.8600 0.7500 -0.8800 -0.0511 0.1067 -0.1611 2.54 -7.16 -6.19 147 244 235 253 221 
3.88 -6.33 -5.54 0.8800 0.9600 0.3600 -0.0933 1.2044 0.0744 3.23 -7.19 -5.82 178 258 260 271 227 
7.39 -3.10 -4.01 0.8700 4.1400 -0.2100 -1.1711 10.6389 0.6400 6.94 -6.86 -0.87 202 278 299 293 241 
-3.47 -5.67 0.53 -7.2600 1.6100 -5.1800 5.2378 4.9233 -2.2822 0.85 -3.84 8.98 209 307 319 314 245 
-1.93 3.56 14.90 -1.2700 3.7300 6.7700 2.2089 -0.0956 -1.7656 -0.71 1.77 9.61 216 343 346 355 251 
-0.52 5.08 13.48 0.4700 2.0000 4.6200 -0.4978 -1.9078 -0.1733 -0.14 2.84 9.38 224 351 355 367 255 
0.58 3.04 8.89 0.1100 0.4400 -0.2800 0.0000 0.1056 0.0778 0.22 2.64 9.44 224 345 357 368 257 
;
