-0.10 4.63 8.65 0.1100 -0.0800 0.0700 0.0011 -0.0267 -0.0244 -0.14 4.72 8.59 198 321 323 343 235 
-0.02 4.62 8.71 0.1900 -0.0800 0.0200 -0.0111 -0.1278 -0.0089 -0.03 4.71 8.59 199 321 321 343 235 
-0.34 5.37 10.57 -0.0100 1.1400 3.0000 0.2333 -1.2311 0.0778 1.00 4.90 8.43 199 327 322 339 235 
3.00 4.57 12.38 1.2400 0.6600 2.9000 -2.7744 0.7022 1.3889 1.45 2.26 9.42 196 286 280 267 227 
-0.60 -2.05 5.50 0.5300 -1.0300 -3.8300 -2.5400 3.0389 0.7178 -2.71 -2.78 9.00 190 193 189 204 199 
-1.35 0.33 0.16 5.3500 3.5400 -7.4800 0.3256 2.5367 2.9500 -7.12 -1.77 6.49 196 188 186 200 189 
-13.99 2.32 6.02 -6.7200 -0.2100 1.4100 1.0111 -0.1656 1.1978 -8.10 2.13 5.08 197 196 193 207 191 
-10.79 2.55 7.43 -3.0900 -0.2100 2.3800 0.3778 -0.5067 0.0433 -7.62 2.77 5.50 196 201 198 210 195 
-7.59 2.44 6.33 -0.1300 -0.1400 0.1200 -0.4800 -2.2878 0.6722 -6.51 2.51 6.88 197 266 254 265 217 
-2.79 6.08 11.02 -2.4100 4.4400 2.4000 -2.8567 -9.1722 0.4722 3.42 1.46 9.07 199 319 310 313 221 
6.45 -2.49 4.37 -0.2600 0.5500 -1.8800 -5.5878 -2.9844 2.3011 6.80 -6.05 3.63 201 325 344 343 226 
2.32 -7.53 -4.11 -3.2400 0.2400 -5.2900 -1.0833 0.4567 1.4033 4.19 -8.86 0.30 200 324 349 349 227 
1.56 -7.31 -3.35 -1.3800 2.1800 -4.5500 5.2389 1.6122 0.8367 2.56 -7.98 5.07 197 325 349 345 227 
-0.83 3.01 6.75 -1.4300 7.1800 -1.8100 5.1800 0.9922 0.7444 -0.10 -1.86 9.62 200 328 345 341 226 
-0.56 2.74 16.42 0.4600 0.2600 7.0800 1.2278 -0.4578 -0.5989 0.03 2.59 9.45 201 328 344 330 226 
;
1.25 1.64 10.28 0.3000 -0.0400 -0.6900 -1.2156 -0.6944 -0.9467 1.08 1.26 9.66 199 320 334 316 225 
0.99 2.33 2.62 -1.5600 1.3100 -7.2600 0.3767 0.2878 -3.1756 2.03 1.31 9.50 198 315 334 321 226 
0.61 6.51 16.86 0.5700 1.6800 7.5500 1.0789 -1.6000 -1.7200 0.28 4.65 8.62 200 312 336 334 231 
0.19 2.58 4.25 -0.2100 -1.1900 -4.1900 1.3022 -0.3856 -0.1411 0.71 4.76 8.54 200 316 329 324 231 
-0.53 4.51 9.65 0.5000 0.5300 2.8200 -0.0033 -1.2711 0.0667 1.39 4.74 8.46 202 320 317 314 230 
4.81 3.58 13.25 1.6200 -0.5800 2.3100 -3.2011 1.7922 1.2789 1.28 1.40 9.61 195 212 209 210 216 
1.24 -1.46 3.66 3.6100 0.7100 -6.9800 -1.3444 3.8911 1.9156 -3.79 -1.98 8.82 193 176 182 190 195 
-2.87 2.84 2.29 2.6200 3.0800 -4.6700 0.4744 2.1644 2.9989 -7.42 0.74 6.36 195 180 184 192 193 
-11.52 3.59 7.10 -3.8300 0.8500 1.9300 0.2222 -0.3311 0.4767 -7.49 2.87 5.62 195 185 189 198 195 
-9.58 3.07 7.52 -2.0400 -0.1700 1.9800 0.1289 -0.4500 -0.1378 -7.11 3.33 5.86 194 198 195 203 199 
-7.40 3.82 5.82 -1.4500 1.2600 -0.7700 -0.2756 -6.2089 1.3578 -2.94 3.53 8.65 199 289 278 276 219 
8.96 6.54 11.21 3.0900 3.1100 1.2400 -6.6767 -4.0122 1.4033 6.65 -1.62 7.02 201 327 329 319 224 
6.56 -6.52 -3.48 -1.9000 -0.2500 -4.3700 -3.7000 -0.7300 3.1878 6.01 -7.73 -0.42 200 326 347 336 225 
2.80 -7.62 -4.14 -1.7000 0.6900 -2.7500 0.6089 0.4722 0.8211 4.25 -8.78 -0.97 200 324 348 338 224 
1.42 -7.47 -5.84 -2.6300 2.0800 -6.5000 4.2933 0.4922 0.0211 3.90 -8.62 2.56 199 323 347 338 226 
-0.67 3.96 6.15 -2.1100 8.8500 -1.4200 6.1933 1.4578 0.6400 0.88 -2.33 9.48 201 327 346 335 226 
1.75 4.03 17.88 0.3900 0.8500 9.4800 1.6833 -0.0744 0.1278 1.32 3.25 9.15 201 327 342 325 226 
1.37 2.39 10.06 -0.6100 -0.5600 0.3400 -1.0000 -0.8667 -1.4211 1.96 2.61 9.24 201 315 330 312 225 
;
