1.39 5.04 7.86 0.2600 -0.1300 -0.3700 -0.0133 0.0522 -0.1022 1.11 5.20 8.23 174 294 294 278 202 
1.00 4.98 8.39 -0.1000 -0.1100 0.0300 -0.0522 -0.0700 0.0000 1.14 5.06 8.31 174 293 281 264 199 
0.73 4.94 9.50 -0.6700 0.0900 1.2900 -1.1844 -1.0356 0.1711 1.94 4.11 8.68 174 287 228 214 197 
7.91 2.99 13.72 5.2800 0.3600 3.7800 -3.8378 0.9311 0.6089 2.64 -0.02 9.44 171 204 191 177 187 
3.79 -0.17 5.06 2.9900 2.7900 -4.3400 -0.4856 3.2700 4.1356 -2.24 -2.78 9.13 169 198 185 178 187 
-4.79 2.92 2.38 0.2200 3.3900 -4.9900 1.0933 1.3222 3.5711 -6.41 0.50 7.40 171 213 199 192 191 
-8.64 3.75 6.89 -2.5800 1.3900 0.1200 0.6700 -1.2333 0.2656 -5.85 2.98 7.28 171 222 205 197 192 
-8.95 3.82 10.72 -5.3600 -0.2100 3.3100 0.4700 -2.8022 -0.8733 -4.22 3.35 8.18 172 248 220 207 194 
-1.05 7.99 7.87 -1.6700 4.7200 -2.1400 -3.0978 -8.4944 -0.4533 5.94 1.48 7.65 167 290 224 211 185 
9.05 -3.09 -2.06 0.3600 -1.7000 -5.5200 -2.2578 -6.8244 3.6433 8.71 -4.02 -1.97 169 297 208 187 166 
3.48 -7.44 -4.48 -2.1100 0.1900 0.2000 1.7600 -1.6622 2.1811 4.43 -7.88 -3.78 169 302 208 194 168 
2.26 -5.73 -0.91 -1.5000 2.6700 1.6700 0.4367 -0.1889 0.1589 3.39 -8.82 -2.59 170 289 208 197 169 
3.77 -8.45 -3.45 0.7100 0.6800 -1.3400 0.7800 -0.2367 -0.0811 3.40 -8.99 -1.93 171 237 202 195 171 
0.65 -3.49 5.29 -2.6700 5.2800 3.7300 3.8344 -0.2933 0.9344 2.83 -8.05 4.81 173 239 212 203 172 
0.29 -7.04 10.88 -0.8400 0.8500 4.3600 -2.2422 0.0000 -0.4089 2.54 -8.75 3.60 173 247 217 208 174 
3.14 -6.02 0.12 1.1800 3.6200 -1.8200 -3.4589 2.5667 -1.6944 4.22 -8.84 0.13 172 262 232 211 178 
4.95 -4.06 -3.04 -0.7500 3.3400 -5.4900 2.3889 7.9311 -2.8678 5.32 -5.88 5.75 173 281 252 256 191 
3.00 0.55 11.12 0.6500 2.2600 2.9300 3.9256 -0.8900 0.0544 2.34 0.03 9.52 176 305 279 299 196 
1.65 2.16 13.82 -1.1400 0.2900 4.1300 1.1911 -0.0156 0.5156 2.67 2.50 9.09 178 332 287 306 196 
;
