0.53 5.70 7.95 -0.1400 -0.1400 0.1000 0.0356 0.0056 -0.0167 0.70 5.85 7.83 189 318 329 361 228 
0.30 5.98 9.49 -0.3000 0.2000 2.8200 0.2611 -1.0289 0.4033 1.32 5.95 7.67 187 319 325 328 226 
14.61 4.92 10.28 8.5900 0.1900 1.7900 0.3022 -4.3100 4.7056 7.81 3.14 5.01 172 327 317 301 224 
7.24 1.98 0.11 -1.2900 2.5900 -3.3700 2.2844 0.0533 2.9122 8.69 -0.97 4.42 187 337 327 315 224 
3.65 5.92 3.31 -6.5300 7.9100 -1.0100 0.7800 -0.3344 0.4078 8.66 -1.54 4.32 180 339 330 320 224 
7.66 4.35 5.29 -0.3100 4.8900 0.8200 -2.3711 -0.1256 -1.1789 8.96 -1.14 3.79 183 306 300 292 219 
9.30 -2.94 1.91 0.6400 -1.5100 -1.3200 -3.6200 -0.7711 0.9967 9.07 -2.86 2.36 177 261 230 239 208 
6.44 -4.96 -1.55 -2.6400 -0.2900 -1.6400 -0.4733 -0.4589 0.3600 8.78 -4.30 0.64 181 263 237 242 209 
3.90 -3.37 -1.38 -5.6900 1.0300 -1.6700 0.3300 -0.9589 -0.6478 8.85 -4.21 -0.21 184 288 263 270 213 
6.35 -3.87 -6.52 -1.0300 -2.1700 -0.4100 -1.7489 -7.9267 -1.3978 4.78 -1.37 -8.45 186 268 268 270 204 
8.55 1.58 -14.91 5.3800 2.3900 -4.3300 -0.9222 -0.3789 0.8311 1.61 0.47 -9.66 189 285 274 270 206 
0.79 2.94 -12.90 1.8000 3.0900 -2.3700 0.3144 0.9389 0.1678 1.46 0.30 -9.69 190 286 280 270 206 
1.54 1.39 -8.84 0.0500 0.9200 0.2900 0.1056 0.8300 -0.2600 2.41 0.33 -9.49 188 282 261 262 210 
6.52 1.65 -8.30 1.8000 1.2400 -0.4000 -1.0589 7.0544 -0.8822 8.46 1.37 -4.75 187 290 295 279 214 
7.29 1.74 -0.97 -0.5900 -0.7300 -5.9700 1.2811 10.6311 -0.3589 3.61 3.28 8.50 185 305 316 347 214 
-2.37 5.27 15.92 -0.4700 1.3400 10.1500 -1.0600 0.6233 -0.2278 -0.48 4.23 8.83 187 303 326 365 223 
1.97 4.89 7.38 1.6500 0.7100 -0.9900 0.3889 0.7044 -0.0589 -0.31 4.65 8.62 186 308 328 366 223 
-1.35 4.83 8.60 -0.3900 -0.0300 0.0000 0.1089 -0.1344 0.0422 -0.61 4.88 8.48 186 308 329 365 224 
;
