4.19 3.92 7.87 0.0100 -0.0300 -0.1100 0.0500 0.0233 -0.0178 4.13 3.99 7.94 174 281 256 251 187 
4.07 4.03 7.99 0.0100 -0.0200 0.0000 0.0189 -0.0089 -0.0022 4.09 4.04 7.94 175 282 261 250 187 
3.21 4.15 8.99 -1.0200 0.0100 1.0900 0.1333 -0.4789 -0.0856 4.37 4.14 7.73 171 279 258 257 187 
11.72 4.01 6.43 5.1400 -0.1300 1.9900 0.2211 -7.9111 2.1122 9.36 2.72 1.01 177 278 262 257 186 
10.90 -1.17 -6.33 0.3400 -0.0300 -3.8400 3.1800 -0.2678 1.7000 9.38 -1.48 -2.41 177 278 249 274 190 
6.18 -0.07 -1.89 -3.6900 3.0100 -0.8400 1.6789 1.7078 -0.2822 9.42 -2.70 -0.05 179 301 275 280 192 
8.95 4.03 2.47 -0.0500 6.2300 0.7800 -1.8156 1.3111 0.5567 9.20 -3.09 1.36 158 246 240 261 192 
7.10 -4.88 -1.07 -1.9800 -0.6500 -1.9500 -2.2144 0.3600 1.2611 8.49 -4.78 0.99 174 237 223 235 182 
3.99 -9.33 -0.18 -4.2800 -3.9800 0.1500 -1.1233 0.4478 0.1111 7.83 -5.90 -0.08 175 248 215 219 176 
8.30 -7.24 -0.43 1.0500 -1.2800 -0.0900 0.5733 -0.1822 -0.8567 8.39 -5.06 -0.19 4 270 179 182 163 
10.38 -5.25 -0.63 0.8700 -1.1100 -1.6600 3.3989 0.9433 -0.4767 8.82 -3.70 2.11 3 321 152 154 150 
8.34 -0.88 -0.32 -0.4700 3.3700 -2.3100 4.2856 0.0533 -0.1844 8.77 -2.03 3.87 114 344 149 165 151 
8.14 4.94 4.26 -0.0200 3.9300 -1.2700 -0.7511 0.1044 0.3156 8.45 -1.61 4.70 120 356 156 169 156 
7.96 -1.61 3.80 -0.0700 -0.4600 -2.4000 -2.0144 1.5267 -0.4367 7.48 -2.73 5.72 119 364 162 177 159 
6.74 -3.40 6.47 -0.8000 -0.6100 0.9500 -0.9611 0.7756 -0.2122 7.00 -3.29 6.02 130 368 170 180 163 
5.09 -3.62 7.27 -1.2800 0.6900 1.4800 -1.4278 -0.4811 0.9044 6.21 -4.98 5.71 150 292 192 190 170 
5.90 -3.71 4.31 -0.7300 2.2100 -1.3400 -5.5844 3.5389 0.6378 3.45 -8.69 2.94 156 264 224 229 174 
-0.23 -9.79 -10.11 2.4900 -1.5500 -8.7900 2.3967 1.9600 -0.3578 2.88 -9.20 1.77 166 292 256 256 178 
3.02 -4.10 10.29 -0.9500 2.5700 10.4400 2.2022 0.4744 -0.6322 3.18 -6.23 6.86 171 308 263 269 182 
1.62 -7.15 11.98 -0.7700 -0.6400 3.8500 -2.9022 -0.3122 -0.0344 2.42 -7.45 5.89 169 317 270 270 180 
3.00 -7.04 -4.43 -1.1600 2.2900 -8.1500 -0.3589 0.5711 0.6022 2.34 -9.03 3.00 172 306 267 270 182 
0.63 -3.63 1.87 0.1100 4.0000 -2.3500 4.9544 0.0533 -0.3444 2.22 -5.91 7.49 171 287 269 266 184 
7.29 -5.19 17.94 2.2200 -0.6700 10.3200 -0.2156 0.9044 0.4822 3.15 -3.94 8.40 167 291 271 269 183 
2.36 -2.96 9.62 -0.5500 3.9200 0.9400 -4.8467 -1.1689 0.5933 3.25 -8.00 4.63 172 303 269 261 185 
2.49 -4.33 -5.03 -1.3800 3.6300 -5.5700 -3.0322 0.1678 0.8056 2.41 -9.19 -2.39 167 283 271 263 183 
;
