6.27 1.66 7.48 0.0800 0.0100 0.0100 -0.0078 0.0033 -0.0044 6.19 1.62 7.42 173 281 236 230 182 
6.27 1.66 7.48 0.0200 -0.0100 0.0400 -0.0111 -0.0022 -0.0011 6.19 1.62 7.42 174 282 234 229 180 
5.80 1.32 7.96 -0.5900 -0.3800 0.6800 0.0078 -0.8300 -0.0644 6.61 1.61 7.06 171 282 231 230 179 
11.04 1.53 8.27 2.2500 -0.5000 2.1300 -0.4044 -6.3367 1.0867 9.49 0.63 2.37 170 278 236 230 179 
14.33 -2.28 -3.28 1.8600 -1.7000 -3.6700 3.3100 -0.7178 0.8633 9.59 -1.38 -1.49 174 269 240 250 186 
6.56 -0.73 -0.60 -3.8300 1.6700 -0.4800 1.2411 1.9111 -0.5033 9.63 -1.51 1.03 169 287 255 251 189 
8.22 5.26 1.49 -1.4400 6.3900 -0.7500 -0.9578 0.5489 0.1944 9.40 -1.61 2.26 172 266 248 251 191 
8.71 -0.70 1.32 -0.6500 1.3500 -1.5000 -3.9811 0.6656 0.8600 8.88 -3.30 2.50 174 231 216 229 177 
5.92 -9.23 -0.10 -1.7500 -4.6600 -1.4900 -1.0589 -0.0956 0.0000 8.60 -4.55 1.16 175 242 225 230 174 
10.09 -4.83 1.17 1.6700 0.0300 0.2400 -0.0711 -0.0222 0.3367 8.62 -4.55 0.98 171 248 220 216 176 
5.68 -4.21 -1.41 -2.8000 0.4700 -3.7500 0.4300 2.7756 -0.0867 8.10 -4.63 2.99 172 268 207 198 171 
4.50 -0.67 2.47 -2.9600 2.8500 -3.0300 3.0256 1.1700 -1.6567 7.29 -1.40 6.39 170 314 196 187 172 
11.74 2.57 14.27 5.5600 0.9400 6.2200 1.0644 -1.8611 0.1311 7.89 1.30 5.66 171 325 201 194 175 
10.84 1.29 9.84 0.5600 -0.1100 3.3700 -0.4867 0.2367 1.4067 8.05 -0.07 5.59 173 329 201 194 175 
4.30 -0.29 6.33 -3.3500 1.0700 -0.3100 -1.7300 0.1278 0.3033 7.62 -1.91 5.86 172 339 196 198 175 
4.33 -0.92 1.83 -5.0600 1.1200 -3.4000 -0.5344 -0.8167 -1.5611 8.76 -1.68 4.07 173 340 195 197 165 
9.97 2.39 -0.03 1.0000 2.5000 -3.0200 0.3367 -0.6656 -1.9233 9.34 1.20 2.72 163 335 194 198 175 
11.63 3.01 -0.59 3.0800 0.7900 -1.6700 1.0467 -0.4478 -0.8578 9.26 3.00 1.15 169 340 193 198 176 
12.17 3.31 1.15 4.0200 -0.0300 1.1400 1.3300 -0.0467 0.0789 9.16 3.47 0.15 170 340 195 197 175 
12.83 3.91 3.72 2.5200 1.0900 3.3900 -0.1211 0.7700 1.9289 9.62 1.69 0.76 164 338 195 198 175 
2.83 -0.74 0.47 -6.9000 -0.6700 -1.3400 -0.4189 1.3067 -0.0811 9.55 -0.25 2.17 164 338 196 197 178 
10.98 1.04 2.57 1.7600 0.6200 0.6700 -0.0767 -0.1589 -0.1211 9.54 0.40 2.19 166 338 196 199 178 
9.63 0.53 2.37 -0.2400 0.1000 -0.2700 -0.2411 0.4322 -0.1167 9.45 0.43 2.56 167 339 197 197 177 
10.83 1.50 -0.19 2.1500 0.0600 -2.2700 1.4356 0.3511 -0.7489 9.08 1.93 3.14 165 336 198 200 177 
12.46 1.37 8.29 2.7200 -0.0100 4.4600 -0.6300 0.2389 2.5489 9.11 0.03 3.62 165 334 197 203 177 
3.17 -1.28 4.96 -5.3900 0.4600 0.1600 -0.8556 0.2756 0.0611 8.31 -1.98 4.79 164 339 200 201 179 
6.37 1.10 0.68 -2.3300 2.8600 -2.8500 -0.8178 -0.6900 -1.6189 9.29 -0.97 2.96 165 334 194 200 177 
9.49 1.96 -1.71 0.8600 1.6400 -3.4300 0.4289 -1.4522 -1.6022 9.64 1.36 1.10 162 339 194 198 177 
11.40 3.52 -2.32 3.0700 1.0400 -2.3600 0.6256 -0.3144 -0.9767 9.27 3.16 -0.31 159 339 192 200 177 
12.97 3.00 -0.65 3.9600 0.3500 0.8300 0.1622 0.6800 0.5378 9.27 3.06 -0.80 158 336 192 201 177 
12.15 2.94 1.63 2.6900 0.6500 1.7300 0.5889 0.7167 1.6144 9.68 1.52 0.02 159 337 194 201 178 
6.10 0.62 2.71 -3.9600 0.8200 1.6300 -0.9022 0.7778 1.7856 9.60 -1.17 1.56 160 337 197 202 176 
9.25 -0.48 0.47 0.0100 0.5600 -1.5000 0.4522 -0.4533 -0.5678 9.55 -0.86 2.02 159 337 196 204 177 
;
