2.45 3.38 8.91 0.0200 -0.0700 0.0000 0.0344 -0.0144 0.0033 2.41 3.45 8.85 178 271 256 257 188 
2.51 3.49 8.93 0.1200 0.0000 0.0100 -0.0178 0.0033 0.0189 2.40 3.46 8.85 174 267 260 256 192 
4.23 4.49 10.21 2.0800 1.6100 2.9400 0.8389 -2.2867 0.8356 3.95 3.76 8.14 180 267 264 255 187 
14.37 3.99 7.47 5.4600 1.2800 3.5200 2.3067 -3.4778 3.7511 9.40 1.65 2.22 174 280 242 255 190 
7.81 -0.62 -0.30 -1.8700 0.8700 -0.4900 1.7267 -1.4644 1.6100 9.66 -1.61 -0.40 169 286 266 261 190 
4.97 1.44 0.30 -4.3700 3.9100 -0.4300 -0.1289 0.1511 0.4600 9.40 -2.67 0.69 168 281 266 260 183 
9.63 1.19 1.69 0.4100 3.7600 0.0100 -2.1911 0.6567 0.3833 9.18 -3.22 1.14 176 245 215 229 174 
6.35 -4.62 -0.19 -2.5000 -0.8700 -1.0400 -1.8922 0.4856 0.8844 8.50 -4.87 0.33 161 246 217 227 168 
8.20 -8.21 -0.42 0.2400 -3.1800 -0.1800 -0.4778 -0.2844 -0.1000 8.31 -5.15 -0.65 170 250 213 221 169 
8.52 -4.72 -1.24 0.1000 0.6900 -1.0100 -0.0444 1.0511 0.3467 8.23 -5.33 0.03 4 262 229 212 172 
4.05 -5.43 -0.03 -5.2400 -0.2600 -2.1000 -0.0856 1.8233 -0.3833 7.73 -5.21 3.02 172 168 150 182 164 
7.18 1.10 0.62 -2.5100 3.9700 -0.6500 1.3300 -1.8733 -2.3289 9.31 -1.62 2.60 171 151 144 161 150 
17.30 5.58 4.00 7.9100 5.0700 1.7600 1.4433 -0.5311 -1.5600 9.03 2.27 3.05 177 160 150 168 141 
7.42 1.78 5.13 -1.7800 -0.2800 1.1600 -0.3611 0.1589 0.1378 8.99 1.99 3.34 179 163 149 170 146 
9.51 2.83 3.01 0.7200 1.0100 -0.4200 -0.5133 -0.0578 0.0778 8.99 1.68 3.51 178 169 157 175 151 
11.77 2.10 6.20 2.6300 0.3000 2.6000 0.8344 -1.7900 -0.0289 9.40 1.61 2.26 175 245 189 198 163 
12.71 -1.24 0.11 3.4100 -1.5900 -1.0600 1.0767 -2.4400 2.4256 9.74 -0.89 -0.63 121 298 166 180 157 
5.94 -1.09 -2.95 -2.7500 2.1700 -2.0200 3.2789 1.8700 0.4122 9.24 -3.14 0.88 121 326 157 168 151 
5.81 0.98 1.60 -1.5000 4.4800 -0.7200 -0.0211 1.3700 -0.4233 8.51 -2.83 3.95 120 335 167 178 156 
8.60 -1.97 2.29 0.7700 0.2300 -2.9800 -1.0378 1.1600 -0.2656 7.84 -3.18 4.94 122 338 170 182 155 
4.84 -5.50 5.27 -2.2700 -2.0200 0.4300 -0.5644 1.3667 0.1200 6.93 -3.95 5.69 119 345 174 184 162 
6.91 -4.15 8.30 0.1900 0.0000 2.4500 -0.4633 -0.3389 0.3478 6.85 -4.39 5.46 123 347 183 171 162 
4.41 -2.82 5.08 -1.6500 2.9100 -0.0100 -1.7144 0.7478 0.6989 6.41 -5.86 4.53 142 298 189 184 161 
;
