0.37 6.51 7.29 0.0600 -0.0200 0.0000 0.0111 0.0333 -0.0011 0.27 6.54 7.29 190 328 316 319 217 
0.30 6.61 7.28 0.0400 0.0500 -0.0500 -0.0367 0.0022 -0.0111 0.25 6.53 7.30 190 332 318 319 217 
0.36 6.52 7.32 0.0500 0.0100 0.0000 -0.0144 0.0111 -0.0022 0.25 6.52 7.31 191 331 319 318 218 
-0.18 7.02 7.89 -1.5800 0.8300 1.4300 0.0400 -1.3556 0.6400 1.28 6.46 7.26 191 332 317 315 218 
9.91 9.01 12.36 5.4200 3.0700 5.0000 -1.1778 -3.8833 3.3978 6.60 4.35 5.78 189 332 316 297 217 
8.25 3.00 2.78 -1.5400 0.6400 -4.3400 -0.0489 1.0856 3.8144 7.24 -0.52 6.58 188 341 312 304 216 
4.15 2.31 2.70 -3.6600 4.8400 -2.5800 1.8356 -1.4167 1.1944 8.33 -1.34 4.99 187 344 323 310 216 
5.51 4.65 5.68 -1.8500 5.7800 0.5900 -1.6678 0.1311 -1.0078 8.48 -1.33 4.73 184 315 311 297 211 
9.48 0.78 3.45 -0.2200 1.8900 -0.2800 -4.0600 0.3889 0.0378 8.64 -2.77 3.69 180 261 232 247 199 
7.16 -5.88 -2.12 -1.2500 -1.4000 -4.3100 -1.3122 -0.7956 -0.0233 8.83 -3.89 1.72 182 267 241 252 201 
4.86 -3.71 -0.50 -1.8400 0.2700 -1.3100 0.7267 2.0278 -1.5411 8.84 -2.67 3.29 184 302 273 270 206 
14.93 -2.25 9.31 6.5100 0.5100 5.2400 -0.6167 0.1278 0.6222 8.58 -2.53 4.00 186 324 314 295 208 
8.09 -4.14 4.53 0.6100 1.3600 -1.6400 -3.8867 0.7989 3.2711 5.78 -7.16 3.37 189 328 330 322 210 
0.96 -11.17 -7.92 -2.3000 -1.1600 -10.0700 3.3100 -0.1300 1.6711 2.11 -8.66 4.08 188 330 314 332 211 
-2.30 6.38 -1.05 -4.3200 11.8400 -9.8700 7.5778 0.0522 0.6944 0.47 -0.96 9.74 189 339 336 330 213 
2.35 13.40 14.35 4.1200 8.9100 11.1500 2.7644 0.6344 -0.9722 0.02 6.47 7.36 189 346 341 329 214 
0.73 7.68 11.64 -0.2000 1.5200 3.3700 -1.8622 -0.8589 -1.0456 0.58 5.12 8.33 191 339 336 316 213 
0.51 3.44 3.92 -1.3700 -0.1000 -5.3300 -1.2922 -1.0911 -2.0878 1.98 3.35 8.99 189 309 323 309 214 
-0.45 11.42 15.74 0.1000 2.4700 8.8600 0.0922 -4.2678 0.7233 0.47 4.17 8.85 187 294 323 327 214 
;
