4.29 1.06 8.73 -0.0100 -0.1000 0.0100 -0.0056 0.1722 0.0211 4.08 1.12 8.84 172 307 246 236 185 
3.93 0.94 8.65 -0.0100 -0.1200 -0.1900 0.0611 -0.0233 -0.0133 4.05 1.15 8.85 172 313 249 238 185 
6.36 2.87 8.69 2.4100 1.4000 -0.1900 0.8200 -0.6744 0.6044 4.49 1.77 8.53 173 270 238 242 176 
11.71 3.15 10.26 4.7800 0.2500 5.0900 1.1356 -5.0611 2.5678 9.36 1.24 2.62 184 291 247 240 184 
11.39 -2.71 -1.93 -0.5600 -1.4100 -2.5600 2.3811 -1.3500 1.1756 9.61 -1.79 -0.70 167 293 254 231 186 
5.13 2.01 -1.16 -5.0000 4.0100 -0.5300 2.1356 1.6444 -0.4956 9.57 -1.98 0.79 175 297 265 250 184 
9.05 2.01 2.78 0.7800 4.2200 1.1800 -2.0611 0.4889 0.1800 9.55 -1.94 1.03 163 273 245 239 181 
9.71 -2.11 -0.92 0.0400 0.3100 -1.8700 -1.2767 0.5300 1.2233 9.15 -3.39 0.93 6 248 224 230 174 
4.67 -7.26 0.21 -3.9100 -2.6100 -0.1000 -0.9011 0.4267 0.6733 8.37 -5.05 0.70 172 257 231 230 176 
9.56 -5.94 0.55 1.2700 -0.6900 -0.2400 -0.1533 -0.1722 -0.3500 8.61 -4.68 0.21 170 261 226 230 175 
6.20 -4.48 -0.09 -1.5400 0.6700 -0.5200 -0.2133 0.5989 -0.1933 8.51 -4.83 0.54 172 264 220 223 177 
9.65 -4.73 -1.03 3.2000 -0.1700 -2.2300 0.7978 6.5067 -0.3378 6.88 -4.22 5.56 170 258 197 218 179 
-0.32 -4.84 1.23 -5.2800 1.3100 -4.9700 2.0422 5.0344 3.0789 -3.22 -3.63 8.51 170 167 161 170 163 
-3.28 3.65 9.33 1.5500 2.9600 1.9800 3.6444 1.0100 1.1533 -4.40 1.58 8.61 176 172 156 172 159 
-4.00 3.37 12.77 -0.3800 -0.4100 1.8400 -0.2033 -0.5889 -0.3300 -3.93 2.39 8.65 178 177 168 177 162 
-3.87 2.13 9.62 -0.0800 -0.1900 0.7700 -0.2289 -0.2611 -0.2733 -3.53 2.17 8.88 178 182 168 179 163 
-3.38 1.99 9.37 0.1700 -0.1300 0.5400 0.0867 -1.1589 -0.4656 -2.42 2.04 9.27 177 205 183 185 169 
-0.97 1.68 11.20 0.3900 0.8700 1.5900 0.6856 -9.0311 -0.2200 5.56 2.37 7.71 173 290 193 188 168 
12.46 -0.51 -0.11 1.3100 -0.8400 -1.7900 0.1256 -4.8756 4.0156 8.97 -2.81 -2.78 146 303 174 174 162 
6.10 -4.17 -8.29 0.6200 2.5100 -4.4900 3.8878 -1.0678 2.6933 4.90 -7.89 -3.12 124 278 160 167 159 
0.56 -2.85 4.21 -3.2100 7.7800 7.9700 4.6300 2.0278 -0.5067 3.61 -8.19 3.99 121 279 169 172 158 
2.27 -10.69 0.70 -0.7900 -1.7800 -2.0300 -0.2144 0.3878 -0.6244 3.51 -8.43 3.55 123 264 168 173 159 
1.81 -7.48 4.87 -2.1600 0.6400 1.1300 -1.5300 1.5833 -1.9322 4.40 -8.25 2.94 162 278 186 180 168 
0.56 -4.41 2.74 -4.9500 1.9800 -3.4700 1.7233 3.8822 -5.2467 6.34 -3.91 6.37 163 284 212 205 174 
;
