4.55 1.50 8.37 -0.0600 0.0700 0.0700 0.0744 0.0511 -0.0544 4.71 1.49 8.47 175 288 249 230 178 
4.89 1.28 8.26 0.1400 -0.1900 -0.2000 0.0100 -0.0022 0.0122 4.73 1.47 8.46 175 287 250 230 178 
3.95 1.40 8.93 -0.8100 -0.0300 0.7800 0.1122 -1.1922 -0.0733 5.22 1.55 8.15 173 289 245 231 178 
14.90 2.16 5.95 7.3700 0.2900 1.1800 0.1744 -5.8922 1.5233 9.68 0.84 1.26 170 293 245 226 178 
11.33 -1.99 -3.89 -0.2600 -0.8800 -3.5900 2.3078 0.1600 1.2689 9.62 -1.70 -0.78 172 293 237 231 182 
5.35 0.22 -0.07 -3.6100 2.9200 -0.6000 0.5978 0.6489 0.5500 9.38 -2.74 0.71 172 290 246 233 177 
7.82 0.84 2.14 -0.3000 4.4800 0.8400 -1.0022 0.7156 -0.0756 9.22 -3.03 1.36 173 269 228 231 177 
10.11 -0.66 -0.08 0.3100 1.8100 -2.2800 -1.6256 1.1644 1.0933 8.60 -4.19 2.11 167 260 231 226 178 
5.04 -8.53 0.73 -2.9000 -2.9900 -0.7800 -1.6689 -0.1656 0.8422 7.74 -5.94 0.87 173 247 215 229 169 
7.50 -7.57 0.71 -0.4000 -1.0700 0.0900 -0.1389 -0.3056 -0.0089 7.75 -5.98 0.40 175 253 226 221 173 
6.82 -4.82 -0.87 -1.5900 0.9200 -1.6500 0.6144 1.3344 0.6133 7.23 -6.48 1.29 175 280 230 237 177 
2.49 -4.78 -0.38 -2.9000 1.1300 0.1100 -1.4233 -5.7256 -0.0922 6.72 -6.32 -3.30 179 272 243 240 175 
7.33 -3.43 -8.09 8.4300 0.0500 -0.7900 -3.7011 -1.4111 0.9967 1.28 -3.26 -9.15 177 257 236 236 171 
-0.53 -0.21 -15.11 -0.7400 2.5900 -4.3400 -1.6622 0.4311 1.0678 -1.13 0.89 -9.69 178 260 239 242 171 
-1.12 2.91 -13.72 -1.1300 1.9100 -2.7600 0.3578 0.7878 -0.2878 -0.96 1.70 -9.60 178 268 244 242 173 
-0.35 0.91 -9.62 0.2000 -0.2800 -0.0600 0.2878 0.3978 -0.1822 -0.55 1.30 -9.70 179 264 240 238 172 
1.14 1.52 -10.73 1.3800 0.8200 -1.5600 0.7778 2.5911 -0.1589 1.61 0.42 -9.66 179 265 210 200 167 
7.84 -0.74 -12.59 -1.5100 0.5200 -4.9000 4.4033 7.6489 0.1256 9.16 -2.28 -2.64 179 295 189 187 168 
4.28 0.21 -0.53 -7.3500 2.1400 -2.3300 2.3867 3.7678 -0.9911 8.87 -0.80 4.09 177 316 186 183 172 
14.40 0.06 8.12 5.8300 -0.9000 3.3800 1.1589 0.7067 0.4022 8.29 0.83 5.15 179 318 170 185 171 
7.75 0.42 10.18 -1.9200 0.2600 4.7700 -0.6789 1.2022 0.9700 7.72 -0.84 5.97 179 335 176 188 168 
1.86 -0.54 5.43 -5.0300 1.6000 -2.0500 -1.8511 0.5122 -0.6511 7.07 -2.32 6.37 178 324 172 191 175 
4.42 0.16 0.40 -2.4200 2.0600 -5.8500 0.5144 -2.5089 -1.9267 8.34 -0.67 5.10 178 324 177 195 172 
11.16 3.34 0.41 3.9000 2.2600 -3.3200 0.4056 -0.8522 -1.7656 8.84 2.06 3.69 175 302 186 196 173 
13.62 3.77 2.33 2.6900 0.6000 0.0400 1.0222 -0.2378 -0.1978 9.04 3.14 2.10 173 299 167 187 173 
13.38 2.83 2.71 5.2200 0.1100 2.2300 1.2211 0.9689 0.8767 9.29 2.82 1.37 169 305 186 187 172 
7.18 1.24 3.73 -3.6300 0.2000 1.4800 0.0467 -0.2556 2.3189 9.68 -0.40 1.45 171 306 188 189 175 
5.45 -0.52 1.94 -2.5900 0.6300 -0.4000 -0.0978 0.1200 -0.4867 9.53 -0.69 2.19 171 312 190 193 175 
;
