0.66 2.28 10.32 1.0500 -0.0800 1.4000 0.9089 -0.2622 -0.0622 0.92 3.04 9.27 186 321 342 357 223 
9.52 5.10 13.73 6.5700 0.9400 2.8300 1.4356 -5.9789 3.0889 6.96 3.39 6.01 187 315 317 308 219 
9.03 1.69 0.31 0.1500 1.3700 -4.1000 1.9267 0.2867 3.2711 8.75 -0.65 4.37 185 318 313 309 221 
3.31 3.15 2.68 -5.1300 4.9400 -1.8200 2.3178 0.7389 0.5033 8.34 -0.52 5.11 185 323 320 309 223 
5.38 5.41 7.17 -2.0500 5.4900 1.5400 -1.8411 0.3111 -0.2644 8.33 -1.02 5.06 181 299 283 285 218 
11.00 -1.76 2.58 2.2700 -0.0800 -1.2000 -3.2789 -0.4600 1.2056 8.52 -3.55 3.30 181 264 216 248 205 
5.22 -7.49 0.80 -2.8600 -2.3600 -2.0500 -0.5522 0.7989 -0.0033 7.90 -4.78 3.28 182 269 223 252 207 
4.94 -3.65 2.47 -1.3500 1.8400 -2.1800 0.6122 7.4789 -0.7111 4.56 -4.39 7.48 185 296 280 278 212 
0.85 -1.06 0.64 -0.3600 3.6800 -7.9500 2.9989 4.2789 -1.2833 -0.32 -2.53 9.46 187 305 293 302 213 
-2.84 4.40 16.60 -0.6900 2.6200 10.1800 3.9956 0.8478 -0.3378 -2.44 3.81 8.69 180 321 302 307 219 
-4.56 5.33 17.36 -0.4400 1.2800 8.9400 -0.5800 -1.7878 0.3644 -1.38 4.00 8.84 187 325 314 309 219 
6.64 3.62 8.20 2.7800 0.9100 -2.0800 -0.7711 -5.3156 4.5822 5.99 0.93 7.70 183 316 296 293 219 
3.03 -0.98 1.72 -3.9300 1.7600 -4.3900 2.1500 -0.9744 2.6989 7.23 -2.42 6.15 178 316 314 299 220 
5.60 3.28 5.72 -3.0700 6.5600 0.4300 -1.2556 0.8889 0.0122 7.36 -3.36 5.53 181 280 249 262 214 
9.01 0.80 4.71 1.2200 4.3900 -0.1700 -2.3500 0.0833 -0.7033 7.69 -4.12 4.46 179 265 229 241 205 
5.48 -9.30 0.52 -1.1200 -4.0700 -3.5700 -0.9144 0.3500 -0.4911 7.40 -4.99 4.04 182 270 237 244 206 
4.14 -4.72 1.47 -3.0500 0.9700 -3.5700 0.1689 5.3811 -0.1467 4.45 -5.09 7.09 184 295 284 269 209 
-1.49 -4.40 3.90 -2.4700 -0.1000 -3.9200 1.7922 2.6089 -1.0900 -0.57 -3.90 8.97 185 300 296 291 212 
0.93 0.52 10.43 0.7400 1.8200 2.2000 3.5956 -0.1633 -0.8756 -0.40 0.78 9.76 186 311 313 328 213 
;
