4.23 2.52 8.48 0.0700 -0.0100 0.0300 0.0756 0.0211 -0.0200 4.20 2.57 8.47 181 275 240 234 192 
4.21 2.63 8.65 0.1100 0.0000 0.1800 0.0300 0.0311 0.0156 4.15 2.61 8.49 179 275 240 235 191 
7.54 4.00 11.63 3.3600 1.2500 3.7800 -0.0456 -1.7811 1.3044 5.52 2.22 7.79 178 273 233 234 191 
10.71 -0.63 6.22 1.4700 -1.6500 0.4900 0.5778 -3.7022 2.4167 9.27 -0.53 3.13 179 287 235 237 191 
7.46 -1.39 -1.16 -2.3500 0.2200 -2.2500 1.4556 -0.4611 0.1322 9.68 -1.51 -0.01 176 278 251 235 189 
5.50 1.30 1.28 -3.9900 2.9800 0.9700 -0.1467 0.1389 -0.1956 9.69 -1.09 1.01 175 283 250 236 188 
10.11 1.98 0.84 0.7700 3.2400 -0.2400 -1.9333 0.3133 0.0822 9.64 -1.35 1.12 175 247 234 232 186 
8.25 -2.61 0.45 -2.9400 -0.9500 -0.3100 -1.2756 -0.2756 1.0033 9.33 -2.94 0.51 172 247 209 220 180 
8.93 -4.98 0.16 -0.1200 -1.8100 0.0500 -0.1989 0.0989 0.0833 9.25 -3.21 0.48 169 256 210 218 182 
9.35 -2.45 1.24 -0.2400 1.0500 0.6900 -0.8244 0.8033 1.5322 8.74 -4.38 0.65 178 273 208 204 184 
5.56 -4.73 -1.29 -2.9300 0.7500 -1.4400 -0.1833 0.0767 0.3156 8.13 -5.45 0.45 177 317 214 205 184 
13.82 -5.58 -2.76 7.0800 -2.1400 -1.1100 0.4989 -0.6200 1.0889 7.67 -6.05 -0.77 178 342 211 203 180 
4.71 -7.49 2.57 -2.0700 0.4900 2.7700 2.5756 -2.3089 -0.1733 6.68 -7.12 0.90 176 350 219 214 179 
5.94 -6.59 0.13 -0.0300 0.4400 -0.2800 -2.5889 -1.7022 -0.4822 6.90 -6.75 -1.66 172 355 211 202 179 
6.78 -6.00 -6.95 1.1900 0.4400 -3.7400 0.9233 0.4211 0.1989 6.78 -6.71 -2.24 175 355 217 209 179 
-5.16 -3.20 10.59 -4.8900 4.5000 7.5200 -0.6089 -1.6922 0.0433 6.73 -7.10 0.55 176 356 229 217 181 
5.03 -5.77 0.08 -3.0100 1.0700 0.0100 -0.7089 -1.0189 -0.7744 7.32 -6.50 0.39 176 323 234 222 182 
2.97 -2.52 -0.54 -5.3200 2.4000 -0.0200 -1.7067 -3.7233 -3.2133 8.55 -3.21 -3.55 172 245 241 235 185 
9.10 1.25 -8.80 2.0000 -1.2500 -4.0400 -2.5567 -5.1922 -0.5589 6.17 1.61 -7.44 169 246 229 235 185 
7.78 1.71 -4.98 -4.0100 0.3300 -0.1500 -2.0622 1.3700 -0.6256 7.97 3.39 -4.57 169 256 233 235 184 
7.50 5.97 -6.92 -2.1600 2.2100 -1.5100 -0.6889 -1.4011 0.0778 6.39 3.98 -6.27 170 255 220 236 185 
5.70 4.49 -6.03 -0.4500 0.8400 0.9700 0.1678 -0.4211 0.3467 5.92 3.41 -7.02 173 256 234 239 185 
5.99 3.10 -6.81 -0.1600 -0.1300 0.1200 0.0444 0.6056 -0.0689 6.12 3.22 -6.94 171 256 242 237 184 
;
