3.23 2.75 7.70 -0.4100 0.0100 -0.9700 0.0967 -0.0322 0.0633 3.62 2.78 8.67 169 258 239 230 184 
4.02 2.90 9.32 0.6400 -0.0600 0.6500 -0.1044 -0.0233 -0.0611 3.47 2.90 8.69 170 260 239 231 182 
5.64 3.15 10.85 1.2900 0.8300 3.7500 -0.1189 -4.6311 0.5011 6.66 2.50 6.74 171 262 237 229 184 
14.15 1.17 5.15 2.1500 -0.8900 0.3000 0.4767 -1.8211 2.3056 9.56 -0.08 2.15 170 268 236 227 184 
7.07 -0.86 -1.02 -3.0500 0.4800 -3.2000 1.6111 0.4633 0.4922 9.61 -1.32 1.41 172 281 253 236 187 
4.70 1.14 1.94 -3.9300 3.1000 0.0400 0.0067 0.3011 0.0500 9.36 -1.94 2.14 171 281 249 230 183 
9.52 1.68 2.84 0.5100 3.7300 0.0500 -1.3889 1.3778 -0.4800 9.11 -1.96 3.04 170 259 225 226 179 
9.08 -1.30 1.95 0.0000 0.9900 -1.3600 -2.6378 0.3433 0.4867 8.79 -3.22 2.90 167 235 215 222 176 
6.41 -6.75 -0.05 -2.2800 -3.2200 -1.8700 -1.5467 0.1600 0.2033 8.51 -4.61 1.52 164 245 221 212 175 
8.72 -5.78 0.28 0.8800 -0.7900 -0.4900 0.1156 -0.0089 -0.1722 8.71 -4.33 1.21 171 248 219 216 176 
5.21 -4.66 -1.20 -4.1200 -0.4000 -3.1900 0.6033 0.8889 0.0233 8.40 -4.49 2.33 171 239 208 196 176 
4.25 -2.94 0.54 -3.1200 0.9900 -3.4500 1.4322 0.4844 -0.3956 8.03 -2.70 4.93 173 176 152 166 164 
11.52 3.44 6.69 -0.1000 3.6000 3.2800 0.9078 -1.9011 -1.6011 9.53 0.08 2.29 177 160 143 161 154 
18.59 4.21 4.19 6.4600 1.7800 3.4100 0.3744 -0.0800 0.2289 9.54 1.46 1.71 178 163 150 168 156 
9.75 1.31 1.38 -0.0500 0.4000 -0.6700 -0.5144 0.2733 0.2111 9.50 1.05 2.18 5 179 163 177 166 
8.46 0.58 4.36 -1.7900 -0.5400 2.6100 -0.7589 -3.4511 1.9378 9.78 -0.63 0.24 176 261 223 210 178 
3.23 -2.04 -1.59 -5.1300 0.5700 2.2000 -2.4200 -7.1889 3.7011 5.16 -3.72 -7.45 178 267 236 231 176 
-0.72 -1.01 -7.84 -0.6900 2.1700 1.3100 -2.0556 -0.5944 1.4400 0.36 -1.22 -9.72 176 267 233 230 172 
-2.46 1.81 -13.06 -2.0400 1.2500 -3.7500 -0.7078 -0.6111 0.1933 -0.72 0.58 -9.76 177 269 232 234 171 
-0.90 0.34 -10.30 -0.6400 0.2400 -0.5700 0.4422 0.1689 -0.2722 -0.26 0.06 -9.80 177 268 237 232 171 
;
