5.02 4.43 7.37 0.0600 0.0600 0.1300 0.0122 -0.0022 0.0089 4.95 4.37 7.24 173 287 244 240 185 
4.54 4.60 8.00 -0.5300 0.2700 0.7700 -0.1700 -0.6967 0.1522 5.31 4.19 7.09 173 288 252 239 185 
5.77 3.74 6.48 0.0700 -0.1100 -0.4800 -0.4067 -0.1878 -0.1433 5.78 3.69 7.00 172 287 252 237 184 
5.94 3.81 7.31 0.3800 0.1500 0.4000 0.1133 -0.0322 0.1089 5.66 3.73 7.08 171 286 250 236 185 
6.75 3.99 8.25 1.0800 0.6300 1.5200 -0.2656 -1.3300 0.4411 6.65 3.16 6.47 173 285 249 241 185 
12.24 2.55 8.40 5.1000 -0.4000 3.5800 -0.3822 -2.3111 1.9678 9.09 1.11 3.50 177 295 241 232 186 
10.41 -2.76 -0.72 -1.2100 -2.2300 -1.4800 1.9833 -2.6456 0.9344 9.64 -1.39 -1.10 168 289 251 252 186 
4.68 1.53 -1.67 -4.5300 3.7900 -1.8000 0.7356 0.8511 -0.0267 9.66 -1.46 0.81 174 295 264 255 191 
8.68 3.74 3.07 -0.8000 5.3800 1.2600 -1.6767 0.5933 -0.0544 9.51 -1.47 1.88 173 254 228 238 188 
8.13 -1.21 0.12 -0.9100 1.0200 -1.1900 -3.3533 -0.0456 1.5822 9.04 -3.58 1.19 170 235 210 218 174 
6.84 -10.36 -2.85 -1.8800 -5.7600 -2.8100 -0.0378 -0.3944 -0.2578 8.85 -4.21 0.00 172 237 211 220 174 
8.12 -3.30 -0.77 -1.5100 1.3300 -0.9800 0.5978 0.9556 0.2811 8.77 -4.33 0.67 147 265 230 236 182 
6.36 -3.92 -0.36 -4.7100 0.0700 0.2300 1.1244 -2.6156 0.6711 8.51 -4.85 -0.33 182 278 254 265 183 
6.39 -3.32 -5.57 -0.1800 1.2900 0.8600 -4.5722 -9.4400 0.9956 1.03 -2.11 -9.51 175 232 219 226 177 
-3.89 5.26 -17.05 0.8100 4.0300 -6.8400 -1.3933 0.9833 0.5256 0.11 2.51 -9.47 178 242 225 235 172 
0.33 2.80 -10.67 1.3800 0.4900 -0.7400 0.3711 0.4356 -0.2100 0.52 2.34 -9.50 176 247 211 237 185 
2.51 1.93 -14.12 1.8700 0.0200 -5.6000 1.8011 3.2767 -0.4289 2.84 0.92 -9.33 180 243 223 233 175 
9.69 -1.59 -10.30 1.0700 -0.2700 -2.4500 3.5256 5.9867 -1.0122 8.60 -2.23 -4.13 175 275 238 251 188 
5.13 -1.70 -1.49 -4.9000 0.3200 -1.6600 2.1678 2.3633 -0.7144 9.57 -1.59 1.40 178 282 233 272 186 
4.73 2.36 3.15 -4.0300 3.9800 1.0400 0.9000 0.6644 -0.6233 9.33 -0.94 2.84 175 290 253 270 206 
10.08 3.51 4.31 1.3700 3.7900 0.6800 -2.4722 0.0733 -0.5600 9.20 -0.98 3.24 190 269 233 264 188 
6.68 -0.57 1.31 -2.6200 0.7700 -0.9500 -3.6278 -0.5356 1.6611 8.94 -3.88 1.05 172 237 211 229 171 
8.14 -9.94 -2.91 0.1400 -4.6300 -2.2400 -0.3333 0.0844 0.0578 8.55 -4.78 -0.36 174 243 202 237 171 
7.28 -3.79 -1.62 -2.5400 1.8700 -1.1700 0.4867 0.7178 -0.1189 8.66 -4.59 0.16 176 256 222 215 174 
3.01 -3.65 0.36 -6.5600 -0.0500 -1.9000 1.5200 2.4778 -1.1811 8.09 -3.65 4.15 3 254 236 231 178 
8.18 -0.88 5.95 3.0900 2.2300 2.2500 0.3122 -0.7156 -2.3978 8.90 -0.52 4.06 181 268 247 236 181 
;
