6.55 -0.67 7.22 0.0200 0.0000 -0.1000 -0.0111 0.0533 0.0267 6.40 -0.73 7.38 162 271 232 227 184 
5.76 -1.25 8.22 -0.3100 -0.8100 1.5800 -0.0056 -1.2278 -0.2644 7.01 -0.65 6.82 174 273 220 228 183 
14.56 -3.99 4.26 4.1300 -2.8000 0.2200 2.0167 -4.8889 -0.0233 9.79 -0.22 0.48 174 281 210 227 182 
8.60 -1.48 -4.05 -2.5200 -0.1000 -3.1400 3.6011 0.0567 0.5800 9.67 -1.52 -0.40 175 279 239 239 190 
5.70 1.83 -0.41 -3.6200 4.0800 -1.6500 1.1267 1.7167 -0.3344 9.50 -1.42 1.94 177 282 252 248 190 
8.75 4.09 2.76 -0.4700 5.5600 0.1800 -0.9533 1.3000 -0.0189 9.17 -1.66 3.02 177 274 235 252 189 
8.11 -1.02 2.01 -2.6200 -0.0800 -0.8500 -3.8878 -0.7111 0.7022 8.86 -3.67 2.02 175 246 213 228 180 
7.30 -8.18 -2.32 -0.6000 -3.7600 -2.4900 -0.8511 0.0344 -0.3356 8.88 -4.15 0.21 175 249 210 224 175 
9.51 -4.82 0.38 -0.2500 -0.5600 0.0700 0.2089 -0.0644 0.2767 8.82 -4.25 0.35 174 255 217 229 177 
8.04 -3.59 0.83 -0.2600 1.1200 0.1900 -0.6867 1.1333 0.5378 8.52 -4.78 0.81 175 261 220 214 177 
3.57 -5.15 0.54 -2.9100 0.6400 -1.5500 -0.7033 0.4578 -0.0033 7.85 -5.42 2.25 4 268 226 213 179 
11.13 -4.29 4.15 4.2400 -0.1200 1.5500 -0.8778 3.0333 -0.9389 7.68 -4.32 4.28 144 299 231 221 178 
8.73 -8.05 8.14 1.8100 -3.1400 2.1600 -2.4656 5.8100 1.6456 3.61 -6.21 6.66 175 346 178 200 178 
3.28 -2.22 3.35 -0.5300 5.0700 -2.3700 -0.4867 0.8011 0.1533 2.23 -6.78 6.71 176 345 168 189 178 
4.00 -2.44 5.88 1.6200 3.0700 -1.3800 2.9444 -0.1589 -0.7233 2.82 -4.43 8.27 174 336 165 189 176 
7.44 -5.87 12.75 3.0900 -4.1700 4.3300 1.3700 -0.6033 1.0611 3.77 -1.69 8.88 175 346 169 192 175 
3.41 -4.64 11.13 -0.9600 -1.7800 2.6400 -0.7878 -0.5511 2.0089 4.12 -3.38 8.22 173 346 167 194 179 
2.07 -5.09 10.71 -1.2500 0.1900 3.1800 -2.1489 0.6044 1.4178 2.61 -6.38 6.97 174 343 175 198 176 
1.30 -4.57 7.96 -1.3300 3.1500 1.2700 -2.3356 1.0144 0.2078 1.60 -8.44 4.73 172 343 174 196 178 
0.64 -5.32 3.57 -0.4200 3.6500 -0.1200 -1.0478 1.3767 -0.5722 1.40 -9.18 3.13 169 338 169 199 177 
1.88 -6.66 1.36 0.4100 2.6300 -1.1500 0.0667 1.4211 -1.2533 2.26 -9.05 2.99 175 338 174 200 175 
4.37 -3.35 1.09 1.2200 4.8000 -2.9400 1.8789 0.4156 -1.3244 3.75 -7.55 5.00 173 334 175 202 177 
8.37 -9.92 10.03 4.0500 -5.5800 4.0400 2.1711 -0.6400 -0.4378 4.63 -4.49 7.38 175 335 179 201 177 
4.72 -6.44 8.46 -0.1100 -1.7400 1.4300 -0.3444 -0.7311 0.7033 5.02 -4.89 6.85 173 317 193 209 176 
7.12 -5.54 7.65 0.6600 -0.0800 2.0300 -2.4800 -4.3544 1.5700 6.59 -6.97 2.02 177 296 237 241 181 
4.51 -6.04 -3.12 -1.2200 2.8400 -2.4000 -0.8878 -1.0522 2.0400 3.84 -8.81 -1.91 4 270 256 256 185 
-0.26 -3.88 -9.18 -3.8700 6.1300 -8.3600 5.3122 1.2200 -0.9578 3.70 -8.73 2.49 178 241 265 259 186 
4.53 -1.22 16.84 0.4000 2.7800 10.6700 2.4822 -2.0678 -1.0978 5.43 -3.27 7.47 182 278 266 249 186 
6.05 -3.38 14.63 1.2300 2.2800 6.5100 -5.5278 -0.4356 0.6322 5.38 -6.53 4.94 179 291 262 255 188 
3.49 -4.39 -4.96 -1.5600 3.8700 -5.7500 -2.9333 -0.1067 1.5622 3.57 -9.03 -1.35 179 282 259 256 187 
-0.32 -4.38 -6.19 -3.6500 4.9800 -6.0400 4.8156 0.2578 -1.2422 3.90 -8.62 2.55 182 254 260 248 186 
5.14 2.35 6.64 2.7200 6.8200 5.1400 5.2378 0.6267 -1.6844 5.48 -2.65 7.68 181 272 264 262 192 
6.86 -2.26 17.51 -0.4000 -1.0100 6.7300 -2.6344 -0.2833 0.6656 5.97 -3.07 7.13 165 278 267 257 191 
7.30 -2.92 8.04 0.3500 3.5700 0.8100 -4.2233 -0.0133 1.6456 4.83 -7.30 4.41 181 286 256 256 190 
1.88 -2.93 -1.95 -2.8700 5.3900 -3.1800 -3.9044 -0.3744 1.6367 2.45 -9.26 -2.04 167 281 271 255 187 
;
