4.36 2.49 8.27 -0.1200 -0.0500 -0.1300 0.0256 0.0011 0.0111 4.49 2.48 8.35 173 282 237 236 184 
4.41 2.36 8.21 -0.0500 -0.1200 -0.1400 0.0356 -0.0344 -0.0444 4.48 2.52 8.34 169 284 237 235 183 
5.13 2.77 8.50 2.3000 0.7700 0.4800 0.8500 -2.3211 0.0244 5.72 3.05 7.35 166 286 239 236 182 
12.64 6.11 6.26 4.6900 1.5500 3.1100 3.6344 -4.2367 3.6189 9.29 2.98 0.98 172 281 240 235 182 
12.25 -0.24 -0.13 0.6600 -1.2700 -1.0900 0.3256 1.3233 1.9033 9.77 -0.63 0.45 174 282 241 244 187 
4.89 0.31 -1.45 -5.3000 2.8900 -1.6500 1.6367 0.9700 0.4667 9.48 -2.09 1.36 172 284 247 244 184 
6.32 2.73 1.38 -2.0800 4.9300 0.1800 -1.1300 -0.1144 -0.0733 9.37 -2.20 1.86 171 270 227 231 180 
11.56 0.53 1.80 2.2700 3.2500 0.0300 -2.1044 0.7656 1.0000 9.04 -3.38 1.68 172 256 218 222 176 
3.87 -6.64 -0.39 -4.5100 -2.1700 -1.4300 -1.6333 0.5533 0.6222 8.10 -5.43 0.96 174 264 227 221 175 
10.10 -6.74 0.16 1.7200 -1.7100 -0.3700 -0.5022 0.0989 -0.5922 8.57 -4.74 0.30 174 265 221 214 176 
7.19 -5.39 -2.53 -0.1200 -0.3400 -3.8900 1.4622 3.2800 -0.6133 8.40 -4.27 2.67 175 211 185 182 176 
-0.18 -0.56 1.95 -6.9700 3.3200 -2.8900 1.8578 -1.4300 -2.0178 8.72 -1.80 4.08 178 155 155 162 159 
10.58 4.13 5.02 4.1000 4.4800 2.4000 0.7022 -0.1900 -1.9922 9.40 1.38 2.41 175 158 155 164 158 
11.15 2.26 5.77 0.8000 0.3300 3.6800 -0.4411 -0.4056 0.1833 9.53 1.61 1.60 172 167 159 167 159 
10.73 2.03 3.66 1.2200 1.5800 1.5100 -0.3889 1.5344 -0.0589 9.22 0.80 3.22 176 256 186 183 170 
10.97 1.69 3.58 1.3200 3.4600 -2.0500 -6.1200 6.0167 2.0367 6.54 -4.19 5.97 176 306 185 187 172 
1.45 -4.70 0.28 -1.7800 3.1500 -4.8800 -0.4767 2.7422 -1.1200 2.70 -7.20 6.08 173 339 168 180 172 
4.22 -3.10 5.36 0.6300 2.8600 -2.1000 2.4300 -0.4644 -0.7767 3.13 -5.11 7.75 166 327 163 176 169 
6.57 -4.51 12.51 2.9700 -3.4200 4.9400 1.2078 -1.5167 0.6989 4.44 -2.39 8.40 175 321 162 174 158 
5.54 -4.58 9.53 -0.2200 -1.8100 1.8400 -0.4333 -1.0489 1.8633 5.52 -3.64 7.23 175 321 167 174 159 
4.36 -4.16 9.34 -1.4000 1.1200 2.2300 -1.7589 0.6400 1.2644 4.35 -6.11 6.30 176 319 162 176 159 
2.60 -5.60 7.02 -0.7400 2.1300 1.5700 -1.7456 1.0689 -0.0356 3.06 -7.91 4.91 177 322 168 182 162 
1.83 -4.69 4.09 -0.8100 3.8200 -0.2400 -1.1822 1.3544 -0.7400 2.76 -8.69 3.60 177 319 169 181 161 
3.43 -3.97 2.02 0.6500 3.3600 -1.9900 0.4889 0.8889 -1.2233 3.59 -8.11 4.17 167 322 173 181 162 
6.78 -6.64 3.71 2.4000 -0.1500 -0.0800 1.9822 0.1900 -0.6422 4.36 -6.42 5.98 168 323 177 182 166 
4.22 -8.93 9.83 0.5800 -3.9000 2.4000 0.3589 -0.2522 0.1600 4.18 -5.35 7.07 159 321 183 189 169 
;
