3.89 3.89 8.11 0.0000 -0.1200 -0.0200 -0.0011 0.0256 0.0089 3.83 3.97 8.10 184 327 344 367 220 
3.85 3.84 8.17 0.0100 -0.1000 0.0100 -0.0033 0.0000 -0.0056 3.83 3.96 8.10 185 324 341 369 220 
3.86 3.83 8.20 0.1800 -0.0900 0.2100 0.1044 0.0433 -0.0356 3.78 4.01 8.10 185 324 345 370 221 
5.79 6.58 13.74 3.6500 3.0000 7.0400 -0.8767 -2.9811 0.6278 4.88 4.48 7.22 179 325 332 333 222 
12.41 4.75 5.92 3.9900 1.8800 -1.1200 0.4489 0.0867 4.5389 7.72 0.83 5.98 185 323 313 324 223 
3.16 -0.11 2.20 -4.8300 1.1500 -4.0200 2.6056 -0.3489 2.2878 7.53 -1.21 6.15 187 323 291 316 223 
3.70 5.41 5.83 -3.7500 6.5500 0.7700 0.0100 -0.8989 -0.1289 8.13 -0.60 5.44 190 326 275 299 221 
8.00 3.52 4.74 0.1700 4.0900 0.0600 -2.5244 -1.0656 -0.1811 8.68 -1.64 4.24 181 256 220 239 216 
5.48 -8.37 -2.23 -2.4400 -5.0400 -4.2600 -1.5511 -0.5311 -0.5200 8.82 -3.32 2.70 180 242 200 213 209 
9.05 -4.56 0.93 -0.0600 -1.1000 -1.0800 0.2144 0.4789 0.2656 8.84 -3.37 2.54 177 272 229 240 213 
7.50 -4.20 -0.84 -0.9100 -0.6900 -6.6900 0.8689 3.6367 1.8311 5.77 -4.09 6.78 133 220 217 222 211 
3.54 -0.37 10.40 -1.6700 3.4400 2.1100 2.6344 1.6400 1.2644 2.92 -2.41 9.04 91 166 174 178 198 
6.94 1.06 14.36 2.8000 2.1200 4.5800 0.2578 1.3578 0.9111 2.49 -1.19 9.40 90 164 172 178 195 
4.29 0.39 8.86 3.8000 2.3900 -0.9800 -0.3556 0.7933 2.2244 0.61 -1.76 9.62 91 166 176 181 194 
-2.56 1.50 11.29 1.6300 2.0500 2.0600 -0.3033 0.9467 -0.8778 0.01 -1.63 9.67 93 169 176 184 194 
-1.34 2.15 11.72 0.3700 3.6800 1.7800 -0.1700 1.1889 -2.8711 -1.02 -2.16 9.50 95 171 177 185 194 
3.98 -1.12 8.82 5.6900 0.7000 -0.9200 0.5111 0.5978 -1.3289 -1.80 -2.29 9.36 96 172 181 185 195 
4.98 -2.80 8.75 4.6900 -0.3300 -0.5800 0.3611 -1.8467 2.2500 -0.95 -1.49 9.64 95 173 182 185 196 
-1.52 -1.53 9.89 -2.9300 0.1300 -1.1200 -1.1278 0.7900 -1.8567 -1.35 -2.45 9.39 116 188 186 204 205 
1.28 -1.85 3.43 5.7400 0.9600 -5.7900 3.7556 1.8978 -2.7533 -1.17 -0.59 9.71 168 298 293 291 210 
-3.88 4.49 6.78 2.4000 4.1100 1.4600 4.5944 2.4644 -1.1311 -2.46 4.97 8.08 179 365 344 369 216 
;
