5.91 2.08 7.50 0.0800 0.0900 0.0400 0.0200 0.0878 0.0022 5.93 2.10 7.51 173 267 263 237 189 
5.72 2.05 7.48 -0.2400 -0.0400 -0.0100 0.0133 -0.0544 -0.0156 5.97 2.09 7.49 180 265 271 238 190 
5.62 1.84 8.33 -0.4000 -0.2100 1.4100 -0.0489 -2.6567 0.2200 7.18 2.01 6.36 181 265 270 241 190 
15.47 -0.19 5.88 6.1400 -1.1900 2.4700 0.6033 -3.3078 2.0356 9.75 0.00 0.98 183 267 264 244 191 
8.50 -1.95 -3.42 -2.3100 0.4900 -2.2600 2.8522 0.2567 0.4100 9.57 -2.08 -0.45 2 278 266 249 192 
6.20 2.70 0.09 -3.3800 4.6700 -0.7500 -0.0778 0.5222 0.3067 9.49 -2.08 1.32 182 282 256 248 193 
8.29 2.14 2.59 -0.0200 4.3200 -0.6700 -2.1489 0.7244 0.2522 9.16 -2.75 2.15 178 257 241 242 187 
4.77 -5.18 -0.39 -3.7800 -0.7600 -1.7400 -2.1800 -0.1367 1.1011 8.38 -5.03 0.69 179 242 225 210 172 
9.00 -8.14 -1.08 2.0100 -2.7400 -0.6600 -0.6356 -0.1044 -0.4444 8.41 -4.99 -0.66 182 250 208 223 172 
9.65 -5.43 -1.20 1.1200 -0.1400 -0.4900 0.2178 1.0389 0.4611 8.21 -5.35 -0.23 181 256 209 213 175 
4.75 -4.70 -1.94 -1.9200 0.9100 -3.8300 2.1567 3.7067 -0.3622 7.58 -4.96 3.75 171 281 206 201 173 
3.55 1.50 2.40 -1.0000 4.0400 -3.1100 3.3489 0.2111 -1.4822 6.62 -0.97 7.15 175 311 191 187 175 
13.45 3.04 17.22 7.2300 1.0600 10.6100 0.6178 -1.4500 0.7889 7.52 1.41 6.12 180 327 194 189 178 
8.73 0.76 9.41 -0.9000 0.8900 2.9100 -1.1356 0.2011 1.6644 7.89 -1.27 5.67 178 332 193 185 178 
0.88 -1.43 4.51 -6.3800 1.3700 -1.6500 -1.6456 -0.6611 -0.9867 8.00 -2.65 4.99 175 335 191 185 177 
6.87 2.22 -1.19 -0.8100 3.3600 -5.3900 0.1989 -0.6933 -2.1444 9.11 -0.20 3.60 180 335 186 184 175 
10.75 3.59 0.04 2.1500 1.8900 -2.1800 0.9567 -1.1333 -1.3022 9.27 2.52 1.95 165 331 185 189 178 
13.35 4.17 1.45 3.7500 0.2300 0.3900 0.9989 -0.5133 -0.0733 9.06 3.63 0.86 175 331 190 191 176 
14.85 4.27 4.03 3.6700 1.4000 4.0700 0.2833 0.0333 2.6778 9.66 1.53 0.66 176 336 195 186 177 
2.88 -0.96 0.26 -6.8700 -0.0600 -1.0300 -0.4767 0.8211 0.3778 9.62 -1.34 1.31 172 285 196 184 177 
10.84 -3.81 -2.01 1.7400 -3.0100 -4.3300 -2.1878 -0.4756 -0.7000 9.73 -0.60 0.99 171 182 164 170 177 
10.59 3.54 -2.73 1.4000 4.4500 -1.7000 3.4233 -1.1678 0.5433 9.73 -1.04 -0.58 165 181 152 152 172 
12.45 0.75 11.30 3.5900 2.5700 7.1100 -0.8600 1.2156 0.1522 9.76 -0.93 -0.04 140 176 157 159 176 
10.43 1.95 -1.10 -1.0400 1.7600 -2.9400 -1.8978 1.3011 -0.7311 9.67 -0.63 1.44 132 172 153 163 175 
8.46 -1.38 -4.31 0.1100 -1.3300 -6.2300 -0.3522 -0.6089 -0.5533 9.73 0.20 1.15 133 168 154 165 171 
7.49 0.76 20.07 8.7900 -3.7200 5.6500 -0.4556 0.3033 0.0022 9.72 0.67 -1.07 127 165 154 161 152 
9.78 -2.70 0.61 -0.1000 -2.3700 -0.6500 -0.5711 1.1422 1.3200 9.55 -1.26 1.80 157 201 182 180 166 
9.52 -0.71 -0.35 -1.3100 0.4000 -5.1800 3.2489 4.9944 -0.1967 6.93 -0.01 6.93 163 236 218 214 175 
;
