-1.85 5.20 8.01 0.0100 -0.0600 0.0300 -0.0011 0.0033 -0.0022 -1.89 5.29 8.03 183 322 322 348 209 
-1.85 5.26 8.06 0.0500 -0.0600 0.0000 0.0044 -0.0033 0.0000 -1.90 5.29 8.03 183 322 322 348 209 
-3.89 6.31 10.39 -2.7600 1.6400 3.5200 -0.7111 -2.6400 0.5367 -0.37 4.95 8.45 184 323 317 333 209 
1.31 5.72 12.57 1.2200 3.8100 2.1900 -4.8156 -2.8922 1.2089 3.85 -0.76 8.98 183 318 310 319 208 
4.20 -3.11 4.91 -0.6800 2.0500 -3.4300 -4.3089 -0.8378 2.1333 4.12 -7.36 5.00 183 317 312 323 207 
2.22 -5.50 -3.54 -0.5700 3.0200 -7.9200 -1.3378 -1.5544 2.3222 1.77 -9.47 1.77 181 292 304 305 207 
0.93 -0.75 2.49 0.1900 7.8200 -1.3300 6.1844 0.6322 0.6500 0.08 -5.93 7.80 184 302 297 303 207 
-1.53 -3.84 18.39 -2.1400 0.8100 8.6300 -2.2911 0.0244 -0.5844 -0.07 -5.96 7.78 183 302 292 304 207 
0.91 -3.67 0.66 0.6100 5.1300 -4.1000 -4.6744 0.0022 -0.6044 0.64 -9.57 2.03 182 288 301 303 208 
3.40 -9.85 -8.24 2.5800 -0.0400 -6.6300 2.0100 -0.6033 0.6311 0.65 -9.69 1.34 183 272 299 297 207 
-1.36 -4.29 7.25 -2.3500 3.7700 2.7200 3.5933 -1.3278 0.5844 0.18 -7.30 6.53 184 283 290 295 207 
-0.91 -6.00 13.56 -1.3000 0.2400 5.9900 -0.6800 0.4889 -0.6556 0.29 -6.50 7.33 183 289 291 291 206 
-0.89 -5.27 5.70 -1.5500 2.8400 -0.4500 -3.4589 -0.4744 -1.4456 1.24 -8.86 4.00 179 281 280 278 205 
0.85 -6.73 -4.74 -2.5500 3.0000 -6.0400 -0.7033 0.9700 -2.1422 4.16 -8.77 1.37 170 260 265 266 204 
4.79 -1.23 1.90 1.0600 4.9500 -2.1700 4.7956 4.6633 -2.7789 4.18 -3.67 8.07 176 282 287 296 206 
1.51 1.44 11.64 0.0100 0.4000 4.3100 6.7089 4.5633 0.4411 -0.96 3.18 9.22 184 334 307 341 204 
;
-1.27 7.75 7.11 -1.8600 4.4400 1.3100 1.4589 1.5789 -0.3822 -2.62 6.53 6.82 181 329 307 337 206 
-2.83 5.81 7.50 0.0500 0.1500 1.4600 0.0844 -0.4489 0.0033 -2.50 6.18 7.19 183 331 300 338 206 
-3.14 10.27 14.28 -0.3300 4.6000 6.1100 -3.5356 -2.1900 -0.2078 -0.19 4.20 8.85 184 327 306 327 207 
4.29 2.05 10.34 0.6800 1.1300 -0.5300 -4.7900 -3.1189 2.5500 4.70 -2.59 8.20 182 312 298 308 206 
2.94 -3.48 1.42 -2.4300 3.2700 -4.4600 -3.6833 -1.1611 2.4489 3.58 -8.42 3.51 180 278 273 277 206 
0.48 -6.87 -9.74 -0.2300 2.7800 -12.4600 3.3656 -0.2633 1.7622 0.83 -8.91 3.99 179 264 271 275 206 
-0.99 1.09 14.69 -3.8000 4.8200 12.9300 3.0422 -0.5211 -0.0756 0.93 -3.69 9.03 182 288 284 282 207 
0.60 -1.84 15.82 -0.1100 3.5600 5.4900 -4.9567 0.0822 -0.8589 0.93 -6.98 6.81 182 291 286 286 206 
1.03 -4.66 -6.54 0.2900 3.6500 -10.2300 -3.2833 -0.0044 -0.6033 1.76 -9.62 0.69 180 274 284 284 204 
4.83 -8.00 -6.46 2.7600 2.5900 -5.5600 4.9822 -0.9322 0.9200 1.53 -8.82 3.99 180 273 284 286 206 
-1.90 -4.26 15.48 -3.4700 1.6500 8.4500 1.6978 -0.3267 -0.1144 1.32 -5.75 7.83 181 280 284 283 206 
-0.07 -4.96 11.52 -0.4200 2.1300 2.4400 -3.4967 0.3289 -1.2400 1.70 -7.92 5.51 181 283 287 276 204 
2.57 -6.59 -3.56 -0.5300 2.5400 -6.0400 -2.5300 -0.4544 -1.3789 3.87 -8.97 0.77 171 257 259 249 203 
2.91 -4.34 -4.62 -2.0700 4.6900 -5.0100 3.8111 3.3022 -2.2644 5.71 -6.58 4.49 171 268 275 270 204 
0.42 2.09 10.29 -1.6800 3.7800 2.3900 5.2389 3.8200 -0.6867 -0.13 1.36 9.71 180 320 285 327 204 
;
-5.30 7.41 14.45 -2.8800 1.5500 5.8700 0.8433 1.2111 -0.1067 -2.99 6.17 7.00 182 336 294 338 205 
-3.05 5.32 6.64 -0.1000 -1.0300 -0.7000 -0.0911 -0.2856 -0.0167 -3.05 6.09 7.05 181 337 301 343 207 
-4.02 5.04 8.68 -1.5500 -0.8400 1.9100 0.0789 -1.1378 0.3789 -2.30 6.14 7.28 182 332 300 333 208 
-4.47 6.73 13.77 -2.5300 1.9400 5.2800 -3.8200 -2.5544 -0.2189 -0.70 2.95 9.32 183 328 301 318 208 
2.93 -0.87 6.31 0.7400 1.2800 -3.6200 -4.3056 -4.2833 2.0344 4.75 -3.91 7.63 172 305 303 302 206 
3.46 -3.45 -0.82 -0.8800 3.8300 -5.9800 -1.9222 -3.8267 2.8400 4.33 -8.56 2.01 161 256 256 254 206 
-0.80 -2.22 -1.59 -2.8400 6.2700 -2.7000 5.7956 0.1144 0.5467 2.34 -7.24 6.18 161 274 258 261 205 
-0.18 -6.55 18.93 -2.8900 -0.8000 10.2300 -2.4344 -0.1044 -0.5167 2.27 -6.78 6.70 162 282 268 267 204 
2.29 -4.58 -0.77 0.9100 3.7000 -4.7000 -4.1989 -1.0800 -0.3144 3.19 -9.23 0.78 159 278 270 266 204 
4.81 -7.54 -9.81 1.5900 2.0400 -8.4700 2.4578 -0.6333 0.7089 2.66 -9.42 0.40 164 267 255 260 203 
1.25 -3.77 8.11 -0.2000 2.8000 7.1500 4.0378 0.7333 0.1589 2.14 -7.15 6.34 174 279 263 265 203 
0.89 -6.75 13.53 -1.0700 1.0400 5.0200 -2.7767 1.6422 -0.6656 1.63 -7.69 5.85 176 284 270 268 203 
0.29 -5.67 -1.73 -1.9400 3.7000 -5.4800 -2.5911 0.3800 -2.5267 3.94 -8.85 1.50 170 251 260 256 202 
3.83 -3.30 -2.81 -1.7600 4.7300 -4.9900 3.3956 4.5489 -2.5367 5.68 -5.62 5.67 173 275 281 283 204 
2.77 3.08 11.71 0.3100 3.8900 2.3200 7.0478 5.3544 -1.0444 -0.56 2.61 9.43 183 325 305 335 204 
-5.76 5.89 12.54 -2.8900 -0.2300 4.1000 0.7967 0.2244 0.7778 -3.20 6.10 6.97 181 330 300 340 205 
;
-2.42 5.51 7.23 1.1200 -0.7000 0.1800 -0.2367 -0.0322 0.0011 -3.06 5.84 7.25 180 334 306 343 207 
-3.10 5.20 8.28 -0.1300 -0.6800 1.1500 0.1989 -0.3344 0.1600 -2.70 5.90 7.34 183 335 305 346 208 
-1.31 10.79 14.16 -0.1900 3.9000 5.8100 -3.2678 -3.1478 1.1856 1.51 4.80 8.41 183 318 312 319 208 
5.08 2.28 7.97 -0.4100 1.5100 -0.2800 -4.9978 -3.3822 3.3778 6.49 -2.56 6.88 180 290 273 287 207 
5.96 -3.30 -3.35 -0.1000 3.6200 -6.3300 -1.4833 -2.2400 3.2678 5.20 -8.11 1.80 177 259 254 264 204 
1.27 -4.01 -3.18 -3.3100 5.3300 -5.0600 3.6167 2.1600 1.4967 1.80 -8.41 4.70 176 270 258 272 204 
-1.54 -4.33 17.93 -3.4100 0.7000 11.7500 1.8200 0.2244 -0.1500 1.58 -4.51 8.55 180 282 266 279 205 
0.06 -3.51 11.81 -1.3100 2.8400 3.4900 -4.8333 1.0389 -1.2667 1.31 -7.64 6.00 179 286 269 279 205 
3.23 -5.46 -5.48 1.2000 3.6000 -7.7600 -3.6622 -1.0067 -0.9556 3.12 -9.28 -0.40 177 275 268 275 205 
5.21 -5.56 -6.73 2.3400 4.3600 -6.0100 5.3867 -0.3100 0.9833 2.28 -8.78 3.72 178 272 264 276 205 
-0.85 -6.16 17.91 -2.9900 0.0100 11.0600 0.7900 0.2867 0.1856 1.59 -6.07 7.53 179 278 270 276 206 
-0.15 -5.80 8.41 -2.1600 1.7300 1.0800 -3.6156 1.4678 -1.1078 1.49 -8.39 4.84 177 277 267 268 205 
1.55 -5.30 -3.62 -0.9200 3.9900 -6.2400 -2.0400 -0.5033 -2.3133 4.37 -8.72 0.97 170 249 251 248 203 
2.76 -2.62 -1.60 -1.1100 4.9600 -3.7700 4.1222 6.4367 -1.9122 3.95 -5.25 7.26 174 277 283 291 205 
;
