7.71 0.11 5.91 -0.1900 0.0000 0.0000 -0.0178 -0.0244 -0.0078 7.87 0.12 5.84 173 283 252 235 186 
7.85 0.00 5.61 0.1000 -0.0400 -0.1700 -0.0422 -0.0122 0.0344 7.92 0.06 5.77 172 282 250 236 185 
8.03 0.10 5.96 0.0800 0.1400 0.1900 -0.1300 0.0744 -0.0044 7.90 -0.04 5.80 174 286 252 237 184 
9.95 0.62 8.07 1.5000 1.0900 2.5400 -0.8011 0.2722 0.6189 7.61 -0.60 6.14 172 282 249 238 185 
7.39 -1.37 8.16 0.9900 1.6800 1.6800 -4.4489 -0.8322 1.7478 7.10 -5.58 3.80 171 294 250 242 186 
5.46 -5.87 -1.22 0.2100 1.6600 -3.3100 -2.5044 0.4911 1.9411 4.99 -8.43 0.35 174 302 250 251 185 
2.28 -6.72 -6.35 -2.4400 2.6200 -5.9200 2.1633 -0.0956 0.8067 3.24 -9.24 0.38 174 306 269 253 184 
2.31 -1.31 4.57 -1.4300 6.6200 0.0600 4.3578 -0.3422 -1.5256 4.43 -6.34 6.01 176 288 263 243 186 
7.33 -5.07 15.14 3.5300 -1.0600 8.2400 0.1033 -0.3811 -0.2911 5.24 -3.76 7.37 177 299 253 235 187 
4.98 -3.83 7.14 0.3100 2.5400 -0.3300 -4.3222 0.5589 0.7356 4.23 -7.38 4.86 177 306 266 252 187 
2.90 -5.75 -1.44 -0.6900 2.4700 -6.0500 -0.4311 0.4200 0.1311 3.45 -8.76 2.73 176 276 261 247 187 
3.52 -4.47 0.28 0.5500 3.7500 -2.0700 4.2222 -0.0744 -0.8422 4.38 -6.06 6.33 175 264 257 249 187 
6.46 -5.53 16.95 1.0300 -1.9400 9.0400 -0.3500 -0.5522 0.2433 5.18 -4.11 7.23 178 276 260 252 186 
5.41 -3.52 8.64 0.1100 3.2100 0.9500 -4.0856 -0.2822 1.1133 4.31 -7.51 4.59 175 285 265 254 187 
0.72 -5.14 -2.71 -2.6000 3.5700 -4.4300 -2.7111 -0.5644 0.5000 3.30 -9.20 -0.69 172 289 266 252 178 
3.61 -9.74 -3.02 0.0400 -0.7200 -1.7300 0.6144 0.0744 -0.3422 3.91 -8.97 -0.50 173 289 266 245 184 
1.63 -8.74 -3.15 -2.4700 0.7100 -3.3300 2.2689 -1.9189 -1.2322 4.86 -8.44 1.04 176 281 201 191 181 
3.36 -2.77 0.51 -4.6500 5.1500 -3.0900 4.0378 -1.9033 -2.8778 7.86 -4.21 4.07 159 299 173 160 171 
13.27 4.50 5.97 3.8000 3.6100 2.3000 3.5456 1.2756 -2.4344 8.31 2.60 4.49 147 312 184 171 175 
12.24 4.18 10.31 4.0900 0.6300 6.6800 0.1200 0.3689 0.9811 8.38 2.93 4.14 143 320 192 174 177 
7.87 2.19 7.64 -0.2700 1.0900 1.7500 -1.8833 0.6022 1.5133 8.06 0.20 5.57 146 332 191 178 175 
3.18 -1.04 4.67 -4.6800 0.5500 -1.2300 -1.5767 -0.5489 0.0311 7.79 -2.39 5.44 149 346 181 173 179 
7.90 0.66 -0.59 -1.9700 2.0000 -4.6600 -0.6467 -0.8089 -1.5822 9.02 -1.17 3.66 148 336 185 178 179 
10.29 1.99 0.07 2.7600 1.5900 -2.7900 0.4078 -0.4544 -1.5567 9.31 1.59 2.62 147 330 188 181 179 
12.12 2.10 1.37 0.5200 -0.8400 -0.0400 0.8711 -0.7756 -0.3711 9.24 2.90 1.49 146 327 190 182 176 
12.48 3.68 1.25 5.4500 -0.1300 0.4400 1.4600 0.0467 0.4556 9.15 3.40 0.86 146 336 185 184 180 
5.83 2.10 4.29 -3.7500 0.0300 2.6200 -0.4322 0.5311 0.5578 9.57 1.77 1.13 145 333 194 182 179 
9.06 1.40 0.83 -0.1000 -0.4500 -1.0100 -0.1967 -0.1578 -0.0989 9.45 1.84 1.83 140 337 188 183 179 
8.73 1.63 1.28 -0.8000 -0.4600 -0.7200 0.1856 0.3022 -0.5878 9.24 2.40 2.21 149 330 189 186 179 
17.10 2.92 3.48 7.9300 0.2100 2.7700 1.1467 0.3967 1.5100 9.28 2.20 2.26 146 333 192 185 181 
8.70 1.19 4.55 -2.4600 0.4900 0.8500 -0.5444 2.3633 1.3556 8.86 -0.39 4.16 147 340 193 189 181 
1.63 -0.12 2.78 -6.7900 1.2400 -1.6200 -1.0933 -1.3689 -0.8733 9.06 -1.10 3.57 149 350 195 187 180 
7.75 1.47 -1.40 -1.4200 1.4200 -3.4200 -0.2889 -1.1700 -1.6667 9.60 0.90 1.74 156 344 191 189 180 
11.56 2.44 -2.27 1.9500 0.3900 -2.9000 0.1322 -0.3800 -0.7622 9.53 2.28 0.13 146 334 188 188 182 
11.37 2.61 -1.34 1.9900 -0.4100 -0.3400 0.8367 -0.6911 -0.5911 9.13 3.37 -1.17 135 337 206 189 180 
13.73 4.30 -0.04 4.7000 0.8800 1.1300 0.9400 0.9522 0.6667 9.28 2.96 -1.07 133 340 194 190 179 
;
