3.62 1.79 8.60 0.2100 -0.2700 0.0900 0.1211 -0.2156 -0.2067 3.99 2.17 8.68 171 291 234 231 180 
3.55 2.14 9.64 -0.7100 0.2400 1.0700 -0.8367 -0.4700 -0.1467 4.41 1.58 8.61 172 294 244 232 178 
4.77 1.78 11.09 0.9800 1.7400 3.4000 -2.7467 -1.8356 -1.0344 6.17 -0.24 7.61 174 290 236 234 179 
9.47 -1.23 5.39 1.4700 1.0200 -0.2800 -2.5356 -3.0478 0.8633 8.60 -3.06 3.56 173 307 241 244 178 
10.94 -1.67 -0.96 0.0600 2.7800 -2.4000 -1.7178 -1.2889 2.4167 7.69 -6.07 -0.22 173 308 212 263 179 
5.24 -6.18 -3.32 -0.8100 1.8800 -2.1300 0.7933 0.5867 2.9933 4.55 -8.63 -0.92 173 298 250 264 180 
-1.27 -0.72 2.54 -4.7700 5.5900 0.8400 4.8211 0.7144 0.3000 2.86 -7.77 5.24 175 312 249 262 182 
2.58 -9.27 15.63 -0.5000 -2.1700 8.4500 -3.4544 -0.2178 -0.9222 3.42 -7.74 4.94 177 321 264 267 180 
4.94 -5.11 -3.55 1.9400 3.5600 -5.7800 -3.1944 -0.8300 -0.3100 4.55 -8.57 -1.38 174 317 275 268 180 
4.52 -5.17 -6.48 -0.4700 4.9800 -5.7000 4.4978 0.1911 0.5089 3.89 -8.79 1.92 177 308 253 269 180 
-1.18 -2.71 10.79 -2.6000 2.3700 6.1400 3.9722 -1.0856 -0.4867 3.43 -4.89 7.77 179 306 266 266 182 
6.36 -5.27 14.70 0.1100 -1.0900 5.4900 -1.7822 0.7567 -0.1367 3.83 -4.70 7.70 180 309 268 266 182 
3.96 -4.64 7.61 0.6300 3.0100 0.8000 -4.0911 -0.2589 0.2344 3.48 -8.06 4.36 177 304 239 258 181 
1.11 -4.26 -4.31 -2.8800 4.2600 -4.1000 -3.1289 -2.5011 -0.8878 4.49 -8.30 -2.66 170 284 247 237 179 
7.74 -9.77 -3.68 2.6000 -4.7200 -1.2300 0.5311 -0.9233 -1.0878 5.69 -7.43 -2.90 171 294 183 185 169 
7.20 -7.48 -6.47 4.0100 0.7800 -3.1100 2.2767 -4.9011 -0.3844 3.46 -7.71 -4.96 142 281 162 163 153 
1.32 -6.05 -2.90 -0.8900 4.4800 -1.7200 5.8922 -0.6378 -0.1100 1.93 -9.48 1.55 138 276 157 166 158 
0.17 -4.06 12.98 -0.5700 2.1000 3.1800 -2.8378 -0.3089 0.5322 1.73 -9.32 2.48 138 270 163 171 157 
-1.90 -8.37 4.46 -4.8200 1.1500 2.5600 -3.3522 3.0800 -1.7100 2.80 -9.38 0.47 154 317 168 175 163 
6.91 -6.84 -3.83 0.9200 0.6200 -2.1300 -1.3433 -1.2789 -2.0200 6.10 -7.15 -2.78 151 325 181 180 167 
9.03 -5.92 -4.12 1.1300 1.1600 -0.6000 3.2256 -0.6633 0.7933 6.02 -7.69 -0.82 133 344 176 192 168 
7.12 -6.73 5.59 2.0200 1.3500 3.6000 -1.7889 1.4556 -0.0889 5.77 -7.89 -0.73 162 356 196 195 169 
7.92 -6.68 -7.80 1.9200 0.9500 -5.7800 0.0167 0.9844 0.2333 6.07 -7.32 -2.36 167 356 195 196 169 
2.39 -4.00 4.88 -5.7900 1.9700 9.1600 0.4600 -2.1789 -0.1989 5.77 -7.92 0.20 169 350 208 203 170 
4.03 -7.51 1.37 -2.8800 0.4100 1.9400 -1.2244 1.1444 -1.2067 6.83 -7.03 -0.15 167 344 214 206 169 
;
