4.38 2.50 8.39 0.0200 0.0200 -0.0200 -0.0044 -0.0189 -0.0056 4.41 2.46 8.40 182 265 267 256 186 
4.42 2.49 8.41 0.0000 0.0400 0.0000 -0.0067 -0.0067 0.0000 4.40 2.46 8.40 183 268 267 253 184 
3.21 2.82 10.34 -1.1400 0.7200 2.5600 -1.0300 -2.0333 0.4256 5.34 1.95 7.98 182 265 260 252 187 
11.46 0.49 6.94 3.1100 1.6900 1.7100 -4.6667 -3.1956 2.1644 8.83 -3.17 2.82 179 286 252 252 185 
6.16 -4.47 -3.92 -0.7500 2.6300 -3.3500 -2.2533 -0.1400 2.5489 6.70 -7.12 -0.69 175 308 268 247 186 
-0.76 -5.03 -7.14 -4.9400 3.7200 -6.3300 2.6278 0.5978 0.5567 4.59 -8.55 1.39 178 288 272 263 184 
7.18 -3.69 16.10 2.9000 1.7600 13.9700 2.6456 1.2344 -0.6011 4.81 -5.46 6.56 182 314 262 255 185 
4.35 -6.35 4.70 -0.1600 1.0500 -1.6600 -3.8267 -0.7989 0.2278 5.09 -7.93 2.70 179 305 277 259 185 
1.25 -5.01 -7.84 -3.8300 4.0600 -9.2000 3.9156 -0.0456 -0.2100 4.59 -7.62 4.10 179 275 255 264 188 
9.55 -0.09 17.93 4.0300 2.2500 11.8700 2.4478 -0.0211 -0.7367 5.56 -2.43 7.70 3 311 280 262 187 
6.56 -1.89 11.50 0.5700 2.2000 3.0700 -4.3356 -0.3822 1.1344 5.38 -6.06 5.51 169 311 284 268 187 
1.17 -2.60 -0.99 -3.2800 3.9300 -5.2400 -3.4044 -1.1367 0.6589 4.29 -8.80 -0.42 178 309 254 257 187 
5.13 -9.38 -3.78 1.5100 -1.4200 -1.4700 0.5500 0.2533 -0.8678 5.21 -8.22 -1.13 172 309 263 270 187 
5.18 -8.58 -0.48 -0.0100 0.0000 0.2800 0.4044 0.1167 0.0844 5.23 -8.28 -0.40 174 298 264 257 184 
2.60 -6.54 -3.45 -2.9000 2.2800 -3.5100 1.5444 -2.6178 -1.7156 6.36 -7.44 -0.48 177 258 242 247 185 
7.68 -6.79 1.40 0.0400 0.0500 0.9800 -0.0844 -1.4633 0.0544 7.07 -6.77 -0.43 174 246 228 220 179 
1.62 0.85 -4.64 -1.7700 4.0800 3.2300 -4.3667 -6.2911 -2.5767 2.89 -2.23 -9.09 173 226 218 204 158 
3.70 0.15 -20.75 2.4000 -1.4100 -11.1600 -0.7056 -0.0600 -0.4578 -0.20 1.98 -9.60 174 238 221 213 144 
2.77 -1.54 -19.12 2.6400 -1.8400 -9.8200 4.2389 2.8989 0.0333 1.81 -1.48 -9.52 180 276 234 243 173 
2.80 -1.26 -6.24 -3.1000 4.2600 0.8600 3.9544 1.5578 1.4878 4.42 -7.23 -4.91 180 305 260 273 181 
1.96 -1.70 0.14 -2.7600 6.0100 2.6600 0.2511 0.8956 0.2122 4.29 -8.48 -2.39 182 315 268 285 182 
6.34 -7.82 -2.52 3.0200 -0.4000 -0.8900 -1.4389 4.0056 -0.4233 5.38 -7.98 -1.84 180 310 191 193 174 
-1.77 -6.48 -3.94 -7.9600 3.0400 -5.5500 -0.7544 6.5700 0.3733 2.46 -8.90 3.28 174 318 150 163 172 
3.13 -5.48 3.71 2.7500 2.8900 0.4500 2.6311 0.1778 -1.9822 3.64 -7.06 5.74 174 324 153 161 163 
11.73 -10.91 11.30 6.2000 -7.1100 3.2500 1.5900 -1.0056 0.6278 4.89 -4.45 7.23 170 325 156 166 161 
4.67 -7.91 10.30 -0.8400 -1.7900 3.8700 -1.1000 0.0578 2.8667 3.51 -6.45 6.49 141 326 157 167 158 
-0.93 -6.13 6.63 -2.7700 2.1500 1.4200 -1.8789 0.9811 0.6078 1.33 -8.62 4.47 166 334 161 174 163 
-0.59 -4.26 3.88 -1.4300 5.5600 0.6700 -0.9011 1.5756 -1.1389 1.31 -9.29 2.82 160 327 159 174 162 
3.13 -1.89 1.08 1.2300 6.7500 -2.5300 1.4467 1.2300 -2.3144 3.04 -8.50 3.81 168 327 163 178 157 
10.77 -11.76 5.26 6.6700 -7.7300 1.6700 1.6044 0.1889 -0.9744 4.88 -6.18 5.83 176 323 176 183 165 
5.94 -8.53 5.51 0.9900 -1.2800 -0.7400 0.8022 0.2356 1.6622 3.74 -6.46 6.35 171 284 216 217 177 
;
