2.55 3.01 8.81 0.0900 -0.1500 -0.1000 0.0600 0.0600 -0.0256 2.43 3.20 8.94 173 278 242 252 188 
2.60 3.22 8.79 0.1600 -0.0300 -0.1800 0.0767 -0.0767 0.0656 2.48 3.29 8.89 175 278 237 247 187 
2.48 3.51 9.27 -0.2200 0.0600 0.4300 -0.0033 -0.7000 -0.0222 2.98 3.42 8.69 173 277 245 248 188 
3.30 3.06 8.83 0.0300 -0.2300 0.1400 -0.1089 -0.3544 -0.0400 3.33 3.26 8.62 173 277 242 244 187 
3.46 3.17 8.99 -0.2700 0.0100 0.4700 -0.4289 -0.5311 0.0733 3.84 2.80 8.57 171 273 240 240 186 
8.01 4.26 13.72 1.4900 2.7600 4.0400 -3.9267 -3.8733 2.8456 6.75 -1.74 6.89 172 276 228 240 185 
2.94 -3.37 3.16 -3.3500 2.2100 -1.6300 -4.1722 -0.2956 1.8344 5.71 -7.69 2.08 174 276 243 234 185 
2.01 -6.05 -5.01 -2.4200 2.3400 -5.5300 -0.3422 0.4233 0.9522 4.01 -8.94 0.21 174 284 267 253 186 
-0.60 -2.73 -0.73 -4.4000 5.7200 -3.5900 5.9744 0.6311 -1.7600 4.68 -6.43 5.72 4 282 258 251 189 
10.85 -4.55 17.84 4.4900 -0.3400 10.4500 -1.2333 0.2833 0.3056 5.08 -4.62 6.99 186 285 270 244 187 
4.39 -4.26 4.17 0.0700 3.0100 -2.7600 -4.4200 -0.4700 0.7078 4.56 -8.24 2.71 176 283 264 247 183 
2.66 -6.48 -6.97 -1.0600 2.4300 -8.4900 2.2167 -0.1311 -0.0111 4.04 -8.48 2.78 170 273 265 251 188 
5.12 -1.98 10.02 0.6400 3.5300 4.7800 3.8389 0.3556 -0.6144 4.68 -4.45 7.37 182 278 264 251 189 
7.10 -4.23 14.06 1.7700 0.1600 5.9300 -2.6867 -0.4733 0.6589 5.15 -5.38 6.37 170 291 268 251 188 
2.10 -3.61 1.67 -2.5900 4.2700 -3.1700 -4.4278 -1.4589 0.8533 4.29 -8.66 1.64 175 283 267 232 187 
3.40 -7.65 -5.60 -0.0500 0.9100 -4.2500 0.2289 0.5378 -0.8333 4.74 -8.58 -0.18 174 273 244 223 183 
7.03 -7.82 0.76 2.0100 0.8400 -0.0100 -1.0600 2.0767 1.9178 3.15 -9.27 0.40 147 208 194 206 187 
-2.26 -8.38 -0.47 -4.8400 1.9300 0.4600 -1.5878 -0.6656 2.3767 -1.02 -9.65 -1.34 131 191 176 188 171 
-2.36 -8.72 -2.83 -2.0100 1.0300 -1.5800 -0.7656 -2.3267 -1.8089 -0.43 -9.45 -2.56 125 191 171 183 168 
4.55 -6.83 -5.41 1.5800 2.8700 -2.3400 0.5700 -6.1122 -3.7756 2.91 -8.71 -3.42 121 185 172 186 165 
3.62 -7.06 -6.29 -0.1200 2.7700 -1.4400 1.1822 -4.7556 -3.7278 3.96 -7.19 -5.35 128 190 176 191 165 
7.75 -6.32 -5.77 3.8400 -0.1300 -0.3800 -0.5567 0.5478 0.0578 4.46 -6.38 -5.95 144 197 174 197 172 
9.37 -5.55 -5.65 4.0300 1.4000 -0.4300 -0.5933 5.3489 3.2289 5.14 -7.54 -3.58 159 227 224 222 174 
1.73 -7.96 -4.47 -2.4000 0.7600 -2.5900 -1.0400 3.6844 2.0456 2.93 -9.27 -1.25 168 289 262 259 180 
1.32 -8.95 -5.82 -0.4400 0.5500 -2.9600 0.3578 0.9289 0.4544 1.91 -9.47 -1.62 168 296 276 268 185 
0.19 -7.86 -5.86 -1.8300 1.9200 -5.5300 3.4756 -1.0100 -0.6733 2.36 -9.43 1.24 169 293 274 270 178 
1.78 -1.59 3.39 -1.5000 6.4000 -2.5200 5.9778 2.1678 -0.1756 1.33 -5.21 8.19 171 290 276 267 186 
2.17 0.68 15.76 0.2200 2.6300 8.0100 1.8000 0.6333 0.0967 -0.15 0.69 9.78 178 295 273 266 182 
-0.74 0.14 12.26 -1.0100 -0.8700 1.7300 -0.3111 0.0367 -0.2956 -0.02 0.73 9.77 179 295 285 265 186 
-0.08 0.26 9.59 0.0700 -0.3100 -1.1100 -0.1344 -0.3456 -0.3111 0.09 0.52 9.79 176 274 272 253 185 
;
