1.15 4.35 8.72 0.0100 0.0900 0.0100 0.0033 -0.0356 0.0111 1.18 4.26 8.74 182 335 357 372 215 
1.31 4.40 8.68 0.0100 0.1600 -0.0600 -0.0144 0.0300 0.0056 1.19 4.25 8.75 180 333 357 370 217 
1.17 4.31 8.73 -0.0600 0.0600 0.0000 0.0122 -0.0022 0.0044 1.20 4.25 8.75 181 336 353 372 216 
1.24 8.09 12.74 -0.3500 4.1900 4.2100 -0.5078 -0.8522 1.4733 2.28 4.04 8.63 185 334 339 320 216 
5.18 4.19 13.67 -1.6200 3.3200 3.1400 -5.6011 -3.0556 4.1822 6.05 -3.42 6.90 183 324 315 298 215 
1.18 -3.67 -1.42 -3.0000 3.7700 -5.9700 -2.6478 -1.8811 2.1289 4.05 -8.76 1.69 186 320 329 324 216 
-0.23 -1.48 -4.87 -3.9500 8.8600 -5.9100 6.5078 -1.4689 0.2700 2.62 -7.22 6.08 186 346 342 344 216 
-0.26 -4.25 24.51 -0.7800 1.0900 12.2300 -3.7711 0.8944 -1.1700 2.21 -6.17 7.28 189 352 336 326 216 
3.57 -3.82 -1.78 1.5000 4.0300 -6.8400 -4.1067 -0.6111 -0.5900 2.59 -9.35 1.36 188 332 331 323 216 
4.71 -5.92 -7.89 1.9200 4.2800 -7.8400 4.8200 0.0333 0.5989 2.42 -8.88 3.37 187 325 335 325 216 
-1.27 -2.12 23.01 -5.3900 2.6100 16.1900 1.9344 0.2000 -1.0067 2.52 -4.36 8.41 188 309 290 292 217 
5.56 -2.78 8.84 1.9600 1.9500 -0.8500 -2.3456 -0.5511 -0.6322 3.82 -5.70 7.00 189 277 294 268 214 
1.38 -5.38 -1.89 -3.4400 1.0300 -7.8400 0.4356 -3.1900 -1.4878 6.54 -5.85 4.35 183 196 169 177 205 
9.44 3.61 -2.05 1.2700 4.9700 -6.0900 4.3367 -2.6078 -3.0756 9.42 0.27 2.71 186 160 148 165 191 
19.35 8.81 7.32 4.6100 6.9200 5.7500 2.9733 1.4444 1.6500 9.46 1.41 2.15 186 159 152 172 191 
2.47 1.34 3.02 -6.4400 0.4700 0.7400 -0.0422 0.4033 -1.1644 9.38 1.50 2.41 189 163 156 175 190 
8.87 1.13 2.36 -0.9600 -0.2800 -0.3200 -0.2867 -0.0756 0.2622 9.36 1.32 2.57 186 166 157 176 189 
;
