2.05 3.11 9.08 -0.1500 0.0300 0.0100 0.0422 -0.0411 0.0689 2.19 3.12 9.03 181 318 319 340 221 
2.61 3.08 9.08 0.3000 -0.0800 -0.0900 0.0844 0.0700 0.0833 2.28 3.17 8.99 181 319 324 341 220 
2.57 3.11 9.51 0.2700 -0.2400 0.6100 0.8089 0.1811 0.0600 2.18 3.67 8.82 184 322 324 355 221 
8.55 9.07 16.47 7.5000 5.0900 7.9600 -2.8133 -3.6789 2.4344 5.94 1.95 7.54 187 328 329 328 219 
4.14 2.74 5.19 -3.8300 5.8600 -2.2500 -5.3167 -0.4289 4.3556 5.59 -6.74 4.40 186 331 323 342 218 
-0.37 -6.45 -9.79 -3.9800 1.7700 -11.2200 0.2678 -0.4922 1.3611 2.61 -9.37 1.23 183 316 319 332 219 
7.52 7.63 10.48 3.1100 14.2700 8.3300 6.0256 0.5456 -0.8311 4.16 -3.49 8.16 183 330 320 322 218 
7.35 0.59 12.84 2.8100 5.3000 4.0500 -5.3689 1.1633 0.7356 3.35 -6.84 6.16 179 311 329 319 218 
1.69 -8.52 -11.01 0.1800 0.2000 -13.4300 -0.8522 0.2322 -0.7300 2.80 -9.29 1.41 173 295 323 318 219 
3.32 -1.31 3.79 -1.0000 8.7800 3.8100 6.8000 0.3100 0.0589 2.70 -6.14 7.15 177 314 321 316 219 
0.03 -1.42 10.00 -4.6600 2.0600 -0.9300 -0.5944 -2.4967 -2.5811 6.10 -3.72 6.71 179 299 275 278 217 
6.35 2.29 -5.45 -1.2300 4.4100 -4.6600 -2.5711 -8.2889 -4.1467 8.32 1.38 -4.99 181 285 227 241 208 
23.77 7.17 -14.64 14.2800 2.1300 -7.5600 0.6133 -0.7567 0.4222 5.00 4.43 -7.17 183 269 229 243 202 
7.77 1.96 -13.28 3.5900 -0.8800 -4.5900 2.9233 -0.5144 1.1489 4.19 1.09 -8.79 181 278 236 248 204 
6.06 0.44 -11.00 1.3300 3.4000 -2.3400 3.7056 0.8133 1.6411 4.11 -4.71 -7.54 185 308 257 264 206 
2.89 -2.13 -3.02 -2.3500 6.2500 1.3700 2.6022 2.2189 0.8233 4.95 -8.30 -1.62 192 369 343 359 214 
2.26 -4.12 -0.08 -1.6600 3.5400 0.2700 0.1333 0.2344 0.2178 4.68 -8.61 -0.01 190 364 344 362 216 
3.81 -6.89 0.95 -1.2500 2.0400 0.7800 -0.2033 0.7333 -0.3922 4.79 -8.55 0.16 190 344 329 325 215 
6.99 -2.77 -0.05 0.8500 4.7500 -1.7300 -0.4656 7.0600 -2.3156 6.38 -6.61 3.40 184 285 271 267 212 
-2.04 0.48 1.14 -4.8700 5.2600 -4.3400 2.3556 1.7533 -6.1956 5.74 -1.21 7.85 188 296 287 291 216 
;
