0.25 6.27 8.16 -0.9100 0.0300 0.5100 -0.4111 -0.7867 0.1333 1.58 5.94 7.63 201 342 339 329 237 
2.08 5.61 7.07 0.5400 -0.2000 -0.6400 -0.0333 -0.1789 -0.2233 1.83 5.75 7.72 202 342 340 329 236 
0.78 5.85 8.49 -1.0000 0.5800 1.1000 -0.3578 -0.9611 0.1578 2.25 5.49 7.80 200 338 317 294 233 
2.80 7.62 14.61 -0.3000 3.8700 6.1400 -4.2700 -0.1189 -0.3267 2.62 1.78 9.27 203 338 322 309 232 
2.87 0.06 7.81 -0.3300 3.3900 -1.3400 -5.7600 -0.5089 0.8311 3.02 -6.40 6.78 203 335 328 323 232 
4.68 -5.46 -2.09 1.1800 3.0300 -4.8800 -2.1067 -1.6067 0.4589 3.10 -9.21 1.24 201 342 333 339 233 
4.60 -9.21 -8.12 0.9600 1.3300 -9.0700 4.6056 -0.6000 1.4300 2.11 -9.06 3.07 206 336 339 348 235 
-0.96 4.52 15.74 -2.3400 6.5400 11.1800 4.6367 -0.3367 -0.5133 1.85 -2.66 9.25 204 342 347 341 231 
2.73 -0.39 12.53 0.5100 3.7700 1.0500 -5.4433 -0.3900 -0.4111 2.36 -6.64 6.81 205 343 334 343 233 
2.78 -8.23 -4.80 0.7500 -0.3800 -8.6400 -0.9867 -1.2344 0.4233 2.64 -9.20 2.11 203 321 341 340 231 
1.91 -4.41 -0.74 -1.3100 5.8900 -3.4000 5.9111 1.5322 -0.5633 2.41 -6.54 6.88 206 328 345 338 235 
2.78 -0.02 17.96 1.2400 2.2300 9.1700 0.4189 -1.0300 -0.8456 3.39 -2.23 8.92 193 324 319 307 230 
9.03 -4.25 10.60 5.0100 1.8000 2.5500 -6.3122 0.2611 1.2544 3.01 -7.84 5.05 127 221 200 243 221 
0.03 -6.02 -1.02 -3.2400 2.0500 -1.8700 -3.0100 0.2667 2.2411 -0.02 -9.62 -1.85 119 214 206 229 217 
-2.52 -8.46 -2.62 -2.4600 0.7200 -0.0500 -0.1700 -1.4944 -0.3744 -0.80 -9.37 -2.76 123 217 204 230 214 
-0.37 -5.68 -11.13 0.0200 5.4200 -8.2700 2.2789 -12.0122 -7.5378 3.26 -8.56 -3.48 129 219 209 223 209 
7.65 -5.54 -8.08 4.9400 2.0200 -2.5800 0.5700 -1.6544 -1.3000 2.49 -7.89 -5.25 133 227 217 229 210 
6.06 -7.21 -5.06 3.1500 1.3600 0.3900 -0.3111 2.0844 0.0944 3.23 -7.81 -4.96 154 246 233 241 213 
6.93 -3.70 -3.90 1.1400 3.7700 -1.5500 -1.3600 10.6678 -0.6578 6.82 -7.00 0.66 181 267 267 272 221 
-3.71 -4.76 -0.39 -5.5600 2.8700 -4.8100 5.8478 3.3489 -0.8267 0.07 -3.41 9.19 190 291 299 303 224 
-0.41 2.53 12.51 0.6000 2.5000 3.5500 4.3689 -1.4411 -1.0278 -0.38 3.45 9.16 202 304 333 325 229 
;
