4.12 2.28 8.46 -0.0400 -0.0300 -0.1000 0.0233 0.0133 -0.0256 4.13 2.35 8.57 174 270 248 248 190 
4.23 2.43 8.58 0.0500 0.0400 0.0000 -0.0300 0.0200 0.0078 4.11 2.35 8.58 175 270 249 249 191 
2.78 2.21 9.56 -2.8000 -0.0900 2.4100 -0.1311 -2.3922 -0.0122 5.15 2.23 8.03 176 271 246 248 190 
13.56 3.75 8.09 4.0000 2.5200 1.9700 -5.0900 -2.8689 2.8689 8.87 -2.77 3.10 174 273 239 243 189 
6.91 -3.04 -2.38 -2.1200 3.2500 -2.7400 -2.7122 -0.6389 2.6189 7.04 -6.64 -1.54 172 293 236 222 191 
1.22 -5.56 -6.74 -4.7200 2.2800 -4.2400 1.4822 2.2444 0.8400 5.31 -8.19 -0.85 170 286 259 229 191 
-0.11 4.96 4.36 -5.3900 12.0000 0.1400 4.6611 0.6689 -0.6744 4.64 -3.93 7.69 175 300 262 242 192 
4.74 -5.19 15.20 1.3000 -1.7200 5.8500 -2.6156 0.2389 0.0411 4.41 -4.11 7.72 179 304 263 241 192 
2.28 -2.85 4.16 -1.8800 4.4700 -0.9500 -5.0244 -1.5567 0.1633 4.41 -8.16 3.15 177 302 261 241 195 
4.90 -7.01 -7.51 -0.5900 2.0300 -8.4800 1.1578 -0.0567 0.0033 4.62 -8.63 0.51 174 267 259 247 191 
3.91 -3.17 3.11 0.4600 3.9100 1.6500 5.2133 1.0822 -1.0400 5.06 -5.99 5.87 178 278 252 255 195 
6.92 -4.81 17.56 1.6800 -0.3700 9.5500 -1.0089 0.2967 0.1478 4.89 -4.49 7.21 179 294 255 254 191 
4.07 -3.41 6.19 -2.0100 3.3300 -0.2000 -4.1156 -2.5867 0.6744 5.55 -7.71 2.43 177 298 248 258 193 
2.84 -6.49 -6.26 -1.8800 1.2900 -4.5900 -1.2611 -0.7100 -0.4367 5.56 -7.75 -2.24 164 291 260 257 192 
8.01 -9.04 -2.07 0.6500 -1.2500 -0.0500 0.7222 -0.4133 -0.2067 6.12 -7.48 -1.62 181 284 250 254 190 
1.17 -4.53 -3.36 -6.0800 3.3800 -0.4500 0.7878 -4.6400 -2.6622 6.37 -6.11 -4.25 177 249 252 250 188 
3.72 -1.98 -2.55 -0.0200 2.1600 5.2400 -4.3344 -5.5000 -2.4322 1.82 -1.16 -9.56 177 221 211 217 174 
-0.81 7.78 -13.11 3.5700 6.6400 -6.2000 -2.7456 0.3311 0.8678 -0.36 3.52 -9.14 177 238 221 225 174 
0.76 3.63 -9.79 1.3900 0.6900 0.4100 1.0478 1.2256 -0.1911 0.50 2.64 -9.42 178 242 217 215 174 
5.26 3.22 -15.62 4.3700 1.0100 -5.9700 2.5456 4.7222 1.3000 5.69 -0.44 -7.96 181 283 192 189 173 
4.02 -0.76 -2.54 -4.5400 3.8200 -2.9000 -2.0578 9.9678 3.9622 7.07 -5.94 3.28 175 325 164 178 176 
0.55 -3.35 1.73 -1.3000 4.9700 -3.8000 0.1611 2.5667 -0.3300 2.11 -7.77 5.58 179 318 157 174 176 
1.94 -3.75 4.18 -0.3000 3.3000 -1.6600 1.6267 -0.4322 -1.5122 3.08 -6.50 6.65 176 292 150 165 170 
9.83 -7.93 11.31 5.2900 -4.8300 4.3400 1.9689 -0.8633 0.5667 4.45 -3.43 8.03 177 303 154 162 161 
5.00 -7.94 11.35 -1.0200 -2.5800 2.7700 -0.9578 -0.5011 2.4022 4.31 -4.98 7.25 181 299 151 166 157 
1.14 -4.80 8.32 -2.4700 1.7400 2.3000 -1.6822 0.5956 0.5967 2.65 -7.47 5.76 179 296 149 166 162 
0.06 -3.53 6.84 -1.5200 4.8200 1.8100 -1.7089 1.1467 -0.5500 2.25 -8.70 3.91 180 299 156 165 159 
1.86 -3.96 1.25 -1.1300 4.6300 -2.2500 0.3167 1.5611 -1.9611 3.31 -8.43 3.74 180 304 158 163 160 
9.10 -7.15 3.61 3.7900 -1.3800 -0.7800 1.5400 0.8756 -1.4800 4.60 -6.47 5.73 178 301 158 167 161 
6.85 -10.05 8.33 2.2400 -3.7900 2.0200 0.0878 -0.1122 0.4167 4.81 -5.65 6.40 179 303 155 169 164 
;
