5.71 2.78 7.15 -0.2200 -0.0400 -0.1600 0.0011 0.0411 -0.0356 5.91 2.83 7.29 180 273 267 242 190 
6.04 2.93 7.35 0.1400 0.0700 0.0500 -0.0044 -0.0156 0.0089 5.88 2.86 7.29 180 275 261 244 191 
5.84 2.81 7.37 -0.0800 -0.0400 0.0900 -0.0322 0.0022 0.0133 5.88 2.84 7.30 180 273 269 242 189 
5.72 2.85 7.49 -0.2000 0.0600 0.3500 -0.0900 -0.3622 -0.0144 6.05 2.80 7.18 181 273 264 244 189 
8.30 5.39 13.05 2.5100 3.7900 5.9900 -4.1522 -3.4867 1.4833 8.06 -0.05 5.57 180 276 254 243 190 
7.54 -1.92 3.67 1.2500 1.8800 0.4500 -5.0000 0.4778 2.1867 7.95 -5.43 1.84 178 290 251 242 189 
5.54 -3.90 -5.88 -1.7600 2.9100 -6.3400 -0.9222 0.3200 2.0022 5.87 -7.82 -0.72 180 294 258 259 189 
0.28 -0.07 -4.72 -5.5500 9.8200 -6.6600 7.5233 0.1144 -1.0478 5.58 -5.50 5.88 181 301 260 235 187 
7.57 -2.70 24.76 3.7900 -0.8900 15.9900 -2.8022 -0.6611 -0.0433 6.16 -3.20 6.92 181 315 261 234 190 
6.00 -1.51 2.33 -0.0400 5.3100 -2.0500 -5.8378 0.0189 1.3022 5.29 -8.11 1.50 184 308 249 247 190 
4.21 -6.48 -9.50 -0.4400 2.6600 -8.8800 1.9733 0.3511 -0.1200 4.80 -8.53 0.37 182 290 249 255 190 
3.58 0.30 3.54 0.1400 7.4300 3.1900 5.6622 0.0200 -0.9589 5.62 -4.92 6.34 183 296 247 254 189 
11.55 -3.00 13.95 3.7200 0.1800 7.4100 -0.5344 0.7800 0.6722 6.10 -3.19 6.97 183 299 247 257 192 
6.17 -2.53 8.89 0.0300 2.9500 1.7200 -4.2422 -0.0756 0.9800 5.42 -7.00 4.20 179 299 250 253 189 
3.27 -4.44 -1.10 -1.4800 3.4300 -2.4500 -3.5000 -1.1200 0.6822 4.47 -8.65 -1.08 180 298 254 253 189 
3.72 -7.97 -5.07 -0.5500 0.2400 -2.6900 0.9689 0.2356 -1.5167 5.37 -8.02 -1.71 174 294 253 252 188 
5.52 -7.95 -1.90 1.5000 -0.7100 -0.0900 1.0067 -0.6733 -0.8822 5.94 -7.68 -1.29 181 280 244 242 190 
4.18 -4.46 -3.31 -2.5000 2.7700 -1.1700 0.8244 -2.8556 -2.3644 6.77 -6.44 -2.95 179 247 243 233 185 
1.82 2.62 -4.18 -0.9000 7.3000 1.2100 -4.4411 -6.3022 -3.2889 2.42 -0.87 -9.46 177 234 194 200 170 
4.12 2.43 -16.36 -0.8400 0.9800 -7.2000 -1.6178 -1.0489 -0.2489 -0.48 2.84 -9.37 177 242 213 211 172 
3.78 -0.20 -17.44 3.2600 -1.6900 -8.0800 3.5767 1.8589 0.8500 1.41 0.10 -9.70 182 292 236 230 181 
3.87 -1.78 -9.73 -0.2200 2.7900 -0.7700 3.7544 2.0356 1.6122 4.57 -6.01 -6.24 182 301 250 257 188 
3.75 -3.41 -3.76 -1.0900 4.2100 0.2000 1.6733 0.6533 0.8278 4.14 -8.46 -2.69 185 308 259 267 185 
1.32 -2.50 1.04 -2.6900 6.1400 1.9400 0.6367 0.5000 -0.2244 3.89 -8.96 -0.86 183 314 259 260 188 
4.21 -5.91 -1.23 0.2500 1.8800 0.3100 -1.3600 0.0467 -0.3789 4.71 -8.37 -1.95 182 286 255 245 187 
9.12 -8.79 -4.06 1.3100 -0.5100 -1.4600 -1.9789 2.5656 1.0044 5.38 -7.68 -2.85 181 244 238 229 186 
9.32 -10.45 -4.93 2.4100 -3.3900 -1.9500 0.1956 3.3489 -1.2500 7.20 -6.31 -2.12 162 233 222 216 185 
6.35 -10.31 -3.51 2.1100 -2.4100 -2.7200 4.9356 1.4067 -0.1967 7.43 -5.60 3.09 178 270 243 229 187 
4.47 0.51 4.10 -2.2000 5.2600 -0.9000 2.7233 -2.6289 -0.0144 7.68 -3.65 4.87 182 290 255 244 189 
8.07 2.33 5.34 -0.1900 4.6500 1.0200 -0.0911 -0.4789 -0.5800 8.73 -2.52 3.67 180 287 248 245 187 
10.45 0.70 1.46 1.9800 3.1500 -0.5100 -2.9344 -0.0200 0.6844 8.90 -3.54 2.09 177 252 227 235 182 
5.91 -5.51 -1.02 -3.1300 -1.0000 -1.4600 -2.5644 0.4778 0.2900 8.32 -5.14 0.67 175 239 213 217 175 
9.43 -8.13 -1.96 1.0700 -3.0400 -1.7500 0.2389 0.1189 -0.2922 8.50 -4.88 0.07 177 247 229 226 177 
;
