5.25 2.21 8.05 -0.0200 -0.0500 0.0000 0.0056 0.0033 -0.0089 5.22 2.24 7.98 178 310 332 345 217 
5.16 2.29 8.02 -0.0600 0.0300 0.0000 0.0056 0.0356 -0.0044 5.18 2.25 8.01 176 312 331 344 217 
5.33 2.93 10.37 0.4200 1.1800 4.0700 0.7144 -2.9256 1.0322 6.35 2.73 6.95 181 319 321 321 219 
10.33 3.05 9.78 1.4900 3.2500 3.3100 -3.4922 -0.3133 3.7878 7.51 -3.03 5.51 182 333 331 324 218 
2.55 -3.77 0.51 -2.2400 3.9200 -3.2900 -3.6033 -0.2600 2.1078 4.31 -8.35 2.76 183 335 339 328 218 
0.46 -7.84 -7.28 -1.9200 1.2300 -10.3600 2.2578 -2.0700 0.9000 2.65 -9.37 1.13 184 307 337 338 217 
4.24 1.73 17.98 0.7000 7.0300 13.3100 3.2967 0.0989 -0.1111 3.12 -5.70 7.33 184 331 348 338 218 
2.84 -2.97 9.35 -0.1000 4.3700 0.1200 -5.1133 0.2800 -0.5256 3.18 -8.58 3.51 183 327 346 338 218 
4.27 -7.92 -6.80 0.9600 1.1300 -7.9900 -0.2778 -0.1756 0.1178 3.47 -9.16 0.27 185 324 342 341 218 
2.95 -2.81 1.08 0.0500 5.5400 -0.7400 6.9067 -0.5622 0.2633 3.35 -6.49 6.53 185 335 347 334 219 
1.40 -4.89 12.70 -1.3400 1.6000 2.9100 -2.3378 -0.5856 -0.6822 3.70 -6.82 5.98 185 322 323 296 216 
1.77 -5.10 -0.70 -3.2000 2.6100 -5.2900 -0.7100 0.3322 -2.1789 5.47 -7.02 4.10 182 285 295 275 217 
5.95 -1.30 1.29 -0.2600 3.2300 -2.6800 3.3778 1.9333 -2.8978 6.63 -1.85 6.98 181 288 293 283 217 
10.24 2.99 12.96 4.1300 1.9300 5.0000 0.7111 0.8022 -0.0589 6.19 1.61 7.42 183 307 294 277 220 
8.00 1.26 8.81 3.5100 -0.4300 0.3600 0.2633 -1.3800 1.4489 6.59 1.11 7.17 163 324 185 187 205 
9.91 0.53 5.22 1.3300 0.9100 -0.5300 2.1122 -0.4689 3.0600 7.75 -0.84 5.94 174 350 159 169 198 
7.09 0.35 10.01 -1.0700 1.8200 4.0000 0.5889 0.1433 2.9611 6.85 -2.93 6.37 171 350 178 178 198 
0.68 -1.70 6.63 -5.2300 3.0800 -1.0500 -1.7444 0.4522 0.2200 5.26 -5.33 6.32 172 353 177 181 200 
0.98 -0.67 1.63 -2.4300 4.5300 -4.4900 -0.1078 -0.4944 -2.4889 6.48 -4.23 6.01 175 354 179 183 199 
11.28 1.40 2.58 4.0900 2.9900 -2.7600 1.2600 -1.1278 -2.0567 8.15 -0.61 5.41 172 352 181 185 197 
15.21 -0.17 7.71 6.7600 -0.5700 3.2000 1.2644 -0.3622 1.2878 8.70 0.22 4.50 175 349 170 186 197 
6.06 -0.70 6.76 -3.5600 1.0300 1.6500 -0.4244 0.6356 1.9278 8.14 -2.73 4.72 174 355 184 189 198 
4.57 -1.65 4.29 -2.5200 1.7200 -0.6900 -0.2711 0.6922 -0.6444 7.57 -3.05 5.42 177 357 180 191 200 
;
