4.73 1.54 8.21 0.0000 -0.0400 -0.1200 0.0156 0.0389 0.0222 4.82 1.60 8.38 177 301 246 236 182 
4.78 1.57 8.40 -0.0400 -0.0400 -0.0100 -0.0711 0.0633 -0.0033 4.76 1.54 8.43 165 303 245 237 184 
5.64 1.66 9.04 0.8500 0.2600 0.7700 0.0056 -0.6500 0.3533 5.30 1.36 8.13 175 301 245 237 181 
11.82 1.53 10.90 2.1200 2.3100 5.0200 -2.7611 -4.5211 3.4478 8.76 -2.81 3.37 174 295 230 228 179 
5.72 -3.82 -0.13 -2.4000 2.1400 -1.0600 -3.2644 0.3122 2.5622 6.71 -7.10 -0.80 173 303 195 230 180 
2.95 -5.34 -6.39 -2.3400 2.4600 -4.4400 -0.2289 0.1711 1.1367 4.59 -8.37 -2.21 171 294 251 246 183 
1.92 -4.67 -3.55 -3.5700 4.5700 -3.4700 6.3989 0.9156 -1.3833 5.00 -7.54 3.78 160 285 265 247 183 
6.68 -3.04 15.65 2.1700 0.4900 8.7000 1.1711 -0.4900 -0.5722 5.58 -3.73 7.14 179 286 270 243 184 
5.47 -3.40 11.77 0.2600 2.7900 4.1200 -4.6200 0.0989 0.5422 5.05 -6.73 5.03 162 298 267 242 181 
3.01 -4.26 -3.32 -2.0800 3.7400 -4.8200 -3.6556 -0.8311 0.4056 4.59 -8.56 -1.30 174 278 258 226 184 
2.09 -5.15 -5.66 -2.4000 3.8500 -4.8900 5.0167 0.9211 -1.1811 5.30 -7.90 2.37 175 257 264 245 184 
5.73 -2.72 12.33 -0.3400 2.0100 6.6800 2.5722 -0.8011 -0.8067 6.22 -4.02 6.41 174 261 264 238 183 
7.07 -4.06 11.80 1.0900 0.2500 4.4700 -1.9200 0.1167 0.1633 6.19 -4.52 6.10 176 270 265 235 182 
3.54 -3.18 3.12 -3.0800 2.7700 -2.2500 -3.8267 -3.7533 0.4722 6.64 -7.10 1.21 175 262 254 230 182 
5.15 -7.77 -6.14 -1.2400 0.9200 -3.8000 1.4967 -0.5111 -1.7811 7.25 -6.43 -1.44 171 258 209 211 177 
6.32 -2.95 -2.06 -3.1300 3.0000 -2.8900 4.5544 0.6000 -2.8256 9.08 -3.35 1.55 170 284 172 170 167 
13.19 5.37 3.56 6.0200 4.6700 2.0200 3.3589 1.3811 -1.6533 9.06 1.75 3.30 157 314 175 176 164 
15.12 4.10 7.26 2.9000 2.0000 4.5300 -0.4278 0.8267 1.8022 9.18 0.83 3.34 138 322 181 179 165 
6.78 -0.63 4.31 -3.1200 0.5900 0.9500 -1.0722 0.8922 1.4622 8.60 -2.29 4.10 140 329 184 184 169 
2.30 -1.64 3.21 -4.2400 2.0300 -1.4500 -1.1744 -1.3944 -1.2611 8.93 -2.74 2.96 157 332 190 189 168 
8.35 1.76 -1.36 -0.4900 2.8900 -2.3500 0.1856 -1.4889 -1.9044 9.79 0.23 0.49 156 322 183 185 172 
7.96 2.10 -2.24 -0.9700 0.3800 -1.4300 0.6533 -1.0700 -1.6356 9.39 2.50 -1.31 156 317 164 189 175 
12.25 4.63 -3.28 3.4500 0.8100 -1.2500 1.2278 0.1000 -1.1156 8.58 4.27 -2.06 150 313 182 189 173 
14.81 6.82 -0.11 4.7800 2.8100 2.2800 0.8211 0.4611 2.6233 9.37 2.42 -1.54 150 311 182 195 171 
6.19 1.10 1.69 -3.0800 0.6300 2.0200 -1.5733 2.4333 0.8100 9.77 -0.16 0.82 165 302 178 188 175 
12.84 -2.18 1.64 2.9100 -1.2900 -1.0000 -0.8322 1.4567 1.2622 9.05 -1.78 3.30 155 214 148 177 167 
7.15 -3.25 1.64 -1.4600 0.5200 -2.1900 1.7267 0.5133 1.3611 7.99 -2.99 4.83 140 190 156 172 166 
6.35 1.96 4.69 -1.0900 4.5900 -0.5000 0.9111 0.5678 -0.1000 7.51 -2.14 5.92 148 179 161 176 165 
7.58 1.76 6.52 0.8200 3.6100 0.0400 -1.3333 0.3022 -0.4356 7.20 -2.19 6.28 133 173 154 179 168 
6.35 -2.32 5.27 -0.3100 0.3200 -1.2000 -1.2878 0.4433 -0.0667 6.75 -3.34 6.27 126 177 162 179 167 
4.90 -6.64 5.00 -1.9800 -2.6600 -0.5700 -0.6267 -0.2989 -0.2267 6.92 -4.11 5.60 137 182 166 180 165 
8.23 -4.29 6.41 0.9300 -0.2700 0.7300 0.0967 -0.0189 0.1378 6.98 -4.03 5.57 144 188 159 183 170 
;
