-1.25 7.58 6.12 0.0500 -0.0200 0.0500 0.0000 -0.0011 -0.0111 -1.29 7.60 6.05 192 316 322 352 218 
-1.26 7.56 6.08 0.0700 0.0000 -0.0100 0.0056 -0.0111 -0.0089 -1.31 7.60 6.05 191 314 322 351 216 
-1.33 7.61 6.10 0.0200 -0.0300 0.0500 0.0000 -0.0311 -0.0133 -1.32 7.60 6.05 191 314 322 351 219 
-2.06 7.73 6.62 -0.7700 0.1600 0.3700 -0.1578 -0.8022 0.2500 -0.77 7.55 6.20 190 315 323 350 218 
2.86 12.33 11.18 2.5400 6.6000 5.2100 -3.4911 -3.2733 2.6922 4.11 4.84 7.46 191 314 325 335 218 
4.15 3.21 6.41 -1.6500 3.9400 -2.0200 -6.1944 -0.1600 3.2233 4.98 -5.17 6.68 191 314 309 324 217 
0.15 -5.68 -2.90 -3.0600 1.7200 -7.9900 -1.5389 0.1089 0.9667 2.25 -8.77 3.74 190 315 325 331 218 
-2.35 -2.26 -0.83 -4.4300 6.4500 -5.4800 6.7756 -1.1011 -0.4200 2.17 -4.50 8.43 194 330 337 336 216 
6.33 -0.51 17.79 2.6000 2.4200 5.2600 -3.5878 1.2789 -0.3400 2.10 -4.40 8.50 193 329 334 319 217 
1.29 -5.58 0.19 -0.4500 0.8200 -6.7700 -2.3544 -0.0700 -0.0522 1.83 -8.09 5.22 192 317 332 319 216 
0.28 -3.97 -2.41 -1.6900 3.6200 -8.0100 6.4089 -0.8756 -1.1056 2.97 -4.38 8.25 192 320 331 327 217 
8.27 0.97 19.14 4.6600 1.6000 8.9500 -0.2678 0.3422 -0.3922 4.17 -0.80 8.83 192 308 322 290 216 
4.34 -1.38 5.59 -0.0300 0.4300 -3.1200 0.0067 -0.0267 -0.1356 4.31 -1.65 8.65 189 278 296 281 215 
4.88 -0.87 8.80 -0.1500 0.4600 0.4500 0.3289 -0.0878 -0.3956 4.80 -1.00 8.49 189 280 310 281 216 
6.76 1.29 10.90 2.1700 2.8400 3.1500 -1.2233 2.2344 -0.9989 3.85 -1.07 8.95 190 283 312 280 216 
-1.36 -4.08 12.48 -1.0000 0.6100 3.4000 -4.5811 0.7089 -1.3289 0.34 -6.63 7.21 186 275 290 257 215 
-0.35 -7.85 -2.35 1.1000 1.6200 -4.7700 -4.4978 1.8022 -0.0144 -1.32 -9.71 -0.35 183 256 266 248 215 
-1.06 -6.68 -3.01 -0.1900 3.8800 -0.9600 1.9089 0.1678 -0.4111 -0.98 -9.75 0.00 184 258 278 259 213 
-0.12 -8.70 2.37 0.1000 -0.1400 0.7300 1.3133 -0.5822 -0.2233 -0.60 -9.62 1.77 183 254 275 258 215 
-1.57 -7.37 3.10 -1.4700 1.3300 -1.6700 5.8756 -0.8011 -0.7278 0.87 -5.64 7.96 187 271 295 276 216 
1.46 -2.88 10.67 1.1000 3.0800 2.7300 -4.8022 -0.9311 0.8644 0.57 -7.69 6.05 184 261 284 257 215 
-0.53 -8.99 -1.56 -0.5300 0.2600 -2.5300 -3.4311 -0.2389 0.5811 -0.46 -9.69 -1.39 180 258 264 253 214 
-1.61 -10.41 -10.33 -1.0800 -1.9700 -8.5200 5.6044 0.4633 -0.3389 -0.55 -9.78 0.40 178 266 296 267 216 
5.89 2.34 11.54 3.5500 7.6000 4.5800 1.2767 1.1156 -0.2433 0.91 -4.74 8.53 187 282 300 286 217 
2.29 -3.63 9.85 1.8800 2.2100 1.9200 -3.5711 0.3167 0.6800 0.36 -7.06 6.78 185 281 303 278 217 
-0.93 -8.23 -1.96 -0.6400 0.6000 -5.4400 -2.5078 -1.8656 1.6356 -1.73 -9.64 0.43 182 265 271 259 213 
-2.85 -6.53 -3.89 0.0600 3.2000 -5.8400 5.1656 -2.7344 -0.3733 -1.55 -7.72 5.84 181 276 286 271 213 
1.35 5.11 10.96 0.5600 6.3200 1.7400 4.9467 -2.1233 0.5578 0.62 1.61 9.65 186 304 315 286 213 
;
-1.46 6.39 7.34 0.0900 -0.0100 0.1400 0.0133 0.0278 0.0000 -1.52 6.42 7.24 187 307 323 310 221 
-1.46 6.40 7.28 0.0800 -0.0100 0.0300 0.0111 0.0089 -0.0067 -1.52 6.42 7.24 188 308 327 311 222 
-2.33 7.99 10.33 -1.4700 2.7700 5.2900 -1.4611 -3.5256 1.4700 0.61 5.91 7.79 190 309 323 307 218 
3.83 6.17 10.36 -0.4900 5.0800 1.5100 -6.1244 -0.4656 3.0344 4.99 -1.80 8.24 188 307 314 305 217 
0.94 -2.54 0.11 -0.2600 4.5800 -6.7100 -4.7267 -1.1011 0.7900 3.25 -8.57 3.45 190 323 327 314 218 
0.65 -8.67 -9.91 -1.6800 1.2000 -12.4000 5.3989 0.1111 0.1722 2.22 -8.11 5.02 191 320 322 320 217 
2.90 3.52 26.12 2.6900 4.2300 17.8900 0.4311 0.1189 -0.2711 2.27 -2.77 9.12 186 326 323 311 218 
2.86 -1.29 6.85 0.5200 4.0400 -3.6400 -4.9711 0.2400 -0.3267 1.78 -7.51 6.04 190 317 316 304 218 
2.21 -9.33 -8.46 -0.0700 0.3100 -11.2700 3.0989 0.1722 -0.6222 2.67 -7.62 5.56 187 303 318 305 217 
2.36 0.23 20.52 -0.5800 2.9400 12.4300 1.3667 -0.0367 -0.6222 2.93 -3.27 8.76 190 285 309 296 217 
2.40 -2.72 9.75 0.1000 1.9200 1.0900 -4.0189 2.8778 -0.4233 0.25 -6.68 7.16 189 273 304 281 218 
1.19 -4.25 -1.27 1.8800 5.1200 -4.2600 -6.8011 2.0011 -0.2556 -0.82 -9.70 -1.14 186 233 259 246 215 
-0.32 -8.02 -12.88 -1.4200 0.8200 -9.7000 2.3444 -0.4511 -0.4989 -0.48 -9.15 -3.47 180 266 269 267 217 
2.99 4.94 10.74 1.4800 14.4800 7.1600 5.4211 1.5433 -1.2378 1.42 -6.38 7.30 188 296 290 279 216 
2.68 -2.62 8.23 0.6400 3.8300 0.1900 -6.0456 -0.8622 0.7167 1.09 -9.17 3.29 184 274 276 256 219 
-1.28 -10.76 -11.49 -2.3100 -1.1700 -9.9700 -1.1144 -0.9389 0.4244 -0.31 -9.02 -3.81 182 270 277 259 218 
-1.29 -5.29 -4.65 -2.2700 6.3200 -3.1300 7.8633 1.4244 -1.7578 1.26 -7.89 5.68 185 298 304 282 218 
1.63 -2.04 11.96 1.0800 4.7700 4.3400 -1.8911 -0.5844 0.6178 0.87 -7.75 5.93 187 280 286 279 217 
1.28 -6.23 -2.93 1.7900 2.7500 -6.8800 -0.1978 -4.0333 4.2444 -1.60 -8.77 4.06 184 262 276 272 217 
-3.39 1.57 6.40 -2.2200 6.9200 0.1400 7.0178 -2.1478 0.1922 -0.38 -1.11 9.73 186 307 304 290 218 
-1.70 6.68 17.27 0.3700 2.2900 7.0400 1.3800 -0.2322 -0.4200 -0.01 4.23 8.84 190 296 317 300 218 
4.64 7.06 8.76 0.3500 1.5100 2.6200 0.8244 -0.2578 -0.0811 1.41 6.35 7.33 191 299 312 301 222 
;
