5.96 3.35 7.02 -0.0600 0.0200 0.0300 0.0011 0.0467 -0.0178 5.98 3.33 7.01 157 265 265 235 189 
6.11 3.32 7.00 0.0100 -0.0100 -0.0800 -0.0244 0.0567 0.0211 5.95 3.31 7.05 165 267 264 237 187 
5.83 3.27 7.08 -0.0600 -0.0100 -0.0300 -0.0133 0.0356 0.0033 5.86 3.28 7.14 164 267 266 237 186 
5.80 3.18 7.12 0.1200 -0.0500 -0.0500 0.0078 0.0711 0.0367 5.81 3.25 7.19 167 267 266 236 188 
6.26 4.14 9.08 1.3300 1.2300 2.2300 -0.6567 -1.5989 0.4233 6.61 2.85 6.64 174 266 265 240 188 
8.78 -0.66 9.15 0.0000 4.5500 3.5400 -3.2911 -2.8956 2.7722 8.42 -1.85 4.65 169 270 254 236 183 
7.71 -3.44 2.12 -2.0800 1.9400 0.2500 -3.8567 1.7911 3.5289 6.35 -7.41 0.85 172 288 235 250 177 
3.50 -6.03 -4.99 -1.3100 3.0000 -3.9600 -1.0967 0.7844 1.4056 3.51 -9.06 -1.27 172 301 255 250 186 
0.03 -4.91 -4.63 -3.5200 4.4800 -4.5300 5.3933 -0.4322 -1.2033 3.75 -8.53 3.04 170 281 265 255 187 
9.22 -3.76 19.16 2.4400 0.1600 13.2900 0.1889 0.9356 -0.1289 4.56 -5.24 6.91 177 287 267 249 189 
4.81 -4.07 3.90 -0.1000 3.5800 -2.5700 -5.2133 -0.4522 0.9689 4.05 -8.79 1.56 171 291 270 242 189 
1.60 -7.73 -8.27 -2.1900 1.7400 -8.6400 2.1089 -0.3267 -0.2589 3.51 -9.11 0.82 168 266 265 236 189 
4.06 -0.96 5.58 -0.5100 6.0000 2.1200 4.8522 -0.4767 -0.8556 4.67 -5.01 7.00 178 261 258 214 187 
5.36 -3.38 14.48 0.3000 -0.3500 6.2600 -1.5033 -0.0633 -0.3933 5.17 -4.11 7.24 173 264 266 224 188 
6.04 -4.07 7.43 0.7400 2.3100 0.5000 -4.2111 -0.5456 1.1078 4.63 -7.75 3.82 175 278 268 224 187 
2.26 -5.07 -1.03 -2.1800 2.4100 -2.3100 -2.9000 -0.9278 0.9956 3.11 -9.20 -1.31 173 271 264 243 186 
2.79 -8.87 -3.41 -0.0100 -0.2300 -1.4900 0.2344 -0.0089 -0.1722 3.29 -9.12 -1.44 175 273 265 249 188 
3.31 -9.26 -0.12 0.1300 0.3100 0.8700 0.3911 -0.0256 -0.1700 3.47 -9.14 -0.61 171 277 269 250 187 
3.65 -8.84 -0.43 0.1700 0.1800 -0.0800 -0.1133 -0.0144 -0.0200 3.59 -9.10 -0.59 173 278 271 249 186 
2.26 -8.86 -5.01 -1.0200 0.0600 -5.6500 2.0756 0.6711 -0.4000 3.93 -8.93 0.89 168 278 273 245 187 
3.43 -0.72 8.46 -0.3500 5.2500 3.4800 3.9611 -0.2789 -0.9289 4.98 -5.33 6.54 177 282 283 252 190 
5.24 -5.24 15.86 1.7400 0.2500 6.7800 -3.6178 0.8300 0.1711 4.37 -5.81 6.57 176 286 277 250 191 
3.55 -5.22 -0.64 -0.9500 2.8400 -4.7900 -3.3533 -0.6344 0.2911 3.79 -8.86 1.78 165 285 276 252 190 
0.82 -5.38 -6.15 -1.9900 3.1600 -6.4600 4.3344 0.3022 -1.4411 4.75 -7.46 4.21 173 267 267 261 189 
7.33 -3.07 14.11 1.3200 0.2000 9.8200 2.0422 0.1344 -0.1933 5.35 -3.77 7.29 177 275 276 259 190 
6.69 -4.59 10.04 1.4600 0.5600 2.7700 -2.8578 0.3167 0.8589 4.95 -6.02 5.95 176 282 279 263 189 
2.99 -4.38 -0.60 -1.5400 3.9000 -3.5600 -3.7367 -1.3367 1.1811 4.00 -8.93 0.53 177 271 281 255 189 
2.84 -11.37 -3.51 0.6000 -2.1800 -1.9300 1.1556 -0.0789 -0.8456 4.54 -8.68 0.24 174 276 281 256 187 
3.80 -8.76 0.79 -0.9100 -0.4500 -0.6900 0.7411 -1.0756 -0.4800 4.92 -8.42 0.97 175 270 278 244 188 
4.57 -7.30 -4.35 -0.8700 1.2400 -4.5400 3.1722 -1.8689 -2.2544 6.88 -6.84 1.38 177 244 229 209 181 
9.54 -1.65 1.48 1.3400 1.8500 -4.3100 1.4533 8.8356 1.2711 3.22 -4.23 8.23 169 157 143 159 164 
2.06 1.32 4.56 -0.2700 -0.0500 -5.7400 5.0256 4.4789 0.4044 -3.39 0.37 9.19 175 158 147 157 158 
-6.22 4.67 17.77 -1.5000 1.2600 6.1000 -0.5444 -0.3900 -0.1378 -3.62 2.17 8.84 163 160 152 171 159 
-3.93 1.71 9.05 -0.5200 -0.5300 0.0400 0.1178 -0.0978 -0.2067 -3.58 2.09 8.88 177 166 155 172 162 
-2.78 1.72 9.14 0.3500 -0.3500 0.5600 -0.1744 -0.2911 0.0900 -3.44 1.95 8.97 174 177 164 173 162 
;
