7.18 -0.55 6.28 -0.1400 0.0900 -0.1700 0.0600 0.0278 -0.0111 7.33 -0.60 6.47 173 234 266 229 187 
7.07 -0.58 6.75 -0.1800 -0.0300 0.5700 -0.0022 -0.8956 -0.1578 7.71 -0.46 6.03 173 255 263 229 185 
10.20 -0.32 4.64 0.8500 -0.5400 0.6800 0.1344 -6.9067 0.2400 9.78 -0.44 -0.45 182 284 257 233 188 
5.71 -2.42 -3.40 -1.6400 -0.3600 3.6000 -1.6122 -4.4578 2.4444 4.59 -1.89 -8.45 179 261 241 230 184 
-1.68 1.31 -4.02 -2.0100 3.3200 2.7700 -3.6756 -2.1056 0.6489 1.20 1.73 -9.57 179 240 238 238 183 
1.51 3.89 -11.31 0.1900 0.8700 -1.2900 0.0856 0.1644 -0.1989 1.38 2.78 -9.30 179 252 247 235 171 
2.65 2.56 -9.03 0.6000 0.0500 0.4600 0.2144 0.4456 0.1756 1.83 2.57 -9.28 188 259 246 234 185 
1.31 2.36 -8.41 -0.5400 -0.0600 0.7400 -0.0344 0.0178 -0.1444 2.00 2.54 -9.25 177 259 247 238 184 
1.60 4.90 -10.64 0.1000 3.1300 -2.7800 0.0911 2.5511 -0.4689 3.06 2.53 -8.96 177 277 242 233 186 
1.94 1.16 -2.91 -2.9500 -0.5800 7.6200 -1.2756 -1.6433 0.4900 3.34 1.48 -9.09 179 257 235 223 185 
1.74 2.22 -12.23 1.5200 -0.8800 -4.4100 -0.9033 -0.9100 -0.8578 0.98 3.95 -8.91 177 260 233 223 183 
3.14 2.52 -14.63 2.0700 -0.9500 -5.2400 2.1889 0.2756 0.3856 1.31 2.24 -9.45 178 264 236 233 182 
1.90 0.45 -11.75 -1.6300 -0.0200 -1.8600 4.1056 0.8911 -0.0411 2.51 -3.10 -8.95 178 296 263 247 185 
1.73 -2.78 -5.20 -2.0800 3.1300 1.1600 3.1044 1.5667 0.7822 4.08 -7.35 -5.03 183 310 266 251 182 
3.47 -4.53 -1.56 -0.9500 3.7100 1.7700 1.1556 0.6389 0.2256 4.05 -8.55 -2.55 182 325 280 256 184 
4.01 -6.01 0.12 0.2500 2.0400 2.1300 -0.5144 0.2578 0.0189 4.02 -8.60 -2.45 181 328 273 256 189 
4.05 -8.69 -2.92 0.1000 -0.3900 -0.0900 -0.5678 -0.1167 -0.0756 4.10 -8.26 -3.31 181 328 278 255 186 
4.54 -5.90 -1.97 0.4300 1.5800 0.9100 -1.0800 2.5056 -0.5356 5.20 -7.64 -3.25 181 264 216 214 181 
8.87 -10.89 -4.77 1.2700 -3.2100 -3.2800 1.0444 -0.7967 -0.3456 6.52 -7.01 -2.09 178 264 153 146 165 
6.92 -6.82 -6.13 3.1100 2.6700 -2.0300 4.1956 -2.4767 1.8478 2.52 -9.37 -1.35 131 306 155 147 149 
0.00 -4.86 2.33 -2.4500 4.1100 0.7100 3.8867 0.5922 0.2189 1.74 -8.42 4.70 117 296 159 154 148 
0.96 -5.08 11.47 -1.1900 1.6900 4.3000 -1.0211 0.5678 0.0911 1.07 -7.93 5.65 123 284 164 154 149 
0.55 -8.12 5.84 -0.3500 0.3600 0.7800 0.0167 -0.1744 -0.0356 1.20 -8.06 5.45 128 282 167 171 152 
-0.04 -5.47 7.97 -1.7500 2.7000 1.9500 -1.9867 0.7678 -1.7522 2.44 -8.57 4.09 157 280 181 171 165 
;
