0.87 5.85 7.74 -0.1100 0.0500 -0.0600 -0.0167 0.0333 0.0467 0.95 5.75 7.88 187 318 328 344 219 
0.90 5.79 7.83 -0.0200 0.0400 -0.0500 -0.0033 0.0100 0.0322 0.96 5.74 7.88 185 322 329 343 218 
0.77 5.97 8.06 -0.4900 0.0900 0.0800 -0.0589 -0.2700 0.1333 1.11 5.72 7.88 186 322 327 343 220 
1.33 7.73 10.94 0.2200 2.0200 3.7700 -0.9756 -5.3889 1.2944 4.99 4.99 6.80 184 307 297 283 218 
9.50 -0.07 1.02 -1.5700 -2.0600 0.9100 -1.7589 -7.2311 3.6989 9.12 0.06 -3.59 185 267 255 252 202 
3.15 0.15 -1.64 -5.6100 2.4400 5.5200 -1.7189 -2.6356 0.3633 4.99 -0.72 -8.40 183 283 254 248 198 
3.44 4.40 -13.08 -0.9200 2.5100 -3.9900 -0.0444 -0.0789 -0.4211 4.21 1.18 -8.77 186 287 257 252 199 
6.45 0.64 -11.68 1.7300 0.0000 -2.9900 0.8200 0.2700 0.3044 4.33 0.53 -8.78 185 280 251 245 201 
6.74 0.06 -14.50 2.6400 0.2800 -5.5800 3.4678 0.4444 1.7022 4.41 -3.49 -8.02 187 314 189 187 184 
2.00 -2.54 -5.14 -1.1200 5.2300 2.1300 4.9000 0.5167 1.2722 3.12 -8.92 -2.60 181 329 174 179 176 
-0.06 -4.92 2.21 -2.5900 3.9700 3.2300 0.7056 0.3733 0.0300 2.68 -9.41 0.56 179 326 175 181 174 
2.08 -9.23 -0.23 -0.0500 -0.2000 -1.5900 0.5389 -0.4344 0.2589 2.49 -9.43 0.98 171 298 167 180 172 
0.62 -5.14 2.53 -2.2300 4.8600 1.3100 4.0222 0.0056 0.1689 2.47 -6.72 6.69 172 299 174 187 176 
1.72 -2.93 12.53 -0.4400 2.2000 2.5700 -3.1011 -0.0233 0.5000 1.91 -7.66 5.80 174 285 179 190 177 
-0.65 -6.27 1.52 -2.2400 2.6400 -2.7900 -3.1544 -0.3789 0.0589 2.04 -9.44 1.69 178 289 187 193 183 
2.47 -7.19 -3.97 -0.8600 2.2700 -4.6500 -1.8111 2.6622 -2.4644 4.30 -8.79 -0.46 181 296 234 241 197 
4.33 -3.41 -2.60 -2.7700 2.1100 -4.0600 0.1322 7.7078 -6.7356 7.65 -2.36 5.65 182 294 296 300 207 
-6.32 4.33 15.73 -4.6100 1.8100 6.7000 2.8922 1.7967 -0.3767 -0.19 3.35 9.21 186 314 332 363 217 
-2.23 1.24 8.05 0.5500 -1.7300 -3.6100 0.7578 -1.1300 -0.4956 -0.06 4.62 8.64 184 308 334 362 218 
;
