4.99 2.75 7.85 0.0600 -0.0400 -0.0200 0.0389 -0.1256 0.0422 5.08 2.84 7.88 180 284 258 247 186 
7.29 3.76 10.02 1.3900 0.7000 3.0800 -0.7489 -4.1133 1.3600 7.70 1.89 5.76 174 283 256 241 184 
8.68 -2.33 1.33 -2.2600 -1.2600 2.5200 -1.5244 -7.6300 2.6589 8.00 -1.64 -5.42 178 258 247 223 172 
-0.05 0.27 -1.34 -1.7800 4.0500 6.9600 -3.9478 -4.0344 1.3156 1.74 0.68 -9.62 181 249 243 225 170 
2.14 2.31 -14.72 2.8700 -0.2800 -2.5700 0.8567 0.2867 -0.1011 1.44 1.62 -9.56 181 262 242 228 173 
0.91 1.63 -10.18 -1.2200 0.7900 -0.6500 0.4056 0.6333 -0.1667 2.03 0.99 -9.54 181 258 241 225 176 
1.32 1.53 -7.86 -4.4000 0.5300 1.9600 1.8833 1.7489 -0.8956 4.51 -0.57 -8.68 176 274 224 214 168 
5.00 -3.01 -6.25 2.9800 -2.9500 1.8100 -1.0356 -3.8578 -0.6833 2.21 1.28 -9.46 181 264 228 221 170 
1.38 0.76 -10.72 -1.3900 -1.5300 -1.5400 -0.1156 -1.4122 1.0156 0.18 2.05 -9.58 183 273 230 224 168 
-0.14 2.70 -14.64 0.1500 0.2900 -6.7200 3.1600 1.2133 0.2422 1.23 -0.42 -9.71 182 282 242 229 173 
4.17 -3.49 -9.67 0.0500 1.3200 -1.6900 4.3167 1.5133 0.9867 4.19 -6.22 -6.31 184 318 272 270 181 
3.38 -3.16 -2.96 -1.6500 5.1300 0.9000 1.6989 1.4189 0.3811 4.07 -8.46 -2.82 185 320 273 275 183 
2.16 -3.17 -0.95 -1.7400 4.8800 1.1400 0.1078 0.0433 -0.0900 4.13 -8.66 -2.01 185 316 272 282 186 
4.29 -5.54 -0.55 0.2400 2.3900 1.3200 -1.0467 0.7744 -0.1133 4.38 -8.39 -2.54 180 293 268 256 180 
9.13 -7.98 -3.85 3.6000 -1.6800 -0.6100 -2.0478 1.2833 2.0678 3.98 -7.94 -4.15 180 257 215 242 182 
3.34 -10.01 -9.36 -1.9100 -1.9300 -5.2600 0.1244 2.8411 3.6856 1.49 -8.68 -4.31 186 294 273 272 186 
-7.78 -6.65 -7.87 -8.5300 4.2700 -6.1300 5.4744 -0.4056 -1.5056 1.18 -9.69 0.92 191 297 289 282 187 
7.60 -3.04 17.45 4.2100 2.7300 12.6000 1.8056 -1.0467 -1.3578 3.74 -5.68 7.06 182 311 282 275 187 
3.94 -4.64 5.91 -0.1500 3.8000 -0.0300 -5.4633 0.0711 1.4967 2.73 -9.14 2.25 181 314 280 271 186 
2.09 -9.14 -8.61 -1.2200 0.7600 -10.4300 1.8078 0.8211 0.3400 1.74 -9.50 1.68 189 287 286 269 189 
-0.26 1.89 2.32 -0.4700 10.5900 0.6500 6.4233 0.7122 -1.1911 2.30 -4.29 8.51 179 298 285 277 189 
6.93 -1.31 22.81 2.8300 0.7100 11.5600 -3.2144 -0.5811 0.2322 3.46 -4.22 8.14 174 306 277 280 187 
2.71 -1.89 3.53 -1.0600 6.4800 -1.5900 -5.8711 -1.4844 1.8511 2.63 -9.28 1.76 184 303 283 259 187 
-1.13 -7.63 -7.16 -2.9500 1.2800 -5.2300 -1.7167 0.1667 -0.1711 1.51 -9.25 -2.87 181 302 278 269 191 
;
