6.38 1.91 7.05 0.0300 -0.0200 -0.0200 0.0200 -0.0033 0.0044 6.43 1.94 7.14 176 282 243 232 182 
6.62 1.88 7.30 0.1000 -0.0500 0.4100 -0.0644 -1.2356 0.2311 7.09 1.75 6.53 173 282 242 230 183 
12.03 1.94 6.15 1.9700 0.4600 2.0600 -0.4056 -4.7533 1.9967 9.69 -0.10 1.48 176 291 245 242 184 
6.13 -2.58 0.04 -3.3700 0.3200 3.8700 -2.8800 -5.3022 2.9378 6.57 -2.89 -6.67 178 284 257 248 184 
-1.53 1.48 -2.91 -2.7800 3.4900 2.5100 -3.8100 -3.0200 0.1144 1.37 1.35 -9.61 177 259 234 248 181 
0.13 6.48 -14.87 0.2500 1.2000 -3.8200 0.1511 0.7044 -0.3622 1.03 3.17 -9.21 177 262 243 246 180 
3.02 2.38 -12.26 1.5000 0.0800 -3.9600 1.3344 1.5011 -0.2767 2.43 2.19 -9.24 174 257 216 229 183 
9.23 -0.32 -11.80 2.7800 -0.0100 -3.6800 3.4522 5.1267 -0.7044 7.91 -0.58 -5.76 178 284 244 250 185 
6.09 -1.41 -3.14 -3.1600 -0.4800 0.2300 2.5900 2.0033 -1.0678 9.53 -1.24 -1.94 177 277 246 247 192 
6.88 2.56 0.44 -2.9200 3.3400 1.2400 0.8256 1.3922 -0.2233 9.77 -0.22 0.80 177 294 254 244 192 
10.07 3.72 1.82 0.7100 3.9300 0.4000 -0.8367 0.7389 0.2333 9.65 -0.74 1.54 174 272 254 244 194 
8.26 -0.73 1.24 -1.6100 -0.4400 -0.3600 -3.0611 -1.0589 1.5133 9.43 -2.60 0.59 156 242 220 227 176 
7.53 -7.70 -1.97 -0.7300 -3.0800 -1.0100 -0.5833 0.4156 0.3644 9.06 -3.72 -0.07 161 251 234 236 179 
9.52 -3.80 -1.13 -1.3800 0.0400 -1.1100 0.0867 -0.6200 0.2967 8.95 -3.91 -0.80 175 240 236 221 179 
-0.23 -3.64 -0.75 -10.5900 1.4700 -1.8000 0.8622 -2.3878 -1.4556 9.27 -3.18 -0.10 176 272 253 233 186 
16.19 -1.28 -7.22 10.9700 0.2500 -2.3500 -0.1500 -2.1989 0.1167 7.67 -1.83 -5.82 174 279 262 256 184 
12.79 -3.48 -4.49 2.3900 -1.0900 3.7900 -0.5267 -1.3644 1.4911 4.31 -2.10 -8.54 192 277 253 260 184 
1.71 0.26 -6.98 0.5000 1.7100 1.5200 -1.8789 -1.6756 2.2744 -0.09 0.24 -9.80 178 248 240 238 172 
-1.50 2.91 -12.23 -1.6600 1.6900 -2.6200 0.0811 0.2467 -0.2400 0.07 0.74 -9.77 176 254 245 243 172 
0.88 0.66 -9.54 0.3900 0.2600 0.2700 0.2400 0.4300 -0.0633 0.62 0.35 -9.78 178 248 245 230 181 
2.28 1.27 -11.69 -0.7600 1.1900 -2.1100 1.4867 4.0344 -1.1556 5.16 -0.33 -8.32 179 273 249 255 183 
;
