0.50 4.38 8.74 0.0100 0.0600 -0.0300 0.0511 0.0322 0.0067 0.45 4.36 8.77 231 362 359 358 270 
0.35 4.77 9.14 0.0600 0.3100 0.6100 0.5100 -0.4544 0.2144 0.69 4.75 8.54 233 368 362 360 269 
8.00 5.60 10.95 4.0400 0.1800 2.3800 0.2311 -7.5633 3.4878 8.09 3.69 4.13 230 354 337 332 260 
9.44 -0.04 0.42 -1.2500 0.6300 3.6600 -0.0833 -5.0644 4.2411 7.53 -3.01 -5.51 227 314 332 301 244 
-0.72 1.66 0.59 -5.9500 5.8900 8.6600 -2.3889 -1.6844 -0.1167 3.46 -2.66 -8.77 227 316 322 304 246 
4.58 -1.12 -14.98 1.1300 -1.0900 -4.3000 0.0933 0.1633 -0.1622 3.46 -0.42 -9.16 225 319 326 304 244 
6.99 0.73 -11.29 2.8600 1.7000 -2.9800 0.0100 3.1056 1.2400 5.67 -0.94 -7.94 219 323 301 283 244 
18.68 1.91 -10.27 3.2500 2.6700 -5.6000 -1.0300 8.1044 6.5911 8.25 -5.19 -1.04 221 331 315 306 249 
0.06 -4.99 -2.28 -2.5900 3.9800 -3.3900 -3.8100 5.3689 3.7322 1.82 -9.63 -0.15 274 381 353 318 228 
-1.33 -6.85 -5.03 -1.1000 2.6100 -1.6200 -1.0500 0.4978 0.9144 -0.24 -9.13 -3.55 245 344 356 332 282 
0.07 -9.21 -8.38 -0.9300 -0.8500 -5.6800 1.7300 1.0622 -0.5756 0.48 -9.16 -3.44 215 305 313 301 248 
0.53 -4.22 5.11 -0.4900 6.0100 2.3200 6.9044 1.2822 -1.5156 2.29 -7.61 5.73 236 343 341 327 263 
2.74 -8.34 4.57 1.0600 0.2200 0.0100 -1.3167 -0.5167 0.2122 2.08 -8.80 3.78 238 342 326 326 264 
1.77 -8.57 3.55 -1.6900 2.1300 -0.0600 -5.1867 -0.4144 0.6267 1.16 -9.61 -1.53 222 326 324 308 260 
-1.37 -6.23 -13.20 -1.4300 1.3200 -8.4800 1.1033 0.2578 -0.3167 0.09 -8.01 -5.65 218 306 325 307 258 
2.15 -3.31 3.80 3.3600 6.9300 5.9000 4.8000 2.4300 -1.7344 2.30 -8.89 3.42 230 346 349 333 266 
4.44 -4.97 0.74 2.4100 4.3200 -2.3700 -2.2811 -1.5189 1.4267 1.46 -9.65 0.92 214 332 338 320 261 
1.08 -3.29 -3.05 0.5500 6.9600 -5.4400 7.9222 -0.7567 0.3700 0.11 -7.56 6.24 229 343 344 324 251 
-0.40 4.61 14.12 0.6300 6.4000 6.4900 5.9222 -0.8322 -1.0033 1.11 1.71 9.59 215 335 341 318 243 
12.02 6.85 20.28 3.8800 -0.4100 2.0400 -0.8400 0.1000 -0.2278 1.66 3.63 8.95 214 335 351 331 244 
;
