4.47 4.29 7.94 1.2200 -0.2400 -0.3400 0.6156 1.6233 -0.5189 2.27 4.75 8.27 187 300 285 297 220 
1.63 3.89 7.70 -0.6300 -0.8300 -0.5700 0.0778 -0.0611 -0.6089 2.24 4.65 8.33 187 298 283 295 221 
1.78 5.04 8.35 -0.1600 0.3700 0.1800 -0.5489 -0.8033 -0.4422 2.41 4.56 8.33 187 300 283 295 220 
2.68 4.60 8.10 0.1000 -0.0100 -0.0600 0.0944 -0.3311 -0.5944 2.59 4.62 8.24 186 307 284 298 220 
4.54 5.02 12.02 3.8400 0.6200 3.5600 -1.0067 -9.4344 1.1356 7.73 3.70 4.75 187 300 234 245 204 
9.18 -1.26 -1.35 -0.2500 -1.3300 3.6600 0.1489 -4.3678 3.2967 7.07 -1.22 -6.67 186 300 252 245 194 
5.22 5.63 -5.55 -3.7400 7.6300 0.1100 -2.6044 1.2100 -0.8978 5.47 0.09 -8.13 189 304 257 246 194 
7.80 -0.13 -9.14 2.7400 -0.7900 -1.1200 0.2289 0.9500 -0.2922 5.81 0.65 -7.87 186 301 259 233 194 
10.16 -0.92 -12.42 3.4100 -1.3800 -5.9400 2.9856 1.8256 0.3644 7.50 -0.95 -6.23 184 286 168 175 168 
8.42 -1.17 -7.18 -2.1700 1.9800 -1.7700 5.7978 1.7367 0.7278 8.16 -5.37 -0.70 179 345 176 182 171 
4.95 2.21 1.50 -3.1800 7.3100 -0.0700 1.8356 1.2633 0.0811 7.60 -5.13 3.45 191 367 179 177 173 
5.66 -2.23 3.29 -0.0400 2.5700 -1.3800 -1.3089 1.2511 -0.1944 6.71 -5.22 4.86 194 376 188 187 177 
3.73 -6.32 4.72 -2.7000 -0.7300 -0.2900 -0.5222 0.7778 -0.2100 5.74 -5.73 5.49 194 397 191 182 180 
4.82 -5.80 7.22 -0.9200 0.2100 1.2100 -0.5156 -0.2378 0.1256 5.52 -6.18 5.23 194 392 195 188 180 
2.44 -2.73 3.74 -3.5100 4.3200 -0.8000 -1.5933 0.9433 -0.4022 5.35 -6.91 4.44 191 332 220 201 197 
2.34 -1.33 -1.72 0.7000 4.9200 -5.0800 1.4578 7.8844 -6.6100 5.52 -3.09 7.48 189 319 296 311 208 
;
