5.64 4.17 6.96 0.1200 0.0300 -0.0200 -0.0500 0.0233 0.0744 5.55 4.09 6.96 175 296 241 234 190 
5.81 4.16 7.04 -0.1700 0.1800 0.3000 0.1356 -1.3156 0.4000 6.26 3.95 6.42 160 292 243 235 189 
9.78 4.01 5.52 1.8500 0.5100 0.9300 0.1911 -4.3544 1.6844 9.03 2.70 2.68 178 299 249 234 187 
9.81 -0.31 0.78 -0.6600 0.1400 3.2100 -1.9111 -5.7622 3.7522 7.81 -1.59 -5.70 178 269 240 235 184 
1.77 -0.70 -2.33 -2.8700 1.8300 6.4300 -1.8711 -1.7656 1.7000 3.30 -1.81 -9.05 175 261 244 235 180 
-0.84 2.90 -17.60 -1.8400 1.4900 -7.1200 -0.2022 -0.3311 -0.3989 1.61 0.66 -9.64 178 268 243 238 181 
3.33 -0.31 -8.94 0.6400 -0.1200 0.7400 0.1578 0.5178 -0.0044 2.29 0.28 -9.53 180 271 248 238 180 
3.17 0.69 -10.58 1.7600 0.5200 -2.5600 0.2044 1.4911 0.0389 3.70 0.00 -9.07 177 268 224 206 177 
11.66 -0.35 -10.08 0.7900 2.0800 -1.6400 -0.1122 8.6744 3.8944 8.98 -3.14 -2.35 172 318 191 203 178 
-0.61 -4.23 -2.87 -9.0500 2.4000 -5.4800 -0.1678 4.7111 1.5678 4.03 -7.50 4.84 169 327 175 195 181 
2.60 -3.89 5.18 1.1300 -0.1800 -0.4700 2.3089 0.0722 -1.1156 3.77 -5.54 7.15 170 333 166 186 178 
5.09 -3.97 7.65 2.5000 0.0500 -0.0200 1.7578 -0.7011 -0.7789 4.44 -3.35 8.07 172 323 163 185 176 
6.48 -5.54 10.81 1.7000 -3.2800 2.5900 0.4744 -0.9133 1.2078 5.06 -2.50 8.01 172 304 163 183 180 
5.13 -4.80 9.01 -0.1700 -0.6200 1.6400 -1.1811 0.0011 1.8489 4.59 -4.58 7.34 173 300 166 187 179 
2.09 -5.06 7.97 -1.1900 1.0600 1.6200 -1.3489 0.6856 0.5444 3.17 -6.50 6.61 171 321 167 188 177 
0.67 -5.90 6.20 -1.2200 1.4800 0.4600 -1.0867 0.7622 -0.3911 2.38 -7.73 5.54 168 320 168 186 178 
1.95 -5.75 4.65 -0.1900 2.5800 -0.5100 -0.7122 1.1122 -0.8078 2.33 -8.26 4.73 5 316 170 186 177 
3.22 -5.33 3.34 0.5700 2.9500 -1.9000 0.6544 0.6911 -1.5633 3.15 -7.62 5.29 10 319 173 189 179 
6.16 -3.43 3.73 2.3400 2.5200 -2.2700 2.2156 0.2689 -1.1733 4.16 -5.20 7.18 5 317 171 193 179 
7.21 -7.78 10.82 2.1100 -4.6200 3.0900 1.2656 -0.4878 0.5933 4.90 -2.89 7.98 4 313 177 194 177 
5.55 -3.78 8.15 0.8600 -0.3000 0.3000 -0.3500 0.1256 0.6456 4.77 -3.53 7.80 1 321 177 194 178 
4.57 -2.95 6.89 0.0000 0.3600 -1.0600 0.6044 -0.1167 0.6411 4.43 -3.62 7.96 171 300 208 207 180 
5.81 -3.77 7.78 2.0800 -0.2500 -0.0300 2.7489 -3.3789 0.8356 6.77 -1.93 6.81 1 284 200 198 176 
6.07 1.56 3.06 -1.5100 2.0000 -3.2700 4.4000 0.6611 -0.0456 7.36 1.56 6.28 167 318 186 186 171 
13.39 1.97 10.06 5.0900 -0.5600 5.2600 0.4233 -1.1689 1.4611 8.59 1.83 4.35 160 320 184 186 173 
7.02 1.12 6.59 -2.2300 0.7800 2.4500 -0.5956 0.1044 1.3833 8.74 -0.59 4.40 149 329 179 185 176 
4.50 -0.40 5.04 -5.3200 0.6600 -0.2500 -1.2833 -0.2267 -0.4289 8.55 -1.25 4.62 160 332 182 189 176 
6.39 1.42 0.04 -2.7500 1.9300 -3.1600 -0.4711 -1.0000 -1.8322 9.43 0.62 2.60 149 335 175 184 173 
11.85 3.59 -2.44 4.4700 2.0900 -3.4300 -0.0233 -1.4589 -0.7411 9.51 2.34 0.39 154 331 175 186 174 
10.95 2.98 -2.12 1.9900 0.0300 -1.5500 0.8489 -0.4944 -0.6189 9.22 3.25 -0.62 148 324 178 187 172 
11.67 3.16 -0.63 2.6700 -0.6900 1.0000 1.2333 0.0878 -0.3089 8.88 3.92 -1.38 150 320 179 188 175 
12.17 3.47 0.70 3.1000 0.4700 1.9200 0.6233 0.5422 1.6067 9.43 2.45 -1.03 134 322 183 191 177 
7.46 1.67 1.09 -3.7900 0.4900 0.8500 -0.5733 0.8833 1.2644 9.79 0.14 0.41 153 323 181 192 177 
;
