-3.80 2.04 9.30 -0.0700 -0.1000 0.7000 0.5011 -0.0944 0.0589 -3.71 2.35 8.76 171 303 311 358 209 
1.97 4.60 13.47 1.9900 -0.6900 1.4700 1.4711 -11.6856 5.0433 5.82 3.62 7.00 174 293 260 265 207 
9.03 0.17 -3.04 0.7500 2.6300 1.1900 2.0900 -8.3411 4.1611 6.43 -3.71 -6.40 173 276 260 250 189 
2.45 -1.02 -1.38 -1.4600 4.0100 4.9400 -0.4933 -1.1011 0.1744 3.76 -4.98 -7.55 178 285 260 255 189 
4.12 -4.76 -9.20 0.9700 -1.4200 -2.1300 -0.5500 0.4111 -0.3478 3.86 -3.89 -8.12 175 277 253 239 189 
9.77 -7.64 -12.26 3.5600 -3.2700 -4.6400 3.0856 6.4856 -0.5567 8.37 -4.63 -2.11 172 294 197 195 186 
5.11 -2.71 1.72 -2.0000 1.8800 -2.9700 3.6967 4.1933 0.7778 5.14 -3.13 7.73 173 252 174 187 191 
0.60 2.87 5.95 -2.7800 4.0400 -2.9900 1.2167 1.4211 -0.1244 2.68 -0.33 9.42 176 247 174 181 192 
1.00 4.44 9.02 -1.1800 4.2900 -0.3000 -0.6244 0.4889 -1.1144 1.32 -0.60 9.69 173 238 169 181 193 
1.98 -4.23 7.63 0.6300 -2.6900 -1.8500 -1.0267 -0.1322 -1.3278 1.71 -2.28 9.38 175 246 161 182 192 
1.97 -5.24 8.12 0.0000 -2.1100 -1.0100 0.0189 -0.1967 0.0500 2.00 -2.77 9.18 173 275 189 198 193 
;
