6.28 1.62 7.45 0.0800 0.0000 0.0600 0.0022 0.0422 0.0144 6.18 1.60 7.43 178 268 264 243 189 
6.21 1.79 7.56 0.0100 0.1400 0.0800 0.0622 -0.1200 0.0356 6.14 1.63 7.46 174 273 265 244 189 
8.29 2.77 9.14 0.5400 0.8600 2.2500 -0.6689 -6.6878 1.1800 9.23 0.81 3.19 172 296 256 243 185 
7.15 -0.84 -2.60 -0.9600 0.7300 3.0500 -2.1167 -6.8911 3.2278 4.87 -1.70 -8.33 177 255 245 240 195 
-1.68 -0.16 -4.49 -3.5600 1.2900 4.1600 -2.6211 -1.9089 1.5311 0.36 0.81 -9.76 176 243 248 247 181 
-0.20 3.32 -13.94 0.9300 0.0200 -2.2500 0.4889 0.6333 -0.4267 0.41 2.16 -9.55 182 249 269 248 184 
1.59 2.15 -9.49 1.0100 0.5100 -0.4500 0.0133 0.5444 0.1400 0.96 2.00 -9.55 184 245 226 197 182 
8.64 2.38 -12.09 5.3800 0.9800 -3.2100 1.9678 3.2800 3.4700 5.20 -0.66 -8.28 178 264 255 240 184 
4.33 -1.87 -4.67 -3.1800 2.3000 0.0800 0.0567 2.5000 3.6678 6.27 -5.61 -5.02 174 284 269 252 186 
2.85 -6.71 -6.36 -1.7200 0.1800 -2.0100 1.2667 1.3300 1.4156 4.99 -7.79 -3.24 177 283 278 253 186 
2.58 -5.82 -3.22 -2.1000 4.2300 -2.8000 4.6322 2.9078 0.9267 3.81 -8.54 2.93 175 279 275 255 188 
0.78 2.86 5.01 -0.2300 7.5300 -0.9000 6.7133 1.6467 0.1089 2.05 -2.47 9.26 179 280 274 248 188 
6.55 3.12 19.01 1.6500 1.7900 9.8000 1.0878 -0.6911 0.2944 3.28 1.60 9.10 181 288 264 241 187 
2.03 1.06 11.22 -1.2700 0.2200 2.3600 -1.0567 -0.6578 -0.6922 3.86 0.74 8.98 177 297 252 224 186 
3.63 0.98 13.30 -1.4800 2.3000 4.4700 -3.7322 -0.5844 -0.8767 4.63 -2.32 8.32 175 250 257 236 186 
7.90 -2.92 2.74 2.0500 2.9200 -1.7400 -6.3000 1.7133 0.9189 4.32 -8.22 3.13 176 239 247 230 186 
2.65 -6.90 -4.13 -0.1300 2.5900 -3.9300 -3.2711 2.0578 1.4689 1.65 -9.43 -2.08 174 242 246 234 187 
-1.28 -7.38 -11.05 -2.8100 0.7200 -8.9300 2.7067 1.2378 -0.0667 1.38 -9.47 -2.09 172 249 246 239 188 
6.53 -6.67 12.60 3.4800 2.1600 9.8300 -0.2056 0.4944 0.0222 2.12 -9.36 1.97 173 250 252 239 186 
1.18 -9.39 -2.45 -1.0200 0.0900 -2.1800 -3.0622 -0.9778 0.6022 1.40 -9.40 -2.40 173 250 249 241 188 
-2.56 -8.30 -11.37 -3.1300 0.3100 -7.6400 3.2211 0.0967 -0.9722 1.43 -9.52 -1.85 170 251 254 241 189 
3.66 -4.74 11.14 1.4800 1.5700 7.1100 0.8889 -0.1389 0.2622 2.49 -8.93 3.19 169 254 258 243 193 
3.34 -7.33 2.61 0.7300 1.9300 -0.9400 -0.0989 -0.8389 0.7000 2.21 -9.06 3.00 173 252 249 240 189 
1.53 -7.10 -0.98 -0.9400 2.1700 -4.0700 5.0089 -3.5100 1.3156 1.80 -7.93 5.47 171 254 252 237 186 
;
