4.19 2.74 7.98 0.0400 -0.1900 -0.7900 -0.0978 -0.3011 0.2378 4.00 2.90 8.46 175 276 247 239 183 
4.03 2.95 8.69 0.1500 -0.0300 0.3500 0.1344 0.2678 -0.2156 3.75 3.17 8.48 174 276 249 239 184 
4.11 2.79 7.88 0.1700 -0.2700 -0.7200 -0.0167 -0.1878 0.0767 3.95 3.06 8.43 177 275 246 241 185 
4.00 3.15 8.79 -0.0200 0.1400 0.7600 0.1789 -2.2556 0.2733 5.45 3.14 7.52 177 280 249 239 183 
10.27 2.50 7.43 0.3800 -0.0800 2.0500 -0.7078 -6.7667 3.0444 9.76 0.39 0.78 179 286 243 234 182 
4.58 -1.15 -2.94 -3.3100 1.3800 2.4800 -2.1733 -5.4400 3.0856 5.43 -2.60 -7.73 178 254 242 238 177 
-2.13 2.59 -7.57 -2.6300 2.8000 -0.4300 -2.8200 -1.8367 0.0056 1.38 0.50 -9.69 177 258 244 238 177 
2.35 0.71 -12.17 1.2200 -0.6700 -1.9600 0.0700 0.3667 -0.2811 1.59 1.22 -9.59 149 261 248 241 178 
2.87 1.32 -11.56 0.4600 -0.3200 -1.8300 0.8378 1.2967 -0.0756 2.67 0.74 -9.40 179 257 243 227 181 
8.11 -1.29 -14.28 4.2900 -1.1800 -6.4600 3.5400 4.7922 0.3278 7.12 -2.00 -6.43 178 262 181 181 166 
6.70 -2.91 -2.41 -2.8600 1.2400 -2.0400 3.7211 4.8811 0.0167 8.75 -3.56 2.62 175 187 163 176 167 
4.14 -0.56 3.48 -3.4700 2.1100 -2.5700 1.7333 2.0078 -0.0700 6.81 -1.73 6.83 166 174 162 175 169 
5.08 1.51 6.97 -0.6500 3.1300 -0.2000 0.2322 0.9178 -0.4711 5.91 -1.05 7.75 160 165 157 179 170 
6.13 1.53 7.65 0.9500 2.6700 -0.3600 -0.9733 0.8456 -0.6622 5.15 -1.16 8.25 161 158 163 183 171 
4.43 -2.68 5.81 -0.5100 -1.1800 -2.2800 -0.9567 0.5533 -1.0444 4.62 -2.24 8.35 164 162 166 184 172 
4.33 -6.06 8.08 -0.3400 -3.3400 -0.0400 -0.0944 -0.2189 -0.2722 5.00 -2.58 8.02 161 171 170 186 170 
5.69 -2.28 7.93 0.3100 0.8600 -0.0900 -0.4756 0.0667 0.4000 4.97 -3.07 7.87 165 183 175 183 173 
6.05 -2.11 6.56 2.4800 2.3600 -1.6300 -4.4411 3.5500 -0.0100 2.79 -6.16 7.09 168 227 204 218 177 
-2.19 -9.86 0.19 -0.7500 -1.5500 -2.1900 -4.5611 2.3267 0.1211 -0.21 -9.79 0.36 174 233 222 224 179 
-1.72 -11.87 -7.05 -2.3200 -2.8700 -5.5400 -0.5522 1.6389 0.4178 -0.52 -8.99 -3.87 163 247 233 229 182 
0.69 -2.97 4.50 1.9700 10.1500 13.3200 2.1967 -0.1200 -0.2689 1.69 -9.50 1.69 170 256 238 234 180 
3.19 -8.87 1.59 0.2100 0.6800 0.4000 -2.4289 -0.5122 0.6500 1.11 -9.67 -1.18 156 249 237 233 183 
-1.84 -8.52 -6.99 -2.0600 0.6200 -4.1300 -1.7778 -0.6100 0.1633 0.11 -8.77 -4.37 156 246 238 234 185 
-1.50 -5.33 -8.39 -3.5800 5.2000 -4.1500 5.7244 2.2489 -1.9833 2.00 -9.57 0.73 158 248 235 237 184 
4.40 -6.21 14.47 4.2300 2.1200 8.0300 -0.8867 -1.1933 0.4222 2.33 -8.90 3.38 170 252 219 240 185 
2.51 -7.32 0.38 -0.1000 2.1200 -2.5500 -2.2189 -1.4267 2.0956 0.41 -9.79 0.21 166 243 233 230 196 
-0.51 -6.65 -2.42 0.1200 3.8100 -3.0200 3.4444 -2.9933 1.6878 -1.53 -9.08 3.36 166 246 234 224 181 
-0.88 -5.62 7.64 -1.6300 1.8800 0.1800 2.8100 -0.7600 -0.2422 -0.62 -6.00 7.72 160 249 235 210 189 
1.41 -3.52 15.64 2.3900 1.5700 6.3100 0.1122 -1.2956 0.3833 -0.18 -3.81 9.03 165 253 244 230 182 
;
