4.45 3.16 8.51 -0.1300 -0.0500 0.0300 -0.0256 -0.2944 -0.0400 4.77 3.15 7.96 246 356 353 355 284 
4.80 3.39 8.55 -0.3400 0.0500 0.8600 0.4844 -1.1489 -0.0433 5.32 3.45 7.47 248 370 338 358 279 
11.07 1.15 6.92 3.7400 -1.8300 1.7400 -0.4156 -6.2733 2.9756 9.60 1.17 1.60 249 370 366 341 279 
6.69 -1.46 -1.14 -4.0000 1.5000 2.1900 -0.2667 -5.2100 3.0133 7.13 -3.63 -5.65 245 337 348 312 270 
0.08 0.38 -2.73 -2.8200 5.5500 5.2300 -2.9400 -2.9878 0.5367 2.22 -2.27 -9.27 246 339 344 329 269 
0.33 -0.06 -15.35 0.0000 -0.2500 -2.9800 0.3956 0.4978 -0.4567 1.84 -0.83 -9.59 245 341 348 330 268 
2.99 -1.12 -9.41 0.9200 0.1300 0.2500 0.1167 0.3467 0.0711 2.43 -0.97 -9.44 246 340 344 324 268 
1.72 0.40 -8.76 -1.5300 1.3700 0.2700 -0.0678 1.4144 -0.1367 3.92 -0.97 -8.93 242 338 321 308 267 
6.53 2.39 -9.26 -1.2400 2.2600 -2.6100 0.4556 8.4911 -1.5400 9.51 0.14 -2.35 237 316 298 286 268 
11.74 4.24 1.48 3.1900 0.6800 -0.3200 3.9933 -0.7011 0.6256 9.62 1.52 1.09 235 234 229 239 254 
6.36 2.11 5.82 -4.5500 2.0400 5.5500 1.4700 -0.5833 1.8667 9.74 -1.01 0.48 268 259 256 267 269 
5.07 1.70 0.51 -3.6400 2.8800 -0.6400 -0.2511 -0.0111 -1.1967 9.76 -0.66 0.53 257 244 242 257 258 
10.47 0.49 1.97 0.3300 1.0300 1.6900 -0.4478 0.3178 0.0711 9.78 -0.47 0.53 258 250 241 263 261 
7.48 1.46 2.31 -2.5900 1.7500 0.6900 -0.8233 3.0156 -0.9844 9.28 0.22 3.16 271 321 322 316 291 
3.17 1.35 3.56 -1.6300 0.1700 -3.7400 1.6400 7.6333 -4.0056 1.21 3.08 9.23 287 368 393 397 307 
0.43 5.84 10.46 1.4900 1.9900 3.0600 0.3733 0.1111 -1.6978 -0.48 4.77 8.55 292 395 419 435 317 
;
