5.53 0.49 7.74 0.0100 -0.0200 -0.1300 0.0144 -0.0378 -0.0400 5.75 0.58 7.91 163 274 254 234 183 
5.51 0.52 7.70 -0.2700 -0.0700 -0.2100 0.0300 -0.0900 -0.0567 5.78 0.59 7.89 164 276 254 240 184 
9.12 1.41 7.04 2.7300 0.2900 0.8600 1.3167 -3.4978 -0.6056 8.09 1.81 5.22 167 292 246 234 183 
9.80 0.28 1.69 -0.2600 -0.3600 1.8100 -1.1011 -5.1400 2.7078 9.33 -0.68 -2.92 176 275 250 242 183 
3.51 -1.92 -2.32 -2.2100 0.4200 4.7500 -1.3378 -3.2111 2.2656 4.72 -2.43 -8.24 175 257 254 243 179 
2.00 2.57 -12.28 -1.3600 3.0300 -3.6700 -2.0733 -0.9089 -0.1967 2.35 0.77 -9.48 176 261 250 248 180 
2.99 0.47 -9.81 1.2100 -0.8500 -0.1200 0.0900 0.2244 0.0233 2.81 1.02 -9.33 174 265 249 247 179 
5.11 0.00 -12.14 1.2300 -0.7500 -3.2600 1.6178 3.0422 -0.4133 5.25 -0.10 -8.28 177 271 194 186 167 
9.92 -1.93 -10.86 0.3400 -0.3400 -3.8100 3.8244 5.7322 -0.4578 9.30 -2.50 -1.81 171 255 158 164 159 
4.57 -1.10 0.08 -4.9000 1.9500 -1.7700 3.0544 1.4200 0.9900 8.48 -2.46 4.25 130 196 156 164 158 
4.47 2.06 5.85 -2.5700 4.2600 0.4800 0.1000 0.8400 0.3878 7.33 -2.09 6.15 122 188 162 162 157 
7.43 -0.06 6.01 0.6200 2.7600 -0.9900 -1.8100 1.3600 -0.5322 6.46 -2.94 6.75 122 178 160 173 160 
8.00 -3.38 5.05 -0.7800 -1.2500 -1.8200 -1.7511 0.5511 0.2633 5.60 -4.66 6.55 131 178 165 178 162 
3.60 -7.74 6.81 -0.7700 -2.1700 0.6400 -0.5956 -0.0033 -0.8200 6.02 -4.86 6.01 127 189 170 175 162 
5.89 -4.99 5.66 -1.0200 -0.0600 -0.2800 -0.3189 0.6389 -0.1711 5.98 -4.89 6.02 153 248 189 185 166 
5.56 -6.55 5.55 0.2400 -2.4600 -0.5100 1.3511 2.1589 -0.9011 4.62 -3.10 8.07 161 278 211 207 175 
8.53 -2.94 8.02 3.6200 -0.6900 -0.8100 1.6800 -1.0733 1.4456 5.15 -1.60 8.18 158 293 188 197 172 
7.28 3.41 6.11 -0.1100 4.6900 -1.3000 1.2567 -0.2133 1.2656 6.23 -1.08 7.49 155 194 161 170 164 
4.01 1.61 8.26 -1.9400 2.9800 0.7900 -0.2267 0.1289 -0.1267 6.13 -1.50 7.50 134 183 160 173 166 
8.40 1.49 7.16 1.5000 2.7000 -0.4900 -1.7100 0.4178 -0.5367 5.92 -2.40 7.43 128 185 161 174 166 
6.68 -3.61 4.69 0.3600 -2.0900 -3.0200 -1.6711 0.1856 -1.0989 5.68 -3.36 7.24 130 185 162 178 166 
6.41 -6.94 6.93 0.8500 -2.7300 0.3300 -0.0367 0.5111 -0.1978 5.87 -3.43 7.05 130 190 166 178 168 
;
