0.00 4.98 8.53 -0.0600 0.1000 -0.0100 -0.0056 0.0900 0.1256 0.00 4.83 8.53 254 377 383 411 292 
-0.03 4.83 8.32 -0.0500 0.0000 -0.1400 0.0233 -0.0400 0.0989 0.09 4.87 8.51 251 375 386 413 293 
0.82 6.20 9.37 0.2500 1.3900 1.1000 -0.2444 -1.4889 0.6089 1.47 4.71 8.46 252 376 383 397 291 
5.23 2.33 5.32 0.0200 -1.6700 -1.6100 0.6300 -6.7211 2.6322 8.21 3.16 4.32 250 378 386 377 286 
11.36 -2.15 2.67 0.9400 -2.9400 3.6500 -0.5967 -4.8922 3.2833 8.57 -1.30 -4.57 252 383 378 379 286 
5.76 2.74 -4.93 -0.3000 5.8900 2.3000 -1.9333 -2.9178 1.7222 0.90 -1.17 -9.69 243 319 316 324 269 
-1.72 3.15 -12.32 -1.1800 2.6200 -2.0700 -0.2144 1.0422 -0.4656 0.85 0.23 -9.76 243 331 324 331 268 
3.85 -0.08 -13.25 1.7800 -0.5300 -3.8800 0.6822 1.6811 -0.4689 3.12 0.03 -9.29 240 320 318 311 263 
5.45 -0.28 -11.68 -3.5500 -0.2200 -2.1200 2.6756 4.4533 0.5911 8.59 -2.13 -4.21 244 355 358 354 273 
6.96 -2.97 0.34 -0.6100 1.2000 -2.1500 2.3389 6.2278 2.9422 6.52 -4.36 5.87 270 364 370 406 297 
4.39 -0.18 4.46 -1.8800 3.0500 -1.6800 2.2867 -1.5889 0.0522 7.39 -2.29 6.01 259 403 385 390 285 
6.00 5.04 7.55 -2.0200 6.4900 2.0300 -0.5133 0.3767 -1.0100 7.84 -0.96 5.80 242 383 371 370 273 
9.74 2.31 3.23 2.0800 2.9700 -2.9900 -2.6700 -0.6044 -0.7333 8.34 -1.53 4.92 181 288 281 284 219 
6.71 -4.93 1.07 -1.9600 -1.2200 -2.4700 -2.4167 0.4000 0.8522 8.11 -4.71 2.83 181 280 265 273 213 
6.22 -5.79 1.91 -0.7800 -0.4400 -0.2600 0.5389 0.4867 -0.2422 8.06 -4.72 2.95 223 332 314 311 252 
2.88 -4.02 0.31 -4.5400 1.4400 -5.3700 0.0389 2.9667 -0.5533 5.63 -4.77 6.44 205 324 336 337 261 
0.38 -0.33 8.03 -2.1600 4.1700 1.1400 4.0811 3.9489 -2.7511 1.80 0.06 9.63 282 393 394 396 303 
;
-2.12 6.01 15.93 3.3300 4.4100 10.4900 -0.7889 3.4300 -1.2500 -0.14 2.40 9.50 255 380 415 421 313 
0.88 2.26 8.47 1.1800 0.6200 -0.4500 0.1611 0.2422 0.0200 0.26 2.18 9.55 212 330 343 359 247 
2.51 3.94 12.62 0.2800 0.6800 3.4800 -0.0700 -5.1722 0.3778 4.08 2.80 8.46 208 340 342 339 246 
9.27 -0.63 -0.80 -0.2000 -3.2200 -2.5300 2.1722 -9.7889 2.6278 9.00 0.59 -3.82 212 347 346 335 245 
4.00 -2.48 -7.82 3.2800 0.2900 3.8600 -0.2544 -6.3211 1.1078 0.97 -0.69 -9.73 202 295 291 305 239 
2.14 4.29 -7.25 1.5600 4.1500 1.9300 -1.0722 -0.5778 0.9122 -0.91 0.52 -9.74 219 309 297 315 238 
-1.54 3.53 -11.62 -0.8900 2.8000 -1.7600 -0.1389 0.4289 -0.0433 -0.87 1.25 -9.68 221 312 295 310 241 
2.54 2.33 -14.62 0.9500 0.4400 -5.9400 0.8289 7.4689 -0.6078 4.56 0.55 -8.66 216 321 318 317 248 
10.22 0.16 -7.63 -0.9000 1.8700 -3.5300 3.6689 4.3222 0.6300 9.66 -1.64 -0.33 236 362 365 383 266 
6.10 -0.39 0.92 -3.4000 1.3800 -1.3900 2.8833 1.8600 0.4011 9.03 -1.23 3.60 197 338 339 365 244 
4.73 4.15 4.46 -4.4700 5.0600 0.4000 -0.1344 1.2078 0.0678 8.23 -0.97 5.23 187 330 317 328 221 
7.62 2.54 4.04 0.6500 3.6800 -0.9900 -2.2656 -0.7678 -0.4767 8.50 -1.89 4.49 179 300 290 299 216 
6.62 -4.47 0.64 -2.1700 -0.8400 -2.3900 -2.4844 -1.6667 1.1978 8.32 -4.80 1.93 180 282 263 279 211 
6.97 -7.27 -1.30 -1.1100 -1.4700 -1.8500 -0.2289 0.1444 -0.2600 8.31 -5.10 0.99 198 303 283 293 231 
5.87 -1.97 0.02 -3.2200 2.8000 -3.2900 -0.3111 4.0567 0.3989 6.82 -5.20 4.74 205 320 316 316 239 
-0.33 -2.68 0.67 -1.6100 2.6100 -4.2700 2.5667 3.1267 -2.5578 3.90 -3.69 8.20 209 327 340 332 241 
2.58 4.45 17.38 1.1900 4.4800 8.7900 2.1378 0.5211 -0.6200 2.61 0.92 9.40 214 338 352 354 241 
;
