2.75 6.81 6.43 0.0000 -0.1100 -0.0500 -0.0389 -0.0289 0.0289 2.72 6.83 6.48 178 292 275 255 186 
2.72 6.84 6.50 -0.0300 -0.0200 0.0300 -0.0022 -0.0233 0.0156 2.73 6.85 6.46 176 292 269 258 184 
5.26 9.33 8.79 2.8300 3.2800 2.6700 -0.9367 -3.4756 2.3767 5.72 5.55 5.70 181 290 259 238 184 
6.32 0.28 1.97 -3.3500 -0.6000 2.1300 -2.5633 -9.4100 5.5244 8.05 -1.49 -5.38 182 260 223 222 177 
2.19 -1.77 0.96 0.0000 -0.4000 10.6300 -3.3778 -0.8300 0.7533 0.38 0.37 -9.79 178 250 229 227 176 
0.11 3.03 -13.73 0.4700 -0.3400 -1.9200 0.7300 0.3578 0.0256 0.51 1.98 -9.58 181 262 240 233 185 
1.40 1.96 -9.54 0.0700 0.1400 -0.1400 0.1700 0.7844 -0.0656 1.55 1.84 -9.50 176 252 219 211 174 
7.00 2.36 -13.60 3.2700 2.0800 -4.4200 0.8344 5.0233 2.1233 7.16 0.25 -6.68 134 250 203 211 174 
7.71 -0.34 -2.31 0.2900 4.3100 0.4000 -0.8767 3.4567 6.3811 7.15 -6.67 -0.59 111 189 166 192 174 
-3.51 -5.47 -1.99 -6.3100 4.0200 -0.8700 -1.0611 -0.5833 1.6889 1.32 -9.63 -1.25 111 187 166 192 174 
-0.35 -7.68 -4.84 -1.4200 1.7600 -5.2900 -0.1811 -7.2000 -5.0144 3.56 -8.60 -3.06 110 186 167 193 175 
7.53 -2.15 -9.31 2.3700 4.3900 -2.8700 1.1589 -5.8500 -4.5156 3.29 -6.12 -6.91 114 189 176 198 175 
6.84 -5.01 -6.51 3.2100 0.5500 0.4400 0.1156 0.0611 -0.0911 3.63 -5.82 -7.00 120 196 183 203 172 
4.76 -5.02 -6.20 0.7400 0.3600 0.5500 -0.7844 0.8167 0.3344 4.21 -5.50 -6.93 121 207 179 208 176 
5.19 -4.97 -6.64 0.7600 0.4500 0.2000 -0.6467 1.1889 0.4944 5.26 -5.25 -6.38 136 217 175 210 175 
9.65 -6.18 -9.03 1.0800 -0.9300 -6.7900 0.5667 14.0478 1.2400 7.27 -5.55 3.52 176 176 157 157 168 
9.22 2.81 7.77 8.4800 4.3500 -1.5400 3.4989 6.6011 0.8133 -1.26 -2.38 9.42 180 158 144 157 161 
-2.70 -1.67 15.50 -1.0900 -0.5500 5.8500 0.3878 0.3033 0.2411 -2.84 0.51 9.37 179 168 155 160 159 
-1.94 1.46 11.47 0.4300 0.4600 1.9000 -0.1067 0.0667 0.2589 -2.88 0.74 9.34 174 166 158 163 161 
-3.42 0.77 9.90 -0.5800 0.1100 0.4100 0.0956 -1.1522 0.1600 -1.91 0.90 9.57 179 187 166 172 171 
;
