3.58 3.81 8.52 0.0300 0.2000 0.0900 -0.0311 -0.1267 -0.0133 3.49 3.71 8.37 194 297 299 313 220 
4.00 4.06 8.48 0.1000 0.1300 0.4800 0.1989 -0.8444 0.0333 4.24 3.83 7.96 191 300 296 308 219 
6.41 2.12 7.99 0.5300 -1.7300 0.2600 0.5811 -6.5722 1.1578 8.27 3.44 3.97 184 298 261 263 206 
11.37 -1.20 -4.69 0.0600 -3.1400 1.7800 0.8944 -6.0300 3.0700 8.23 -0.48 -5.29 186 277 222 234 190 
-2.07 4.64 -2.74 -4.8800 7.2600 4.4700 -1.8978 -2.7878 0.0289 2.76 -1.83 -9.22 186 281 264 239 185 
3.31 -1.55 -10.53 1.0100 -0.5800 -0.5600 -0.3322 0.0678 -0.1833 2.05 -0.99 -9.53 189 282 262 239 186 
3.94 -0.64 -9.54 1.1700 0.5200 -0.0900 0.0011 1.7589 -0.3189 3.49 -0.87 -9.12 184 275 250 235 195 
6.57 -0.10 -7.57 2.0100 2.5200 -0.8600 -0.6856 3.5856 1.1567 7.36 -1.30 -6.34 168 280 262 245 196 
12.39 -2.26 -6.53 1.0500 0.6600 -3.2200 -0.4122 3.1900 5.0711 7.88 -5.81 -0.35 132 245 225 254 201 
1.29 -5.77 0.11 -3.7900 3.7800 0.6400 -0.5567 1.0689 3.6100 2.76 -9.40 0.10 113 210 202 231 199 
-2.47 -8.42 -1.17 -3.6600 0.9900 -0.9000 -0.6200 -2.5222 -0.6111 1.39 -9.64 -1.06 118 210 201 217 192 
0.91 -5.39 -9.30 1.0900 2.8800 -6.0000 0.8967 -7.4378 -3.7656 2.46 -8.46 -4.29 121 213 209 218 191 
5.83 -5.13 -8.19 5.6600 3.2000 -2.2400 0.0089 -1.0256 -1.5522 2.07 -7.83 -5.51 126 218 214 219 190 
8.03 -4.60 -4.61 4.3200 3.5000 0.9200 -1.0256 4.8144 -0.1400 4.62 -7.26 -4.69 157 243 252 244 199 
5.28 -4.17 -5.12 -3.7500 0.7200 -6.3300 0.8900 12.1411 -3.3844 6.67 -4.67 5.45 179 270 267 265 207 
;
5.26 2.03 12.55 2.4600 1.5100 3.4100 3.1811 1.7900 -3.0844 2.96 2.13 9.10 190 286 298 294 213 
3.78 3.40 12.94 1.0100 -0.8400 5.1100 -0.2956 -0.0978 -0.5844 1.17 3.22 9.18 192 295 310 302 212 
-0.02 3.04 9.64 -0.2900 0.2600 1.2400 -0.0133 -0.5244 -0.0211 1.35 2.90 9.26 192 293 310 295 212 
1.29 3.09 10.69 1.0100 0.6400 2.5600 -0.2656 -5.6322 -0.0333 4.63 2.97 8.11 184 303 293 277 212 
11.38 0.42 -4.47 3.5200 -3.0800 -2.6400 0.2144 -8.8522 1.1800 7.79 1.54 -5.74 179 263 255 256 198 
6.07 -1.41 -7.51 2.0100 -0.3700 1.5100 1.2667 -4.1356 1.6844 1.91 -1.55 -9.49 183 282 272 268 199 
0.96 4.64 -9.90 -0.7200 4.7300 -1.4100 -0.5700 0.2000 -0.1556 0.36 -1.33 -9.70 182 284 274 270 200 
2.34 -1.12 -10.86 2.3500 -0.2400 -0.7300 0.1733 0.6533 -0.0189 0.96 -1.14 -9.69 182 274 264 251 198 
5.27 1.23 -10.24 3.1900 2.4100 -1.5500 -1.0056 6.4867 0.0989 5.48 -0.85 -8.08 153 263 247 235 197 
7.89 -3.41 -3.67 -0.8900 1.1500 -1.3600 -1.2411 3.4422 5.7111 7.53 -6.23 0.77 126 248 243 250 198 
-1.42 -6.78 -1.45 -4.2800 2.3300 -1.0400 -0.4856 -0.2844 2.2344 2.28 -9.52 -0.48 117 225 220 242 197 
-3.05 -7.38 -0.58 -4.5700 2.1300 0.1500 -0.6044 -4.5900 -1.3911 1.77 -9.51 -1.57 117 218 203 215 190 
2.25 -6.69 -7.35 0.1100 2.2500 -3.2400 0.3922 -8.3367 -3.4611 1.52 -8.29 -5.01 117 217 189 213 188 
6.51 -4.70 -7.54 4.1700 1.4100 -2.8900 -0.9922 -1.2689 -0.9622 0.27 -7.40 -6.42 118 221 211 217 188 
4.71 -7.15 -7.45 3.8100 0.9800 -0.2400 0.1967 0.9644 0.0444 0.80 -7.43 -6.33 127 227 219 222 191 
5.03 -3.69 -5.71 2.2100 3.8400 0.3100 -1.2022 6.7333 0.2756 4.68 -6.91 -5.13 171 245 260 248 201 
3.39 -4.13 -3.70 -4.8500 1.9300 -4.0900 1.6267 10.6722 -2.6456 6.66 -4.97 5.19 182 265 281 265 205 
;
