2.60 5.57 7.51 -0.0200 -0.0700 -0.0300 0.0078 0.0078 -0.0156 2.65 5.67 7.54 179 282 271 258 187 
2.84 5.80 7.73 0.1000 0.0600 0.1000 -0.0833 0.0178 0.0111 2.60 5.64 7.58 177 281 265 259 188 
2.29 5.63 7.81 -0.3400 0.0900 0.2400 -0.1000 -0.2522 -0.0367 2.67 5.55 7.62 177 277 266 258 189 
3.01 5.41 7.90 0.0000 0.1600 0.3800 -0.2367 -1.0589 0.1933 3.47 5.20 7.54 179 276 267 258 191 
4.29 4.83 7.52 -0.1600 -0.0600 0.0600 -0.4289 -1.4956 0.4767 4.99 4.50 7.13 176 271 265 254 190 
4.05 4.27 7.86 -2.8700 -0.0300 -0.0300 -1.0878 -9.0667 2.1756 9.17 2.38 2.49 174 262 239 231 185 
8.89 -0.69 -2.63 -0.9100 -0.7600 3.9400 -1.3856 -5.3833 3.0322 4.79 -1.00 -8.49 178 261 237 230 179 
-3.34 3.31 -5.29 2.6200 1.7800 -2.0900 -3.1156 -1.9389 0.3878 1.49 1.91 -9.50 177 260 242 231 179 
3.65 4.71 -12.55 -0.7500 1.0200 -1.9600 0.1922 0.1544 -0.3344 2.23 3.03 -9.05 179 263 241 230 177 
4.83 3.26 -9.81 2.3600 0.7800 -1.8100 0.4178 1.5611 0.4356 3.37 2.38 -8.89 178 253 207 205 176 
13.43 3.87 -10.80 7.0000 2.8300 -4.5900 0.3556 6.8778 4.0544 9.26 -1.27 -2.94 141 223 189 216 178 
5.21 -1.99 -0.55 -3.3600 3.7900 -1.2100 -1.7122 2.8544 5.8300 5.29 -8.24 0.45 113 182 169 206 179 
-6.74 -5.77 -3.17 -7.7400 3.6000 -2.2500 -0.8978 0.7256 1.6711 -0.25 -9.70 -1.40 111 181 167 194 178 
1.32 -6.32 -10.01 0.9300 2.7200 -9.4600 0.5933 -10.9933 -6.3611 3.20 -8.58 -3.48 113 178 168 194 173 
6.97 -3.70 -6.65 3.8200 3.4900 -1.6100 -0.5011 -2.9389 -2.4800 3.21 -6.70 -6.39 113 185 171 194 168 
9.09 -5.67 -5.84 5.0900 1.1900 -0.2100 -0.1756 3.2789 1.3711 4.13 -6.88 -5.62 145 194 179 207 171 
10.16 -4.68 -6.71 3.4000 2.7200 -3.2800 -1.5656 9.1211 4.7400 4.02 -8.74 -1.89 165 275 264 244 181 
0.17 -7.59 -7.31 -0.8600 0.9600 -4.1300 0.0344 0.7978 0.8411 2.06 -9.42 -1.77 168 288 276 257 183 
0.26 -7.00 -5.32 -1.3700 3.6600 -3.4400 3.7411 -0.2889 -0.7211 2.24 -9.37 1.79 165 274 274 253 183 
-0.81 -0.61 5.00 -3.5000 6.9200 -2.0300 6.7467 2.8656 -0.3411 0.89 -3.94 8.93 168 280 270 256 183 
-0.95 3.41 20.50 2.2900 0.9200 11.0300 1.5967 0.1211 -0.7833 -1.39 2.37 9.41 176 296 277 255 187 
-1.80 0.73 10.52 -0.4900 -0.7700 0.7200 -0.4822 -0.1411 -0.4167 -0.83 1.25 9.68 179 289 277 255 187 
;
