-0.61 3.91 8.92 -0.0100 0.0000 -0.0500 -0.0189 0.0044 -0.0122 -0.64 3.92 8.96 168 306 319 327 208 
-0.77 4.15 12.63 0.8800 0.4900 3.9100 0.6767 -4.3844 1.3900 1.72 4.49 8.54 173 288 250 246 208 
15.28 4.51 -5.89 2.6200 3.2000 -1.8300 4.2322 -8.8922 3.7356 6.30 -2.16 -7.18 175 255 233 226 185 
4.68 0.08 -1.02 0.9100 4.5700 6.8700 0.8944 -0.2156 0.2589 3.44 -5.07 -7.65 177 266 247 236 186 
4.46 -4.47 -10.25 1.5600 -1.0700 -3.0500 -0.4389 -0.1167 -0.0622 3.27 -4.23 -8.21 178 268 250 237 186 
3.78 -3.58 -7.22 -0.1400 0.8900 1.0300 0.0889 0.6022 -0.0700 3.92 -4.48 -7.78 178 269 246 238 190 
9.10 -2.20 -5.35 1.7800 2.2300 0.6600 -1.9967 12.7811 -0.6444 9.13 -3.38 -1.15 173 276 251 252 201 
-2.67 -1.80 4.13 -4.4000 0.6800 -3.0400 2.8278 9.1667 -2.1678 -1.51 -0.45 9.67 175 307 308 329 201 
-2.40 6.81 12.09 1.7000 4.3800 4.0200 3.6389 0.4089 -0.1611 -3.12 5.01 7.82 176 314 324 342 204 
;
-4.05 3.61 4.65 -2.1000 -0.7200 -3.7500 0.1911 -1.4078 0.1400 -1.48 4.68 8.48 176 316 323 327 206 
-0.74 4.11 8.94 0.1200 -0.2000 0.4000 0.1944 0.0500 0.1011 -1.04 4.46 8.66 176 307 322 336 209 
6.78 5.89 12.41 5.0600 0.9100 1.5800 0.5844 -9.4744 5.0989 7.11 3.19 5.94 174 299 270 261 207 
8.51 0.54 -4.53 0.1500 1.7900 -1.2400 3.0444 -7.3778 2.6089 6.67 -2.85 -6.59 176 267 245 236 189 
4.26 -1.07 -0.97 0.0500 3.7800 6.7100 -0.1567 -0.4411 0.3644 3.96 -4.59 -7.70 178 274 254 245 187 
5.06 -5.60 -10.71 1.5200 -1.2900 -1.5800 0.5222 -0.1800 0.0500 3.31 -4.32 -8.15 178 276 257 247 188 
3.45 -3.48 -7.02 0.1300 1.0000 0.9200 0.1511 0.5411 -0.0178 3.70 -4.59 -7.83 177 278 257 250 195 
8.56 -0.92 -5.96 -3.8500 1.9100 -3.6600 -2.1778 16.2878 -1.8844 8.38 -2.81 4.22 173 299 302 291 203 
;
-5.80 0.53 6.62 -5.0400 1.8800 -0.1600 5.0289 3.2767 -2.1356 -2.38 2.21 9.25 178 321 307 345 202 
-3.48 5.32 12.84 -3.3400 0.8500 9.7700 1.1267 -4.2944 0.0822 -1.62 4.90 8.33 177 319 322 331 205 
-1.63 5.54 8.13 -0.2000 0.9600 0.2000 -0.3733 -0.2544 -0.1067 -1.45 4.48 8.59 175 321 322 334 207 
1.32 7.91 14.49 3.3200 3.1500 6.3200 -1.2322 -4.7656 2.6578 2.33 3.96 8.66 177 311 306 293 210 
10.12 1.83 1.34 0.5600 0.4800 -2.2100 2.9522 -10.9100 4.5222 9.07 -1.38 -3.44 176 274 236 245 199 
6.20 0.78 -2.79 0.6700 5.4600 4.8800 1.3789 -1.5289 0.9511 4.16 -5.37 -7.06 178 274 246 244 191 
5.14 -4.50 -7.71 3.0000 1.3500 -1.4900 -0.9411 -0.3533 0.0478 3.26 -4.71 -7.95 178 275 251 249 190 
2.99 -4.63 -8.07 0.4600 0.6600 0.1700 0.3311 0.3611 0.0478 3.39 -4.93 -7.76 178 277 251 248 194 
8.74 -0.76 -4.55 0.6100 3.6100 -0.2400 -1.7144 14.6000 -0.2678 8.85 -4.17 -0.50 174 305 295 285 203 
;
-0.51 -1.43 4.43 -4.0600 -0.0400 -3.5300 4.4944 8.1133 -3.0822 -1.06 0.89 9.70 180 345 319 349 201 
3.56 7.65 17.46 3.4900 4.0200 8.9900 2.0833 -0.5311 0.1244 -1.72 4.87 8.33 177 356 334 349 206 
-1.45 5.92 7.58 0.7500 1.5500 1.2600 -0.4822 -0.3233 -0.0956 -1.04 4.60 8.59 177 350 332 346 207 
1.66 7.33 13.34 4.3700 2.4900 4.7800 -0.4556 -5.5644 2.5900 3.05 4.26 8.28 176 330 325 332 211 
14.84 3.05 -2.93 5.0100 2.2700 -0.7700 4.0833 -10.2044 5.2156 7.20 -1.84 -6.39 176 273 254 256 204 
5.13 0.68 -3.32 -0.1800 4.9500 4.1400 1.2989 -0.3656 1.0189 3.79 -5.10 -7.46 177 267 245 254 193 
5.04 -4.67 -7.61 1.5200 0.4700 -0.2700 -0.1144 0.2944 -0.0322 3.65 -5.15 -7.50 177 273 253 257 193 
3.50 -4.80 -7.54 0.6600 0.5200 -0.1200 -0.0667 0.0244 0.0044 3.85 -5.08 -7.45 177 275 256 260 194 
5.85 -3.27 -6.23 2.1600 2.2100 1.4600 -0.6844 3.6800 0.0478 6.41 -4.57 -5.83 176 282 258 258 202 
2.23 -3.27 -4.16 -6.7400 -0.2300 -8.6600 0.9189 14.4200 -2.7256 2.20 -2.24 9.28 175 322 304 329 203 
;
-4.30 5.25 12.44 -0.5800 2.8000 3.8200 2.8989 -1.3444 -0.1922 -2.40 3.81 8.70 181 334 326 342 205 
-0.42 4.23 7.83 0.7900 -0.9400 -1.4400 0.3867 0.5300 0.0811 -1.03 4.87 8.44 179 322 327 341 208 
-0.50 5.11 10.61 1.1600 0.9800 3.5400 0.0533 -3.4711 1.0767 1.28 5.10 8.27 179 323 317 319 211 
10.93 3.79 4.83 2.9600 0.9400 -0.0500 1.9211 -8.5944 5.0822 9.76 0.83 -0.23 177 296 280 258 206 
6.37 -0.06 -4.13 -0.3300 3.8800 2.4500 2.4744 -4.0867 1.8700 4.83 -4.96 -6.94 176 265 239 233 193 
1.31 -2.71 -1.74 -1.8700 3.0500 4.6600 -0.3667 -0.9400 -0.1933 3.19 -5.85 -7.18 177 274 254 243 192 
5.51 -5.94 -9.11 1.9400 -0.6600 -1.3300 0.0144 0.1222 -0.0178 3.14 -5.44 -7.52 179 277 259 246 192 
3.82 -4.01 -6.01 0.6000 1.3900 1.3000 -0.3800 0.0333 0.0067 3.27 -5.30 -7.56 178 279 260 249 193 
5.20 -4.65 -8.10 2.3300 0.7300 -0.3000 -0.0311 1.9922 -0.1289 4.11 -5.15 -7.25 179 285 262 245 200 
8.97 -1.63 -2.81 -3.3300 2.8700 -0.1900 -1.4022 11.4789 -1.1811 8.79 -3.81 2.07 174 299 302 294 203 
0.40 -1.66 4.40 -3.7100 0.6000 -3.4100 3.7744 7.5400 -2.5356 0.16 0.40 9.79 177 327 324 347 203 
;
-2.94 4.02 11.94 2.5900 1.1500 4.2500 2.6867 -0.8000 0.0133 -1.85 4.75 8.37 175 330 328 350 207 
-2.12 4.06 6.61 -0.6600 -0.0700 -0.3900 0.7856 -0.8922 0.1267 -1.35 4.98 8.33 178 320 323 324 210 
6.19 5.82 11.76 4.0200 1.4200 2.5000 -0.3378 -5.9633 3.4667 5.54 3.62 7.23 176 316 302 298 209 
7.74 0.72 0.89 -1.8500 1.0600 0.6800 0.9622 -8.7211 4.2756 8.71 -2.53 -3.71 175 282 250 246 200 
2.64 -0.47 -3.06 -1.4000 4.0300 4.9800 -0.0767 -1.9844 0.3711 3.79 -4.60 -7.78 176 278 257 252 195 
5.06 -4.15 -10.25 0.5000 0.3500 -2.5700 -0.4433 -1.1011 -0.3811 3.02 -3.62 -8.59 177 283 266 257 195 
3.30 -3.16 -6.42 0.6600 1.3700 2.5200 0.1222 0.2289 0.1511 3.44 -4.13 -8.20 177 285 268 259 197 
4.11 -3.85 -8.84 0.5500 0.0800 -0.5900 0.0011 -0.0133 -0.0444 3.43 -3.86 -8.33 177 285 268 259 197 
8.56 -1.85 -7.28 4.1900 2.2600 1.0800 -0.3089 8.5667 -0.0900 7.44 -3.85 -5.08 174 280 279 273 205 
-0.42 -2.75 -1.56 -7.4700 -0.5500 -7.2900 1.1056 8.6433 -1.7233 2.41 -1.99 9.29 174 306 292 330 204 
;
-4.59 5.21 13.56 -2.1900 3.0700 3.9300 2.2722 -0.9300 -0.6378 -2.02 2.81 9.17 177 314 311 340 205 
13.28 13.10 37.48 3.8300 -0.3900 4.7100 0.7889 0.0700 -0.0156 -0.58 4.41 8.73 172 308 320 341 208 
0.05 7.27 13.22 1.6400 2.3400 5.0200 -0.3200 -3.3900 1.4267 1.40 4.78 8.44 174 307 313 318 210 
6.95 2.52 6.03 0.4900 0.0700 0.1500 1.3733 -8.5522 5.2756 9.49 0.42 2.43 175 276 285 268 205 
6.10 0.37 -3.41 -1.1100 3.9600 3.8900 0.7289 -4.3300 1.3900 5.43 -4.49 -6.81 176 260 251 246 195 
4.01 -1.92 -6.56 0.8500 2.8600 -0.7800 -0.6911 -1.3478 -0.2689 3.29 -4.13 -8.25 177 266 256 250 194 
4.78 -5.05 -8.63 1.7400 -0.5900 0.4500 0.4344 0.5489 0.1389 3.44 -4.40 -8.05 177 267 259 253 196 
3.45 -3.60 -7.07 -0.0500 0.7200 0.9200 0.1267 -0.0044 0.0411 3.60 -4.56 -7.89 177 268 262 252 196 
8.63 -1.92 -7.17 4.9900 2.1300 0.5400 -0.5833 6.7900 0.3922 6.59 -4.34 -5.81 176 282 272 258 203 
1.24 -3.15 0.50 -6.3000 1.6800 -3.2600 0.9533 9.9278 -2.0589 5.01 -2.78 7.95 173 300 313 334 203 
-1.93 3.59 11.25 -1.3300 2.7500 2.3600 5.1022 1.6222 -1.4278 -2.27 3.98 8.66 180 334 333 359 203 
;
7.36 16.68 34.67 4.6900 -0.3300 -2.0500 -0.3789 -0.0033 0.0100 -1.26 5.30 8.14 178 333 324 351 209 
2.36 8.60 12.68 2.8800 2.2600 3.6000 -1.8944 -2.3344 1.5733 1.45 4.70 8.48 179 327 314 323 210 
7.58 2.59 6.11 0.1100 0.4600 0.0800 0.2356 -7.3667 5.1389 9.42 -0.24 2.69 177 294 284 259 205 
5.56 -1.50 -2.90 -0.5800 2.8500 2.8000 0.3967 -5.9667 1.8978 5.45 -4.54 -6.76 177 257 241 229 191 
0.13 -2.12 -4.94 0.0400 2.5200 -1.8300 -1.2933 -1.5089 -0.8644 3.17 -3.78 -8.46 177 268 250 241 190 
1.66 -5.44 -5.07 -0.6200 -0.4800 2.8300 -0.0589 -0.0289 -0.1333 3.21 -4.49 -8.10 177 273 254 242 191 
4.04 -3.45 -7.79 -0.4200 0.7200 0.5700 -0.0411 0.1978 -0.0100 3.42 -4.30 -8.11 177 276 252 238 194 
9.41 -1.70 -3.80 2.0800 2.5900 3.2200 -0.9756 11.2433 -0.3789 9.06 -3.60 -1.04 175 280 288 277 203 
1.05 -1.25 3.81 -2.9100 0.8700 -3.5200 3.4578 8.8133 -3.3900 0.36 1.19 9.72 179 329 327 347 202 
;
