6.96 0.20 6.16 -0.3300 -0.0800 -0.3800 -0.0467 -0.0156 -0.0756 7.32 0.34 6.51 171 275 262 234 185 
7.44 0.55 6.67 0.1600 0.1100 0.0900 0.0667 0.0200 0.0100 7.27 0.45 6.55 170 276 263 234 187 
7.33 0.51 6.18 -0.1300 0.0100 -0.2300 0.0567 -0.3044 -0.1400 7.49 0.58 6.29 172 277 260 235 185 
11.55 1.61 5.91 3.0800 0.6100 0.8300 0.6111 -2.8689 0.0800 9.04 1.09 3.63 175 303 263 243 186 
8.64 -0.73 -0.35 -1.2100 -0.3200 3.0000 -2.0400 -6.3456 2.7711 7.44 -1.21 -6.27 177 274 247 239 185 
1.34 -0.38 -4.42 -2.7300 0.4800 4.9900 -2.4600 -2.4644 1.5422 2.14 0.46 -9.55 177 259 250 243 187 
1.07 4.33 -13.58 1.1900 1.1500 -3.3000 0.1600 0.5400 -0.3700 1.48 2.28 -9.41 176 265 255 248 186 
2.35 2.08 -10.15 0.6400 -0.3000 -0.6500 0.1711 0.1322 0.0644 1.64 2.31 -9.38 177 264 253 243 186 
1.45 2.32 -10.48 -0.4900 0.3800 -1.3900 0.8300 0.8367 -0.1933 2.33 1.53 -9.40 176 257 235 221 185 
3.13 0.87 -10.32 -2.3900 1.1200 -2.1200 2.8544 6.0044 -1.2300 7.27 -0.75 -6.53 178 206 186 177 178 
2.38 1.99 -0.37 -7.2300 2.2500 1.4100 3.0044 2.3789 -1.7856 9.79 0.34 0.23 176 166 138 158 168 
9.44 3.24 4.08 3.4700 2.0700 2.2100 0.9778 0.9333 -1.9478 9.04 3.30 1.87 178 149 153 166 168 
9.35 4.01 4.50 0.2600 0.7800 2.4100 -0.5856 -0.0722 0.4089 9.19 2.95 1.71 177 164 156 170 164 
12.94 4.38 3.02 4.3700 2.4500 1.4400 -1.0044 0.3444 1.6100 9.47 1.34 2.12 177 212 182 170 176 
8.42 1.30 4.88 -0.8600 3.4000 2.5000 -3.9333 -0.2100 3.1244 8.81 -3.77 2.04 177 261 237 227 181 
5.50 -4.29 -0.39 -2.1000 3.2400 -0.9400 -3.3233 0.7267 2.8367 5.74 -7.90 -0.88 173 289 240 245 182 
2.05 -7.05 -6.57 -2.7000 0.6300 -4.3500 0.2489 0.8589 0.5533 4.44 -8.53 -1.87 172 286 241 241 183 
4.38 -9.58 -3.17 -0.7200 1.0100 -3.6200 2.4300 0.8744 1.2156 3.41 -9.14 0.95 175 282 260 246 182 
0.36 2.49 3.70 -2.2100 10.0500 -1.6400 5.3189 1.4344 1.1744 1.43 -5.39 8.06 160 291 267 245 186 
-1.67 2.19 15.56 -1.8400 3.1100 6.8700 2.1178 -0.5422 0.1967 0.55 0.60 9.77 177 299 251 251 185 
-0.29 0.15 12.37 -1.3100 -0.4300 2.2700 -0.3211 0.0578 -0.3756 1.19 0.50 9.72 176 300 247 250 185 
0.32 0.27 8.53 -0.3600 0.1200 -0.9600 -0.3500 0.1589 -0.4467 0.92 -0.07 9.76 175 296 248 242 185 
;
