2.87 4.40 8.08 0.0300 -0.0200 -0.1000 -0.0156 0.0067 0.0022 2.84 4.45 8.26 162 255 243 245 180 
2.97 4.86 9.49 -0.2300 0.9300 2.2400 0.2356 -2.5711 0.4267 4.94 4.39 7.23 174 264 244 249 179 
10.06 1.79 3.84 -0.4900 -0.4600 3.5100 -1.9700 -7.7956 3.6122 9.15 0.77 -3.43 176 250 241 250 177 
-1.36 -0.32 -2.63 -5.7800 0.8200 5.3600 -2.2978 -4.7156 1.2478 4.00 0.63 -8.93 176 248 239 243 173 
2.73 4.26 -17.02 2.9400 1.1200 -7.5300 0.1956 0.3967 -0.1767 2.27 2.36 -9.24 178 254 245 247 171 
4.09 2.88 -9.55 1.4500 1.2400 -0.5700 0.5478 0.8078 0.2344 3.25 1.37 -9.14 175 251 236 231 173 
13.30 3.34 -13.65 3.3300 2.9500 -5.4500 0.4700 7.7800 4.5644 8.88 -2.20 -3.51 119 214 201 227 169 
3.49 -0.50 -0.97 -4.4600 6.2300 -1.3300 -1.8633 4.1267 6.7678 3.22 -9.26 0.10 104 185 167 210 174 
-7.47 -7.50 -1.97 -6.7700 1.3600 -1.2500 -0.2789 -1.5911 -1.0867 0.63 -9.70 -1.22 99 178 166 199 176 
3.53 -7.71 -8.18 0.0000 0.3200 -7.5600 1.1533 -9.9089 -5.2811 3.80 -8.32 -3.52 109 177 166 203 172 
9.68 0.21 -7.39 9.8400 5.1200 1.8300 -0.1667 -0.8056 -1.6178 3.03 -7.57 -5.43 117 182 178 207 168 
6.02 -7.16 -4.29 2.5800 0.3500 0.9300 -0.2800 1.0022 0.2833 3.55 -7.47 -5.26 117 190 171 207 168 
5.18 -5.57 -4.72 0.8800 1.6400 0.5800 -0.7411 2.3500 0.0789 4.55 -7.06 -5.04 146 214 188 213 169 
6.93 -9.54 -5.14 0.7100 -4.0000 -1.1400 -0.9822 3.0000 -0.9733 7.40 -5.66 -3.03 153 234 191 201 170 
10.65 -8.64 -3.77 1.1300 -1.6000 -2.8700 5.1200 1.0067 -0.4322 8.32 -5.03 1.21 145 234 143 166 153 
6.00 -0.74 2.69 -2.7200 4.1200 -1.5300 2.3233 2.2844 -0.9011 7.77 -2.60 5.37 103 186 147 161 147 
6.71 2.26 4.65 0.2500 3.9900 -1.8600 -0.8511 1.1200 -0.8644 6.84 -1.89 6.75 112 177 154 164 143 
7.16 -1.15 6.45 1.6000 1.0800 -1.0400 -1.6289 1.1500 -1.2889 5.89 -2.04 7.56 106 179 143 163 155 
4.13 -5.99 6.46 -3.0100 -4.0300 -0.6900 -0.4356 -0.9000 -0.1633 6.10 -2.94 7.08 115 174 152 167 154 
6.22 -3.59 8.17 0.1500 -0.0300 1.0700 0.0256 -0.1211 0.4289 6.15 -3.23 6.91 116 178 159 170 156 
;
