2.14 3.85 8.81 0.0200 0.1000 0.0000 -0.0067 -0.0222 -0.0189 2.15 3.78 8.78 196 296 299 310 220 
2.13 3.93 8.83 -0.1100 0.2200 0.0900 0.0322 -0.1100 0.0200 2.20 3.80 8.76 197 295 299 311 220 
2.65 3.60 8.97 0.5700 -0.5500 0.4600 0.4444 -0.8922 0.1278 2.80 4.10 8.45 198 296 294 299 222 
11.39 3.04 5.59 5.6500 -0.5700 -1.3900 0.8778 -2.6956 2.9156 7.13 3.06 5.99 195 218 199 215 206 
10.42 5.31 5.45 0.5900 5.0800 2.0700 1.1656 -1.9144 3.0000 9.53 -0.09 2.29 196 174 166 185 188 
0.37 0.24 1.11 -9.6500 2.2200 -0.6200 -0.2089 -0.4544 0.4711 9.40 -2.44 1.34 194 177 168 190 189 
13.53 2.33 -1.44 6.4000 2.2400 -2.8400 -0.6389 -0.7122 -1.6033 9.75 0.20 0.99 197 183 171 194 190 
11.86 0.50 2.58 1.5400 0.0800 1.0600 -0.5300 0.1144 0.0778 9.73 0.39 1.07 197 190 175 195 190 
8.21 1.48 0.50 -1.4300 -0.4400 -1.4500 -0.3800 -0.2144 0.4678 9.73 -0.22 1.15 197 205 184 203 192 
10.19 0.14 0.94 0.8200 0.5100 0.0200 0.1922 0.1822 -0.0833 9.70 -0.11 1.38 198 210 205 215 202 
9.14 1.62 2.24 -0.4300 1.6600 1.5400 -0.5867 -1.5889 0.7367 9.78 -0.49 0.44 199 281 245 251 204 
13.25 -4.12 -2.45 3.9100 -1.7600 -1.1300 -0.7622 -2.7544 4.3878 7.32 -4.56 -4.66 198 285 208 199 181 
3.10 -7.00 -6.01 -1.8300 0.9000 -1.0800 1.8767 -0.1067 2.0244 3.03 -8.22 -4.39 181 285 196 196 179 
0.58 -7.40 -4.14 -1.4500 1.5700 -1.3700 1.6822 -0.0689 0.1800 2.21 -9.35 -1.93 16 266 187 186 175 
1.75 0.94 0.31 -1.0000 11.7200 0.6200 7.5722 0.5422 -2.1956 3.22 -6.71 6.38 199 251 193 202 199 
4.08 -10.94 -3.01 2.3400 -1.0800 -1.8400 -1.1900 -0.3533 0.2878 2.74 -8.68 3.63 227 251 217 217 204 
0.52 -7.74 0.76 -1.2100 2.7700 -1.4500 -2.9478 1.4344 -0.7311 2.47 -9.48 -0.33 214 261 245 233 214 
3.09 -4.98 -4.03 -2.8200 1.8600 -3.5100 0.3289 5.9333 -4.6889 6.81 -6.74 2.07 223 280 285 267 227 
5.93 0.64 3.55 -0.6600 4.4900 -1.9700 4.8111 4.3733 -1.7989 4.38 -0.13 8.77 227 308 323 318 239 
-3.52 6.76 21.65 -5.7200 2.0700 9.6500 1.3733 -0.7078 -1.3556 1.23 4.21 8.76 214 321 325 337 237 
;
1.25 3.27 8.93 -0.6500 -0.6400 -1.0200 0.0678 -0.2511 -0.0533 1.49 3.95 8.84 221 318 331 335 236 
3.08 4.36 9.73 0.9800 0.3000 0.4600 -0.2744 -0.1733 0.0811 1.91 3.68 8.88 219 312 319 320 227 
2.06 3.83 9.06 0.1100 0.1700 0.1300 0.0144 -0.2689 0.0778 2.14 3.65 8.84 209 302 313 317 224 
3.83 3.37 10.94 1.0600 -0.8200 1.5200 -0.1233 -5.5744 0.7267 5.81 3.53 7.06 207 297 288 270 219 
13.02 1.08 1.22 2.2000 -1.2900 -1.9000 0.6344 -0.8967 2.1178 9.36 1.18 2.66 201 204 157 196 199 
14.30 5.20 0.04 3.4100 5.9600 0.1200 1.9222 -1.0844 2.9378 9.52 -2.19 0.74 201 185 177 188 187 
-4.83 -2.86 1.84 -15.3100 0.3200 2.6200 1.2378 -0.4367 -0.8567 9.12 -3.44 1.06 203 187 185 194 190 
11.88 -1.71 2.24 2.6900 0.5000 1.4800 -0.1489 -0.2022 -0.5578 9.58 -1.86 0.87 200 191 187 196 190 
6.72 -1.64 1.49 -3.0600 0.1800 0.7000 -0.1622 -0.0878 -0.6567 9.66 -1.38 0.91 201 197 182 201 192 
9.75 1.00 2.45 -0.3200 2.0200 1.2700 -0.6956 1.4800 -0.7178 9.60 -0.57 1.90 204 230 207 227 209 
6.53 3.79 4.44 -0.1800 2.7800 1.6100 -1.8000 -2.7100 -1.8044 9.46 1.48 2.08 206 308 265 250 213 
15.26 -1.86 -6.00 5.9600 -2.7600 -5.1100 -0.3444 -5.0700 4.1922 8.30 -1.52 -4.99 204 288 222 212 198 
4.28 -3.81 -9.29 -1.6500 2.6900 -2.7000 4.4989 -0.5744 2.8044 4.92 -7.66 -3.63 195 260 193 203 194 
1.37 -2.30 -5.47 -3.2600 7.2400 -3.9700 5.8733 1.0978 -0.2722 3.62 -8.32 3.71 188 238 189 189 182 
4.55 -2.51 13.27 0.6400 3.8900 6.7200 -3.0811 0.0100 0.5900 3.38 -8.34 3.88 189 225 188 192 184 
2.23 -7.76 0.65 -1.0000 1.6400 -0.9300 -2.7511 -0.2411 -0.1456 3.22 -9.25 -0.01 191 250 208 209 191 
4.17 -5.97 -3.15 -0.9100 3.1200 -2.4100 -1.3211 4.9811 -2.5367 5.99 -7.75 0.15 191 253 235 227 198 
5.08 -1.97 1.26 -1.4000 3.1000 -4.0500 5.4167 6.4856 -2.9211 4.73 -2.16 8.31 194 283 291 282 208 
-1.13 5.01 16.13 -5.4400 2.1600 7.1200 1.6922 -0.2533 -0.7333 2.60 3.20 8.89 197 297 313 305 213 
;
