0.10 5.90 7.76 -0.0400 -0.0700 0.0000 -0.0056 -0.0178 0.0022 0.17 5.99 7.76 185 310 334 362 225 
0.13 5.92 7.78 -0.0600 -0.1100 0.0100 -0.0067 -0.0133 0.0022 0.18 5.99 7.76 187 311 334 361 226 
-0.01 6.17 8.22 -1.0800 0.2400 0.3800 -0.7678 -1.6189 0.6933 1.20 5.59 7.96 188 307 307 307 227 
6.65 3.88 5.34 3.5300 -2.0100 -5.2300 0.4356 -10.0956 2.0033 8.77 3.55 2.53 188 192 195 193 214 
11.93 5.13 1.43 1.2200 3.8600 0.4900 1.7300 -0.2911 3.0456 9.79 -0.26 0.45 188 163 167 171 200 
3.91 0.02 1.73 -6.2400 2.4800 1.9900 1.1556 -0.6000 0.7622 9.44 -2.61 0.36 187 164 167 173 197 
1.97 2.12 1.22 -4.2600 3.9900 0.2800 -1.1711 0.0344 -3.0522 9.80 -0.06 -0.11 190 168 173 177 197 
13.78 -0.28 1.14 2.8700 -0.6100 2.4300 -0.2289 0.0200 0.6622 9.79 0.27 -0.41 189 172 176 181 200 
12.85 2.50 1.83 3.7700 3.0400 1.7400 -1.3489 2.5256 1.4256 9.58 -1.19 1.69 188 238 201 216 211 
8.28 -0.44 2.24 0.4100 2.6900 -5.0400 -7.5200 10.0667 0.9200 2.73 -7.27 5.97 186 381 207 210 209 
2.83 -5.50 -0.61 1.1900 2.7300 -5.4100 -0.3044 2.2611 -0.4867 0.91 -8.47 4.85 190 394 190 191 203 
1.26 -1.82 2.45 1.2600 5.5800 -2.2700 2.9089 -0.1778 -0.1644 0.95 -6.28 7.47 190 398 189 190 201 
4.08 -3.06 14.09 2.5400 -0.4100 4.7900 3.3856 -0.7911 1.5344 1.01 -1.48 9.64 192 404 193 198 201 
0.08 -3.27 18.43 -1.0100 -1.8700 7.3400 -2.1289 -0.2344 1.9678 0.94 -2.07 9.53 191 395 199 209 202 
-1.88 -2.51 10.73 -2.9900 1.8700 1.5600 -2.9656 0.4578 0.9000 0.24 -5.71 7.96 191 391 201 210 203 
-2.16 -2.84 5.36 -2.0700 5.0300 -0.8700 -2.2956 0.9767 -1.4600 0.52 -8.45 4.93 188 380 201 211 204 
1.43 -2.69 2.21 0.2900 5.9800 -2.2100 0.3289 1.5500 -1.3656 1.64 -8.42 4.73 190 376 203 210 204 
5.24 -6.13 3.76 3.4700 -1.4000 -0.0200 3.5922 1.0744 -0.1578 1.41 -5.82 7.75 190 380 202 209 204 
1.54 -9.42 11.90 0.1800 -2.5900 0.9500 -1.6322 -0.6656 0.3222 1.53 -6.16 7.46 189 377 199 205 203 
0.80 -3.46 3.12 -0.8000 3.4100 -4.3400 0.3500 -0.0222 0.1733 1.29 -6.52 7.20 188 328 238 239 210 
1.18 -0.36 2.16 0.5500 5.1000 -5.2700 6.7367 2.6511 -0.1567 -0.23 -1.53 9.68 190 335 324 338 213 
-3.95 9.08 14.72 -2.1300 2.6900 6.4200 4.8300 -2.7733 -0.0122 -2.43 5.48 7.75 192 320 334 369 225 
0.86 5.06 5.05 3.7200 0.7500 -2.3900 0.5456 0.7200 0.0611 -1.42 5.72 7.83 191 320 333 363 225 
;
