5.72 1.93 7.75 0.2300 -0.0100 -0.0500 0.0300 0.0844 -0.0156 5.54 2.01 7.83 170 299 248 239 181 
5.27 1.96 7.82 -0.1400 -0.0600 0.1400 0.0278 -0.1100 -0.0444 5.56 2.06 7.80 167 298 248 239 183 
11.38 2.71 8.81 4.6300 0.9200 1.2800 -0.8444 -2.5544 0.9700 7.72 1.17 5.92 174 184 163 174 171 
10.11 -0.76 2.72 0.3200 -0.6200 0.3400 0.5878 -2.9856 1.4656 9.68 -1.07 1.13 170 164 145 161 164 
0.83 -1.45 0.29 -8.9100 0.3500 0.3900 1.4978 -0.9144 -1.5844 9.77 -0.81 -0.18 167 158 151 163 162 
16.50 6.26 -2.83 7.7700 3.7400 -2.1500 0.4800 -0.3356 -1.4489 9.40 2.48 -1.23 177 164 146 169 164 
9.76 2.92 0.61 0.1800 0.4600 1.4600 -0.5367 0.2222 0.4133 9.49 2.30 -0.84 173 170 162 171 166 
11.20 4.08 0.69 2.3500 2.5100 1.2200 -1.9211 0.4344 1.1956 9.72 1.26 0.13 175 194 170 179 171 
11.18 3.06 1.95 1.0100 2.6800 -0.8200 -5.0333 2.8078 2.1922 8.89 -2.92 2.92 175 246 201 223 175 
7.07 -3.87 -1.40 0.8700 3.3800 -5.3700 -4.7867 5.2244 2.4656 3.84 -8.41 3.24 176 267 234 240 178 
2.82 -8.34 -1.37 -1.6700 1.0300 -7.7700 -2.8811 1.5922 1.4744 1.64 -9.61 -1.03 171 263 250 241 177 
-1.63 -8.06 -3.69 -2.2200 0.2500 -1.3000 4.8811 2.3122 -1.3900 2.06 -9.34 2.12 176 270 257 247 181 
3.76 -7.79 8.75 1.4200 1.5200 3.7300 -2.3667 -1.2956 0.2400 1.87 -9.55 1.16 174 272 255 245 180 
-0.88 -9.51 -5.48 -2.2200 0.3400 -4.7300 -1.5911 -0.6933 0.2811 0.93 -9.39 -2.65 175 264 252 243 177 
-2.91 -7.39 -7.51 -4.0400 2.6700 -4.8700 4.8044 0.9878 -2.0633 2.12 -9.52 1.00 173 269 254 246 180 
3.76 -7.53 5.77 -0.3800 0.2600 0.1600 1.5533 -3.6189 -0.7533 3.85 -8.38 3.30 172 259 244 227 181 
8.99 -6.15 -3.03 2.6900 -0.1200 -5.7700 6.8156 -7.6756 -2.3489 8.80 -4.13 1.23 169 286 198 200 180 
11.65 -2.29 -1.75 1.5300 1.1900 -2.1800 4.1633 -2.4967 0.5144 9.18 -3.44 -0.01 148 335 163 169 169 
9.31 0.82 2.05 -0.1000 4.5000 1.2100 2.2811 0.4144 0.1056 9.02 -3.43 1.68 130 341 167 166 168 
7.95 -1.53 3.85 -1.5900 1.3600 0.4300 -1.3022 0.8811 0.0400 8.54 -3.64 3.13 123 350 166 171 169 
8.36 -3.04 2.36 -0.0800 0.6000 -0.7600 -1.1378 0.9256 -0.2644 8.26 -3.96 3.48 121 361 170 175 169 
7.67 -4.64 3.40 -1.1300 -0.8300 0.3500 -0.6256 0.1656 0.3278 7.97 -4.51 3.50 123 367 175 177 170 
7.12 -5.19 5.46 -0.5200 -0.0300 1.8700 0.1422 -0.1322 0.3122 7.64 -4.92 3.67 126 367 180 179 170 
6.54 -3.90 3.97 -1.5300 1.6600 0.7000 -0.5189 -0.1600 0.3744 7.46 -5.40 3.35 145 345 188 180 176 
;
