2.31 4.15 8.57 -0.1000 0.0300 -0.0100 -0.0089 -0.0311 0.0033 2.47 4.12 8.54 184 328 346 365 220 
2.35 4.11 8.58 -0.1400 0.0000 0.0400 0.0033 -0.0156 0.0044 2.48 4.12 8.54 184 328 346 368 221 
2.44 4.09 8.55 0.0000 -0.0500 0.1400 0.0522 0.0389 -0.0122 2.45 4.15 8.53 184 327 352 367 221 
6.64 7.62 11.79 6.3500 3.6500 4.7200 0.2033 -1.8156 3.2600 3.67 4.43 7.93 189 239 228 249 211 
10.64 4.12 3.02 -2.1600 4.1100 -2.9100 2.1156 -2.8544 5.1356 9.26 -0.12 3.20 186 156 154 178 185 
-1.92 1.67 4.84 -11.2800 3.4400 2.5200 1.0322 -1.2333 -1.4000 9.67 -0.66 1.44 188 155 158 181 182 
21.63 3.72 0.83 6.8800 0.4900 1.3700 0.0444 -0.4011 0.5578 9.62 1.33 1.29 188 159 162 188 185 
10.94 2.46 2.25 2.0000 1.1000 0.5800 -0.2233 0.5122 -0.2144 9.60 1.11 1.62 187 199 186 214 204 
13.44 0.40 3.04 4.3300 -0.9200 -0.0800 1.1567 0.7867 0.7156 9.24 0.87 3.14 185 294 274 285 212 
7.52 -0.34 2.60 -1.9700 0.4800 -2.4200 0.3633 0.7011 0.9011 8.67 0.01 4.58 188 325 295 303 214 
5.02 3.84 3.07 -3.1900 4.9000 -1.1900 -0.3056 0.5433 0.0456 8.61 -0.76 4.62 184 311 301 294 212 
7.91 3.44 5.19 -0.3800 4.1600 0.0700 -2.3567 -0.1256 -0.3767 8.48 -1.43 4.71 179 290 251 269 207 
7.53 -5.09 -1.21 -0.8000 -2.4800 -3.5600 -2.4578 -0.7689 0.9411 8.56 -4.20 2.26 178 281 247 251 204 
6.62 -6.64 0.12 -1.0000 -0.3100 -0.6800 0.2344 0.7367 0.1256 8.05 -5.13 2.20 175 285 255 257 207 
2.12 -2.72 -0.83 -4.7900 1.8600 -6.5800 0.1433 3.8633 -0.9100 5.30 -5.09 6.48 183 294 304 303 211 
-0.22 -1.76 8.00 -4.4800 0.8000 -1.0200 4.6956 0.1556 -2.5789 2.74 0.20 9.41 185 326 343 366 211 
;
