-1.90 4.02 8.60 0.2700 0.2600 -0.1800 0.0000 0.0556 -0.0667 -2.22 3.78 8.77 171 296 311 323 208 
-2.17 3.70 8.83 0.0500 -0.0500 0.0000 -0.0011 -0.0344 -0.0144 -2.22 3.76 8.77 170 295 312 327 208 
-2.21 3.84 8.75 0.0000 0.0200 0.1700 -0.0022 -0.1122 0.0344 -2.13 3.77 8.79 170 296 312 328 209 
-0.16 5.56 11.16 2.6900 2.1400 3.7600 -0.4278 -2.6289 0.9811 0.36 3.85 9.01 175 269 248 259 209 
8.61 3.27 7.16 4.2200 1.7400 -1.5100 0.4111 -4.1356 4.4800 6.58 1.24 7.16 175 176 149 169 175 
8.44 3.56 6.00 0.4100 3.9100 1.3500 2.6422 -2.8911 3.3311 8.94 -1.46 3.74 178 157 123 157 161 
-0.76 1.45 4.94 -10.1200 3.4200 1.2000 0.5333 -0.8356 -0.4422 9.13 -2.02 2.93 179 161 144 165 163 
15.45 0.28 2.49 4.2200 0.6700 0.5600 -0.2289 0.4211 0.1567 9.27 -1.11 2.97 179 166 152 168 165 
8.06 -0.59 2.66 -0.6700 0.5500 -0.6000 -0.0256 -0.2111 -0.1256 9.27 -1.16 2.95 179 168 153 171 165 
9.01 -0.14 3.90 -0.3200 1.3000 1.1500 -0.3767 0.5178 -0.0522 9.15 -1.28 3.28 179 185 174 179 173 
5.39 1.76 6.84 -2.3300 3.1800 0.9500 -2.7178 6.8989 -2.6811 5.81 -1.36 7.77 177 261 261 282 196 
0.44 1.43 6.41 -0.5000 1.6900 -3.1900 4.0644 4.0044 -3.7111 -2.09 1.37 9.48 179 315 303 335 198 
0.02 6.53 12.53 2.5200 2.5600 4.3500 2.0422 0.0411 -0.4400 -3.20 4.65 8.01 180 326 319 342 201 
-1.98 4.96 5.58 -0.0500 0.2100 -2.6800 -0.0733 0.0011 -0.0444 -2.27 4.71 8.29 179 323 315 336 203 
;
-1.94 4.86 7.71 0.1500 0.1700 -0.7000 -0.1111 0.0622 -0.0267 -2.20 4.61 8.36 179 322 314 333 203 
-2.42 4.79 8.12 0.0300 0.1900 -0.0300 0.1500 -0.1167 0.0389 -2.11 4.67 8.35 176 324 315 337 205 
-1.95 4.93 8.20 -0.0900 0.1500 -0.1700 0.0500 0.0033 0.0267 -2.04 4.77 8.31 179 324 317 338 206 
-2.52 5.27 10.40 -0.6400 0.8100 2.2000 -0.7244 -2.0778 0.4767 -0.59 4.46 8.71 180 272 265 285 209 
9.83 5.32 7.37 5.4900 2.5000 -1.9700 0.1633 -4.7000 4.1511 6.94 1.85 6.67 177 179 174 171 188 
8.55 2.94 2.05 0.3400 3.6300 -2.0400 3.7433 -1.5744 3.3356 9.01 -1.22 3.65 179 157 140 162 173 
2.17 2.58 7.75 -7.5600 4.8000 4.7600 1.0411 -0.8556 0.8344 8.84 -2.79 3.18 180 158 142 166 171 
14.00 -0.05 1.46 5.2600 1.9500 -1.3700 -0.4189 0.2467 -0.0789 9.02 -2.38 2.99 180 162 126 171 172 
8.64 -1.53 2.86 -0.3500 0.9000 -0.5400 -0.1578 0.3111 -0.2433 8.93 -2.30 3.32 180 168 164 178 175 
6.97 0.87 5.75 -2.1400 2.8200 1.4500 -0.5822 3.7722 -1.3656 7.96 -1.64 5.48 179 232 228 234 192 
1.78 0.85 5.83 -2.8200 1.7800 -2.4200 -0.6200 6.1022 -4.6922 1.13 -0.28 9.73 180 294 284 310 197 
-1.29 3.67 10.06 2.9600 3.4200 1.6700 2.9911 0.2578 -2.1500 -2.39 2.94 9.04 181 323 312 340 198 
;
0.95 9.98 9.29 14.9500 12.3600 24.2000 -2.7589 0.2389 0.3022 -1.31 5.20 8.20 180 320 302 355 206 
-2.33 5.52 9.64 0.0100 0.7200 1.9000 -0.2000 -0.4478 0.0022 -1.41 4.97 8.32 180 320 312 354 206 
-1.77 5.18 8.37 -0.2000 0.2900 0.0300 -0.0844 -0.0478 -0.0078 -1.49 4.88 8.37 179 318 309 353 207 
-0.73 5.40 9.45 -0.2900 0.7200 1.9700 0.2144 -0.9122 0.8033 -0.57 5.05 8.38 180 296 302 348 210 
8.50 5.95 8.78 6.0600 1.5600 -1.1000 0.1511 -3.6022 3.9933 5.59 3.14 7.41 180 227 212 222 202 
9.01 3.14 3.77 0.3600 2.5000 -1.6500 2.4478 -2.2556 3.7589 8.91 -0.05 4.08 181 169 144 172 179 
2.67 3.46 4.21 -6.9200 5.0500 2.0100 1.8511 -1.3244 0.9689 9.40 -1.97 1.96 182 160 134 169 169 
12.50 0.07 -0.74 5.0600 0.8000 -2.4200 0.0467 0.3433 -0.5989 9.59 -0.88 1.81 181 164 135 172 171 
9.00 -0.49 3.28 -1.1500 0.2700 0.9200 -0.3311 0.0233 0.0833 9.56 -1.09 1.87 182 168 138 177 171 
9.60 -0.29 1.34 0.1400 0.8600 -0.4500 -0.1189 0.3200 -0.1333 9.52 -1.00 2.10 181 176 161 184 175 
8.31 3.10 5.22 -0.7200 3.8900 2.3900 -2.5444 3.8322 -1.3489 8.67 -0.68 4.51 181 233 223 236 191 
3.10 2.06 5.56 -0.7500 1.6000 -2.0500 0.7233 4.3478 -3.6211 2.30 1.55 9.40 181 288 289 313 197 
;
0.31 3.38 9.59 1.4900 1.1900 0.8900 2.3733 1.0900 -2.7611 -2.62 3.71 8.68 182 331 313 346 199 
-3.22 10.49 9.40 -0.3700 7.1200 22.4000 -2.4844 -1.3489 0.5867 -1.60 5.09 8.22 182 325 284 354 207 
-2.12 4.87 8.13 -0.2900 0.4000 1.1000 -0.1578 -0.4689 0.0011 -1.45 4.93 8.34 182 318 313 355 207 
-2.18 5.30 10.50 -0.5700 0.2700 2.6500 0.0800 -2.2222 0.4111 -0.44 5.17 8.31 183 295 297 335 211 
9.29 6.68 8.56 7.0900 2.3900 -0.2300 -1.4589 -1.0778 3.3311 3.53 3.20 8.56 183 239 230 219 203 
7.17 3.26 2.88 0.5600 1.8500 -3.6700 1.8400 -2.7133 4.7900 7.80 0.00 5.93 180 172 167 169 188 
4.95 3.57 8.19 -4.3400 5.0400 4.2200 1.4867 -1.3389 2.0433 8.79 -2.16 3.75 180 159 160 168 180 
7.13 -0.25 2.33 0.5400 1.9900 -1.2900 -0.6400 -0.5844 -0.9222 9.08 -1.70 3.28 181 165 164 172 183 
9.62 -1.09 4.55 0.3900 0.3900 0.8300 -0.1600 0.2400 -0.1478 9.01 -1.33 3.63 181 168 166 175 184 
;
7.93 -0.50 3.94 -1.2000 1.1200 0.5800 -0.4356 0.2378 -0.1444 8.91 -1.41 3.84 180 188 178 186 189 
4.21 1.45 5.46 -2.9000 2.3800 -0.2700 -1.9700 7.7578 -3.4667 4.66 -1.12 8.55 181 253 243 258 199 
-0.57 1.38 7.64 -0.9400 1.7600 -2.0700 2.5611 2.6122 -4.4567 -0.89 1.46 9.65 182 311 312 331 200 
0.07 7.76 10.86 1.9400 2.4200 1.8300 2.2156 0.3800 -0.7989 -3.07 5.12 7.77 183 339 301 353 206 
-2.87 2.27 8.98 -1.6400 -2.2100 -0.9000 0.1922 -0.3111 0.0144 -2.61 4.53 8.29 181 326 305 356 209 
-3.14 5.28 10.20 1.1000 1.3900 3.3000 0.3189 -2.9178 0.9278 -0.88 4.94 8.42 181 289 276 302 213 
8.74 4.88 9.05 5.5900 3.0900 -1.2300 -0.0889 -4.0267 4.7600 6.07 2.31 7.34 181 178 173 188 203 
6.70 5.59 3.93 -2.3400 6.0300 0.3400 2.8711 -1.1211 3.7667 8.82 -1.31 4.07 181 155 158 176 198 
2.84 0.16 7.36 -5.1400 1.4500 3.1500 -0.5844 0.3656 -1.0700 9.08 -1.15 3.50 182 161 159 182 198 
;
