2.05 3.90 8.74 0.0000 0.0700 0.0000 -0.0411 -0.0211 -0.0267 2.03 3.81 8.79 180 329 348 361 219 
2.10 3.86 8.78 0.0700 0.0400 0.0500 0.0200 0.0367 0.0044 2.02 3.81 8.80 182 330 347 363 219 
3.58 5.20 11.42 1.5800 0.7800 4.3500 0.3789 -1.6789 1.3933 2.92 4.41 8.25 184 246 240 256 220 
16.38 6.92 2.26 3.9500 1.6200 -5.0000 3.7533 -1.4522 5.1011 8.90 1.45 3.83 185 153 155 186 193 
-1.43 3.19 5.35 -8.8300 5.2000 3.9500 1.2100 -0.0156 0.6889 9.09 -0.67 3.59 189 153 154 183 187 
8.71 2.45 4.20 -0.3900 2.3400 0.6700 -1.1144 -0.7056 -0.8233 9.21 0.13 3.35 186 172 175 201 195 
7.80 1.52 2.34 -0.8700 0.8300 -3.9000 -3.2411 9.2533 -3.6367 4.35 0.18 8.78 188 283 280 296 210 
0.15 4.83 10.67 3.4900 3.6600 2.3400 3.8611 0.5333 -1.8911 -1.29 4.34 8.69 190 347 345 351 213 
1.91 4.37 10.32 1.8800 -0.2100 0.9800 -0.0733 1.2833 -0.0478 -0.99 4.64 8.57 190 319 334 362 220 
7.19 6.41 11.56 5.0400 1.5600 3.1400 0.6222 -6.1133 4.7267 5.92 4.15 6.61 187 268 235 249 219 
4.25 2.30 0.83 -6.9600 2.8000 -3.2000 1.9300 -2.3300 3.7611 9.22 -1.36 3.02 188 175 168 179 207 
6.55 2.62 4.48 -0.1000 4.5400 2.1500 -0.2989 -0.3978 -0.2133 9.33 -1.67 2.47 189 165 157 177 205 
10.32 -0.88 2.08 0.6600 0.3300 -0.3100 -0.3111 -0.0278 -0.2933 9.47 -1.26 2.19 189 173 167 182 205 
6.96 2.03 4.03 -1.9000 3.6400 1.4500 -1.8056 4.0644 -1.1733 8.68 -1.00 4.44 188 254 253 258 213 
-1.47 -0.05 3.89 -5.2700 -0.8500 -5.6000 2.0789 3.5267 -3.7778 0.89 1.84 9.59 191 347 343 372 213 
;
