0.53 7.71 5.94 -0.0300 0.0800 -0.1800 0.0278 0.1967 0.1489 0.56 7.66 6.09 189 302 311 344 225 
0.47 7.72 5.94 -0.0400 0.0500 -0.2100 -0.0178 0.0933 0.0933 0.57 7.66 6.08 184 298 313 342 224 
0.48 7.68 5.87 -0.1300 0.0300 -0.1600 -0.0111 0.0767 0.0289 0.55 7.66 6.08 188 300 312 339 225 
0.97 7.62 6.58 0.3600 0.1700 0.4800 -0.8456 -1.6478 1.1856 2.07 7.02 6.52 190 245 248 264 224 
14.12 3.99 6.90 7.5700 -0.4900 1.0000 0.0222 -3.4000 3.9978 8.12 3.32 4.36 191 159 167 180 212 
4.37 5.98 3.42 -6.8400 5.6400 -1.0900 1.0933 -0.1467 3.9044 8.63 -1.96 4.22 191 154 170 178 211 
3.93 0.24 3.78 -3.6000 2.7700 -0.5300 -0.0689 0.5489 -1.1056 8.25 -1.98 4.91 190 160 171 185 210 
8.52 1.03 4.97 -0.3900 2.4400 0.7500 -1.1767 -0.8467 -0.4067 8.87 -1.62 3.85 190 226 218 246 215 
4.62 -1.98 1.16 -4.0200 0.1500 -1.1100 -2.8844 -7.2856 0.6700 9.24 -2.20 -2.42 184 281 245 272 202 
10.53 -5.30 -13.77 2.4500 -3.8700 -4.4700 0.0489 -1.4256 1.5367 5.19 -2.71 -7.86 188 280 258 269 193 
8.27 -5.54 -10.18 2.8600 -0.7600 -2.8800 2.6156 0.5600 1.5233 4.46 -5.90 -6.42 190 326 285 302 207 
3.59 -4.83 -3.75 -1.4800 3.4300 0.1400 2.4900 1.1633 1.1956 4.17 -8.72 -1.62 192 362 343 354 211 
1.46 -3.01 0.18 -2.1200 5.6100 0.6100 0.3467 0.6456 -0.0022 3.69 -9.08 0.03 196 363 341 353 213 
3.62 -8.11 0.56 -0.0400 0.7500 0.4000 -0.2189 0.0411 -0.1089 3.78 -9.04 0.02 196 352 341 337 212 
3.65 -3.66 -0.35 -1.2500 6.5900 -0.9800 0.0244 1.5956 -1.3556 5.09 -8.35 0.68 189 283 271 259 208 
3.28 -3.60 -0.76 -4.3400 2.5300 -3.5400 1.7156 4.9800 -5.7667 7.07 -3.62 5.75 187 293 288 275 212 
4.17 4.93 13.95 0.8600 3.7400 6.1000 3.1600 2.2433 -2.8389 2.64 3.73 8.67 191 301 305 324 217 
-0.73 0.25 21.76 1.6600 -3.9400 6.1700 -0.4189 -0.3089 -0.1511 0.96 4.14 8.83 190 301 294 311 219 
2.14 5.46 9.90 0.4300 0.3600 0.1300 -0.0844 -0.1767 0.0289 1.26 4.19 8.77 188 303 293 307 218 
;
