6.56 2.85 7.29 0.3900 -0.0200 0.5200 0.0000 0.1422 -0.0444 6.34 2.99 6.84 168 295 250 234 189 
6.61 2.66 6.55 -0.1100 -0.1900 -0.2300 0.0856 -0.0011 0.0367 6.39 2.95 6.82 168 300 254 232 189 
6.42 3.06 7.30 0.2000 0.0100 0.4600 -0.1722 -0.1622 -0.0600 6.41 2.91 6.82 161 300 254 235 187 
8.25 3.33 9.41 1.1000 1.2000 2.6600 -2.1044 -4.3133 1.8178 8.61 0.28 4.68 175 207 179 183 182 
4.70 -1.70 0.03 -5.8900 0.0000 -2.1000 0.2922 -2.0089 1.0856 9.50 -2.32 0.59 174 168 156 166 172 
5.35 2.68 1.56 -2.6000 3.6400 1.2600 0.5800 -0.2822 -2.9867 9.77 0.83 -0.01 177 161 162 171 173 
13.04 1.65 1.84 2.4200 -0.3000 2.3300 -0.0389 0.0300 0.2956 9.67 1.60 -0.14 174 162 163 174 172 
9.51 1.83 -0.30 0.2700 0.7500 0.1500 -0.4356 0.3900 0.2756 9.72 1.21 0.12 177 177 169 177 175 
14.05 2.80 1.69 3.9700 2.6900 1.0100 -2.2333 2.4644 2.6256 9.54 -1.45 1.72 178 246 201 202 182 
8.16 -2.24 1.35 -0.8300 2.3100 -1.4900 -3.7589 2.2678 2.8233 7.18 -6.33 2.12 176 265 241 226 182 
3.45 -6.45 -1.83 -2.0200 2.0300 -3.0600 -2.4811 0.5822 1.8411 4.35 -8.76 -0.59 169 283 257 250 188 
2.94 -6.48 -1.79 -1.1500 1.0000 -1.6200 -0.9189 -0.2844 0.4844 3.38 -9.00 -1.92 149 287 267 223 187 
3.89 -7.87 -5.81 -0.0700 1.8300 -4.5800 2.0644 -0.5189 0.3433 3.00 -9.30 -0.70 171 286 270 244 187 
0.09 -1.63 0.22 -1.0900 7.8200 -2.0900 5.8711 0.3989 -0.6700 2.90 -7.26 5.90 172 287 257 239 184 
3.13 -0.79 18.75 0.0100 1.4400 7.6000 2.1000 0.8767 0.4267 1.53 -2.68 9.30 173 290 243 233 190 
1.04 -3.19 12.31 -1.2000 -0.8900 2.0400 -0.3822 0.1378 -0.1878 1.67 -2.30 9.38 175 286 244 232 185 
2.70 -2.85 9.46 1.8700 -1.8800 0.2900 0.0656 1.3922 -0.2033 0.54 -2.43 9.48 173 238 243 218 185 
-1.38 -3.98 4.42 -0.5500 2.0300 -1.1800 0.2900 2.6733 0.7089 -2.73 -1.88 9.22 174 169 142 158 177 
-1.88 2.97 6.38 2.0800 0.1600 -4.9800 2.7833 0.8433 1.1500 -4.52 1.58 8.55 178 162 161 169 177 
-3.06 3.97 12.45 1.0700 1.1300 4.0200 0.2733 -0.2567 0.0000 -4.41 3.13 8.17 179 166 163 173 178 
-5.03 2.95 9.02 -0.6000 -0.0300 1.0200 0.1689 0.1556 -0.2078 -4.26 3.35 8.16 180 170 166 176 180 
-5.76 4.48 9.98 -1.7500 1.1000 1.8700 -0.3822 -1.0278 -0.6489 -3.68 2.93 8.59 167 199 182 186 184 
;
