5.47 1.48 7.95 0.0000 0.0200 0.0000 0.0233 0.0033 0.0044 5.49 1.46 7.98 170 267 263 241 181 
5.59 1.48 8.00 0.0500 0.0200 0.0300 0.0044 -0.0156 0.0011 5.50 1.47 7.97 171 264 264 241 181 
5.51 1.45 7.94 -0.0600 -0.0300 0.0200 0.0056 -0.0056 -0.0133 5.52 1.49 7.96 168 268 265 241 182 
5.60 1.64 7.95 0.1300 0.1300 0.2400 0.1000 -0.3278 -0.0211 5.70 1.63 7.81 4 265 265 238 183 
9.94 1.38 6.82 5.3700 -0.9200 -0.4100 0.2967 -5.5733 0.2844 8.85 1.32 3.99 175 176 152 169 168 
7.72 -0.31 4.17 -5.3900 1.1000 4.7000 0.8278 0.6222 1.6511 9.68 -1.54 0.21 177 157 147 160 152 
-2.02 1.62 1.45 -11.1700 3.3600 0.1300 -1.2600 -0.2211 -3.8189 9.71 1.29 -0.17 169 158 149 167 154 
13.19 2.06 3.42 1.9900 -0.4200 3.1100 0.2700 0.8522 0.8622 9.57 1.93 0.86 179 163 154 172 154 
7.52 2.22 -0.24 -1.9300 0.7400 -1.2100 -0.3000 -0.2011 -0.0800 9.63 1.61 0.86 178 165 154 172 155 
13.25 2.83 2.95 5.1700 0.9000 2.2500 -0.7478 0.9611 0.6389 9.56 1.32 1.71 174 210 192 192 172 
12.71 0.61 5.50 3.2300 1.8200 1.4100 -4.1333 1.2711 3.3844 8.50 -3.48 3.42 140 226 205 216 171 
3.69 -3.53 -1.40 -2.0800 4.3900 -3.7900 -3.3956 3.1800 4.2867 3.09 -9.13 1.78 119 201 182 203 174 
-0.67 -8.07 -0.96 -1.6400 1.6200 -0.8200 -0.5211 0.1411 0.3322 1.08 -9.74 0.19 112 197 178 203 172 
1.02 -8.30 -6.28 -3.7800 1.1200 -6.8100 0.3811 -9.9944 -5.6722 4.51 -7.90 -3.64 121 194 178 205 173 
11.59 -1.52 -6.68 7.5700 2.3700 0.2500 0.0644 -1.0989 -2.0389 3.94 -5.88 -6.78 126 198 181 207 170 
7.31 -5.93 -5.02 2.6400 0.3700 1.1900 0.1267 1.8089 -0.5811 5.65 -5.63 -5.68 127 207 188 206 170 
7.57 -3.17 -2.91 0.9400 1.9300 1.5600 -0.1978 4.7467 -1.2267 8.60 -4.53 -1.27 149 242 194 202 168 
2.77 -2.07 -2.57 -5.1700 0.5900 -6.7400 1.9878 7.7178 -1.6744 5.25 -1.56 8.12 154 238 171 177 160 
10.31 0.95 15.56 6.5600 -0.6200 6.4000 0.6744 -0.0756 -0.1544 4.42 1.66 8.59 2 268 171 177 163 
5.67 1.17 11.20 0.1300 0.0400 3.4400 -0.3111 -1.7544 1.2333 6.21 0.80 7.54 4 286 172 180 164 
6.35 -1.22 9.53 -1.3500 -0.7300 2.7000 -0.8978 -1.0289 1.3222 7.46 -1.49 6.18 131 320 172 183 165 
1.24 -2.42 4.15 -6.3700 0.7500 -1.6100 -0.9878 -1.0278 -0.8833 8.11 -2.74 4.76 131 332 170 181 167 
6.28 1.41 -1.11 -0.9100 3.2900 -4.1300 -0.1400 -1.8878 -1.9833 9.53 -0.17 2.28 2 330 171 181 165 
11.04 2.58 -1.24 1.1100 0.8000 -2.0800 0.5222 -1.5122 -1.0633 9.60 1.98 0.06 136 327 169 182 164 
11.80 3.09 -1.39 2.7000 0.1400 -0.6900 0.7256 -0.4844 -0.5733 9.20 3.11 -1.32 114 327 169 187 167 
13.35 3.24 -0.12 4.5800 0.2400 1.5200 1.2444 0.8033 0.4678 9.34 2.65 -1.34 131 325 174 185 161 
7.83 1.64 2.22 -2.4900 0.7100 3.3300 -0.2667 0.3322 2.1367 9.77 -0.17 -0.78 136 328 176 187 168 
8.19 -0.09 -1.11 -1.0900 0.3300 -0.9900 0.1289 0.3411 -0.6256 9.80 -0.17 -0.03 132 327 175 183 169 
;
