-0.65 6.48 7.21 -0.1100 -0.0200 -0.1000 -0.0056 -0.0011 -0.0011 -0.58 6.47 7.33 189 311 316 323 221 
-0.61 6.48 7.25 -0.0700 0.0000 -0.1000 -0.0022 0.0022 0.0078 -0.58 6.47 7.33 189 313 317 321 219 
-0.66 6.49 7.25 -0.1200 0.0400 -0.0600 0.0256 -0.0800 0.0533 -0.52 6.49 7.33 188 310 309 323 221 
1.18 8.30 10.89 0.9000 2.4500 3.8700 -0.5867 -6.0633 1.9067 4.34 5.90 6.51 192 204 200 211 217 
10.99 5.89 1.18 0.1800 3.3900 -2.4900 1.8756 -1.4889 5.1322 9.52 0.32 2.33 192 157 167 174 205 
-3.98 -0.60 4.05 -12.7000 2.0200 1.8900 0.7878 -1.3367 -1.1911 9.70 -0.54 1.29 192 161 169 181 204 
21.99 5.43 -1.23 12.7700 2.5300 -0.4800 0.0511 -0.7389 -0.2278 9.59 2.03 0.08 193 167 172 185 206 
11.92 2.80 1.89 3.1100 1.6700 0.8700 -0.6644 1.3633 0.7133 9.66 1.05 1.31 192 213 187 187 207 
11.75 -2.35 1.32 2.4300 -1.8800 -0.8200 1.4700 -1.7478 2.7044 9.53 -1.68 1.54 192 355 190 201 205 
8.30 -1.66 -0.80 -1.5700 1.9300 -1.0100 2.7433 -0.2011 0.9311 9.03 -3.49 1.53 195 378 180 190 203 
6.53 0.88 1.37 -1.7600 4.0700 -1.9300 0.0478 1.5556 -0.2144 8.47 -3.31 3.66 197 380 182 191 203 
6.96 -1.88 4.24 -1.1000 0.4300 -1.5200 -1.1389 1.2033 -0.4622 7.59 -3.30 5.24 193 385 187 193 204 
7.71 -4.58 4.59 0.4600 -1.1700 -0.6400 -0.4744 0.8967 -0.0478 7.02 -3.65 5.77 196 398 182 197 205 
6.22 -3.78 7.61 -0.4300 0.1200 1.7600 -0.1311 -0.1633 0.0011 6.94 -3.84 5.75 196 401 190 200 206 
5.40 -1.90 5.54 -3.1600 2.9400 -0.1200 -0.9211 0.3467 0.3800 6.67 -4.41 5.67 194 361 188 214 208 
-1.19 -1.52 -1.87 -3.8300 4.9600 -8.5100 -2.4067 4.5722 -4.3856 5.42 -5.29 6.22 187 303 276 296 213 
-2.59 4.03 13.46 -2.0100 4.2400 7.6200 6.1900 -0.3767 -1.2822 0.37 2.45 9.48 191 330 337 357 212 
-2.20 7.41 29.48 -14.9000 -6.3600 7.2900 -0.4367 -1.9722 0.2067 -0.80 3.86 8.97 190 320 327 347 221 
;
1.82 5.80 7.66 0.9800 1.3600 -0.1700 -0.1211 0.6422 0.0256 -0.57 4.24 8.81 188 320 326 336 220 
0.34 4.06 8.48 0.5800 -0.1000 -0.0400 -0.1189 0.0756 -0.0089 -0.41 4.09 8.90 188 319 324 332 221 
-0.97 3.98 12.00 0.1000 0.0000 4.2100 0.1944 -3.1800 0.4389 1.85 4.28 8.62 189 316 307 298 220 
7.40 3.94 8.81 1.4100 -1.2500 0.6500 0.4956 -6.5633 3.2856 7.64 2.66 5.53 189 198 200 195 208 
4.07 2.19 3.28 -7.0400 2.6400 2.0100 1.9756 -1.0056 2.5700 9.58 -1.60 1.33 193 168 176 181 197 
-1.90 1.71 2.44 -8.6000 4.7000 -0.0800 -0.7289 0.1244 -3.2867 9.74 0.17 1.09 193 173 177 187 196 
16.14 2.83 0.94 3.9100 -0.0300 1.5300 -0.2144 0.0322 0.0889 9.58 1.98 0.64 192 177 182 189 197 
10.92 2.53 1.31 1.7800 0.8200 0.1100 0.0822 0.6544 0.1656 9.55 1.77 1.29 190 201 197 196 204 
15.02 -0.06 2.74 5.6200 -0.6200 0.4100 1.1433 0.0100 2.5667 9.68 -0.72 1.34 192 322 212 207 208 
9.01 -2.85 -1.40 -0.5900 0.1300 -2.5000 2.6278 -0.0667 1.8867 8.86 -3.81 1.71 194 378 193 197 204 
5.85 1.31 1.72 -2.5900 5.8800 -1.4900 0.8333 1.5411 -0.0600 8.10 -3.82 3.98 196 381 196 195 203 
6.70 -2.07 3.37 -1.1800 1.9200 -2.8900 -1.3378 1.6389 -0.2100 7.05 -4.07 5.46 193 395 194 200 204 
5.46 -6.03 5.02 -0.5900 -2.2000 -0.3500 -0.1044 0.2000 -0.2489 6.55 -4.28 5.90 197 397 199 202 205 
5.73 -3.52 9.87 -0.9700 0.4000 2.2200 -0.5344 0.3267 0.1844 5.93 -4.83 6.12 196 398 209 204 205 
1.69 -1.23 4.64 -4.0300 5.3600 -1.3300 -1.8444 0.3133 -0.5211 6.02 -5.67 5.24 194 313 250 242 208 
4.46 -2.65 -3.41 0.4000 2.8600 -9.0200 2.3033 5.7822 -4.6511 3.99 -3.31 8.31 194 332 322 333 214 
;
