4.24 4.07 7.78 -0.0400 -0.0200 -0.0300 0.0089 0.0022 0.0000 4.29 4.11 7.79 171 299 251 242 187 
4.24 4.10 7.73 -0.0600 -0.0400 -0.0500 0.0167 0.0089 -0.0133 4.29 4.12 7.79 172 297 249 241 187 
4.19 3.98 7.66 -0.1700 -0.2300 -0.1600 0.0667 -0.2122 -0.0067 4.39 4.15 7.71 172 298 251 239 186 
11.73 5.04 9.35 8.9100 2.6800 1.5900 -0.6244 -6.8867 2.6478 9.04 2.32 2.97 179 169 148 163 178 
7.92 0.07 -0.64 -4.2800 0.1800 -1.1000 2.0944 -0.0033 1.5822 9.64 -1.58 -0.83 179 157 154 157 175 
-3.75 1.16 2.96 -11.4300 4.3700 4.4900 -0.7511 -0.6656 -3.1500 9.75 0.59 -0.82 182 155 157 162 172 
19.09 5.10 -2.87 8.0000 1.3800 1.0300 0.5667 -0.5478 0.3433 9.22 2.97 -1.46 181 160 160 169 174 
12.82 4.76 0.65 3.6000 2.5700 0.9800 -1.9289 0.8478 2.0556 9.72 1.24 -0.36 179 181 162 176 175 
9.86 2.11 1.54 1.3300 3.6000 -1.8300 -4.1667 2.9544 2.7422 8.76 -3.13 3.09 180 236 227 223 187 
3.13 -4.06 -0.89 -1.7600 2.1900 -5.5500 -6.0222 5.8722 1.7522 2.40 -9.12 2.67 170 246 238 233 186 
-2.20 -9.18 -4.87 -4.6700 0.2800 -4.4800 -1.6222 0.8267 0.8533 0.70 -9.54 -2.14 160 235 236 227 184 
10.16 -5.44 14.44 5.5100 1.5300 10.4000 -0.9567 0.0122 0.7500 1.79 -9.59 0.96 158 245 235 228 185 
-0.55 -9.20 -3.25 -2.2600 0.3400 -3.1100 -1.9167 -0.9978 0.5833 0.94 -9.55 -2.00 157 245 237 230 186 
-4.48 -9.14 -9.18 -5.1100 1.5300 -5.2900 2.5389 1.4944 -0.8922 1.20 -9.65 -1.20 160 251 244 235 185 
5.17 -9.46 6.99 2.4700 0.3100 4.5200 -0.1744 -1.5744 -0.3789 2.16 -9.54 0.64 160 245 237 228 187 
0.55 -5.68 -5.12 -1.9200 4.2600 -7.9400 4.5667 -8.6600 -2.8633 5.79 -7.79 1.35 161 208 193 201 182 
8.96 0.36 -3.05 -0.3300 6.8500 -4.3700 2.1100 -2.8456 -4.0056 9.54 -2.14 -0.64 152 163 155 175 176 
14.00 7.80 2.60 1.6300 5.5500 13.1700 0.9589 -5.5400 -1.5633 9.37 -0.43 -2.84 137 158 154 170 153 
9.54 1.96 1.60 1.9300 2.9600 0.2900 -1.8678 1.0367 0.1844 9.76 -0.86 -0.24 133 167 159 176 155 
8.08 0.18 -2.47 -1.9300 0.9500 -3.4000 -1.1589 1.0211 -0.6778 9.74 -0.60 0.95 135 159 161 177 157 
10.23 -1.30 -4.38 2.3000 -0.6700 -6.4100 0.1067 -0.1033 0.5678 9.79 -0.35 0.39 134 141 145 155 129 
19.64 -1.34 -1.58 9.0200 -1.3400 0.7000 -0.3856 2.8267 1.1900 9.75 -0.64 -0.72 133 168 160 174 148 
6.37 -2.75 0.36 -0.0700 -0.9100 -2.2000 -0.7744 4.6200 -1.1978 9.31 -0.20 3.04 159 210 188 198 168 
2.53 1.10 2.09 -4.4100 0.6600 -4.4900 2.4244 5.7811 -1.0022 2.42 1.91 9.30 157 247 233 221 175 
;
