6.29 2.32 7.56 0.0900 0.1600 0.2700 0.0078 0.0378 -0.0689 6.19 2.12 7.30 170 296 245 237 186 
6.23 2.16 6.79 -0.0400 0.1000 -0.4900 0.0478 0.0378 0.0144 6.24 2.09 7.26 167 294 248 238 187 
6.62 2.23 7.61 0.2500 0.1300 0.1700 -0.1200 -0.2011 0.1422 6.35 2.01 7.19 166 291 247 237 187 
8.54 2.03 7.90 2.0700 0.2300 1.6700 0.4956 -3.6156 1.1511 8.52 1.40 4.62 173 205 200 196 185 
11.39 0.93 1.83 1.1300 1.4600 0.3600 0.2056 -0.8600 2.0944 9.74 -0.89 0.69 172 154 148 159 167 
1.76 -1.42 0.80 -9.2700 -0.6100 -0.6500 0.4700 0.2022 -1.0978 9.71 -0.71 1.10 155 151 151 166 165 
22.37 6.71 -2.11 13.1100 4.3200 -2.3800 0.6322 0.5378 -0.8944 9.38 2.75 0.66 174 157 159 170 165 
10.90 2.64 3.07 1.7600 0.5700 1.7400 -0.5256 0.2356 0.6422 9.53 2.10 0.95 169 173 161 172 169 
12.66 1.45 1.67 3.9600 -0.2400 0.7000 0.7178 0.7100 1.8522 9.71 0.24 1.34 172 286 190 186 172 
8.67 -3.53 2.04 -0.9900 -2.2000 -0.8300 0.6322 1.3822 0.8144 9.00 -1.78 3.43 162 213 168 185 173 
7.21 -1.41 1.39 -1.0400 1.1000 -3.4700 1.5689 0.8244 0.5289 8.06 -1.71 5.30 144 184 159 181 169 
5.19 2.24 5.48 -1.8200 3.9100 -0.0600 0.0533 0.4378 -0.0511 7.49 -1.27 6.19 129 173 160 181 171 
9.05 1.55 5.61 0.8200 1.9300 -1.5400 -1.3367 0.7022 -0.3044 6.98 -1.71 6.66 128 164 158 182 171 
5.28 -3.73 4.98 -2.2200 -1.9600 -1.4700 -1.5600 0.5978 -0.4433 6.54 -2.96 6.67 3 162 165 184 171 
6.07 -6.08 6.80 -0.1400 -2.3700 0.5300 -0.0767 -0.0311 -0.4000 6.88 -3.02 6.29 129 170 166 186 171 
7.57 -1.09 7.38 0.7900 2.7500 1.4200 -1.7389 1.4311 0.6678 6.14 -4.44 6.21 163 231 197 207 178 
6.17 -4.05 3.73 1.0000 1.1700 -0.7600 -5.6100 1.3522 1.6667 3.46 -8.67 2.99 164 290 228 228 183 
3.67 -12.18 -10.52 2.1500 -2.1100 -5.9000 2.8311 0.5300 -0.6233 2.79 -9.23 1.74 169 293 260 235 186 
1.46 -1.71 6.54 3.9400 3.7400 3.7500 4.3356 -1.7133 -1.1967 4.19 -5.62 6.85 173 284 261 224 185 
3.75 -3.98 16.88 0.0400 0.0000 7.9300 -2.1200 0.1600 -0.1733 4.19 -4.75 7.48 174 301 271 238 185 
3.94 -4.60 0.76 -0.2000 1.9700 -5.3900 -3.9489 -0.2922 0.7144 3.56 -8.69 2.81 173 295 263 245 186 
1.12 -7.29 -4.02 -2.0300 1.8200 -7.0500 2.2344 -0.5667 -0.4256 3.44 -8.46 3.54 2 275 260 229 186 
2.39 -0.54 10.55 -1.7500 5.1700 2.2500 3.6844 -1.1822 -0.3867 3.81 -3.67 8.25 173 275 257 239 186 
3.50 -1.96 17.79 0.2000 0.2800 8.9000 -1.7022 0.0089 -0.1633 3.82 -2.90 8.55 178 289 261 235 188 
4.49 -1.41 7.15 1.0000 4.8100 -1.0600 -5.1356 -1.0367 0.7022 3.65 -8.03 4.27 173 301 270 237 188 
1.01 -7.17 -4.79 -2.2500 1.1900 -4.9000 -1.7667 -0.7878 0.3422 2.94 -9.32 -0.79 4 295 271 255 187 
;
