1.69 5.24 7.92 -0.1000 -0.0500 -0.4700 0.0856 -0.5533 -0.1544 2.02 5.26 8.02 250 372 361 369 280 
2.29 5.45 8.08 0.2200 -0.0900 0.0700 -0.1622 -0.1622 0.0733 2.11 5.28 7.98 246 365 354 356 281 
3.23 4.87 9.03 0.8700 -0.3100 0.7500 -0.1456 -3.3356 0.6800 4.37 4.90 7.27 243 331 306 318 273 
13.23 4.90 6.29 7.3400 3.2400 0.5800 0.3922 -2.9167 3.2456 8.30 2.79 4.39 227 220 211 248 258 
3.15 2.62 2.91 -7.7900 2.7200 0.6600 0.7767 -1.3133 2.6211 9.55 -1.87 1.19 224 214 208 235 250 
5.51 2.82 1.80 -1.2900 2.8200 -0.7900 -0.1433 -0.2700 -2.5356 9.74 0.12 1.08 230 225 217 244 253 
12.22 2.89 5.12 3.2800 2.9600 4.0000 -1.4244 1.1456 0.7511 9.57 -0.48 2.08 241 286 284 312 268 
8.67 -0.68 3.33 -0.2100 2.1100 -0.1100 -5.1633 0.4267 2.5400 7.86 -5.31 2.48 247 346 367 363 273 
2.91 -5.66 -5.02 -3.2900 2.2600 -5.1300 -2.0800 0.3178 1.6433 5.29 -8.23 -0.63 248 358 382 380 275 
3.01 -8.07 -6.04 -1.8600 1.8300 -5.5800 3.8244 0.9911 0.8711 4.00 -8.74 1.92 247 357 388 383 274 
-0.53 3.49 2.65 -1.9100 2.5800 -1.0900 7.7256 3.3467 -0.0778 1.19 -2.72 9.34 248 355 381 368 275 
3.64 4.95 18.06 2.1300 3.7100 8.6000 0.9067 -0.2111 -1.0267 1.74 0.94 9.60 250 362 378 364 274 
;
1.52 0.37 10.23 -1.3900 0.1500 0.3000 -0.4089 -0.1089 -0.4111 2.66 0.51 9.42 249 359 375 356 274 
2.13 1.41 3.28 -0.9200 0.6800 -6.2500 1.7500 1.0778 -1.8144 2.32 1.77 9.36 246 351 370 358 272 
3.14 10.93 18.38 0.4400 4.7200 10.3800 -0.7867 -2.4433 -0.2900 -0.17 4.32 8.80 264 362 399 392 292 
-1.08 3.73 6.40 -0.3100 0.1300 -1.1100 0.4633 0.0989 -0.0278 -0.23 4.44 8.73 266 361 400 400 293 
3.91 5.45 12.69 3.7000 0.3200 2.3700 -0.9644 -4.8378 2.2022 4.53 3.77 7.83 257 298 329 323 282 
11.74 3.88 4.51 2.0600 2.1200 1.2900 0.3933 -3.1056 3.8667 9.45 -0.30 2.56 242 234 240 255 269 
-0.69 1.07 2.77 -11.8500 2.8500 1.2800 0.3789 -1.1233 0.3756 9.28 -3.08 0.64 229 211 219 237 251 
17.38 1.65 -3.72 10.6300 2.2400 -3.3000 0.3644 -0.5289 -0.9389 9.78 -0.43 0.45 225 211 219 237 248 
9.82 2.47 4.24 0.7800 4.0800 3.7700 -1.3367 0.5178 0.4833 9.72 -0.89 0.88 233 248 275 278 259 
9.81 -2.19 3.31 1.1500 0.5800 2.3200 -4.2100 0.5044 1.4400 8.44 -4.44 2.25 242 365 367 359 265 
4.17 -3.48 -4.42 -3.7500 3.5600 -6.3700 -2.8800 1.2278 2.8611 5.23 -8.29 -0.14 242 365 379 372 267 
4.84 -9.32 -5.59 1.0900 -0.2300 -4.6300 2.4211 0.9111 0.7567 4.09 -8.86 0.85 241 359 378 373 268 
-0.78 -1.50 1.75 -3.4800 6.8500 -3.4600 5.1556 1.6700 0.8067 1.59 -6.44 7.21 241 359 440 422 286 
-1.67 2.70 10.48 1.0800 4.1900 3.5000 4.9756 0.8211 -0.2233 0.06 0.97 9.75 284 396 408 405 307 
;
1.14 3.93 16.39 -0.3200 0.7800 5.8200 -0.9756 -0.5656 -0.7767 1.11 2.11 9.51 274 385 389 379 295 
0.48 2.99 5.39 -1.6100 1.6100 -4.3500 -0.2367 -0.7433 -2.2989 2.37 1.43 9.40 264 359 371 362 293 
0.38 8.24 15.55 -1.9000 0.9600 0.1600 -0.6178 -0.8011 -0.0378 0.57 3.78 9.02 228 317 363 366 265 
1.60 3.07 9.91 1.3900 -0.2300 1.8200 0.7011 -0.8811 0.4067 1.71 3.91 8.82 234 322 359 334 260 
11.07 3.82 6.34 4.4300 0.4200 -0.6500 0.7522 -5.0600 4.0744 8.65 1.75 4.25 218 217 209 228 243 
2.21 2.70 3.14 -8.6800 3.5700 1.0800 0.6256 -1.6111 1.8289 9.47 -2.30 1.02 218 203 205 220 240 
8.94 2.58 1.02 5.5200 3.9500 -1.5700 -0.2889 -0.6422 -1.9656 9.75 -0.25 0.98 216 204 214 226 241 
10.71 1.54 4.12 2.4000 2.6700 2.9700 -1.2033 0.9444 0.5333 9.66 -0.61 1.51 222 236 243 247 245 
9.57 0.79 4.25 0.9700 3.1600 1.1800 -3.2367 2.1511 2.0422 8.28 -3.88 3.53 231 324 351 335 256 
4.71 -4.52 -1.14 -3.2600 2.0800 -4.0800 -3.8844 -0.2411 2.0822 6.00 -7.75 -0.04 235 359 374 367 261 
5.65 -7.16 -3.11 1.4100 0.6900 -1.5300 0.7722 0.2256 0.0433 5.75 -7.94 0.03 232 363 375 365 261 
3.91 -7.86 -1.99 -1.7100 0.5100 -3.7800 2.6822 1.2656 0.8900 4.57 -8.16 2.93 233 358 378 369 262 
-1.31 0.49 2.75 -4.1400 7.0300 -3.9800 5.0522 2.1900 0.2878 1.94 -4.31 8.58 233 348 374 359 261 
1.23 5.59 16.81 -0.5400 4.6000 7.1800 2.6067 -0.7944 -0.1378 1.58 1.84 9.50 235 351 369 352 259 
1.75 3.00 12.53 -0.7600 0.3200 1.8800 -0.6733 -0.6011 -0.5700 2.41 2.29 9.22 234 343 358 346 259 
;
