4.84 2.14 8.06 0.0100 -0.0200 -0.1300 -0.0022 -0.0067 -0.0022 4.87 2.29 8.19 179 261 246 236 184 
4.75 2.18 8.01 -0.1200 -0.1200 -0.1600 0.0089 -0.0478 -0.0233 4.87 2.31 8.18 180 259 243 234 185 
5.39 2.21 9.33 0.7800 -0.0200 2.3000 -0.0978 -2.7689 0.1267 6.34 2.30 7.11 178 224 186 176 174 
12.15 0.74 -0.51 2.2700 -0.9100 -1.5800 1.3056 -4.8933 2.4611 9.64 -0.37 -1.73 177 154 147 155 163 
-0.05 -0.87 2.43 -9.9900 0.6500 3.8800 0.2522 0.7678 -1.6689 9.72 -0.58 -1.12 181 152 150 160 162 
23.15 7.68 -7.14 14.3800 3.4800 -5.6100 0.3133 -0.1700 -0.6067 9.27 2.94 -1.19 179 157 154 164 163 
9.68 2.99 1.16 0.3800 0.6600 1.9000 -0.8111 -0.0389 0.4689 9.48 2.33 -0.83 182 178 155 168 168 
15.70 0.76 -2.87 5.3700 -0.6900 -1.2600 1.5889 -1.0944 1.7378 9.56 0.43 -2.13 165 290 177 184 174 
8.74 -2.32 -4.99 -1.5100 -0.5500 -1.9300 2.2656 0.7133 1.7067 9.13 -3.13 -1.69 132 324 163 175 168 
5.39 0.59 -0.69 -3.0300 5.3500 -0.3500 0.6911 2.3200 0.2189 8.80 -4.00 1.61 119 331 165 176 169 
8.58 -2.52 0.67 0.2500 1.8100 -2.3200 -0.8267 1.4522 -0.0011 8.06 -4.38 3.44 125 343 174 182 172 
4.56 -6.66 3.25 -3.4500 -1.6800 -0.1600 -0.7800 1.6244 0.0633 6.91 -5.55 4.16 139 350 178 184 173 
7.99 -6.03 5.38 0.8000 -0.3400 1.0900 -0.1711 -0.6367 0.5067 6.99 -5.91 3.50 148 348 178 183 173 
4.59 -5.24 4.46 -1.8700 1.8200 1.3100 -0.8311 -0.7589 0.4678 6.58 -6.83 2.47 151 326 187 185 176 
3.83 -5.43 0.00 -1.2900 2.0900 -0.9200 -1.1022 -0.6278 -0.8878 7.17 -6.67 0.39 157 265 206 198 176 
-0.10 -1.08 -4.52 -5.7200 5.7300 -3.0100 -4.4456 -6.1089 -1.7744 6.35 -3.84 -6.40 170 252 226 238 182 
9.04 0.69 -17.29 4.4800 2.2600 -11.4300 -3.2889 -1.1867 -0.2778 0.87 2.09 -9.54 170 252 224 231 171 
4.31 0.24 -15.20 2.1500 -2.3200 -7.2400 2.6800 0.4733 0.8722 1.98 -0.17 -9.60 173 274 229 223 178 
5.23 -2.39 -11.31 -0.3600 3.7000 -1.7400 4.3989 2.7700 1.4344 5.11 -6.65 -5.07 182 318 257 273 185 
0.50 -0.91 -0.48 -3.8500 6.8000 1.7400 0.9844 0.5767 0.4822 4.49 -8.55 -1.68 182 327 281 283 188 
3.70 -6.15 -0.79 -0.6600 2.0900 0.5500 -0.3300 0.0344 0.0667 4.34 -8.62 -1.69 181 329 283 286 188 
3.21 -4.64 -1.57 -2.5100 4.3200 0.4500 -0.3733 0.5689 -1.4433 5.37 -7.96 -1.97 180 266 240 243 184 
;
