3.84 4.97 7.48 0.0300 -0.0300 -0.0600 0.0289 -0.0033 0.0033 3.81 5.01 7.50 181 260 244 237 188 
3.76 5.02 7.65 -0.0500 0.2700 0.7700 0.1533 -0.6444 0.3144 4.33 4.95 7.26 181 258 244 236 188 
12.82 5.98 7.30 5.5800 1.8800 1.2400 -2.1167 -4.2311 2.3522 8.42 2.21 4.51 178 169 151 167 171 
3.88 -1.63 2.69 -7.2900 -0.7200 0.6700 0.4878 -0.1789 1.3844 9.49 -1.13 2.15 167 160 151 163 165 
2.40 3.13 2.67 -0.6200 5.1100 0.5500 0.0900 -0.2878 -3.1989 9.35 1.97 2.19 159 166 156 168 169 
10.13 0.62 4.00 -0.9100 -1.0900 0.9600 0.0511 0.5622 0.3422 9.23 1.78 2.77 181 166 158 173 168 
8.05 2.76 2.83 -0.4700 1.0600 -0.0400 -0.3089 -0.3233 0.2522 9.32 1.35 2.73 166 174 159 175 170 
7.39 1.43 2.82 -1.7800 0.2700 -1.6800 0.2656 6.9011 -0.9200 6.77 1.55 6.91 179 219 198 198 180 
2.06 5.83 11.74 -0.4100 1.3100 3.1500 0.8811 -0.0011 -1.0522 1.63 4.51 8.55 179 250 223 221 183 
2.73 4.27 9.61 0.3600 -0.5400 1.0400 -0.5033 -0.1611 0.1956 2.21 4.60 8.36 182 249 201 223 188 
5.04 4.44 10.17 2.3300 0.3200 2.2400 -0.2867 -3.4256 1.5389 5.62 3.53 7.21 181 221 198 199 179 
11.31 2.68 2.91 0.8600 1.3500 -0.0400 -0.3789 -2.9033 3.3422 9.71 -0.35 1.30 1 172 154 171 168 
2.09 -0.39 1.23 -7.6100 1.6600 1.2300 0.4256 -0.6744 -0.2033 9.62 -1.89 0.08 3 171 154 173 170 
8.64 1.89 -0.97 -0.0900 2.2300 -1.2000 0.3278 -0.2689 -3.2111 9.57 1.94 0.80 4 176 160 173 168 
11.24 1.41 3.04 0.3400 -0.6500 1.9700 -0.4833 0.3489 0.7933 9.64 1.56 0.88 180 178 165 183 171 
10.84 3.18 1.20 1.4000 1.8200 -0.2000 0.0767 1.3689 0.2078 9.51 1.02 2.16 178 228 188 187 177 
7.27 0.66 3.55 -1.7400 0.6900 -0.9400 -0.8511 1.9133 1.2833 8.00 -0.66 5.62 175 310 211 201 177 
1.73 -1.96 2.36 -4.8000 -0.0900 -4.3500 0.1800 -0.2056 -0.5156 6.96 -1.33 6.76 119 322 184 201 175 
13.13 -0.66 12.12 6.0400 -0.4800 6.4700 0.4556 -0.9811 0.8878 7.70 -0.22 6.05 174 338 214 203 177 
8.65 -0.83 8.83 0.0000 0.7600 2.0100 -1.0122 1.1111 1.6367 7.07 -2.51 6.30 159 342 207 207 178 
2.02 -2.00 4.89 -5.2000 1.8300 -0.9500 -0.7333 -2.0833 -0.7767 7.92 -3.45 4.63 174 349 207 203 179 
7.67 0.42 -0.83 -1.0200 3.1300 -3.9200 -0.3789 -0.1567 -1.6833 9.22 -1.86 2.76 171 353 202 201 178 
8.33 1.33 -1.03 0.9700 1.8100 -2.1800 0.3111 -1.6378 -1.6356 9.75 0.78 0.64 171 349 198 199 179 
12.80 2.37 -2.26 2.9000 0.0800 -2.1100 0.3356 -0.4689 -0.9200 9.46 2.44 -0.73 167 353 201 199 178 
13.00 3.04 -0.87 3.7300 0.4300 0.6200 1.5333 0.7511 -0.1944 9.35 2.82 -0.87 163 351 203 202 179 
12.48 2.95 1.90 2.5800 0.5900 1.7800 0.2244 1.0378 1.4178 9.65 1.62 0.53 167 349 204 202 178 
;
