3.17 4.26 7.94 0.0000 -0.1300 -0.1700 0.0511 -0.0589 0.0100 3.31 4.40 8.10 173 292 257 233 186 
3.57 4.46 8.01 0.2300 0.0600 -0.0300 0.0822 -0.1144 0.0011 3.45 4.48 8.00 174 295 256 243 186 
4.62 5.33 10.68 0.8800 0.8700 3.2000 -0.6100 -4.7444 2.0056 7.06 3.25 5.97 177 200 174 183 183 
9.56 2.22 2.94 -1.5200 1.6300 -1.5900 -0.4067 -1.4889 2.7578 9.46 -0.59 2.50 2 161 150 155 168 
0.88 -0.09 1.67 -10.1400 0.0300 -1.1500 0.8833 -0.1967 -1.4422 9.63 -0.05 1.81 174 163 147 165 169 
22.73 5.94 2.76 8.1600 0.8200 2.8900 0.4933 -1.1256 0.6744 9.50 2.04 1.29 182 169 161 170 169 
9.70 2.63 1.97 0.8500 0.9900 0.1000 -0.7411 0.3100 0.0900 9.50 1.72 1.68 5 182 162 172 176 
10.77 1.72 2.38 0.9500 0.3600 1.5200 -0.0422 -1.9022 1.6322 9.80 0.28 0.21 178 279 225 219 183 
5.33 -1.14 -1.21 -3.9400 1.0300 2.3400 -2.6222 -4.7189 3.6367 7.38 -3.16 -5.61 177 278 241 242 184 
0.23 0.05 -3.92 -3.1600 1.6900 3.8500 -4.7211 -3.0400 1.2900 1.48 0.05 -9.69 173 267 248 240 180 
-0.05 4.07 -16.17 -0.1300 1.4300 -4.8600 0.6400 0.8589 -0.3267 1.62 1.74 -9.51 176 271 249 269 180 
2.71 1.44 -9.39 0.7300 0.0600 -0.4500 0.5211 0.4433 -0.1700 2.11 1.23 -9.49 176 259 223 203 175 
4.54 -0.64 -12.83 1.6800 -0.9500 -3.3700 3.1267 -0.8956 0.5433 2.30 -1.91 -9.33 181 276 156 181 157 
0.93 -3.49 -10.54 -0.8400 1.6100 -1.8700 4.4544 0.1989 0.3744 1.81 -7.09 -6.51 158 264 151 159 149 
-0.28 -3.38 -6.95 -1.5100 7.0500 -3.3000 5.9444 0.4000 -0.0033 1.99 -9.43 1.81 134 261 152 162 153 
1.37 -4.97 8.54 -0.6900 2.7300 3.0800 -1.0400 0.3100 0.2578 1.62 -8.96 3.63 133 254 148 158 154 
0.81 -9.78 3.89 -0.9500 -0.6000 0.7900 -0.1167 0.0200 -0.7622 2.02 -9.06 3.14 146 259 159 178 154 
;
