4.41 0.56 8.67 0.0100 0.0000 -0.1200 0.0144 0.1278 -0.0611 4.29 0.56 8.79 172 289 260 245 189 
4.23 0.58 8.74 0.0000 -0.0400 -0.0900 0.1122 0.1233 -0.0956 4.15 0.73 8.85 168 289 256 243 186 
3.75 0.50 8.66 -0.6000 -0.6000 0.0600 0.8022 -2.1033 -0.6422 5.09 1.52 8.23 170 231 204 192 183 
11.10 2.86 5.72 4.9900 2.2800 -0.6800 0.9100 -4.3311 1.1889 9.01 1.85 3.39 174 155 141 152 159 
9.06 0.94 0.17 -1.6100 0.9300 1.1100 1.9222 -0.4833 2.0411 9.73 -0.89 0.78 176 157 146 159 157 
2.59 0.45 3.85 -8.3300 1.7700 2.8000 -1.1056 0.1367 -1.3833 9.73 -0.83 0.81 172 161 146 161 157 
12.05 -0.73 2.15 1.0500 -0.7500 2.0100 -0.4133 0.6800 0.0133 9.79 -0.12 0.48 177 140 154 164 157 
9.66 0.09 0.22 -0.7900 0.1900 -0.0300 -0.2744 0.2267 0.0000 9.77 -0.10 0.72 177 170 153 169 160 
9.38 -0.22 2.68 -1.8000 -0.6400 1.7400 -0.4611 -0.5567 -0.2300 9.80 -0.05 0.34 173 287 194 221 178 
6.99 -1.94 -3.04 -1.7700 -0.9500 1.6500 -2.6522 -6.1244 1.3767 6.36 -0.10 -7.46 176 285 235 239 180 
1.78 4.86 -10.64 -1.7300 3.7700 -2.6800 -1.6444 -1.0256 -0.0767 3.10 2.87 -8.84 176 277 230 238 178 
4.22 2.69 -8.93 0.8500 -0.3900 -0.1700 0.4356 0.9222 0.0456 3.95 2.59 -8.59 166 275 233 233 179 
6.58 3.87 -8.66 0.0800 2.8800 -0.9900 1.0644 6.7544 0.6056 8.59 1.38 -4.51 175 296 233 247 182 
2.66 0.39 1.93 -4.9500 -0.3500 -2.5000 0.4111 6.6478 0.5178 5.75 0.79 7.89 175 302 246 246 182 
4.68 -1.02 11.07 -0.4100 -2.4600 3.2400 0.0456 -2.8344 -0.3678 6.81 1.44 6.89 173 306 247 250 182 
8.02 -1.13 2.83 -1.6400 -2.6400 0.0600 -1.0456 -7.3844 0.7133 9.72 0.71 -1.06 178 296 253 252 181 
3.88 1.57 -6.31 -5.7800 1.1700 0.4900 -0.0511 -6.0589 0.0022 3.57 0.61 -9.11 173 276 232 231 174 
4.45 4.18 -11.29 1.3700 1.6000 -1.9400 -0.0600 -0.0756 0.1667 1.91 1.17 -9.54 175 276 246 233 176 
3.29 0.63 -9.87 1.3000 -0.3700 -0.2000 0.2000 0.5089 -0.0500 2.36 0.87 -9.47 177 274 247 232 176 
;
