0.67 -2.84 9.17 0.0600 -0.0200 -0.2300 0.0000 0.0356 0.0056 0.65 -2.83 9.36 153 329 308 328 215 
0.72 -2.70 10.42 -0.1100 -0.0300 1.1900 0.4867 -0.0678 0.1922 0.58 -2.50 9.46 172 323 295 278 216 
1.33 -2.49 11.03 -0.4600 -0.2200 0.1200 -0.4511 -4.5444 0.0522 4.28 -2.67 8.40 174 231 206 205 199 
11.42 0.42 1.69 2.8100 1.5800 -2.2300 3.7422 -5.2722 1.4756 9.42 -1.60 2.18 177 130 135 168 176 
4.54 -0.07 1.93 -5.5300 1.6400 1.6000 2.3867 -0.5289 -0.5744 9.67 -0.75 1.41 180 148 141 171 172 
10.55 3.36 0.51 4.3500 2.6800 -2.0600 -0.0656 -1.5256 -1.2456 9.66 1.64 0.25 180 151 145 169 175 
11.38 1.89 1.66 1.0700 0.2300 1.5100 -0.3122 0.1322 0.3122 9.65 1.69 0.33 177 153 133 161 173 
8.45 1.54 0.44 -1.2200 0.1200 -0.1900 -0.3811 0.3056 -0.1544 9.65 1.60 0.67 180 161 148 163 173 
8.87 3.24 0.03 -0.7700 1.4400 -0.2200 -1.8944 1.7189 -0.5778 9.46 1.91 1.73 180 225 192 208 185 
11.65 1.94 -0.65 2.6300 0.0400 0.0700 -2.9467 -4.2033 0.7956 9.29 2.04 -2.37 176 276 218 233 186 
6.54 -1.09 -6.38 -1.1300 -2.6900 0.1600 -0.2767 -3.1544 0.2444 5.92 2.18 -7.50 178 268 222 217 171 
2.53 5.20 -9.44 -1.5900 1.4300 -1.7000 -0.3678 -1.1400 -0.2678 2.93 3.05 -8.84 178 265 226 221 172 
4.02 3.94 -8.62 1.0200 0.4800 0.0700 0.0200 0.5767 -0.2556 3.51 3.11 -8.61 176 265 224 209 177 
3.61 4.24 -7.69 -0.6800 1.0400 0.1600 0.2367 3.1600 -1.1300 5.77 3.33 -7.18 175 262 198 195 177 
7.44 3.81 -6.42 -0.6000 -0.5300 -1.9800 0.9622 4.1622 -2.0944 8.05 4.87 -2.73 172 186 160 172 169 
12.13 8.15 1.50 7.1700 2.1800 -0.8600 -0.7478 4.9822 0.8156 8.37 4.83 1.60 169 183 165 176 156 
9.83 2.07 -1.20 -1.3800 1.0300 -0.8000 2.2244 -0.2811 1.7222 9.58 1.50 -1.45 167 184 163 172 151 
6.16 7.17 14.61 -0.9300 4.4200 14.6600 -0.5167 0.5833 -0.0100 9.66 0.51 -1.55 166 176 163 167 143 
10.56 3.11 -0.80 0.6400 1.9700 -0.8700 -1.5911 1.0389 -0.8489 9.71 1.34 0.01 166 183 165 171 147 
8.48 2.12 -2.11 -0.8100 -0.3800 -3.0000 -1.4878 -0.6189 -0.8311 9.41 2.63 0.76 163 181 162 170 144 
8.89 1.46 -2.69 -0.8100 -1.3600 -0.4100 -1.5944 -0.9967 -0.4689 9.36 2.88 0.47 169 165 157 164 135 
7.31 -0.57 1.86 -0.7800 -2.3700 1.2200 0.0089 -0.1289 0.1300 9.39 2.77 0.38 169 191 165 170 152 
10.29 0.98 -0.14 2.6000 -1.9700 -3.7500 0.2167 7.1533 -0.7322 6.99 2.87 6.24 168 239 210 202 168 
1.95 4.49 10.65 0.5700 1.9500 2.3600 -0.5889 2.5322 -0.1533 1.35 2.62 9.35 168 257 216 215 174 
;
