1.23 5.36 8.09 0.1700 -0.0200 0.1600 -0.0144 0.0356 -0.0333 1.12 5.50 8.03 174 290 258 254 195 
1.11 5.32 8.12 0.0000 -0.1700 0.0600 0.0122 0.0467 -0.0178 1.08 5.49 8.04 175 289 267 253 197 
1.45 5.88 8.33 0.8400 0.6900 0.5000 0.1156 0.0811 0.2233 1.14 5.52 8.02 179 292 251 249 198 
5.44 6.96 9.21 1.7500 1.6500 0.8000 -0.2844 -4.2978 2.7278 5.76 4.58 6.47 177 175 161 163 190 
7.02 1.90 4.46 -3.7400 0.3100 1.1300 0.3133 -0.8556 2.6533 9.34 0.37 2.93 177 148 156 160 182 
-1.62 -0.95 1.70 -11.6500 -0.6000 -1.8800 1.1144 0.1389 -2.6567 9.19 1.85 2.86 179 157 158 169 184 
13.84 4.28 6.58 3.7900 0.6900 3.3600 0.1089 0.1444 0.7678 8.79 2.93 3.18 178 162 164 174 184 
8.75 4.07 3.58 0.2000 1.3400 0.2000 -0.5500 -0.6667 0.3167 9.08 2.31 2.87 179 197 178 177 187 
12.18 1.19 2.60 2.7400 0.4500 0.5300 -0.3289 -3.1511 2.6511 9.78 -0.61 -0.37 175 288 181 183 190 
8.97 -3.61 -5.88 0.3600 0.3800 -2.4700 2.5978 -2.5278 3.8000 6.69 -6.10 -3.75 138 283 173 176 178 
3.13 -4.85 -5.70 -1.6000 4.2300 -4.4100 4.2878 1.2378 1.6222 3.40 -9.16 0.75 142 278 172 169 179 
0.29 -0.27 16.78 -1.6700 5.0700 7.3900 -2.0089 -0.2244 0.3211 3.05 -8.62 3.52 146 278 175 179 178 
4.66 -9.41 2.44 1.1800 -0.1400 -0.0100 -0.2444 0.2244 -0.0978 3.43 -8.78 2.66 144 288 181 183 181 
2.82 -8.37 2.38 -0.4000 0.7100 0.6400 -1.4144 1.5178 -0.9178 3.79 -8.86 1.79 164 275 188 187 182 
3.83 -9.83 -0.08 1.1900 0.2400 -0.9300 -2.0922 4.0522 0.0344 3.55 -9.07 1.05 165 250 214 197 180 
5.58 -9.90 -0.74 0.4400 -0.5900 -2.0800 -2.4389 5.6089 1.8256 1.67 -9.65 -0.19 166 253 238 228 186 
-2.71 -8.10 -5.81 -3.8100 0.0800 -4.3100 -1.1822 2.7178 1.4878 -0.52 -9.13 -3.53 165 247 245 220 187 
1.11 -7.76 -0.11 1.4000 5.8200 4.2600 4.4744 2.3189 -1.9867 1.65 -9.40 2.22 171 260 245 230 186 
3.02 -8.93 2.58 1.5300 0.9100 1.8700 -2.1344 -1.0022 0.5711 1.07 -9.73 -0.47 167 251 248 228 189 
-2.96 -8.51 -7.59 -2.9900 0.1600 -5.5300 -1.8233 -0.3444 0.5722 -0.30 -8.87 -4.15 165 245 257 223 187 
-2.90 -7.67 -8.04 -2.4100 2.8200 -3.5200 5.2089 1.6233 -2.0100 1.40 -9.70 -0.06 172 255 257 238 194 
6.05 -1.48 14.96 3.0900 3.1000 6.5500 -1.7456 -0.9311 1.0856 1.98 -8.90 3.60 169 251 251 232 189 
-0.16 -7.84 -0.22 -2.1800 2.0100 -3.6700 -0.5800 -3.0422 2.3122 0.03 -9.63 1.84 164 244 235 217 187 
;
