4.13 4.91 8.19 0.4300 0.1800 0.2300 -0.3589 0.0933 0.0044 3.49 4.51 7.97 162 296 236 225 180 
4.11 4.25 8.64 1.6500 0.2800 1.5500 0.3211 -1.9556 0.3878 4.73 4.36 7.39 180 265 236 229 180 
9.57 -0.64 2.23 0.3800 -2.4000 -1.2500 0.5122 -5.8156 3.8289 9.77 0.33 0.69 179 156 152 158 166 
-0.76 0.32 2.62 -11.0900 1.3500 1.7700 0.9300 0.7200 -1.7622 9.74 0.33 1.06 179 154 154 163 166 
21.90 6.52 1.91 11.4400 2.3300 1.6100 0.2544 0.6144 0.0367 9.26 2.58 1.93 180 161 160 170 165 
11.43 3.83 3.03 2.1500 1.4900 0.0400 -0.4744 0.8467 0.1678 9.18 2.14 2.69 176 201 177 188 176 
7.21 1.43 2.49 -1.6700 0.3900 -0.2400 -0.6767 -4.3133 3.0867 9.70 -0.93 -1.02 177 281 240 234 178 
2.62 -2.09 -0.78 -5.4600 0.9700 5.9700 -3.1344 -5.0922 2.1856 4.10 -2.71 -8.48 177 272 246 243 177 
3.14 3.42 -18.69 0.1700 2.1400 -9.5500 -1.1433 0.0744 -0.5156 2.31 1.37 -9.43 180 274 249 244 175 
4.38 0.14 -8.50 1.8000 -0.2000 1.0600 0.5322 0.5500 0.1522 2.87 0.38 -9.36 181 271 249 242 176 
5.20 0.55 -13.39 2.7400 0.3400 -6.3200 1.3978 4.2233 0.2778 5.62 -0.71 -8.00 179 256 213 213 172 
5.91 -0.19 -6.82 -4.4100 2.3900 -10.4300 0.8844 13.9189 3.3833 4.53 -3.27 8.05 175 171 155 168 159 
-3.79 1.28 3.70 -3.8400 2.2700 -6.0200 4.3833 2.9678 0.2733 -3.58 -0.26 9.12 177 163 166 173 159 
-9.10 2.47 16.61 -3.8100 0.3000 7.5200 -0.2011 -0.2222 -1.0311 -4.92 2.00 8.24 179 167 167 173 158 
-4.63 1.01 8.47 -0.0200 -0.3500 0.1500 -0.0911 -0.1589 -0.1544 -4.70 1.41 8.48 181 170 165 176 160 
-3.37 1.51 6.77 -0.9100 -0.6900 -3.3300 2.1467 -4.0911 0.4200 -1.61 2.17 9.42 169 231 196 205 171 
;
