-0.63 5.92 7.08 0.3200 -0.1900 -0.5200 0.0067 0.0667 0.0344 -0.98 6.11 7.59 190 310 312 311 218 
-1.64 6.08 7.88 -0.5300 -0.1400 0.0000 -0.0711 0.0222 0.0656 -0.95 6.04 7.66 187 308 308 307 217 
-1.57 6.17 7.96 -0.5400 0.1600 0.2700 -0.0033 -0.1411 0.1122 -0.89 6.04 7.66 186 308 311 310 216 
2.02 9.14 14.26 2.5200 2.9800 7.5200 -0.9633 -0.9367 1.2611 0.35 5.73 7.95 169 321 327 320 218 
0.05 1.60 6.14 -2.6700 0.7100 -4.4200 -4.5144 -0.2244 3.0100 2.50 -2.49 9.14 147 249 254 247 214 
-1.04 -1.75 2.31 -1.1400 3.8100 -5.1400 0.3711 0.8011 0.1822 1.00 -4.54 8.62 140 222 222 212 204 
7.55 -4.58 7.83 7.3600 -0.1900 -1.1500 0.8756 -0.6756 1.0633 1.11 -3.65 9.02 130 177 182 184 194 
0.24 2.26 8.09 -1.9000 4.7000 -1.3600 2.3667 -0.3567 4.3422 0.84 -1.35 9.67 127 179 187 185 188 
3.69 0.84 9.80 1.7700 1.2900 -0.1300 -0.4500 0.3578 0.2178 0.59 -1.02 9.73 143 188 190 189 190 
-5.26 3.40 11.49 -4.4600 4.8400 1.8500 -0.3878 0.7956 -3.7156 -0.06 -1.50 9.69 143 188 194 191 192 
4.61 -0.78 7.24 5.2000 0.9000 -2.7300 -0.0189 0.2444 -2.5733 0.05 -1.95 9.61 143 188 194 192 192 
8.07 -2.85 9.55 7.3700 -1.0900 -0.0300 0.4900 -1.1244 1.8422 0.97 -1.30 9.67 135 192 196 194 193 
6.24 -1.08 10.30 3.1200 -0.5900 1.6800 -0.3167 0.5900 -0.3911 2.04 -1.12 9.52 142 200 202 199 195 
0.92 -2.29 7.99 -2.1800 0.3100 -0.2600 -1.0122 0.6822 -0.9444 1.88 -2.26 9.35 159 274 257 233 201 
4.35 -3.28 13.92 1.5200 -1.4300 4.0300 -4.0478 1.2300 -0.6044 0.33 -4.36 8.77 181 366 227 217 202 
-0.64 -3.82 3.32 -1.5400 2.8400 -4.4400 -0.1767 1.1389 -0.2600 0.00 -6.73 7.13 183 380 240 237 205 
0.26 -0.90 6.53 0.8700 4.5500 -1.3900 1.5322 0.4522 -0.5856 -0.33 -5.28 8.25 184 382 242 238 204 
1.77 -4.37 10.50 2.0200 -1.2000 1.3900 2.2367 -1.2867 0.7500 0.09 -1.82 9.63 184 379 233 240 205 
2.53 -3.30 17.09 0.5800 -2.1200 6.7800 -1.4422 -0.0733 1.8089 0.62 -1.98 9.58 183 370 237 240 206 
-2.65 -1.74 11.53 -3.4400 2.0200 1.7900 -2.5489 0.3400 0.8456 -0.21 -4.90 8.48 183 367 238 240 206 
-3.46 -3.09 7.47 -2.7900 4.4800 -0.1500 -2.1100 0.6356 -1.1689 -0.26 -7.65 6.12 183 365 239 240 205 
0.45 -2.34 2.51 -0.0100 6.0800 -2.6700 -0.2856 1.3233 -1.6633 0.88 -8.42 4.94 181 355 237 237 206 
3.70 -5.57 3.34 2.1200 2.0800 -1.8200 2.8189 0.1933 -1.0422 1.50 -6.82 6.87 182 353 237 241 206 
3.25 -9.21 11.53 0.6000 -3.1700 2.5700 -0.1556 0.1700 0.4867 1.66 -5.52 7.92 181 353 242 244 207 
1.22 -4.92 6.35 0.2000 1.7300 -2.0200 0.8011 -0.0578 0.5067 1.21 -5.43 8.06 179 325 276 280 208 
0.24 -1.41 4.36 -1.2200 2.0600 -4.9700 3.2644 -0.0100 0.5300 1.13 -2.20 9.48 182 291 302 311 209 
-2.25 7.52 12.01 -0.8100 5.7700 4.7600 3.1411 0.9456 -1.6556 -1.12 4.63 8.57 184 284 312 362 214 
;
