2.52 3.94 8.61 0.0200 -0.0700 0.0200 0.0022 -0.0044 0.0022 2.42 3.99 8.62 165 302 286 286 200 
2.52 3.90 8.64 0.0800 -0.0600 0.0000 -0.0089 -0.0333 0.0322 2.45 3.96 8.62 165 302 287 286 200 
3.72 4.35 10.42 1.2600 0.6000 2.0300 -0.5544 -0.3467 0.5278 2.77 3.53 8.71 165 305 288 286 200 
4.68 2.31 9.47 0.7700 0.6600 0.5400 -2.2311 -2.2989 2.1411 4.95 0.30 8.45 145 316 270 288 199 
6.05 -1.35 6.59 0.0500 0.9700 -0.5000 -0.4289 -1.1567 1.9400 6.38 -3.01 6.80 121 319 287 305 200 
3.01 -2.55 5.34 -3.3200 1.4700 -1.1300 0.0156 -0.5111 0.5456 6.29 -4.24 6.20 119 282 256 259 200 
8.22 -3.19 4.08 1.3500 0.7100 -1.2500 1.0311 -1.2600 0.0444 7.56 -3.82 4.92 118 178 172 187 185 
9.81 -3.22 3.51 0.9700 0.0000 -1.0000 1.8744 0.1567 0.6811 7.71 -3.09 5.20 119 180 167 180 176 
6.26 -2.00 4.00 -0.9100 1.1000 -0.8900 2.2422 0.3811 0.3533 7.61 -1.77 5.92 121 177 165 180 176 
6.70 1.62 6.94 -1.7900 2.3400 1.3200 0.9922 -0.1956 0.1278 7.76 -0.18 5.98 123 161 160 170 161 
10.28 1.45 6.15 1.6500 1.3400 0.4500 -0.7844 0.7878 0.2278 7.80 -0.56 5.91 125 178 171 181 171 
6.28 0.56 7.97 -1.0300 1.8100 1.4500 -1.8211 0.8067 -0.7800 7.08 -1.56 6.59 126 183 174 183 172 
8.28 -0.50 3.67 1.2400 1.4000 -3.5400 -1.2556 0.3922 -0.4989 6.69 -2.61 6.66 127 183 175 184 172 
6.86 -2.32 2.15 0.3100 -0.1600 -4.2900 1.9144 0.2844 -0.0422 6.58 -1.34 7.14 129 183 174 184 172 
8.92 -0.01 7.75 3.1000 0.0000 1.1900 2.2411 0.3289 0.5133 6.48 0.75 7.32 132 179 175 186 172 
5.24 1.63 9.52 0.3900 0.9100 2.7900 -0.0111 -0.7367 -0.1667 6.94 0.93 6.85 135 180 177 188 173 
7.03 0.82 9.08 -0.1500 0.4200 2.5100 -1.3322 0.5189 0.0744 6.85 -0.15 7.01 132 185 178 190 175 
5.65 -0.64 7.58 -0.9700 1.1700 0.3900 -2.6811 -0.6489 -0.0978 6.80 -2.64 6.55 132 189 181 192 176 
4.39 -2.01 2.99 -2.1300 2.0800 -3.0500 -1.2444 1.0222 -1.6044 6.75 -3.50 6.18 137 243 215 227 185 
;
5.87 -1.13 4.91 -0.3200 0.8600 -3.5900 0.3156 2.8889 -2.2956 4.24 -1.46 8.71 159 285 259 274 193 
1.88 1.65 9.66 0.5300 1.1800 1.3900 3.0311 2.6889 -0.8467 -0.33 2.56 9.45 177 312 281 320 195 
-0.90 6.02 14.58 0.4000 1.1300 4.0300 0.0100 -0.1022 0.2056 -1.20 4.19 8.78 179 314 297 318 196 
-0.66 3.91 8.24 0.5000 0.0700 -0.3300 0.3500 -0.2522 -0.0922 -1.00 4.23 8.78 180 312 297 317 197 
-0.65 4.17 9.50 0.0000 -0.0100 0.7100 -0.2222 -0.4133 -0.0922 -0.51 4.05 8.91 179 312 294 310 197 
2.74 4.19 12.14 2.9300 0.3800 3.5200 -0.5844 -0.2044 0.5200 0.17 3.47 9.16 177 314 280 314 197 
4.22 3.21 11.48 1.5300 0.7700 1.3200 -2.9022 -2.3567 2.8611 3.12 0.12 9.29 139 321 294 311 198 
-0.51 -1.06 4.64 -4.8900 2.5700 -3.1600 -0.8056 -1.7611 1.4789 5.65 -4.38 6.70 114 310 285 295 200 
4.04 -3.32 5.60 -1.6000 1.0500 -0.9400 0.4300 -0.3467 -0.3856 6.02 -4.40 6.35 118 287 267 263 199 
9.89 -3.09 3.17 2.7500 0.1500 -2.0400 1.6900 -1.8389 0.6322 7.67 -3.45 5.03 106 192 180 189 180 
7.46 -1.05 1.02 -0.2900 2.2200 -3.1700 3.7478 -0.5089 0.5700 8.09 -1.98 5.16 111 178 167 178 177 
6.59 3.34 9.17 -3.5600 3.7900 14.8100 -0.6489 -0.8922 -0.5244 8.18 -0.12 5.40 116 167 164 175 155 
7.95 1.03 6.51 -0.6800 1.3800 1.1000 -0.9544 0.4522 -0.0356 7.87 -0.46 5.82 119 178 171 181 165 
6.62 1.60 7.19 -0.0100 2.8500 0.0800 -2.0311 0.5667 -0.8933 7.19 -1.37 6.52 121 180 174 183 165 
8.71 -1.01 2.66 1.6500 0.2700 -4.4400 -0.2589 0.2367 -0.6511 7.01 -1.33 6.72 122 181 171 183 165 
8.02 -1.17 5.13 0.2800 -0.7900 -0.8000 1.7033 -0.4200 0.0667 7.18 0.33 6.66 125 182 163 183 165 
4.63 2.76 16.56 -3.8000 1.6500 10.6000 -0.7478 -1.1033 -0.1944 7.94 1.13 5.62 127 179 171 184 165 
6.44 1.00 8.68 -1.6200 0.6100 2.6600 -1.9544 -0.0333 0.3933 7.58 -0.48 6.19 129 186 177 186 167 
4.48 -0.43 4.93 -2.6600 1.7000 -2.5500 -3.4511 5.1100 -2.2911 5.04 -2.94 7.87 136 252 224 231 183 
3.41 -0.22 5.02 1.6900 1.4600 -3.3300 2.8800 3.4322 -2.8689 0.62 -0.29 9.78 168 305 278 307 192 
1.29 4.00 11.03 0.5600 2.7800 1.8400 1.6356 -0.0311 -0.0600 -0.89 3.00 9.29 175 318 288 326 193 
;
-0.96 6.78 13.66 0.9800 2.9800 5.2200 -0.1722 0.3056 0.1878 -1.44 4.42 8.63 177 315 288 325 195 
-1.41 4.27 8.59 -0.2900 -0.2100 0.1100 -0.1422 0.0389 -0.0944 -1.43 4.30 8.69 177 317 300 332 199 
-0.81 4.27 8.55 0.5300 -0.0400 -0.0100 0.0522 -0.0122 0.0433 -1.16 4.40 8.68 177 314 301 329 200 
0.65 5.16 12.92 1.0900 0.6700 3.9000 -0.9678 -0.7900 0.0678 -0.08 3.83 9.02 175 315 291 310 200 
4.74 3.92 10.68 3.1500 1.0700 0.3300 -1.9789 -2.1489 1.6800 2.84 1.03 9.32 162 320 298 312 200 
1.55 -0.20 6.87 -4.2700 1.1200 -2.6600 -2.3122 -4.1567 2.0456 6.36 -3.78 6.42 120 228 194 197 192 
5.75 -1.86 3.30 -1.2700 2.7000 -1.3100 0.7511 -0.3600 -0.3689 7.60 -3.97 4.75 110 191 172 179 186 
11.41 -2.66 4.25 4.2000 0.8500 -1.3600 0.8544 -0.8344 0.1911 7.99 -3.19 4.69 115 189 170 182 185 
8.91 -0.05 1.52 -0.5200 3.1200 -3.3900 4.0600 -0.1689 2.0867 7.46 -2.65 5.77 118 190 174 183 185 
5.09 2.62 8.88 -1.8600 3.1700 3.4300 3.2600 -0.7056 0.9056 7.34 -0.35 6.48 120 174 167 178 176 
9.22 1.45 7.30 1.6200 1.6400 0.3700 -1.2633 0.8244 -0.2111 7.22 -0.82 6.57 123 188 175 188 182 
6.23 1.36 6.27 -0.3300 2.3700 -1.4400 -1.7244 0.6889 -1.3367 6.73 -1.40 6.98 123 184 175 189 182 
8.42 -3.08 2.71 2.6000 -2.1500 -4.6400 0.7733 -0.2367 -0.7478 6.54 -0.49 7.28 124 184 164 189 182 
6.01 0.13 7.97 -0.4100 -0.9800 1.2300 1.8189 -1.0267 0.4911 6.97 1.33 6.75 126 175 170 188 182 
9.66 1.33 7.60 0.6000 -0.4100 0.7400 -0.8011 0.6456 0.4122 7.04 0.58 6.79 126 187 176 190 184 
4.89 0.47 7.88 -2.4000 1.0200 0.7600 -3.0922 1.1289 -0.9600 6.71 -1.47 6.99 134 228 206 218 188 
5.43 -0.18 4.32 -0.5300 1.9500 -3.9700 -1.6356 5.0300 -3.4678 3.82 -2.22 8.75 152 286 234 272 193 
3.59 4.03 6.62 2.0200 3.2700 -2.2100 4.8278 3.1500 -1.8278 -1.17 3.05 9.24 178 323 290 331 196 
-3.58 6.46 11.43 1.1300 5.7800 6.0500 0.3300 0.0356 -0.5567 -1.98 4.82 8.30 180 326 282 345 203 
;
-1.28 3.97 9.04 -0.0800 -0.2200 1.1000 0.0533 -0.9578 0.0233 -0.93 4.60 8.60 179 320 285 323 202 
0.95 5.33 11.80 1.0400 1.2000 2.3000 -1.7311 -1.3111 0.5278 0.55 3.08 9.29 178 321 292 329 203 
4.37 1.86 8.37 1.5900 0.5500 -1.1500 -1.6311 -4.2956 3.4111 4.51 -0.16 8.70 152 292 264 267 201 
7.81 -1.01 3.61 -1.7600 2.1500 -1.4500 -0.3844 -0.9511 1.6511 7.47 -3.93 4.97 111 175 164 190 190 
8.03 -1.96 1.67 1.6600 2.3300 -3.1200 1.1644 -0.7378 -0.9522 8.35 -3.03 4.14 121 172 159 187 189 
9.43 -0.17 3.24 0.1200 2.1600 -0.9900 3.6200 0.1767 1.7822 8.08 -2.53 4.93 124 175 171 190 189 
4.59 4.23 6.83 -3.0700 5.4100 1.1500 3.5667 0.4611 0.5189 7.52 -0.26 6.28 120 161 158 167 182 
11.23 0.29 9.94 2.8300 2.0800 2.7100 -0.3778 -0.1411 0.3311 7.53 0.04 6.27 123 179 175 189 189 
6.50 2.32 6.90 -0.9500 2.7300 0.0500 -1.7200 0.8611 -0.8900 7.03 -0.88 6.77 122 180 176 190 189 
9.61 -0.19 2.97 3.0200 0.2000 -4.3700 -0.9267 0.0578 -0.9967 6.91 -1.10 6.86 124 177 176 190 188 
6.51 -2.03 3.89 -0.9800 -2.0900 -2.9600 2.4811 -0.2489 0.0411 7.17 0.45 6.67 126 175 170 190 187 
8.02 3.72 17.08 0.4400 1.4900 7.6300 -0.5567 0.1400 0.0811 7.53 1.07 6.17 126 177 173 189 186 
3.61 0.46 8.14 -4.2300 0.6300 0.7600 -3.3100 0.1689 -0.6156 7.40 -0.96 6.35 133 212 201 210 191 
5.81 -0.06 3.35 0.0900 1.2100 -4.7400 -0.8044 4.6211 -3.0767 3.91 -1.41 8.88 155 293 240 288 196 
0.56 3.29 7.45 1.0300 3.0000 0.5200 3.7956 1.3911 -1.2056 -1.25 3.25 9.16 177 326 290 332 198 
;
-1.88 5.96 10.88 -1.9600 3.8800 4.8900 1.4133 -1.5733 -0.1744 -1.55 4.83 8.38 179 323 302 335 200 
-1.06 4.31 7.96 -0.3600 -0.2300 -0.1200 0.4467 0.3389 0.2222 -1.41 4.96 8.34 179 318 281 327 201 
2.47 7.39 12.67 2.5200 2.7300 4.3800 -1.6978 -1.0300 0.3967 0.68 3.83 9.00 170 307 285 302 201 
6.84 2.48 8.93 2.5200 0.5900 0.0000 -2.6556 -4.2300 3.9167 5.93 -0.80 7.76 127 247 232 231 200 
1.15 -3.04 3.91 -5.8100 1.1100 -1.1200 0.0233 -2.4533 0.5000 7.40 -4.74 4.34 110 177 171 183 186 
6.78 -1.45 2.95 0.7700 3.4900 -1.3500 0.6367 -0.3500 -0.4756 8.06 -4.13 3.75 114 181 176 186 188 
12.11 -1.15 -0.99 1.3100 2.5000 -4.0900 4.5111 -0.0667 1.5089 7.95 -3.05 4.85 116 181 179 188 187 
4.80 2.96 6.87 -2.9700 4.3000 1.8500 3.6556 -0.1700 0.3200 7.72 -0.76 5.99 120 164 165 173 178 
10.30 3.05 9.25 2.7800 3.1800 2.3000 -0.7489 0.3589 -0.1000 7.82 -0.38 5.90 122 182 180 190 184 
7.62 2.36 4.66 0.0000 3.0700 -1.9300 -1.5256 1.0378 -0.9700 7.15 -1.05 6.62 124 181 181 190 186 
9.14 -2.14 1.46 2.8900 -1.2300 -5.8200 0.5278 -0.7344 -0.4644 7.01 -0.51 6.83 123 180 181 191 185 
6.83 0.53 7.11 -1.0800 0.8800 2.3700 0.5089 -1.1611 0.0889 7.87 0.74 5.80 125 177 178 190 185 
5.98 0.28 8.00 -1.9300 0.1800 1.5900 -2.4056 0.3767 -0.1433 7.37 -0.72 6.42 128 187 187 198 188 
4.45 -1.49 2.66 -2.7200 0.5000 -4.3700 -1.4456 4.8567 -2.8411 4.51 -2.03 8.46 153 290 242 278 195 
1.39 2.13 5.84 0.4000 2.2400 -2.7100 4.0956 3.1878 -2.2122 -0.82 2.54 9.43 179 338 306 343 198 
-1.69 9.42 11.05 1.0400 10.2400 5.7900 0.5233 1.0711 -0.6100 -3.00 5.32 7.66 177 333 314 348 203 
;
-2.75 4.03 7.61 -0.3100 -0.5400 -0.2100 0.0900 -0.2156 0.0511 -2.32 4.53 8.37 180 336 308 350 205 
-2.79 5.19 10.72 -0.6400 0.5400 2.9900 -0.1033 -2.0467 0.2233 -1.11 4.70 8.52 180 326 299 331 205 
1.51 4.90 11.42 1.4100 0.8600 1.7700 -2.0711 -0.6800 1.6056 0.17 2.22 9.54 164 330 287 320 205 
3.10 0.73 7.63 0.4400 0.8600 -1.8000 -2.4356 -3.8844 3.2567 4.52 -1.89 8.48 128 212 204 212 199 
3.99 -1.65 4.22 -2.5100 2.1400 -1.6700 0.8600 -1.0756 0.1678 6.75 -3.10 6.39 115 168 169 182 188 
10.51 -0.28 4.55 3.8600 1.7600 -2.1800 1.4489 -0.7044 0.2733 7.58 -2.07 5.85 118 173 171 185 190 
6.90 1.92 3.21 -1.9200 3.7000 -1.9000 3.8556 0.0322 1.7122 7.64 -1.03 6.05 121 175 176 190 191 
4.35 4.67 22.87 -5.9400 0.5000 20.0300 -1.2578 -0.3267 -0.8600 7.55 0.38 6.24 123 174 175 192 190 
6.28 2.33 7.12 -1.0100 2.6100 0.1100 -1.8156 0.5100 -0.6267 7.07 -0.68 6.75 124 175 177 193 191 
10.12 2.05 3.01 3.2400 1.5900 -4.5200 -0.3733 0.9700 -1.0533 6.43 -0.59 7.37 124 174 176 195 190 
7.94 -1.45 4.56 1.2900 -1.9200 -2.4300 1.5889 -0.5678 -0.2767 6.88 1.26 6.86 124 172 173 193 189 
6.96 1.26 10.71 0.1800 -0.5200 3.7300 -0.3967 0.1422 0.1389 7.02 1.53 6.66 128 175 177 194 190 
3.02 0.60 7.73 -3.7900 -0.7300 0.0400 -3.1167 0.3778 -0.7767 6.94 -0.80 6.87 128 185 185 207 192 
4.87 0.23 4.14 0.9800 1.5900 -4.1800 2.2689 4.0322 -3.8056 1.73 0.14 9.65 140 304 264 312 198 
;
