3.04 3.86 9.33 0.5000 0.4200 1.4300 0.3144 -1.4844 0.5033 3.76 4.03 8.10 176 314 307 290 204 
4.50 2.68 6.03 -0.8600 -0.8400 -1.9300 0.0433 0.7767 -0.1844 4.55 3.45 7.96 177 315 307 291 204 
4.00 4.99 9.88 0.5900 1.1400 2.7700 0.6144 -0.1444 0.1367 3.67 4.39 7.95 176 314 306 292 205 
9.19 4.10 13.66 2.1900 -0.0500 3.6200 -2.2111 -1.8722 2.9156 6.57 1.55 7.10 174 321 292 301 205 
3.70 -0.11 3.36 -3.5300 2.3100 -2.6300 -2.5211 -1.6100 2.8722 7.38 -4.57 4.55 118 306 274 282 204 
3.72 -2.64 2.74 -3.1100 1.8600 -1.5900 -0.9689 -1.4400 -0.8967 7.79 -5.35 2.58 107 214 217 205 177 
10.79 -2.27 -3.35 1.6100 2.2000 -6.4600 2.7578 -0.6178 -0.6489 8.72 -3.69 2.52 103 182 178 175 169 
9.20 1.55 4.80 -1.1900 2.7900 1.5100 4.0711 -1.3878 -0.4833 9.22 -1.07 3.14 104 165 162 160 145 
13.02 2.08 2.23 1.3700 2.0700 -1.4600 0.1822 -0.1022 0.1300 9.61 -0.08 1.92 109 170 171 174 152 
10.41 3.60 7.41 0.8000 4.3500 5.5000 -2.6744 0.6911 -0.3067 9.57 -0.27 2.09 111 179 178 176 158 
9.12 2.15 -1.72 0.2000 2.5300 -5.0600 -2.2844 0.2700 -0.5956 9.33 -0.66 2.92 111 181 179 179 160 
9.78 0.00 -0.52 0.8500 0.0800 -3.3100 0.0322 -0.1611 -0.7144 9.36 0.25 2.89 113 181 180 179 160 
10.68 0.47 -2.94 -1.0300 2.6900 6.0400 0.6056 -3.3356 -1.0522 9.64 1.56 0.86 118 172 173 167 130 
7.20 0.39 0.09 -2.8800 -0.9500 -1.2900 -0.3233 -1.0767 0.2800 9.67 1.24 1.00 118 181 183 173 141 
10.70 1.68 2.72 0.8500 0.5100 1.5600 -1.8444 1.4844 0.5589 9.57 0.58 2.05 119 207 203 192 167 
10.90 -0.13 3.22 2.3000 -0.2200 -0.2100 -1.2800 3.6511 0.6244 7.82 -1.24 5.78 147 274 248 246 179 
8.53 -1.32 6.02 3.8200 2.4200 -1.8700 -3.6756 0.3244 1.6867 5.20 -5.53 6.20 157 329 272 264 181 
3.21 -6.62 3.61 -0.8100 1.0600 -0.1000 -1.6667 -0.5933 2.2189 2.55 -8.81 3.46 150 280 237 233 186 
0.12 -9.12 1.40 -0.4700 0.3500 -0.3800 -0.5622 0.9800 0.5267 0.97 -9.59 1.78 134 272 238 241 186 
-0.40 -8.94 0.52 -2.5800 0.4800 -1.3300 -0.2122 -1.3022 -0.4656 1.18 -9.67 1.08 124 268 238 233 185 
5.13 -9.15 -1.23 2.5500 0.4000 -1.7900 0.6133 -4.5644 -0.3567 3.19 -9.26 -0.24 128 252 221 239 183 
4.07 -9.50 -3.03 -0.0700 0.3400 -1.5000 0.2811 -1.0511 -0.1778 3.06 -9.21 -1.38 131 255 221 248 185 
2.20 -8.30 -1.75 -0.9200 0.8800 -0.2500 1.3767 -3.9922 -1.8344 3.87 -8.84 -1.69 132 253 237 245 182 
3.47 -6.92 -2.48 -0.7700 0.9300 -0.4000 0.1167 -2.4833 -2.5067 5.55 -7.45 -3.13 133 252 241 237 182 
8.21 -6.63 -4.29 2.4900 0.2900 -0.4300 -0.1789 0.6922 0.1011 5.77 -6.94 -3.81 140 254 242 238 182 
5.74 -2.83 -1.70 -1.3800 3.9800 -0.1300 -2.0044 6.8167 -0.4333 7.41 -6.38 -0.58 153 261 253 241 184 
4.05 -2.83 2.73 -1.8400 1.7900 -2.0500 3.7000 5.1656 -3.1022 5.42 -1.86 7.95 169 283 265 258 190 
0.50 2.77 11.60 -1.2300 1.2500 3.1700 1.8967 -0.1678 -1.1578 2.05 3.00 9.10 175 282 282 271 193 
;
