3.15 3.74 8.48 0.0900 0.0000 -0.0200 0.0422 -0.0678 -0.0078 3.13 3.74 8.50 170 291 289 274 192 
2.92 3.66 9.33 -0.6200 -0.0500 1.0400 0.0378 -2.0378 0.2256 4.40 3.76 7.90 166 291 288 280 194 
9.92 1.85 9.94 3.3600 -1.6200 2.3600 -1.1489 -2.2100 1.6389 7.22 2.02 6.30 120 284 252 257 191 
7.79 -0.30 1.94 -2.2000 0.9900 -2.6100 0.0189 -1.2744 1.6378 9.09 -1.88 3.14 102 204 177 180 155 
4.78 1.43 3.38 -4.0100 3.0500 0.3300 0.3444 -0.2644 -0.2900 9.10 -2.24 2.86 107 187 176 170 154 
12.52 -1.38 2.33 3.6100 0.5900 -1.0500 0.7711 1.4122 0.6200 8.49 -2.01 4.47 113 179 183 182 155 
5.30 -1.22 4.03 -0.7000 1.6200 -3.3400 0.9267 4.8511 3.2344 3.27 -3.30 8.63 115 181 184 185 155 
2.58 0.87 9.80 1.8300 3.5300 0.5400 1.0233 0.1200 3.7656 -0.62 -1.90 9.59 112 182 186 186 157 
-2.08 -0.85 10.81 -4.9100 1.4200 2.2100 0.2789 1.9289 -1.8100 -1.13 -1.35 9.64 116 188 188 188 156 
-0.86 0.98 9.86 0.9800 2.5000 0.1300 0.4422 0.4733 -2.4833 -1.83 -1.67 9.48 114 190 190 189 158 
2.97 -0.75 9.45 4.4200 0.4000 0.0000 0.7122 0.2356 -1.0600 -1.94 -1.18 9.53 117 191 191 189 158 
3.24 -1.15 10.21 5.0200 -0.3400 0.2800 0.2600 -0.5978 1.6111 -1.60 -0.56 9.65 118 192 188 189 159 
-13.44 -1.49 8.45 -8.9000 -0.6800 2.1200 0.1944 0.9133 -0.6078 0.56 -0.13 9.78 118 194 193 190 160 
2.32 1.66 11.11 2.2000 1.8800 1.0100 -1.6578 1.2678 -1.9478 -1.02 -1.42 9.64 125 220 196 205 175 
6.85 -0.36 4.02 6.2000 1.3600 -5.4000 2.1333 -1.6711 -0.6289 2.22 -0.55 9.53 156 329 243 226 177 
6.52 3.02 13.63 1.4500 2.1000 4.5300 0.0056 0.0822 1.2633 3.80 0.24 9.03 159 360 214 213 173 
5.53 0.45 12.42 0.5900 -0.1200 4.1400 0.2211 -0.8967 1.7889 4.35 -0.22 8.78 161 365 219 217 174 
-0.28 -1.64 9.05 -4.3300 0.9000 -0.4600 -2.3700 0.3311 0.1644 3.59 -3.32 8.49 159 363 208 218 176 
2.72 -0.20 2.87 -2.7400 4.0000 -5.4300 -0.0311 -0.1078 -2.5744 5.14 -3.20 7.71 160 360 207 213 176 
8.87 3.78 5.13 3.8000 4.3700 -2.3700 1.7567 -0.0822 -1.6344 5.87 0.65 7.82 158 356 210 215 176 
9.90 2.47 9.43 3.9200 0.0200 2.0600 1.9133 -0.0111 0.6711 5.79 2.76 7.41 159 351 209 220 177 
6.07 2.69 13.83 0.2500 0.4600 6.0900 -0.4344 -0.0300 2.3956 5.99 1.67 7.57 160 354 214 223 178 
3.42 0.36 7.73 -2.7500 1.1000 -0.9700 -2.3367 0.3467 1.4978 5.72 -2.30 7.62 160 355 225 224 178 
4.88 -1.55 3.46 -0.4800 2.1200 -3.4200 -0.0633 0.4889 -0.3400 5.43 -3.57 7.34 160 356 226 225 179 
6.07 -1.79 6.98 -0.2600 0.9900 -0.4800 0.3556 0.4244 -0.9933 5.84 -2.33 7.51 161 316 232 222 180 
4.52 -0.51 6.43 -1.5600 0.4800 -1.1300 0.8567 -0.0367 -1.4778 5.84 -0.01 7.87 161 296 243 238 181 
7.53 1.44 9.41 1.4100 0.1100 1.3500 0.3867 0.4467 -0.6378 5.24 1.75 8.10 161 298 251 244 185 
5.38 2.00 10.01 0.3000 -0.1200 1.5200 0.1222 2.6733 -0.0100 3.41 2.16 8.93 162 302 260 248 186 
4.78 2.82 9.21 2.3900 0.6400 0.0600 0.2089 -0.6356 -0.0844 2.93 2.37 9.05 162 304 262 248 187 
2.59 2.81 9.22 -0.0300 0.2700 -0.1100 -0.1156 -0.6189 0.0811 3.16 2.18 9.02 161 305 264 247 186 
;
