4.75 3.03 8.10 0.0200 0.0700 0.1300 -0.0333 0.0256 -0.0144 4.78 2.96 8.02 177 284 231 227 187 
4.90 2.66 7.63 0.0600 -0.0200 -0.2500 0.1056 0.2689 -0.0678 4.71 2.93 8.08 174 288 231 226 185 
4.60 2.88 8.20 0.0100 0.0100 0.1300 -0.0911 0.1278 -0.0244 4.59 2.88 8.16 178 288 229 226 184 
4.23 2.76 8.52 -0.1400 0.0500 0.3700 0.0189 -0.8133 0.0111 4.88 2.83 8.01 175 289 232 226 186 
9.38 1.92 6.66 2.1300 -0.3200 -0.5900 -0.1311 -4.2311 1.0433 8.24 2.14 4.85 169 179 166 159 175 
9.18 1.22 -0.10 0.0300 0.4800 -2.3300 1.6722 -3.0267 1.3122 9.75 0.70 0.64 152 175 161 167 173 
7.86 3.57 -0.57 -3.9800 4.7100 4.9800 0.9289 -2.3700 -0.3133 9.51 -0.14 -2.35 149 162 159 162 150 
9.38 2.04 -0.14 0.7700 2.7700 2.1100 -1.3067 0.2689 -0.1478 9.70 0.25 -1.40 149 169 166 172 167 
9.96 2.48 -1.68 0.1000 1.6400 -1.7700 -1.7533 0.9589 -0.3344 9.76 0.89 0.29 150 177 166 173 167 
7.58 0.39 -2.44 -1.8300 -0.9500 -3.4300 -0.5078 -0.6867 -0.7444 9.62 1.71 0.79 151 179 167 174 165 
11.04 0.47 -3.95 0.9800 -1.3400 -3.9200 2.1533 -0.7733 0.5200 9.65 1.64 -0.53 153 176 165 166 148 
13.52 2.19 0.00 3.3800 0.7000 -0.6000 -0.5256 2.3556 0.5722 9.74 1.10 -0.12 146 181 170 177 165 
11.64 0.97 1.82 2.0400 0.3300 0.9500 -0.2856 2.9600 0.1500 9.37 0.71 2.79 165 196 177 179 171 
10.12 0.17 3.01 1.2500 0.0900 -5.7300 -2.0133 10.0222 1.6133 1.19 -1.41 9.63 170 184 173 178 171 
-4.76 -0.62 3.51 -1.0500 0.4800 -5.5000 2.9211 1.2200 0.6033 -3.51 0.94 9.10 176 187 173 182 172 
-3.82 4.19 13.88 0.0400 1.8700 6.5400 1.4167 -0.2256 0.2844 -4.47 3.47 8.00 157 188 175 182 171 
-5.05 3.77 9.72 -1.5000 0.0800 0.9700 -0.5022 -0.4533 -0.2778 -3.73 3.03 8.54 180 193 176 190 174 
-3.97 3.37 9.35 -0.3600 0.7600 1.6800 0.6344 -1.6356 -0.5167 -2.81 3.12 8.85 176 230 189 179 178 
0.24 5.06 7.07 -3.7700 -0.5300 -2.5800 -1.4556 -10.3267 1.4233 7.68 3.52 4.97 184 297 231 229 176 
9.97 1.52 -2.66 2.3700 0.0000 -1.9200 -1.9778 -2.3911 0.7344 9.34 2.02 -2.16 174 286 236 237 179 
3.53 -0.12 -5.63 -5.2300 -0.8700 -1.5400 0.0233 -5.2478 -0.1100 7.23 2.17 -6.24 170 281 241 227 177 
7.72 3.47 -7.71 2.4800 1.0400 0.2100 -0.6578 -1.4711 -0.0311 4.58 2.45 -8.31 178 282 241 230 182 
5.51 3.38 -8.75 2.2500 0.6900 -0.1300 -0.1189 0.3222 0.0989 4.16 2.70 -8.45 180 284 242 229 177 
;
