-1.47 5.44 7.89 -0.1800 -0.1300 -0.1200 -0.0322 -0.0322 0.0133 -1.32 5.56 7.96 202 329 348 391 234 
-1.15 5.58 8.08 0.0000 -0.0100 0.0600 -0.0333 0.0167 -0.0222 -1.29 5.51 8.00 202 331 348 391 233 
-1.82 5.07 9.36 -0.5300 -0.1200 2.8400 0.0900 -1.6822 0.9156 -0.12 5.56 8.07 204 329 342 315 233 
8.47 4.86 11.34 3.5200 -0.3000 0.9200 -3.3200 0.0244 3.2467 3.86 1.72 8.84 133 268 241 231 214 
6.19 1.36 4.45 -0.1600 4.0400 -4.0800 -0.0044 4.6678 3.6378 0.42 -2.94 9.34 114 169 179 195 203 
4.18 2.07 7.53 4.1600 4.5300 -1.7900 -0.1300 0.2411 1.8378 -1.53 -3.37 9.07 116 183 185 199 204 
-13.24 -0.54 8.35 -31.1900 0.1900 -9.7000 1.2811 2.1044 -1.6744 -0.99 -2.38 9.46 118 190 191 204 208 
-7.28 -0.26 9.58 -1.1200 2.9100 0.2900 0.3278 0.6778 -2.6456 -1.55 -2.53 9.34 119 195 198 207 208 
2.38 0.73 9.75 4.7300 3.1100 0.9800 0.5778 0.7656 -2.3844 -1.91 -2.58 9.26 121 197 199 207 209 
3.57 -2.34 11.20 4.5100 -0.7400 -0.0600 0.0633 -1.2589 0.4267 -1.18 -2.27 9.46 122 198 202 211 210 
-2.97 -3.52 11.14 -18.7300 -4.7100 0.9600 0.2778 0.3667 -1.4233 0.71 -1.72 9.62 122 205 201 213 211 
2.10 -2.27 7.98 1.5400 0.4400 -1.4200 -0.5667 0.4044 -0.6656 0.89 -2.89 9.32 127 213 213 218 213 
1.18 -2.51 8.24 -0.5100 0.0300 -0.8300 0.6544 -0.1611 -0.7156 1.66 -2.38 9.36 137 230 237 233 217 
0.74 -2.44 9.04 -1.6200 -0.7300 -0.1600 0.9778 -0.8456 -0.5478 2.40 -1.39 9.40 171 257 261 248 222 
2.75 -1.35 11.00 0.5000 -0.6800 1.4300 0.3789 -0.7756 0.6011 3.10 -0.49 9.28 180 299 274 255 223 
10.02 -2.78 11.39 3.3300 -2.9400 2.6000 0.8722 -5.3289 2.9967 8.29 -1.20 5.08 182 347 207 212 207 
12.39 -3.22 -3.06 2.2600 3.0000 -3.4000 3.3556 -1.6233 2.3067 8.34 -5.15 0.03 192 373 188 193 203 
6.20 0.21 1.70 -1.5200 5.7100 -0.3000 1.2700 1.2289 0.3333 7.43 -5.82 2.64 199 379 198 200 204 
5.64 -2.96 3.20 -1.4100 2.1400 -0.8600 -0.7311 0.8156 -0.9422 7.46 -5.08 3.81 201 390 198 203 207 
7.56 -5.17 5.04 0.4000 -0.3600 1.0900 -0.5533 0.7711 -0.3789 7.34 -4.84 4.31 200 397 196 195 206 
6.14 -5.29 5.30 -1.4200 -0.2300 0.9400 -0.1378 0.2556 -0.1378 7.11 -4.98 4.54 204 400 203 207 208 
7.29 -4.31 5.02 0.0600 1.1100 0.7600 -0.1844 -0.0289 0.0789 7.15 -5.15 4.28 201 384 208 206 207 
3.08 -2.19 3.92 -5.9100 2.5600 -1.4800 -2.9411 2.3767 -1.2600 6.98 -5.65 3.91 199 309 231 224 215 
;
