4.13 2.32 8.59 -0.0700 0.1100 -0.0200 -0.0067 -0.0478 0.0156 4.17 2.18 8.59 184 307 315 325 217 
4.40 2.06 8.56 0.5800 -0.1100 0.1700 0.1289 0.0844 -0.0556 4.16 2.32 8.56 179 310 313 317 216 
9.47 0.61 13.08 6.8300 -0.8000 5.1100 -1.1289 -1.9333 1.6944 5.60 1.04 7.97 165 214 206 218 215 
9.67 1.48 5.15 4.7000 3.3600 -3.7600 -0.2322 1.8256 3.7544 3.58 -2.47 8.78 159 184 173 179 198 
2.56 5.46 5.55 1.2800 7.9200 -4.0100 1.5211 -0.1344 4.8744 0.58 -2.11 9.55 152 171 175 177 191 
-22.34 1.60 13.64 -14.1500 1.8200 6.5900 -0.0744 -0.4078 -0.8678 0.98 -0.96 9.70 145 178 179 182 194 
-1.86 2.03 11.03 -0.7500 4.1100 1.3300 -0.6344 0.0033 -2.7744 0.63 -1.70 9.63 147 181 186 187 195 
7.88 -0.42 7.93 7.9200 1.3700 -1.9900 -0.5200 0.9422 -1.6433 0.25 -2.42 9.49 147 184 187 188 195 
2.99 -3.29 7.77 1.4800 -1.1500 -1.4800 1.5667 -2.9367 2.6133 1.73 -0.96 9.60 136 195 198 198 196 
1.36 -0.84 14.58 -3.1200 -1.0600 5.4000 -1.4322 0.2511 -1.4378 1.57 -1.86 9.49 160 246 234 231 206 
3.09 -5.29 8.28 0.7400 -1.0600 -1.4600 -1.4533 -5.6567 1.1489 3.56 -4.82 7.75 177 306 277 273 210 
8.66 -1.75 1.50 1.1100 3.0200 -4.2100 2.4344 -1.9467 -0.1556 7.78 -2.94 5.19 182 324 296 294 213 
6.56 4.58 5.31 -1.8600 6.0800 0.8100 -0.0800 -0.2689 -0.4178 8.50 -2.04 4.42 179 299 273 288 211 
8.46 2.28 4.16 -0.4700 3.0500 -1.6000 -2.9911 -0.0511 0.0056 8.57 -3.04 3.66 175 272 239 265 202 
6.22 -7.81 -2.98 -1.5400 -3.8400 -4.2300 -1.9678 -0.3733 0.6789 8.25 -5.14 1.25 177 270 248 260 198 
6.84 -5.60 0.52 -0.6700 0.6400 -0.5500 0.1422 3.5322 0.1456 7.66 -5.55 2.56 174 282 261 256 209 
0.96 -4.83 -0.37 -3.4500 0.8700 -6.0100 1.1089 5.5300 -0.6933 3.03 -5.67 7.39 177 289 291 293 211 
;
