4.30 0.49 8.68 -0.0400 -0.0100 -0.1300 -0.0344 -0.0511 -0.0978 4.46 0.46 8.71 162 259 247 241 187 
5.35 -0.30 10.19 0.5700 -0.8700 1.8900 -0.6933 -4.0089 -0.1367 7.23 0.20 6.62 168 194 178 182 186 
11.43 -0.94 -0.32 2.0000 -0.2700 -4.7700 0.9744 -2.9856 1.1200 9.57 -0.80 1.95 168 155 155 167 174 
10.69 3.97 -3.15 -0.6000 6.4300 -1.0300 4.3411 -0.0089 0.1544 9.60 -1.95 -0.38 133 151 148 156 150 
12.97 1.21 1.02 0.3500 3.5000 1.6600 -1.3856 2.2889 -0.6367 9.72 -1.25 0.18 140 159 152 163 172 
9.32 0.84 -0.71 -0.4200 1.0500 -1.5100 -2.0900 0.3144 -1.1400 9.78 -0.01 0.62 145 159 155 168 172 
8.61 -1.87 -3.96 -0.7400 -2.4000 -4.9700 -0.4122 -1.0589 -0.3189 9.76 0.75 0.38 146 163 157 168 175 
8.57 -0.06 -0.84 -7.6700 5.4300 21.1400 0.3700 -3.0567 -0.1622 9.67 0.29 -1.57 147 158 156 166 154 
8.31 -0.92 0.46 -0.2600 -0.4100 0.9400 -0.0678 0.9478 -0.0822 9.80 -0.19 0.12 154 176 170 176 166 
10.09 -0.56 1.90 -0.5200 -0.1400 0.5900 -0.1911 1.1467 0.5989 9.61 -0.88 1.72 165 231 198 193 170 
4.68 -1.18 0.49 -2.8200 0.2800 -3.8000 0.6156 2.9389 -1.1033 8.70 -0.47 4.49 164 298 194 194 173 
10.55 3.58 6.89 4.3600 2.0600 2.0500 2.1756 -0.6678 0.0711 7.28 2.55 6.04 163 320 178 197 172 
10.77 4.05 11.63 0.2000 1.8900 5.1400 -1.0178 -0.9600 2.6933 8.36 0.16 5.11 165 331 189 196 174 
-0.23 -0.95 4.89 -9.4100 1.1100 -0.7500 -1.9356 -1.8822 0.2722 8.41 -3.03 4.01 157 333 181 197 172 
5.63 1.63 -2.34 -2.4600 3.5900 -4.1100 -1.0344 -1.3422 -1.8856 9.71 -0.89 0.95 161 324 177 194 174 
8.98 2.69 -3.33 -0.1000 1.7200 -3.7300 0.3978 -1.7356 -1.7089 9.57 2.07 -0.34 141 315 175 191 173 
12.99 4.26 -2.11 4.1600 0.5500 -1.9200 1.1200 0.9078 -1.1000 8.84 4.21 -0.39 141 294 178 192 173 
16.82 6.14 2.11 5.3700 2.1500 2.9400 0.3233 -0.1311 3.1178 9.65 1.53 -0.81 148 285 179 195 175 
9.02 0.52 0.49 -0.8400 1.3300 0.2000 -2.3867 2.6211 1.8578 9.54 -1.98 1.05 164 269 197 200 174 
9.89 -0.54 0.65 1.3200 1.4300 -2.6600 -5.2333 4.5967 3.0478 6.54 -6.73 2.81 169 256 215 227 180 
-1.71 -8.59 -2.39 -4.6500 0.6100 -2.9100 -3.0867 0.1322 1.3878 2.02 -9.58 -0.38 169 248 232 231 180 
-3.97 -10.39 -9.53 -4.1500 -1.1700 -5.2900 5.3978 1.4056 -1.4333 1.83 -9.63 -0.18 169 258 227 238 182 
5.65 -5.01 10.36 2.8800 2.2300 5.8300 -2.3078 -0.9811 0.1944 2.86 -9.24 1.57 168 244 242 228 182 
-0.98 -9.19 -5.68 -2.5800 0.3700 -4.2200 -4.2067 -1.4200 0.9044 1.08 -8.40 -4.94 170 231 235 223 181 
-3.01 -6.98 -10.80 -3.5500 1.5700 -5.4200 3.8933 1.3878 -1.0900 1.85 -9.11 -3.09 171 247 246 238 184 
6.82 -3.15 14.82 2.6600 3.2400 6.0600 0.2011 -1.7922 1.0978 2.57 -9.00 2.89 169 271 241 233 182 
1.13 -6.13 1.30 -1.0400 2.3100 -2.9700 1.7856 -2.9822 2.4722 0.75 -8.93 3.96 171 262 233 227 181 
-2.26 -2.70 6.24 -4.0400 3.2600 -0.6300 3.7433 -1.1344 -0.4422 1.21 -5.37 8.11 172 258 246 233 182 
;
