5.18 2.78 7.74 -0.0300 -0.0500 -0.0900 0.0311 0.0044 0.0144 5.18 2.89 7.80 170 280 252 234 184 
4.91 2.85 8.04 -0.5900 -0.0800 0.4600 -0.0900 -0.2633 -0.0744 5.29 2.89 7.72 172 270 231 217 184 
10.66 2.36 6.72 3.2000 -0.1000 0.3700 -0.7367 -4.7100 1.3200 8.92 1.53 3.75 167 186 170 171 173 
8.56 -0.41 -0.40 -1.6200 -0.0400 -2.4000 0.6989 -1.4733 1.2378 9.68 -0.41 1.46 148 177 162 167 169 
9.29 2.07 -2.85 -0.5000 2.9500 -2.6700 3.0811 -1.4900 -0.1244 9.72 -0.93 -0.89 136 168 154 162 123 
16.87 2.52 6.24 5.2500 3.0800 4.7100 -1.0100 2.4822 0.3156 9.73 -0.55 -1.03 135 181 170 171 159 
10.38 2.42 -0.54 -0.6400 2.1500 -0.7900 -1.7589 0.5589 -1.0189 9.79 0.41 0.35 136 183 168 174 161 
8.77 0.71 -2.06 -0.8700 -0.8900 -3.3600 -1.1133 -0.5578 -0.8233 9.57 1.72 1.18 143 186 171 174 164 
10.90 0.15 -2.71 1.6400 -1.4300 -3.7200 -0.0800 -0.7311 0.2811 9.63 1.85 0.01 145 185 164 170 133 
13.01 1.66 5.15 4.2100 0.4800 1.8400 0.0044 1.1778 -0.2500 9.71 1.22 -0.52 146 182 169 173 153 
9.92 0.72 2.79 0.3300 0.0600 2.6100 -0.6600 -0.7311 0.9022 9.80 0.17 0.15 162 238 177 178 161 
10.45 -1.23 -4.34 0.9200 -0.1900 -3.0600 -0.6400 -5.1589 4.1567 7.50 -3.47 -5.26 152 281 175 176 158 
3.30 -4.81 -8.71 -1.5400 1.7500 -2.3600 2.5900 -0.7178 1.9267 3.85 -7.51 -4.97 136 274 171 174 155 
0.88 -7.23 -12.38 -1.8000 1.5500 -12.3100 4.2922 -0.1078 0.3978 2.54 -9.42 -0.92 131 265 169 172 157 
0.33 0.80 19.42 -2.9200 2.5400 1.4500 -3.7378 -0.9322 1.1367 2.63 -9.24 1.93 133 251 172 174 156 
4.42 -8.82 2.99 1.1800 0.3000 1.0800 -0.7667 -0.1644 0.1311 3.16 -9.18 1.35 154 260 172 177 159 
2.87 -9.05 0.47 -0.3300 0.5200 0.1400 -0.2733 1.0833 -1.3722 4.19 -8.81 0.91 165 277 190 188 165 
3.19 -5.64 -0.54 -4.4900 2.2700 -1.1300 -1.0067 -0.3367 -2.2900 6.54 -7.30 -0.07 167 271 232 225 168 
11.31 -3.83 0.83 3.2600 1.0200 4.5100 -4.1078 -4.2011 0.2978 6.19 -4.55 -6.08 175 278 256 257 173 
2.14 -0.84 -7.96 2.9700 0.5200 -0.2100 -1.9744 -0.3967 1.4344 1.44 -1.46 -9.58 176 282 257 259 173 
0.74 2.50 -12.17 1.8300 2.9900 -2.7700 -1.0578 -0.0100 0.7467 0.29 -0.02 -9.80 173 280 255 260 172 
0.46 0.37 -10.07 0.6400 0.2400 0.0000 -0.0133 -0.0778 0.0611 0.14 0.10 -9.80 177 281 259 258 172 
;
