6.43 2.34 6.78 -0.1200 -0.0300 -0.0200 -0.1289 -0.2256 0.0400 6.75 2.30 6.72 171 283 246 233 188 
7.09 2.27 6.70 0.3000 0.0400 0.0800 -0.1644 -0.1856 0.0078 6.93 2.16 6.58 172 232 231 220 187 
7.71 1.27 6.69 -0.1200 -1.1600 0.1300 -1.0411 -3.3544 0.0744 8.47 1.59 4.65 169 175 164 170 180 
9.40 -0.11 -1.21 -1.1400 -0.7800 -4.2000 0.8000 -4.0833 0.4722 9.76 0.86 0.38 153 173 162 169 176 
9.02 4.43 -4.84 -0.7800 3.9300 -3.1800 4.1233 -1.0167 0.0044 9.57 0.01 -2.12 143 143 128 155 125 
13.80 3.09 -1.42 3.2300 2.5600 1.5100 -1.4156 3.0867 0.4900 9.65 0.21 -1.72 144 173 147 171 161 
7.98 3.18 -1.73 -1.7000 3.1700 -0.7200 -2.4944 -0.0389 -0.1689 9.72 0.36 -1.22 145 176 157 172 165 
8.03 -1.06 -5.39 -1.4000 -2.4900 -4.2200 -1.1811 -0.1989 -0.5067 9.63 1.23 -1.32 145 173 169 173 165 
8.62 0.57 -4.50 -16.2200 6.0900 29.2600 -1.4133 -4.9856 0.3167 9.25 1.13 -3.02 143 159 160 169 130 
6.53 0.31 -2.65 -2.6400 -0.4100 -1.3300 -1.0200 0.0633 0.3622 9.73 0.57 -0.98 152 189 162 176 165 
12.10 0.50 3.81 1.3300 1.4400 1.7300 -3.5322 2.4322 2.6378 8.97 -2.78 2.80 167 241 214 211 169 
9.83 -4.02 0.99 2.8800 4.3900 -2.8100 -5.2933 6.0022 4.4889 2.85 -9.08 2.33 171 245 227 221 169 
-2.56 -8.32 -4.05 -1.3900 2.3100 -2.3600 -2.5489 2.2356 1.0478 -0.71 -9.33 -2.91 170 247 230 221 171 
-1.44 -5.18 1.08 -0.3400 7.5100 6.7400 5.4633 1.0056 -2.4933 1.74 -9.23 2.81 177 255 234 226 176 
2.57 -6.83 0.97 0.9400 2.7300 -1.0000 -3.9733 -0.8967 1.3178 0.55 -9.58 -1.97 171 251 242 232 177 
-5.97 -7.69 -11.89 -5.4300 1.1500 -7.7400 2.0411 1.2378 -0.4878 0.14 -9.41 -2.73 172 254 238 235 179 
9.69 -0.52 17.47 10.6900 4.2900 11.8300 -1.3089 0.6311 1.4311 1.87 -9.40 2.05 176 249 240 228 176 
1.08 -8.83 -0.79 -2.0600 -0.0400 -2.3600 1.2578 -2.4011 -0.0111 1.85 -9.50 1.56 168 254 236 221 177 
-1.89 -9.78 -0.16 -3.6700 0.2300 -2.6900 2.9733 -5.7544 -1.4956 4.06 -8.47 2.80 169 261 226 214 175 
0.58 -9.48 2.28 -0.7600 -1.1300 -1.2800 0.7844 -3.4889 -0.3656 4.60 -8.27 2.54 169 264 225 207 173 
0.73 -4.06 -4.96 -5.1500 3.8600 -5.3200 0.9544 -7.5489 -3.2122 7.20 -6.30 -2.12 168 258 226 212 174 
6.41 -0.17 -7.98 3.6200 2.6700 -1.8900 -3.2244 -3.9722 -2.0022 2.97 -2.17 -9.08 168 229 218 214 169 
7.70 -7.42 -18.78 5.6700 -5.8300 -8.1700 1.9778 0.5044 0.8600 1.84 -2.14 -9.38 172 249 230 220 172 
1.27 -3.58 -10.16 -1.5800 1.1700 -3.0300 4.0189 3.1378 1.0689 4.85 -6.94 -4.94 180 300 249 251 181 
2.07 -2.60 -2.67 -2.3100 5.9200 -0.0600 1.5633 0.8011 0.5133 4.40 -8.66 -1.31 182 316 248 259 183 
2.87 -5.74 0.09 -1.1400 2.6500 0.8900 -0.0156 0.0656 0.0367 4.18 -8.83 -0.73 180 317 253 260 183 
4.44 -8.98 -0.55 0.3900 -0.1000 0.2300 -0.4267 -0.3200 -0.1689 4.24 -8.74 -1.28 183 302 247 248 180 
2.20 -3.47 -1.85 -2.3200 4.9200 -0.5700 0.1778 -0.3456 -2.6833 5.95 -7.61 -1.63 177 256 231 229 182 
;
