5.87 3.06 7.17 -0.0200 0.0300 0.0400 -0.0022 -0.0133 -0.0167 5.88 3.13 7.19 174 260 243 241 187 
6.00 3.14 7.22 0.2000 0.0900 0.1100 -0.0433 -0.0367 -0.0089 5.93 3.11 7.16 172 258 243 242 188 
7.56 2.46 8.10 1.4300 -0.2700 1.1100 -0.9644 -2.2178 0.2278 7.51 2.30 5.86 173 208 190 176 186 
11.55 -0.12 0.73 2.5300 -0.8700 -3.4300 -0.4133 -1.8633 0.8056 9.51 0.66 2.28 160 170 150 157 171 
10.97 3.72 -3.23 0.8200 4.2300 -2.8900 3.2144 -1.3744 0.7978 9.77 -0.47 -0.62 147 180 152 160 169 
2.53 2.78 19.12 -4.3600 2.5200 18.0300 -1.2656 -0.9867 -1.0667 9.58 -0.41 -2.04 148 165 159 165 162 
10.37 2.61 1.58 1.3700 3.0700 1.9300 -2.5744 0.5222 -0.1956 9.78 -0.23 -0.67 135 180 162 167 161 
9.98 1.48 -4.09 0.0400 0.8300 -4.6300 -2.0200 0.3556 -0.4100 9.79 0.48 0.18 146 179 161 169 162 
9.44 -0.04 -3.93 -0.2100 -0.8600 -3.7200 0.3578 -1.1733 -0.1711 9.72 0.92 -0.82 141 179 163 169 164 
-3.06 7.11 29.47 -6.1200 3.4700 28.4300 -1.1578 -1.7833 -0.2400 9.43 0.51 -2.62 139 170 155 162 136 
8.75 0.08 -1.25 -0.9500 0.0900 -0.1500 -0.1756 -0.8456 0.0956 9.65 0.11 -1.69 145 183 163 166 148 
12.37 1.70 3.60 2.2100 1.1900 3.1000 -2.7389 2.2678 1.9289 9.54 -1.84 1.30 166 255 214 212 167 
8.47 -2.24 0.44 -0.1100 3.0200 -1.9600 -3.9922 0.5889 3.2789 7.04 -6.78 0.79 167 291 242 250 173 
3.80 -6.89 -4.02 -1.4900 1.1500 -4.3800 0.4067 2.7611 1.1756 4.50 -8.66 0.89 165 301 249 264 177 
4.10 0.10 3.30 0.9100 7.9500 0.8500 5.7056 0.4222 -0.4067 4.23 -5.92 6.57 174 300 260 258 177 
5.25 -4.39 19.47 -0.1300 -0.4500 11.1300 -2.2100 -0.1422 -0.3167 4.83 -4.88 7.00 174 298 263 256 178 
5.26 -3.47 4.16 0.8000 3.9000 -1.0100 -4.7211 0.2600 0.3644 4.48 -8.36 2.47 175 296 264 257 183 
4.45 -7.15 -7.72 0.3300 1.8200 -7.1200 0.3044 0.4156 0.3656 4.11 -8.89 -0.31 174 283 258 255 180 
3.12 -2.89 2.01 -2.3500 5.7200 -1.1000 4.5278 -0.2422 -0.7733 4.76 -6.96 4.98 174 282 249 257 179 
8.47 -4.16 19.20 3.1900 0.2000 12.8600 0.0456 0.3522 0.1344 5.29 -4.31 7.03 175 291 262 258 183 
5.39 -3.25 7.94 0.2800 3.4300 1.9200 -4.4456 0.0844 0.7789 4.62 -7.75 3.82 175 298 253 259 181 
2.34 -3.57 -1.50 -3.0600 5.1600 -2.8400 -3.9589 -1.9356 1.2033 2.99 -9.05 -2.28 171 293 266 253 180 
3.05 -8.59 -7.56 1.1600 -0.6000 -2.2600 0.9933 -0.0667 -1.5111 4.20 -8.22 -3.30 171 291 263 236 181 
2.64 -8.78 -3.49 -3.0000 -0.4400 -1.3400 0.7189 -5.2433 -2.2000 4.57 -7.65 -4.08 171 269 167 167 166 
5.74 -7.08 -8.70 4.0900 0.4500 -5.0100 3.0944 -4.5667 -0.9044 2.62 -8.08 -4.88 140 266 149 151 153 
4.31 -5.80 -11.52 2.5900 4.5600 -8.7600 8.1611 0.9444 -0.3389 1.52 -9.31 2.66 129 272 150 157 154 
-1.82 -6.57 6.27 -2.5200 -1.1800 -3.7600 -1.2956 -0.5800 0.4400 0.97 -8.79 4.23 127 258 160 160 153 
1.53 -9.38 6.29 0.2300 -0.0200 3.2000 -0.9300 0.0767 -0.5078 1.47 -9.16 3.15 148 257 160 164 159 
0.51 -5.89 0.77 -1.9400 3.5800 -2.4300 -2.0367 5.1133 -4.5967 4.99 -8.20 1.98 159 253 203 204 171 
;
