5.89 1.97 8.00 0.1600 0.0800 0.0900 -0.0078 0.2033 0.0067 5.39 1.88 7.96 168 297 240 227 189 
5.16 1.90 8.00 -0.4200 0.0500 0.1300 -0.0611 -0.2778 -0.0467 5.63 1.86 7.80 172 275 238 224 187 
7.82 0.74 7.01 1.7100 -0.7600 0.1100 -0.5511 -3.3733 -0.3611 7.78 1.60 5.73 167 191 180 186 184 
13.20 0.14 -1.98 2.3900 -1.3800 -3.4000 1.3144 -1.8856 0.9589 9.76 0.82 0.29 164 174 173 175 180 
8.31 2.16 -3.41 -2.3000 2.4800 -1.7500 3.1044 -2.1722 0.2756 9.45 -0.76 -2.46 137 154 164 160 118 
13.59 2.56 1.55 3.4100 3.7000 3.1900 -0.7700 2.4944 0.4011 9.60 -1.09 -1.62 136 170 176 170 161 
10.82 1.40 -2.90 -0.1400 1.2700 -1.7000 -1.5556 1.2500 -0.4978 9.75 -0.27 -0.93 136 174 180 172 165 
8.44 -1.22 -4.06 -0.7300 -1.4300 -4.0700 -0.7944 -0.1444 -0.2822 9.79 0.42 -0.15 141 173 178 175 163 
12.12 -1.93 -11.14 -2.4700 0.2500 -5.3300 1.1044 -3.5144 0.4200 9.69 -0.10 -1.47 138 164 173 164 131 
7.36 -1.90 1.07 -1.9800 -0.4500 2.5400 -0.9867 -0.8033 0.4722 9.67 -0.63 -1.48 150 183 185 177 162 
5.31 -1.07 -4.07 -3.3000 0.8100 1.2200 -2.3833 -4.4533 0.9878 5.71 -0.38 -7.95 170 272 229 210 166 
2.62 1.26 -13.15 -0.6000 2.3500 -3.8300 -0.7611 -0.2089 -0.2978 2.10 1.35 -9.48 171 270 233 229 167 
4.37 -0.15 -11.58 2.9200 -1.5000 -3.0500 1.2000 0.1022 0.3422 2.20 0.29 -9.55 168 275 240 222 168 
4.32 -2.68 -11.94 0.8600 -0.4900 -2.9500 3.6122 2.1222 1.1544 4.33 -4.30 -7.67 174 312 226 243 174 
3.69 -4.16 -5.21 -0.8000 3.0300 -0.0100 2.4956 1.2756 1.1489 4.28 -7.99 -3.72 181 329 254 266 176 
1.60 -3.42 -0.25 -2.2800 5.4100 1.8800 0.5600 0.3433 -0.3989 4.26 -8.63 -1.82 179 335 261 265 176 
5.38 -7.50 -1.37 0.6300 0.2600 0.3800 -0.8522 -0.0833 -0.0100 4.63 -8.25 -2.56 172 330 265 269 176 
8.38 -7.71 -3.30 4.0400 -0.2800 -0.9700 -1.1700 2.1489 0.1344 5.23 -7.78 -2.85 180 313 259 264 176 
9.24 -6.58 -4.10 2.8100 2.2600 -2.5300 -2.3267 6.9422 4.0578 3.60 -8.95 -1.71 177 295 265 259 178 
-2.34 -7.29 -6.23 -3.8000 2.8900 -5.0800 4.0811 1.4656 0.2656 1.56 -9.41 2.24 171 307 277 266 178 
3.06 -4.19 8.22 4.1000 3.5500 5.8900 4.0078 0.3900 -0.9267 1.67 -5.94 7.61 177 316 278 263 180 
1.99 -5.95 14.45 -0.5100 0.1200 5.8600 -2.8478 -0.1689 -0.4044 2.21 -6.90 6.60 178 318 278 262 179 
3.39 -7.38 -0.85 0.6700 1.6300 -4.1300 -3.3178 -1.7089 0.0978 2.89 -9.31 0.99 176 310 273 263 180 
0.90 -6.49 -5.79 -0.7900 2.9100 -5.7800 3.0222 0.5944 -0.1789 2.54 -9.13 2.49 169 299 269 271 180 
4.07 -3.26 9.38 0.2800 3.3600 5.5200 3.6922 0.6267 -0.5678 2.51 -5.46 7.74 173 300 252 263 179 
3.57 -5.40 13.60 1.4300 0.0200 4.6100 -2.6511 -0.6644 0.1444 3.08 -6.19 6.94 173 304 272 261 180 
3.01 -4.48 3.18 -0.5200 4.4600 -0.5100 -4.6322 -1.7522 1.2733 2.55 -9.44 0.71 166 305 275 263 182 
;
