6.03 -0.22 8.20 0.2600 0.0600 0.2800 -0.1522 0.2300 -0.1078 5.67 -0.35 7.99 165 284 244 233 189 
5.66 -0.31 8.28 -0.1200 0.1900 0.6100 -0.1167 0.2489 -0.1378 5.47 -0.39 8.12 163 286 242 236 186 
6.74 0.29 12.06 1.3500 1.3400 4.0800 -2.6911 0.6422 -0.1889 5.08 -2.20 8.08 166 277 234 231 186 
5.95 -4.34 7.14 1.4000 1.3000 -0.3800 -4.7111 1.0300 0.3689 3.74 -7.19 5.50 170 240 238 238 188 
-0.35 -6.45 -1.49 -2.9400 2.9400 -4.1500 -3.8578 0.4700 0.7844 1.54 -9.68 0.24 171 243 238 235 188 
0.01 -9.23 -1.10 -0.5400 0.9600 -0.2500 3.9989 1.1411 -1.6844 2.24 -9.28 2.23 171 254 235 239 187 
4.11 -7.66 5.47 1.0400 1.5300 2.5500 -2.4267 -0.9833 1.0067 1.91 -9.55 1.13 173 255 241 236 187 
-3.26 -9.09 -7.20 -3.3800 -0.1400 -6.5700 -2.2933 -0.3322 1.0000 -0.17 -9.18 -3.41 170 252 237 235 189 
-1.81 -9.05 -3.51 1.6900 1.7900 2.4200 6.3367 1.2822 -3.0300 2.12 -9.47 1.40 175 262 245 238 187 
1.19 -9.47 -1.51 -1.1800 -0.4600 -4.2200 2.4044 -8.4133 -3.0311 4.85 -8.50 0.44 169 256 215 208 185 
9.18 -5.02 -4.90 2.4600 1.2200 -5.3400 6.9867 -3.8878 -2.1644 8.41 -5.01 0.47 166 305 162 173 182 
9.71 -1.71 -0.65 1.3700 3.5400 -0.9000 3.4511 0.2044 -1.1867 8.82 -3.81 1.92 179 340 153 171 177 
8.63 1.57 6.13 -0.6600 4.1800 1.8400 -1.1578 1.9956 -0.3556 8.38 -3.58 3.61 179 353 160 172 179 
8.07 -4.44 2.25 0.0200 -0.7600 -1.9600 -0.9022 0.2800 0.8111 7.63 -4.64 4.03 181 354 171 177 180 
4.48 -5.72 5.35 -0.4800 -0.2900 1.6800 -0.7589 1.5611 0.2600 6.39 -5.08 5.42 181 371 176 185 182 
5.85 -5.61 5.83 -0.3500 -0.0300 0.4500 -1.2211 0.2967 0.3867 5.62 -6.10 5.22 179 344 196 195 184 
5.03 -6.01 1.39 2.4700 1.5700 -3.1700 -5.1511 9.4522 2.1800 -0.19 -9.41 2.72 175 238 210 214 183 
-4.29 -11.60 -1.50 -0.6200 -2.1500 -0.5700 -1.6122 1.7089 -0.0722 -2.42 -9.16 -2.52 171 224 214 224 183 
-3.28 -8.72 -5.19 -2.0900 1.2300 -2.1800 3.3489 0.5478 -1.3622 -0.89 -9.63 -1.61 172 240 224 227 186 
3.19 -0.80 15.18 4.0700 6.0300 11.2400 -1.2522 -0.3733 0.1444 0.86 -9.55 2.03 175 249 232 234 187 
-0.24 -9.55 -3.54 -0.8600 -0.1200 -2.9800 -3.3622 -0.3333 1.2178 -0.34 -9.45 -2.59 171 247 232 236 185 
-4.29 -8.98 -9.21 -3.1700 0.3800 -5.0900 2.7322 0.4744 -0.9411 -0.22 -9.57 -2.12 173 254 247 238 187 
3.15 0.00 14.45 2.5600 8.8300 10.7300 -0.2967 -1.0644 0.4956 1.83 -9.05 3.29 173 260 239 235 187 
2.45 -7.70 2.41 0.9800 1.7300 -0.5900 0.3667 -2.5533 1.6889 0.82 -9.41 2.62 171 260 244 238 188 
;
