2.82 3.47 8.67 0.1700 -0.0100 -0.0300 0.0289 -0.0011 -0.0200 2.68 3.55 8.73 178 280 255 239 191 
3.14 3.51 8.71 0.1600 -0.0500 0.0400 -0.1189 -0.0211 -0.0500 2.93 3.49 8.68 178 279 255 241 190 
5.58 6.31 15.02 2.9900 4.3600 7.1300 -2.6889 -0.6600 0.1911 3.95 1.76 8.79 177 278 251 237 189 
4.12 -0.44 6.20 -0.5600 0.5600 -2.7600 -5.4622 0.5333 1.3456 3.94 -5.42 7.15 177 254 238 221 187 
1.89 -7.57 1.41 0.3700 1.4800 -2.7400 -4.1644 3.0922 0.5511 0.99 -9.43 2.47 175 246 241 229 189 
-0.43 -7.97 -4.28 -1.6000 2.0700 -4.4700 -2.2678 0.6978 0.4778 0.29 -9.58 -2.06 177 242 247 229 187 
-0.34 -4.29 1.21 1.6200 7.5800 7.4300 4.3633 0.1900 -0.7211 1.33 -9.14 3.28 177 250 246 226 190 
3.31 -8.28 6.35 0.9200 1.2600 1.8600 -2.5167 -0.6411 0.4289 1.20 -9.61 1.53 179 249 248 228 185 
-2.95 -8.78 -6.86 -3.6200 0.5400 -5.6800 -2.7578 0.0156 0.7756 -0.17 -9.24 -3.25 177 244 242 224 187 
-1.64 -7.28 -4.39 -2.1500 2.1200 -2.5100 6.5267 1.3222 -2.1089 1.73 -9.37 2.29 181 251 247 233 188 
3.87 -8.25 4.00 0.1200 0.3200 -1.3600 1.8389 -6.3744 -0.9433 4.15 -8.23 3.33 174 225 220 206 182 
5.64 -4.39 -4.91 -1.6300 2.7000 -6.3200 4.7356 -3.2367 -2.0989 8.54 -4.28 2.18 170 184 156 166 160 
14.00 3.22 2.05 3.5600 4.8800 1.1300 3.6267 -1.2189 -1.5633 9.74 -0.33 1.03 165 174 148 168 157 
13.30 2.02 11.29 5.2300 0.2500 10.7900 -0.8644 -0.5067 0.0933 9.79 0.23 -0.30 163 176 156 169 150 
11.17 2.98 3.36 1.7900 2.8300 1.5700 -1.8211 1.4533 -0.0078 9.65 -0.27 1.70 163 180 166 171 150 
8.94 1.16 0.08 -0.6700 1.0800 -2.6200 -1.5444 0.5544 -0.4633 9.48 -0.22 2.46 161 182 171 170 149 
8.47 -0.72 -1.89 -0.3200 -0.8600 -4.4500 -0.1211 -0.2600 -0.9322 9.49 0.64 2.36 163 184 167 170 151 
6.08 -0.80 19.39 2.2500 -1.4200 13.1600 -1.4956 -0.6489 -0.2322 9.70 0.89 1.09 162 185 164 172 151 
12.00 -1.89 2.21 2.4100 -1.8700 -0.4400 0.0300 2.4211 1.4811 9.12 -0.81 3.50 163 267 185 173 160 
3.51 -1.17 2.24 -2.6900 0.1500 -4.1600 1.5422 1.5144 -0.5511 7.73 -0.61 5.99 173 307 186 179 160 
11.12 3.14 5.30 3.9500 1.3900 -0.3800 1.3933 -0.2833 -0.0300 7.62 1.17 6.05 172 319 188 182 160 
10.24 0.91 10.10 2.0000 -0.5300 4.4700 -0.2511 -0.7767 1.0222 8.49 0.50 4.86 172 317 190 179 164 
8.04 -1.05 6.98 -0.8400 -0.1700 2.4700 -0.7467 0.5344 1.1033 8.39 -1.53 4.83 171 322 191 183 163 
6.23 -1.69 4.53 -2.1400 0.6400 -0.8900 -0.9678 0.3211 0.2100 7.89 -2.81 5.09 172 320 189 184 166 
1.63 -1.80 4.03 -4.7100 1.3100 -1.9600 -0.2189 -0.8422 -1.4844 8.01 -2.17 5.21 166 302 176 183 162 
7.60 0.96 0.76 -0.5000 1.7700 -3.5300 0.2289 -1.3844 -1.3622 9.06 -0.44 3.70 174 297 183 175 160 
13.15 2.06 -0.42 3.9700 1.6500 -2.4400 0.8544 0.0789 -1.1011 9.37 1.39 2.50 153 317 169 159 155 
12.00 2.18 2.41 4.9800 0.2000 0.6600 1.1411 -0.5989 -0.0400 9.46 2.24 1.22 139 329 173 163 156 
11.58 1.92 2.44 1.4900 -0.0700 2.0600 0.9278 0.1356 0.4411 9.58 1.90 0.80 139 331 172 166 157 
11.08 1.18 3.89 0.7000 0.1600 2.9500 -0.0400 0.9933 1.4156 9.68 0.24 1.54 144 329 174 173 161 
5.38 -0.58 3.33 -3.4700 0.4100 0.3500 -0.6467 0.8789 0.1822 9.32 -0.97 2.88 147 333 175 174 158 
8.12 -0.68 1.29 -1.1700 0.1300 -1.6000 0.1767 -0.3222 -0.5600 9.35 -0.53 2.88 146 336 173 174 162 
10.34 -0.07 3.72 0.8500 0.1500 1.0600 -0.0511 -0.1611 -0.0556 9.44 -0.16 2.64 154 335 178 175 160 
8.36 -0.42 2.21 -0.8300 -0.1700 -0.8000 -0.2256 1.0978 -0.2967 9.19 -0.06 3.42 167 288 190 189 166 
;
