-2.55 4.56 8.34 0.0600 -0.0500 0.1000 0.0156 -0.0167 0.0044 -2.57 4.60 8.26 178 308 324 335 211 
-3.19 4.81 9.07 -2.2900 1.4700 3.4000 -0.7200 -1.3467 0.0622 -1.98 4.24 8.61 177 297 303 289 210 
-2.27 5.96 15.74 0.4700 6.8100 5.1500 -7.2344 -0.5922 -1.5933 -0.97 -4.84 8.46 174 262 221 247 210 
0.73 -1.92 -2.59 0.2100 6.2800 -7.0400 -7.9789 -0.7644 -0.5922 0.52 -9.67 -1.53 159 228 211 220 207 
2.13 -6.87 -16.32 0.3500 0.5800 -9.5800 3.7800 2.0911 0.4856 0.54 -8.80 -4.29 159 236 228 234 208 
-0.84 0.74 17.62 0.3600 9.3200 14.6400 -1.7667 -0.1722 0.4278 0.47 -9.65 1.64 166 259 253 244 207 
0.24 -7.83 -4.60 -0.3300 1.5500 -3.8000 -5.2456 -1.4478 -0.0600 0.20 -8.64 -4.62 159 235 244 238 207 
0.13 -7.01 -13.96 -0.3600 0.5200 -7.5100 3.3500 1.9111 0.0211 0.60 -8.63 -4.60 159 242 255 246 206 
-2.06 -4.78 10.50 -1.4600 5.4800 11.0800 1.9467 -0.7811 -0.2489 1.06 -9.64 1.44 168 259 270 262 206 
3.06 -8.92 -0.02 1.0200 0.6200 -1.7700 -0.1489 -3.7222 -0.2233 2.06 -9.58 0.25 165 247 220 225 203 
5.53 -8.60 -4.97 2.8900 0.1600 -2.9200 2.2022 0.5544 2.5544 0.28 -9.71 1.29 166 209 200 176 196 
0.78 -2.46 -4.37 1.8700 7.4800 -8.1500 6.0778 -1.0533 1.4944 -1.65 -7.09 6.56 178 158 160 165 187 
10.15 5.86 10.03 5.3700 7.8100 3.3400 1.7722 -7.7811 -2.2678 8.06 0.97 5.49 181 160 164 170 182 
16.98 1.97 8.04 5.4300 1.1900 4.7600 -0.4367 -0.4956 0.7933 9.33 0.52 2.97 180 166 163 172 182 
8.96 0.69 1.48 -0.9800 0.4500 -1.5000 -0.1489 0.4756 0.3478 9.29 -0.15 3.12 178 168 166 172 182 
8.35 -0.05 2.69 -0.5000 0.2100 -0.3400 0.0433 -0.0233 0.0667 9.28 -0.31 3.13 181 174 173 178 184 
8.77 1.85 5.60 -0.1600 1.8500 0.7900 -0.6333 7.7544 -0.8611 5.72 0.05 7.96 175 274 262 265 196 
;
