-0.40 6.76 7.76 -0.6800 0.3200 0.4400 -0.0089 -0.4656 0.0544 0.27 6.39 7.43 186 310 309 305 218 
-0.18 7.82 9.42 -1.6900 3.1900 3.2100 -0.8167 -1.7689 0.2022 1.78 5.89 7.63 183 309 311 315 220 
4.53 10.83 13.86 3.5700 7.5500 5.0800 -5.2544 1.0789 -1.5900 1.73 1.09 9.58 185 304 310 313 219 
5.61 1.69 2.49 3.7200 6.9600 -6.3700 -8.8778 2.8267 -2.5422 0.57 -8.44 4.95 183 287 288 281 216 
2.73 -7.70 -7.98 -0.1900 1.6500 -6.8600 -2.7211 -0.4656 0.1800 1.09 -9.30 -2.90 170 270 263 255 216 
2.00 -11.80 -14.55 -0.4000 -5.1000 -13.9300 8.4522 2.0889 -0.0722 0.84 -9.77 0.01 182 309 295 280 214 
3.78 1.14 12.77 -0.6500 6.5800 5.3700 -0.0733 0.5978 0.1667 1.01 -7.65 6.04 180 300 276 264 215 
0.87 -6.89 2.22 -0.3900 2.0000 -2.6400 -6.3722 -1.6989 0.3722 1.02 -9.75 0.00 182 287 266 261 215 
-3.68 -11.22 -16.72 -4.2000 -1.6400 -11.4900 4.5011 0.3944 -0.6111 0.57 -9.62 -1.76 181 299 283 271 216 
3.44 5.95 17.35 2.3700 11.2800 9.2600 -3.1500 -0.1633 0.8389 1.72 -8.23 5.03 182 298 276 260 216 
2.23 -8.40 1.84 -0.0600 0.5000 -2.1300 -0.4833 -0.2456 0.6122 1.36 -9.08 3.42 180 290 277 265 214 
0.09 -7.47 1.50 -1.0500 1.2200 -3.2800 2.9956 -1.9822 -0.3600 1.92 -7.87 5.51 180 278 246 239 213 
8.62 -7.65 1.37 3.0600 0.1700 -3.2900 1.0278 3.3311 3.0211 -1.77 -6.87 6.76 188 164 160 174 161 
-6.66 2.05 2.13 -0.4500 6.8000 -2.7800 1.9944 2.9600 4.8667 -7.86 -1.54 5.64 192 165 163 181 162 
-11.44 1.26 5.76 -3.5000 -0.3100 -0.1100 0.7711 -0.3900 0.3000 -7.89 1.24 5.67 192 173 167 185 164 
-10.11 1.07 7.42 -2.1800 -0.1600 1.5900 -0.0878 0.1133 -0.1267 -7.86 1.24 5.72 194 175 168 186 167 
-7.26 1.23 4.81 0.0200 -0.2400 -0.8200 0.1500 0.0600 -0.0667 -8.03 1.12 5.51 190 178 171 187 166 
-10.68 0.87 5.43 -2.5100 -0.2800 -0.7100 0.6789 -2.2356 -0.3044 -7.18 1.18 6.56 186 248 223 220 191 
2.57 7.92 -0.89 3.4300 4.1600 -7.8100 1.3800 -8.5033 -1.6533 4.26 4.70 7.47 191 298 309 325 206 
-6.62 0.95 8.45 -5.9900 3.5900 3.2200 3.7856 -2.3589 -0.9656 -2.17 5.31 7.95 188 320 321 370 224 
1.71 3.57 8.79 1.9300 -0.6000 0.1900 0.1300 0.4811 -0.2122 -1.08 4.31 8.73 187 317 326 366 221 
-1.69 3.95 9.00 -0.2400 -0.3000 0.6500 0.0200 -0.0922 0.1844 -1.24 4.24 8.75 185 311 336 356 222 
;
