3.76 -0.18 8.92 -0.0300 -0.1600 -0.1300 -0.0122 0.0000 0.0333 3.88 -0.17 9.00 177 299 235 231 188 
3.85 -0.15 8.90 -0.0100 0.0800 0.0000 -0.0411 0.0578 0.0178 3.87 -0.19 9.00 174 304 236 232 186 
2.57 -0.58 11.65 0.4500 -0.0500 4.2600 -0.8556 -2.2356 -0.3744 5.10 -0.73 8.33 175 289 234 232 184 
8.94 -1.89 9.53 2.5900 1.9000 2.0500 -4.5533 1.2389 1.1744 5.41 -5.46 6.08 166 253 237 228 185 
5.80 -5.72 1.57 1.2000 2.3000 -2.8600 -4.6933 2.0556 1.4644 2.89 -9.20 1.76 175 237 242 219 184 
-1.16 -7.90 -9.45 -3.7600 1.6800 -8.5700 1.5122 1.1644 -0.2089 2.40 -9.47 -0.76 161 232 228 208 184 
11.45 -5.92 17.83 4.1200 0.7600 11.1000 -1.1167 0.0722 0.6100 2.70 -8.77 3.43 167 243 230 215 187 
0.55 -9.41 -0.58 -1.7100 -0.2800 -3.0400 -2.9467 -1.1167 0.3489 2.24 -9.49 -0.96 160 244 224 218 187 
-0.76 -8.99 -9.88 -2.5600 0.6400 -7.1800 1.2233 0.3356 0.5489 1.31 -9.48 -2.13 159 241 234 211 187 
5.95 1.04 16.39 4.7000 5.2600 8.9400 -0.3778 -0.2811 1.1489 1.96 -9.24 2.62 158 245 233 220 189 
1.96 -5.87 -1.78 0.7400 2.4800 -5.5600 1.8733 -2.8856 -0.0044 2.41 -9.01 3.00 166 243 236 225 191 
-1.54 -10.13 7.45 -1.8100 -3.3300 3.3100 3.3733 -0.5533 -0.1889 1.69 -6.26 7.34 167 243 239 227 188 
1.19 -9.14 11.01 -3.5300 -3.8800 2.2800 -0.9556 -0.3789 -0.4822 2.34 -6.28 7.15 169 245 240 232 189 
1.68 -9.43 7.92 0.0600 -1.5000 1.8500 -3.3078 1.5978 0.1022 1.26 -8.56 4.60 169 251 243 234 188 
-1.26 -7.71 -3.47 -1.9900 2.5100 -5.6100 -2.8978 1.0311 -0.2856 0.83 -9.73 -0.77 168 242 235 229 189 
3.49 -1.87 7.62 6.8300 6.8700 10.5000 1.8222 0.6189 -0.3700 2.31 -9.14 2.69 173 250 235 235 190 
2.82 -9.03 1.15 0.0500 -0.2600 -1.1200 -2.6244 -0.8900 0.9100 1.64 -9.65 -0.47 173 253 233 238 190 
-2.86 -10.03 -10.18 -3.8600 -0.1700 -7.6700 1.0256 0.4711 0.0067 0.95 -9.60 -1.72 166 253 242 238 189 
0.42 -5.44 3.84 0.5700 4.8000 5.2300 3.6422 0.3167 -1.4311 2.49 -8.92 3.20 169 257 241 237 189 
5.52 -7.49 5.39 0.2300 1.1100 0.5700 1.5656 -8.3600 -1.1600 5.95 -7.44 2.28 171 251 215 209 184 
7.51 -7.47 -3.13 1.5000 0.6200 -0.5200 3.9211 -6.9911 2.3711 2.98 -9.08 -2.18 171 277 153 157 163 
3.35 -6.80 -2.47 0.3700 2.2100 -0.6000 5.5456 -0.6478 0.4122 0.79 -8.81 4.22 128 290 151 156 154 
0.75 -7.88 8.50 0.1500 -1.0600 0.7000 -1.1422 -0.1822 -0.0656 0.64 -8.78 4.31 121 296 152 160 157 
0.53 -7.77 5.60 -0.8400 1.0000 1.4700 -0.3378 -0.0600 -0.6911 1.45 -8.75 4.16 156 270 166 167 165 
;
