-4.23 3.32 8.47 -0.2400 -0.1000 0.1500 -0.0300 -0.2467 0.0267 -3.81 3.39 8.37 176 315 333 351 213 
-3.61 3.27 8.37 0.0700 -0.1200 0.0600 -0.0044 0.0611 -0.0156 -3.81 3.38 8.37 173 315 334 351 213 
-4.07 3.19 8.51 -0.2100 -0.1500 0.1000 0.0000 -0.0678 0.0100 -3.83 3.35 8.37 173 315 333 349 213 
-3.45 5.53 12.27 -0.8500 3.1900 4.3400 -1.1000 -0.4078 -0.2033 -2.84 2.55 9.03 174 312 326 329 213 
-2.98 2.76 11.53 -0.7400 2.8500 0.7100 -4.2900 -1.0611 -0.3456 -1.54 -3.07 9.18 173 289 302 298 213 
-0.29 -4.17 4.62 0.0400 1.9800 -2.8100 -3.6556 -0.7556 0.1000 -0.60 -7.83 5.86 171 277 294 288 212 
-1.47 -5.74 2.53 -0.1700 2.5600 -1.1400 -4.0378 -1.3367 0.0189 -0.18 -9.72 1.25 168 253 274 261 211 
-0.82 -9.77 -6.04 -1.1600 -0.6300 -4.3700 -1.8111 -0.5444 0.0911 -0.33 -9.26 -3.19 163 239 240 236 209 
-0.62 -11.15 -6.48 -2.0200 -0.3300 -2.3000 5.4978 1.6944 -0.7311 0.76 -9.73 0.94 169 256 256 258 211 
2.25 -6.39 6.53 -0.2600 1.7200 3.0300 -3.4911 -0.0900 0.4889 0.88 -9.76 0.03 167 256 259 248 210 
-1.76 -9.51 -9.31 -1.9800 -0.2900 -6.8800 -1.7967 -0.0733 -0.0956 0.23 -8.72 -4.47 161 246 249 245 209 
-1.21 -8.94 -0.43 -1.9200 2.4700 4.9500 6.1444 0.0300 -0.8867 1.31 -9.58 1.58 166 262 270 258 209 
0.28 -9.59 0.39 -0.2700 0.4900 -0.7700 -1.4722 -0.8233 0.4433 0.62 -9.72 -1.06 165 251 259 248 208 
-0.20 -7.36 -7.40 0.0200 2.2300 -5.9900 2.3711 0.1600 0.1411 0.20 -9.80 -0.09 164 254 254 257 209 
-1.14 -4.82 2.47 -1.1000 4.6600 -1.4500 7.1544 2.1489 -0.6444 -0.12 -6.22 7.57 170 289 271 277 208 
0.00 -0.96 9.32 1.0900 2.0700 -0.1400 3.3656 2.0400 -0.0656 -1.57 -1.78 9.51 172 304 300 309 208 
-5.91 5.27 17.29 -2.4000 2.9200 8.0100 0.3789 0.4956 -0.2133 -3.72 2.29 8.77 178 325 309 339 211 
;
-2.91 3.41 10.52 0.0300 0.7700 1.2100 -0.1533 0.0778 0.0222 -4.01 2.22 8.66 178 323 313 342 211 
-3.92 2.12 8.80 -0.2500 -0.2100 0.0500 -0.0622 -0.0489 -0.0344 -3.91 2.14 8.73 178 322 313 342 211 
-5.11 2.77 12.04 -1.5300 1.8900 5.6000 -1.1078 -0.9100 -0.1278 -3.14 1.31 9.19 177 312 320 328 211 
-2.90 1.62 12.13 -1.4900 3.3000 1.9200 -3.7022 -1.7700 -0.2333 -0.90 -3.70 9.03 175 297 300 303 211 
0.47 -2.53 4.93 0.3200 4.4400 -1.3900 -4.0889 -0.6578 0.4011 0.02 -8.36 5.12 172 275 276 285 211 
-1.69 -6.52 -3.27 -1.7900 3.0600 -4.8700 -4.6711 -1.7889 0.7222 -0.57 -9.65 -1.61 164 248 260 254 209 
-1.42 -8.58 -6.50 -0.4400 0.6100 -4.4400 1.6422 0.9711 -0.3033 -0.13 -9.72 -1.24 166 256 252 260 209 
2.44 0.57 17.47 6.1200 8.6200 13.6300 -2.6789 -0.6222 0.4356 0.52 -9.56 2.09 171 260 264 248 209 
-2.68 -8.22 -11.33 -4.0700 -1.2000 -10.3700 -2.5756 0.4989 -0.1111 -0.34 -8.61 -4.67 162 236 261 253 208 
0.31 -7.59 -7.30 -0.7700 0.3300 -2.6500 3.7867 1.5144 0.1111 0.72 -9.65 -1.54 167 255 270 264 209 
6.04 -3.40 15.17 2.1100 4.1100 9.2600 -2.5978 0.4722 0.3356 1.07 -9.65 1.35 168 256 272 264 208 
-1.51 -8.72 -6.43 -2.1100 0.9500 -6.0300 -2.5433 -1.5144 0.4489 -0.11 -9.39 -2.80 161 246 253 258 208 
-2.00 -4.11 -6.11 -2.0700 5.6000 -6.0500 6.7800 2.0078 -0.2367 -0.08 -9.13 3.55 165 274 276 279 209 
-0.22 4.10 14.68 0.3600 5.2500 4.3500 3.5000 2.0778 -0.7522 -1.72 -1.45 9.54 180 335 317 330 208 
-2.56 3.39 12.50 -1.5600 1.0700 2.5700 1.4400 1.1133 -0.0222 -3.31 1.80 9.05 181 335 321 338 209 
;
-7.05 1.64 8.91 0.1500 0.2000 -1.0800 -0.0856 -0.4478 -0.0167 -3.65 2.23 8.82 179 324 318 342 210 
-3.98 2.32 8.76 -0.2000 0.2500 -0.2400 -0.1133 -0.1189 -0.0244 -3.62 2.09 8.86 179 322 323 341 210 
-4.82 4.31 13.39 -1.6900 3.3100 6.5800 -1.2322 -0.9722 0.1056 -2.78 1.57 9.26 179 312 292 326 211 
-2.37 2.13 11.87 -0.9900 4.0100 1.6000 -4.4322 -1.4400 -0.1278 -0.61 -3.91 8.96 177 318 323 333 210 
-0.45 -1.76 3.11 -0.7600 6.1200 -3.1500 -5.3633 -1.5456 0.5278 0.26 -9.28 3.13 172 279 258 281 210 
-2.65 -7.19 -6.39 -2.2000 1.1800 -5.5600 -3.4833 -1.8944 0.1200 -0.29 -9.23 -3.27 163 250 252 252 209 
-0.95 -7.56 -3.19 -1.0000 2.1400 4.4900 6.9000 2.1167 -0.7067 1.02 -9.38 2.64 173 281 259 279 209 
0.38 -7.06 7.79 -0.4600 2.1900 3.2200 -3.4911 -1.6489 0.3678 0.89 -9.73 0.75 168 272 278 275 209 
-1.52 -10.33 -8.81 -1.5100 -0.2000 -6.2100 -0.5444 -0.2300 -0.2533 0.48 -9.32 -3.00 164 267 272 270 210 
-0.06 -8.53 -3.52 -2.0100 1.3700 -1.5300 4.5589 1.9589 -0.3956 1.26 -9.60 1.54 170 279 285 285 209 
1.83 -4.50 8.74 0.6900 3.4100 1.0300 -1.5200 -0.1067 0.2633 1.20 -9.14 3.34 167 269 275 275 209 
0.63 -6.39 -2.47 -0.3000 2.4800 -6.3200 3.0167 0.5667 0.7600 0.06 -8.40 5.04 168 275 273 284 209 
-2.86 0.03 10.90 -1.3900 3.8100 3.0100 5.2278 0.9911 -0.6489 -1.34 -1.42 9.60 175 335 316 330 208 
;
-0.65 3.34 13.75 0.8600 1.9200 4.7900 1.3922 2.3933 -0.1189 -2.99 2.40 9.02 178 336 321 344 210 
-2.96 2.37 7.28 1.0400 0.9300 -0.8500 0.0056 -0.1011 -0.0422 -3.11 2.06 9.06 177 335 323 345 209 
-2.48 2.42 8.84 0.3700 0.3700 -0.1500 -0.0578 0.0478 0.0100 -3.03 2.00 9.10 176 334 319 343 210 
-3.65 2.05 10.04 -2.1400 0.1400 2.6300 0.2311 -0.6078 0.2022 -2.76 2.11 9.16 176 321 309 322 210 
-2.57 3.69 14.73 -0.6500 5.0600 5.0600 -3.9989 -1.8456 0.1178 -0.31 -1.99 9.59 175 280 280 287 210 
-0.05 0.31 4.99 -1.0900 6.2600 -2.9900 -5.3767 -1.6767 1.0678 0.90 -8.13 5.40 171 266 281 271 209 
-2.46 -6.99 -9.11 -2.4400 1.4600 -8.9300 -4.2111 -0.5756 0.4378 0.02 -9.42 -2.71 162 249 256 259 209 
-1.03 -9.12 -5.29 -2.5300 0.5500 -2.0700 6.7089 2.4667 -1.0267 0.88 -9.28 3.04 172 276 270 280 210 
0.78 -7.92 8.42 -0.4000 1.4100 3.7100 -2.9767 -2.3778 0.5989 1.12 -9.67 1.09 168 251 264 263 209 
-2.21 -10.83 -11.33 -2.3900 -1.1200 -8.3600 1.0178 0.9956 -0.3889 0.61 -9.50 -2.35 163 252 260 267 209 
-1.17 -2.22 -3.49 -3.1500 6.7700 -3.9300 5.6456 2.5989 -0.7367 1.40 -8.69 4.32 167 270 272 283 209 
-0.35 -0.19 10.55 -0.3700 4.2200 2.3400 5.3156 2.2978 -0.2800 -0.67 -2.26 9.51 171 303 302 313 210 
-0.83 3.61 13.71 -0.2500 0.6900 3.3400 2.5433 2.1378 -0.1922 -2.99 2.58 8.97 174 314 313 334 210 
-2.26 1.80 4.76 0.8000 0.8300 -3.3600 -0.1567 -0.1378 -0.1522 -2.79 2.12 9.15 173 305 319 333 210 
;
-2.33 2.17 8.07 0.4500 0.3500 -0.8500 -0.1122 -0.0089 -0.0067 -2.60 1.97 9.24 171 307 319 333 211 
-2.33 2.01 9.10 -0.1700 -0.1100 0.1900 -0.0133 0.0478 0.0033 -2.55 1.95 9.26 171 309 319 334 210 
-3.17 1.58 10.16 -0.5000 -0.2300 1.5500 0.3344 -0.5100 0.0822 -2.26 2.23 9.27 172 309 311 330 211 
-2.07 2.98 15.83 -0.9400 2.7800 5.8700 -3.5211 -1.6656 0.2433 -0.41 -1.36 9.70 172 295 298 298 211 
-0.81 0.15 4.57 -1.4100 6.6600 -2.8600 -6.6100 -1.4178 0.7111 0.83 -8.47 4.85 167 266 284 281 210 
-1.40 -8.26 -7.28 -2.0300 1.4900 -7.7000 -2.1822 -1.1122 0.1833 0.44 -9.69 -1.37 163 255 227 260 210 
-1.58 -9.26 -5.49 -1.4600 1.2400 -0.6100 6.6822 2.6000 -0.9500 1.22 -9.15 3.29 170 279 266 282 210 
0.40 -8.03 6.91 -0.9400 1.5600 2.3400 -2.9656 -2.6522 0.5156 1.34 -9.68 0.73 165 249 252 252 209 
-1.64 -11.19 -12.08 -1.8800 -0.5600 -7.4300 1.4122 1.2644 -0.2567 0.89 -9.52 -2.17 162 246 255 260 209 
-0.12 -7.12 0.58 -2.8300 3.8500 2.0600 5.1300 1.5611 -0.5189 1.69 -9.08 3.28 166 273 273 281 209 
1.19 -5.85 2.86 0.1100 3.1600 -2.3900 1.8733 -0.2322 0.2356 1.39 -8.30 5.02 165 271 273 283 210 
-5.50 -4.34 5.69 -5.3300 0.4400 -1.3100 4.9778 1.6011 -0.4611 -1.12 -2.55 9.39 168 296 305 311 209 
;
-5.87 4.66 15.50 -1.5100 1.1700 4.3400 1.1867 -0.3200 -0.3444 -2.76 2.21 9.14 170 319 300 338 210 
-2.02 2.41 6.17 0.5900 1.1800 -1.0500 -0.1556 -0.0722 -0.0567 -2.35 1.91 9.32 170 317 311 338 210 
-1.83 2.21 8.90 0.1300 0.0300 0.2300 -0.0711 0.0533 0.0044 -2.18 1.79 9.39 169 316 313 339 210 
-2.77 1.53 11.06 -1.1600 -0.3200 2.7300 0.0033 -1.0544 0.1333 -1.66 1.97 9.46 172 304 311 316 210 
-0.17 2.58 14.44 0.6600 4.0700 4.9600 -3.9678 -1.5478 0.5844 0.82 -2.11 9.54 171 273 254 270 210 
-0.54 1.73 2.37 -2.2500 8.5400 -4.7900 -7.1389 -1.6967 1.3767 1.15 -9.13 3.37 166 248 238 251 210 
-3.26 -9.32 -11.06 -2.8800 0.0100 -8.3400 -0.0456 0.5622 -0.1311 0.20 -9.53 -2.26 164 249 247 255 210 
-0.25 -8.36 -0.15 -1.9800 2.4200 5.1200 6.6511 1.8222 -0.9344 1.50 -8.99 3.59 170 278 270 277 208 
1.40 -7.17 7.48 0.3400 2.7900 3.5500 -2.9000 -2.6967 1.0356 1.10 -9.73 0.44 166 245 256 252 209 
-3.34 -10.71 -13.63 -2.8000 -0.8800 -8.1500 1.7133 1.7633 -0.4800 0.14 -9.11 -3.61 161 247 258 263 209 
-0.61 -7.65 -0.60 -1.4400 2.0300 1.5700 4.6022 1.8511 -0.7256 1.37 -9.56 1.69 164 263 270 277 209 
1.51 -7.53 7.49 0.3600 0.8400 1.0900 0.2711 -0.1833 0.0589 1.47 -8.72 4.23 165 271 272 281 208 
1.31 -4.84 1.02 -0.0200 4.3700 -5.4200 1.1833 0.3878 -0.2656 1.32 -7.84 5.72 164 300 262 294 208 
-3.93 -0.25 9.01 -6.2000 4.6700 4.8200 8.8089 1.2378 0.0589 -1.25 0.35 9.71 172 328 316 331 210 
;
