4.30 -1.56 8.55 0.0800 -0.0700 -0.0600 -0.1044 0.0289 -0.0067 4.27 -1.47 8.70 174 263 253 254 192 
4.85 -1.94 9.12 0.3400 -0.4400 0.8400 -0.2978 -0.1600 -0.0144 4.57 -1.81 8.48 172 261 250 249 194 
5.87 -1.87 10.06 0.9500 0.7300 2.0100 -1.8756 -0.2989 -0.0444 5.10 -3.42 7.64 173 262 253 253 191 
5.09 -4.69 6.05 -0.1700 0.4000 -0.0700 -2.3956 0.3667 0.1511 5.33 -5.91 5.71 174 263 244 251 191 
5.67 -6.38 4.29 1.6800 0.8900 -0.3100 -2.8133 3.2111 0.5344 3.49 -8.05 4.37 173 263 250 256 192 
1.78 -9.41 -1.44 -1.2600 0.2200 -4.0900 -3.9522 1.7822 1.0700 1.36 -9.70 -0.19 169 252 254 253 193 
-0.94 -9.94 -4.94 -0.4500 0.2200 -0.1800 5.0689 1.4833 -2.1156 2.21 -9.39 1.75 160 260 254 254 194 
2.44 -6.91 5.17 0.7600 2.7700 2.5300 -2.5644 -1.3000 0.7400 1.41 -9.69 -0.35 175 255 246 244 192 
-3.08 -9.49 -10.15 -3.2100 -0.8800 -6.7400 -0.9000 0.3522 0.1767 -0.20 -8.77 -4.37 171 250 236 245 191 
2.77 -9.55 0.10 2.8300 3.4300 4.4600 5.1267 0.4222 -2.1744 2.43 -9.41 1.30 173 264 246 249 196 
0.75 -9.37 0.83 -1.9500 -0.2900 -2.3300 2.4178 -6.7578 -1.1200 3.78 -8.82 1.98 165 258 199 210 187 
9.86 -8.80 1.07 4.3600 -0.5000 -2.2300 5.8278 -1.5900 -0.3967 6.44 -5.25 5.20 160 209 157 176 182 
6.99 -1.48 5.31 -0.1700 1.7300 -0.9700 2.7300 0.3411 0.2144 6.53 -1.24 7.20 139 185 158 165 180 
6.72 3.94 6.44 0.2800 4.1200 -0.7500 0.2822 0.4578 0.1756 6.42 -0.09 7.40 127 176 157 168 179 
5.71 1.50 7.17 -0.3900 1.8200 -0.7400 -1.2067 0.0611 -0.2133 5.78 -1.14 7.83 127 172 159 177 181 
4.29 -4.21 6.41 -1.1300 -2.1400 -1.2500 -1.4178 0.3544 -0.3633 5.22 -2.89 7.78 124 171 166 176 179 
4.24 -6.51 6.68 -1.2300 -2.5900 -0.8300 -0.2256 -0.7256 -0.1822 5.81 -3.57 7.04 143 209 169 183 179 
7.77 -4.93 4.03 1.1400 -1.7300 -2.0100 2.1600 -3.3444 -0.0544 8.47 -2.47 4.27 139 327 161 173 180 
11.24 -0.66 -1.25 2.6400 1.6400 -4.0300 2.7600 -0.8711 0.1411 9.32 -1.12 2.80 123 349 156 173 180 
9.30 4.85 7.58 -1.2000 4.9400 3.2100 -1.0944 1.7178 0.3378 8.78 -1.18 4.18 120 351 157 170 178 
7.74 -2.16 2.69 -0.4900 -0.2000 -2.0200 -0.9044 0.5489 0.0278 8.16 -2.03 5.03 118 362 164 172 178 
7.18 -4.12 5.79 -0.6500 -1.2900 1.1300 -0.4033 0.1867 -0.0278 7.97 -2.60 5.07 116 366 161 175 179 
8.45 -2.80 5.37 -0.1500 -0.1300 -0.2200 0.0022 -0.2867 0.2444 7.93 -2.82 5.02 121 365 168 179 177 
5.03 -1.68 2.94 -3.0400 1.3800 -2.0000 -1.7278 -0.3744 -0.0744 7.91 -3.65 4.48 145 325 175 185 181 
;
