6.07 1.06 7.78 0.0300 0.0000 0.1900 0.0033 0.0778 -0.0578 6.01 1.05 7.67 175 267 268 252 192 
6.01 0.91 9.07 0.3200 0.0500 1.3500 -0.3889 -0.1933 -0.0556 5.91 0.75 7.78 174 265 270 251 190 
7.73 1.56 12.71 2.3100 1.8200 4.2400 -3.1389 0.5478 0.4700 5.51 -1.99 7.85 175 265 268 247 191 
5.36 -3.18 6.55 1.4100 2.4900 -0.9200 -5.4344 2.2900 0.7333 3.37 -7.71 5.02 174 253 250 241 190 
4.46 -6.27 -0.50 1.3200 3.3600 -2.1100 -4.2522 1.5111 0.4356 2.69 -9.38 -0.88 176 251 249 245 188 
-1.13 -8.82 -8.36 -3.1300 -0.1400 -5.6300 3.2578 1.6400 -1.0700 3.23 -9.24 -0.40 175 253 256 246 190 
6.39 -8.12 8.62 2.6500 0.4100 4.7500 -1.1878 -0.9444 0.4811 3.22 -9.17 1.23 176 256 246 245 189 
0.11 -8.51 -3.85 -2.7900 1.0300 -3.6700 -1.4733 -0.5400 1.0111 1.64 -9.52 -1.67 176 248 250 239 189 
-2.74 -8.99 -6.45 -3.2100 -0.4300 -3.6800 5.6856 1.6389 -2.6711 2.78 -9.20 1.93 177 260 246 245 188 
2.96 -8.39 3.68 -0.2100 -0.0100 -0.6600 0.0489 -4.1944 -1.3311 4.39 -8.64 1.46 172 259 253 244 190 
6.01 -4.37 -5.16 -0.2600 3.7300 -4.0600 2.5322 -9.0211 -2.8478 6.75 -6.11 -3.63 174 280 253 244 187 
4.91 -4.26 -4.40 1.1700 0.6400 3.5400 -1.0322 -4.0800 -1.1267 3.60 -4.65 -7.84 178 281 225 248 184 
4.37 -1.96 -4.62 1.2200 0.0700 3.7600 -4.6111 -2.1711 -0.7067 0.01 1.07 -9.74 176 253 246 245 184 
0.31 3.09 -16.73 0.9200 0.0100 -6.3900 0.4067 0.6978 0.0411 -0.13 2.69 -9.42 177 258 254 249 185 
-0.17 2.51 -8.70 0.1600 0.0100 0.7700 0.2189 0.0700 -0.0922 0.15 2.42 -9.50 175 262 253 249 183 
0.76 2.38 -9.88 0.6000 0.2400 -0.9000 0.0844 0.9844 0.0189 1.07 2.21 -9.49 175 263 249 239 184 
4.44 1.76 -12.90 0.7900 0.5900 -3.1500 2.3944 6.0711 0.3589 5.91 -0.09 -7.82 176 253 218 211 182 
1.90 -0.06 -3.32 -7.0500 1.3200 0.3400 2.6156 4.8267 -0.5211 9.72 -1.22 0.21 178 174 156 163 169 
6.43 1.57 3.14 1.0100 1.3500 1.9200 1.6822 0.0067 -1.8422 9.55 1.35 1.74 181 159 138 163 165 
11.28 1.84 3.92 1.6900 -0.1500 2.1100 0.0700 -0.0667 0.1667 9.47 1.84 1.70 179 160 146 166 163 
9.05 1.66 2.28 -1.1800 0.1300 0.2500 -0.2044 0.2044 0.1567 9.47 1.47 2.03 176 162 156 171 164 
;
