2.62 2.77 8.98 0.0200 -0.0400 -0.1100 -0.0378 0.0489 -0.0078 2.56 2.78 9.04 178 276 255 254 191 
2.32 2.88 9.90 0.3500 0.2900 1.8200 -0.0944 -0.1900 0.0400 2.59 2.64 9.07 176 275 259 252 192 
6.69 4.50 14.67 2.7800 2.7100 3.5100 -5.3278 -0.8633 1.2989 4.69 -2.25 8.31 177 263 244 247 190 
4.00 -3.67 1.85 2.6100 4.1400 -3.5300 -5.9311 3.4267 1.7256 2.15 -8.89 3.51 173 258 247 249 191 
-0.21 -6.05 -7.45 -2.4600 2.0600 -7.7600 -3.7089 1.7322 1.4044 0.51 -9.32 -2.98 170 256 254 242 191 
2.50 -0.25 13.96 6.8500 6.6800 17.9300 1.0489 0.0178 -0.0278 1.78 -9.43 2.01 174 265 243 243 190 
0.71 -6.59 -2.52 -2.8900 2.4500 -4.8500 -4.6022 -1.3200 1.1356 0.59 -9.27 -3.13 173 254 249 234 191 
-5.90 -8.27 -11.24 -5.7500 1.2700 -5.9200 2.6533 1.1622 -1.0122 0.89 -9.30 -2.96 173 259 254 240 193 
9.31 -3.64 10.78 3.2200 3.0500 4.8500 0.8278 -2.2433 -0.6311 3.74 -8.88 1.79 173 267 239 229 190 
6.54 -4.19 -5.27 1.6400 3.4600 -5.7500 2.6511 -9.3011 -2.6033 7.08 -6.37 -2.29 173 263 215 206 184 
10.77 -7.82 -7.38 4.2000 -1.3000 -2.9500 3.1956 -2.2178 -0.5067 6.11 -6.53 -4.01 171 305 175 184 172 
3.73 -6.10 1.06 -2.3400 1.3700 2.6000 2.9278 -0.5089 -0.1189 6.07 -7.68 -0.34 165 342 174 188 173 
5.80 -6.60 0.86 0.1500 0.6700 1.5300 -3.2378 -1.1522 0.6156 5.84 -7.23 -3.09 165 342 175 191 177 
6.51 -5.73 -9.05 0.0400 1.0300 -5.2100 0.5978 -0.2211 0.2789 5.70 -7.18 -3.47 158 336 174 192 175 
6.01 -7.00 -3.04 0.7400 1.1300 0.0200 3.2178 1.7933 -0.7367 6.36 -7.45 0.23 160 346 184 197 177 
6.22 -5.41 0.89 -1.0700 1.4700 -0.0700 -2.0467 3.3789 -2.0089 7.59 -6.18 0.47 155 276 198 202 179 
6.22 -2.89 1.03 -0.6200 0.6500 -3.1500 1.8689 4.4489 -3.1667 6.73 -1.67 6.92 168 284 216 219 184 
12.01 0.43 14.52 3.4200 -0.4400 6.8000 -1.2178 -1.4556 1.0244 7.08 -0.48 6.76 161 301 224 220 185 
7.86 -4.27 1.54 0.1000 -0.0300 -2.4300 -2.0700 -4.2578 2.8311 8.14 -5.40 0.74 170 328 193 201 180 
6.84 -4.26 -4.65 -0.3200 2.7600 -2.9400 3.3256 -0.9367 0.6244 6.36 -7.45 -0.36 171 339 183 196 178 
8.20 -5.81 4.80 -0.7800 0.5400 4.5000 -3.0133 0.5711 -0.3778 6.67 -7.07 -1.24 171 336 183 196 179 
4.85 -5.62 -7.42 -2.2600 1.1200 -4.3800 -1.1744 -1.0389 0.1389 5.71 -6.42 -4.70 168 338 187 197 179 
8.18 -6.07 -7.27 5.2800 -0.1600 -3.4900 4.2833 3.6367 -0.2667 6.56 -7.15 -1.34 172 341 181 201 182 
10.54 -6.01 -0.86 0.7700 0.7600 -1.1400 -1.8044 2.7878 -0.2867 7.14 -6.64 -0.94 167 342 183 204 182 
5.44 -5.00 -2.47 -4.6600 0.9200 -2.3900 1.7411 5.9956 -1.8433 7.84 -4.83 3.36 171 290 202 215 183 
;
