4.57 3.84 7.25 0.0000 -0.1400 -0.2600 -0.1833 0.0556 -0.0544 4.61 3.97 7.68 176 286 267 256 189 
4.70 4.08 8.33 0.2900 0.4700 0.9800 -0.2400 -0.1333 0.1556 4.70 3.71 7.75 175 281 265 256 189 
9.09 5.65 12.14 2.6800 3.3900 3.9900 -3.4511 -2.9700 2.2511 7.29 0.10 6.54 168 272 257 244 188 
7.36 -1.60 1.69 0.9900 3.7600 -3.4800 -6.1067 3.7178 3.0611 5.34 -7.29 3.79 5 263 256 241 188 
-1.02 -7.16 -3.81 -2.2600 0.7100 -4.2500 -4.1389 2.2500 1.5733 1.53 -9.63 -1.01 175 264 250 235 188 
-0.76 -9.55 -5.47 -1.8400 1.4700 -2.6700 6.4600 1.8178 -2.0667 2.53 -8.99 2.96 176 269 259 241 187 
4.91 -7.10 11.00 1.6300 1.1700 5.7800 -1.8989 -0.9211 0.3600 2.42 -9.07 2.82 175 266 258 236 187 
-2.32 -9.24 -6.89 -3.6900 -0.3100 -6.8600 -2.3978 -0.0978 0.9389 0.62 -9.48 -2.40 160 259 249 232 187 
-1.50 -6.88 -4.69 -2.5100 2.9300 -2.9600 5.7778 1.5267 -2.4800 2.58 -9.14 2.42 152 271 255 237 188 
6.60 -6.65 7.30 0.3100 0.1200 0.1100 1.6256 -7.8356 -1.3656 6.50 -6.99 2.24 162 269 215 210 180 
9.94 -6.60 -4.41 2.1400 -0.4300 -1.9200 3.0833 -6.2056 1.2311 5.00 -7.56 -3.72 176 287 161 170 158 
2.94 -7.42 -3.58 0.9900 2.2800 -2.3500 3.8344 -1.6833 0.9244 2.35 -9.51 -0.40 153 267 157 154 152 
0.68 -2.00 9.16 -2.5000 9.4400 10.2900 4.0944 1.0756 -1.1533 2.18 -7.08 6.41 160 274 157 165 158 
2.12 -10.02 4.53 0.4800 -1.8500 -0.0900 -0.7089 0.4689 -0.3011 1.85 -8.15 5.11 154 271 156 172 159 
1.47 -9.36 5.75 -0.8000 -0.3200 2.6600 -2.6256 2.3978 -2.6222 2.99 -9.03 2.36 162 270 148 169 163 
3.44 -11.41 0.45 0.5200 -2.3800 -2.0600 1.7033 1.8667 -2.7922 5.78 -7.10 3.48 164 207 164 176 166 
6.50 -2.27 3.39 1.1900 2.6100 -1.9000 3.8533 0.2933 -0.5322 5.95 -2.52 7.36 137 198 162 173 166 
4.34 2.74 7.63 -1.5700 3.7100 0.1700 0.9544 0.0656 0.5900 5.66 -0.60 7.98 137 184 167 175 167 
4.54 2.83 8.54 -1.0500 3.4800 0.3100 -1.0456 0.2467 -0.2300 5.43 -1.00 8.10 138 177 170 177 170 
6.10 -0.30 7.30 1.1000 1.2000 -0.9200 -1.5500 0.0622 -0.6122 5.26 -2.01 8.02 139 172 170 178 167 
3.45 -5.17 5.99 -2.1100 -3.1800 -1.9600 -1.6444 -0.1100 -1.1478 5.69 -3.23 7.29 140 173 172 181 169 
7.58 -5.37 8.35 0.9000 -1.3900 1.5800 0.0011 0.2444 -0.2311 6.07 -3.12 7.03 141 179 173 183 169 
2.35 -3.63 4.21 -3.6000 -0.5900 -3.3700 0.2200 0.5222 -0.5511 5.81 -3.07 7.27 163 263 191 194 172 
;
