6.19 2.84 7.11 0.2800 0.0300 -0.0100 -0.0056 0.0189 -0.0256 6.04 2.88 7.16 179 284 232 227 188 
5.98 2.96 7.33 -0.1300 0.1200 0.3000 -0.0711 -0.0467 0.0333 6.10 2.79 7.14 177 283 241 223 187 
8.61 3.89 12.41 2.7100 3.0900 5.8300 -5.0056 0.5678 0.1444 5.95 -0.48 7.77 179 270 239 215 187 
10.25 -2.37 7.79 4.4700 1.7700 1.8500 -6.5511 1.8578 0.9811 4.73 -7.15 4.74 175 270 234 227 186 
1.28 -6.41 -3.02 -1.5100 3.1400 -4.4400 -4.3000 0.7644 1.4856 2.21 -9.48 -1.11 177 271 238 238 185 
-1.05 -4.20 -3.15 -1.1300 4.9500 3.2200 4.6667 1.8433 -1.5222 2.92 -9.10 2.14 169 273 243 236 187 
3.10 -7.06 4.19 0.0100 2.6800 -0.8800 -3.5089 -2.1044 1.5289 1.58 -9.64 -0.77 172 262 241 234 186 
-8.72 -8.13 -16.86 -8.2200 0.2800 -13.8600 3.2578 2.4811 -0.9144 1.14 -9.63 -1.44 141 274 247 241 186 
14.47 0.27 13.03 6.7700 6.6600 6.2700 1.1178 -4.5100 -0.3256 4.97 -8.16 2.18 170 288 241 237 188 
5.75 0.31 -7.78 -2.0400 5.1900 -5.6700 1.4578 -9.2356 -4.2533 6.37 -4.06 -6.23 176 290 246 234 183 
12.34 -5.83 -9.41 9.4200 -3.6800 -0.2200 -2.7611 -0.9656 -0.7444 1.02 -0.43 -9.74 174 254 223 222 177 
0.07 -0.35 -8.49 -0.9700 -0.7600 1.0800 -1.7144 -1.4189 0.5833 -0.27 2.25 -9.54 179 244 232 227 181 
-1.43 4.06 -9.37 -1.4300 1.5400 0.1700 0.4056 0.1078 0.0400 0.32 2.05 -9.58 179 257 239 232 176 
2.56 1.75 -9.62 1.4300 0.3700 -0.2000 0.4956 1.9678 -0.4122 2.31 1.28 -9.44 179 258 227 222 178 
9.13 1.06 -8.21 4.6800 0.5700 -0.0900 0.2800 4.1722 2.0000 7.17 -0.45 -6.66 179 271 236 236 182 
13.87 0.92 -2.13 0.1400 1.7400 -0.1000 -2.4500 6.9344 4.8656 8.32 -5.18 -0.04 177 281 234 227 187 
1.34 -7.05 -0.23 -3.1600 1.6900 -2.1500 -1.9856 -2.1033 2.8789 3.25 -9.24 -0.08 165 296 257 253 186 
-4.29 -9.00 -10.38 -3.0500 2.7800 -9.5800 4.8600 -1.3567 -1.2622 2.33 -9.45 1.13 180 297 257 256 187 
6.09 4.35 8.34 2.1600 8.5100 3.9900 4.7378 -0.9800 -1.6989 4.62 -3.76 7.78 183 319 263 248 200 
7.82 -2.49 18.64 2.3100 1.5200 9.5800 -4.8244 0.2011 0.4478 5.20 -4.88 6.72 186 325 277 258 190 
3.98 -3.75 -0.94 -0.4000 3.4300 -6.0100 -4.6156 0.5167 1.3611 3.60 -9.11 0.05 181 316 273 262 187 
0.33 -7.21 -9.78 -3.0000 2.5000 -9.1800 4.0456 -0.3733 -0.3822 3.17 -9.14 1.58 4 299 271 263 189 
5.01 1.24 9.63 0.3500 6.9800 3.9600 4.3844 -0.5267 -1.2856 4.85 -4.57 7.19 4 301 261 261 189 
8.81 -4.86 16.52 3.0900 -1.0300 8.8600 -1.7078 -0.1100 0.6044 5.39 -4.35 6.93 4 307 268 254 187 
4.13 -2.59 5.58 -0.7400 5.1200 -0.6000 -4.9267 -0.6022 1.6789 4.04 -8.67 2.13 2 312 275 253 190 
1.19 -6.69 -3.92 -2.5700 1.3800 -4.2500 -1.3800 -0.0822 0.0878 3.15 -9.20 -1.20 141 307 266 258 188 
;
