1.23 2.84 9.34 0.2500 -0.1400 -0.0600 0.0756 -0.0922 -0.1344 0.92 2.98 9.29 186 308 328 343 224 
1.01 3.15 9.21 -0.0900 0.0700 0.0900 0.2378 0.1911 -0.0111 0.82 3.20 9.23 186 309 327 344 225 
2.86 4.45 12.25 1.8200 2.2200 5.4200 -0.7122 -0.1356 0.2656 1.31 3.24 9.16 186 312 317 314 223 
3.75 3.92 13.73 1.8600 2.4800 3.8100 -3.5400 0.0378 0.7711 2.18 -0.51 9.54 186 301 313 305 223 
2.17 -0.50 4.63 -0.8100 4.3700 -4.6800 -5.8822 0.1756 1.0089 1.69 -7.58 5.98 184 305 304 317 228 
0.17 -5.63 -1.08 -1.6500 3.3500 -1.9500 -3.5867 -0.9656 0.3556 1.22 -9.71 -0.45 188 300 294 297 225 
0.84 -8.60 -7.99 -0.2000 -0.3400 -5.0100 -0.6100 -0.2200 0.5600 0.87 -9.02 -3.74 187 257 249 259 222 
4.74 -0.60 13.99 3.4200 8.1800 10.3900 -1.6789 0.3167 0.5533 2.21 -9.25 2.38 190 284 280 285 223 
1.55 -7.21 -4.57 -0.3700 2.4900 -4.4400 -5.8656 -1.3178 1.4267 0.48 -8.53 -4.80 188 265 276 286 220 
-2.90 -7.23 -10.66 -2.3300 1.6300 -1.7400 9.1000 -0.0500 -1.2822 0.62 -9.78 0.18 188 286 296 300 222 
0.77 -9.38 4.66 -0.7400 0.2000 0.9700 -0.7856 -3.2422 -0.6767 2.01 -9.53 1.10 187 311 306 319 222 
4.60 -10.35 -5.25 1.2900 -1.0900 -7.8500 1.0344 -2.1622 0.4911 1.98 -9.58 -0.66 189 324 338 352 224 
-0.91 -2.62 -2.21 -2.2300 7.1400 -4.6500 6.2567 0.7133 -0.5378 1.42 -7.76 5.82 193 321 340 353 221 
-0.03 5.49 7.47 -1.1600 7.8800 -1.2900 6.3011 0.7067 -0.6233 0.94 0.50 9.74 196 325 344 351 226 
1.68 6.31 17.42 2.7800 2.3600 8.5000 1.0833 -1.0789 -0.7433 0.00 4.28 8.82 199 327 345 346 226 
;
