2.88 5.94 7.48 0.0200 -0.0400 0.2000 -0.0544 -0.0222 -0.0200 2.83 5.93 7.26 167 269 242 242 185 
2.69 5.99 7.37 -0.0500 0.1000 0.1200 0.0189 -0.0011 -0.0644 2.75 5.93 7.30 169 272 247 239 186 
3.74 8.73 12.12 0.5500 3.5300 5.0100 -1.3667 -3.1900 1.5856 5.03 4.59 7.04 173 272 242 243 187 
9.07 3.89 5.96 1.5200 2.6700 -0.5300 -5.1811 0.1200 2.1222 7.65 -1.55 5.93 174 260 236 238 183 
6.22 -2.48 -0.69 -0.1500 3.7200 -6.9300 -7.3267 7.3644 2.6211 2.24 -8.89 3.45 173 253 237 234 186 
-1.28 -8.67 -8.67 -3.2100 0.3700 -8.1500 -0.1078 1.6044 0.3200 0.30 -9.61 -1.91 165 238 229 236 186 
8.48 -4.52 17.30 7.8800 4.0800 14.7700 -0.1656 0.1744 0.4133 1.30 -9.49 2.09 170 256 241 242 185 
-0.47 -7.35 -3.41 -2.1400 1.8800 -4.3100 -4.2756 -1.8000 1.2478 0.05 -9.29 -3.11 156 233 244 235 185 
-6.14 -7.98 -10.07 -5.5800 1.5000 -5.9100 3.6889 0.9800 -2.4544 1.47 -9.57 -1.53 160 245 234 241 185 
11.52 -4.63 10.54 7.9500 2.9400 4.9800 1.8622 -0.6444 2.0200 2.26 -8.65 4.01 170 244 241 227 183 
2.43 -5.20 1.26 0.9200 3.0700 -4.8100 1.6111 -0.7833 5.3533 -1.80 -7.79 5.66 165 203 196 185 176 
-6.38 1.16 3.92 -2.0000 5.6400 -4.8500 3.3200 -1.0256 2.2833 -4.08 -1.89 8.71 173 168 159 160 160 
-5.76 0.43 13.29 -2.9400 -0.3900 6.2200 1.5456 -1.2522 -1.3244 -2.75 2.36 9.10 171 166 162 164 160 
-3.48 1.71 15.64 -3.5400 -1.2800 5.6500 -0.2933 -0.7644 -0.3367 -1.39 2.05 9.48 172 174 168 169 163 
-0.59 5.22 17.22 -0.5100 4.1900 5.0600 -5.1078 -1.0911 -1.4333 1.01 -2.41 9.45 156 247 210 213 175 
3.61 -0.68 2.77 1.9700 5.2400 -5.1500 -7.1956 0.7178 0.9133 0.77 -9.39 2.71 117 208 166 205 178 
-2.79 -6.39 -4.49 -2.3400 2.9100 -2.9600 -1.4122 -0.1211 0.3422 -0.93 -9.49 -2.25 114 203 176 207 177 
-3.11 -7.20 -8.27 -0.9900 3.6900 -8.3300 0.2267 -10.5333 -6.7333 2.26 -9.15 -2.69 117 198 179 204 170 
6.97 -2.97 -6.91 7.9600 5.5900 -0.1800 -0.2056 -3.5533 -2.6433 3.45 -7.30 -5.55 119 198 181 200 168 
4.87 -7.56 -5.71 2.3200 -0.3500 0.3700 0.0011 0.1267 -0.3989 3.64 -6.99 -5.83 131 205 176 205 169 
6.84 -3.78 -2.88 -0.8500 3.7900 0.5400 0.6578 7.4856 -0.5167 6.55 -7.03 -1.90 154 231 203 222 176 
;
