0.54 5.69 7.72 -0.1400 0.0000 -0.1600 -0.0344 0.1933 -0.0489 0.55 5.76 7.91 177 309 298 305 204 
-0.59 6.01 9.41 -1.4500 1.2400 3.0500 -0.7322 -1.1122 0.0589 1.08 5.25 8.20 176 300 290 296 204 
1.69 7.52 14.62 1.3100 4.7800 3.6900 -7.0889 -0.2956 -1.0733 1.42 -2.03 9.48 172 276 274 277 204 
1.97 -3.00 3.50 0.5600 3.5500 -3.3800 -6.6533 0.1322 -0.5189 1.98 -8.98 3.38 167 271 257 279 201 
1.82 -5.11 -7.19 -0.5300 4.6100 -5.3900 -4.3622 -2.0378 0.6422 1.91 -8.62 -4.26 158 248 245 261 200 
-4.31 -2.54 0.36 -1.0300 11.0000 5.8800 3.1033 -0.3956 -0.1567 1.80 -9.12 3.10 166 264 264 257 200 
1.44 -8.41 1.10 -0.0100 1.2700 -0.8500 -3.0178 -0.5289 0.1867 1.41 -9.64 -1.09 164 264 258 263 199 
0.12 -8.84 -8.75 -0.7200 -1.1000 -4.1300 -2.0333 -0.8756 0.1356 0.53 -7.70 -6.04 158 249 248 248 196 
-5.98 -4.57 -8.31 0.1700 8.7000 1.5900 9.3644 0.6311 -2.4589 2.06 -8.58 4.26 167 276 273 261 199 
2.30 -8.80 3.42 0.5200 0.2100 0.0700 -1.4400 -0.3478 0.1000 1.94 -9.39 2.02 168 275 268 260 197 
1.07 -7.30 -0.52 -0.3200 3.2400 -2.5400 -0.1667 -3.7578 2.0222 0.52 -9.73 1.03 165 272 261 249 195 
-2.45 -6.97 4.69 -3.2100 2.5000 -0.8500 2.9778 -3.7900 -2.1433 1.86 -8.14 5.12 166 286 265 257 193 
5.19 -3.33 5.23 1.9800 1.8300 0.0500 4.3356 -2.7967 -1.9311 6.18 -2.99 6.99 165 295 270 263 194 
11.42 0.56 4.60 3.3900 1.7500 -1.2100 0.8678 -3.9722 -1.5878 9.25 0.71 3.16 168 292 266 240 185 
12.84 -1.11 -4.50 4.6600 -3.5400 -1.2800 -0.9433 -7.0489 0.7033 5.64 1.81 -7.80 172 272 240 234 167 
5.75 2.90 -11.32 5.7100 1.0000 -3.0600 0.2200 -1.9867 1.4033 1.25 1.23 -9.64 171 275 258 237 168 
-1.20 5.29 -8.94 -0.8400 4.5800 0.3700 -0.2333 -0.1189 0.3922 1.01 0.91 -9.71 173 275 257 240 169 
1.67 2.15 -8.54 0.5700 0.5300 1.0300 -0.1933 0.4389 -0.2167 1.47 1.15 -9.62 168 275 257 237 171 
4.53 4.33 -10.74 0.8600 2.5900 -1.6800 0.4844 5.3444 -0.8233 5.69 1.39 -7.86 169 283 253 255 186 
;
7.48 2.46 -4.14 -2.6800 0.5600 -0.6700 1.2322 6.6156 -0.7678 9.61 1.85 -0.53 168 286 283 264 191 
3.01 1.33 5.51 -3.8300 -0.8100 0.2300 1.1856 4.3078 -0.7289 6.05 3.72 6.75 172 296 289 271 193 
0.90 4.51 9.37 -2.4300 -0.3900 1.5800 0.2233 1.1822 -0.6256 2.80 4.89 8.02 172 298 290 266 195 
1.25 4.77 9.34 -0.8800 0.0800 0.1800 0.1167 -0.2489 -0.0322 2.12 5.12 8.08 173 296 291 270 197 
1.58 5.83 8.67 -0.7200 0.9500 1.7000 0.1222 -0.9611 0.1556 2.71 5.15 7.88 173 294 290 270 198 
6.28 11.72 16.72 3.3200 8.3900 6.8900 -7.8900 0.8744 -1.1467 3.63 -0.67 9.08 158 299 279 266 198 
3.28 -2.03 2.03 1.3700 4.2300 -5.1800 -7.9211 1.0878 -0.1778 1.84 -9.37 2.21 166 290 255 269 198 
0.57 -7.02 -14.27 0.1700 0.5000 -11.6600 1.1567 0.3900 0.5233 1.78 -9.04 -3.34 164 256 252 257 197 
4.12 5.78 19.46 2.4300 8.2800 11.9900 -3.3500 0.5256 0.7589 1.88 -9.24 2.67 167 277 251 245 196 
1.06 -7.40 -0.20 -0.7300 2.5500 -1.5900 -5.6500 -0.2622 -0.1633 1.92 -8.97 -3.44 158 260 239 247 194 
-0.78 -4.95 -16.62 -2.1200 0.2500 -10.9600 2.4744 0.9767 -0.3133 1.43 -7.26 -6.42 161 281 257 257 196 
4.36 0.61 18.59 1.0600 8.5400 12.8700 1.0811 1.2511 -0.4089 2.39 -8.87 3.41 169 288 267 261 197 
1.46 -7.02 -1.70 -0.4100 2.2400 -1.5200 -5.2978 -0.9722 0.6789 1.67 -9.05 -3.36 159 254 247 242 191 
-1.87 -6.53 -7.03 -2.2400 2.4600 -2.1800 2.6522 -3.1211 -0.4767 -0.44 -9.37 -2.85 161 263 252 242 188 
8.84 -0.89 -2.55 4.3200 7.4300 -2.9800 3.4878 -8.8067 -4.3600 6.39 -7.42 -0.48 163 280 257 240 181 
9.40 -2.26 -4.65 4.0800 1.6200 -0.8100 -1.2456 -4.4233 -3.4478 7.10 -2.44 -6.30 170 271 236 230 166 
11.12 -1.34 -9.41 7.0500 -1.0400 -1.4600 -2.1989 -1.9433 -0.0778 3.52 0.79 -9.11 169 282 250 232 166 
6.76 0.25 -12.25 3.4100 0.8700 -1.9100 -0.2522 0.2589 1.4022 1.95 1.16 -9.53 171 282 251 232 168 
-3.29 7.45 -6.74 -2.8800 4.7400 1.4600 -0.6533 -0.6344 -0.0056 1.52 1.49 -9.57 170 279 250 233 169 
3.12 1.83 -9.59 1.6900 0.2500 -0.0600 -0.0933 0.0278 0.0344 1.49 1.65 -9.54 169 274 241 225 171 
4.20 5.77 -9.48 0.0400 3.9200 -0.2900 -0.6689 7.5967 -1.4944 6.03 2.41 -7.34 162 297 265 265 191 
;
