8.95 0.67 3.48 -0.1900 0.0800 0.0200 -0.0256 -0.0533 -0.0078 9.19 0.64 3.34 172 283 256 244 183 
9.17 0.70 3.25 -0.0900 0.0600 0.0000 -0.0289 -0.0989 -0.0044 9.22 0.64 3.25 179 283 256 246 184 
9.20 0.67 3.09 0.0200 0.0200 -0.0400 -0.1200 -0.3700 -0.0578 9.33 0.66 2.92 178 282 254 245 183 
9.38 0.63 2.45 0.1300 0.0000 -0.2300 -0.1244 -0.2267 -0.0767 9.45 0.66 2.51 178 282 258 245 185 
9.69 0.68 2.63 0.1000 -0.0200 0.2700 -0.1922 -0.2067 -0.0189 9.50 0.66 2.32 177 284 254 247 183 
7.52 0.62 0.82 -2.8000 1.0800 0.2700 -1.9456 -7.6767 0.4456 8.98 0.59 -3.87 179 241 224 222 179 
4.05 1.10 -10.42 1.2200 -0.9900 -2.5600 -1.1411 -2.7144 0.4567 2.25 2.28 -9.26 179 257 235 232 173 
5.04 -0.04 -15.31 3.2700 -2.0800 -6.0800 1.8611 0.0944 0.6789 1.82 1.05 -9.57 178 261 243 238 180 
3.43 -0.83 -11.79 0.3100 1.5300 -1.9300 3.6244 3.0533 1.0689 4.49 -4.36 -7.54 181 316 245 262 181 
1.36 -1.61 -2.09 -3.9000 5.6600 1.7600 1.8322 0.6133 0.8711 4.85 -7.71 -3.61 180 328 272 271 181 
3.11 -3.77 -0.21 -1.2200 3.4500 2.0600 -0.5656 0.3056 -0.2456 5.09 -7.85 -2.92 181 319 281 267 184 
5.85 -8.04 -3.66 0.9600 -0.8600 0.1900 -0.6178 -0.0633 -0.6344 5.81 -6.88 -3.86 183 317 272 261 185 
6.25 -5.64 -4.53 -0.4100 0.9200 -0.4900 -0.3133 1.0100 -0.5067 6.55 -6.15 -3.91 181 301 251 239 183 
6.17 -7.30 -3.69 0.3000 -1.0600 -1.3700 -0.9256 4.0156 0.5678 7.69 -6.00 -0.94 177 320 180 189 177 
1.78 -9.11 -0.49 -5.4100 -0.1100 -3.3200 -0.8667 4.1711 1.6056 2.79 -8.52 3.95 181 349 144 162 173 
-1.06 -4.21 2.05 -0.5500 4.6500 -1.7700 0.9678 0.4800 -0.8456 2.44 -8.51 4.21 182 358 153 171 174 
7.32 -5.29 5.63 3.6300 1.3200 -0.1800 2.5978 -0.5067 -1.2356 4.02 -5.95 6.67 182 363 165 178 175 
8.35 -6.78 10.77 2.9100 -3.5400 2.7800 1.0500 -1.4944 1.1000 5.18 -4.21 7.18 178 360 167 180 176 
3.81 -6.32 10.23 -1.1200 -0.9400 3.5800 -0.7444 -0.5700 2.2744 4.51 -5.84 6.44 178 357 170 185 180 
2.44 -6.80 7.85 -1.0200 0.3900 1.7400 -1.6878 1.1478 1.0889 2.40 -7.99 5.14 181 360 171 184 180 
0.60 -6.15 4.32 -1.2000 2.3600 -0.1100 -1.3367 1.0722 -0.2522 1.46 -9.05 3.47 181 361 169 186 179 
0.91 -5.13 2.93 -0.4500 3.7300 0.0400 -0.6078 1.2967 -0.9911 1.79 -9.27 2.64 178 361 171 186 180 
2.96 -5.28 2.40 0.9200 3.6200 -1.2100 0.6122 0.5689 -1.8600 3.48 -8.56 3.26 182 362 167 188 177 
8.80 -5.65 2.63 5.3200 -0.7500 -1.4700 1.2289 -0.4733 -1.6711 5.62 -6.65 4.50 179 360 171 189 177 
7.42 -9.81 7.13 0.7900 -3.7900 2.4900 0.6200 0.1456 0.9567 5.76 -5.99 5.18 179 363 176 188 178 
5.67 -6.43 3.76 0.1700 -0.0500 -1.6300 1.5989 -1.0711 0.4000 5.72 -5.73 5.52 175 353 178 190 179 
6.95 -1.32 2.92 -0.3200 2.3100 -2.1100 4.6678 -3.3322 -0.6700 8.30 -2.69 4.47 166 309 175 186 174 
8.32 1.91 1.03 3.2500 1.7700 -0.7400 2.8478 -0.3133 -1.4711 9.22 1.71 2.83 147 318 178 185 171 
13.84 2.04 4.15 4.0400 0.6700 3.4200 0.5978 -0.0011 0.8633 9.50 1.95 1.42 128 320 177 185 173 
9.40 1.54 5.20 0.4300 0.4000 3.4500 -0.5144 -0.1444 1.4822 9.55 0.07 2.19 129 327 185 186 172 
8.19 -0.55 3.09 -1.3800 0.4400 -0.3300 -0.8711 0.4067 0.6111 9.15 -1.50 3.18 127 337 170 186 174 
5.73 0.61 0.90 -3.0400 2.2300 -1.7300 -1.4278 -1.4267 -1.0078 9.72 -0.88 0.92 119 343 168 185 172 
9.96 1.79 -3.48 -0.2000 1.7600 -2.9000 -0.0689 -0.6411 -1.2100 9.73 0.84 -0.81 118 344 185 186 171 
9.99 2.44 -3.41 2.0900 0.9800 -1.4900 -0.0911 -0.6856 -1.0122 9.20 2.34 -2.43 119 337 176 185 171 
9.84 3.05 -4.49 0.5400 0.0900 -1.1200 0.6933 -1.0144 -0.6200 8.42 3.13 -3.91 121 334 170 188 172 
10.96 3.15 -3.56 3.3600 0.0900 0.8100 0.8956 -0.3911 0.2900 8.10 2.73 -4.78 119 333 189 185 171 
10.94 2.02 -2.83 -0.0700 0.6800 2.6800 0.9589 1.0933 1.9078 8.83 0.02 -4.26 119 338 187 186 175 
5.32 -0.59 -1.77 -3.6700 0.3200 1.3200 -0.3078 0.6533 0.0444 9.23 -0.95 -3.16 121 339 188 186 173 
;
