-3.91 4.52 7.88 0.0600 -0.0200 0.1500 0.0033 -0.0022 0.0022 -3.95 4.53 7.74 178 309 309 362 208 
-3.90 4.48 7.89 0.0600 -0.0500 0.1300 0.0056 -0.0078 0.0033 -3.94 4.53 7.75 177 303 301 357 210 
-1.65 5.28 11.99 -0.1800 2.4500 5.2200 -3.6567 -6.2789 1.8300 1.93 2.08 9.38 173 278 243 231 205 
10.44 -1.52 3.59 2.1500 -1.7900 -1.6600 1.0378 -8.3589 2.3033 9.78 -0.44 0.55 179 281 228 223 195 
10.49 -2.56 -4.50 -0.7900 -0.1600 -2.9100 4.1867 -3.0822 2.8267 7.00 -5.59 -3.96 176 331 298 291 200 
4.19 -2.17 1.07 -3.0500 5.4500 1.8100 0.8833 0.1667 1.7311 5.00 -8.41 -0.55 175 343 319 316 203 
2.89 -4.93 0.40 -1.5000 3.7100 0.9600 -0.1767 0.3200 -0.1378 4.71 -8.59 -0.13 173 338 318 304 204 
3.19 -7.48 -0.50 -1.0700 1.1600 -0.1700 -0.3833 -0.0911 -0.7244 5.38 -8.18 -0.40 171 327 248 246 199 
4.80 -5.75 -3.37 -0.8500 1.3400 -2.4900 -0.1078 0.4822 -1.1811 6.48 -7.19 -1.49 174 322 183 180 181 
9.74 -10.19 -4.83 1.5700 -3.1500 -2.5400 1.9344 -0.5278 0.1278 6.93 -6.90 -0.65 176 328 175 176 175 
6.41 -5.96 4.21 1.2000 2.6700 5.0100 3.4244 0.4078 -0.1878 6.78 -6.56 2.64 176 351 185 184 178 
6.11 -6.51 2.87 0.2400 0.1100 -1.1200 -2.6156 -0.0211 0.3067 6.56 -7.21 1.02 176 330 184 187 179 
4.89 -7.31 -3.51 -1.5300 0.2500 -4.0700 2.1411 0.4800 0.0889 6.07 -7.43 2.00 179 339 193 194 181 
8.64 -5.46 7.43 1.8900 1.5200 4.1300 -1.1989 1.3144 -0.3822 6.37 -6.93 2.72 177 329 204 202 185 
;
