2.81 3.57 8.70 -0.0100 0.0000 0.0000 0.0022 -0.0122 0.0011 2.82 3.54 8.69 181 329 336 360 217 
2.80 3.52 8.67 -0.1100 -0.0300 -0.0600 0.0433 0.0567 0.0056 2.76 3.58 8.70 179 329 338 362 219 
2.76 3.71 8.76 0.0500 0.0000 -0.0100 0.1322 0.1622 -0.0189 2.57 3.72 8.69 180 329 340 365 218 
2.40 3.81 8.59 -0.0900 0.0900 0.2200 0.1689 -0.1900 0.0056 2.67 3.89 8.59 179 331 342 367 218 
4.62 4.01 8.65 0.1700 0.7500 1.0500 -0.3944 -1.5944 0.3144 4.13 3.77 8.05 179 324 295 322 220 
4.30 3.67 8.78 -5.2200 -3.5800 -7.0500 -0.2878 -10.9622 0.1378 9.13 3.32 1.30 159 277 202 206 198 
14.06 2.73 -8.44 5.8100 -0.4300 -3.7900 3.7378 -3.5189 0.5611 6.98 1.86 -6.62 184 309 253 248 205 
9.24 -0.07 -7.17 2.2600 2.4100 -1.3300 4.1267 1.0856 2.4667 7.33 -4.57 -4.62 185 359 335 325 212 
4.32 -2.78 -2.45 -1.6700 5.0900 -0.3100 1.7333 0.9444 1.6144 5.58 -8.02 -0.79 188 368 342 331 213 
2.60 -3.52 0.46 -2.6400 4.1900 0.2600 0.0356 0.7122 -0.8133 5.72 -7.95 0.37 185 359 309 286 209 
6.83 -8.68 -0.48 0.5300 -3.3500 -2.9300 -0.0422 -2.0467 -2.5578 7.66 -6.09 -0.51 178 343 162 173 184 
9.96 -4.54 -3.43 2.5700 2.3900 -3.8600 4.5911 0.5456 -1.6756 8.95 -3.39 2.12 188 347 165 170 185 
9.34 4.14 4.45 0.0600 6.7400 0.4000 1.2600 1.8367 0.0933 8.51 -2.24 4.31 192 374 172 176 188 
8.01 -1.46 2.50 0.2200 1.0300 -2.7800 -1.4256 1.2544 -0.0622 7.35 -3.25 5.60 192 389 184 185 190 
6.31 -4.95 5.30 -0.2800 -1.1800 -0.0800 -1.0444 0.2078 0.0256 6.89 -4.13 5.61 190 398 188 185 191 
5.46 -5.01 7.04 -0.8300 0.1200 1.3100 -0.2211 -0.0533 -0.1889 6.72 -4.38 5.63 192 391 185 190 192 
6.57 0.09 5.15 -1.6800 3.6700 -1.2000 -2.1022 3.0211 -1.1956 6.03 -4.88 5.99 189 328 209 198 200 
0.60 -2.54 -4.36 -2.5800 3.4500 -7.2400 2.0378 6.6267 -5.4411 3.33 -3.87 8.36 187 299 286 278 209 
;
3.14 6.74 16.41 5.4800 6.3600 9.1400 5.5144 0.3444 -2.3567 -0.55 4.35 8.77 189 331 345 365 216 
4.56 4.93 9.93 4.3900 -0.1100 -2.7900 -0.0433 0.3467 -0.0800 -0.13 4.44 8.74 183 329 349 367 217 
2.14 4.54 8.99 1.7200 0.2100 -0.4000 -0.0778 -0.0544 -0.0489 0.33 4.31 8.80 184 325 348 355 217 
-0.10 4.72 10.88 -1.6900 0.3300 2.0800 -0.1433 -4.1100 0.8333 2.48 4.20 8.50 180 303 264 259 222 
12.55 3.67 -5.32 1.6100 1.9200 -3.9800 0.3389 -10.3589 0.2467 8.46 2.53 -4.24 182 291 246 231 199 
7.84 -0.35 -9.89 3.3900 -1.2700 -2.5700 2.6767 -2.7256 0.4200 4.24 -0.72 -8.81 182 310 274 263 209 
5.93 -2.68 -9.08 1.6600 2.1800 -0.9300 4.1289 2.1900 1.3256 5.70 -6.33 -4.83 190 367 345 361 214 
4.57 -3.05 -1.33 -0.9900 5.7300 1.3300 1.1989 1.7667 0.7711 4.90 -8.40 -1.20 189 372 349 371 215 
3.52 -3.74 0.13 -1.5700 4.3500 0.7200 0.1533 0.4689 -0.3256 5.15 -8.33 -0.31 189 370 350 364 214 
4.45 -9.10 -1.36 -1.0000 -0.6500 -1.1600 0.5078 -1.4133 -2.3067 7.09 -6.76 0.02 185 314 178 176 194 
10.82 -2.30 -0.49 2.6300 3.2600 -0.8700 2.5000 1.6011 -0.7233 8.31 -3.60 3.74 187 348 167 175 181 
4.79 4.37 11.83 0.2200 5.6000 5.8400 -1.3389 1.4133 0.6356 7.42 -3.50 5.36 191 372 169 179 180 
8.24 -2.39 4.52 0.7400 0.5700 -2.2900 -1.3622 0.8356 0.1089 6.26 -4.79 5.83 191 391 171 187 184 
4.85 -8.47 4.53 -1.3800 -3.2400 -1.5400 -0.5044 0.8000 0.1289 5.65 -5.63 5.69 192 406 178 189 187 
4.61 -4.33 6.65 -0.7900 1.8400 0.7100 -0.9522 1.2200 -0.0700 5.14 -6.10 5.69 188 372 192 200 197 
0.54 -3.48 -1.48 -3.8600 3.4900 -7.6400 -1.6489 6.8578 -3.6022 3.63 -6.90 5.94 187 316 273 261 209 
-5.81 0.62 7.24 -8.2200 4.7000 3.4700 6.0378 1.7078 -2.5956 0.14 -0.34 9.79 191 346 327 351 207 
-0.14 4.06 13.25 3.5100 5.9100 5.9700 3.7789 1.4956 0.3489 -0.82 4.83 8.49 192 369 354 384 216 
;
