-0.27 3.66 10.40 0.1500 0.2200 0.8600 -0.0589 -2.1811 0.4622 0.64 3.55 9.11 172 292 286 279 209 
7.16 2.20 6.71 0.9400 -0.6700 -1.4200 -0.3956 -7.2378 1.6500 8.14 1.93 5.10 174 268 230 212 199 
7.77 -0.28 0.51 -0.8800 -1.4900 -0.4000 0.5889 -4.5433 0.5278 9.60 -0.04 -1.95 171 276 229 214 196 
12.17 -2.89 -9.04 3.0800 0.1900 -3.2800 3.7356 -0.9367 2.3689 7.54 -4.45 -4.41 168 327 286 279 203 
4.05 -1.26 -1.25 -3.0700 5.9500 2.4700 1.6044 0.1633 1.5522 5.29 -7.87 -2.47 176 334 311 302 204 
3.05 -5.00 -0.64 -1.2800 2.3800 0.9000 -0.0733 0.1122 -0.2711 5.14 -8.11 -1.94 160 328 301 285 203 
5.35 -7.32 -2.54 1.5000 0.7500 -1.1100 -0.4611 5.0800 -1.1233 6.48 -7.32 0.60 173 249 219 212 195 
5.91 -5.94 -1.92 1.1900 3.0300 -7.9000 1.9011 12.4711 4.2722 -2.80 -6.75 6.52 172 192 178 172 187 
-5.42 2.21 0.34 0.1200 4.9900 -4.5700 4.7589 1.7911 3.2400 -8.48 -0.22 4.91 174 189 181 180 191 
-9.33 1.06 6.53 -1.8900 -0.7700 2.2300 1.2578 -0.7956 -0.0311 -7.78 2.40 5.45 173 199 186 184 192 
-10.00 2.20 9.16 -1.8200 0.0600 2.4200 -0.2633 -0.0556 -0.5656 -7.42 1.83 6.14 175 208 190 187 193 
;
-6.54 1.51 5.50 0.6500 0.1500 -1.1700 -0.0200 -0.9111 -0.2411 -7.11 1.14 6.65 172 241 214 208 197 
-5.51 3.39 5.25 -0.5000 2.0400 -3.2500 1.3111 -6.0111 -1.3411 -1.27 2.23 9.46 173 281 247 255 199 
9.87 5.04 4.39 4.3600 1.7200 -2.9200 -0.7978 -4.2500 -2.1144 6.83 3.16 6.27 173 284 249 252 198 
20.02 6.94 -2.88 14.5500 3.3600 -2.1600 -0.6400 -0.6811 -0.7278 8.47 4.68 -1.54 173 283 260 250 199 
8.03 3.21 -5.82 0.5600 -0.9800 -2.5800 1.2033 -3.6378 1.4967 7.94 2.71 -5.06 174 273 242 240 194 
10.93 -0.57 -11.64 5.2500 0.1100 -3.4100 2.5289 -0.6289 1.7044 6.11 -1.21 -7.56 175 280 251 244 192 
4.97 -1.16 -6.78 -1.4200 4.0000 0.7800 3.8578 2.7789 1.5244 6.47 -5.99 -4.28 182 351 302 300 200 
3.11 -2.57 -0.28 -1.9100 3.8900 1.2100 0.7167 0.5122 0.5811 5.71 -7.81 -1.57 184 360 322 320 200 
3.98 -5.88 -0.81 -1.4600 1.6400 0.4400 -0.0522 0.3878 -0.2233 5.59 -7.94 -1.31 183 354 318 312 202 
8.50 -7.98 -2.15 2.5500 -0.6100 -1.7700 -0.9722 5.2689 -1.4400 6.82 -6.85 1.59 177 261 216 233 195 
3.35 -3.45 -4.08 -0.0600 4.1700 -9.9900 1.8911 11.0156 3.1900 -3.58 -5.72 7.10 176 197 178 175 184 
-4.83 3.36 1.10 2.1900 4.7800 -4.6200 3.5956 0.7489 2.4978 -8.08 0.79 5.49 178 181 176 176 182 
-9.03 2.49 8.00 -1.9700 0.2900 2.8100 1.4578 -1.3500 -0.5589 -6.61 2.74 6.69 180 193 179 179 183 
;
-6.53 2.23 8.63 -0.4000 -0.2200 0.9000 -0.0311 -0.1567 -0.3867 -5.94 1.99 7.54 178 201 185 184 182 
-5.61 1.64 7.28 -1.1700 -0.1000 -1.3700 0.1133 -2.4978 -0.6444 -4.30 1.40 8.69 176 247 214 209 190 
-0.80 2.69 2.89 -3.3000 0.6100 -8.7900 -1.1156 -13.0744 -1.2556 8.39 1.13 4.94 177 281 253 251 194 
12.09 0.40 -8.44 5.3900 -1.8500 -5.4900 -0.0189 -5.8989 0.2967 6.40 1.25 -7.31 176 276 239 240 187 
8.53 -1.23 -12.49 2.3100 -1.3800 -3.9000 2.1567 -0.6756 1.4556 4.22 -1.58 -8.70 177 288 247 243 191 
5.28 -3.03 -9.27 -0.0600 1.7700 -0.5600 3.8067 2.8322 1.1811 5.59 -6.10 -5.25 184 354 317 318 199 
2.55 -2.11 -0.25 -3.2800 5.9700 2.1400 0.9211 1.1333 0.6189 5.26 -8.06 -1.83 185 364 324 329 200 
4.28 -5.32 -1.13 -0.8000 2.3300 0.2800 -0.0011 0.1278 0.0633 5.10 -8.24 -1.44 185 359 324 327 201 
6.39 -8.13 -1.39 1.1200 -0.0100 -0.1600 -0.4478 2.5911 -1.0422 5.93 -7.76 -0.79 182 300 245 249 196 
8.19 -6.47 -2.23 0.7700 1.3500 -4.6500 0.8100 10.5067 0.3533 3.33 -7.09 5.88 175 226 206 193 189 
-7.87 -1.80 1.12 1.0300 4.1500 -4.0500 2.5044 2.3478 3.1644 -6.83 -3.60 6.03 175 193 175 176 186 
-11.70 3.30 7.34 -8.0100 0.4300 2.8400 2.4667 -0.5767 1.3444 -7.56 1.90 5.93 178 191 176 177 187 
;
