1.24 7.05 8.18 0.2500 0.7000 0.7400 -0.4256 -1.0800 0.5933 1.54 6.13 7.49 188 312 312 333 224 
2.57 5.42 6.78 0.0000 -0.2800 -0.8000 0.0533 -0.1378 0.1011 2.80 5.79 7.40 189 317 307 329 222 
3.70 5.89 8.29 0.3600 -0.2300 0.0100 -1.4967 -1.2844 0.6989 4.25 4.32 7.70 186 316 254 239 205 
6.18 2.44 6.15 -2.3900 -0.8600 -1.4000 -0.7600 -3.7844 -0.2689 8.22 2.17 4.88 185 291 247 196 172 
10.09 2.39 -3.76 2.3900 0.2900 -4.2800 1.6211 -7.6056 -0.2500 8.69 2.68 -3.66 189 299 263 218 189 
15.79 -1.06 -12.39 5.2500 -2.3700 -5.2500 4.2667 -0.5967 1.5733 5.95 -1.81 -7.57 175 317 293 274 207 
6.78 -1.80 -6.13 0.0100 4.4400 1.6200 3.8156 2.1956 1.4622 6.02 -7.02 -3.23 193 355 317 328 213 
2.79 -1.14 -0.39 -2.9500 7.3100 1.0400 0.3933 0.9900 0.2822 5.07 -8.35 -0.80 194 364 333 336 213 
5.81 -6.51 -0.52 0.7200 1.2700 -0.0100 -0.5733 0.8522 -0.2400 5.35 -8.16 -0.88 195 360 329 321 212 
6.81 -5.61 -0.30 0.9400 2.1000 -0.1400 -1.1211 3.1422 -1.3722 6.54 -7.29 -0.13 186 337 280 250 203 
7.08 -8.59 -0.54 0.8100 -2.8000 -0.1900 0.0411 -1.2400 0.6256 6.31 -7.47 -0.58 188 310 184 185 183 
1.52 -9.50 -2.30 -3.5900 -0.9300 0.2800 1.0600 -1.7756 1.5056 3.07 -9.07 -2.09 189 310 175 173 175 
1.39 -8.21 -1.11 -0.4500 1.3900 0.4700 0.6222 -0.5378 0.5044 1.91 -9.50 -1.47 190 314 177 177 175 
1.53 -9.39 -1.12 -0.4000 -0.2000 -1.2100 0.2267 -0.5356 0.1267 1.49 -9.62 -1.12 188 260 177 181 176 
-0.50 -4.18 0.83 -1.3300 5.1700 -1.7500 5.3122 0.7522 -0.7311 2.13 -7.53 5.89 190 243 180 192 183 
3.74 0.59 18.67 0.5600 5.4600 9.3600 -2.6411 -0.4033 0.7789 2.13 -7.07 6.44 176 254 186 195 185 
-0.75 -5.77 2.87 -3.0800 3.4100 -0.5900 -3.5100 0.0467 -0.3100 1.62 -9.56 1.43 189 263 198 204 194 
0.75 -4.95 -7.97 -2.4000 3.7800 -4.8200 -2.0656 3.2856 -3.8867 5.68 -7.86 -1.42 189 285 264 256 202 
10.26 -2.27 0.77 0.2300 0.3400 -4.5800 2.4444 12.5500 -6.2600 5.18 0.50 8.30 192 326 304 302 211 
5.70 9.94 15.92 2.0900 5.7200 8.9900 2.5000 -1.0133 -1.6622 1.54 6.11 7.50 194 332 325 320 214 
;
5.13 7.13 12.60 0.2000 -1.1200 4.5300 -0.7956 0.3344 -0.1700 0.66 6.17 7.58 193 315 322 314 212 
2.10 6.50 7.84 0.9000 0.3600 0.2200 0.0211 -0.3300 0.1033 1.12 6.18 7.52 191 314 321 309 214 
2.41 7.36 9.63 0.5800 0.6600 2.2400 -0.5300 -4.4689 1.2078 4.25 5.91 6.56 164 317 274 280 216 
6.09 1.62 0.05 -4.4700 -2.5000 -2.2500 -0.1056 -8.5822 1.3889 9.02 2.79 -2.61 183 252 257 240 196 
10.35 3.17 -10.31 4.5400 0.6900 -6.1000 0.4678 -2.7378 0.9178 4.91 1.39 -8.37 192 259 250 240 192 
7.26 -1.15 -12.63 1.2500 1.6200 -1.6700 4.9467 2.9744 1.4444 5.28 -5.08 -6.50 191 327 318 307 212 
2.32 -2.91 -2.03 -2.2800 4.8300 0.2200 1.9600 0.5722 1.0367 5.10 -8.21 -1.62 195 364 330 326 212 
0.65 -1.35 0.66 -3.7000 6.4800 1.0000 -0.5789 -0.1844 -0.2122 5.17 -8.31 -0.58 190 363 325 314 211 
5.48 -4.40 -0.32 0.2300 3.3000 0.9200 -1.5967 -0.7656 0.0056 5.22 -7.90 -2.52 191 346 275 221 190 
6.23 -13.38 -7.14 1.1100 -5.7800 -2.4500 -1.1933 -1.0356 1.3789 3.47 -7.57 -5.17 190 287 178 185 170 
0.93 -8.98 -6.56 -1.2600 0.2500 -1.6500 1.8567 0.0022 0.5789 2.41 -8.64 -3.94 190 242 168 177 161 
-2.56 -3.77 -9.43 -6.0600 8.1100 -5.9800 8.1856 0.7389 -1.5756 3.36 -8.14 4.29 192 255 180 184 166 
3.91 0.23 16.77 0.1200 1.7900 2.9200 -4.3100 -1.1844 1.8922 3.28 -8.19 4.25 193 257 187 190 171 
-1.06 -6.59 3.73 -4.7400 2.7700 1.4200 -3.6178 -1.1311 0.3000 2.70 -9.42 0.00 190 265 193 197 177 
2.42 -4.20 -5.10 -1.1600 4.3300 -2.3000 -2.1367 3.4589 -3.5811 6.00 -7.15 -2.99 131 276 234 245 195 
6.90 -1.09 -0.93 -2.7200 1.0300 -1.3800 1.7533 7.3089 -7.3922 8.46 1.65 4.66 191 293 284 293 207 
4.87 8.18 11.92 4.1200 2.9500 4.6500 0.8644 3.4278 -2.4478 3.16 6.51 6.61 198 293 301 320 211 
;
