-0.24 6.68 7.43 -0.2300 0.1000 0.0500 -0.1700 -0.5289 -0.0522 0.42 6.50 7.32 185 323 300 313 217 
1.13 6.17 7.42 0.1700 0.2400 -0.0100 -0.5944 -0.6378 -0.1356 1.38 5.81 7.77 183 315 297 294 218 
1.68 6.20 8.98 -0.9100 0.9600 0.6900 -1.7267 -2.9556 0.3278 3.84 4.01 8.07 183 311 295 250 208 
4.68 1.11 -1.06 -0.5700 -1.3400 -5.2500 0.9678 -10.8278 1.3111 9.07 2.26 -2.93 187 280 232 226 193 
6.54 2.05 -7.04 0.0400 -0.2800 0.2300 -0.4533 -1.3856 0.2978 5.29 1.81 -8.05 186 277 226 232 190 
5.72 1.51 -10.20 2.4700 -0.4300 -1.3300 0.4222 -0.7944 0.2600 3.69 1.42 -8.96 188 281 233 233 190 
6.72 -1.57 -17.42 3.3800 -0.3900 -5.7100 3.9578 3.8944 1.0789 4.71 -2.56 -8.20 192 343 316 302 204 
5.61 -3.55 -7.72 0.0100 4.2700 -2.4000 3.9633 2.1300 2.3733 4.99 -8.11 -2.29 193 374 343 357 211 
-0.54 0.53 0.80 -3.5500 9.0000 0.4900 0.3456 1.1411 -0.4456 4.42 -8.71 0.77 191 371 345 356 210 
7.19 -7.27 1.26 2.9400 0.6400 0.6100 -1.0611 1.6011 -0.4089 5.15 -8.24 1.28 190 333 313 300 209 
11.67 -7.14 -0.55 4.7600 1.6500 -2.5200 -4.7189 8.2667 2.7700 2.76 -9.40 0.18 188 284 279 281 208 
-0.79 -9.60 -17.52 -2.0300 0.3400 -17.7000 2.8656 -0.3189 1.5444 0.14 -9.75 -1.03 187 305 312 313 210 
0.27 6.80 7.95 -0.3200 14.1800 4.7600 7.6400 0.1444 -0.1267 0.08 -4.28 8.82 190 341 321 317 211 
0.22 -1.25 20.98 -0.3500 2.1300 9.4100 -4.0844 0.2589 -0.9756 0.72 -5.28 8.22 190 341 320 313 212 
2.27 -4.04 -1.38 1.1800 4.6800 -5.9600 -4.6133 -0.6289 -0.4356 1.57 -9.53 1.64 188 316 309 310 211 
1.89 -9.51 -7.88 0.2200 0.8600 -7.9000 4.0622 -0.1344 0.1278 1.49 -9.24 2.89 188 303 312 306 211 
4.06 0.58 12.17 1.5900 6.2100 9.9100 3.5856 1.2189 -0.0778 1.78 -4.71 8.40 187 316 314 306 211 
1.73 -2.26 14.34 -0.4300 2.2900 4.3900 -2.7722 0.8744 -0.7956 2.04 -5.57 7.80 188 321 316 300 211 
1.57 -3.26 2.09 -1.1800 4.6900 -3.5900 -3.9600 -0.8978 -1.6567 3.81 -8.48 3.10 187 305 302 288 209 
5.04 -4.19 -2.88 -0.4700 3.4800 -5.1500 2.0700 1.8111 -2.8500 6.47 -6.33 3.75 187 308 304 297 211 
3.54 0.62 9.05 -2.1100 2.9600 1.9300 4.7622 3.6933 -2.3544 4.15 0.33 8.87 189 322 321 322 211 
;
