-0.02 5.65 8.30 -0.3000 -0.0600 0.1000 -0.1200 -0.1489 -0.0744 0.01 5.43 8.15 187 321 313 312 221 
-0.53 5.29 8.76 -0.5900 -0.1000 0.5200 -0.3767 -1.1844 0.2600 0.92 5.05 8.35 185 321 316 298 220 
1.61 4.32 8.27 -2.5600 -0.7000 -1.2500 -1.3089 -8.0733 1.0367 7.58 3.34 5.23 179 273 207 235 212 
13.16 5.47 -7.06 5.3000 2.3600 -3.5600 0.5011 -6.3822 0.3078 6.69 3.60 -6.19 190 289 216 239 206 
10.81 0.09 -13.49 6.0900 -0.9200 -4.5300 3.8644 -1.7000 1.8889 3.71 -1.01 -9.02 190 282 250 240 208 
5.07 -4.73 -9.16 0.9800 0.9300 -1.5900 5.1978 2.8356 1.3811 5.05 -7.16 -4.40 192 356 331 350 214 
0.53 -0.39 -0.66 -2.4600 8.3000 1.6100 0.4356 0.6667 0.3344 4.43 -8.66 -1.19 193 361 343 357 214 
4.00 -5.33 -0.37 -1.0000 3.1800 0.3500 -0.6156 0.4244 -0.7100 5.15 -8.25 -1.17 193 356 335 340 215 
4.26 -2.47 -1.57 -3.1800 2.8100 -1.4900 -0.7678 1.8178 -3.9456 8.60 -4.70 -0.29 190 288 263 260 209 
9.51 0.91 -9.26 -1.4200 2.8600 -6.3700 3.6978 0.2167 -2.9211 9.55 1.78 1.31 187 156 170 173 176 
15.66 4.81 12.07 3.9000 2.5400 10.4100 -0.7411 0.2456 0.9211 9.51 2.05 1.16 190 158 172 177 180 
8.99 3.11 0.73 -0.3900 1.4000 -0.6600 0.0078 0.3578 -0.0656 9.52 1.71 1.59 192 163 178 180 180 
8.64 4.17 3.04 -1.0700 2.8200 1.5000 -1.4044 1.7678 -0.1667 9.19 1.50 3.06 188 230 240 225 198 
-1.48 -1.77 -0.17 -4.8800 -1.4400 -9.0700 1.7000 6.6500 -3.3733 -2.64 1.94 9.24 190 311 328 343 211 
;
-4.28 11.79 12.97 -3.4500 0.6100 11.6500 -3.3122 -1.8922 0.8089 -2.18 4.50 8.42 187 318 338 352 217 
-3.27 5.07 7.27 -1.2800 1.1900 0.8400 -0.2622 -0.2000 -0.1533 -2.22 4.52 8.41 186 307 323 338 216 
-1.89 4.13 8.74 -0.1000 -0.2900 0.3200 0.0944 0.0589 -0.0156 -1.93 4.50 8.49 186 307 330 342 218 
-3.97 4.43 11.50 0.7100 -0.1300 3.4800 0.3978 -8.5589 3.2189 3.74 4.63 7.78 191 306 305 279 218 
10.98 -0.84 -3.92 2.0700 -1.2200 -0.8300 1.2556 -6.2056 2.8333 7.32 -1.06 -6.43 189 290 270 279 201 
9.11 -2.91 -9.14 2.5300 -0.5800 -1.1600 2.0556 -1.5556 1.6656 3.81 -4.82 -7.63 188 307 289 290 203 
5.67 -4.38 -4.68 -0.2800 2.7000 0.0400 3.2067 2.1367 1.0989 3.93 -8.33 -3.35 193 367 349 364 212 
2.47 -1.52 -1.56 -1.6400 7.1300 0.6700 0.2900 0.9867 -0.2678 4.07 -8.84 -1.17 197 369 351 368 211 
3.81 -5.55 -0.26 -0.0900 3.2000 0.5500 -0.2078 0.7822 -0.8400 4.84 -8.48 -0.81 197 357 343 334 211 
2.90 -3.42 -2.52 -3.0000 5.6100 -2.8500 0.9922 1.1222 -3.2244 7.63 -6.10 0.79 193 241 195 220 200 
9.13 1.95 0.41 -1.2100 4.1000 -0.9500 2.3667 1.6322 -3.6256 9.42 0.17 2.69 190 168 164 175 171 
21.64 4.96 2.68 12.9300 2.3800 2.4300 0.1600 -1.3844 -0.2244 9.48 2.49 -0.18 193 167 174 178 171 
9.01 3.11 0.91 -0.8600 1.0600 0.9400 -0.3922 -0.3411 0.5344 9.64 1.74 -0.21 193 167 175 181 173 
8.36 3.49 0.61 -1.4400 2.4200 0.9500 -1.3456 0.3978 0.5356 9.74 1.07 0.18 194 211 211 196 194 
;
