-0.28 4.92 8.60 -0.0200 0.4400 0.1900 0.2644 0.0300 0.0400 -0.23 4.75 8.57 175 268 300 292 200 
-0.44 4.62 9.02 -0.0200 0.0300 0.2800 -0.4900 -0.0644 0.0478 -0.26 4.29 8.81 174 264 291 281 199 
1.00 4.16 9.45 0.2000 0.1100 -0.4900 -1.6411 -3.0189 0.4444 2.36 2.37 9.21 169 266 235 224 187 
8.31 1.53 3.04 2.9700 -0.6700 -1.9600 1.4267 -9.2689 -0.2511 9.34 2.73 1.17 172 276 231 218 176 
16.19 0.46 -7.80 9.7300 0.3800 -2.8000 3.3833 -3.0244 3.0856 7.80 -1.51 -5.74 175 306 261 273 190 
7.22 -2.31 -3.87 -0.4200 3.6300 0.9200 2.2933 0.7111 2.9078 5.76 -7.10 -3.54 174 329 292 292 196 
1.86 -0.95 -2.23 -2.6900 7.1100 0.6500 0.3733 -0.1211 0.0767 4.39 -8.32 -2.74 173 308 283 271 192 
4.36 -2.33 -1.80 -0.5800 4.9200 -0.4600 -1.6944 6.5100 -0.8422 5.89 -7.78 -0.89 171 270 270 251 190 
4.20 -10.13 0.61 -3.5500 -4.2800 -1.5800 0.6300 9.5289 -0.8289 1.68 -7.28 6.34 171 272 275 255 192 
3.61 -13.41 11.39 -1.1600 -5.7100 3.8000 -3.1489 1.9311 0.4144 1.30 -8.24 5.14 169 275 275 253 192 
0.64 -7.06 -1.58 -0.0700 3.5500 -3.4900 -3.3722 0.2211 0.4400 -0.06 -9.78 -0.61 168 259 256 244 193 
1.49 -6.41 -0.27 0.7000 2.6400 0.6500 0.4756 0.1956 -0.4367 0.66 -9.77 -0.42 169 265 257 246 193 
0.95 -8.51 1.39 0.7400 0.9800 1.3500 -1.6244 0.8067 -0.2311 0.95 -9.70 -1.03 165 275 260 257 194 
0.41 -10.41 -12.38 -0.1900 -3.1700 -9.3500 2.7511 1.0344 -0.3189 1.28 -8.42 -4.84 161 258 251 256 195 
4.64 -0.15 15.13 0.1900 8.9200 12.4500 -0.9233 1.1344 0.0122 2.16 -8.49 4.39 173 274 268 257 197 
1.66 -6.49 -2.36 0.6400 2.0900 -2.7400 -7.7011 -1.9011 0.1189 1.94 -8.36 -4.73 159 247 243 248 194 
-0.23 -6.94 -13.70 0.0400 -2.2800 -7.9400 7.3156 0.6456 0.5400 0.99 -8.94 -3.88 163 261 271 265 197 
6.16 -2.38 8.72 1.6400 5.9800 5.4400 -0.6056 1.7211 0.5500 1.66 -8.86 3.84 168 283 288 268 197 
3.41 -5.53 -1.44 1.7200 4.0800 -4.0800 0.3556 -1.9122 1.4200 0.82 -9.46 2.42 164 274 262 252 194 
0.12 -0.66 4.90 -0.8400 6.8400 -1.4000 6.8789 -2.6633 -1.2867 2.66 -4.26 8.42 168 290 282 269 194 
3.95 3.04 16.30 -4.2200 1.5200 6.4100 3.1189 1.9356 -0.6433 2.01 2.13 9.35 169 293 290 275 196 
;
2.37 5.62 16.77 2.0600 0.6300 8.2600 -0.5700 0.1944 -0.0767 1.19 3.93 8.90 163 291 286 267 202 
5.42 3.67 7.53 0.2300 0.2400 -0.9000 -1.1800 -9.6756 0.1789 8.37 2.95 4.16 174 276 245 227 176 
13.18 0.94 -3.52 4.4700 -0.7300 -0.3200 0.8889 -3.9200 1.9344 8.24 0.89 -5.23 176 279 249 236 174 
12.69 -1.52 -10.16 4.2400 0.4400 -3.3600 3.3233 2.2411 2.5222 6.81 -4.39 -5.50 170 330 288 295 194 
3.81 -3.95 -3.50 -1.9300 4.1700 -0.5800 1.7122 0.4289 2.0900 4.78 -8.32 -1.97 179 342 303 315 197 
0.36 -2.27 -0.54 -1.6700 6.9500 0.6700 -0.1111 -0.4600 0.3611 3.30 -9.16 -1.14 178 331 309 300 196 
2.83 -5.85 -0.44 0.7900 2.8600 0.3800 -1.0278 0.4867 -0.4500 3.75 -8.89 -1.69 173 272 266 242 185 
9.50 -7.93 -4.25 3.9900 -0.4300 -2.1400 -3.0989 9.1633 1.9622 3.76 -8.97 -1.19 163 269 259 240 188 
1.80 -11.07 -1.89 -2.0100 -1.2400 -0.9600 -2.0711 3.7689 2.3567 0.67 -9.56 -2.05 165 263 253 237 190 
-4.12 -6.94 -13.04 -4.2800 -0.1200 -11.0400 1.1944 1.6444 0.1889 0.32 -8.82 -4.26 165 248 251 241 192 
4.61 -0.09 12.34 2.0300 9.6300 12.4200 0.1578 1.7900 -0.3733 2.33 -8.86 3.48 171 275 278 260 195 
3.65 -7.23 -2.37 0.5700 1.8600 -2.9500 -6.0111 -2.0200 0.5078 2.01 -8.65 -4.14 160 247 246 247 193 
-2.15 -6.77 -14.65 -2.6100 -0.0500 -7.8000 5.0133 0.9144 -0.4689 1.45 -8.67 -4.33 163 260 268 261 195 
4.49 -1.47 12.18 0.4200 7.8400 9.0300 -2.8622 0.1622 0.5178 2.57 -9.26 1.94 167 280 282 259 195 
2.02 -7.25 -3.36 -0.5300 2.4500 -2.8600 -3.2956 -2.9700 1.6044 0.66 -9.16 -3.43 155 250 242 237 190 
-2.24 -4.58 -7.61 -2.3600 6.8600 -4.2300 6.2344 -1.8589 -3.6978 1.98 -9.58 0.63 163 284 268 264 194 
4.86 -2.12 7.65 2.0400 4.1900 2.3800 6.6889 1.6467 -1.1378 3.59 -3.49 8.43 171 308 275 302 198 
3.53 1.92 13.54 -0.1700 0.3700 4.4200 2.6144 1.2689 1.0833 2.61 2.09 9.21 174 331 319 321 198 
3.05 2.93 11.97 0.0000 0.4300 2.9100 0.2756 1.1233 0.1889 2.37 2.64 9.14 174 332 308 308 199 
;
