0.02 6.37 7.72 -0.3400 0.0000 0.3300 -0.0200 -0.2333 0.1100 0.54 6.29 7.49 189 321 330 352 224 
2.70 5.07 7.48 -0.3300 -0.3300 -1.4500 -1.5067 -3.9456 0.8589 5.07 4.10 7.31 189 313 297 302 221 
4.22 3.23 7.26 -2.1500 -0.5600 0.2500 -0.2778 -3.0600 0.1344 7.08 3.35 5.89 184 286 246 244 210 
6.38 4.44 -7.82 2.3800 0.6600 -4.9100 0.1578 -8.5678 -0.0844 6.09 3.41 -6.88 189 286 245 237 192 
11.16 0.69 -16.18 7.2700 -2.8600 -9.1400 3.0678 -1.3922 1.1756 3.00 0.73 -9.30 191 297 255 248 194 
3.13 -1.20 -11.16 -0.8600 3.6200 -4.7700 6.7467 1.6500 1.3033 4.05 -7.03 -5.49 196 376 348 381 213 
0.82 -1.64 -0.56 -3.0200 7.3300 0.5900 1.1044 0.8256 0.4144 3.82 -8.98 -0.90 197 380 338 392 215 
3.03 -3.50 0.56 -1.1500 4.8200 0.6700 -0.2089 1.5589 -1.4878 4.99 -8.43 0.16 193 370 331 303 210 
4.98 -4.09 -1.55 -2.4500 2.4600 -4.7800 1.3278 4.1622 -2.5344 6.65 -6.01 3.95 191 329 181 184 188 
3.73 -2.07 5.62 -1.4100 0.9900 -0.3300 4.1300 3.3756 -0.7878 2.66 -1.12 9.37 183 360 169 171 181 
3.14 2.26 17.29 -0.9700 0.8000 6.8300 -0.3233 -0.5656 0.3100 3.44 1.09 9.11 178 364 175 173 182 
0.73 -0.14 11.92 -3.0600 -0.3000 2.0700 -1.6411 -0.5156 0.1367 3.84 -0.69 8.99 179 366 181 177 183 
-0.97 0.11 2.35 -6.2800 1.4600 -7.1200 0.4133 -0.6456 -2.3833 5.13 -0.55 8.33 181 367 184 170 187 
10.87 7.08 4.01 5.9000 4.9300 -2.7300 1.2267 -2.1089 -1.1878 6.79 2.67 6.55 182 358 185 187 187 
11.98 5.25 7.83 3.4600 1.3200 3.1000 1.3589 0.3922 0.6156 7.40 3.70 5.25 180 343 185 187 187 
9.92 3.70 11.35 1.2000 0.9500 5.6700 -0.8278 0.9789 1.9389 7.78 1.86 5.65 179 340 186 189 188 
3.37 1.12 4.87 -4.2500 2.0000 -1.8800 -2.1256 0.1589 1.0700 7.23 -2.00 6.31 180 324 190 195 193 
2.66 1.47 1.59 -3.2400 3.6400 -5.6800 -1.1444 4.5656 -3.2600 5.03 -1.54 8.27 182 311 282 292 207 
-2.75 6.14 9.75 -0.8000 5.3800 2.4200 4.9211 1.2411 -1.9133 -1.22 4.39 8.67 190 325 337 361 214 
;
-2.98 1.48 12.53 -2.3500 -3.2300 6.6700 0.1267 -1.7800 -0.3056 -0.24 5.20 8.30 188 328 333 363 221 
-0.87 7.30 10.17 -1.4400 2.3000 2.2300 -2.4811 -6.8111 1.6556 4.30 4.05 7.82 184 287 278 258 214 
10.21 3.76 -6.37 -3.2100 -0.2800 -0.8400 -0.1922 -8.8022 -1.3889 6.75 2.78 -6.53 190 282 248 253 198 
11.00 1.87 -13.25 4.7700 -1.7200 -6.3000 2.1322 -1.3867 0.6944 3.31 0.92 -9.18 191 291 267 267 199 
6.96 -2.58 -12.24 1.1100 1.7200 -3.6300 4.8200 2.5611 1.6456 4.93 -5.89 -6.08 195 356 346 348 213 
2.89 -3.09 -2.62 -1.6300 5.0300 0.5000 1.9256 1.1756 1.0211 4.30 -8.65 -1.66 195 378 349 363 215 
3.51 -2.91 -0.75 -0.9900 5.7200 0.2300 0.1056 0.9067 -0.3111 4.41 -8.73 -0.64 193 378 347 342 215 
4.83 -3.57 -1.19 0.0800 5.1900 -0.7400 -0.4244 3.0444 -1.6300 5.67 -7.99 0.13 190 338 235 227 206 
2.80 -5.67 -0.39 -2.4800 0.6500 -5.1200 2.8278 5.0500 -1.5467 4.72 -5.33 6.74 189 361 190 187 193 
4.80 -1.61 15.64 2.2200 0.4700 9.7200 1.8522 -1.3567 -0.0278 4.72 -0.60 8.57 190 370 205 191 196 
3.37 -1.51 13.49 -1.5400 -0.7600 3.3600 -1.3356 0.4811 0.9433 4.15 -1.81 8.69 190 373 214 194 198 
-0.21 -0.46 4.07 -4.2700 3.0800 -4.6800 -0.3733 0.5378 -1.9456 4.64 -2.81 8.16 189 374 213 195 200 
8.43 5.50 4.31 4.2700 6.3800 -2.9000 3.1244 -0.3189 -2.3156 5.32 1.55 8.08 191 372 215 197 202 
11.59 6.51 11.14 6.5500 2.9200 4.1400 1.5044 0.5122 1.3000 5.45 3.63 7.29 191 373 220 201 202 
5.77 3.17 13.18 -1.7000 0.4400 5.6700 -1.5833 -0.1667 1.9100 6.34 1.13 7.38 192 369 220 201 201 
3.42 0.62 4.85 -2.4500 2.3000 -3.1800 -1.7778 0.5244 0.9911 5.85 -2.63 7.41 191 372 217 202 200 
4.39 -0.53 5.11 -1.5000 2.2900 -1.8400 0.3289 -0.2889 -0.5422 5.83 -2.52 7.46 192 360 225 214 200 
0.00 -0.09 4.75 -5.0700 2.0600 -3.1000 0.0500 2.6289 -3.3167 3.45 -0.33 9.17 192 331 317 337 212 
-2.98 6.82 12.34 0.2100 2.6000 2.1800 3.8111 0.3067 -1.4478 -0.81 5.90 7.78 194 346 335 370 219 
-0.51 3.69 6.24 0.6000 -1.5900 -2.0200 0.6533 0.0722 0.0444 -0.17 5.71 7.97 189 335 335 378 221 
;
