0.09 6.22 7.62 -0.0700 0.0700 0.0000 -0.0033 0.0111 -0.0122 0.16 6.15 7.63 191 319 342 371 225 
0.01 6.11 7.57 -0.1500 -0.0600 -0.0300 -0.0144 -0.0222 0.0156 0.17 6.15 7.63 192 319 342 371 224 
0.08 6.21 7.58 -0.0200 0.1500 0.0500 -0.0078 0.0011 -0.0067 0.18 6.14 7.64 190 319 339 368 225 
-0.16 6.35 8.14 -1.1500 0.1700 1.1400 -1.1767 -1.5178 0.1678 0.76 5.73 7.91 177 307 317 302 225 
-0.83 3.86 7.03 -3.5800 -1.9100 -3.5100 -0.8489 -10.4433 -0.6900 8.16 3.53 4.12 182 280 246 222 207 
18.13 5.72 -12.88 10.6100 1.3200 -6.9600 2.0033 -4.0833 1.4867 5.14 2.67 -7.90 187 284 251 242 206 
8.12 2.73 -9.45 2.7600 2.5700 -3.1000 4.4789 2.6644 1.9711 5.41 -4.07 -7.09 166 338 331 336 216 
1.30 -0.50 -1.82 -3.9000 6.6700 2.9000 1.7500 0.6311 0.8556 4.93 -7.79 -3.32 190 353 345 349 218 
3.82 -3.88 -0.78 -0.4400 2.8700 1.4200 -0.5211 1.3322 -1.0822 5.84 -7.49 -2.41 191 340 269 249 213 
11.30 -10.32 -4.35 1.8300 -4.0600 -3.5500 3.5789 4.4567 -2.2022 7.81 -5.42 2.38 203 278 195 209 216 
6.07 -0.73 6.92 -0.7900 2.6200 -0.0600 1.6256 1.9989 0.2744 5.83 -1.38 7.76 196 257 190 199 213 
2.04 3.38 7.18 -3.2400 3.3500 -1.3700 0.0044 0.7078 -0.3333 4.31 -0.33 8.79 191 235 190 204 213 
5.88 2.20 7.67 2.3600 3.1700 -0.9700 -1.1967 0.9967 -1.4478 3.57 -1.16 9.05 179 207 182 199 206 
4.34 -5.36 7.25 0.5200 -3.6900 -1.2900 -0.7278 -0.0889 -0.8044 4.20 -2.18 8.58 181 219 186 202 207 
2.88 -1.18 7.69 -2.1700 0.9400 -1.7900 0.0678 -0.0178 -0.6089 4.12 -1.74 8.72 190 319 230 230 219 
-0.11 -1.76 0.04 -0.7100 1.8700 -7.5300 1.1667 1.5778 -2.3867 1.49 -1.47 9.57 201 321 319 314 230 
-1.84 1.98 10.41 0.2000 3.2900 4.5700 4.1967 -1.2411 -1.6144 0.42 2.58 9.45 212 340 350 364 236 
;
-2.38 3.46 10.77 -1.9200 -0.3300 1.9300 1.8600 -1.1489 -1.3711 0.21 4.82 8.53 213 332 351 374 241 
-1.26 3.88 8.50 -1.1400 -0.3000 -0.2900 0.0733 -0.4422 -0.1878 0.11 4.33 8.79 212 325 346 373 241 
-0.11 4.27 9.65 -0.6800 0.0900 2.1600 0.1089 -3.0533 0.2689 1.80 4.42 8.56 204 332 330 334 241 
9.97 -0.48 -2.48 4.5900 -2.7000 -4.8800 0.8978 -13.2244 1.9322 8.81 2.87 -3.19 199 282 232 279 219 
12.09 0.02 -11.45 4.0000 -0.0300 -3.5100 3.1100 -2.6956 1.7622 4.41 -2.14 -8.49 202 319 295 290 222 
5.92 -3.11 -6.55 0.4000 3.1900 -1.4400 4.1233 2.0244 1.5411 4.57 -7.54 -4.27 215 385 366 382 234 
2.05 -2.17 -0.30 -2.1100 5.7900 2.1800 0.5244 0.9300 0.1833 4.28 -8.62 -1.82 214 380 366 376 229 
5.89 -7.40 -1.84 0.1100 -0.0200 -2.0000 1.5800 2.4411 -0.9356 5.93 -7.80 0.13 190 293 245 235 215 
7.79 -5.56 2.33 1.1400 0.8400 -1.9200 3.3844 3.7844 -1.1289 6.00 -4.39 6.38 181 241 213 211 209 
3.54 1.32 7.92 -2.8000 3.8000 0.1600 1.8178 1.0622 -0.3222 4.47 -0.99 8.67 181 225 199 196 209 
3.69 4.34 7.81 2.4400 3.5600 -2.0200 -0.8400 0.5322 -1.5800 3.55 -0.66 9.11 175 205 187 190 199 
2.54 -3.82 8.26 -1.3600 -3.2400 -1.3600 -1.2400 0.0867 -1.3956 3.52 -1.60 9.00 177 208 187 189 199 
4.20 -3.60 8.94 0.5000 -1.3800 0.2300 -0.0022 0.3033 -0.6411 3.75 -1.54 8.92 183 237 208 202 207 
-1.38 -3.08 2.44 -4.3200 -0.7100 -7.7700 -1.6467 0.3400 -1.4500 3.07 -2.74 8.89 191 295 291 288 223 
4.40 0.61 4.04 1.7800 2.1400 -0.5300 2.4111 1.8322 -2.6233 2.02 0.32 9.59 204 323 343 355 228 
;
