0.53 3.73 9.22 0.1800 0.2000 0.3900 -0.4078 -0.2878 0.2467 0.47 3.30 9.21 172 322 258 259 205 
0.85 3.01 9.25 0.3600 -0.0100 0.1000 -0.2400 -0.2100 0.2178 0.84 2.89 9.33 173 324 223 230 204 
4.41 4.68 11.19 4.2000 2.6900 1.6600 -0.8589 -0.8478 2.7033 1.73 1.58 9.52 174 345 173 178 191 
-0.83 2.08 5.70 -3.1200 0.9900 -3.1000 0.5111 0.6267 2.9756 1.50 0.83 9.65 175 352 166 171 181 
-0.66 0.60 16.24 -2.6300 0.4900 5.5400 -2.2211 1.2044 1.0844 1.04 -0.90 9.70 174 363 173 178 182 
-3.81 -0.67 5.58 -5.0200 3.1800 -5.0800 -1.7589 1.3211 -2.2189 0.44 -4.46 8.72 172 361 174 181 183 
0.27 1.59 1.69 -1.8200 5.4500 -7.6700 1.5333 -2.1744 -3.4544 3.93 -2.25 8.69 176 356 174 181 185 
10.51 4.72 9.01 7.7800 3.7800 0.6900 3.4556 -0.8100 -0.6111 4.01 2.72 8.52 174 353 181 187 185 
7.07 4.59 15.09 1.9700 1.4800 6.9400 0.1511 -0.4244 3.0067 5.12 2.48 7.98 175 346 186 190 186 
2.42 1.18 10.27 -2.0100 1.2400 1.9900 -2.5478 0.5756 1.6611 5.42 -1.37 8.05 173 224 195 226 189 
3.34 -2.51 5.74 -2.7100 1.5200 -1.5900 -3.0889 -1.9489 1.1000 5.67 -5.98 5.29 130 189 208 244 189 
6.80 -4.32 1.04 0.3400 1.4000 -3.0000 -0.4078 -1.9278 -0.1422 6.59 -6.52 3.18 93 172 197 197 168 
6.88 -7.39 3.34 0.6900 -1.2400 0.2200 0.5900 -0.5989 -0.3956 7.00 -6.08 3.15 103 161 183 186 162 
8.57 -6.59 0.94 0.7300 -0.0600 -3.8500 1.0133 -0.4044 0.2978 6.97 -5.94 3.49 108 160 180 183 163 
5.72 0.44 -1.50 0.8400 8.2500 -2.3200 5.4467 0.1656 -0.0078 7.13 -3.07 5.97 112 157 171 177 153 
15.73 -2.21 11.56 4.7300 5.1900 5.7100 0.3811 -0.4900 0.1178 8.61 -0.81 4.62 114 152 174 179 152 
8.80 3.14 4.44 -0.2500 4.8900 -0.3300 -3.7144 0.2456 0.0578 8.65 -2.84 3.61 115 156 176 182 154 
9.00 -3.42 -5.19 0.8200 -0.4300 -9.6000 0.0100 0.8567 -0.3078 8.43 -3.37 3.69 116 151 177 177 154 
9.05 -2.20 3.44 1.2100 0.0700 1.3200 2.8522 0.5422 0.0333 8.76 -1.32 4.18 118 155 174 180 146 
;
