2.15 2.99 9.10 0.0900 -0.0300 0.0200 0.0033 -0.0078 0.0044 2.01 3.01 9.11 203 323 324 335 235 
2.20 2.81 9.53 0.0900 -0.2600 0.4900 0.3411 -0.2811 0.1300 2.19 3.21 9.00 205 331 320 335 237 
3.40 3.62 9.93 0.5800 0.3800 1.2900 -0.1200 -0.7989 0.5067 3.18 3.14 8.72 202 341 305 309 232 
6.19 2.72 10.28 1.5700 0.1500 0.8800 -0.5867 -1.6767 2.0267 5.48 1.64 7.95 200 366 205 207 198 
4.47 1.62 3.36 -2.7600 1.1000 -3.6100 1.4311 0.2533 1.6611 5.91 0.34 7.81 195 370 193 199 193 
6.65 0.21 12.48 1.4600 -0.5500 6.0300 0.4100 -0.3822 1.5300 6.49 0.42 7.33 197 372 203 206 194 
0.63 -0.78 7.70 -4.9000 0.6300 -0.4600 -1.5989 0.2622 0.1578 5.67 -2.21 7.68 197 373 200 208 196 
2.07 1.57 3.07 -2.9900 3.9800 -4.6300 -0.4833 -1.6389 -1.9711 6.53 -1.79 7.09 197 351 201 208 196 
9.17 3.08 2.71 3.6400 2.8800 -3.4000 1.1167 -1.4289 -1.7233 7.77 1.05 5.88 199 344 203 212 198 
11.82 1.49 5.01 3.9000 -0.9100 0.1000 0.9989 0.2311 -0.6811 8.05 2.87 4.80 196 345 205 214 201 
10.69 3.05 7.37 2.7400 -0.1600 2.7600 0.5156 0.5278 1.1733 8.04 2.79 4.86 200 351 209 216 202 
7.79 2.00 7.79 -0.2500 0.7500 2.1600 -1.3911 -0.4944 2.3433 8.27 -0.30 5.24 200 352 210 220 202 
4.61 -1.14 2.69 -3.6700 1.6200 -1.6700 -1.3289 -0.2278 1.0800 8.22 -3.57 3.95 199 345 213 225 204 
6.03 -2.58 2.85 -1.4100 1.2800 -1.1600 0.2689 1.3100 -1.5056 8.00 -2.88 4.87 199 319 239 257 211 
3.55 -0.66 5.94 -1.9800 0.6200 -0.7600 1.3467 2.6411 -2.0978 5.30 0.29 8.24 200 329 284 289 220 
6.94 2.82 19.63 5.1700 0.6900 10.1700 -2.6489 -0.1522 -1.4033 3.12 -0.30 9.29 161 338 283 298 221 
4.92 -1.70 6.41 3.0100 3.2900 -1.7800 -6.7500 1.3644 1.3367 1.21 -7.83 5.76 147 297 275 286 219 
-1.60 -6.23 -0.30 -1.6100 3.3300 -2.5900 -2.3633 -2.0067 0.7800 -0.02 -9.77 0.78 133 251 232 260 214 
-1.83 -8.49 -1.90 -0.1200 0.8800 -1.0900 -0.4022 -2.5500 -1.1678 0.25 -9.76 -0.89 132 226 218 239 205 
1.57 -8.14 -5.73 -0.8100 0.9900 -4.5700 0.3367 -8.8700 -4.2156 2.98 -8.91 -2.77 133 221 208 232 198 
2.21 -2.72 -8.41 0.5200 3.9200 -3.8500 0.4478 -7.6678 -4.2044 2.43 -7.45 -5.89 131 221 211 229 194 
6.45 -5.41 -7.89 5.3500 1.3300 -0.6800 -0.5067 -0.1244 -0.6911 2.49 -6.36 -7.03 134 234 220 235 197 
4.07 -5.11 -6.39 0.6500 1.4300 0.8600 -0.2456 2.2089 -0.1700 4.20 -6.10 -6.41 172 254 250 256 205 
9.32 -2.69 -3.52 2.2700 3.9100 -1.7600 -2.4300 11.6989 0.6478 7.76 -5.92 0.82 186 264 274 271 215 
-5.23 -6.38 -0.65 -6.5500 0.5100 -4.6800 6.1633 3.2878 -1.5144 0.27 -3.52 9.14 190 285 283 288 220 
4.49 0.92 13.86 5.4800 0.8300 5.8200 2.6678 2.5833 -1.9944 -0.23 1.87 9.62 193 299 299 312 226 
;
