3.47 4.16 8.12 0.0300 0.1100 -0.1400 -0.0067 0.0056 0.0056 3.39 4.01 8.27 154 289 238 237 187 
3.30 4.09 8.15 -0.0700 0.0800 -0.1200 0.0111 0.0067 -0.0456 3.38 4.02 8.27 164 285 238 239 187 
3.39 4.13 8.27 0.0800 0.0600 0.0000 -0.0211 -0.0656 0.0300 3.35 4.02 8.28 161 288 238 239 184 
3.72 4.63 9.63 0.1500 0.8900 1.6900 -0.2856 -1.8889 0.2489 4.68 3.69 7.77 159 285 238 240 187 
10.67 3.72 6.28 1.8200 1.1500 0.7100 -0.9456 -5.0633 3.4444 9.17 0.41 3.43 164 304 172 175 170 
0.97 -1.24 -0.52 -7.7900 -0.3300 -3.7400 0.9522 1.6400 -1.6167 9.04 0.27 3.78 143 312 164 173 168 
17.85 2.68 7.74 8.8000 1.3600 5.2200 1.3122 -0.4567 1.7056 9.38 0.71 2.73 146 317 174 182 170 
6.12 -0.02 5.53 -4.2100 1.5500 2.4400 -0.9700 0.2411 1.0611 9.13 -2.18 2.80 146 322 173 183 174 
3.01 -0.96 1.01 -5.9900 2.4900 -1.5900 -1.0111 -0.7733 -1.1633 9.37 -2.34 1.67 143 325 173 184 173 
7.32 3.05 -5.20 -2.6500 3.1900 -5.7600 -0.7722 -1.6489 -2.7611 9.70 1.10 -0.90 135 317 167 180 168 
14.82 4.12 -6.22 4.2300 0.8500 -2.4800 1.4544 -0.9144 -1.2789 8.62 3.49 -3.09 129 304 168 182 173 
20.78 5.59 -2.25 11.9000 2.2100 1.7100 1.1933 0.5044 2.5122 8.97 2.20 -3.28 131 306 170 185 175 
1.57 0.00 -1.28 -7.4600 -0.5100 0.6900 -0.5589 0.9278 -1.0367 9.53 1.14 -1.98 141 292 173 192 178 
11.79 2.21 -0.55 1.8000 -0.1900 -0.1800 -0.3156 -0.3489 0.1511 9.60 1.83 -0.77 166 278 202 226 180 
12.85 -1.03 -0.47 4.6400 -1.8600 -0.6300 0.5467 0.4478 1.5700 9.80 0.08 -0.11 166 272 213 222 179 
9.28 -0.09 -1.41 -2.0900 0.9800 -2.9100 2.0067 2.4122 1.7578 9.30 -2.15 2.22 165 267 228 247 187 
3.96 -0.23 3.16 -4.0900 2.9000 -0.8200 0.6078 0.0722 0.4700 8.61 -2.93 3.64 170 271 235 251 188 
8.79 -0.29 4.11 1.0100 4.2900 0.8200 0.5867 -0.1333 -0.5000 8.66 -2.27 3.98 171 265 232 249 189 
11.06 3.26 2.44 2.3600 4.3500 -2.0000 -1.9278 0.8144 -0.3211 8.40 -2.57 4.34 165 253 241 261 190 
4.03 -6.65 0.04 -4.0500 -3.4300 -2.8100 -2.5678 -1.2256 1.0111 8.16 -5.15 1.73 174 239 211 235 173 
9.39 -9.33 -0.56 2.5400 -3.7800 -1.7800 -0.0178 1.7389 -0.5822 8.31 -4.82 1.96 176 259 205 207 172 
8.46 -7.10 0.88 -0.2100 -1.4200 -2.6500 3.8844 2.2422 0.2667 6.45 -2.87 6.79 172 191 160 175 172 
7.21 3.87 4.58 0.0500 6.0300 -0.9100 2.8956 0.7189 0.5333 6.11 -0.73 7.63 163 177 155 167 167 
4.06 4.59 9.06 -1.1300 4.6000 0.6600 -1.4156 0.5267 -0.6144 5.56 -0.64 8.04 157 161 161 176 170 
6.18 -0.76 5.62 0.3100 0.0500 -2.6600 -2.5711 -0.4711 -0.3211 5.10 -3.05 7.79 155 152 162 183 171 
6.60 -9.04 5.82 1.0300 -4.8600 -0.7400 -0.6678 0.2367 -0.4222 5.90 -4.03 6.71 158 158 170 180 172 
4.74 -4.57 6.88 -1.5700 -0.3400 -0.2100 0.5422 -0.7967 0.7100 6.09 -4.12 6.47 164 196 185 193 175 
;
