4.94 2.09 8.02 -0.0900 -0.2400 -0.3900 -0.1789 -0.2100 -0.0433 5.15 2.13 8.06 175 287 224 225 182 
5.38 2.05 7.94 0.0300 -0.0400 -0.0100 0.0344 -0.0233 0.0556 5.16 2.15 8.05 175 288 233 225 181 
5.39 1.74 7.43 0.1600 -0.5300 -0.4900 0.0300 -0.5656 -0.3622 5.61 2.25 7.71 175 322 184 189 179 
8.44 3.66 4.66 2.1000 0.9200 -1.9700 2.1589 -0.9156 1.2789 6.50 3.21 6.59 170 328 174 177 175 
9.44 2.50 8.56 3.7500 0.0000 2.5200 -0.3944 0.0811 1.3011 8.03 2.01 5.25 156 325 178 189 176 
5.84 0.63 7.44 -2.5400 -0.0300 1.3500 -0.2144 1.1044 1.0000 7.27 0.25 6.57 160 326 183 189 174 
2.11 -0.47 6.23 -4.6400 0.1300 -1.0700 -1.0300 0.2711 -1.0400 6.57 -0.48 7.26 150 325 189 191 177 
6.25 1.44 3.70 -0.1300 1.4600 -3.5100 -0.4456 -0.4589 -1.4422 7.03 0.14 6.83 162 328 184 197 173 
11.14 2.96 2.66 4.1200 2.1200 -2.5300 0.2633 -0.8422 0.5556 8.27 0.92 5.18 163 337 181 191 173 
10.89 2.68 3.80 2.1300 1.2400 0.1800 0.2867 -1.2011 -0.3178 8.93 2.18 3.39 158 348 174 194 174 
11.43 2.85 2.19 2.4800 -0.0600 0.6400 1.4056 -0.2133 -0.4089 8.77 3.61 2.47 161 344 188 195 174 
12.69 3.91 5.04 3.4200 0.5200 2.8600 0.4133 1.2289 0.9078 8.92 3.08 2.65 156 341 187 194 174 
5.63 1.81 4.57 -3.9400 0.2200 1.0000 -0.6789 0.1678 1.5344 9.08 0.62 3.63 155 344 187 196 174 
6.18 0.50 0.55 -1.8600 0.3400 -3.4300 -0.1400 0.2044 -0.6667 8.88 0.63 4.09 159 334 190 190 173 
12.32 1.48 6.81 4.4800 0.0000 3.4300 -0.5444 -0.2467 0.0011 8.95 1.24 3.80 176 213 206 206 177 
8.00 -0.76 3.04 -1.9600 -0.1500 -0.2700 -0.4800 -0.9078 1.9633 9.36 -1.36 2.57 175 174 117 162 160 
0.70 -1.34 1.99 -9.8800 0.8600 -0.0100 -0.1956 -0.9400 -1.4967 9.62 -0.93 1.63 157 157 140 161 163 
16.74 5.26 -1.33 8.6600 3.4400 -2.7600 0.2878 -0.5722 -1.3611 9.46 2.39 0.93 169 162 147 165 162 
9.92 2.15 3.32 0.0300 -0.1500 2.1700 -0.4067 0.2278 0.3822 9.51 2.07 1.16 139 168 146 171 167 
7.87 1.56 -0.04 -1.6100 -0.0800 -1.4200 -0.2811 -0.0633 0.1533 9.57 1.59 1.40 177 171 156 171 166 
10.55 2.04 1.81 2.0600 0.7500 0.8600 -0.0933 0.3800 0.0722 9.52 1.55 1.75 174 191 170 179 162 
10.26 1.45 3.64 -0.8200 0.0900 1.2500 -0.8533 0.1678 0.8900 9.42 0.52 2.65 187 218 190 195 176 
8.22 -0.93 1.58 -0.0800 -0.4900 -1.4500 -0.6678 -1.2867 0.5867 9.51 -0.97 2.16 174 245 197 198 177 
14.55 0.31 2.82 5.1400 2.3300 -1.3800 -2.8511 3.9289 2.9267 7.72 -4.43 4.09 148 214 185 199 175 
3.94 -5.40 -0.37 0.4800 4.3900 -2.8900 -4.2078 3.8433 3.4156 1.59 -9.56 1.45 121 196 179 198 172 
-4.27 -8.47 -3.21 -3.6900 0.9900 -2.1800 -0.3011 -0.3944 -0.4611 -0.11 -9.74 -1.05 117 193 174 199 173 
0.47 -9.26 -4.06 -1.2000 1.6800 -3.1500 0.8611 -7.4033 -3.8789 3.49 -9.04 -1.48 98 189 169 199 170 
4.33 -5.83 -5.87 -1.5800 1.8100 -3.2100 1.4911 -5.7700 -3.2856 4.93 -7.22 -4.42 121 179 178 200 170 
8.34 -4.17 -4.76 2.2200 0.1300 -0.4400 -0.7211 -1.5889 -0.9878 4.66 -5.81 -6.37 123 186 165 199 168 
5.58 -6.41 -7.48 1.2400 -0.1000 -0.6600 0.2511 0.7989 0.3911 4.69 -5.92 -6.24 129 193 181 204 169 
5.33 -4.50 -4.95 0.5500 2.6300 0.7500 -0.1078 3.5444 -0.1611 6.23 -6.17 -4.37 152 214 201 208 172 
6.20 -4.53 -2.92 -1.6900 1.3200 -2.0000 0.1478 6.6967 -0.9556 7.97 -5.11 2.53 157 226 213 212 175 
;
