4.80 3.87 7.55 0.1100 0.0700 -0.1200 0.1111 0.0911 -0.0544 4.74 3.88 7.64 170 270 255 244 187 
4.72 3.84 7.50 -0.0800 -0.0400 -0.0700 0.0044 -0.0267 0.0633 4.82 3.86 7.61 163 270 255 247 186 
5.37 4.30 8.56 0.9800 0.7300 1.4300 0.0489 -1.7422 0.8100 5.87 3.61 6.96 168 284 253 241 185 
7.70 1.44 2.76 -1.7300 -1.0600 -2.7500 0.1267 -2.1767 1.4067 8.78 1.54 4.07 171 304 187 183 182 
14.37 4.97 5.75 4.9100 3.4900 4.9700 1.8478 -0.1356 0.7200 8.68 2.63 3.72 169 327 187 194 179 
8.59 1.48 6.86 -0.3800 0.5300 2.3600 -0.6200 0.6778 1.8700 8.94 -0.13 4.01 166 334 185 187 180 
2.34 -0.27 3.95 -5.7600 1.1800 -1.3800 -1.0822 -0.8211 0.1978 8.58 -1.58 4.47 165 341 190 191 178 
5.23 0.94 -0.82 -3.8000 2.6200 -4.1800 -0.7167 -1.2144 -1.6856 9.53 -0.49 2.23 158 336 184 189 179 
10.72 2.81 -2.79 2.3900 1.4500 -3.6100 0.1467 -1.2922 -1.3978 9.55 2.17 0.34 154 340 185 188 177 
12.96 3.39 -3.14 5.0700 -0.6800 -2.7500 0.6989 0.5389 -1.0267 8.95 3.98 -0.34 151 330 188 190 180 
14.16 4.48 0.69 5.7700 0.8000 1.4400 1.3722 0.4333 0.9644 9.18 3.39 -0.55 154 326 177 190 182 
8.74 3.43 2.80 -2.1100 1.8700 2.1800 -0.6633 0.5867 3.0311 9.78 -0.44 0.44 155 329 176 188 181 
3.62 -0.94 -0.69 -4.8700 0.7500 -1.9300 -2.0922 -1.0100 0.7611 9.56 -2.12 0.40 162 321 189 195 178 
13.04 -5.17 -2.58 3.9800 -1.5300 -1.4100 -1.5333 -1.8856 2.5156 8.34 -4.43 -2.63 3 336 193 194 171 
6.11 -4.27 -6.39 -2.7100 2.4100 -2.5800 2.7700 0.5978 2.1956 6.04 -7.48 -1.88 168 348 200 197 174 
8.11 -7.38 2.43 0.2400 0.3800 3.1400 -2.2622 1.9078 -0.4411 6.11 -7.40 -1.96 170 347 192 190 169 
5.09 -6.01 -8.65 0.5300 1.5800 -5.7400 1.0911 0.8378 0.1556 6.02 -7.21 -2.77 168 324 186 195 172 
11.33 -5.46 10.88 6.5200 -0.9000 8.3700 -0.7522 1.3789 -0.6178 7.00 -6.84 -0.55 148 287 172 185 172 
13.88 -10.98 -6.47 1.2000 -4.0000 -5.8000 2.9889 3.1800 -0.0644 7.52 -5.54 2.97 144 196 167 170 173 
4.93 -1.68 1.68 -2.4100 1.0700 -3.7300 3.5044 0.3033 -1.3944 7.73 -1.17 5.91 131 178 166 175 174 
5.53 3.99 5.57 -1.9200 4.0000 -1.1000 0.4844 0.1789 -0.4022 7.02 0.55 6.81 129 174 164 177 171 
7.11 2.95 5.38 0.1500 2.1000 -2.1900 -1.6233 0.6989 -0.5833 6.24 -0.04 7.55 127 166 170 180 173 
5.76 -2.09 6.84 0.0000 -1.6600 -0.8600 -1.6822 -0.0822 -0.6900 5.96 -1.30 7.67 125 178 167 177 167 
6.98 -5.53 6.97 0.7200 -2.9800 -0.3500 -0.1800 0.1667 -0.0889 6.21 -1.96 7.32 127 178 158 181 173 
3.56 -0.58 4.92 -4.4600 1.1400 -3.3000 -1.0689 0.3556 0.3189 5.90 -2.69 7.35 153 226 193 196 177 
1.49 -4.02 2.82 -1.4900 -1.1700 -4.6600 0.6056 2.2911 -1.8411 3.35 -1.67 9.06 168 251 227 216 179 
;
