0.34 5.87 7.87 0.0100 0.0000 -0.0200 -0.0078 0.0267 -0.0022 0.27 5.83 7.87 203 318 320 346 231 
0.17 5.75 7.65 -0.0100 -0.0400 0.0000 0.0067 -0.0322 0.0033 0.31 5.83 7.87 204 319 319 345 233 
0.43 5.87 7.91 0.0000 0.1600 0.1900 0.0589 -0.1389 0.0800 0.45 5.85 7.85 203 316 319 344 231 
5.89 8.87 12.10 4.8700 2.8300 5.9200 -1.3256 -2.5656 1.9333 4.51 5.05 7.08 202 362 258 256 226 
5.39 2.45 1.85 -1.6000 -0.1900 -6.3800 0.1367 0.2467 3.1322 6.15 1.22 7.53 201 372 224 226 220 
2.40 2.95 6.97 -3.4500 1.7000 0.3500 2.1422 -0.1533 0.2800 6.25 1.96 7.28 201 381 224 234 222 
9.48 2.59 11.61 1.9100 0.1600 3.5800 -1.4578 0.0722 1.3611 6.37 0.72 7.41 201 382 220 234 221 
3.62 -0.59 8.56 -4.1100 1.1400 0.2000 -1.9956 1.0011 0.6144 5.75 -2.40 7.57 200 379 209 229 222 
2.11 0.33 2.42 -3.8000 3.6800 -5.0300 -0.2744 -1.3956 -1.6000 7.14 -2.44 6.25 200 367 204 229 220 
10.12 2.65 0.53 0.8500 2.9400 -3.5600 0.6667 -0.9633 -2.2156 8.62 0.63 4.63 199 359 206 235 219 
12.47 3.61 2.66 3.1000 1.2300 -0.4400 1.0111 -0.7211 -1.2467 8.70 3.22 3.17 197 347 211 236 220 
13.09 4.86 4.72 4.7700 1.0300 2.7900 1.3322 0.3433 0.3811 8.65 3.87 2.49 196 350 211 239 220 
11.29 3.76 5.44 -0.4700 0.9000 1.9800 -0.8322 0.9756 3.1567 9.16 0.66 3.43 197 347 231 250 222 
1.64 -0.99 1.65 -7.3000 1.2200 -2.3600 -1.0467 0.3956 0.4289 8.63 -2.57 3.86 194 316 239 255 221 
11.10 -1.19 6.62 3.5700 -0.0400 1.8300 0.2489 2.5089 -0.9556 7.32 -0.78 6.47 194 313 265 283 223 
5.45 -1.90 10.87 1.6700 -0.7800 0.9700 -2.4289 5.9478 -0.0456 1.30 -2.40 9.41 192 251 250 266 223 
-0.74 -4.06 3.06 4.0300 1.4100 -5.4300 0.3689 5.5678 0.4044 -6.40 -4.18 6.12 193 195 181 215 209 
-4.27 -0.55 0.13 1.5000 2.0700 -4.8700 1.9578 1.0478 2.5333 -8.57 -1.00 4.64 192 184 182 195 195 
-13.42 1.08 8.46 -4.2800 0.6800 3.4700 -0.0289 -0.4389 0.0133 -8.38 0.31 5.07 199 196 193 215 202 
-8.92 0.62 6.37 -1.2900 0.0100 0.5500 -0.2822 -0.7900 -0.1111 -7.97 0.23 5.70 191 224 209 233 211 
-4.70 2.12 8.07 -1.6900 1.1100 -1.5000 -0.1856 -6.0000 0.9422 -1.67 0.80 9.62 205 304 285 303 226 
3.78 2.58 3.81 -2.6200 0.9100 -5.2200 -1.4811 -4.7378 -0.6689 7.41 0.41 6.40 205 305 289 304 227 
12.20 3.27 3.46 5.4000 1.1200 0.0800 -2.3500 1.1311 -2.2300 8.74 2.47 3.67 205 307 307 319 230 
7.58 3.50 8.59 0.6300 -0.9400 2.0800 1.9722 3.5867 -1.9211 3.24 4.93 7.82 208 312 332 339 232 
;
