3.44 4.90 8.21 0.1400 0.5300 0.7400 -0.0167 -0.2244 0.1556 3.60 4.68 7.82 148 315 259 250 184 
9.44 6.15 8.87 3.6700 0.8300 1.4200 -0.4022 -3.4144 2.5100 7.08 3.21 5.97 160 317 181 180 180 
8.71 1.74 9.02 -1.5700 0.5700 4.8600 -1.2600 -0.3667 2.8267 9.13 -1.04 3.41 154 288 158 156 167 
0.68 -0.96 3.93 -8.2200 2.1100 -0.9400 -1.7222 -0.0033 -0.5167 8.56 -2.64 3.96 140 307 163 163 171 
7.27 3.99 -2.75 -2.3800 4.3200 -6.4500 0.3167 -1.1622 -3.1900 9.27 0.97 3.04 139 318 169 168 173 
13.38 4.20 -0.72 4.3000 0.9600 -2.1300 1.5411 0.0344 -2.3289 8.60 4.47 1.42 135 307 165 169 175 
13.14 5.94 4.83 4.8200 0.8200 4.1400 0.9067 -0.3567 1.2333 8.68 4.54 0.20 137 322 163 170 173 
10.55 5.12 2.94 0.3000 1.7100 1.4400 -0.9889 0.3867 3.0278 9.64 1.24 1.26 139 320 171 174 173 
1.03 -0.59 0.75 -8.6700 0.4600 -0.5700 -0.7856 -0.1078 -0.3956 9.69 -1.07 1.02 145 321 177 175 176 
16.99 1.39 2.07 6.9500 1.4000 1.3600 -1.9200 1.4811 0.5278 9.60 -0.78 1.80 159 276 201 205 176 
10.92 -4.95 3.05 1.6500 1.1700 -0.0900 -3.8744 1.5700 3.2900 7.76 -5.38 2.61 116 195 192 217 178 
0.54 -3.96 -2.26 -3.8800 5.2600 -3.2100 -3.4322 2.3633 4.1144 0.80 -9.75 -0.54 109 188 180 210 176 
-3.74 -8.83 -3.94 -4.7800 1.4200 -3.8400 0.1289 -7.4322 -4.8200 2.21 -9.33 -2.00 109 177 176 201 172 
8.00 -3.03 -6.94 1.7800 3.2900 -4.4600 1.4722 -8.6844 -4.2811 3.67 -6.97 -5.83 115 182 178 203 171 
11.50 -4.88 -3.17 6.4800 0.7600 2.4400 -0.2133 1.6689 0.0456 4.49 -6.58 -5.71 129 194 182 204 172 
5.41 -5.37 -4.62 0.7100 1.5500 0.2100 0.3333 3.2178 -1.5767 7.30 -5.65 -3.28 156 212 192 206 176 
7.75 -3.82 -2.47 -2.0000 -0.9700 -9.4600 0.3989 15.1478 0.9667 0.70 -3.62 9.08 166 168 154 162 171 
-4.41 0.16 12.85 -7.5400 1.5700 5.1800 2.8589 0.4056 -0.2578 -3.07 0.72 9.28 177 164 160 164 158 
-6.56 -0.77 12.38 -1.8800 -2.2500 1.3200 -0.1922 -0.1756 0.0144 -3.48 1.45 9.05 176 164 159 165 162 
-3.26 2.10 9.28 -0.1700 -0.1200 -0.4800 -0.1033 -0.2367 -0.2433 -3.47 1.06 9.10 177 167 160 167 164 
;
