0.10 5.94 7.86 0.3100 0.0500 -0.2200 -0.0222 -0.8067 0.3422 0.36 5.85 7.85 217 355 346 364 250 
0.21 5.82 7.77 -0.2100 0.0300 0.3300 0.0000 0.4289 -0.0711 0.07 5.87 7.84 216 354 346 362 251 
0.00 5.92 7.74 -0.0500 0.0900 -0.0900 -0.0267 -0.2311 0.0622 0.22 5.85 7.86 217 352 339 356 252 
2.90 7.08 11.28 1.6300 1.8800 3.1600 -1.0856 -2.8022 1.0678 3.19 4.74 7.96 213 358 284 292 244 
5.77 3.07 7.13 0.0000 0.8600 -1.5200 -1.4956 -1.8322 3.2433 6.59 0.46 7.24 210 364 233 239 236 
1.67 -0.36 2.31 -4.5600 1.5200 -2.9700 1.4433 -0.5656 0.6411 7.60 -0.95 6.12 209 362 226 233 231 
9.81 0.96 9.13 2.5800 0.6600 3.3100 0.1289 -0.3589 0.2156 7.54 -0.02 6.26 209 370 221 234 230 
5.86 -1.69 8.32 -1.6900 -0.0200 1.7100 -1.4844 -0.0322 0.9333 7.71 -2.15 5.66 209 380 222 236 232 
2.07 -1.49 3.33 -5.4300 2.2000 -2.1400 -0.8922 -0.4111 -1.4600 8.06 -2.70 4.88 209 380 220 236 231 
7.07 3.74 0.19 0.6400 4.1300 -4.1400 0.8411 -0.4556 -3.0444 8.85 1.12 4.07 204 367 211 235 231 
14.84 4.86 1.25 6.1900 1.8600 -1.4800 1.2222 -0.1578 -0.6767 8.79 3.34 2.75 204 358 208 235 234 
12.95 3.19 4.74 4.2400 0.2100 2.8100 0.9089 0.7167 1.2933 9.02 2.84 2.57 203 349 225 242 233 
6.11 1.00 5.20 -4.6500 0.8300 1.0600 -1.0522 -0.2011 3.0744 9.03 -1.71 3.41 204 342 255 262 235 
3.17 -1.02 0.50 -4.4600 2.2700 -2.7800 -0.2844 0.4822 -0.8367 8.63 -2.65 3.81 205 334 304 312 238 
13.43 0.56 11.43 6.7400 2.3000 6.9000 -2.4033 -0.3578 1.1033 8.07 -3.52 4.30 211 353 347 329 242 
3.31 -4.74 -1.81 -2.4900 2.3500 -4.4700 -5.0078 0.4344 3.4100 4.90 -8.49 -0.13 210 362 357 353 244 
1.93 -7.46 -6.47 -1.1400 1.4000 -4.9000 -0.3289 -0.3022 0.8133 2.79 -9.16 -2.08 202 347 352 348 236 
1.49 -4.30 -4.44 -1.4000 5.7700 -5.2600 5.9111 0.1589 0.3256 2.04 -8.69 4.04 202 352 354 349 237 
0.50 -1.03 8.94 -0.7500 9.4900 1.1400 5.9611 0.5978 -1.1333 1.62 -1.14 9.60 204 352 347 333 233 
1.90 2.12 15.89 3.6100 1.8100 5.5100 0.0867 -2.0144 -0.9644 2.51 0.83 9.44 205 355 343 330 234 
2.45 0.83 7.95 -1.0200 0.1100 -2.0400 -0.3989 -0.5122 -1.0578 3.34 0.68 9.19 205 341 322 308 232 
0.29 2.47 6.64 -1.9300 1.1100 0.1400 1.8511 1.7511 -2.6322 1.60 3.99 8.81 205 333 324 326 235 
;
