1.82 5.18 8.00 -0.1200 -0.0200 -0.1300 0.0389 0.0989 0.0267 1.74 5.24 8.09 184 322 280 297 218 
1.65 5.45 8.36 -0.1600 0.1500 0.3100 0.2289 -0.3022 0.1811 2.06 5.35 7.95 182 349 277 292 219 
7.55 9.21 10.00 3.1000 3.9300 2.0700 -1.9344 -1.3156 2.2600 5.12 3.40 7.63 182 366 178 180 189 
6.07 2.75 7.24 0.2400 0.4600 1.0700 1.6556 1.1600 0.5278 5.66 3.14 7.36 177 372 185 183 189 
4.39 2.75 11.33 -3.5000 0.0800 0.9800 -1.9011 1.1700 1.7522 5.58 0.56 8.04 179 368 188 190 190 
-0.97 -0.50 8.61 -5.2600 0.8700 -0.9100 -1.8622 0.4344 -0.0822 3.92 -1.96 8.76 180 366 189 191 192 
-0.12 2.22 1.79 -3.3100 4.6400 -7.2200 -0.4378 -1.8567 -2.3922 5.63 -1.68 7.84 179 362 191 191 192 
13.24 4.52 2.34 5.8300 3.7900 -3.0000 1.3556 -1.1200 -1.4744 7.55 1.37 6.09 178 353 192 192 187 
12.41 3.23 6.85 3.9600 -0.5300 1.8300 1.3911 -1.3967 0.1700 8.19 3.15 4.37 179 344 194 194 189 
13.24 4.09 9.29 2.6300 1.8800 5.1400 -0.0256 -0.3856 2.5522 9.13 1.02 3.40 180 319 199 198 193 
4.11 0.16 2.74 -5.2200 2.6500 0.7500 -2.0289 -2.0922 2.5189 9.08 -3.70 -0.06 185 273 244 262 202 
0.62 -1.06 -5.34 -3.3900 3.9700 -1.1100 -2.4744 -2.3089 -0.4600 6.50 -3.34 -6.52 188 268 249 259 192 
13.14 -8.16 -14.51 8.5000 -6.8600 -7.9600 1.0544 0.3456 0.7356 5.46 -2.81 -7.63 191 284 247 262 197 
9.75 -4.53 -11.98 1.3400 3.0000 -6.1000 5.1956 2.9156 2.5589 5.59 -7.90 -1.52 194 368 309 340 211 
-0.02 0.76 1.80 -3.7600 10.0000 -0.1000 0.4567 0.7278 0.0678 3.86 -8.76 2.10 194 375 329 352 213 
3.70 -6.36 1.68 -0.2500 1.1000 0.0000 -0.3844 0.4756 -0.3933 4.27 -8.59 2.02 192 375 331 349 212 
4.91 -5.90 0.95 0.2800 3.3400 -0.8700 -0.8022 1.7378 -0.8533 4.76 -8.35 1.92 191 315 306 284 209 
-0.92 -3.70 -0.22 -7.2100 3.4000 -3.7300 0.7956 3.9011 -4.5467 6.69 -5.31 4.80 189 297 294 290 210 
;
