7.25 3.70 3.28 0.0000 -0.0600 -0.9800 -0.0300 0.3533 -0.1778 7.54 4.15 4.69 178 268 239 237 182 
8.94 5.50 5.98 1.6000 1.0200 1.3400 -0.0456 -1.0000 0.8311 8.12 3.68 4.06 176 294 161 176 179 
9.32 2.36 -1.69 -1.9100 -0.4300 -3.8100 2.2467 0.0133 0.0711 9.10 3.06 1.98 158 310 168 169 177 
16.74 4.02 6.85 6.7100 1.6800 5.8400 0.2933 1.0100 2.3078 9.63 1.17 1.38 161 318 167 174 178 
5.84 0.32 3.26 -5.7300 0.7500 0.4200 -1.0733 2.0200 0.8456 8.72 -1.48 4.21 159 329 173 176 180 
3.38 0.78 1.20 -5.0800 2.7400 -3.1900 -1.6033 0.1733 -2.0333 8.81 -1.24 4.10 158 336 176 178 179 
8.13 2.89 -2.62 0.6200 2.8900 -5.4900 0.3856 -1.7733 -2.3056 9.46 1.61 2.00 157 336 177 177 181 
11.15 4.08 -1.04 1.8200 0.9700 -1.8700 1.2122 -0.8567 -0.9578 9.09 3.65 0.31 156 330 174 180 182 
14.36 4.52 0.53 5.3900 0.5400 1.7700 1.4589 0.5489 -0.0156 8.80 4.25 -0.72 155 332 175 179 183 
14.26 5.78 1.60 3.2000 2.6500 1.4400 -0.0567 1.2878 2.8089 9.69 1.47 0.19 154 331 178 183 181 
3.05 0.17 1.10 -6.7700 1.4800 0.5700 -1.5200 0.7511 0.7956 9.61 -1.80 0.64 163 324 181 183 181 
13.48 -0.64 0.46 4.5900 0.7400 -0.0900 -2.2900 2.3733 -0.1200 9.48 -1.76 1.78 161 282 220 216 181 
13.55 -2.56 3.93 5.3400 1.9500 -0.5900 -6.0278 4.4856 4.7156 6.12 -7.12 2.81 109 208 194 212 181 
-1.21 -5.30 -1.60 -4.1300 3.3700 -1.1600 -2.1211 -0.1133 1.8911 0.57 -9.69 -1.32 108 201 176 197 178 
-1.74 -9.32 -2.50 -2.2900 0.4300 -1.5500 -0.1556 -5.2544 -2.6756 0.93 -9.53 -2.11 110 197 171 202 179 
3.20 -4.57 -7.70 -2.1300 3.9800 -5.1800 0.6067 -10.2744 -5.6533 3.61 -7.25 -5.52 114 196 167 207 174 
9.49 -4.43 -6.65 5.6300 2.2100 1.3000 0.1267 1.0211 -0.4633 4.33 -6.44 -5.98 117 199 163 206 175 
10.73 -4.47 -4.28 3.6400 1.7600 0.7300 -1.6389 6.5744 1.8944 6.17 -6.78 -3.46 155 228 190 228 178 
8.00 -6.81 -2.57 3.1500 1.6900 -1.7900 -2.8311 4.3533 2.5756 4.80 -8.34 -1.84 167 291 237 248 184 
2.46 -7.11 -7.31 -1.9700 1.4500 -6.5100 -0.5400 0.3444 0.7444 3.33 -8.88 -2.47 169 297 249 255 184 
1.57 -2.84 -6.35 -1.9400 8.0600 -5.1500 7.1211 -0.1511 -0.3344 3.12 -8.04 4.65 168 300 261 258 185 
3.77 -0.86 22.96 0.5200 1.8300 14.1100 1.3067 -2.0656 -0.7333 4.03 -2.63 8.54 164 306 263 253 185 
4.65 -2.56 11.31 0.7000 3.0900 2.9000 -4.8811 0.1489 -0.1622 4.06 -6.64 5.95 160 299 264 258 189 
3.48 -5.76 -1.34 -0.0900 2.6800 -3.9700 -3.3400 0.1033 0.2489 3.60 -9.09 0.67 163 287 256 256 187 
3.15 -6.35 -8.73 -0.4300 3.4400 -7.0200 3.7167 0.3200 -0.1400 3.59 -8.78 2.46 162 281 259 259 187 
5.30 2.61 14.54 1.1900 7.1300 9.4800 4.5144 -0.0444 -0.3300 4.55 -3.76 7.82 166 294 260 260 186 
6.47 -3.65 13.17 2.0700 0.8600 5.3000 -3.2189 0.5822 0.4656 4.33 -5.64 6.74 164 297 260 263 190 
4.35 -2.93 2.97 0.3900 5.4600 -0.6600 -4.5967 -0.3600 0.9889 3.51 -9.07 1.22 168 304 267 260 188 
2.09 -7.09 -5.49 -1.0900 1.0500 -3.6600 -1.3578 0.1300 -0.0633 2.81 -8.89 -3.02 166 306 257 259 189 
;
