1.65 4.06 8.81 -0.0300 -0.0700 0.0800 0.0000 -0.0278 0.0133 1.69 4.12 8.73 166 303 292 270 194 
0.60 4.11 12.16 -1.6300 0.1800 2.7300 -1.9122 -2.1667 0.3178 3.16 2.35 8.98 167 306 284 264 192 
3.16 0.04 13.51 1.0900 0.7800 3.8100 -4.9711 0.3589 0.6267 2.36 -3.39 8.89 165 276 254 263 192 
3.04 -3.17 2.70 2.1200 4.9300 -3.4400 -4.9644 0.2700 1.1844 0.70 -9.05 3.69 162 214 212 234 190 
-1.60 -7.30 -0.83 -1.1800 2.0600 -1.2500 -0.9556 -0.2344 0.2367 -0.38 -9.77 0.66 121 205 211 242 190 
0.15 -9.28 -0.04 -0.1600 0.3900 -0.2700 -0.1344 -0.2733 -0.2778 0.05 -9.80 0.14 114 212 212 242 188 
0.01 -9.51 0.53 -0.4200 0.2000 0.2100 -0.3744 -1.2333 -0.3578 0.43 -9.79 -0.16 117 213 211 235 184 
1.01 -9.07 -3.54 -0.7200 0.3400 -2.8400 -0.3433 -5.0811 -1.2511 1.70 -9.49 -1.77 119 214 215 227 180 
2.57 -6.80 -5.77 1.1700 2.2200 -2.7500 1.2378 -7.8622 -3.8200 3.28 -8.57 -3.44 120 218 213 227 179 
6.45 -5.38 -4.65 2.2400 2.1700 -0.0200 -0.0022 -1.4822 -1.3889 3.93 -7.56 -4.84 123 223 219 227 178 
6.96 -6.89 -4.44 3.0500 0.6200 0.6600 -0.6222 2.2589 0.6289 4.69 -7.26 -4.61 136 231 223 223 180 
6.36 -5.94 -2.01 1.6000 1.2400 1.2600 -1.5167 3.2944 1.6322 5.15 -7.50 -3.64 159 292 202 202 170 
3.42 -8.15 -6.13 0.0000 -1.7900 -3.6600 -0.1278 -0.0711 0.2911 4.94 -7.51 -3.90 163 323 194 199 165 
1.78 -6.61 0.68 -3.7200 1.6800 8.0100 0.4822 -1.6167 -0.1400 4.92 -8.41 -1.04 173 346 201 209 169 
4.92 -8.32 -1.60 0.2500 0.2900 0.0500 -1.2100 -0.4156 0.1267 4.88 -8.04 -2.76 173 361 207 212 170 
4.72 -6.75 -7.13 0.0400 0.6300 -3.5900 0.2578 -0.2500 -0.1556 5.07 -7.65 -3.42 173 351 210 213 171 
4.98 -7.90 -1.82 -0.2700 0.3600 0.5300 2.3778 -0.5056 -0.3044 5.19 -8.24 -1.11 173 331 219 221 173 
5.59 -6.98 -0.83 -0.7000 0.9500 0.1300 -1.1900 2.0044 -0.4222 5.80 -7.79 -1.28 172 299 219 220 176 
4.85 -4.78 -2.21 -1.8100 2.1200 -3.4200 1.7822 7.2867 -2.1267 6.53 -5.79 4.46 172 282 239 234 184 
-2.25 -0.06 9.60 -3.2600 2.4000 2.0700 4.2678 0.6167 -0.4467 1.25 0.20 9.72 174 288 274 261 190 
3.53 3.18 12.51 1.3400 0.4900 3.0900 1.2578 0.4222 -0.5044 1.65 3.48 9.01 175 292 283 270 191 
0.45 3.67 11.23 -1.7700 -0.5800 1.6400 -0.2278 -0.1933 0.2011 2.13 4.01 8.68 170 283 283 271 191 
;
