4.13 -2.17 8.78 -0.0300 0.0800 0.2100 -0.1033 -0.0200 -0.0656 4.19 -2.27 8.57 173 262 253 236 185 
4.44 -2.11 9.47 -0.1700 0.1900 0.9300 -0.3044 0.0467 -0.0289 4.17 -2.41 8.53 174 259 255 235 184 
4.17 -2.53 8.20 0.1100 0.0800 -0.2100 -0.1100 0.0478 -0.1322 4.20 -2.63 8.45 170 258 249 237 185 
8.11 -2.68 11.65 4.1100 0.2700 4.3000 -1.6889 -3.2100 0.4189 6.66 -3.85 6.06 171 269 228 231 184 
7.70 -2.87 4.28 1.5800 3.4000 -0.1300 -5.3222 1.4433 3.1000 3.72 -8.97 1.34 120 212 163 197 180 
-2.91 -4.24 -5.69 -4.4500 4.7300 -4.0000 -1.5533 0.7000 2.3322 -1.33 -9.23 -3.02 117 202 173 193 179 
-5.65 -7.49 -3.87 -3.8300 1.5300 -1.5300 0.2333 -5.4278 -3.4400 -0.28 -9.45 -2.58 120 200 175 194 176 
1.61 -5.46 -7.01 -0.8700 3.2200 -3.4200 0.8811 -8.7533 -6.3467 4.08 -7.79 -4.32 121 198 163 195 177 
10.52 -2.28 -5.40 7.5700 2.7500 0.6900 -0.8289 0.9744 -0.6289 5.06 -5.91 -5.96 126 207 180 203 178 
7.96 -5.21 -5.63 2.0000 0.4300 -0.5800 -0.5656 2.2467 1.0644 5.77 -5.95 -5.23 137 227 186 200 178 
8.62 -8.42 -4.72 3.5700 -0.8800 0.3600 0.3956 -0.9922 2.1889 4.10 -7.27 -5.13 152 277 156 160 171 
-0.84 -7.80 -7.25 -2.5300 1.0800 -3.1800 2.5511 0.2411 1.2689 1.01 -9.29 -2.96 112 266 151 153 166 
-1.88 -7.28 -7.09 -1.7500 3.5100 -4.4400 5.0711 1.5967 -0.6789 1.00 -9.39 2.61 108 243 157 158 165 
-0.39 -5.60 12.15 -0.4100 2.2000 4.7100 -1.3800 0.3122 0.0100 0.76 -8.80 4.24 110 245 153 159 167 
0.00 -8.34 4.65 -1.1400 0.9000 1.3600 -0.6544 0.2389 -0.1056 0.60 -9.18 3.38 123 245 169 164 169 
0.04 -8.31 4.94 -0.0700 0.8700 1.9600 -2.3811 0.6322 -0.5956 0.86 -9.68 1.27 151 246 192 188 177 
-0.48 -11.10 -1.68 2.5500 -3.7800 -0.6600 0.3800 1.7767 -2.7733 3.81 -9.01 0.55 163 276 227 219 179 
9.60 -5.66 -1.42 2.8900 2.4700 -2.5600 6.3789 -2.3189 -2.1211 7.97 -4.13 3.93 169 305 244 244 183 
8.77 3.32 2.04 -1.2400 4.6300 -1.5000 1.7533 1.4067 -1.1233 8.78 -0.82 4.28 168 304 247 238 185 
8.58 4.48 5.97 0.3500 4.9000 1.1200 -2.5611 -0.2033 -0.3711 8.92 -1.08 3.90 169 264 233 239 184 
7.56 -1.77 1.14 -0.6200 0.6100 -2.0600 -2.9311 -0.0044 1.0456 8.63 -3.80 2.67 166 239 215 230 177 
6.85 -8.56 -0.27 -1.4300 -4.0300 -2.5000 -0.5656 -0.1222 0.1300 8.15 -5.20 1.58 169 252 216 235 178 
;
