1.94 2.86 9.18 -0.0300 0.0900 0.0100 0.0000 -0.0022 -0.0033 1.99 2.77 9.19 185 309 319 333 218 
2.00 2.86 9.15 -0.0200 0.0500 -0.0100 0.0067 0.0156 0.0067 1.99 2.79 9.18 186 309 318 333 217 
1.74 2.83 9.29 0.0600 0.0400 0.7300 0.5244 -0.0911 0.0367 2.02 3.05 9.09 7 320 322 328 220 
13.12 7.58 19.55 9.1800 6.8000 8.5500 -5.9733 0.9333 2.0089 3.85 -0.99 8.95 171 246 238 273 218 
0.23 -0.14 -0.99 -2.1000 7.6700 -6.6500 -6.4900 0.4744 3.2367 0.75 -9.56 2.01 152 195 192 220 214 
-2.60 -5.74 -2.46 -1.9800 3.0600 -1.7800 -0.7833 -0.9344 0.0444 -0.87 -9.75 -0.55 150 193 184 208 206 
0.31 -7.62 -6.43 -0.2100 2.4900 -6.8700 0.4667 -10.3378 -4.9400 2.71 -9.31 -1.42 153 194 187 208 197 
11.63 -1.67 -6.76 7.3400 5.4600 -2.4100 0.5378 -5.1344 -3.1556 4.70 -6.86 -5.18 159 209 194 207 197 
8.47 -5.69 -4.94 3.1900 1.0300 0.3200 -0.2267 0.2422 0.0089 5.35 -6.28 -5.28 163 211 191 207 198 
7.75 -3.71 -3.41 1.8800 3.0400 1.1100 -0.6356 5.7511 -0.2611 7.51 -5.88 -2.26 173 272 196 176 199 
1.60 -6.53 -0.87 -4.8700 -0.0300 -4.3800 4.0311 7.0944 -3.1933 4.38 -2.03 8.53 172 363 174 184 194 
10.49 1.03 14.48 5.1100 0.2100 6.4400 0.4244 -0.3922 0.0356 5.16 0.96 8.28 171 364 178 187 193 
5.41 -0.29 11.85 -0.2800 -0.1000 3.2900 -1.7144 -0.0522 1.4533 5.51 -1.41 7.98 169 361 183 190 192 
-0.28 -1.75 4.01 -6.1700 2.1100 -3.7400 -1.4411 0.8367 -1.3100 5.79 -3.64 7.02 171 355 179 191 193 
9.50 4.07 -1.53 2.9000 6.0800 -6.4000 0.1078 -1.2289 -2.9711 8.58 -1.03 4.63 169 344 180 187 182 
14.88 3.32 1.41 6.5800 1.5500 -1.0600 1.9267 -0.5822 -1.3944 8.98 2.56 2.99 168 340 182 189 183 
15.86 3.23 7.13 6.5500 0.6000 4.6500 0.9611 0.0544 2.1378 9.21 2.10 2.61 168 341 184 192 185 
5.71 0.50 3.30 -5.0100 1.0900 -0.1500 -0.5478 0.0100 2.9544 8.97 -2.60 2.98 166 339 185 193 187 
3.34 -0.74 2.10 -3.9900 3.1800 -1.3200 -1.0467 0.2033 -0.4922 8.53 -3.64 3.17 172 317 201 208 194 
3.23 -0.40 3.56 -4.7500 1.2500 -3.7900 -0.9633 7.5567 -5.4344 5.00 -0.45 8.42 184 328 313 332 207 
2.75 10.85 18.24 2.4100 4.8800 7.5700 2.9056 -0.2456 -1.7044 -0.69 4.87 8.47 185 336 326 364 215 
0.62 3.10 8.33 0.3300 -0.2100 -1.8900 0.3956 -0.3133 0.0311 0.30 3.92 8.98 182 313 332 354 216 
;
