4.19 2.83 8.31 -0.0200 -0.1400 -0.0400 0.0044 -0.0200 -0.0022 4.24 2.97 8.32 161 264 239 238 192 
4.28 2.86 8.39 0.0600 -0.1400 0.0500 -0.0267 0.0100 0.0156 4.22 2.96 8.34 164 266 238 238 188 
8.67 4.61 13.70 3.8800 2.2300 6.0700 -2.7489 -3.6922 1.1600 7.01 1.18 6.75 164 269 225 237 188 
8.31 -0.48 4.77 -0.0900 2.4300 -0.3300 -4.8556 1.1700 2.1567 7.06 -4.59 5.01 150 222 202 231 187 
4.22 -4.36 0.00 -1.0200 3.4400 -3.2600 -5.0444 2.6433 3.8889 2.60 -9.41 0.86 115 196 184 216 185 
-4.17 -8.91 -4.39 -6.3300 0.8300 -4.1400 -0.5978 -7.0089 -3.8678 2.19 -9.19 -2.59 119 196 180 210 184 
5.48 0.26 -10.13 3.4200 6.9200 -3.1700 1.8733 -7.5989 -6.0300 3.89 -6.80 -5.88 130 211 196 207 177 
7.39 -4.01 -6.20 5.4800 2.8000 0.7000 -0.7756 -0.3489 -1.0389 4.93 -5.07 -6.78 143 227 198 205 177 
10.25 -4.60 -8.71 4.8300 -0.2800 -1.4200 0.2144 -0.7300 1.7544 4.07 -5.18 -7.26 149 246 167 185 171 
1.71 -6.34 -9.98 -0.6900 1.2600 -3.3700 3.7700 0.3878 2.1122 1.83 -8.44 -4.62 154 274 159 165 163 
-3.29 -5.32 -7.93 -4.4400 5.0100 -6.4900 6.4644 3.0367 -0.5622 1.09 -8.60 4.57 153 280 158 170 165 
0.55 -7.40 6.75 -0.2700 -1.4500 -1.4600 -1.5678 -0.7556 -0.4156 1.53 -8.69 4.27 152 281 163 174 168 
0.46 -9.49 4.04 -1.9600 -0.7800 1.2100 -3.9389 0.0711 -3.3289 4.25 -8.82 0.32 161 288 174 180 172 
7.11 -7.29 -6.17 -1.0200 -0.2800 -6.0900 3.2489 0.0033 -3.7700 8.63 -4.62 0.36 140 326 164 181 175 
8.59 -0.44 1.90 -0.1900 2.5100 -1.3000 2.1589 -0.0678 0.2333 9.10 -2.49 2.65 93 345 164 174 174 
8.47 -0.19 2.78 1.0300 2.0200 -0.8900 -0.9822 0.7000 0.0222 8.63 -2.42 3.95 117 356 173 176 174 
6.87 -2.72 3.46 -0.6100 -0.1500 -1.6100 -1.3367 0.8078 -0.5778 8.11 -2.66 4.81 120 360 179 183 178 
6.37 -4.04 5.80 -0.1900 -1.7100 0.5800 -0.7322 -0.0667 0.1444 8.03 -2.90 4.81 122 362 179 187 177 
7.09 -3.69 6.07 -1.2100 1.0700 1.4000 -0.3878 0.1311 0.3578 7.76 -3.64 4.75 141 352 183 191 179 
1.67 -2.78 1.77 -4.9200 0.7900 -4.9000 -1.7822 1.6944 -1.4722 6.96 -4.13 5.53 158 289 187 203 179 
;
