3.37 4.73 11.42 0.7700 0.5300 2.1900 -1.0111 -0.3667 0.5456 2.65 3.39 8.81 174 300 291 274 200 
4.93 3.87 14.67 1.2600 2.0100 5.0300 -3.0744 -1.6589 1.9122 4.15 -0.32 8.87 144 271 253 271 200 
2.11 -2.33 5.12 -1.5500 4.0000 -2.1300 -5.0744 -2.1800 3.3256 3.29 -8.17 4.29 109 216 223 258 198 
0.20 -5.47 -0.08 -1.2900 3.4400 -1.2400 -1.5956 -0.3922 1.1589 0.87 -9.76 0.17 107 219 211 236 192 
-0.13 -10.17 -1.14 -0.2800 -0.2100 -0.6300 -0.4244 -0.3511 0.1056 0.39 -9.76 -0.86 110 225 222 241 191 
-2.73 -9.10 -3.78 -4.9900 0.4200 -3.0600 0.5633 -6.1000 -2.5822 1.31 -9.64 -1.18 112 231 221 238 189 
4.28 -5.50 -5.13 1.3300 3.0900 -3.6400 1.2744 -7.9344 -4.2189 4.61 -7.81 -3.71 113 234 200 234 186 
8.05 -4.24 -3.81 2.8400 1.1300 -1.0600 0.0544 -0.6111 -1.5156 5.19 -6.49 -5.19 120 239 214 236 187 
11.50 -4.04 -4.98 5.5700 2.8200 -0.2500 -1.2333 7.1978 1.5122 7.08 -6.44 -2.10 127 253 249 255 194 
1.11 -5.13 -5.54 -3.5500 -0.3300 -8.7400 -0.8889 10.4500 0.8867 0.59 -8.54 4.77 150 270 265 268 197 
5.90 -7.72 9.17 1.3800 -1.9400 2.4800 -0.3411 2.0211 -0.4356 1.80 -7.02 6.59 151 276 275 271 197 
3.02 -8.76 6.57 0.6700 -1.4800 0.0100 -1.8011 0.1356 -0.0333 2.02 -8.01 5.26 149 273 272 261 193 
3.72 -8.90 -1.21 1.3400 0.7700 -3.3400 -2.1722 -5.9522 0.9622 2.77 -9.40 -0.17 120 223 227 238 188 
-0.44 -7.57 -0.66 -2.0200 1.7400 0.7000 0.1900 0.8778 0.5567 0.71 -9.74 -0.83 125 233 236 242 188 
-0.60 -10.06 -1.70 -3.6100 -0.5600 -1.4100 -0.5867 -4.7856 -2.0544 1.75 -9.50 -1.67 125 232 230 230 184 
4.18 -5.37 -6.09 -0.1100 2.8400 -2.4700 0.6367 -6.8056 -4.0456 3.90 -7.66 -4.70 124 235 233 229 181 
5.48 -3.99 -6.89 2.2400 2.5100 -1.1000 -0.5022 -2.1544 -1.9278 3.78 -5.94 -6.81 126 235 233 230 181 
8.04 -4.94 -8.06 4.0200 0.4800 -0.6600 -0.5000 2.1844 0.1456 4.95 -5.12 -6.73 147 247 240 235 184 
8.47 -1.32 -3.03 0.8100 3.5100 0.3500 -2.7078 9.1867 0.9822 8.26 -4.99 -1.72 161 258 242 253 190 
1.66 -4.41 -1.57 -4.2700 0.5500 -7.3800 3.0256 9.0856 -1.0156 2.04 -3.94 8.74 166 292 279 294 197 
;
