-4.23 1.95 8.69 0.0000 0.0200 0.0500 -0.0033 0.0400 -0.0122 -4.23 1.94 8.63 169 306 319 353 211 
-4.23 1.97 8.65 -0.0800 0.0100 0.0300 -0.0133 -0.0022 -0.0089 -4.23 1.92 8.63 169 307 319 352 211 
-4.33 1.94 8.65 -0.0500 0.0600 0.0200 -0.0011 -0.0333 0.0000 -4.22 1.92 8.63 170 305 320 350 212 
-4.46 2.73 11.04 0.5200 1.6700 4.7900 -1.1311 -2.2400 0.5556 -2.37 1.00 9.46 138 242 242 265 209 
-0.17 -2.20 11.28 -1.3200 2.4800 1.5600 -6.1411 -1.2233 1.4378 0.07 -7.33 6.50 114 213 202 220 201 
-3.11 -4.82 -1.60 -2.4500 4.3600 -4.1700 -2.7367 -0.7633 0.9511 -1.12 -9.67 1.14 116 235 212 232 200 
-3.89 -9.56 -3.39 -1.0100 0.2100 -3.9900 -0.1011 -5.7467 -0.9922 -0.62 -9.78 0.08 120 246 215 234 201 
0.66 -8.54 -2.91 -0.8900 0.0800 -2.5400 3.0644 -10.4489 -3.0789 3.54 -9.10 0.82 126 251 204 224 198 
8.92 -4.05 2.04 3.1000 2.3300 1.5800 0.2678 -1.5356 -1.1500 5.78 -7.87 -0.87 127 257 214 225 196 
6.32 -7.47 -0.02 0.1400 0.2100 1.1000 -0.6344 0.3411 -0.3511 6.38 -7.33 -1.25 130 257 214 226 196 
8.07 -7.41 0.40 1.8600 -0.8100 0.4500 -0.3833 4.4589 -0.5856 7.05 -6.60 1.64 140 274 246 251 199 
7.06 -7.86 4.96 1.8200 -1.7700 0.0100 0.0378 5.5067 0.7667 3.59 -6.38 6.51 172 309 284 294 203 
-0.69 -7.08 6.07 -0.6900 -0.0400 -0.9400 0.5311 -0.6667 1.1878 0.36 -6.02 7.72 172 296 284 286 204 
-0.82 -2.58 7.83 -2.0400 3.3800 -0.4900 0.0567 -0.9211 0.7211 0.23 -6.24 7.55 176 273 232 236 202 
-2.05 -3.64 8.46 -0.9200 3.4300 1.9500 -0.8344 1.4300 -1.0967 -0.49 -6.93 6.92 176 271 228 236 203 
0.57 -6.80 6.09 0.1600 0.0500 -2.4900 -1.9311 0.4322 -0.5933 -0.33 -8.43 4.98 175 260 212 206 200 
;
