5.45 1.73 8.14 -0.0100 0.0700 0.0900 -0.1333 -0.1733 0.0378 5.51 1.58 7.95 173 289 247 242 188 
5.34 1.57 7.96 0.0700 0.0100 0.1200 0.0667 0.0656 0.0222 5.35 1.63 8.04 172 291 245 244 187 
5.61 1.63 8.04 0.2600 0.1300 0.0900 -0.1200 0.0711 0.1211 5.39 1.43 8.06 172 288 247 244 190 
5.28 1.63 10.00 0.5000 0.8700 2.1100 -0.8567 -3.2044 1.0789 7.22 0.11 6.62 172 289 248 244 188 
5.96 -2.16 7.65 -1.2500 1.8600 1.5500 -3.5511 -0.7356 2.0933 6.89 -4.56 5.27 148 250 199 212 187 
3.37 -6.39 0.39 -1.4400 2.2100 -2.9600 -3.4411 1.3300 2.1267 3.33 -8.97 2.10 123 204 165 199 178 
0.49 -7.38 -1.30 -0.7200 2.3300 -0.6100 -0.8400 -0.3311 1.0067 1.09 -9.74 -0.19 126 199 168 192 181 
-0.44 -9.54 -1.02 -1.9700 0.3300 -0.8700 -0.3556 -3.3556 -1.5333 1.67 -9.60 -1.09 130 201 175 190 178 
2.49 -8.80 -2.19 -1.3900 0.4300 -0.8700 0.2578 -4.0400 -2.3378 3.68 -8.73 -2.52 129 197 177 199 179 
5.16 -3.62 -7.37 2.3100 4.6600 -2.0800 0.6867 -5.7656 -3.5100 4.19 -6.75 -5.74 132 197 165 198 175 
5.90 -4.87 -5.90 0.9900 0.4600 0.2900 0.0267 -0.4367 -0.6333 4.01 -6.01 -6.61 132 209 182 202 178 
4.96 -6.15 -5.88 1.2600 0.5100 0.6200 -0.4856 0.6889 0.2422 4.53 -5.81 -6.47 134 215 189 204 177 
6.17 -4.60 -5.42 0.8000 0.4300 0.1700 -0.3844 2.0278 0.3989 5.94 -5.69 -5.33 151 237 170 194 177 
6.07 -8.16 -6.36 0.7500 -1.2400 -0.8200 1.3856 -2.4500 1.7000 3.70 -7.02 -5.75 158 279 148 163 167 
1.99 -8.94 -4.45 -0.0600 0.2900 -0.5500 2.0711 0.2556 0.9433 1.84 -9.09 -3.17 143 265 155 157 160 
1.02 -7.63 -2.64 -1.4700 2.1600 -1.9700 3.8522 0.6433 -0.4800 2.02 -9.46 1.56 132 244 158 156 161 
2.25 -3.08 7.02 0.0500 5.1600 4.2700 2.4900 1.0989 -0.9389 2.76 -6.65 6.64 129 250 165 165 164 
1.79 -7.77 6.87 -0.7600 -1.0100 0.2200 -0.2922 -0.3244 0.1567 2.47 -7.08 6.31 134 247 164 168 167 
2.02 -5.77 8.59 -1.3200 1.4200 1.9700 -1.9622 0.1489 -0.6889 2.96 -7.83 5.09 157 267 179 175 170 
3.13 -5.28 2.43 1.8300 2.0900 -2.2800 -0.4422 2.3722 -4.8289 6.19 -6.26 4.30 170 212 186 186 176 
3.63 -4.42 0.61 0.4200 1.8900 -3.6300 -0.1022 0.4711 -2.5222 7.36 -3.84 5.21 174 172 166 169 171 
-9.82 1.96 12.42 -9.9900 3.2200 5.5700 2.0611 2.7056 -0.9933 -1.51 1.02 9.63 175 165 165 171 173 
-5.53 2.69 13.13 0.3100 -0.8800 2.7000 0.7622 1.6511 -0.4989 -4.30 2.07 8.56 180 175 171 174 171 
-2.92 2.81 8.31 0.3300 0.3700 0.2300 0.1378 -0.3189 0.3156 -4.31 2.31 8.49 179 175 172 175 173 
-4.52 2.42 9.24 -0.5900 0.0400 0.4500 -0.1478 -0.0311 -0.2144 -4.21 2.23 8.56 178 181 172 178 172 
;
