-1.98 5.60 7.79 -0.5400 -0.3700 -0.0300 0.0444 -0.4989 -0.6944 -1.29 5.96 7.67 189 325 336 380 225 
-1.02 5.70 7.57 0.0600 -0.2600 -0.0400 0.0733 -0.4567 -0.6189 -1.26 5.94 7.69 190 326 339 383 226 
-1.24 5.69 7.60 0.0000 -0.2500 -0.0400 0.1889 -0.4711 -0.5822 -1.21 6.00 7.65 186 325 338 381 226 
-0.92 5.89 8.05 0.1700 -0.0700 0.4900 0.0122 -0.5200 -0.3767 -1.00 5.97 7.70 189 319 336 379 225 
0.67 10.80 17.71 2.7300 5.8200 9.7700 -6.3044 -2.4344 0.2856 1.30 2.29 9.44 176 261 265 277 221 
2.38 0.57 5.87 -0.6600 5.4800 -3.7300 -8.4911 -0.3489 2.2289 1.85 -7.86 5.55 147 213 201 227 219 
-2.00 -4.02 -2.62 -3.2000 5.3700 -3.9900 -2.6867 -2.7300 1.2956 0.13 -9.80 -0.28 145 209 187 211 205 
-0.12 -6.32 -8.04 -1.0100 3.6600 -8.7100 -0.0344 -13.8878 -5.3578 3.02 -8.87 -2.88 145 206 198 214 198 
8.20 -4.74 -5.43 5.3300 2.0100 -0.9900 -0.2344 -1.7478 -1.7156 2.91 -7.93 -4.97 152 217 201 218 198 
8.85 -6.12 -4.78 7.1100 2.0800 -0.4000 -0.8156 7.7567 0.4856 5.12 -7.89 -2.74 181 244 261 263 211 
5.20 -8.12 -3.44 -1.1800 -0.0300 -3.7900 -2.8867 5.0089 2.8756 2.32 -9.52 -0.26 184 322 320 328 217 
0.16 -7.90 -9.84 -0.6100 0.8600 -8.7500 1.1900 0.6722 0.5633 0.85 -9.72 -0.89 184 328 331 336 221 
0.01 -3.18 -3.90 -1.4400 6.8000 -7.7900 6.0089 -1.0978 -0.7567 1.56 -7.50 6.11 186 328 332 347 215 
2.10 9.59 9.75 1.1800 11.1100 0.6900 6.3178 2.5478 0.6822 -0.74 1.38 9.67 189 333 347 340 216 
-5.99 5.45 19.58 -4.1700 1.9400 8.6800 -0.4056 -2.4600 -1.2378 -0.12 3.24 9.25 193 330 346 331 216 
-1.14 3.46 7.09 -0.8900 1.4500 -3.3700 -0.5956 -1.0889 -1.8944 0.18 1.92 9.61 187 301 328 321 214 
2.80 2.85 3.92 2.4600 0.7100 -5.4400 3.3278 1.3233 -2.8867 -0.55 3.74 9.04 190 311 333 356 221 
2.39 5.76 13.51 1.4600 -2.7400 0.3800 0.8622 -0.9144 -0.4678 -0.17 5.43 8.16 190 317 344 366 224 
;
