3.14 4.66 8.09 -0.0900 0.0600 0.2000 -0.1022 -0.0456 0.0511 3.14 4.63 8.04 175 271 262 246 185 
4.59 6.38 13.03 1.2300 2.7000 5.1200 -3.0244 -2.7778 1.0344 5.36 2.54 7.80 171 267 250 243 186 
10.71 -0.66 7.70 1.4300 2.7800 0.6500 -5.7822 0.8878 3.2533 6.50 -5.31 5.06 117 215 188 219 179 
2.59 -3.00 -3.32 -2.3400 5.0200 -5.2800 -3.5500 3.3956 3.7878 0.82 -9.77 0.10 123 200 173 199 177 
-0.92 -9.02 -2.06 -2.3900 0.6000 -0.3900 -0.7144 -1.9267 -0.8433 0.60 -9.63 -1.72 125 197 177 193 171 
1.55 -9.15 -7.28 -0.6800 2.2700 -3.7700 0.9356 -7.8222 -4.9344 3.28 -8.41 -3.82 128 192 175 192 167 
7.95 -3.56 -6.22 2.8000 2.1700 -0.5800 0.6289 -3.7211 -3.4022 3.22 -6.53 -6.56 131 203 184 198 165 
7.32 -5.54 -6.37 2.4500 0.4900 0.5200 -0.4144 0.8411 0.1867 4.22 -5.92 -6.57 131 202 182 200 168 
4.82 -5.39 -6.36 0.4400 0.5100 0.2500 -0.1578 1.0022 0.1633 4.75 -5.79 -6.32 142 212 190 197 168 
7.37 -4.44 -4.95 1.3600 1.3500 -0.3500 -0.3833 3.8656 0.5822 7.05 -5.86 -3.45 154 218 197 199 169 
6.45 -5.97 -1.61 -1.0100 -0.1200 -0.3200 -0.0511 1.1156 -0.3433 7.92 -5.73 -0.68 155 234 209 206 172 
9.76 -5.50 0.02 1.3000 -0.3200 -0.3100 0.2356 0.9889 -0.6578 8.56 -4.74 0.63 156 239 214 209 169 
11.37 -8.88 2.66 3.2000 -4.5700 0.7300 3.1333 0.5444 -0.3489 8.66 -3.63 2.81 158 239 175 184 172 
8.51 -3.23 5.54 0.6300 -0.1900 -0.4200 1.7833 0.2933 0.9889 8.10 -2.35 4.99 136 199 161 167 167 
4.79 1.35 3.21 -3.1700 3.2000 -2.2400 1.0800 0.7389 -0.2756 7.65 -1.32 5.98 134 181 155 161 162 
7.26 2.33 5.06 -0.0600 3.2700 -1.0700 -0.7222 0.6500 -0.6000 7.26 -0.95 6.51 127 165 158 165 166 
7.09 -0.76 5.77 0.2900 -0.0700 -1.0200 -1.2244 0.4267 -0.4133 6.86 -1.58 6.82 129 166 159 168 165 
5.96 -4.76 6.68 -0.3800 -2.1900 -0.1200 -0.9433 0.3889 -0.2200 6.75 -2.57 6.62 129 174 161 171 166 
6.87 -3.87 7.43 -0.0600 -1.0000 0.8400 -0.1789 -0.8111 0.2100 7.07 -3.07 6.05 137 231 167 175 170 
7.52 -5.88 4.81 0.0700 -2.7300 -0.2900 2.0100 -2.0500 0.0611 8.39 -2.65 4.31 128 317 166 170 171 
8.95 -0.24 1.79 0.3500 1.9000 -3.2000 1.6156 -1.0056 1.0189 8.88 -1.41 3.89 118 337 166 155 167 
9.34 3.28 3.02 0.7300 4.7800 -1.1000 0.9278 0.3700 0.4178 8.69 -1.07 4.40 106 335 163 158 169 
8.08 -0.37 4.08 0.0200 0.8600 -1.1200 -1.1756 0.9233 -0.4756 7.85 -1.64 5.64 113 342 168 165 166 
6.74 -2.05 5.20 -0.6400 -0.3400 -1.2000 -1.1222 0.6956 -0.6044 7.17 -1.98 6.37 114 350 169 168 171 
6.92 -3.24 6.63 -0.3700 -1.1400 0.6200 -0.6289 -0.2378 -0.1500 7.19 -2.19 6.28 115 356 170 169 167 
7.31 -2.73 7.10 0.0200 -0.3900 0.7500 -0.1644 -0.1367 0.1178 7.26 -2.38 6.13 111 358 171 170 168 
5.99 -0.54 5.89 -1.2000 2.5700 -0.0900 -1.2133 0.9611 0.3267 6.96 -3.19 6.12 137 322 175 171 170 
2.40 -4.62 0.62 -3.6300 -0.6000 -5.4300 -0.6411 1.4600 -2.6956 6.97 -3.43 5.97 152 277 192 192 176 
;
