2.37 5.27 7.61 0.1800 0.0800 -0.5300 -0.3044 -0.6756 -0.1944 2.64 4.85 8.10 183 299 285 288 215 
2.39 4.78 8.03 -0.4400 0.2400 -0.0400 -0.0711 -0.2444 -0.1433 2.92 4.74 8.06 182 302 291 289 217 
3.04 4.45 8.19 0.2300 0.1000 0.5100 0.2256 0.2933 -0.1544 2.83 4.76 8.08 184 298 295 291 221 
1.66 7.80 15.97 2.2600 5.1400 9.0900 -3.3678 -1.4978 -0.1544 3.04 2.89 8.86 179 295 255 283 219 
1.11 2.93 8.17 -1.4000 6.5100 -3.7600 -7.6211 -1.2567 2.2989 2.30 -6.51 6.96 147 258 213 237 217 
-1.62 -5.77 -5.26 -1.8400 4.6100 -5.2800 -2.5689 0.1967 1.1589 -0.61 -9.77 -0.54 148 222 189 214 213 
-6.02 -7.82 -4.72 -1.9000 2.5600 -4.0800 0.9644 -8.7389 -4.3122 1.35 -9.65 -1.00 150 221 187 210 204 
8.39 -3.16 -9.18 3.3100 4.1000 -4.7400 2.0522 -8.0711 -4.1067 4.81 -7.18 -4.62 157 227 190 214 199 
9.54 -4.65 -3.74 4.9800 2.7700 1.8900 -0.1356 1.1267 -0.2200 5.37 -6.73 -4.67 162 234 194 219 200 
11.41 -4.48 -3.36 4.6300 1.1700 -1.1700 -2.3522 9.2733 0.7844 7.26 -6.58 0.02 179 292 213 232 203 
5.57 -7.65 -4.47 -1.6300 0.0800 -7.7900 -3.0178 11.2800 -0.4633 1.36 -8.77 4.16 184 385 185 199 207 
0.46 -2.12 0.90 -0.4400 6.6700 -4.4200 1.8356 0.6822 -0.2422 0.66 -7.47 6.31 188 385 175 196 206 
4.06 -1.77 10.81 3.9300 3.2100 3.4400 3.8011 -0.4311 0.1033 0.75 -2.85 9.35 189 368 178 201 205 
0.69 -4.83 19.00 -0.7500 -3.1700 9.6700 -0.5256 -0.5167 2.6733 1.12 -1.74 9.58 187 343 185 207 205 
-1.32 -4.55 12.14 -2.4800 0.7100 3.3000 -2.6822 0.2278 0.8511 0.42 -5.48 8.12 188 332 187 210 206 
-3.77 -2.20 6.21 -3.6000 5.1700 -0.9900 -3.0378 1.0189 -1.0611 0.58 -8.54 4.77 186 331 189 212 204 
1.19 -3.10 1.88 0.0900 6.1300 -1.7700 -0.1778 1.3767 -1.2211 1.65 -8.96 3.61 186 307 190 212 206 
4.90 -3.88 3.33 3.3600 2.0200 -1.4300 2.5989 0.7956 -0.7511 2.29 -7.37 6.03 186 316 193 212 205 
4.93 -11.41 12.75 1.2600 -4.3400 4.6500 -0.8989 -0.2944 0.6289 2.62 -6.61 6.74 182 307 195 211 204 
0.70 -1.90 2.57 -1.6300 4.8400 -4.3100 2.0156 1.3344 -0.3411 2.00 -5.98 7.50 186 310 285 295 210 
-1.83 2.67 5.19 -5.0300 4.0300 -2.3000 7.1267 1.4956 -0.8211 -0.56 2.43 9.48 189 361 345 367 212 
-4.18 0.67 22.44 -0.3400 -1.6900 8.8300 1.4311 -1.1956 -0.3289 -0.25 4.98 8.44 187 349 350 371 216 
;
