0.47 7.05 6.68 0.0200 -0.0300 -0.1000 -0.0200 -0.1378 -0.0789 0.47 7.09 6.75 190 319 326 341 221 
0.50 7.02 6.68 -0.1600 -0.0400 0.0000 0.0233 0.0000 -0.0222 0.48 7.09 6.74 189 318 326 345 222 
-0.66 9.39 10.55 -1.4700 3.0200 5.3200 -1.9478 -2.0844 0.4267 1.84 6.15 7.40 187 281 268 282 221 
4.20 4.56 12.40 1.7000 4.8200 1.7700 -7.6800 0.0156 0.6867 1.93 -4.13 8.68 145 217 213 242 218 
-0.97 -2.80 -2.19 -2.4500 5.3600 -5.6900 -3.2967 -0.1078 1.2189 0.19 -9.63 1.83 141 204 193 221 212 
-3.18 -6.86 -1.08 -4.1800 1.8000 -1.8200 -0.2300 -3.6522 -1.2222 0.54 -9.78 0.46 139 209 198 217 206 
3.71 -7.94 -10.27 -0.7100 1.9000 -9.8900 1.3156 -11.6178 -4.2933 3.90 -8.29 -3.48 144 219 192 218 204 
13.24 -1.28 -6.77 8.8800 4.2900 -1.3700 0.0700 -0.5022 -1.4644 4.01 -7.42 -4.99 149 235 201 223 202 
8.93 -5.07 -3.88 4.5000 1.7600 0.3700 -1.9789 4.4567 1.1644 5.17 -7.19 -4.20 164 246 226 237 202 
13.65 -3.98 -5.11 7.1000 3.3800 -5.5000 -6.0033 14.5267 2.8611 4.72 -8.53 1.04 181 268 267 273 209 
2.79 -9.98 -3.20 1.1600 1.0500 -1.7300 -2.8311 2.3667 1.2733 1.39 -9.42 -2.30 181 273 260 256 209 
0.30 -9.87 -11.55 -0.5600 -0.7400 -8.0500 6.4411 1.2511 0.1611 0.84 -9.75 -0.53 180 286 267 272 213 
2.78 3.16 14.87 1.5800 9.5200 10.3000 -0.1078 0.9422 0.4156 1.03 -7.54 6.17 183 297 276 277 214 
0.60 -6.99 5.24 -0.3700 1.5300 0.1200 -4.0989 -0.2989 0.3889 0.51 -9.49 2.38 178 280 268 271 215 
-1.22 -12.53 -13.66 -0.5900 -3.4900 -12.2800 1.5644 -0.9622 -0.0244 0.13 -9.76 -0.89 176 271 272 260 215 
2.20 0.39 12.52 1.4400 9.8900 9.3900 3.6878 1.1822 -0.5289 0.89 -7.69 6.01 182 292 277 265 215 
1.00 -5.39 6.02 0.1900 2.7800 -0.4000 -2.5000 -0.1122 0.6489 0.31 -9.13 3.56 180 278 270 265 214 
-2.06 -7.38 -3.30 -1.4900 2.0000 -5.1500 1.6422 -2.7589 0.3200 -0.93 -9.61 1.66 179 262 258 257 212 
1.46 -0.08 5.83 0.8300 5.1100 0.5400 5.9822 -0.0078 -0.6656 1.25 -4.08 8.82 182 289 274 288 216 
-3.00 4.56 15.79 1.4800 1.1900 6.2300 3.7100 1.1089 -0.2567 -0.55 3.31 9.21 184 301 302 324 219 
;
