6.99 2.39 6.50 -0.0100 -0.0600 -0.0200 -0.0278 0.0078 -0.0100 6.92 2.38 6.51 174 294 240 223 185 
8.51 2.38 6.08 0.6300 0.4000 0.5900 -0.7322 -0.1044 0.2356 7.78 1.80 5.67 173 296 235 225 185 
9.98 -0.64 7.53 2.4100 2.7500 3.6300 -5.3256 -0.1567 1.0878 7.43 -2.73 5.78 134 250 201 222 184 
7.36 -5.13 4.76 1.7200 3.0400 -1.4400 -4.8356 2.0733 2.5567 3.84 -8.28 3.56 96 204 181 214 183 
-1.06 -5.23 -1.40 -1.8300 3.8700 -1.6700 -1.9578 -0.0644 1.5267 0.41 -9.77 -0.61 115 200 180 207 181 
-1.02 -8.59 -2.08 -1.7300 0.4400 -0.8800 -0.7411 -2.7889 -1.9578 1.22 -9.55 -1.83 112 203 183 206 178 
-1.65 -6.16 -9.01 -1.1500 4.6600 -6.5200 0.7222 -8.3333 -6.2256 4.09 -7.51 -4.79 118 200 180 204 177 
9.93 -3.62 -5.34 4.0900 1.0500 0.1800 0.7411 -1.3933 -1.7367 4.07 -6.21 -6.39 118 208 183 208 177 
6.14 -5.30 -4.30 1.0800 0.5800 1.3500 -0.1989 0.9289 -0.0522 5.01 -6.18 -5.72 124 207 183 206 177 
5.43 -4.10 -3.93 -0.6700 1.4200 1.3300 0.6611 2.0300 -1.1722 7.01 -5.68 -3.83 142 227 190 204 177 
8.68 -2.37 -1.54 -0.7000 0.7700 -1.5400 1.9367 5.7844 -3.6267 9.19 -1.51 3.06 155 291 208 197 177 
9.82 2.90 10.85 5.5600 0.7300 4.8100 1.7367 -0.5456 -0.5056 6.43 3.17 6.68 161 334 204 200 178 
8.25 2.88 7.97 1.2000 -0.0100 2.0000 0.2900 -0.0922 0.8156 7.18 2.78 6.05 158 341 210 201 180 
8.59 2.50 9.00 0.4400 0.3000 3.1700 -1.0900 -0.6300 1.6433 8.08 0.79 5.48 159 338 206 198 181 
4.37 -0.67 5.20 -4.1200 0.1700 -0.1500 -1.3767 -0.3889 0.2000 8.35 -1.43 4.93 158 341 201 199 178 
5.19 0.25 0.40 -3.3400 1.4800 -3.3800 -0.3278 -0.9300 -1.7333 9.23 -0.27 3.29 158 337 197 196 180 
10.55 3.42 -0.48 -0.1900 1.3900 -2.3500 0.2756 -0.8400 -1.1411 9.44 2.04 1.67 155 327 201 200 181 
10.16 2.58 1.06 0.9100 -0.3500 0.4700 0.2678 -1.3811 -0.3200 9.35 2.92 0.30 151 321 202 201 181 
10.93 3.18 -1.30 1.7900 -0.2900 -0.8900 0.8022 -0.3822 -0.4633 9.03 3.77 -0.57 146 324 199 201 181 
11.69 4.71 0.17 3.1900 1.1300 1.0400 0.5822 0.7644 0.3744 9.10 3.57 -0.68 154 326 198 202 183 
12.79 3.48 0.76 1.3500 0.5600 1.3700 -0.1111 0.9700 2.0600 9.70 1.39 0.30 145 333 202 200 181 
3.65 -0.68 0.47 -6.6600 -0.5900 -0.5800 -0.2767 0.7211 0.1944 9.72 -0.48 1.12 151 317 199 199 182 
12.53 1.00 1.45 2.9600 1.0000 0.6300 -0.5711 0.4722 0.0044 9.65 0.08 1.73 162 286 206 207 180 
13.22 1.03 5.25 1.8600 2.4600 1.5100 -5.1711 6.0900 2.0678 7.06 -4.11 5.40 172 295 236 234 184 
4.87 -5.39 0.89 -0.2500 1.9500 -3.0200 -4.0411 0.6300 1.4133 4.72 -8.48 1.38 167 306 240 237 185 
6.93 -7.68 -3.28 1.9600 2.7800 -0.5600 -0.1811 1.0300 0.7956 4.15 -8.88 -0.07 167 313 252 247 184 
4.27 -8.50 -3.38 0.7700 0.9400 -4.0400 1.5756 0.5889 1.3578 2.77 -9.35 0.95 161 311 256 251 182 
-0.53 -0.10 1.42 -2.9700 8.8600 -2.8300 6.5889 -0.1411 0.8656 0.86 -5.67 7.94 170 302 248 248 184 
-0.29 2.83 16.42 0.1600 2.8800 7.6000 3.4278 0.0722 0.1556 -0.11 1.32 9.71 160 302 255 238 184 
;
