2.18 -1.58 9.59 0.2100 -0.0700 0.1700 -0.0233 0.0422 0.0200 1.96 -1.53 9.48 173 308 257 248 186 
1.88 -1.50 9.50 -0.0500 0.0000 0.1400 -0.0256 -0.0944 -0.0033 1.96 -1.58 9.47 172 313 257 250 186 
3.02 -2.72 14.17 2.1000 0.0900 5.1400 -2.6400 -0.6322 0.3589 2.46 -3.82 8.68 152 294 248 242 187 
3.69 -5.59 6.96 0.7500 2.0600 -0.5400 -4.2722 -2.4156 1.9600 2.47 -8.63 3.92 126 225 200 209 182 
-0.64 -6.08 -0.40 -1.9400 3.3200 -0.6400 -2.5667 -1.4867 1.2722 -0.11 -9.72 -1.23 122 219 192 206 179 
-2.48 -7.75 -2.68 -1.9100 1.3200 -0.4400 -0.7044 -0.9367 -0.5011 -0.53 -9.33 -2.94 123 220 193 206 176 
-2.89 -8.22 -5.23 -0.3600 1.6900 -2.5900 0.1733 -5.2344 -4.9233 2.10 -8.95 -3.38 124 217 194 205 176 
6.90 -6.71 -4.81 1.3600 0.0600 -1.0400 1.5522 -4.9111 -3.3356 4.16 -7.48 -4.76 125 220 185 206 175 
7.41 -3.36 -4.02 3.2400 3.2600 1.9000 -0.0844 -0.4944 -1.5344 4.74 -6.38 -5.73 131 223 202 209 176 
6.58 -6.08 -5.51 2.0500 0.0300 0.6000 -0.7711 0.2244 0.1956 5.26 -5.57 -6.11 131 229 195 210 178 
5.55 -4.46 -4.50 -0.7000 0.5900 1.4500 -0.7144 0.8267 0.3756 5.68 -5.28 -5.99 148 258 193 200 177 
6.55 -5.96 -9.16 2.3500 -1.6800 -2.6100 0.5433 -1.9922 1.2300 2.98 -5.47 -7.57 158 291 159 162 165 
-0.85 -7.04 -10.33 -1.3000 0.6700 -2.7100 3.6544 0.2322 0.7300 0.72 -8.67 -4.52 130 288 146 167 160 
-0.57 -5.83 -4.31 -0.8300 3.8000 -3.0000 4.2033 1.1200 -0.3478 0.84 -9.63 1.62 127 285 146 169 163 
-0.41 -2.23 15.19 -0.8400 5.1300 8.5900 -1.3256 0.4811 -0.0067 0.75 -8.83 4.19 131 285 160 171 165 
0.30 -11.06 1.67 -0.7600 -1.5000 -0.6100 -0.2689 0.4067 -0.5844 0.98 -9.41 2.57 152 286 166 176 167 
-0.51 -7.24 5.59 -1.8400 2.4000 2.3000 -2.4222 4.0067 -4.0633 4.16 -8.77 1.37 170 204 172 183 173 
4.88 0.94 -2.03 -0.7900 6.7300 -2.7400 1.4489 1.6600 -5.1900 8.59 -4.10 2.32 173 153 139 167 169 
14.11 2.13 -0.26 5.2900 2.3400 -0.2100 1.8789 -0.8122 -1.9067 9.73 0.34 1.11 176 152 158 169 170 
12.78 1.53 2.75 3.4000 0.8500 2.1900 -0.2422 -0.3900 0.1967 9.77 0.73 0.03 179 154 163 171 170 
9.76 1.24 0.36 -0.5600 0.4700 0.0000 -0.0767 0.1233 0.1333 9.78 0.51 0.32 177 157 166 170 169 
;
