-4.37 2.90 8.37 -0.0500 0.1400 0.2700 0.0656 0.0400 0.0311 -4.34 2.88 8.30 175 313 319 352 211 
-4.39 3.92 12.07 -0.8700 0.8500 3.9900 -0.6967 -2.0022 0.5856 -2.83 2.78 8.96 158 312 315 320 209 
-0.02 3.37 14.18 0.1700 2.4600 4.0200 -4.2789 -2.9156 1.8056 0.50 -1.38 9.69 117 293 303 299 209 
-1.63 -1.90 4.49 -2.7000 3.1300 -3.3300 -4.5767 -4.0978 2.5811 2.12 -8.40 4.58 104 233 209 213 199 
-1.05 -6.70 1.48 -2.3000 2.6800 -0.7100 -1.6544 -0.3978 0.9500 0.99 -9.65 1.39 106 240 215 218 199 
0.20 -9.24 -0.31 -0.3600 0.2900 -0.6900 -0.4400 -0.0078 0.7067 0.02 -9.80 0.20 111 242 218 220 199 
-4.63 -10.24 -2.50 -5.1500 -0.4300 -2.8500 0.9600 -5.8933 -3.1056 1.18 -9.73 0.18 113 237 198 215 197 
7.40 -3.02 -4.17 2.2300 4.9400 -3.7800 1.6367 -6.7922 -2.4544 6.14 -7.37 -2.02 119 238 209 216 195 
8.35 -5.61 -1.92 1.8300 0.6200 0.7400 0.2078 -0.6656 -1.0167 7.08 -6.15 -2.82 121 240 203 217 194 
8.73 -6.26 -1.00 1.4300 -0.5100 0.7800 0.1200 2.7933 -1.2933 8.21 -5.28 -0.79 154 257 192 224 195 
9.07 -7.39 -0.53 -0.9400 -2.5000 -2.0500 2.0778 1.5844 -1.3033 8.90 -3.50 2.14 176 298 188 196 195 
8.70 1.51 2.23 -0.7300 4.4600 -1.3300 -0.3544 1.2411 -0.3322 8.90 -1.85 3.66 184 309 184 188 196 
7.91 1.52 3.23 -0.1800 2.4700 -1.5300 -1.2178 1.3367 -0.5822 8.07 -1.63 5.31 184 310 189 195 197 
6.39 -5.28 4.82 -1.5100 -2.6600 -0.9600 -1.4644 0.8167 0.7311 7.12 -3.55 5.73 184 304 198 195 199 
2.31 -5.86 5.89 -4.2800 -0.7200 0.3700 -1.1622 1.2067 -0.2033 6.27 -4.80 5.80 183 282 218 217 199 
;
1.94 -3.11 0.15 -2.6000 2.0800 -8.7800 -1.3567 11.8011 -4.3233 -0.02 -5.87 7.85 178 280 262 259 201 
-7.67 2.06 8.45 -2.7200 4.3100 5.6100 7.3167 -1.2033 -0.5600 -3.25 1.43 9.13 182 305 305 309 207 
-8.42 1.10 18.16 -4.6800 -2.2800 8.4400 -0.2922 -2.9811 0.4778 -2.99 2.38 9.02 178 313 276 300 207 
1.05 2.74 14.54 1.7900 3.2500 3.7800 -7.0778 -1.5678 1.0544 -0.45 -4.57 8.66 132 279 258 266 207 
-1.53 -3.34 1.20 -1.6700 6.4100 -3.4500 -5.5967 -1.8233 1.2811 -0.62 -9.73 0.95 114 256 241 246 206 
-3.77 -7.63 -3.05 -2.5400 1.6600 -1.0700 -0.5011 -0.7278 -0.0889 -1.29 -9.56 -1.72 115 263 242 245 203 
0.37 -8.79 -7.14 0.0900 1.8400 -7.4400 3.8500 -10.4856 -4.9256 3.27 -9.23 0.31 120 265 227 236 198 
6.99 -2.79 -3.22 1.9900 5.3600 -2.0900 2.5844 -5.4522 -2.6033 7.10 -6.59 -1.49 122 272 230 236 197 
10.68 -4.86 -0.96 2.6500 0.5200 0.8900 -0.4622 0.8944 -0.1122 7.71 -5.75 -1.88 135 270 227 235 196 
11.61 -6.49 0.05 2.4400 -1.9000 -0.2400 -0.3878 4.4589 -0.7756 8.29 -4.99 1.53 170 267 170 190 192 
5.51 -4.57 1.10 -2.2000 1.3900 -1.3600 3.3489 1.1122 -1.4811 8.24 -2.52 4.67 181 307 183 186 194 
8.12 2.86 3.34 -0.1000 4.9900 -1.8000 -0.7844 0.9700 -0.0500 7.77 -2.59 5.37 183 307 179 185 194 
7.55 -3.26 4.02 0.0000 -0.3600 -1.6100 -1.5011 0.7156 0.2522 6.95 -3.89 5.70 183 308 183 185 196 
4.20 -8.31 5.21 -1.6500 -2.9000 -0.2200 -0.0611 0.2533 -0.0067 6.49 -4.56 5.75 183 305 194 195 196 
4.09 -2.51 6.36 -2.4500 2.7500 0.7300 -1.1056 0.6122 -0.1400 5.87 -5.17 5.89 183 285 211 233 200 
-0.31 -5.43 -0.35 -3.0500 2.0000 -6.3100 -1.6900 9.5278 -4.2922 1.19 -6.45 7.28 177 280 261 268 202 
-1.13 3.28 12.45 0.9600 4.6400 2.0100 4.3211 0.9789 -1.9722 -1.24 0.21 9.72 181 321 303 334 202 
;
