6.68 1.58 7.03 0.0100 -0.0200 0.0000 0.0289 0.0289 -0.0322 6.64 1.61 7.02 174 299 248 234 183 
7.17 2.25 7.97 1.7500 1.0900 3.0600 -1.3533 -1.6578 0.4856 7.68 0.94 6.01 141 307 241 235 185 
10.91 -1.32 6.34 1.6000 -1.0600 0.3100 -4.1622 1.5289 2.5844 7.35 -4.02 5.09 132 212 178 221 187 
4.27 -3.25 1.42 -1.1700 3.4500 -2.3300 -3.9333 1.6811 3.3078 2.80 -9.12 2.26 118 194 166 205 179 
0.35 -7.50 -1.52 -1.1200 1.5100 -0.5600 -0.4244 0.3511 0.8333 1.13 -9.74 -0.01 120 198 168 205 178 
-0.89 -8.86 -3.66 -2.3700 0.8300 -4.6400 0.3400 -5.9011 -3.9256 3.85 -8.86 -1.61 121 197 178 200 176 
8.31 -3.65 -6.45 1.8800 3.4900 -0.7900 0.6389 -6.4944 -3.2967 4.57 -6.29 -5.96 123 197 180 203 176 
5.08 -4.47 -6.94 3.7000 2.6500 0.2300 -0.1178 -0.7100 -1.4078 3.85 -5.13 -7.40 129 201 179 204 175 
8.80 -4.27 -6.98 4.6100 0.5700 -0.2800 -0.2556 3.8133 1.5944 5.19 -5.26 -6.43 149 216 194 214 174 
6.87 -4.36 -3.68 1.2000 1.8200 -0.7900 -1.7478 5.4422 3.8578 5.55 -7.83 -1.99 163 256 244 240 179 
2.34 -7.27 -5.06 -2.3300 1.1800 -3.4800 -1.2844 1.0122 0.9056 3.84 -8.71 -2.33 164 276 255 253 181 
2.86 -8.85 -4.49 -0.9700 -0.1800 -1.9700 0.5744 0.1211 0.2711 3.46 -8.96 -1.92 164 279 261 253 180 
1.39 -7.09 -5.83 -1.3000 2.5300 -4.4400 4.7344 0.0867 -0.6633 3.81 -8.90 1.50 165 282 262 250 182 
3.30 -0.81 6.29 0.7900 5.3700 0.1800 5.4389 1.8089 0.2522 2.51 -4.56 8.30 169 281 262 241 181 
1.66 -0.18 14.58 -0.4100 0.2400 6.9900 1.5411 -0.2444 0.3378 1.66 -0.28 9.66 170 276 262 244 183 
2.19 -0.90 11.81 -0.2700 -1.0100 1.7900 -0.3278 -0.3078 -0.4211 2.13 -0.25 9.56 170 278 255 242 184 
2.16 -1.89 8.61 -0.3600 -1.7700 -0.9400 -1.6967 -4.6344 -1.7700 6.09 -1.09 7.60 169 208 184 189 177 
12.97 0.77 -1.82 2.6300 0.7600 -5.1000 1.7800 -2.5878 -0.2733 9.70 0.38 1.32 134 182 154 175 173 
12.26 5.12 -1.32 6.6600 4.7900 -0.2700 2.6056 -0.8322 -0.9978 9.50 1.51 -1.87 155 178 151 171 157 
11.54 2.70 2.86 2.7900 1.6900 4.1000 -1.2900 0.9256 0.3356 9.49 1.56 -1.87 154 184 157 180 163 
9.71 3.51 -2.03 -0.5300 1.9300 -1.0000 -2.2689 0.3222 0.8722 9.68 1.00 -1.18 145 183 158 181 165 
5.93 -0.21 -6.79 -2.5700 -0.7600 -4.9800 0.4689 -0.6133 -0.9544 9.63 1.46 -1.11 133 183 158 177 163 
8.18 -0.17 12.11 1.4300 -1.7500 14.3900 -1.8089 -2.3278 0.0856 8.90 2.23 -3.45 131 173 157 174 149 
9.29 0.57 -1.12 1.0000 -1.2200 -0.7500 -2.2400 1.4044 0.6011 9.65 1.40 -0.97 152 193 172 183 164 
6.78 0.63 -0.36 -0.4600 0.6400 -2.6500 0.6689 4.1167 -0.5656 8.90 1.10 3.96 162 233 199 196 169 
;
