-0.85 6.22 7.55 -0.1500 0.2000 -0.1300 -0.0422 -0.0211 -0.0078 -0.70 6.04 7.69 188 321 332 358 221 
-0.51 5.99 7.71 0.1400 0.0200 -0.0200 -0.0778 -0.0856 -0.1044 -0.67 5.96 7.75 186 319 326 357 220 
-0.64 5.82 7.82 -0.0100 -0.0300 -0.0300 -0.1000 -0.1400 -0.1167 -0.61 5.82 7.86 188 318 312 351 221 
-1.42 7.42 10.00 -0.1100 2.2000 2.5000 -1.8300 -1.8133 0.2067 0.85 4.74 8.54 183 309 281 282 220 
9.55 4.81 16.32 4.7300 6.5100 6.8600 -6.8622 -0.4456 2.3300 3.48 -4.35 8.06 151 208 192 216 214 
-1.95 -0.86 -3.73 -3.7100 8.2300 -6.5600 -5.1667 1.2378 1.9722 0.05 -9.80 -0.03 149 201 192 212 211 
-3.72 -7.11 -3.59 -4.0000 2.1600 -2.5200 -0.0167 -5.0833 -1.3911 -0.47 -9.74 -0.95 150 209 199 223 205 
5.80 -7.26 -7.89 3.5200 2.5200 -4.5100 1.7256 -8.5400 -3.2089 3.33 -9.03 -1.86 152 214 202 218 197 
8.64 -6.32 -1.62 3.9700 1.7300 1.2900 0.5967 -1.4978 -1.0222 4.38 -8.32 -2.75 161 226 209 224 200 
3.68 -2.88 0.14 -1.9000 6.3000 2.9000 -1.0844 2.0467 -1.3467 5.99 -7.37 -2.41 174 278 282 272 207 
3.18 -3.29 -9.80 -4.1700 1.5400 -4.7800 -5.6822 -5.9789 -1.3744 4.75 -1.78 -8.39 180 249 221 242 194 
5.83 0.21 -21.28 8.2500 -2.7800 -12.7900 0.4089 -0.0644 0.5578 2.51 2.51 -9.13 182 265 223 243 195 
6.93 -0.43 -15.83 3.1400 0.4300 -5.3300 4.3544 1.6033 1.8089 3.40 -2.86 -8.73 183 292 256 268 203 
1.11 -0.56 -1.87 -2.8500 6.7300 2.9600 3.6722 2.7389 1.2933 4.87 -8.18 -2.34 191 356 348 348 212 
2.37 -2.87 -0.38 -1.8100 5.3700 0.3600 0.2633 0.4311 0.0089 4.65 -8.61 -0.63 192 357 350 350 212 
3.96 -6.10 0.72 -0.8900 2.4700 1.2200 -0.2056 0.7078 -0.3200 4.90 -8.48 -0.37 189 344 338 328 212 
3.97 -1.20 0.66 -2.5500 5.9400 -1.3900 -2.4967 5.6900 -2.6433 6.53 -6.96 2.19 182 295 264 268 210 
6.26 -3.10 2.87 0.7800 1.8400 -1.8900 2.6433 8.3178 -4.2611 3.60 -1.78 8.94 178 301 285 294 213 
;
3.37 1.84 9.05 0.0100 0.0600 0.0000 -0.0900 -0.0344 -0.1922 3.37 1.76 9.03 183 309 305 326 217 
3.40 1.72 9.03 0.0500 -0.0100 -0.0100 -0.0578 -0.0033 -0.1478 3.35 1.74 9.04 182 309 304 325 216 
3.49 1.82 8.97 0.1400 0.0500 -0.0900 -0.0611 0.0633 -0.0811 3.30 1.73 9.06 183 309 303 328 215 
5.25 1.88 11.98 2.5100 0.4000 5.2000 0.2633 -0.3644 0.2400 3.57 1.69 8.97 181 323 305 298 218 
7.56 2.30 13.56 2.1800 4.6700 3.3500 -5.7256 0.8033 3.2778 3.29 -4.77 7.90 151 256 232 258 216 
-2.75 -2.22 -3.28 -4.2100 6.4600 -6.4600 -4.3389 0.2056 2.2289 -0.21 -9.77 0.81 145 208 187 212 213 
-0.40 -5.38 -6.58 -1.3900 4.9200 -6.5100 0.5644 -11.8544 -5.6833 4.37 -8.53 -2.05 148 206 189 200 200 
11.24 -2.44 -9.86 8.1600 2.8300 -2.5700 0.7700 -3.5233 -2.7133 3.00 -6.63 -6.56 154 218 201 211 197 
6.37 -1.23 -2.30 0.6600 5.2800 3.9100 -0.5011 2.8589 -0.8300 5.70 -6.16 -5.05 173 269 254 259 204 
3.88 1.42 -3.79 -3.8100 3.5100 -0.0900 -3.8600 -2.2933 -2.7022 6.84 -1.13 -6.92 183 272 238 267 205 
7.84 0.78 -20.01 5.3400 -2.4200 -9.6100 -1.2544 -0.4822 0.0211 3.24 3.81 -8.43 182 268 232 255 196 
7.42 0.17 -16.24 4.5900 -1.7900 -7.1900 3.0389 0.6300 1.3100 3.53 0.61 -9.12 184 277 239 262 201 
4.08 -1.05 -10.93 -1.4500 4.8800 -1.5500 5.6833 3.1967 1.4244 5.75 -6.48 -4.58 192 367 348 370 213 
3.59 -2.87 -1.32 -1.3700 5.5700 1.1700 0.9833 1.3600 0.3422 5.19 -8.20 -1.36 192 368 351 373 213 
4.66 -4.92 -0.20 -0.4700 3.3800 0.6100 0.0656 0.3233 0.1233 5.05 -8.36 -0.75 190 362 349 372 216 
4.97 -7.53 -0.08 -0.0100 0.6300 0.6400 -0.2167 -0.0200 -0.0656 5.06 -8.34 -0.92 191 351 343 353 214 
5.15 -2.17 -0.12 -1.2700 5.7800 -0.3400 -1.1200 5.0778 -1.9044 6.25 -7.52 0.64 189 290 297 279 212 
3.79 -3.34 1.51 -1.6500 2.1200 -2.7700 1.3244 7.7711 -5.1389 5.15 -3.11 7.73 174 300 291 299 214 
2.31 4.43 17.96 0.5800 2.2000 9.2600 3.7656 0.8189 -1.9222 0.23 3.46 9.17 191 310 306 335 218 
-0.63 -1.23 9.22 1.8500 -3.5400 1.9900 0.1944 -0.5789 -0.2744 0.11 4.11 8.89 185 306 329 345 216 
;
