1.85 3.65 8.87 0.2000 -0.0900 0.0100 -0.0356 -0.0989 -0.2100 1.74 3.79 8.87 180 335 335 357 216 
1.78 3.70 8.87 0.0900 -0.0700 -0.0100 -0.0444 -0.0311 -0.1144 1.71 3.75 8.89 180 335 331 356 216 
2.01 4.11 10.18 0.7900 0.5500 1.9500 -0.2133 -0.1578 0.2133 1.76 3.55 8.96 172 325 293 302 216 
4.88 2.46 16.16 2.6300 2.8900 6.2200 -5.9367 0.1644 1.4300 1.75 -3.08 9.14 154 252 219 251 213 
0.28 -1.72 1.91 -0.8200 6.8100 -4.1500 -6.0578 -0.4022 3.0444 -0.67 -9.54 2.14 145 208 191 224 207 
-5.01 -5.80 -3.39 -2.7400 3.2700 -1.9000 -0.5922 -3.0589 -0.7867 -1.34 -9.70 -0.48 143 211 190 218 202 
0.24 -7.72 -8.81 -1.2200 1.4900 -7.9300 0.4000 -9.9700 -5.4411 3.12 -8.93 -2.58 144 215 193 224 197 
7.82 -4.11 -9.02 8.6500 4.6200 -1.8700 1.4222 -4.1211 -2.8311 3.94 -7.85 -4.35 145 220 197 228 197 
6.99 -6.25 -3.52 3.4500 1.5900 0.8200 0.1089 0.4133 0.2433 4.07 -7.85 -4.22 149 220 197 229 198 
11.29 -3.98 -2.17 5.0900 2.8700 0.2800 -2.0811 8.7389 -0.5767 6.55 -7.21 -1.05 177 275 266 292 210 
8.39 -9.27 6.80 4.4100 -0.8700 3.1500 -2.2200 1.0722 0.6978 5.33 -7.70 2.88 184 326 325 332 212 
-1.25 -7.77 -11.28 -2.8300 1.4700 -12.0300 -0.4267 1.2378 1.0511 1.42 -9.64 1.07 184 347 318 347 212 
0.24 3.14 -2.21 -1.0000 12.2200 -6.2300 7.5267 -0.4856 -0.1044 1.27 -5.36 8.10 184 351 343 351 212 
5.26 1.92 28.49 2.9700 2.8300 18.7000 -1.9656 0.7933 -0.3078 2.01 -1.59 9.46 183 357 346 345 212 
2.54 1.76 3.18 0.1000 8.4200 -5.2000 -6.9933 -0.8133 0.0033 2.74 -8.57 3.87 184 323 337 338 212 
0.67 -9.49 -10.82 -1.9300 0.2700 -11.4700 2.7333 -0.6556 0.0433 2.48 -9.06 2.81 180 305 337 327 215 
8.83 4.11 10.83 5.2800 8.9900 6.0400 5.5100 -0.7911 -2.0544 5.27 -2.90 7.73 184 318 329 329 214 
5.17 -1.71 13.68 -0.0700 1.6500 3.9200 -3.0522 -0.0944 -0.4744 4.74 -4.03 7.57 183 301 317 302 212 
1.27 -1.87 -1.02 -4.6400 3.8500 -6.8400 -3.0900 -0.2767 -1.9733 6.28 -6.29 4.12 183 268 273 264 210 
4.06 0.01 1.05 -1.6000 3.7800 -3.6400 3.4000 2.8567 -4.2511 6.17 -0.99 7.55 181 276 280 289 212 
;
