-2.30 1.43 9.44 0.1200 0.0100 0.0200 0.0022 0.0400 -0.0011 -2.45 1.40 9.39 169 305 320 324 209 
-2.40 1.42 9.50 0.0800 -0.0400 0.2900 0.1144 0.0756 0.0344 -2.52 1.49 9.35 168 303 320 325 210 
-2.61 2.12 16.71 0.1000 0.3300 8.5900 0.1144 -5.0356 1.6844 0.80 2.16 9.53 172 309 258 265 208 
8.62 3.03 9.73 3.3500 3.1400 -0.2000 -0.7578 -1.5167 5.7067 5.21 -1.77 8.11 171 296 172 208 201 
4.16 -1.02 4.10 -1.3400 3.0400 -3.7600 2.0989 0.2844 3.4311 3.45 -3.82 8.34 167 262 170 192 195 
0.55 3.09 6.55 -2.5600 6.3200 -2.1400 1.1044 0.7733 0.5789 2.11 -2.42 9.26 162 237 175 190 197 
1.57 2.58 10.50 0.6900 3.7000 1.0500 -0.7767 0.6311 -1.2711 1.45 -2.34 9.40 160 237 181 195 196 
1.87 -6.16 7.20 0.2300 -3.6200 -2.5000 -1.2978 -0.0589 -1.1167 2.25 -3.89 8.71 161 242 190 199 196 
2.45 -4.69 8.14 0.7000 0.3000 0.2500 -0.9600 0.4900 -0.0389 1.85 -4.73 8.38 167 279 225 241 199 
0.45 -5.78 6.91 -0.1400 0.8700 -0.4700 -3.1022 1.0644 -0.4511 0.49 -7.82 5.88 170 303 292 293 203 
0.78 -7.88 -5.12 -0.1300 0.8900 -10.4500 4.2856 -1.6856 -0.0289 0.99 -7.10 6.68 173 309 309 318 203 
-3.32 -0.77 27.09 -3.6200 1.3200 16.2700 -0.2778 1.0500 -0.5867 -0.14 -3.25 9.24 178 317 312 313 203 
0.52 -1.20 9.32 -0.1300 4.6700 -1.3300 -5.4278 -0.3633 -1.4244 0.83 -8.26 5.21 176 303 293 307 204 
4.63 -9.78 -8.44 2.0200 -0.4100 -10.4100 1.4367 -1.0800 1.1056 0.98 -9.36 2.75 176 278 285 300 205 
-1.65 2.04 9.10 -1.8800 8.5800 3.8100 5.7622 -0.7267 1.0289 -0.10 -4.40 8.75 179 302 298 295 205 
-1.28 -1.11 14.54 -0.8900 3.8600 5.4300 -3.9244 0.2556 -2.0944 0.58 -6.32 7.47 178 299 297 280 204 
2.12 -5.56 -1.13 -0.4600 2.9100 -5.4600 -3.5267 -0.0411 -2.9889 4.20 -8.62 2.01 169 253 250 243 203 
4.07 -2.89 -2.05 -1.6400 4.8300 -5.0900 3.7089 5.8011 -2.4833 4.59 -5.33 6.82 169 271 278 276 203 
0.30 3.28 13.94 -0.9600 2.7900 5.9100 4.8589 3.6167 -0.2156 -0.94 2.14 9.52 175 316 311 326 202 
;
