0.37 6.35 7.39 0.0100 -0.0800 -0.0300 0.0022 -0.0244 0.0044 0.41 6.41 7.40 180 299 294 290 210 
0.32 6.16 7.77 -0.4000 0.0900 0.2900 -0.5556 -0.5222 0.2844 0.80 6.03 7.68 180 300 292 269 209 
8.31 8.81 15.74 5.2100 1.9200 6.9600 -1.2667 -2.3367 3.3278 5.43 4.63 6.71 179 315 264 214 203 
9.49 2.61 3.01 2.2500 1.9400 -3.7700 -0.6244 1.4033 3.7144 6.41 -0.35 7.40 176 252 191 191 191 
3.79 0.55 1.92 -2.2900 3.9800 -4.4900 0.9456 1.0422 1.7189 4.86 -1.63 8.35 167 202 170 179 189 
1.70 3.29 7.63 -1.8600 4.8900 -0.3300 0.3633 0.9389 -0.6589 3.92 -0.88 8.94 159 183 168 173 189 
5.02 3.45 9.35 1.9000 3.2800 -0.1200 -0.8633 0.7211 -1.6433 2.99 -0.78 9.30 157 180 176 184 191 
1.57 -2.34 6.62 -1.5000 -1.1800 -2.7800 -3.0133 -0.7744 -0.9422 3.95 -3.08 8.42 165 186 190 195 188 
6.36 -7.95 6.17 2.1900 -3.2200 -1.0900 -1.0678 2.2244 -1.2044 4.01 -4.41 7.77 170 263 252 246 193 
2.61 -8.98 7.60 1.2600 -3.9200 -0.3100 0.0022 0.3389 1.1900 1.07 -5.01 8.35 179 325 292 281 198 
3.95 -2.95 9.54 2.8400 2.0900 1.0400 0.1500 0.0511 1.9978 -0.04 -5.03 8.41 180 342 310 297 200 
-1.34 1.28 10.48 -2.1300 5.8400 1.9400 0.1767 0.2522 1.1733 -0.68 -4.60 8.62 181 325 313 291 200 
-1.19 -0.25 10.92 -1.1900 5.0100 2.4500 -1.4678 0.0333 -0.4644 -0.24 -5.92 7.80 173 285 278 259 196 
1.43 -5.66 6.07 1.5100 0.7500 -1.3800 -1.9511 1.1133 -1.3878 0.14 -7.69 6.08 169 259 235 211 185 
1.68 -9.90 0.60 0.8600 -1.8700 -4.5500 -0.6711 -0.6367 -0.8767 1.81 -8.45 4.61 164 259 245 224 184 
1.85 -9.76 4.37 0.0900 -0.5500 0.2400 0.5567 -0.2178 0.2200 1.72 -8.38 4.78 168 266 248 234 189 
-0.52 -4.92 1.21 -1.8000 3.8900 -4.6300 1.1567 -0.9044 -1.2789 2.57 -7.85 5.27 165 282 273 260 195 
0.92 -3.89 1.89 0.0900 2.6900 -3.6600 3.8922 1.9444 -2.5933 2.80 -5.20 7.82 170 289 288 278 198 
;
