-0.71 4.24 9.05 0.2400 -0.1700 0.3800 -0.0422 0.2756 0.0478 -1.18 4.35 8.70 178 312 307 309 205 
3.61 6.78 17.86 5.0900 2.6800 9.4300 -0.9833 -2.0689 1.8411 1.80 3.77 8.86 178 302 250 250 205 
6.93 3.93 7.02 3.5100 3.6000 -2.6400 -2.2711 -0.8589 4.9033 3.21 -1.53 9.13 173 254 197 204 198 
1.13 0.95 4.85 -2.1700 3.7200 -4.4300 1.2878 0.6500 2.8700 1.70 -2.60 9.29 160 204 179 188 193 
-1.58 1.18 7.12 -2.8900 2.7300 -1.7100 0.4956 0.0978 0.2356 1.26 -1.84 9.54 152 196 179 185 191 
1.38 1.64 9.24 0.8100 3.4900 -0.2500 -0.4267 0.7767 -0.9967 0.60 -2.23 9.53 145 194 179 190 191 
0.77 -3.06 8.94 0.1800 -1.3500 -1.1600 -1.3567 -0.2511 -0.4089 0.56 -3.88 8.98 146 196 172 196 191 
-0.44 -6.20 7.95 -0.9600 -0.9400 -0.5500 -0.7733 0.3911 -0.5378 0.26 -4.74 8.58 160 245 205 217 194 
-1.17 -2.65 4.73 -1.4600 2.7900 -2.5700 -0.2211 1.3200 -2.5344 0.40 -5.31 8.22 170 284 260 279 199 
0.88 -0.98 3.50 -0.6800 3.2800 -3.3000 4.2433 2.0789 -3.7733 1.05 -1.67 9.60 177 319 279 336 200 
3.04 6.93 16.83 0.8100 3.4900 7.3100 3.4933 1.6200 -0.6100 -0.23 4.11 8.90 180 345 305 344 204 
;
-3.32 4.86 8.01 -0.8400 0.1600 -0.9300 -0.0311 0.4033 -0.2078 -1.82 4.70 8.41 179 333 297 331 205 
-2.27 4.42 10.53 -1.7500 -0.3000 2.8400 -0.1689 -1.1844 0.4956 -0.80 4.65 8.59 180 330 300 310 207 
5.83 6.13 13.25 4.1900 2.4100 4.0600 -1.3011 -2.1633 2.7233 3.16 2.66 8.88 179 291 218 215 199 
7.54 1.87 7.02 2.9200 2.1600 -2.2100 -0.3956 0.1878 4.3711 4.36 -1.28 8.68 173 259 193 192 188 
1.39 1.69 4.99 -2.4200 3.9000 -4.2000 1.1756 1.1456 2.6344 1.87 -1.67 9.47 160 250 192 190 188 
-0.68 2.30 7.17 -1.9100 3.8500 -1.5000 0.0067 0.5400 0.0378 1.09 -1.22 9.66 151 226 184 185 188 
2.11 1.11 8.97 2.0400 3.4500 -0.9200 -0.6044 0.6989 -1.3622 0.64 -2.04 9.56 150 229 173 179 186 
0.88 -6.98 9.02 -0.3700 -4.5800 -0.5400 -1.0356 0.1189 -0.7967 0.97 -3.22 9.20 150 233 170 183 186 
0.57 -3.02 9.08 -0.5300 0.9100 -0.5200 -0.2033 -0.2567 0.1889 0.76 -3.55 9.10 159 235 196 201 190 
-3.97 -3.69 1.99 -3.8700 1.2700 -7.7900 -0.8878 0.8711 -2.6056 0.73 -5.00 8.40 172 288 278 288 198 
1.33 1.52 7.68 -0.0600 3.8300 -1.4300 4.0489 -0.0989 -3.5656 1.26 0.11 9.72 177 326 285 336 200 
1.06 7.41 15.90 -0.8100 3.3100 6.6900 2.7922 2.1378 -0.7489 -0.88 4.68 8.56 180 342 291 340 204 
;
-3.65 5.93 8.62 -1.7200 0.8000 -0.0900 0.0367 -0.3222 0.0978 -1.73 4.83 8.35 178 339 303 343 206 
-1.89 5.19 8.20 -0.5400 0.6000 0.5600 -0.0756 -0.6700 0.2500 -1.26 4.91 8.38 179 329 291 335 208 
0.16 6.06 14.53 1.3200 2.2400 6.2200 -1.9111 -1.4956 1.0978 0.77 3.26 9.21 179 306 243 258 206 
7.19 3.94 10.30 3.9300 2.6100 1.0700 -1.9078 -0.6822 4.7422 3.25 -0.95 9.20 178 279 218 203 196 
2.50 0.71 4.27 -0.3000 3.4600 -4.9900 0.7100 0.5667 3.6722 1.31 -2.72 9.32 169 253 185 177 181 
-1.87 4.25 6.79 -2.7200 5.5200 -2.7700 0.4778 0.1856 0.6744 0.52 -1.17 9.72 156 222 177 174 180 
-0.24 1.78 8.93 0.7300 3.0100 -0.7100 -1.1133 0.0533 -1.2544 0.20 -2.02 9.59 152 207 162 176 181 
0.81 -5.63 9.16 0.4800 -3.5800 -0.0900 -0.9689 -0.4100 -0.6189 0.83 -3.23 9.22 150 208 155 176 181 
1.20 -3.54 8.44 0.3400 0.1200 -0.7300 -0.1978 0.9744 -0.5833 0.36 -3.61 9.10 163 242 196 195 188 
-1.32 -2.09 2.66 -1.7100 1.9300 -6.4700 -0.6000 0.8400 -2.5822 0.90 -4.47 8.68 175 290 270 287 198 
1.01 0.34 7.70 0.4500 2.6200 -2.0400 4.6400 0.7233 -2.5611 0.36 0.30 9.79 179 317 274 332 201 
;
4.37 9.59 16.75 3.4000 6.0100 7.1300 1.5644 2.9300 -1.5622 -0.92 4.40 8.71 179 337 266 330 204 
-2.03 4.35 5.74 -0.7700 -0.5200 -2.8100 0.1789 0.6256 -0.2111 -1.51 5.06 8.25 178 327 303 340 207 
-2.76 5.68 13.33 -0.8500 1.9800 7.0400 -0.3878 -1.3500 0.6911 -0.65 5.11 8.34 180 302 250 275 208 
6.01 8.17 11.86 4.3200 4.6800 0.9900 -3.2889 -0.7467 4.3444 2.27 0.73 9.51 179 277 206 211 201 
1.86 0.85 4.73 -0.0100 3.3400 -4.9300 -0.2844 0.9189 3.8156 0.71 -2.50 9.45 174 259 162 181 188 
-2.00 3.23 4.79 -2.4000 4.7500 -4.7200 0.7767 0.4389 1.1600 -0.38 -1.64 9.65 159 226 163 180 186 
-0.50 1.68 9.66 1.0800 3.5400 -0.1700 -0.4778 0.1233 -0.9078 -0.56 -1.85 9.61 155 212 157 180 185 
0.24 -2.72 9.80 0.1900 -1.2300 0.0800 -0.6111 -0.1344 -0.8444 -0.12 -2.65 9.44 153 220 161 179 185 
0.14 -3.96 8.61 0.6600 0.1500 -0.2100 0.0967 0.7533 -0.6622 -0.33 -2.95 9.34 155 228 175 185 187 
-1.38 -1.54 5.27 -2.2800 1.0200 -4.7300 -1.2878 0.6989 -1.5578 0.15 -4.29 8.81 170 269 213 246 195 
-0.01 -2.93 2.07 0.7800 1.9900 -4.1000 3.2800 0.7578 -3.8989 0.75 -1.56 9.65 178 311 284 323 200 
0.79 5.13 15.00 1.4400 3.8300 5.2300 2.1244 0.7567 -1.6244 0.11 3.23 9.25 179 339 309 338 201 
;
