3.16 3.59 8.09 0.2100 -0.5300 -0.6600 0.3167 -0.4667 0.1133 2.53 3.86 8.64 156 268 276 223 191 
2.61 4.54 9.20 -0.1800 0.2100 0.4700 -0.0011 -0.0100 0.0278 2.72 4.21 8.42 168 269 277 222 192 
3.03 4.21 7.97 0.0300 0.0600 -0.1900 0.1889 -0.3667 0.0911 3.08 4.28 8.26 181 265 275 225 192 
6.64 5.95 11.67 2.5700 1.6200 4.3400 -0.6589 -3.0800 1.7511 6.01 3.47 6.92 181 266 270 246 189 
10.41 1.06 7.72 3.4700 -0.6100 0.4700 -1.0200 -0.8900 2.8489 7.97 -0.19 5.70 177 201 171 173 172 
5.89 -2.45 1.63 -2.0800 0.1100 -4.1000 1.1922 1.3511 1.7211 6.68 -2.48 6.73 168 183 151 161 163 
2.23 0.91 5.54 -3.3500 3.4800 -1.8400 0.6689 0.5622 0.1400 5.61 -2.19 7.73 148 173 154 161 163 
4.25 0.73 7.94 -0.4000 2.5900 0.0100 -0.0500 0.3244 -0.7378 5.08 -1.58 8.23 139 168 152 165 152 
6.24 0.04 7.11 0.8800 1.2400 -1.3600 -1.3300 0.5556 -0.3811 4.62 -2.36 8.32 140 172 153 169 155 
2.21 -5.19 5.92 -2.8200 -2.1300 -1.8000 -1.2944 -0.7111 0.0933 4.89 -4.23 7.36 141 173 159 172 157 
6.45 -6.75 8.00 1.0700 -1.9600 1.0000 -0.2033 0.5989 -0.6133 5.54 -4.22 6.90 150 178 163 182 160 
2.41 -4.75 3.25 -4.0200 -0.6200 -3.5100 0.0633 -0.7344 -0.4856 6.41 -3.93 6.29 158 229 197 215 167 
5.28 -0.34 -0.59 -2.5800 2.7500 -3.8500 -0.5411 -2.9067 -1.8967 8.93 -2.18 3.40 173 160 164 178 160 
19.13 3.77 1.62 9.2900 2.7700 0.6200 -0.2822 -0.5078 -2.1522 9.71 1.34 -0.05 174 144 148 150 151 
14.40 2.35 0.83 2.8400 0.0100 1.3800 0.2689 0.8356 0.0967 9.61 1.91 0.11 173 150 154 166 154 
11.17 2.22 0.07 1.8400 1.0300 -0.6000 0.3167 1.2322 0.4578 9.63 1.31 1.24 157 177 164 182 165 
7.48 1.11 1.42 -0.6800 0.2500 -1.7000 -0.7322 2.7100 0.3100 8.41 0.42 5.02 164 206 196 206 173 
6.20 -0.03 7.21 -0.8800 -0.4100 0.4900 -0.3167 1.7467 0.1811 5.80 -0.06 7.90 170 221 210 217 175 
6.00 -1.48 10.29 -0.7100 -1.0500 2.3300 -0.8444 -2.0722 0.6900 6.86 -1.33 6.87 178 226 212 217 176 
0.62 -5.10 2.79 -8.6700 -2.7500 -1.3100 -0.1244 -4.1656 -0.0889 9.14 -2.53 2.48 173 159 153 158 156 
9.44 2.86 -4.38 4.2100 4.5100 -4.0100 0.6533 0.9022 -2.1067 9.77 0.57 0.50 180 155 145 148 150 
12.94 2.05 1.02 1.8900 0.6000 1.3200 0.3756 -0.1167 -0.2356 9.68 1.53 0.01 180 160 150 163 151 
10.78 1.64 0.61 0.7000 0.1500 0.1100 -0.3133 0.2022 0.4678 9.74 1.08 0.17 172 171 161 179 162 
8.62 1.25 -0.54 -1.2400 0.5600 -1.7300 -0.1211 2.4356 0.2767 9.44 0.52 2.56 175 212 196 206 174 
;
