5.58 2.29 7.75 0.0100 -0.0200 -0.0600 0.0278 0.0100 -0.0378 5.55 2.33 7.73 167 270 247 236 187 
5.17 2.17 7.97 -0.6700 -0.2400 0.5000 0.0611 -0.5044 -0.0956 5.75 2.40 7.56 168 269 239 237 187 
12.10 1.46 12.54 7.7000 -0.8300 5.1200 -0.0633 -3.4000 2.3800 8.19 1.31 5.22 171 232 176 193 183 
9.75 -0.85 1.24 0.6900 1.8100 -3.6600 1.0400 1.7322 3.1989 7.47 -2.95 5.61 167 181 155 176 178 
2.37 0.52 3.24 -4.3500 4.5600 -2.6400 1.2556 1.1378 0.9389 5.57 -3.49 7.26 147 170 149 177 179 
4.41 1.88 8.19 -0.2300 4.8100 0.0000 -0.5356 0.9700 -0.8922 4.67 -2.93 8.10 140 170 150 180 180 
4.12 -3.91 7.36 -0.2500 -1.0500 -0.8600 -1.4567 0.0833 -1.3733 4.46 -3.75 7.88 141 171 160 181 178 
3.79 -7.73 6.06 -0.8500 -3.4000 -1.3900 -0.0689 0.1256 -0.6400 4.77 -3.99 7.57 150 185 160 184 178 
1.67 -3.11 5.62 -5.4100 0.1300 -3.7300 -1.5011 -1.6967 0.2833 5.42 -4.67 6.70 165 247 194 206 182 
6.72 -4.00 -2.44 0.3500 -0.4600 -6.2800 1.5089 -1.8544 -2.0956 7.98 -2.83 4.93 169 236 213 219 182 
24.45 -0.35 1.27 13.6600 2.6900 0.3600 2.0300 -1.3067 -0.7111 9.79 -0.24 -0.28 153 164 153 158 150 
6.63 7.29 2.53 -7.3400 7.0300 22.2400 1.0122 -2.3067 -1.2389 9.56 0.19 -2.14 141 162 159 162 151 
11.01 4.29 1.14 1.9500 4.0300 1.4900 -2.5511 0.3378 0.4522 9.78 0.28 -0.53 127 168 158 167 155 
9.45 1.80 -4.29 -0.6700 0.8300 -4.8400 -2.2311 0.5067 -0.3144 9.78 0.50 0.42 126 171 162 166 153 
10.10 -0.66 -7.80 0.5900 -1.5200 -8.5900 1.0389 -0.2467 0.0011 9.76 0.83 -0.16 133 168 156 159 128 
19.31 1.65 3.17 10.7100 -0.0300 1.9500 -0.6800 2.7444 0.2300 9.53 1.12 -1.99 150 175 164 170 150 
14.35 0.85 1.27 4.7200 0.1700 -2.4600 -2.1767 5.4411 1.8589 8.41 -1.30 4.86 166 186 173 172 141 
-2.81 -2.30 -0.48 -3.8800 1.5700 -8.9200 -0.4000 3.3322 2.1044 -1.99 -4.20 8.63 164 169 165 174 151 
-3.18 3.06 9.60 0.0600 3.8600 3.4400 2.7000 1.0733 1.5278 -4.83 0.18 8.52 176 172 165 176 152 
-6.79 0.00 11.79 -1.9500 -0.7800 2.8300 -0.2633 -0.6178 -0.6978 -4.28 0.67 8.79 176 177 169 173 155 
-3.49 0.63 7.51 -0.1200 -0.2400 -1.8800 1.8533 -3.6178 0.3278 -1.64 1.50 9.55 172 247 185 216 171 
;
