-0.65 5.53 11.53 0.3800 0.6500 3.5900 0.2156 -1.4133 0.7611 0.04 5.00 8.43 170 329 268 273 210 
5.77 5.79 12.91 3.0600 1.6600 3.9800 -1.2644 -0.7900 3.0456 3.24 3.27 8.65 177 335 217 232 209 
5.33 1.91 6.97 1.2700 1.7200 -2.3600 -0.6600 -0.3867 4.2133 4.10 -0.68 8.88 175 243 181 190 200 
1.92 2.53 5.48 -1.7100 5.2700 -2.7100 0.3800 0.4722 2.0989 3.32 -2.14 8.97 168 203 168 180 199 
-0.69 3.21 8.61 -2.2800 5.0400 -0.3100 -0.9011 0.9078 -1.0122 2.09 -2.76 9.17 166 191 160 185 199 
3.08 -6.07 6.88 1.2700 -3.2500 -1.9900 -0.8344 0.3411 -1.7489 2.39 -3.61 8.79 168 206 182 197 198 
1.99 -6.04 5.40 0.7200 -1.1800 -3.2600 -0.2833 2.0222 -1.1856 1.16 -3.97 8.88 169 243 205 216 199 
1.02 -4.05 2.90 3.8000 0.9900 -5.0000 -1.0456 5.3689 2.7578 -5.98 -4.92 6.01 174 180 174 178 196 
-7.65 1.81 7.44 -1.4100 3.5800 -0.5100 2.2700 -1.0556 3.0233 -6.50 0.67 7.30 180 174 170 174 196 
-10.53 3.99 11.93 -1.9200 0.7500 1.0700 -0.3100 -0.4078 -0.7944 -5.92 1.81 7.59 179 178 170 173 196 
-6.73 2.19 8.61 -0.7700 0.5500 1.0600 -0.3533 -0.2156 -0.3522 -5.83 1.60 7.71 176 198 179 184 200 
;
