2.81 4.40 8.12 -0.0900 -0.0900 -0.0700 0.0200 0.0256 -0.0144 2.88 4.49 8.22 168 296 237 242 191 
2.89 4.49 8.20 0.0300 -0.0300 0.0000 -0.0022 0.0256 0.0000 2.86 4.50 8.22 166 296 241 244 191 
2.77 4.36 8.04 -0.0500 -0.0800 -0.1500 0.0378 -0.0022 -0.0233 2.88 4.51 8.21 168 297 241 242 190 
1.77 5.10 11.45 -1.2600 1.0500 4.4000 -0.9300 -4.0678 0.4933 5.10 3.88 7.41 167 262 206 215 189 
16.85 0.65 4.37 6.9200 0.2700 0.7500 1.9144 -0.9844 3.6489 9.44 0.10 2.61 162 201 167 181 181 
4.81 -1.17 2.52 -4.2700 0.9000 -1.9000 0.9056 1.7611 1.8567 7.51 -2.20 5.90 157 207 181 193 182 
3.45 1.08 4.10 -2.9500 4.0200 -2.2400 0.4956 0.1089 0.0456 6.79 -2.59 6.57 147 169 174 196 183 
5.94 0.89 6.94 0.5600 3.0000 0.1000 -1.2022 0.3644 -0.8589 6.33 -2.30 7.12 145 156 170 195 183 
4.97 -3.23 5.17 -1.9300 -1.2900 -2.2600 -1.4056 0.1256 -0.2167 6.40 -3.32 6.63 147 159 170 197 183 
6.42 -6.40 6.23 0.8400 -1.7700 0.8900 -0.1011 -0.1589 -0.4822 6.92 -3.52 5.98 148 163 175 199 184 
6.03 -3.02 6.32 -0.6300 0.9900 0.1400 -1.2844 0.2233 0.4233 6.63 -4.19 5.87 153 220 188 205 185 
2.00 -6.95 -1.08 -5.4400 -0.5500 -4.8900 -2.0367 -2.7300 0.8033 6.47 -6.99 2.32 158 317 192 205 181 
8.53 -7.69 -1.28 2.8700 0.1900 -0.2900 3.4144 -3.2478 1.0689 6.16 -7.50 1.39 161 340 191 211 181 
9.57 -6.30 5.92 0.0300 0.7200 4.0200 -2.2844 0.8522 -0.5800 6.38 -7.43 -0.31 162 345 202 204 179 
9.68 -7.11 -6.84 3.6200 0.5200 -4.5700 1.3322 1.2789 0.4656 6.18 -7.51 -1.23 162 341 209 211 181 
3.13 -4.39 9.35 1.0500 1.7700 7.2100 -0.8367 -0.3578 -0.0978 6.52 -7.31 0.26 164 346 214 215 182 
11.20 -5.19 3.75 4.1600 2.3900 2.4500 -2.7767 5.9122 0.1678 6.04 -7.44 2.06 165 317 223 225 182 
3.39 -8.27 -0.82 -1.1200 -0.3100 -2.4600 -2.8767 2.0222 0.6122 3.92 -8.91 1.10 170 305 251 239 187 
3.35 -10.03 -6.75 -0.4900 -0.1200 -6.6000 3.6433 -0.7033 0.1556 3.26 -9.05 1.89 169 311 272 261 190 
-0.25 -1.09 4.56 -2.3100 5.5800 -1.6100 5.1511 -0.4600 -0.8500 3.53 -4.79 7.78 175 308 275 252 196 
3.45 -2.07 10.42 6.8300 4.2300 9.3400 2.4467 0.3711 -0.7689 3.32 -0.31 9.21 171 311 280 269 192 
3.35 -0.24 14.88 -1.1900 0.2600 5.2000 -1.7133 -0.4311 0.1133 3.75 -1.51 8.93 161 314 280 265 193 
3.35 -1.47 8.77 0.2700 3.1100 0.4900 -4.2178 -0.1978 0.4311 3.77 -6.02 6.75 178 311 275 263 194 
3.44 -5.81 0.36 -0.6400 2.5700 -3.6700 -2.9889 -0.7378 0.2367 3.52 -8.94 1.92 172 303 278 255 194 
0.16 -6.64 -1.14 -4.1800 2.0100 -4.0300 3.9200 0.6300 -0.9756 3.70 -7.74 4.73 176 293 268 257 195 
5.38 -2.42 12.04 1.4800 1.9800 5.5100 3.0933 0.3211 -0.7756 3.80 -3.21 8.44 175 301 271 257 195 
3.88 -3.87 13.77 0.5100 -0.3200 4.4700 -2.3611 -0.0267 0.2289 4.01 -4.33 7.82 174 309 277 259 196 
3.87 -3.35 5.86 0.4300 3.6100 -0.6700 -3.9489 -0.8867 0.9856 3.64 -8.27 3.79 176 306 278 263 194 
2.40 -6.21 -2.06 -1.2200 2.2900 -2.5900 -2.7967 -0.9489 0.6833 2.65 -9.30 -1.61 174 305 277 253 194 
;
