7.09 1.16 6.39 -0.0200 0.0700 -0.1400 0.0700 0.1589 -0.0844 7.07 1.17 6.68 163 260 249 226 186 
7.09 1.17 6.44 0.0000 0.0000 -0.2700 -0.0333 -0.0867 0.0356 7.11 1.12 6.65 174 260 242 228 188 
7.00 1.16 6.64 -0.0500 0.0200 0.0000 0.0689 0.0900 -0.1022 7.02 1.25 6.72 177 258 245 228 188 
6.83 1.35 7.26 -0.1200 0.0000 0.5800 -0.0733 -1.1056 0.0644 7.38 1.29 6.31 179 263 246 228 187 
15.05 0.11 7.47 6.5100 -1.1300 3.2300 -0.1833 -1.9344 1.4200 9.18 0.07 3.42 176 275 187 188 186 
11.64 -2.66 0.23 1.2700 -0.4200 -3.0500 1.5156 0.7167 1.4300 9.24 -2.25 2.38 161 197 160 160 171 
5.93 -1.44 0.73 -3.2500 1.2400 -3.3400 1.6622 0.6111 0.6233 8.27 -2.32 4.71 143 198 161 163 171 
5.22 1.88 6.04 -1.9100 3.9900 0.9400 0.1422 0.5478 -0.2044 7.81 -1.52 5.72 134 189 162 167 172 
7.92 1.53 6.22 0.7100 2.8500 -0.0300 -1.2656 0.2689 -0.1767 7.48 -1.84 6.06 129 184 169 173 175 
6.65 -2.04 5.50 -2.1500 -0.6100 -0.9200 -1.8222 0.4278 -0.5489 6.95 -3.14 6.16 133 195 172 172 176 
6.84 -7.09 5.18 0.0900 -2.9000 -0.4900 -0.1544 -0.2178 -0.2611 7.18 -3.27 5.81 133 199 161 169 177 
7.48 -2.66 5.10 -0.9100 0.9700 -0.3900 -0.1433 -0.1856 0.2700 7.20 -3.76 5.48 149 224 172 177 175 
4.56 -3.14 3.86 -4.7200 0.4400 -2.2000 -1.1711 -0.6333 -0.2433 7.35 -4.15 4.97 162 265 193 192 183 
9.45 -3.72 4.55 2.2300 -0.6300 -0.0400 1.1311 -0.2500 -1.0733 7.73 -2.75 5.36 174 237 220 210 183 
11.45 0.48 -3.76 2.9800 3.7000 1.7300 2.9089 -1.1089 -1.8822 9.79 -0.06 -0.35 176 154 161 170 174 
11.69 5.61 1.13 7.1200 2.9500 -1.1500 0.3422 -0.3267 -1.4211 9.32 2.95 -0.72 164 157 158 175 172 
5.87 2.47 2.35 -3.6500 -0.0900 2.6900 -0.4622 0.1067 -0.1867 9.46 2.52 -0.44 180 162 163 170 176 
11.75 3.18 1.02 2.4100 0.9000 1.5900 -0.7411 0.4400 0.7778 9.56 2.15 0.08 181 182 177 178 181 
12.67 3.96 3.44 1.2300 3.8300 1.0800 -3.3378 2.1700 3.0533 8.89 -2.64 3.18 180 272 215 233 181 
6.43 -0.84 1.25 -0.7900 3.9500 -2.3300 -4.6511 0.9933 2.6956 5.81 -7.83 0.99 177 292 221 238 183 
3.31 -7.12 -4.64 -0.7900 0.8700 -3.1300 -1.1789 0.4178 0.3689 4.43 -8.64 -1.29 174 299 253 245 188 
6.06 -8.76 -4.78 1.1200 0.7200 -4.0400 2.5944 1.0344 0.6889 4.12 -8.88 0.48 175 293 255 247 185 
0.39 -0.13 1.89 -3.4600 8.2200 -3.5200 5.2944 1.7700 0.8989 2.22 -6.26 7.20 157 299 259 233 184 
-2.33 1.98 15.59 -1.8900 2.2200 7.4000 3.1322 0.3900 0.7722 -0.21 0.07 9.80 171 302 270 238 185 
-3.09 0.06 12.52 -1.1700 -0.2000 1.8600 -0.4267 -0.7067 -0.9322 0.24 0.35 9.79 175 303 263 224 188 
;
