0.04 4.84 8.55 0.1200 0.0200 0.0000 -0.0067 0.0044 0.0033 -0.10 4.82 8.53 182 335 354 375 221 
-0.16 4.71 8.74 0.2100 -0.1900 0.1600 0.0600 0.2633 0.0233 -0.29 4.79 8.55 183 333 351 376 221 
5.29 9.27 19.56 6.6000 4.0200 9.9600 -1.1244 -2.8611 2.9278 2.95 4.14 8.38 180 331 217 215 207 
8.03 4.82 7.51 0.9900 3.9900 -2.4600 -2.2311 -1.0800 6.9189 5.11 -2.68 7.92 154 267 154 163 175 
0.60 -1.10 2.34 -1.4100 4.5900 -5.1900 1.9478 -0.3789 2.8133 2.16 -4.43 8.47 145 239 149 162 170 
1.75 1.95 6.87 -0.5600 5.1100 -1.3100 1.0011 0.1678 -0.2956 2.27 -2.86 9.09 143 227 155 165 173 
2.83 1.98 9.72 1.1000 4.0100 0.1000 -0.9433 0.4267 -1.7200 2.34 -2.37 9.22 146 220 155 167 175 
3.42 -5.38 7.35 -0.5600 -3.4200 -2.0900 -1.5111 -0.4978 -1.6389 2.84 -3.90 8.53 151 221 162 170 177 
2.24 -4.49 7.85 -0.8000 -0.6400 -0.8400 -0.4178 -0.1956 -0.2456 3.17 -3.90 8.41 173 235 173 184 188 
1.41 -3.83 2.90 -1.2200 0.3400 -5.3000 1.2789 -1.3811 -1.5667 4.56 -2.56 8.29 179 272 226 240 197 
8.64 -3.89 3.52 1.4100 -3.9600 -3.6400 0.1956 -5.1800 -0.7500 8.45 0.27 4.96 185 185 212 214 198 
26.54 7.72 -0.74 14.0400 6.9700 1.4800 3.6856 1.0911 2.8233 9.54 -1.29 1.81 186 152 167 181 185 
-1.65 1.42 5.79 -10.5900 3.2900 3.6300 0.0500 -0.0178 -1.5500 9.59 -1.29 1.54 188 156 168 183 185 
12.70 -0.35 1.85 2.5800 -0.1600 0.4700 -0.1356 0.2733 -0.0733 9.63 -0.17 1.83 186 161 176 186 185 
7.69 2.66 4.51 -1.9000 3.1300 1.6400 -1.4489 3.3644 -0.8867 8.60 -0.05 4.70 188 219 230 235 200 
-3.55 1.11 2.29 -4.5100 1.8600 -5.7900 2.8333 4.4600 -4.5778 0.15 2.31 9.52 185 305 326 345 209 
-1.84 8.37 11.01 7.8600 4.2600 5.1800 -4.8078 -2.8878 0.8344 -1.28 4.22 8.75 186 348 355 379 214 
;
