-1.53 5.90 7.59 0.0200 -0.0700 0.1100 0.0233 -0.1856 -0.2533 -1.65 5.94 7.62 183 323 316 313 213 
-1.75 5.81 7.68 -0.0900 -0.1100 0.0600 0.0200 -0.2400 -0.2533 -1.65 5.88 7.66 185 318 316 309 215 
-2.76 5.43 9.01 -1.4300 -0.5300 1.8100 0.9722 -1.7422 0.1889 -0.81 6.31 7.45 183 312 298 297 214 
6.46 10.74 15.56 6.4500 4.8600 7.1700 -2.4167 -1.0622 3.4589 3.47 4.34 8.07 176 251 187 187 200 
6.56 2.47 4.37 0.1500 1.4300 -4.0600 -0.8089 0.6600 4.4856 4.91 -0.94 8.43 173 230 163 170 188 
0.17 2.11 3.02 -4.1600 3.7800 -5.1000 1.6100 0.5533 1.6378 3.53 -0.97 9.09 172 234 163 174 189 
1.75 4.83 9.29 -0.9300 5.3800 0.6400 -0.0278 0.9511 -0.8444 2.63 -0.18 9.44 169 232 168 178 191 
3.61 1.60 8.88 0.8600 0.5900 -1.0100 -1.1944 -0.3289 -1.1389 2.50 -0.90 9.43 166 221 169 181 191 
3.49 -6.06 8.50 0.6200 -4.2900 -0.8300 -0.6889 0.2711 -0.6022 2.66 -1.97 9.22 169 227 174 183 192 
1.99 -1.52 8.80 -0.5000 0.6300 -0.1800 -0.1933 -0.2011 0.2444 2.60 -2.14 9.20 174 255 195 201 197 
1.36 -2.28 7.89 -0.4300 0.0300 -1.1800 -1.8556 1.3900 -0.7556 1.75 -3.35 9.04 179 285 243 240 200 
3.35 -5.54 4.83 2.9600 -1.4900 -3.4600 1.3144 0.5522 -1.1922 1.08 -3.52 9.08 162 302 294 303 208 
-0.94 -4.73 7.39 -1.0700 -1.2300 -0.7600 1.7433 -1.9722 0.8000 2.20 -3.07 9.04 96 175 185 196 196 
2.60 0.83 15.06 -0.3400 1.6800 5.7200 0.6756 0.1211 -0.3444 2.45 -1.15 9.42 99 164 173 185 189 
8.85 0.30 9.05 7.1400 1.8000 -0.7500 -0.2500 1.0744 1.5967 1.22 -1.58 9.59 102 172 178 191 191 
-3.00 1.63 7.41 -4.0400 3.1500 -2.1700 0.4878 0.1211 2.7756 0.03 -1.56 9.68 97 179 191 198 194 
0.12 2.16 11.79 -2.1700 3.7900 2.8600 -0.4278 1.8356 -2.6500 -0.04 -1.63 9.66 103 179 192 199 194 
2.80 0.26 9.05 4.5600 2.4000 -0.6000 -0.1700 0.6433 -2.8033 -0.44 -2.35 9.50 103 179 193 200 194 
5.39 -2.58 8.66 6.1300 -0.1500 -0.6600 -0.0133 -0.5100 1.3522 -0.66 -2.30 9.50 105 184 189 200 194 
-11.23 -4.89 11.20 -4.9300 0.0900 0.7100 -0.5433 0.3267 -1.8056 0.16 -2.66 9.43 103 186 191 204 195 
0.89 -2.79 5.05 -0.2200 -0.7300 -5.2000 0.7878 1.0211 -2.2111 -0.03 -2.89 9.36 162 265 263 272 205 
1.66 3.27 6.80 1.6500 3.2400 -2.7800 5.7578 1.8744 -0.9689 -1.51 2.98 9.21 185 332 330 347 209 
;
-2.59 9.62 10.93 -0.1700 5.8100 3.5200 4.6389 0.1756 -1.2389 -2.59 6.49 6.87 186 350 347 367 218 
-1.24 5.26 8.55 1.8200 0.3400 0.9600 -0.1633 -0.3178 0.1467 -1.60 5.52 7.94 185 341 337 360 220 
-2.15 6.52 16.87 -0.6300 2.1400 9.6800 -0.4444 -3.5533 1.6922 1.66 5.41 8.00 183 307 257 248 216 
8.61 5.35 6.39 3.2900 3.3900 -2.1300 -1.8522 -0.8822 5.3222 5.73 -0.28 7.95 180 284 188 196 204 
1.87 -0.34 2.62 -4.1900 2.4200 -5.4100 1.3911 0.2778 3.1300 3.85 -2.65 8.61 175 260 168 178 199 
-0.59 4.04 7.54 -2.5800 5.8100 -1.6200 0.2689 0.2900 0.0033 2.32 -1.71 9.37 169 210 159 177 198 
3.87 0.14 8.85 1.8100 1.4600 -0.6300 -0.9133 0.3156 -1.5489 1.86 -2.11 9.39 170 200 162 179 199 
2.56 -6.52 7.00 0.4400 -3.6800 -1.8700 -0.3056 0.4011 -0.8411 2.10 -2.85 9.14 172 204 165 181 199 
1.30 -1.50 8.20 -2.9700 0.0600 -3.0800 -2.1889 1.8933 -0.6956 0.89 -4.00 8.90 174 285 233 254 208 
2.42 -4.66 3.16 2.9700 -0.4000 -4.5000 1.8367 -0.8500 0.0800 -0.95 -3.73 9.01 165 337 276 265 209 
3.74 -0.68 17.43 1.1900 2.7800 6.0700 -0.0356 -0.9956 2.0711 0.70 -2.47 9.46 151 202 175 190 189 
-13.84 0.57 16.37 -6.7700 3.8700 6.2800 -0.3467 0.5578 -0.0544 0.87 -2.03 9.55 144 173 172 192 184 
-5.02 -0.12 9.69 -5.4400 2.2700 0.0400 -0.0022 1.8000 -2.8522 -0.44 -2.44 9.48 146 182 190 197 187 
7.14 0.77 11.20 7.5100 2.8000 1.5300 0.2244 1.4133 -2.1456 -1.47 -2.46 9.37 146 186 188 199 187 
6.01 -2.09 10.07 8.6300 -0.0700 2.3200 1.0878 -1.1611 1.5511 -0.72 -1.27 9.69 123 187 186 201 188 
3.30 -0.78 12.23 0.0000 -0.9100 1.7400 -1.0078 2.3756 -0.9922 -0.34 -1.61 9.66 145 192 194 203 189 
-4.94 -3.20 5.16 -4.1500 -1.5200 -6.4700 -0.3878 -2.1522 -0.8833 0.04 -2.49 9.48 168 276 268 263 203 
1.06 2.85 5.20 3.7300 4.2100 -2.9900 5.0311 2.8578 -0.3144 -2.88 3.22 8.80 188 364 335 354 210 
;
