3.37 4.13 8.12 0.0500 -0.1500 -0.0100 0.0222 0.0178 -0.0011 3.27 4.30 8.18 177 261 250 246 180 
3.22 4.22 8.18 -0.0300 -0.1000 0.0200 0.0067 -0.0456 0.0033 3.28 4.34 8.15 175 260 244 248 178 
7.31 6.20 11.83 3.0500 2.1900 4.7900 -0.5622 -3.3078 1.2956 6.49 3.48 6.46 169 274 238 241 179 
12.97 1.48 6.01 4.2400 0.0400 0.9700 -1.0667 -0.1011 2.7522 8.79 -0.38 4.33 168 202 169 181 169 
8.31 -1.83 1.25 -1.2000 0.3600 -4.2900 0.8956 1.6978 2.2056 7.22 -2.81 6.00 2 197 152 166 162 
3.11 1.15 4.52 -3.6400 4.4200 -1.7600 0.7667 1.0600 0.1611 6.01 -2.69 7.26 145 186 151 166 160 
6.06 1.85 6.59 1.4100 4.3500 -1.1100 -0.7289 0.4900 -0.9411 5.53 -2.73 7.61 132 171 148 170 163 
5.18 -4.68 5.37 -0.4300 -2.2300 -2.0900 -2.0544 0.5333 -0.9244 5.63 -4.19 6.84 130 170 157 171 165 
4.61 -6.58 5.36 -0.8400 -1.4000 -0.9400 -0.4944 0.5978 -0.8089 5.98 -4.42 6.38 156 215 180 199 171 
10.14 -1.83 3.84 -0.7900 0.4300 -2.4200 0.4644 4.2167 -0.9200 4.10 -3.49 8.19 3 241 209 213 168 
8.83 -0.25 11.95 1.0500 1.2100 8.9500 1.6178 2.0333 -1.3811 3.21 -0.68 9.23 170 268 218 228 176 
5.44 -1.64 15.70 0.8600 -1.4100 5.3400 -0.9600 -0.9633 1.9167 4.90 -1.83 8.29 112 274 234 227 178 
5.34 -5.28 5.23 0.0300 -1.9500 -3.0800 0.1156 -0.8856 3.0500 4.18 -3.97 7.92 3 232 195 209 175 
2.33 1.29 4.75 -2.5700 4.6900 -2.7900 1.9233 0.3522 0.2011 4.27 -2.45 8.47 157 184 165 181 172 
4.04 2.64 8.14 0.2900 4.6900 0.5100 -0.0367 0.3878 -0.5956 4.27 -1.81 8.63 140 176 165 181 172 
4.32 -0.44 6.69 1.1900 2.0900 -2.2500 -1.5022 -0.0167 -1.0278 4.12 -2.96 8.38 141 176 168 186 172 
3.75 -8.62 4.98 -0.6600 -4.7100 -2.4400 -1.1900 -0.2278 -1.0844 5.10 -4.17 7.25 143 182 172 187 171 
5.63 -5.24 8.04 -0.8600 -0.4200 -0.0400 -0.5789 -0.6589 0.3856 5.33 -4.53 6.86 4 206 185 200 173 
1.74 -5.89 2.88 0.8200 0.7300 -2.8100 -2.2633 3.3122 -0.3978 1.10 -7.58 6.12 164 295 196 203 173 
-1.34 -10.18 4.12 -5.2000 -0.4700 -0.4400 2.0756 -0.4644 -1.9911 1.08 -7.58 6.12 168 342 176 184 173 
4.65 -3.47 7.64 2.6100 2.9700 0.8500 1.8156 -0.1178 -0.3944 2.33 -5.86 7.50 173 344 171 177 166 
6.25 -8.22 12.35 1.5700 -4.6700 3.9700 0.9233 -1.5667 0.8989 3.33 -4.08 8.26 171 349 166 178 163 
2.77 -7.60 9.95 -0.4000 -2.1100 1.8900 -1.6433 0.0300 2.0467 2.59 -6.24 7.10 174 351 173 178 164 
-0.59 -5.99 7.44 -2.0500 1.2500 1.1400 -1.2600 -0.1722 0.6722 1.16 -8.09 5.41 171 354 174 182 167 
-0.53 -5.83 7.46 -1.2700 3.0600 2.9400 -1.5644 0.6144 -0.2622 0.72 -9.05 3.68 172 357 179 184 170 
1.00 -5.54 3.18 0.2000 3.9300 0.4500 -0.6256 1.6467 -0.8467 1.14 -9.43 2.40 147 356 177 189 169 
2.48 -5.15 2.07 1.2500 4.1600 -1.1800 0.3456 1.1400 -1.4011 2.27 -9.14 2.72 168 350 182 186 170 
6.25 -6.28 1.44 3.9700 0.8500 -2.0000 2.6767 0.0722 -0.8756 3.45 -7.50 5.27 160 349 185 190 170 
6.41 -13.63 11.00 3.0600 -6.1400 5.5100 0.8511 -0.0922 0.7933 3.22 -6.00 7.05 172 349 190 196 170 
2.76 -5.22 6.03 -0.1300 1.1900 -1.0500 -0.0322 0.0078 0.5622 2.84 -6.41 6.84 168 325 196 206 176 
3.16 -3.03 2.91 -0.2800 3.1700 -4.8500 3.1433 -3.6233 1.7522 3.86 -4.85 7.59 169 279 214 217 175 
;
