-0.05 6.49 7.24 -0.0200 0.0000 -0.0600 -0.0022 -0.0044 0.0022 -0.01 6.53 7.31 189 335 335 352 221 
-0.09 6.47 7.20 -0.2600 0.0100 0.0800 0.0533 -0.2044 0.0878 0.12 6.54 7.29 184 337 312 344 220 
6.47 12.62 18.90 6.0900 6.9200 10.2100 -2.6389 -2.9767 3.9056 4.71 4.86 7.08 185 282 213 202 204 
5.45 1.82 3.44 -1.0200 0.8400 -4.7800 -0.3867 1.0900 4.0911 5.49 -0.91 8.07 180 234 165 174 191 
2.27 0.51 1.89 -2.4500 3.2400 -6.1400 1.3500 1.0611 1.0467 3.95 -1.47 8.85 172 224 157 173 184 
2.20 5.05 9.09 -0.7300 6.0600 0.1700 -0.1989 1.0800 -1.0778 2.66 -0.96 9.38 167 221 160 178 186 
2.28 -3.11 7.01 -0.5600 -2.2000 -2.2500 -1.1544 0.2133 -1.2878 2.35 -2.11 9.28 171 222 166 180 189 
2.69 -4.41 8.31 -0.3600 -0.1900 -0.5900 -0.8644 0.2878 -0.5500 2.64 -3.03 8.94 175 272 191 201 198 
-1.19 -3.11 -0.74 -4.7000 1.0200 -9.2800 -1.4611 -6.6167 -0.7133 7.01 -4.71 4.96 183 297 278 278 210 
13.02 -3.73 -4.49 7.3200 -0.9900 -1.3700 -3.4233 -8.0056 -1.4822 6.54 -1.76 -7.08 184 271 240 281 200 
6.32 -2.80 -10.45 1.8100 -2.3800 -1.2700 -0.8289 -3.7656 0.8811 2.42 0.01 -9.50 185 290 278 282 199 
6.80 3.31 -11.52 1.8000 5.9900 -0.9100 -0.7733 1.7056 0.6744 2.73 0.35 -9.40 173 293 273 272 197 
2.90 1.71 -9.37 0.1700 0.4600 0.0400 0.1211 0.1356 -0.4078 3.11 0.64 -9.27 185 284 249 264 200 
7.69 3.60 -8.36 2.7900 2.7600 -1.0500 -0.9567 11.5767 -0.8189 9.09 1.35 -3.41 181 290 293 335 212 
;
-0.75 0.83 1.50 -6.9000 -1.5100 -2.2200 1.4767 7.2289 -0.6944 0.69 3.30 9.20 186 316 326 373 216 
0.63 0.25 11.45 0.4700 -1.1700 1.5400 0.2611 -1.3311 -0.2311 0.79 3.86 8.97 186 314 326 363 220 
-0.85 3.63 11.79 -0.8600 -0.8000 4.1300 1.4044 -0.3511 0.7256 0.76 4.81 8.50 186 337 273 278 220 
12.54 7.33 11.71 5.9300 5.1800 2.1100 -1.0256 -2.2000 5.7056 6.50 0.96 7.27 180 249 163 183 178 
6.42 -0.03 1.93 -1.7400 2.4500 -5.2400 2.2744 1.7700 3.1167 5.50 -2.31 7.77 175 260 151 168 163 
0.60 2.23 4.59 -3.4800 4.2100 -3.7900 0.8244 0.3444 0.4922 4.07 -1.71 8.75 166 266 162 168 167 
3.32 2.82 9.06 -0.2100 4.2900 0.2400 -0.2756 0.5100 -1.1544 3.56 -1.24 9.04 170 273 168 176 171 
4.20 -0.32 8.49 0.8000 0.8400 -0.7300 -1.5689 0.2389 -1.2589 3.37 -2.29 8.91 166 270 169 175 171 
3.33 -6.38 7.66 -0.4700 -2.2500 -0.6000 -0.1633 0.1733 -0.1100 3.48 -2.87 8.70 172 258 178 181 176 
-4.85 -3.30 4.09 -6.6900 0.3800 -6.8100 -0.9089 -3.9744 -0.0500 4.66 -4.03 7.62 177 257 231 239 199 
10.74 -2.23 -0.36 0.0000 0.2500 -4.5000 -1.6100 -6.3489 -1.3033 9.03 -3.77 0.54 156 295 308 300 209 
15.46 -4.44 -3.63 10.5600 -2.2000 3.2600 -2.2389 -5.1644 -0.9111 6.49 -0.86 -7.29 185 268 256 272 195 
4.38 -2.95 -5.47 -1.7800 -2.0300 3.1700 -0.3844 -3.1522 1.2800 3.62 -0.72 -9.08 189 283 253 284 193 
1.31 6.10 -10.11 -5.6800 5.3600 -2.6100 -0.9911 -1.4300 0.3678 2.09 0.52 -9.56 187 289 270 286 195 
2.36 1.26 -9.37 0.6800 0.5800 0.0700 0.0800 0.3211 -0.2422 2.16 0.55 -9.54 186 279 257 274 198 
6.65 3.69 -9.75 3.1900 3.7100 -1.6700 0.0844 10.5811 -1.3156 8.46 0.64 -4.90 186 295 299 303 209 
2.41 -0.28 1.38 -6.4300 -2.0100 -4.5600 2.0444 9.6189 -0.5000 1.73 3.44 9.01 191 311 322 371 222 
;
