0.97 4.83 8.46 0.0600 0.0000 -0.0300 -0.0333 -0.0233 -0.0089 0.87 4.81 8.49 180 295 302 308 208 
0.91 4.95 8.55 -0.0100 0.1300 0.0200 -0.0444 -0.1267 0.0078 0.97 4.77 8.51 180 296 301 309 210 
1.03 4.88 9.21 0.0000 0.1100 0.7700 0.2567 -0.9211 0.2556 1.73 4.93 8.29 179 302 296 303 211 
9.74 6.91 13.47 7.4600 2.6300 5.3300 -1.0667 -1.4078 3.1222 5.73 3.43 7.17 176 302 269 238 206 
6.91 1.59 6.47 -0.3500 0.6400 -1.9000 -0.4867 0.8311 3.7689 5.80 -1.15 7.82 160 254 217 204 196 
2.78 0.95 3.77 -2.5600 3.7700 -4.5900 0.8889 0.8433 1.5544 4.16 -2.18 8.60 131 197 194 196 192 
1.55 4.20 7.06 -0.8200 5.5600 -1.1800 -0.1889 1.5133 -1.1611 2.41 -1.80 9.33 122 176 195 205 194 
2.29 -4.26 7.22 -0.3300 -1.9700 -1.9300 -1.8978 -0.5511 -1.2178 3.04 -3.33 8.70 130 178 205 209 194 
4.47 -5.82 6.63 1.4200 -0.6100 -0.4100 -1.9378 0.1000 -0.0578 3.49 -5.61 7.24 166 253 267 253 199 
4.28 -6.34 4.31 0.4500 1.1100 -2.4000 -4.9822 0.3522 0.9844 2.46 -9.06 2.81 170 290 308 308 204 
0.56 -6.87 -3.46 -0.6000 2.0400 -6.8300 4.4733 0.0200 -0.1144 2.26 -7.23 6.21 174 293 311 314 206 
0.30 4.27 8.16 -1.9200 7.2200 -1.0300 4.9767 1.0889 0.0233 0.75 -0.20 9.77 176 299 305 309 206 
2.23 4.81 14.11 1.5800 1.4700 5.4500 2.2767 0.3078 -1.0589 0.65 4.04 8.90 179 306 311 309 207 
;
2.15 5.69 13.16 1.3500 0.7800 3.4900 -0.8533 -0.9967 -0.5844 1.85 4.30 8.61 181 301 305 299 208 
1.59 3.28 6.29 -0.2900 -0.1500 -2.5500 -0.4922 1.6022 -2.8522 0.36 3.62 9.10 177 292 309 306 208 
1.08 5.07 8.82 -0.1400 -0.5900 -0.9800 -0.8522 -0.5889 -0.4711 0.49 3.93 8.97 177 288 307 309 209 
0.74 3.55 9.18 0.1000 -0.4300 0.3000 0.3744 -0.8344 0.2144 1.15 4.14 8.81 176 290 298 305 208 
9.34 7.00 15.95 7.9700 2.5700 6.0400 -0.3333 -3.5211 2.4889 5.32 3.92 7.23 173 276 245 230 206 
9.05 1.57 5.60 1.1800 1.8900 -2.3200 -0.1089 0.4178 4.8933 6.59 -1.51 7.09 163 247 209 206 196 
2.27 0.99 2.26 -3.7800 4.6600 -5.7400 1.7322 0.6544 1.7344 4.24 -2.67 8.42 145 212 196 208 197 
3.28 3.00 7.24 0.4500 5.0900 -1.2600 0.0578 0.2589 -0.8722 3.53 -1.99 8.92 132 184 194 212 198 
2.82 -2.62 7.54 -0.5300 -1.1800 -1.5000 -1.8078 -0.2756 -1.2256 3.83 -3.30 8.39 136 185 207 219 194 
4.60 -6.68 7.41 -0.5600 -1.9200 -1.2200 -3.6544 0.6989 0.4944 3.39 -5.85 7.09 163 270 286 278 201 
3.27 -9.32 -0.44 0.7900 -0.0500 -5.7400 0.9689 0.7422 -0.4756 3.19 -7.07 5.98 167 306 309 320 207 
-0.09 -2.92 0.98 0.1700 3.3100 -4.4400 4.3189 1.0067 -0.6400 2.43 -3.37 8.87 175 308 310 321 207 
-2.30 5.93 9.95 -0.7000 4.6800 2.2600 4.4089 -0.5744 -0.6744 0.89 3.16 9.23 178 307 313 320 208 
;
