2.90 2.38 9.28 0.0200 0.0000 0.3100 -0.2156 -0.0189 0.1344 2.79 2.35 9.09 164 268 234 231 184 
2.92 1.83 8.63 -0.0200 -0.2400 -0.4400 -0.0589 0.0956 0.0722 2.79 2.08 9.16 173 269 238 232 182 
3.47 2.45 11.34 0.3300 0.2500 2.3000 1.0622 -1.9322 1.2089 4.02 2.47 8.59 173 252 208 202 180 
8.78 1.41 9.90 2.1500 -0.8500 2.6400 0.2711 -3.2867 2.6556 8.21 1.17 5.23 172 212 178 183 172 
9.19 -2.80 2.58 -0.3400 -1.5600 -1.3900 1.0511 0.9033 2.2022 8.59 -1.97 4.29 164 184 158 165 164 
5.19 0.14 2.42 -3.2000 2.5400 -2.4100 1.0511 0.5744 0.6200 7.75 -2.49 5.46 144 182 148 164 165 
7.03 1.17 5.82 0.0800 3.0400 0.0800 -0.0711 0.5156 -0.8078 7.42 -1.54 6.22 137 180 157 173 169 
8.47 0.55 5.66 1.4700 1.8700 -1.1900 -1.4467 0.1956 -0.3700 7.18 -1.62 6.47 139 181 153 174 169 
4.78 -5.19 5.15 -3.3200 -3.0500 -0.4100 -0.7200 0.3789 -0.0778 6.73 -2.73 6.58 139 183 159 174 168 
5.64 -3.91 6.82 -0.4600 -0.8700 0.2000 -0.1311 -0.1122 -0.3011 6.87 -2.65 6.46 141 182 160 177 170 
6.33 -2.60 5.71 -0.2400 0.4900 -0.5200 -0.5467 -0.1367 -0.0922 7.26 -2.99 5.86 156 217 175 180 171 
5.95 -2.72 2.74 -4.7400 -0.3900 -2.6100 -1.2022 -1.3200 -0.3944 8.13 -3.36 4.31 163 246 196 188 174 
10.94 -1.75 2.79 -2.6000 0.4400 -0.0500 -0.4544 -4.8756 -0.8467 9.57 -2.06 0.45 167 261 221 227 177 
8.37 -2.46 -8.17 -0.1400 0.2300 -3.9900 -1.9600 -7.4778 -0.5189 3.81 0.80 -8.99 170 267 232 236 172 
5.35 0.30 -13.06 3.0500 -1.9500 -3.6500 0.6267 0.2822 0.1556 2.81 1.40 -9.28 176 272 234 234 171 
6.06 -1.13 -12.21 1.3400 -1.0400 -3.0100 2.2433 1.7233 1.0700 4.06 -1.59 -8.78 178 282 224 233 176 
4.13 -3.59 -8.73 -1.6700 1.2300 -0.7600 3.0700 1.3822 1.1578 5.31 -5.92 -5.73 179 300 256 247 179 
2.87 -3.34 -2.29 -2.7400 4.6800 1.8000 1.1789 0.7178 0.5067 5.18 -7.81 -2.86 169 312 265 256 180 
3.70 -5.30 -0.99 -1.5500 1.7300 1.0900 -0.7311 0.1178 -0.2489 5.51 -7.61 -2.77 179 308 255 241 179 
5.89 -6.16 -5.15 0.0800 0.4300 -2.2000 -1.4044 0.5600 -1.4611 6.77 -6.17 -3.48 176 295 175 169 160 
7.47 -9.02 -3.59 1.0700 -2.2400 -0.6900 1.7800 -1.0878 0.4833 6.54 -6.89 -2.40 168 339 178 177 161 
7.41 -4.13 9.91 2.1100 2.0000 7.5700 -1.0844 -0.2744 0.3756 6.38 -7.36 -1.07 166 348 174 185 161 
6.39 -7.02 -7.80 0.8500 -0.0400 -4.9900 -0.2044 0.6678 0.2522 6.10 -6.91 -3.33 171 351 185 173 163 
4.72 -6.14 0.00 -4.4500 3.0500 9.6700 0.6622 -0.7056 -0.4600 6.41 -7.36 -0.85 166 352 189 184 162 
5.80 -6.40 -1.51 -0.7200 0.8700 -0.9700 -0.2700 1.5344 -0.9889 7.08 -6.77 -0.10 165 330 197 193 165 
7.12 -3.00 0.62 -2.6600 1.5200 -1.1000 2.1167 2.8689 -2.2689 8.20 -3.88 3.70 169 270 214 204 171 
4.43 0.04 7.72 -0.7500 1.0000 1.0300 1.6722 4.6033 -3.0178 4.55 1.18 8.60 174 277 223 217 177 
;
