5.45 3.23 7.39 0.0400 -0.0100 -0.0700 0.0122 0.0211 -0.0289 5.39 3.27 7.50 175 290 256 242 180 
5.36 3.26 7.40 -0.0400 -0.0400 -0.1000 0.0300 0.0256 -0.0400 5.35 3.33 7.50 176 290 256 242 179 
5.46 3.23 7.34 0.1600 -0.0800 -0.0800 -0.0400 -0.1667 0.0000 5.53 3.34 7.37 174 291 256 243 178 
5.65 3.47 7.82 -0.1300 0.1900 0.7500 -0.2411 -1.2944 0.1278 6.22 3.16 6.88 175 289 257 241 179 
9.25 2.38 5.88 1.9200 -0.5900 0.8700 -0.5622 -1.9844 0.3533 8.35 2.10 4.67 171 296 210 195 176 
16.40 -0.43 1.64 5.7700 -1.1400 -1.2200 1.3022 -0.3800 2.3822 9.64 -0.36 1.74 168 228 161 165 161 
6.75 -0.93 -1.04 -2.7900 1.4900 -3.5700 2.6956 0.8433 1.6144 8.70 -2.26 3.89 124 209 154 162 156 
3.64 1.98 4.24 -3.7700 4.5300 -0.3700 0.4567 0.7611 0.0833 7.88 -1.99 5.47 120 191 159 165 160 
7.14 2.22 6.27 0.6700 3.6800 -0.3700 -1.7556 1.0689 -0.6200 7.24 -2.33 6.18 119 171 156 167 162 
3.72 -5.13 3.71 -3.3700 -1.9900 -2.4700 -1.7622 -0.8056 0.2867 6.61 -4.47 5.68 122 170 156 170 160 
5.73 -7.93 5.94 1.0200 -1.7000 0.4100 -0.6711 0.1822 -0.1400 6.57 -5.11 5.16 142 191 176 178 166 
5.82 -4.62 4.42 0.5500 2.0100 -2.6900 -4.2411 4.2400 1.9189 3.13 -7.88 4.91 132 250 195 205 171 
0.20 -9.32 0.96 -1.6600 0.1900 -1.1000 -3.5789 3.3278 1.5044 -1.62 -9.66 0.08 110 196 169 206 168 
-4.08 -9.30 -2.20 -2.5200 -0.0200 -1.4300 -0.5767 -0.6000 -0.7289 -1.32 -9.49 -2.05 110 198 170 201 165 
-1.66 -7.42 -6.12 0.2800 2.3100 -4.9400 0.8844 -7.3911 -5.3511 2.53 -9.23 -2.09 109 187 171 201 167 
5.56 -3.39 -8.16 1.4700 5.9400 -3.8200 1.5567 -6.7622 -4.6989 5.06 -6.80 -4.91 114 186 172 200 167 
7.12 -5.85 -5.20 2.7500 0.9100 1.4600 0.3167 -0.4178 -0.9856 5.38 -5.89 -5.68 111 196 182 199 165 
7.62 -3.76 -4.12 0.2600 2.5300 1.3900 -0.1278 3.9433 -0.4078 7.37 -5.48 -3.41 150 205 177 202 167 
4.36 -3.94 -2.29 -5.1900 0.4100 -3.0100 0.3811 2.4567 -3.4856 9.46 -1.73 1.89 152 179 166 182 168 
14.37 2.65 0.94 3.0000 1.6600 -0.1700 1.7078 -1.5267 -0.1878 9.68 0.97 1.15 157 184 167 179 160 
10.39 2.87 10.17 1.7800 1.7200 7.1800 -0.5878 0.2422 -0.1978 9.76 0.91 -0.14 147 182 167 185 160 
10.55 3.88 -1.05 0.4400 2.9500 -0.5700 -1.8344 0.8133 0.1756 9.78 0.62 -0.10 136 177 165 183 160 
8.02 0.84 -5.78 -1.1300 -0.4800 -5.7800 -0.0656 -0.1022 -0.6378 9.70 1.37 -0.20 133 173 168 178 159 
4.32 -0.39 10.37 0.7200 -1.7200 3.8000 -0.7867 -1.4833 -0.7867 9.49 1.77 -1.70 130 166 165 173 141 
9.81 0.98 -0.79 0.0700 -0.4000 0.7900 -1.0478 0.3189 0.4700 9.64 1.33 -1.16 151 183 174 183 158 
7.85 0.13 -0.80 -0.9500 0.0100 -1.7600 -0.0278 3.5011 -0.3600 9.59 0.81 1.84 158 217 196 196 167 
;
