5.27 2.77 7.83 0.0100 -0.0400 -0.0500 0.0056 0.0333 -0.0133 5.11 2.82 7.87 170 277 256 234 188 
5.77 2.89 8.63 1.2800 0.0900 1.8900 -0.0100 -1.0389 0.2356 5.75 2.79 7.42 170 285 237 224 186 
15.42 0.32 8.33 5.5800 -1.1900 3.9600 0.5733 -1.5644 2.7144 9.14 0.68 3.47 169 253 175 186 177 
7.56 -0.95 2.03 -1.4900 0.4700 -2.6200 1.0756 1.2500 2.2589 8.11 -2.06 5.11 165 193 156 166 172 
5.81 -0.56 1.41 -2.0700 2.6100 -3.7500 1.8178 0.1400 0.9567 7.58 -2.58 5.65 141 178 155 169 167 
5.67 3.03 7.10 -0.2600 5.5500 1.0200 -0.4367 0.5967 -0.3456 7.14 -2.22 6.33 133 165 158 171 170 
6.72 -1.36 4.76 -0.3300 1.0800 -1.5800 -1.7900 0.1289 -0.3689 6.82 -3.38 6.17 135 161 162 176 171 
6.08 -7.95 5.18 -0.7100 -3.9200 -0.3900 -1.0956 -0.0067 -0.2022 6.88 -4.25 5.53 137 169 164 174 170 
7.06 -5.04 4.60 -0.7300 -0.4600 -1.0100 -0.1289 -0.5100 0.1167 7.22 -4.59 4.78 150 191 179 186 176 
2.80 -3.04 1.06 -6.0600 2.3600 -2.3800 -1.3967 -4.0144 -0.1011 8.35 -5.08 0.71 170 258 238 229 178 
7.63 -3.90 -5.24 5.6400 -0.1700 0.3500 -3.6633 -4.4744 0.0511 6.40 -3.22 -6.69 173 265 251 245 182 
8.19 -2.44 -9.77 0.9400 -2.1400 0.6800 -1.8944 -0.9233 -0.2222 2.44 0.93 -9.45 173 266 253 246 180 
-1.26 4.64 -11.89 -2.1600 1.2900 -1.4600 -0.3011 -0.5100 -0.0522 1.78 2.51 -9.30 171 271 257 251 177 
2.22 2.08 -9.29 0.5300 0.0700 0.1200 0.2167 0.2467 -0.1200 1.86 2.23 -9.36 176 272 258 248 179 
4.56 2.29 -11.73 3.0300 0.4800 -2.7900 1.1989 2.0556 0.6467 3.41 1.15 -9.12 176 271 240 238 179 
8.62 1.23 -9.19 -0.3800 2.4900 -0.1900 1.7889 3.7589 3.9667 6.30 -3.89 -6.41 173 281 255 242 182 
1.21 -3.23 -4.55 -4.3300 3.4800 -0.6200 0.5156 2.0767 2.9944 4.98 -7.75 -3.34 177 291 256 257 184 
2.18 -8.94 -3.67 -1.7500 -0.3800 -2.1500 1.4011 0.9600 0.0344 4.62 -8.58 -1.03 177 289 259 258 184 
1.21 -3.43 -3.71 -2.2500 6.1800 -5.7800 6.8733 2.4900 -0.6467 3.91 -6.35 6.35 178 286 264 257 186 
-4.05 4.58 11.61 -6.1600 4.8300 1.6600 4.5478 0.8967 -0.0878 0.53 1.19 9.71 175 290 267 251 187 
-0.24 3.48 15.48 -0.1000 -0.3400 5.8900 0.2000 -0.5511 -0.2200 0.70 3.29 9.21 161 295 269 260 184 
1.04 2.47 9.79 -0.3100 -0.0200 0.2900 -0.8122 -0.2089 -0.3878 1.17 2.22 9.47 172 291 273 243 186 
;
