-2.33 4.08 9.20 0.0900 0.4100 0.8500 0.2567 -0.7411 0.4622 -1.90 4.18 8.66 171 293 300 314 212 
-1.37 4.65 10.85 0.4500 0.4200 3.5900 -0.4456 -0.9667 0.4733 -0.45 4.17 8.86 170 296 274 293 209 
4.08 4.34 14.84 3.5000 1.8300 4.9900 -2.6322 -0.5789 2.0167 1.58 1.43 9.57 170 298 247 244 207 
3.79 0.62 6.38 0.8700 2.1700 -2.9400 -0.7433 -1.1622 3.8900 2.67 -2.38 9.13 171 274 197 208 201 
-1.20 1.28 6.36 -3.4600 4.2700 -2.7500 0.9256 -0.3689 1.6922 2.02 -2.67 9.21 161 218 167 187 197 
-0.31 3.15 9.57 -1.7100 4.9800 0.3600 -0.7056 1.0767 -0.5267 0.87 -2.42 9.46 150 199 156 185 196 
0.78 -3.71 8.10 0.2200 -1.3500 -1.4400 -2.2022 -0.0322 -0.8144 0.90 -4.71 8.55 151 197 166 199 197 
1.26 -7.01 4.60 0.7700 -0.2000 -2.5400 -3.6567 3.5956 -0.5056 -0.75 -7.94 5.69 154 253 233 245 199 
-2.75 -10.46 0.19 -0.5800 -0.6000 -2.6300 -2.0078 -1.2422 -0.7878 -1.22 -9.65 1.23 111 210 203 224 198 
-1.53 -11.09 -1.10 -0.5000 -1.3500 0.4400 -0.4322 -0.1000 -0.3556 -0.41 -9.76 -0.83 103 200 199 226 196 
-1.80 -9.69 -3.41 -2.7900 -0.2000 -3.0600 0.7689 -5.0856 -2.2722 1.25 -9.68 -0.85 108 210 203 228 194 
5.68 -5.86 -6.16 1.6100 2.2500 -5.0600 3.3889 -8.9989 -3.8233 5.41 -7.95 -1.89 112 216 192 223 190 
8.82 -3.89 -5.27 5.1900 3.8500 0.7500 0.3600 -1.3800 -1.1578 5.98 -6.67 -3.97 115 221 199 223 190 
7.93 -5.52 -3.19 1.0500 0.8700 0.8700 -0.2733 1.0256 -0.0744 6.57 -6.33 -3.58 137 228 210 227 191 
10.42 -1.55 -0.27 1.8800 4.1600 -2.0700 -3.0844 14.4567 -0.8189 6.90 -5.77 3.89 165 258 271 280 199 
-2.06 -3.05 3.86 -3.7900 1.7600 -3.7000 4.3533 6.9889 -2.2322 -2.47 -2.20 9.23 172 296 287 331 202 
-3.01 6.80 15.23 0.6300 3.6500 6.1200 2.6444 0.9733 -1.0156 -4.78 3.44 7.83 179 309 286 343 202 
;
