-1.23 1.95 7.86 1.8300 2.0300 1.5100 -0.1189 -1.2522 0.3411 0.62 0.89 9.74 183 377 327 363 214 
0.89 0.93 9.98 0.1300 -0.3100 0.1400 -0.0811 0.1778 -0.3133 0.67 0.88 9.74 186 379 329 365 214 
0.73 0.76 9.77 0.2900 -0.1900 0.0000 -0.0133 0.0400 0.0456 0.61 0.87 9.74 187 381 327 366 215 
0.81 0.80 9.72 0.2300 -0.0900 -0.1100 -0.0322 0.0111 0.0078 0.57 0.86 9.75 184 375 322 369 214 
3.03 3.25 13.29 3.5000 3.3500 3.8800 -4.0256 3.2422 0.3178 -0.87 -1.29 9.68 178 330 192 203 209 
-2.62 -7.96 8.14 0.8200 -2.4600 2.0600 -2.7933 -0.5622 1.3267 -3.31 -6.04 6.97 179 352 171 191 200 
-7.49 -7.36 5.28 -3.7000 1.3600 -0.1900 -2.3844 0.1489 -1.0300 -2.94 -8.63 3.58 189 361 181 200 202 
-3.70 -5.22 0.52 -1.7200 4.6000 -1.3000 -0.7067 1.2733 -1.9322 -0.89 -9.67 1.33 188 363 183 202 204 
0.41 -5.54 1.27 0.4700 3.6100 -0.6800 1.3344 1.4378 -1.1989 0.87 -9.48 2.32 188 368 185 204 205 
3.57 -6.15 4.61 3.0100 2.1500 1.1300 1.9600 0.5467 0.4478 0.60 -8.49 4.85 187 367 179 206 204 
3.09 -8.98 9.53 3.0500 -1.3400 3.4300 0.8922 -0.9167 1.6100 -0.40 -7.20 6.63 187 369 181 208 203 
-3.37 -10.83 8.91 -3.5500 -2.2900 1.5700 -1.3456 -1.3433 0.7344 -0.45 -7.76 5.96 189 369 215 227 202 
-2.91 -5.11 2.31 -3.2300 2.3800 -3.6000 2.0144 -3.9722 0.4700 1.42 -7.29 6.39 182 368 247 273 211 
11.97 -4.29 0.45 8.2200 -0.2300 -5.8000 3.8644 -13.5333 1.6333 8.56 -4.46 -1.68 164 358 171 191 210 
7.01 -5.55 -4.60 -0.2700 1.0600 -0.5800 2.5478 -0.7167 0.7167 6.50 -6.88 -2.53 158 346 172 188 204 
4.96 -4.44 1.38 -1.0100 3.4000 3.3000 2.7000 -0.4956 -0.4189 6.74 -7.09 0.67 167 317 173 192 207 
5.28 -7.13 -2.00 -0.9200 0.0800 -1.5400 -2.1700 -0.4867 0.5311 6.23 -7.29 -2.04 174 364 178 195 208 
6.30 -7.30 -3.97 0.3100 -0.0800 -1.1900 0.6933 -0.0322 -0.3556 6.40 -7.09 -2.20 173 362 177 197 209 
6.56 -6.29 -0.62 0.0500 0.9100 0.3200 2.7700 0.2578 -0.8156 7.10 -6.74 0.39 174 332 178 198 208 
7.26 -2.75 4.36 0.4400 3.9300 3.1900 -3.6622 1.2211 -0.1489 7.29 -6.54 -0.24 174 319 221 241 211 
10.08 -4.09 -1.82 1.6400 0.2400 -4.6800 -3.0089 10.9689 -3.4778 6.57 -4.29 5.86 174 330 279 293 213 
-0.26 -1.41 8.52 -1.5000 1.2300 -0.2300 2.6378 -0.6400 -1.4289 2.62 -0.33 9.44 174 359 328 364 211 
;
