3.43 4.38 8.06 0.0400 -0.0500 -0.0100 0.0011 0.0011 0.0011 3.37 4.42 8.07 243 420 403 430 276 
3.45 4.35 8.07 0.0600 -0.0800 0.0100 -0.0033 0.0022 0.0044 3.37 4.42 8.07 241 419 408 428 277 
3.43 4.42 8.01 0.0400 0.0200 0.0000 0.0267 0.1378 -0.0300 3.27 4.45 8.10 246 423 410 435 282 
4.16 7.70 8.69 1.4900 3.2900 2.0200 1.7833 -1.5256 0.2978 3.77 5.70 7.02 249 381 395 437 285 
6.36 3.98 7.47 -0.1300 -0.1300 -0.6200 -4.3167 1.4856 2.3878 5.19 1.21 8.22 233 411 243 257 258 
-1.73 -5.89 3.38 -0.2700 -1.0000 -5.7300 -1.1044 4.1889 -2.0700 -1.56 -4.04 8.79 231 451 230 240 226 
0.17 -2.58 11.39 2.4300 2.0100 2.7600 1.1578 -0.4656 -0.7722 -2.10 -3.93 8.73 244 454 238 241 227 
0.59 -5.17 12.20 0.9300 -2.5400 3.9700 -0.4633 -0.6911 1.3444 -1.78 -3.53 8.97 250 456 238 247 232 
-5.19 -5.03 11.70 -4.0900 0.4300 2.3600 -2.3289 0.1522 -0.1389 -1.76 -5.99 7.56 255 461 244 253 236 
-3.70 -4.51 4.28 -2.1700 3.2800 -2.0400 -1.8322 0.5244 -1.3478 -0.99 -8.28 5.15 257 438 220 255 214 
-0.02 -5.84 1.53 0.0300 3.0500 -2.7200 0.4233 1.4244 -1.3467 0.10 -8.64 4.62 258 465 249 258 241 
3.54 -4.35 4.14 3.2000 3.6400 -1.4400 1.9456 1.1500 0.0067 -0.01 -7.28 6.56 260 464 250 263 216 
5.08 -5.19 11.24 5.1800 -0.3400 3.5600 1.9400 -0.1778 1.4389 -0.54 -4.49 8.69 264 463 228 263 223 
-3.85 -6.59 13.75 -3.5200 -2.3300 3.8000 -1.1956 -0.9144 1.4911 -0.87 -4.46 8.68 240 464 231 263 223 
-3.65 -1.38 4.58 -2.7200 3.1800 -3.5300 0.4278 -0.1567 -0.0444 -0.59 -4.90 8.47 241 439 232 242 221 
1.14 -3.26 12.01 0.7300 -1.5100 4.2700 1.6589 -5.2889 3.1756 3.13 -3.20 8.72 266 441 307 318 255 
8.80 -6.19 9.94 1.9100 -2.2000 1.9200 -1.2211 -3.7956 4.1489 5.83 -6.44 4.54 204 456 354 381 269 
0.47 -7.76 0.50 -2.9600 1.7100 -1.9900 1.7089 -4.1533 3.1389 3.03 -8.59 3.61 156 411 234 239 231 
2.80 -3.67 4.25 -0.7700 4.0500 -1.1600 0.9378 -0.5444 0.2556 3.26 -7.45 5.47 145 401 230 251 207 
3.82 -6.66 6.29 0.2000 -0.4100 -0.3000 0.8911 -0.4522 -0.2433 3.87 -6.36 6.37 146 376 212 249 211 
7.17 -9.99 6.43 3.5500 -4.3300 -0.7300 2.7111 1.0611 -1.5322 4.02 -3.44 8.25 149 364 224 251 215 
2.29 0.78 5.52 -1.7200 1.2300 -3.7200 3.5922 1.9878 -1.5322 1.73 2.40 9.34 147 374 234 255 216 
-4.88 7.98 7.92 -5.6900 3.3500 -0.3900 0.9178 -0.3611 -0.1067 0.91 5.21 8.25 143 372 239 247 208 
;
