3.95 3.12 8.36 0.0200 -0.1000 -0.0100 0.0044 0.0011 0.0044 3.91 3.24 8.38 177 344 359 377 220 
3.99 3.16 8.40 0.0800 -0.0900 0.0000 0.0056 0.0100 -0.0011 3.91 3.25 8.38 177 340 359 379 219 
4.51 3.36 8.71 0.9400 0.1300 0.6100 0.5789 0.1989 -0.1911 3.87 3.62 8.24 180 335 336 369 213 
7.42 4.46 12.64 1.4200 0.2200 2.8300 -3.2989 1.4578 1.8956 3.46 0.49 9.16 177 382 197 199 195 
-1.50 -2.08 3.97 -1.4700 0.7900 -5.3300 -2.2156 1.1411 -0.5033 0.42 -3.95 8.96 185 393 170 182 179 
2.78 -2.86 8.42 2.8000 0.7900 0.2200 0.7078 0.2811 1.0600 -0.25 -3.48 9.16 196 392 178 189 180 
-1.05 -6.26 13.44 -0.8900 -3.0000 4.4400 -1.1278 -0.2722 1.8811 -0.91 -4.01 8.90 198 401 182 192 182 
-4.12 -4.79 9.08 -2.7300 1.2500 1.2300 -2.9056 0.6344 -0.5344 -1.35 -7.11 6.60 198 406 185 196 184 
-3.27 -5.58 4.05 -2.0600 3.8300 -0.8000 -1.3589 1.1633 -1.7744 -0.50 -8.99 3.87 201 408 184 198 185 
-0.05 -3.49 1.91 0.0300 6.0700 -1.2100 0.5433 1.6244 -1.4222 0.92 -9.03 3.69 202 409 187 200 185 
5.15 -4.08 4.87 4.3100 3.0800 -0.1800 2.9711 0.5122 0.2967 0.65 -7.06 6.76 202 411 187 199 185 
4.72 -6.31 15.20 2.7100 -3.9100 5.6000 1.2822 -0.7978 2.6678 -0.04 -4.01 8.94 200 407 188 200 182 
-4.49 -5.10 10.76 -3.7700 0.2100 1.4200 -1.3244 -0.9222 1.2733 -0.09 -5.01 8.42 201 405 190 199 183 
-2.71 -2.37 6.06 -1.8500 2.5100 -1.9600 1.3044 -1.0389 0.4333 0.17 -4.56 8.67 199 361 211 212 190 
3.98 -5.33 12.78 1.5800 -3.6400 2.3200 0.1889 -5.0289 1.3500 5.78 -2.81 7.40 194 182 189 218 205 
6.47 -5.03 5.57 1.7900 -0.6600 -5.7800 1.6422 6.2933 2.9133 -1.85 -3.38 9.01 195 163 163 208 192 
-5.47 1.12 3.25 1.5400 0.7700 -3.9600 1.7733 3.1022 2.9533 -7.73 1.30 5.88 196 168 160 206 185 
-11.37 0.52 4.00 -3.0900 -1.7400 -0.8200 1.2133 -0.4756 -0.3944 -7.84 3.49 4.74 198 169 164 206 181 
-9.78 5.54 5.61 -2.2500 1.5700 0.8900 -0.1033 -0.1522 -0.0889 -7.96 3.41 4.59 198 171 170 205 182 
-9.92 3.60 5.42 -2.3100 0.1400 0.0700 0.1200 -3.5522 0.4844 -6.48 3.46 6.49 199 173 174 210 183 
-2.30 3.77 7.14 0.3400 0.5900 -1.3700 -0.9978 -3.5756 -0.1867 -0.87 2.88 9.33 198 177 176 211 184 
0.57 1.60 8.07 -1.4000 -0.2500 -1.8900 -1.9189 -3.6100 -0.6533 3.78 0.67 9.02 200 176 175 212 184 
8.27 -1.82 7.35 2.7000 -1.2000 0.0300 -0.6189 -1.0189 -0.0900 6.40 -0.67 7.39 199 178 179 212 183 
8.80 -1.86 8.37 3.3700 -0.8900 0.1300 0.8978 4.5144 0.6244 3.69 -0.50 9.07 199 177 179 212 184 
-1.55 1.45 5.73 -1.0400 -0.5800 -4.5900 1.1167 5.5744 1.8822 -5.69 1.48 7.84 198 177 177 212 188 
-11.91 3.83 4.75 -3.0700 -0.3800 -1.3800 0.5667 0.7900 -0.0356 -7.66 3.68 4.88 200 177 174 212 186 
-9.05 5.20 6.33 -2.1100 1.3300 1.8700 0.2644 -0.4444 -0.1978 -7.64 3.79 4.83 199 178 175 211 185 
-9.79 3.99 5.10 -2.3300 0.8000 -0.2900 0.1044 -3.5978 0.1156 -6.20 3.63 6.66 201 180 179 213 187 
-2.98 3.83 6.82 0.6200 0.2600 -1.8400 -0.7978 -5.1500 0.0256 0.16 3.36 9.20 200 184 182 213 189 
3.61 1.00 5.33 -1.5200 -1.1100 -3.4400 -2.1744 -5.8111 0.0800 7.05 1.01 6.73 200 184 183 214 190 
;
