2.83 3.74 8.48 0.1600 0.0200 -0.2100 -0.0100 -0.0078 -0.0100 2.65 3.72 8.67 177 331 331 350 213 
2.89 3.71 8.49 0.2400 0.0000 -0.1300 0.0033 -0.0033 0.0011 2.69 3.72 8.66 178 330 330 350 214 
2.85 3.75 8.47 0.1400 0.0000 -0.1500 0.0033 0.0011 0.0022 2.71 3.73 8.65 178 330 330 350 214 
2.85 3.75 8.52 0.1200 -0.0100 -0.1600 0.0000 -0.0078 0.0044 2.73 3.73 8.64 177 330 329 352 215 
2.89 3.62 8.54 0.2500 -0.0100 0.0900 0.2244 0.1744 -0.1422 2.68 3.84 8.61 178 335 301 298 212 
1.43 -0.91 13.15 0.9800 0.2900 -0.3100 -4.1367 2.8589 -1.6822 0.36 -2.95 9.34 184 362 172 182 168 
0.94 -3.28 3.08 2.5800 2.6600 -3.4000 1.0767 1.3078 -0.5611 -1.37 -4.49 8.60 192 371 176 197 172 
-0.42 -4.83 13.26 1.2200 -0.9300 4.4100 -0.3500 -0.5389 1.1978 -2.12 -3.68 8.83 192 379 181 200 173 
-5.21 -5.80 11.75 -3.6200 -0.3900 2.4300 -3.0089 -0.7533 -0.3600 -1.23 -6.41 7.31 195 381 183 201 173 
-2.68 -4.72 4.04 -2.5600 3.1800 -2.2700 -1.5933 0.5289 -1.6778 0.55 -8.44 4.94 193 383 185 203 173 
0.40 -4.79 1.89 -0.3700 4.2800 -2.4200 0.8844 1.8267 -1.5611 1.62 -8.08 5.30 195 383 184 206 174 
5.72 -2.69 7.06 4.1300 3.2300 0.0100 2.9400 1.4244 0.2544 1.03 -5.41 8.10 195 380 185 205 175 
3.22 -4.33 15.00 3.0000 -1.8000 5.7500 0.8722 0.0267 2.9167 -0.81 -2.39 9.47 195 381 185 206 173 
-4.43 -6.75 10.20 -3.2100 -0.8200 -0.3000 -0.9100 -1.1100 0.8233 -0.72 -3.79 9.01 194 365 189 207 175 
-2.20 -4.52 8.33 0.3200 -1.8800 2.5600 -0.6044 -4.0133 2.6644 1.84 -4.75 8.37 183 182 171 187 179 
6.46 -7.54 6.37 6.1400 -0.0400 -1.1900 0.6033 3.7700 4.5789 -2.36 -5.56 7.71 186 162 167 195 190 
-3.68 0.47 0.73 3.8200 2.2800 -5.7700 2.7522 2.8756 3.5733 -8.26 -0.06 5.27 191 159 164 187 189 
-10.26 4.84 4.93 -0.8600 2.6900 1.4600 1.1056 -0.1144 1.3256 -8.10 4.20 3.59 193 156 166 184 186 
-7.60 5.42 2.70 0.4800 0.4900 -1.5400 -0.0111 -0.2289 -0.2511 -7.88 4.11 4.12 193 160 167 191 187 
-11.34 6.30 5.12 -4.1600 2.5600 0.3900 -0.5667 -5.0833 -0.9933 -5.45 3.40 7.40 193 274 196 236 200 
3.38 7.79 10.15 2.2200 2.2100 3.1800 2.4200 -5.6756 3.0500 5.13 6.02 5.79 158 362 270 320 207 
5.85 1.11 2.49 -0.3100 -3.0800 -2.3600 0.0078 0.1078 3.0167 7.47 2.86 5.65 121 379 217 242 208 
2.63 2.60 4.37 -4.1600 1.6600 -1.3200 0.8311 0.3811 0.1189 7.10 2.47 6.28 100 380 173 210 181 
6.31 6.33 6.47 0.0800 4.0400 0.2700 -1.6678 0.0456 -1.2011 6.55 2.41 6.87 99 373 182 218 187 
5.21 1.40 4.05 0.2000 0.2200 -3.2800 -2.9656 -0.8267 -2.2633 6.16 0.77 7.58 97 368 189 225 189 
6.12 -2.38 5.26 0.2000 -2.2600 -2.1700 -0.8689 0.7500 -0.6378 5.31 0.01 8.24 96 389 195 228 190 
3.46 -2.71 10.56 -1.4000 -2.1700 2.1800 -0.0433 0.1822 0.1067 4.45 -0.48 8.72 96 389 192 228 191 
2.78 -1.06 8.36 -2.1300 -0.6900 -0.6400 0.1511 -1.2778 0.9678 5.33 -0.75 8.19 123 381 213 249 200 
4.52 -0.25 2.17 -1.6900 -1.5200 -4.3800 1.5011 -2.7667 0.8067 8.82 0.15 4.27 159 329 264 308 209 
;
