1.87 0.91 9.47 0.1100 -0.0500 -0.0500 -0.0044 0.0111 0.0022 1.79 0.98 9.59 169 379 338 358 214 
1.75 1.13 9.53 0.2200 0.5700 0.9400 -1.7122 -0.5000 0.1922 2.07 -0.12 9.58 10 350 250 253 213 
0.11 -3.00 10.01 -1.3800 -0.5200 -2.4400 -4.6611 2.3478 -1.1067 -0.38 -6.43 7.39 169 327 169 189 201 
1.58 -6.97 2.01 2.1400 0.9700 -2.6500 0.0100 0.9022 0.1933 -1.10 -7.83 5.79 179 347 170 190 197 
1.38 -10.59 7.17 2.9800 -3.3100 1.4800 -0.2367 -1.4011 0.6444 -1.12 -7.84 5.77 180 363 171 194 198 
-4.79 -11.82 6.36 -4.4100 -1.9700 0.7500 -2.4744 -0.6078 -0.7478 -0.06 -9.24 3.28 175 364 173 194 199 
-2.28 -4.82 1.42 -2.9400 5.3300 -0.5000 -1.2056 1.5789 -1.4822 1.85 -9.59 0.84 180 367 176 201 201 
2.86 -3.92 1.37 1.0300 5.2100 0.0300 1.6500 1.8589 -0.3656 2.45 -9.14 2.56 182 369 178 203 200 
7.46 -7.64 6.18 6.2000 0.5200 1.8300 2.5178 -0.4067 0.9689 1.49 -7.92 5.58 181 368 181 204 201 
-1.16 -12.09 9.26 -3.6500 -4.1100 2.6200 -1.3378 -1.4089 1.0133 1.02 -8.14 5.36 183 371 184 206 200 
0.07 -5.05 5.65 -0.3700 2.0100 -0.0200 0.3378 -0.0056 0.1211 1.27 -7.99 5.53 182 373 185 207 200 
1.81 -7.90 6.28 0.4400 -0.3400 0.0800 0.5144 -0.4422 -0.1844 1.58 -7.49 6.12 168 367 186 206 199 
2.82 -6.07 3.97 -0.2300 -0.5700 -2.6800 7.0600 -10.8922 0.5856 7.52 -3.53 5.19 164 291 270 325 215 
8.92 -3.44 -2.54 -0.9900 -0.1500 0.4200 1.1444 -5.9611 0.4867 7.10 -4.28 -5.22 170 228 268 342 220 
2.89 -1.47 -6.69 -1.5600 0.4100 -0.1000 -1.8489 -2.1011 -0.1778 3.26 -2.61 -8.86 181 258 267 343 223 
3.98 -2.70 -10.31 1.3600 -0.4000 -0.6100 0.1300 -0.0444 0.0822 2.72 -2.22 -9.15 183 268 281 348 225 
6.27 -1.59 -8.36 4.5300 1.0400 0.4500 -1.2378 6.3400 1.4689 6.13 -2.13 -7.34 175 263 265 316 220 
7.38 -2.45 -3.84 -1.6200 0.1900 -4.5300 -0.8833 10.5422 0.4022 6.43 -3.29 6.62 171 299 305 338 213 
1.23 -1.64 8.54 -0.4300 0.5300 -2.0100 0.8600 1.6067 -0.3622 1.39 -1.36 9.61 5 338 319 346 214 
;
