0.75 0.08 9.41 -0.0100 -0.1400 -0.2200 -0.0200 -0.0044 0.0011 0.96 0.29 9.75 171 351 335 364 214 
0.91 0.13 9.83 -0.0900 -0.1600 0.0400 0.0056 -0.0011 -0.0011 0.96 0.29 9.75 171 348 338 364 214 
0.90 0.15 9.84 -0.0600 -0.1200 0.1100 -0.0578 0.0122 0.0056 0.95 0.26 9.75 173 340 334 361 214 
2.52 -0.30 10.73 1.8800 0.1200 0.9800 -1.6844 1.9167 0.6289 -0.26 -1.22 9.72 173 318 200 211 211 
-2.99 -4.70 12.47 -2.3000 -1.0200 3.3300 -2.7367 -0.2533 0.3756 -1.60 -4.73 8.43 139 371 159 180 204 
-3.95 -4.38 7.49 -1.9800 3.2700 0.2600 -2.7011 0.9622 -1.5078 -1.35 -8.04 5.43 180 366 160 189 203 
-0.27 -5.35 1.77 0.4300 3.5500 -2.4900 -0.4922 1.0800 -1.4233 0.12 -9.15 3.51 179 370 168 191 205 
1.66 -6.20 2.26 1.4500 2.6800 -1.6100 2.0167 1.3422 -0.6933 0.51 -8.23 5.30 182 375 168 194 206 
3.42 -7.51 7.84 3.7000 -0.8100 1.3900 2.5822 0.2089 0.7444 -0.30 -5.87 7.84 183 377 174 197 205 
0.77 -7.17 11.49 1.1700 -2.0600 2.4700 -0.1467 -0.6722 1.8867 -0.94 -4.91 8.43 184 376 177 201 203 
-4.70 -5.69 9.38 -2.9100 0.5600 1.0600 -1.4322 -0.4678 0.4133 -1.12 -6.18 7.52 184 379 178 202 204 
-1.32 -4.82 5.11 -0.1500 1.6800 -1.8900 0.3733 -0.0056 0.0833 -1.17 -6.52 7.22 185 377 178 203 204 
-1.20 -6.76 8.38 0.0200 -0.5000 0.7900 0.0144 -0.0711 -0.1300 -1.08 -6.22 7.49 184 376 179 203 203 
-1.11 -6.24 7.33 -0.1200 0.0100 -0.1300 0.0011 -0.0767 -0.0400 -0.94 -6.28 7.47 185 380 179 205 204 
-1.50 -6.07 6.66 -0.8100 0.2800 -0.5800 0.6922 -1.4689 0.4167 -0.35 -5.91 7.81 180 367 226 250 205 
1.88 -4.67 12.99 0.3600 -0.3000 5.6000 -1.0700 -2.2511 0.0567 3.20 -5.32 7.58 181 358 287 348 207 
4.64 -6.43 4.56 0.9600 1.1800 -2.2100 -3.2433 -0.7789 -0.1867 4.41 -8.03 3.47 177 358 311 368 207 
4.72 -6.58 -5.55 1.1300 2.6800 -7.2700 2.9189 -0.6422 1.4689 2.98 -8.36 4.15 178 347 324 375 206 
2.37 -3.02 17.63 -0.1700 2.7600 11.5000 0.3356 -0.3067 0.7378 2.74 -5.83 7.38 178 356 337 376 209 
3.31 -5.28 6.22 0.2500 2.0200 0.2400 -3.2233 0.8300 -0.5678 3.03 -8.19 4.45 177 358 336 375 208 
3.98 -8.66 -3.10 0.7800 0.3000 -6.1700 1.0933 -0.1856 0.1178 3.17 -8.66 3.32 176 355 334 377 209 
4.00 -3.53 5.81 -0.3700 4.3500 5.0000 5.0844 -0.8056 0.5800 3.37 -4.87 7.81 182 358 338 373 209 
4.17 -3.31 10.26 0.5400 1.2200 0.2700 -2.3444 -0.1922 -0.3367 4.15 -5.80 6.71 180 357 321 369 209 
3.20 -5.54 2.49 -0.9800 0.5200 -4.4000 1.4189 1.8078 -1.2822 3.42 -5.05 7.67 179 352 313 359 209 
1.20 -0.68 7.43 -1.0700 1.4000 -1.4200 3.8800 1.2956 -0.4411 1.40 0.17 9.70 180 359 322 368 210 
;
