-0.72 2.24 9.48 0.0700 0.0000 -0.0100 0.0000 -0.0067 -0.0089 -0.80 2.23 9.51 217 402 343 373 242 
-0.71 2.23 9.53 -0.0500 0.0000 0.0700 0.2022 0.0789 0.0633 -0.80 2.36 9.48 216 384 340 371 240 
1.91 6.20 13.93 0.5500 4.6700 4.7400 -3.6211 -0.6444 -0.4556 1.65 0.67 9.64 206 322 243 255 229 
-0.04 -3.04 4.27 0.7800 -1.1900 -4.5200 -1.0878 4.1467 -2.9822 -2.49 -3.74 8.71 207 385 196 214 215 
2.88 -2.24 7.90 4.4100 1.6200 1.0500 0.8011 -1.7311 1.2800 -2.59 -3.32 8.85 212 391 195 210 216 
-2.72 -5.33 14.61 -1.8600 -2.0000 6.3800 -1.4467 -1.3411 1.6522 -0.81 -3.96 8.93 216 400 202 216 222 
-4.55 -3.44 10.99 -4.0300 2.9100 2.7800 -3.2700 0.5389 -0.7178 -0.61 -7.46 6.33 217 400 201 223 225 
-1.59 -4.06 2.18 -1.2700 5.0400 -2.0700 -1.4311 1.5289 -1.7356 0.57 -9.16 3.42 218 404 211 226 225 
2.19 -5.03 0.99 1.4900 4.0300 -2.5000 1.4033 2.2111 -1.6078 1.67 -8.57 4.45 223 406 210 230 224 
6.07 -4.93 7.80 4.9500 1.2600 2.4100 3.6833 1.0544 0.9256 0.40 -5.33 8.22 219 407 208 233 229 
1.57 -5.65 14.65 0.8800 -2.4100 5.3600 -0.1544 -0.7033 2.7311 -0.21 -3.48 9.16 219 402 213 234 227 
-4.12 -2.81 9.66 -3.5300 2.4800 -0.7600 -1.3578 -0.4889 0.2189 -0.02 -5.17 8.32 220 405 210 233 228 
0.14 -3.40 7.45 0.2300 1.5400 -0.5100 0.3911 0.1044 0.0422 0.00 -5.07 8.38 218 408 216 236 228 
1.30 -2.75 7.09 0.7400 1.1800 -1.9900 6.0000 -4.9478 2.7656 3.42 -0.93 9.14 221 270 293 297 236 
11.16 1.97 7.94 4.1400 -0.0100 2.0700 2.5278 -3.4133 2.1756 8.82 1.50 4.00 213 189 189 236 227 
6.87 -0.77 1.25 -3.7600 -0.4900 0.0100 1.0767 -1.7300 0.8778 9.76 -0.38 0.82 211 178 177 225 217 
5.88 2.98 2.62 -3.4900 2.9700 3.4700 -0.3800 -0.8822 -2.0578 9.61 1.62 -1.02 214 179 177 228 217 
14.31 2.91 -4.21 3.9500 0.2500 -1.7500 0.5400 0.1511 0.3056 9.37 2.53 -1.36 214 185 189 233 218 
;
