1.02 0.96 9.69 0.1500 -0.1000 0.0500 -0.0344 -0.0211 0.0189 0.89 1.06 9.70 178 353 337 355 208 
1.12 0.95 9.78 0.1400 -0.1000 0.0000 -0.0033 0.1322 -0.0178 0.86 1.00 9.71 178 354 325 329 209 
-0.59 0.16 13.60 -0.7800 0.6000 1.7600 -4.7944 1.1611 -0.8278 -0.28 -3.34 9.21 177 366 174 183 207 
0.19 -4.95 3.51 0.4900 0.3200 -4.6300 0.2378 1.1567 -0.5289 -0.55 -5.57 8.05 164 380 169 184 201 
2.56 -6.34 10.82 3.5400 -2.1800 2.6300 -0.4500 -0.5411 1.5744 -1.49 -4.91 8.35 183 381 168 186 203 
-6.50 -7.84 12.38 -5.8800 -1.1000 4.1300 -2.9089 0.0578 -0.0511 -1.60 -7.31 6.32 185 381 173 189 202 
-3.82 -3.47 3.87 -2.5100 5.4400 -0.5000 -1.7644 1.5156 -1.9244 -0.25 -9.27 3.16 180 381 178 197 204 
1.54 -4.82 0.53 1.1600 4.2700 -1.9100 1.2144 1.8300 -1.1833 1.04 -9.09 3.52 184 380 179 199 204 
5.10 -7.18 6.71 4.3000 0.0000 1.1600 2.2867 0.4044 0.6878 0.42 -7.31 6.51 182 381 179 200 204 
2.80 -9.73 11.59 2.8300 -3.8100 3.9700 0.3300 -1.3011 2.2667 -0.35 -5.97 7.76 182 378 180 203 204 
-6.34 -4.06 5.11 -5.0300 3.6000 -2.7800 -0.3389 -0.3478 0.6100 -1.14 -6.95 6.82 185 375 190 217 206 
0.52 -6.10 7.45 0.5400 -0.7500 0.0800 3.3889 -4.6533 0.9667 1.64 -4.27 8.67 163 261 290 311 207 
4.62 -4.55 9.42 0.2800 -1.0000 0.3900 -0.1733 -0.8789 2.1556 3.22 -3.70 8.48 126 215 273 283 209 
2.29 -3.55 7.39 -2.1600 0.2200 -0.7500 0.5889 -0.1844 0.4100 3.17 -3.94 8.39 97 152 193 196 202 
4.59 -3.10 8.69 1.3500 0.3400 0.5000 0.4544 0.2033 0.2322 3.00 -3.35 8.71 102 155 192 192 195 
6.10 -2.50 7.89 3.4800 0.6700 -1.4200 1.0144 1.2211 1.8878 1.64 -2.81 9.24 104 163 196 195 193 
-1.85 -0.16 9.40 -1.8100 1.7500 -0.2500 0.3889 0.3133 2.0422 -0.49 -1.82 9.62 104 164 197 198 196 
-6.19 0.31 10.29 -3.1000 2.5300 0.4100 -0.2367 0.1689 -1.9167 -0.57 -2.01 9.58 105 167 195 201 196 
1.73 -0.57 8.99 3.3000 0.7000 -0.5400 0.7167 0.3856 -1.6678 -0.70 -1.55 9.65 105 165 200 202 197 
4.21 -2.78 10.01 3.9500 -1.8300 -0.3900 0.0933 -0.0144 1.6489 -1.07 -0.88 9.70 108 170 201 203 198 
-6.08 -1.62 8.94 -4.0000 -0.6500 -0.8900 -0.3656 0.3256 -1.1644 -1.38 -1.21 9.63 107 169 203 205 199 
-0.46 -2.00 8.01 0.9800 -0.1100 -1.5100 0.3389 -0.2422 -1.7100 -1.12 -1.66 9.59 139 217 261 267 206 
1.10 0.78 9.25 0.4700 1.3300 -0.5600 1.7944 -1.3811 -0.8844 0.07 0.21 9.80 164 343 316 350 204 
;
