1.13 -1.16 9.53 -0.1800 0.0000 -0.1000 -0.0044 0.0033 0.0244 1.28 -1.20 9.64 177 339 342 369 217 
1.02 -1.35 9.77 -0.2000 -0.0100 -0.2000 -0.0011 -0.0078 0.0056 1.28 -1.20 9.64 176 340 342 369 218 
1.19 -1.14 9.64 -0.1600 0.0400 0.4600 0.0344 -0.0922 0.2878 1.42 -1.30 9.61 7 333 296 295 216 
1.38 -4.34 11.33 -1.1500 -1.0500 0.9600 -5.1989 0.3511 -0.3311 1.74 -6.45 7.17 175 358 172 184 209 
1.12 -5.86 3.07 0.5600 1.6400 -4.1400 0.0844 1.8122 -0.0667 0.16 -7.31 6.53 181 365 169 184 208 
2.01 -6.14 7.79 2.6200 0.0700 1.1900 0.5156 -0.0156 0.6122 -0.58 -6.63 7.19 184 373 172 187 210 
-0.87 -10.58 10.68 -0.9900 -3.9100 3.8500 -1.6856 -1.1822 1.4567 -0.65 -7.21 6.60 187 378 162 185 212 
-3.92 -6.01 6.36 -3.3400 3.1500 1.1500 -2.5444 0.1967 -0.5189 -0.54 -9.15 3.46 187 379 164 187 213 
-1.75 -5.51 1.14 -1.9800 4.1600 -0.5400 -1.0433 1.1800 -1.3522 0.92 -9.71 0.96 184 380 174 189 214 
0.85 -5.81 0.04 0.7700 2.6800 -1.3800 0.8467 1.6456 -1.5211 2.67 -9.28 1.69 185 379 176 191 214 
7.44 -6.65 2.66 4.5300 0.9400 -0.1100 1.7933 -0.0467 0.2122 2.82 -8.44 4.10 186 377 178 189 215 
5.87 -10.25 5.59 2.8800 -2.3600 1.0400 1.5333 -1.3144 1.1444 2.68 -7.71 5.42 183 380 181 189 215 
0.64 -10.63 7.74 -2.3000 -2.1500 2.7700 -0.7389 -0.8989 1.3333 1.85 -8.24 4.97 175 380 180 191 215 
0.28 -5.21 4.90 -1.3100 2.8800 0.0000 0.2933 0.0867 -0.0989 1.86 -8.27 4.91 185 378 182 192 215 
0.87 -7.76 8.58 -1.2200 -0.0500 3.1200 -1.7378 -0.6767 -0.1300 2.07 -8.55 4.31 185 275 248 263 214 
3.43 -10.84 3.61 0.6400 -1.2300 1.6300 -4.0811 0.2133 0.6489 2.29 -9.52 -0.50 183 265 285 300 210 
1.77 -5.28 -5.56 0.9700 4.3400 -2.0600 -3.7989 0.5600 1.1911 0.81 -7.68 -6.04 180 261 310 324 213 
-0.59 -2.49 -12.72 -1.1100 5.0400 -5.3100 4.8444 1.0822 0.4167 0.49 -9.09 -3.62 178 265 294 324 213 
6.35 -11.41 7.43 3.5400 -1.8100 6.9700 -2.6067 0.0478 0.4200 1.32 -9.38 -2.52 179 281 300 320 212 
0.13 -6.96 -6.28 -1.0400 1.7400 -1.5800 -1.8944 0.1700 0.0933 1.12 -7.97 -5.59 180 282 301 308 212 
-1.71 -5.15 -11.34 -3.6300 1.0500 -7.8100 3.3522 0.5522 -0.7811 1.83 -8.75 -4.01 181 284 297 321 213 
8.13 -5.34 7.85 3.5800 2.0800 3.9700 0.3311 0.2556 -0.1111 3.64 -9.08 0.64 182 281 301 312 215 
3.29 -7.23 -0.29 -0.2100 1.8700 -1.6700 3.1589 0.2533 -0.0822 3.81 -8.21 3.75 180 293 299 314 216 
2.78 -3.76 6.71 -0.7600 1.6000 -0.2900 4.7944 1.3811 -0.1644 2.88 -3.61 8.64 166 324 315 338 214 
1.98 0.10 12.50 -0.5200 0.8200 2.7000 0.9422 0.4067 -0.2156 2.14 -0.49 9.55 174 341 321 340 215 
;
