0.18 1.82 9.57 0.0600 -0.1100 -0.0100 0.0044 0.0056 0.0056 0.08 1.90 9.61 181 363 343 370 211 
0.15 1.75 8.62 -0.4000 -0.2200 0.0100 0.0344 -0.0244 0.0233 0.09 1.91 9.61 181 358 339 366 212 
0.93 4.65 12.89 -0.6500 2.2500 1.5500 -3.1878 0.6333 -0.3344 0.10 -0.51 9.79 148 337 197 218 212 
0.45 -3.73 7.65 1.3700 -0.7900 -2.6300 -1.5833 1.3522 -0.1456 -1.77 -4.00 8.77 179 364 151 176 205 
1.06 -3.32 10.36 2.7900 -0.0600 2.2900 0.5411 0.0956 0.9511 -2.53 -3.18 8.92 181 376 155 177 206 
-4.52 -5.12 13.00 -2.9100 -1.4100 4.0000 -1.9267 -0.5756 0.7033 -2.28 -4.40 8.46 184 381 166 181 207 
-4.78 -4.00 6.43 -2.8600 2.6000 -0.4600 -2.3389 0.3833 -1.2989 -1.41 -7.56 6.08 186 383 173 182 207 
-0.64 -4.38 2.68 0.1400 3.9200 -2.4600 -0.3244 1.3156 -1.6589 -0.08 -8.51 4.86 186 382 174 183 207 
3.71 -5.37 4.35 3.0100 2.5700 -0.3200 2.3533 1.0544 -0.5978 0.11 -7.12 6.73 186 384 176 189 209 
3.70 -7.32 10.50 3.6400 -1.4900 2.5300 1.3078 -0.9044 1.1089 0.00 -5.19 8.31 186 386 175 191 209 
-2.15 -6.98 11.49 -2.4800 -1.5800 3.1100 -1.2578 -0.9989 1.2244 -0.15 -5.72 7.96 188 381 176 193 208 
-1.66 -4.38 4.84 -1.3500 2.1000 -2.4400 0.0878 0.0867 -0.1544 0.08 -6.52 7.31 186 384 165 193 209 
-1.34 -6.57 6.25 -0.7200 0.0600 -1.7500 3.4878 -8.0767 0.1889 4.74 -4.15 7.51 174 257 247 273 212 
8.38 -2.42 0.78 0.7200 -0.0400 -2.2000 2.0311 -9.6556 -0.6967 9.13 -2.02 -2.93 169 213 256 281 215 
5.72 -0.43 -7.26 1.5400 0.9200 0.8400 -2.3311 -2.3033 -0.4756 4.31 0.12 -8.80 181 255 242 303 220 
4.86 0.87 -10.40 0.9500 0.0200 -1.0800 -0.0667 -0.4433 -0.2744 2.84 0.94 -9.33 185 268 246 309 221 
6.68 -0.94 -15.82 3.2400 -1.1400 -6.2400 4.0344 0.4956 0.8611 2.83 -2.11 -9.14 189 320 291 351 218 
4.88 -3.84 -5.55 -1.8500 3.1800 1.0700 3.2667 2.1922 0.7556 4.73 -7.70 -3.79 195 377 341 366 214 
3.02 -4.35 -0.08 -1.7500 3.7500 2.3100 -0.1944 0.5278 -0.1878 4.93 -8.12 -2.38 196 378 341 369 215 
4.55 -4.44 -2.90 -1.1500 2.4900 -0.3500 -3.7456 6.6911 -2.7822 8.22 -5.30 -0.60 175 311 330 343 215 
9.45 -3.22 2.24 1.4300 -0.5900 -4.3600 1.3244 10.6378 -2.2178 3.70 -1.81 8.89 178 330 319 364 214 
-5.12 9.45 13.27 -5.3000 -0.3400 16.2400 -4.8467 2.6378 -1.4833 -1.63 0.89 9.62 180 354 333 384 215 
-1.29 1.19 9.60 0.3000 0.0400 -0.1800 0.0000 0.0056 0.0167 -1.49 1.05 9.63 178 356 339 382 216 
;
