1.39 0.50 9.61 0.0000 -0.0400 -0.1300 -0.0256 0.0667 -0.0078 1.37 0.55 9.69 180 367 355 361 216 
1.42 1.08 10.84 -0.3300 1.4300 2.2400 -2.2044 -0.3778 -0.2167 1.32 -0.96 9.66 176 333 306 289 213 
0.99 -4.67 6.41 -0.3400 -0.0500 -3.6000 -3.5533 0.1322 -0.4922 1.00 -6.56 7.21 173 367 174 180 198 
1.57 -6.64 3.55 1.6300 0.4300 -2.2100 0.6056 2.3389 -0.4044 0.05 -6.89 6.96 183 376 171 183 192 
3.52 -9.23 8.59 2.5800 -3.3800 1.6300 0.1911 -1.2400 1.3289 -0.20 -6.57 7.27 185 381 173 186 193 
-4.98 -8.79 9.46 -4.5100 -0.4300 2.7000 -2.7233 0.2011 0.0189 -0.53 -8.37 5.07 172 384 179 187 194 
-2.52 -3.64 2.36 -2.3100 5.5300 -0.8600 -1.4289 1.3178 -1.5544 0.77 -9.43 2.56 183 387 178 189 194 
1.90 -4.35 1.43 0.2600 4.8700 -1.3100 1.3556 1.2600 -1.4178 2.29 -8.85 3.52 185 386 180 191 195 
6.06 -6.51 5.98 4.0600 0.6900 0.9200 2.4422 -0.0200 0.3844 2.16 -7.01 6.50 183 388 184 193 196 
4.71 -7.88 8.73 2.5200 -1.5600 1.0000 0.8833 -1.2078 1.7767 1.62 -6.10 7.50 183 389 185 197 198 
-0.41 -7.93 9.41 -2.3400 -0.4800 1.1300 -1.1244 -0.5956 1.1122 1.06 -6.91 6.87 183 388 189 199 199 
-0.41 -4.90 5.39 -0.8300 2.0200 -1.0400 1.0078 -0.7100 0.1522 1.07 -6.81 6.97 183 374 228 222 211 
2.38 -6.37 7.32 1.5100 -0.8100 1.7500 4.1411 -2.1922 2.5989 2.07 -3.25 9.01 180 368 297 284 210 
2.04 -3.66 8.55 -1.1100 -1.2800 -3.0400 0.8533 -0.2389 0.8322 2.46 -2.27 9.21 180 347 186 167 196 
1.89 -0.04 8.27 1.4800 1.3900 -1.3900 1.6333 0.6056 -0.2733 1.19 -0.06 9.73 176 351 189 169 190 
3.95 2.59 10.10 3.3800 1.5500 1.7200 1.1600 -0.5200 1.5356 1.32 1.80 9.54 155 351 194 175 191 
0.35 1.17 14.70 -2.4800 0.1000 4.1000 -2.1978 0.0044 1.6022 2.88 -0.39 9.36 139 354 197 178 192 
-1.64 -1.47 5.06 -4.4200 0.9400 -4.5500 -0.7300 0.0367 -1.3633 2.83 -2.44 9.06 160 355 196 179 192 
4.77 1.74 4.78 1.7900 2.8700 -3.9100 1.6978 -1.1144 -1.8578 4.12 0.00 8.89 169 355 197 175 191 
7.98 3.57 8.68 3.2600 1.5100 0.5600 1.9067 -0.1844 -0.1789 4.50 2.74 8.26 167 349 198 177 193 
6.06 3.02 11.33 1.2200 -0.1400 4.2800 0.1200 -0.1378 1.3156 5.15 3.18 7.70 159 348 201 179 193 
3.15 1.05 6.19 -3.9000 -0.5100 -2.7600 -1.2244 -0.4067 0.7367 6.38 0.50 7.42 165 345 200 178 192 
7.01 1.80 8.27 0.6600 1.7500 1.4600 -0.5200 0.8933 -0.3522 5.99 0.39 7.75 179 356 263 249 205 
;
1.21 1.31 9.42 0.0500 -0.0500 -0.1800 -0.0722 0.0122 0.0100 1.13 1.33 9.64 181 380 347 361 206 
1.64 1.52 9.72 0.1600 0.6700 0.6200 -1.7156 -0.7533 0.6389 1.83 -0.11 9.63 176 321 298 302 209 
3.04 -2.45 10.90 -1.0100 0.0400 -0.6400 -4.2167 0.7922 0.2144 0.78 -6.07 7.65 177 321 175 185 202 
0.38 -6.99 3.02 -0.5700 -0.0600 -3.9700 -0.3989 1.6956 -0.4789 0.13 -7.70 6.06 186 363 173 189 195 
-0.20 -6.64 7.22 0.5400 0.9500 1.9800 0.4222 0.4900 0.2622 -0.88 -6.99 6.81 188 376 184 201 197 
-0.56 -11.66 8.17 -0.4600 -4.1900 2.4300 -1.0400 -1.4900 0.7211 -1.01 -7.37 6.38 192 382 187 204 198 
-4.90 -8.82 4.50 -4.7200 0.9900 -0.8900 -1.9078 0.1267 -1.4144 0.54 -9.12 3.55 192 383 189 203 198 
-0.43 -4.04 0.94 -1.0600 5.3800 -1.6500 -0.0144 1.8356 -1.3500 2.31 -9.08 2.87 190 381 191 207 198 
3.79 -3.95 4.97 1.9600 4.3600 0.9500 1.8444 1.6100 0.1144 1.77 -8.10 5.22 190 380 192 210 198 
3.96 -7.79 9.96 3.6200 -1.1700 3.1500 1.0922 -0.2122 1.6700 -0.08 -6.87 6.99 193 385 191 213 197 
-2.50 -10.22 8.98 -3.1600 -3.3400 1.0800 -1.1944 -1.2656 1.3333 -0.52 -7.11 6.73 190 388 196 217 198 
-2.09 -4.36 4.19 -1.0300 2.8700 -1.5000 0.5844 -0.1800 0.3533 -0.52 -7.21 6.62 192 390 212 226 202 
-0.39 -6.97 8.56 -0.2100 -1.9100 0.4100 4.2667 -4.9911 3.5078 1.47 -3.73 8.94 168 364 284 312 213 
0.20 -3.99 10.19 -0.2700 -1.8200 -0.9500 0.0856 -1.0856 1.8422 1.29 -3.11 9.20 179 366 220 186 203 
-2.18 -1.73 7.49 0.9500 0.9000 -1.1600 1.9622 1.7056 0.3289 -2.22 -0.70 9.52 183 366 221 182 193 
0.32 2.54 10.17 3.2400 1.7100 1.1600 0.6889 0.5433 1.1833 -2.98 1.42 9.23 186 369 225 185 195 
-6.00 1.64 15.58 -4.0800 -0.0800 5.2900 -2.1500 -0.8967 1.3322 -1.13 0.73 9.71 185 374 216 185 197 
-3.74 -1.75 5.01 -1.7300 -0.0300 -5.4800 -1.1500 1.2078 -1.1678 -1.60 -2.43 9.36 183 376 219 184 197 
0.31 0.54 4.81 3.0900 2.6100 -3.9700 2.2244 0.4444 -1.2478 -1.74 -0.58 9.63 185 374 215 182 197 
1.30 3.55 11.37 2.9900 2.2900 1.9000 1.4700 -0.1033 0.3522 -1.46 2.22 9.43 174 372 221 183 196 
-0.35 3.44 12.72 0.3000 0.3500 3.8200 0.2911 0.0411 1.5411 -1.01 3.46 9.11 186 371 222 185 195 
-2.43 2.90 12.07 -2.6300 -0.2100 1.1000 -1.6356 -1.1633 0.9667 1.19 1.94 9.53 170 367 225 185 196 
0.14 1.17 7.31 -0.3400 0.2300 -1.3000 0.2922 -0.1378 0.0078 1.14 1.58 9.60 184 371 225 186 196 
-0.01 1.76 9.30 -1.8600 0.0000 -0.5700 -0.4089 0.2144 -1.0456 1.01 1.41 9.64 186 374 247 238 204 
;
