3.97 2.61 8.35 -0.0700 -0.0300 -0.1300 -0.1689 1.5589 -0.2989 2.17 2.56 9.21 209 337 366 400 251 
3.13 3.95 10.04 2.6300 2.5700 1.0100 -0.0689 1.0200 0.9633 1.30 2.43 9.41 205 359 277 286 244 
0.57 1.03 13.00 -0.6000 0.6800 2.4800 -4.4978 1.3133 0.7278 0.01 -2.32 9.52 202 376 192 203 215 
1.96 -5.33 4.32 1.2700 1.0600 -3.5300 -1.6522 2.6000 -2.1800 0.19 -6.69 7.16 200 362 196 215 216 
2.93 -3.65 6.20 2.3700 1.1600 -2.2100 1.6944 1.2811 -0.8044 -0.87 -5.52 8.05 213 368 195 219 207 
3.40 -5.76 14.91 1.4700 -4.2300 5.6000 -1.3056 -1.1044 2.0378 -0.66 -5.02 8.39 216 387 198 220 209 
-5.04 -6.84 10.19 -5.1000 0.5400 3.0300 -2.9789 -0.4767 -0.1567 -0.21 -8.03 5.62 215 389 198 224 210 
-1.60 -4.86 2.80 -2.1100 3.8700 -1.3900 -1.0822 1.1278 -1.4333 1.10 -9.23 3.09 217 391 202 224 210 
1.52 -5.51 1.13 0.2300 3.2500 -2.3700 1.5611 2.3589 -1.3822 2.02 -8.63 4.19 218 395 199 224 212 
5.51 -4.47 8.24 3.9700 0.7200 2.2400 3.2544 0.9856 0.7256 0.72 -5.63 7.99 219 398 207 228 212 
1.44 -7.42 15.04 -0.6300 -3.4300 6.3800 -0.7944 -0.7211 2.5056 -0.43 -4.36 8.76 220 403 208 229 213 
-3.44 -1.60 5.17 -2.9700 5.0900 -4.5000 -0.5067 -0.1800 0.2522 -0.06 -6.44 7.39 221 403 209 232 213 
0.12 -6.84 9.03 -0.0100 -0.4200 0.8600 0.2289 -0.2444 -0.3822 0.12 -5.84 7.87 222 401 205 230 213 
0.42 -5.05 8.62 -0.5000 1.5600 1.5500 -0.6978 -1.5300 0.2411 0.95 -5.94 7.73 212 301 208 244 213 
3.50 -9.42 6.88 0.2400 -1.7300 1.6900 -2.4567 -3.3511 1.2144 2.17 -8.77 3.79 141 245 291 330 235 
0.24 -9.45 -1.04 -0.0300 1.6800 -2.3500 -1.9367 -1.5267 1.8922 -0.19 -9.79 -0.51 141 261 277 319 239 
-2.27 -8.18 0.09 -0.9300 1.0300 0.9500 0.0511 -1.0833 0.2689 -1.62 -9.65 -0.62 144 270 276 307 238 
-4.63 -11.05 -1.66 -2.4400 1.2400 -2.5700 1.7500 -6.8500 -1.9133 0.71 -9.67 1.42 144 270 259 290 237 
4.62 -7.82 -4.54 1.8300 2.9000 -6.8000 1.3167 -8.9756 -1.2344 4.56 -8.66 -0.46 142 266 272 285 232 
6.96 -7.63 -0.80 5.3900 1.5500 1.1000 0.0844 -0.8400 -0.0789 4.83 -8.38 -1.57 145 266 269 286 232 
3.93 -6.20 -1.43 0.6700 3.0100 0.8800 -1.3067 0.8300 -0.4911 5.00 -8.03 -2.54 163 293 296 309 238 
;
