-0.63 2.99 9.34 0.0700 -0.0700 0.0700 -0.0156 -0.0289 0.0044 -0.72 3.07 9.28 195 320 324 335 220 
-0.68 3.43 9.34 -0.4200 0.9900 0.8600 -0.9789 -0.6400 0.6922 -0.19 2.40 9.50 188 263 189 201 205 
-2.67 -2.15 10.25 -3.8500 -2.0600 -1.5400 -3.2867 1.0167 -2.4600 -0.35 -3.76 9.04 192 331 186 200 206 
3.63 -0.10 5.58 2.9000 2.0000 -3.9200 1.1700 2.1744 -0.8489 -0.60 -2.82 9.37 206 391 188 213 207 
1.68 -2.75 11.89 3.0400 -2.0000 3.1900 -0.1922 -1.0289 1.5900 -1.04 -1.46 9.64 208 400 197 217 206 
-3.81 -2.87 14.35 -3.4900 1.3900 4.2500 -2.6056 -0.4367 0.2700 -0.69 -4.22 8.82 209 402 202 221 208 
-3.94 -2.96 6.02 -2.7400 3.5100 -1.5800 -1.8833 0.9033 -1.6678 -0.12 -7.34 6.49 209 403 201 223 207 
1.38 -4.69 2.91 1.1900 3.0400 -3.0700 0.5600 1.8844 -1.1533 0.09 -7.63 6.15 209 407 202 226 208 
1.97 -5.15 5.55 2.4700 0.8900 -1.5000 2.7222 1.0478 0.3700 -1.27 -5.24 8.19 207 403 204 228 208 
3.94 -4.78 12.77 5.3300 -1.6300 3.4700 0.9756 -0.9656 1.9956 -1.35 -2.53 9.37 208 406 204 227 207 
-2.74 -3.93 14.93 -3.4800 -0.9200 4.6700 -1.7344 -0.8022 1.6078 -0.41 -3.23 9.24 207 402 204 225 205 
-3.18 -0.65 5.26 -2.0100 2.1800 -3.3700 0.5256 -0.1256 0.1167 -0.43 -3.68 9.07 208 400 203 226 208 
-0.39 -2.43 10.69 0.7300 -0.5000 2.6100 3.0889 -3.7456 1.6222 2.24 -0.86 9.50 187 369 262 293 227 
11.15 1.58 11.41 4.6700 -1.3600 2.7300 2.2622 -0.8633 2.7967 6.26 1.34 7.42 145 225 257 287 227 
5.46 1.50 5.93 -1.4200 -0.2800 -1.3900 2.2711 1.0956 0.6233 5.61 2.68 7.57 117 221 208 238 198 
2.45 3.85 4.50 -2.8600 0.2800 -2.5200 1.1333 0.9722 -0.7911 3.99 4.75 7.58 115 220 207 229 189 
1.62 5.56 6.59 -1.6500 0.0400 -1.0100 0.0167 -0.2200 -0.6589 3.05 5.50 7.52 117 216 213 233 194 
1.84 6.93 7.23 -1.0200 1.2300 -0.0700 -0.6789 -1.0056 -2.6033 2.53 5.91 7.39 117 213 218 239 196 
3.12 5.77 6.94 1.4300 0.1200 -0.6500 -1.1467 -1.0456 -1.6889 2.13 5.57 7.77 117 210 217 240 196 
3.60 3.44 7.44 1.4700 -2.3800 -0.2800 -0.0433 -0.5911 -0.0044 2.31 4.99 8.11 115 215 218 241 197 
3.31 3.33 9.88 0.7500 -1.3600 1.6100 0.0933 0.0878 0.0000 2.26 4.96 8.14 118 216 217 241 197 
1.79 3.85 8.86 -0.4600 -1.2800 0.6800 0.1011 -0.0822 0.2356 2.40 5.05 8.05 120 212 218 242 198 
;
