4.48 3.70 7.91 0.1200 0.2100 -0.0800 0.0811 0.0211 0.0256 4.40 3.54 8.00 176 358 346 355 208 
9.36 7.71 12.25 3.0400 2.8800 3.7700 -2.5889 -3.8044 5.5878 7.78 -0.69 5.91 180 302 332 367 211 
7.91 -1.85 5.90 -1.1600 4.3600 0.5800 -2.9978 1.7244 5.1100 4.34 -8.13 3.33 179 338 334 367 213 
-0.97 -6.42 -0.48 -3.4100 3.6900 -1.0400 -2.0389 1.6222 0.0333 0.99 -9.74 0.46 180 374 351 393 214 
3.63 -9.05 -3.84 1.8400 0.3000 -3.1400 0.2889 0.2933 -0.3844 1.84 -9.62 -0.26 189 385 356 403 215 
2.74 -9.42 -0.37 -0.3900 0.1300 -1.6000 3.4967 0.0078 0.2322 1.80 -9.06 3.26 191 380 359 401 214 
1.51 -4.26 2.15 -0.4700 2.4500 -5.2500 5.2833 -0.3044 -0.3800 2.22 -4.76 8.27 192 389 364 402 215 
1.10 5.64 5.20 -2.2800 4.0800 -3.4900 6.3522 2.4433 0.0478 0.17 3.99 8.95 195 392 360 402 215 
2.67 12.42 13.45 1.9300 3.5100 4.2100 -0.2800 0.2511 0.0511 0.00 6.59 7.26 196 396 363 404 214 
-0.61 6.62 7.12 -0.3200 0.2500 -0.3000 -0.0567 -0.1756 -0.1422 0.06 6.41 7.41 196 397 367 398 214 
3.14 8.19 9.54 1.5700 3.0300 1.9900 -2.7533 -1.4611 0.4900 1.85 4.52 8.49 187 342 321 325 213 
4.49 3.92 10.71 1.3700 3.7200 1.0800 -5.7667 -0.0722 1.2744 2.89 -3.01 8.86 186 316 298 304 211 
-2.05 -5.32 3.10 -3.6000 2.3200 -3.0500 -4.0556 1.6789 1.3078 -0.39 -8.81 4.27 178 319 301 315 212 
-2.79 -7.49 -0.25 -2.5600 1.0200 -2.1200 -0.8444 1.5178 -1.9078 0.56 -9.71 1.23 183 367 348 371 213 
6.64 -8.88 0.13 3.9400 0.5300 -0.8100 0.4511 1.0311 -0.4733 2.06 -9.44 1.62 185 384 353 387 215 
2.53 -10.88 0.08 0.5200 -1.2100 -3.0300 1.4389 -0.5322 0.2422 1.84 -9.25 2.68 194 398 359 398 217 
2.17 -7.49 0.57 0.0200 0.6800 -4.7600 4.6189 -1.1778 0.2578 2.10 -6.62 6.91 195 397 360 402 215 
1.87 6.27 -0.78 1.3100 7.8400 -9.4800 8.2789 1.0233 -0.9556 2.07 3.57 8.89 199 394 364 395 214 
-0.04 16.78 14.17 -0.3900 8.0200 7.9200 0.2644 0.0078 -0.5767 0.36 7.89 5.80 201 394 365 397 216 
-0.42 7.60 5.43 0.0400 0.3200 -0.5100 -0.4744 -0.3300 -0.3700 0.10 7.45 6.36 199 393 364 386 215 
3.02 10.27 9.03 3.2100 4.0400 2.5400 -3.7478 0.8122 -1.8844 -0.75 4.70 8.57 184 402 273 280 213 
-1.01 0.08 2.80 0.2500 -0.0600 -6.4800 -6.7633 0.5967 -2.9322 -1.76 -4.95 8.27 184 374 169 184 183 
3.86 -5.34 8.16 1.9100 -0.9700 -0.4700 2.0489 0.3389 -1.1233 -0.87 -4.08 8.87 189 383 175 196 182 
0.82 -4.31 13.13 2.2300 -1.9100 4.5900 -0.7111 -0.3133 1.2589 -1.71 -3.58 8.96 193 392 178 201 182 
-4.93 -6.17 11.57 -3.4300 -0.1400 2.2500 -3.1356 -0.4700 -0.1500 -1.20 -6.82 6.94 192 394 180 204 184 
-2.62 -4.26 4.28 -2.7100 3.9800 -1.7900 -1.3922 0.4244 -1.9067 0.52 -8.58 4.71 194 394 182 209 184 
1.83 -4.01 1.27 0.1700 4.7100 -3.1100 1.2611 1.9000 -1.6178 2.02 -8.12 5.10 198 398 186 210 185 
4.93 -2.50 7.24 4.0400 4.5900 0.1400 3.5056 2.0411 0.6433 0.05 -5.00 8.43 198 399 184 213 186 
1.40 -3.52 15.84 1.2700 -2.1000 6.3300 1.0922 0.3567 2.8033 -1.79 -1.42 9.53 201 403 184 212 185 
-5.12 -0.62 10.76 -3.6500 1.9900 -0.4500 -1.3233 -0.0600 0.6356 -1.97 -2.67 9.22 200 403 186 212 186 
-2.00 -2.20 7.51 0.2600 0.5500 -0.8700 0.4889 0.1122 -0.0267 -2.12 -2.67 9.19 200 403 185 216 184 
-1.70 -2.54 8.62 0.1800 0.1200 -0.8000 0.7044 -0.1656 0.1200 -1.99 -1.72 9.44 198 402 214 245 198 
;
