1.60 0.26 9.61 -0.1300 -0.0300 0.0100 -0.0011 0.0589 0.0200 1.70 0.28 9.65 176 352 350 386 220 
1.57 0.31 9.56 0.0600 0.0200 -0.0500 0.2256 0.3289 0.0489 1.44 0.44 9.68 179 360 351 389 221 
-0.58 0.77 9.78 -0.8600 -0.1300 0.1500 0.7611 0.4844 0.2833 0.20 1.41 9.70 187 383 348 398 218 
8.40 6.34 19.46 3.6800 5.3300 9.5900 -6.0000 -2.2056 3.3211 3.87 -3.51 8.29 192 369 337 394 218 
-0.23 -2.60 0.08 -2.1200 5.9000 -4.2400 -6.7378 1.5411 2.3933 0.85 -9.74 0.65 190 375 352 403 219 
-0.87 -8.70 -6.47 -0.1300 1.0700 -3.3900 0.5556 0.0278 -0.2144 0.29 -9.63 -1.80 189 372 356 404 219 
1.08 -8.19 -10.50 2.9100 4.9100 -10.8100 7.3333 -1.2689 -0.5367 1.48 -8.41 4.81 191 371 355 403 218 
3.12 12.31 20.27 3.5300 10.1100 14.3600 4.6044 -0.5478 -0.3311 3.03 1.95 9.11 190 369 353 394 218 
3.36 2.11 11.26 1.1700 0.0900 0.0600 -1.5233 0.5256 -0.1444 3.09 0.66 9.28 187 370 344 367 219 
2.37 -1.01 9.14 0.0900 -1.1500 0.7800 -2.1111 -3.1300 0.4222 5.03 -0.90 8.36 177 365 168 195 215 
7.56 -4.27 3.07 0.4400 -0.2400 -1.5400 -0.9556 -5.7689 2.5200 8.38 -4.83 1.57 169 366 162 182 201 
6.43 -6.07 -0.82 -1.1600 0.6200 -0.5700 0.8022 -0.9844 1.0822 6.77 -7.06 -0.63 166 361 169 180 199 
5.48 -4.62 3.57 -0.5900 2.8700 5.5300 2.0211 -1.0633 0.1289 6.82 -6.81 1.75 157 349 175 187 198 
6.16 -7.08 0.42 -0.7200 -0.0900 -0.8200 -1.9844 -0.3144 0.3589 6.43 -7.38 -0.57 156 360 174 191 200 
5.97 -7.69 -3.69 -0.0600 -0.1500 -2.3700 0.4789 0.2233 -0.0411 6.39 -7.37 -0.97 8 366 178 191 200 
5.98 -5.70 2.56 -0.2200 2.2800 5.0800 2.1722 -0.1322 0.0589 6.56 -7.12 1.49 164 359 177 193 199 
5.65 -5.72 1.08 -0.2700 1.8700 1.1500 -4.3878 3.2389 -1.0056 6.85 -6.98 -0.68 169 351 191 214 211 
8.19 -5.52 -1.21 0.5100 0.1100 -5.3700 1.5922 10.5689 -3.0311 3.99 -4.02 7.99 174 358 311 347 212 
;
3.85 -0.12 8.94 0.0200 -0.0400 -0.1100 -0.0022 -0.0011 0.0056 3.84 -0.07 9.01 192 313 328 348 227 
3.84 -0.13 8.92 0.0400 -0.0300 -0.1000 -0.0022 0.0056 0.0000 3.85 -0.08 9.01 195 311 328 348 225 
3.91 -0.14 8.94 0.4000 0.2200 -0.0700 0.1467 0.1989 0.1956 3.77 -0.03 9.05 195 291 313 353 226 
14.84 0.37 12.67 7.1100 2.3200 5.8100 -4.6922 -0.4056 4.0556 6.02 -5.29 5.63 193 267 313 336 224 
0.76 -7.13 1.96 -2.8100 2.0300 -0.7500 -2.3400 0.7367 3.0111 1.95 -9.46 1.65 194 329 298 362 228 
1.08 -7.43 -2.27 0.9400 1.5400 -3.6400 -0.2489 0.5778 -0.0944 0.99 -9.75 0.17 195 393 338 395 230 
0.67 -10.00 -1.81 0.3100 -0.1800 -2.0600 1.5589 0.0156 -0.2333 1.15 -9.63 1.43 198 395 345 398 230 
1.76 -9.10 1.11 -1.2900 -0.3700 -3.5200 3.7711 -0.2522 -0.2022 1.52 -8.07 5.35 198 394 343 395 230 
2.64 0.30 2.04 0.6600 5.0500 -6.0600 6.8700 0.9133 -0.7956 1.82 -0.70 9.60 199 396 354 396 230 
0.62 13.69 14.16 2.2700 8.5000 7.6200 2.9544 0.0111 0.0000 0.97 6.82 6.97 200 396 358 397 230 
1.14 6.07 6.38 -0.4200 -0.8500 -1.4800 -0.3111 -0.0233 -0.1400 1.31 6.35 7.35 201 399 357 396 230 
0.95 6.52 8.78 -0.5300 0.4000 1.8400 -0.9433 -2.1600 0.4267 2.49 6.07 7.28 198 388 333 365 228 
4.06 2.59 6.84 -2.4100 0.0900 -2.4200 -4.5578 -5.9856 4.3478 8.07 -0.95 5.47 193 348 212 231 215 
10.14 -5.36 -0.69 1.4900 -0.9200 -0.9700 0.4644 -2.7044 2.3200 7.40 -6.36 -0.89 192 338 175 202 179 
6.72 -5.91 -1.24 0.1900 1.3900 -0.7300 2.2544 0.0289 -0.3444 7.02 -6.83 0.35 180 325 178 198 177 
7.87 -3.39 6.30 0.4200 2.3400 4.8800 -0.6233 -0.2467 0.2589 7.30 -6.37 1.49 180 337 186 204 180 
7.02 -6.99 -0.17 -0.1200 -0.2000 -0.9000 -0.6333 -0.4289 0.2289 7.04 -6.82 0.08 179 359 189 206 183 
7.44 -6.77 -0.68 0.2600 0.1300 -0.8200 0.7322 0.0633 -0.1089 7.07 -6.78 0.27 175 338 191 208 184 
6.36 -4.13 5.22 -0.4200 2.4600 4.4100 -0.0733 -0.2533 0.0689 7.36 -6.30 1.47 175 328 192 209 184 
6.94 -5.24 1.11 -0.0500 1.2600 1.3300 -2.9411 0.5500 -0.0044 7.12 -6.68 -0.87 183 367 188 218 198 
8.56 -5.06 -1.54 0.2500 -0.2500 -3.9000 -0.2944 7.8889 -3.6478 7.43 -3.58 5.29 192 345 270 315 215 
1.16 -0.13 8.34 -2.1800 0.4500 0.5300 2.8322 1.4156 -1.4722 3.05 1.45 9.20 193 362 267 363 217 
;
