6.24 0.43 7.50 0.2300 -0.0200 -0.1600 0.0167 -0.0767 -0.0078 6.29 0.37 7.50 182 293 306 308 219 
5.89 0.57 7.55 -0.0900 0.0300 0.0100 0.0178 -0.0544 -0.0222 6.26 0.41 7.53 183 294 313 309 218 
10.89 1.01 14.65 2.3400 1.5000 6.3100 -3.3756 -0.3178 2.6533 5.44 -4.14 7.02 180 304 315 321 214 
3.08 -3.32 4.86 0.0600 4.6600 -1.0600 -3.6956 4.1478 2.2311 1.42 -8.76 4.15 181 316 321 328 217 
-3.56 -7.66 -1.86 -3.0700 2.2600 -3.1600 -0.9656 0.5478 -1.1433 0.12 -9.75 0.96 184 374 338 382 220 
6.07 -8.11 -0.35 5.9800 0.6000 -2.1000 0.6489 -0.7067 -1.2211 3.00 -9.22 1.46 189 395 354 401 222 
3.30 -11.82 -1.90 1.7400 -0.8700 -2.3800 2.0489 -1.2100 1.0556 2.36 -9.12 2.70 192 393 358 406 223 
1.26 -5.22 0.51 -0.5800 3.7100 -5.4100 5.6856 -0.4244 0.8433 1.70 -5.42 7.98 195 394 362 403 224 
1.65 6.47 4.49 0.4400 6.8100 -3.8800 6.0456 0.5811 -0.2067 1.79 2.87 9.20 193 399 365 401 224 
1.04 14.06 15.55 -2.3100 9.5400 9.9100 0.6300 -0.8989 0.1856 1.46 6.95 6.75 197 411 371 401 224 
1.77 7.82 7.22 -0.1100 1.3300 0.8500 0.2211 -0.3322 0.2011 1.88 6.90 6.70 196 410 362 381 224 
5.20 9.95 10.86 2.0200 3.3500 4.1600 -1.9922 -2.6422 1.4356 4.93 5.11 6.75 187 312 189 213 217 
10.30 1.27 1.64 2.0600 -0.1100 0.8800 -0.5422 -1.2578 3.4589 8.63 -0.01 4.64 172 280 159 182 185 
6.82 -0.65 1.60 -2.2900 0.0700 -3.0700 1.8989 1.5822 0.0600 8.07 -0.53 5.53 163 314 171 184 186 
4.80 2.01 5.71 -2.5700 2.4800 0.3100 -0.2144 1.0022 -0.3844 7.31 0.00 6.53 165 325 177 188 186 
6.89 1.57 6.44 -0.0700 1.5500 -0.6500 -1.0378 0.2856 -0.8556 6.70 -0.13 7.15 170 330 178 191 187 
7.72 -0.08 6.57 0.9800 -0.5700 -1.2800 -1.1311 0.7867 -0.3067 5.94 -0.97 7.73 173 334 180 192 189 
3.41 -3.57 8.38 -2.0200 -2.2500 0.1800 -0.2111 0.5733 -0.3078 4.93 -1.37 8.36 169 341 181 193 190 
4.04 0.61 8.35 -0.4100 2.5900 -0.3400 -1.5422 -0.0489 0.8544 4.70 -2.33 8.27 181 323 175 197 196 
4.21 -0.70 4.05 1.1300 4.5600 -4.5200 -6.1433 5.8044 0.5922 0.63 -8.10 5.48 171 286 234 271 208 
-3.61 -14.48 1.07 -2.1100 -4.3100 -0.9200 0.3267 1.5267 -0.9833 -0.29 -9.70 1.38 178 387 344 392 219 
1.52 -12.32 -2.68 0.5800 -2.8100 -5.9700 2.6089 -2.0344 -1.0378 2.37 -9.19 2.45 186 391 360 404 221 
7.70 1.62 0.00 4.6400 9.6800 -3.3300 6.5244 0.3300 -1.3978 4.32 -3.85 7.91 190 388 353 394 221 
7.93 0.92 14.29 2.8800 3.2800 4.1300 -4.7733 0.0867 1.1844 4.22 -5.35 7.04 187 386 357 377 218 
2.04 -8.48 -1.08 -0.8800 -0.3300 -5.6100 -2.3556 0.9367 0.3800 2.78 -8.98 2.76 184 386 354 377 221 
1.82 -7.16 -4.00 -1.4300 2.4200 -8.6800 6.8711 -1.8433 -1.8556 4.55 -5.35 6.83 185 362 354 388 220 
10.49 1.45 14.14 4.0000 2.7800 4.8800 -0.0800 -0.2711 0.1289 5.63 -1.97 7.77 186 371 354 386 219 
4.79 -3.50 2.88 -1.3900 -0.1600 -4.0600 0.6256 -0.2900 -0.8333 6.24 -2.58 7.10 188 350 337 345 218 
;
