1.44 -0.89 9.65 -0.1300 0.0500 0.0100 -0.0033 -0.0589 -0.0433 1.57 -0.91 9.63 179 348 343 363 213 
1.43 -0.82 9.63 -0.1900 0.0600 0.0000 -0.0089 0.0089 0.0178 1.56 -0.91 9.63 176 346 345 364 211 
-0.24 -0.28 12.03 -1.7200 0.3700 2.1300 -1.0900 -5.2844 1.8122 4.30 -1.98 8.58 175 296 310 345 209 
6.82 -5.62 8.11 -0.0100 -0.1800 2.2900 -4.3422 -1.0778 1.8933 6.22 -6.75 3.42 176 317 315 356 213 
2.74 -6.57 -3.90 -2.1100 1.8700 -4.0500 -1.8156 -0.7567 0.5889 4.80 -8.50 -0.87 178 340 326 377 216 
5.73 -8.52 -3.44 1.5600 0.3500 -3.5100 4.0156 -0.7444 1.1211 3.83 -8.83 1.82 175 337 326 379 216 
3.76 1.20 1.91 0.6300 8.3900 -5.1900 7.9422 -0.1644 1.7922 2.20 -3.85 8.74 182 344 328 365 215 
2.39 7.93 16.93 0.7400 4.7900 9.7200 1.8189 1.1289 0.2078 1.84 3.78 8.85 184 349 341 384 221 
1.64 4.38 9.08 -0.2300 0.8600 0.6000 -0.1467 -0.9656 0.0033 2.57 3.44 8.81 182 347 334 357 220 
4.74 4.03 11.20 0.8100 1.1600 2.8900 -1.5478 -2.0944 0.3511 4.95 2.10 8.19 178 348 242 243 219 
7.40 1.66 3.66 -0.2300 0.2600 -3.0600 1.7278 -3.2022 1.2322 8.40 1.36 4.87 178 348 155 183 211 
5.84 4.08 2.82 -3.4200 1.2700 0.2900 0.5367 -0.6667 -0.3433 9.05 1.72 3.34 176 348 160 178 183 
7.65 4.27 3.63 -1.4300 2.4000 0.6700 -0.2833 -0.4856 0.0033 9.20 1.90 2.78 174 353 162 183 182 
8.95 4.66 2.92 -0.2600 2.8000 0.1200 -1.8022 -0.4756 -0.2900 9.31 1.65 2.58 173 357 153 182 184 
8.18 3.35 1.12 -0.3700 1.2800 -2.0900 -3.5822 0.1189 -1.7200 8.81 1.87 3.87 172 347 155 179 183 
10.28 1.08 3.19 -0.0800 -1.7800 0.1500 -1.5300 0.4544 0.1678 8.81 0.96 4.18 171 355 158 176 181 
9.90 -0.71 5.39 1.1800 -0.8300 0.8200 -0.0667 -0.2411 -0.2778 8.98 1.25 3.71 162 352 170 178 180 
7.79 0.55 3.86 -1.4600 -0.6300 0.5400 0.5722 -0.3111 0.2689 9.12 1.17 3.38 170 345 170 180 182 
6.51 -0.06 3.82 -2.2900 0.0200 -0.6200 -0.2156 3.4244 1.4322 7.74 -0.53 5.98 170 334 186 206 199 
4.54 -1.24 4.83 0.9200 1.3300 -0.1900 -0.6678 4.8822 -0.7589 2.58 -1.65 9.31 178 354 299 312 211 
;
