3.75 4.30 7.91 0.0700 0.0000 0.0000 -0.0033 0.0167 0.0244 3.68 4.34 7.98 168 308 346 371 210 
3.76 4.24 8.01 0.0600 -0.1300 0.0200 0.1656 0.2411 0.1111 3.58 4.42 7.98 168 313 342 369 209 
2.38 7.75 9.22 -0.5300 3.0100 2.7600 2.2867 -0.5522 1.7289 4.02 6.03 6.59 173 330 324 358 211 
6.37 6.47 10.97 1.7100 2.9000 2.8900 -4.4378 -0.8911 3.0022 5.64 -0.06 8.02 174 330 329 355 212 
0.16 -0.85 4.58 -3.8800 4.1700 -4.1000 -5.3811 1.4522 2.4611 2.11 -7.97 5.30 172 371 336 383 214 
-0.74 -7.63 -2.14 -1.1600 1.8500 -4.0500 -1.6833 0.0567 -0.6156 1.38 -9.66 0.96 176 395 354 401 215 
3.46 -10.80 -3.02 0.7600 -0.9700 -4.6500 3.3244 -0.8156 0.5133 1.33 -9.24 2.99 183 397 360 408 216 
2.24 -1.97 -0.15 0.1700 6.3300 -7.3100 7.2322 -0.3556 0.7644 0.85 -3.28 9.19 188 402 364 406 215 
2.45 11.50 4.15 0.8500 7.5200 -2.6600 7.0911 1.2900 0.0756 0.33 7.30 6.53 193 395 358 395 215 
2.79 12.72 8.60 1.4800 4.2400 2.6700 -0.8844 -0.3689 -0.0911 0.88 7.85 5.80 193 397 361 397 216 
1.19 7.80 5.96 -0.5100 1.0200 -0.7800 -2.2078 -1.2711 -0.0589 1.83 5.90 7.60 188 323 327 355 215 
3.32 3.71 7.84 -0.0900 -0.1200 -0.5500 -4.0911 -4.4067 0.0456 5.76 1.49 7.79 185 182 183 202 177 
8.06 -1.06 -3.28 -0.0900 -0.5600 -3.6600 2.3856 -7.8644 4.1767 8.61 -2.78 -3.77 182 240 231 304 208 
-0.08 -3.34 -5.41 -0.7500 1.7600 1.6000 -1.7244 -3.9000 2.4144 1.55 -4.19 -8.72 193 253 247 326 217 
1.91 -4.68 -14.09 2.1400 -3.2300 -5.5500 -1.1944 -0.3278 0.2444 -0.87 -1.75 -9.60 195 255 254 333 219 
0.38 -3.00 -9.90 0.5600 -0.4600 0.0800 1.1689 0.7389 -0.1656 0.05 -2.79 -9.40 194 256 253 334 219 
-0.06 -4.32 -11.68 -0.2600 -1.8500 -3.3000 1.2500 2.0056 -0.7289 2.22 -3.99 -8.67 191 293 288 337 217 
7.38 -5.48 -6.75 -0.7600 -0.5900 -2.4600 0.3133 10.2089 -1.8478 8.75 -4.40 0.30 190 193 182 209 201 
2.11 -3.21 -2.49 -0.7700 1.0600 -11.1000 -0.4011 10.5578 2.8878 -2.96 -4.54 8.16 195 154 156 176 148 
-5.44 2.97 2.94 0.6900 4.0800 -3.8700 1.9689 1.6233 3.6822 -7.42 1.04 6.31 197 158 160 175 151 
-12.49 5.14 8.90 -4.0600 2.0200 1.4300 -0.2233 -0.8344 -0.3911 -6.82 2.42 6.61 197 160 163 180 151 
-7.79 3.26 5.86 -0.1300 0.8700 -0.9300 0.0133 -0.1722 -0.2878 -6.70 2.24 6.79 197 164 164 182 154 
-9.67 2.76 5.96 -3.6000 1.4500 -2.9000 0.2811 -6.1933 -1.6933 -2.53 1.37 9.37 186 272 249 272 198 
;
