5.92 1.78 7.48 -0.2000 0.1300 0.0400 -0.0156 -0.0667 -0.0044 6.19 1.58 7.43 179 292 321 312 207 
5.92 1.74 7.51 -0.2300 0.1300 0.0400 0.0144 0.0011 -0.0200 6.16 1.61 7.45 179 295 326 315 205 
13.89 2.30 13.98 4.8500 3.6600 8.5400 -4.1089 -0.6300 2.4978 6.32 -2.87 6.92 172 291 311 330 207 
1.55 -2.56 5.05 -3.2700 4.5800 -1.9700 -4.6578 2.2478 3.3033 1.76 -9.11 3.16 178 311 322 335 211 
-4.65 -5.99 -2.46 -5.2300 3.9200 -3.4600 0.0122 0.0156 -1.1122 0.55 -9.75 0.89 188 386 353 394 218 
10.74 -9.16 -2.60 10.0100 0.5800 -2.7300 0.1011 0.0589 0.3956 1.88 -9.57 1.00 193 385 356 398 220 
1.24 -9.72 -2.37 0.1100 0.9000 -5.1000 4.1944 -1.4589 0.7844 0.97 -8.50 4.78 195 382 360 395 221 
1.51 3.05 1.07 1.2000 8.4300 -8.0800 8.0811 1.2322 0.0278 0.61 -0.41 9.77 193 380 359 394 220 
-1.94 15.65 14.52 -1.5200 10.0000 8.7300 2.6267 -0.0656 -0.2078 -0.37 6.86 6.98 195 375 364 390 220 
1.65 8.59 9.48 -0.7100 2.6600 0.9200 -2.7000 -5.0444 0.8956 4.16 4.27 7.78 190 337 350 367 218 
4.75 0.95 2.02 -3.5700 -0.4600 -3.0600 -2.4489 -7.2367 5.0922 9.38 -2.81 0.50 187 261 300 339 221 
3.45 -5.19 -4.09 -1.6600 0.6600 1.6200 -2.0567 -4.9489 2.9078 2.55 -5.81 -7.47 191 258 274 374 227 
-2.35 -2.38 -8.68 0.6600 0.2800 -8.7200 -2.4156 -1.9100 0.9544 -0.33 -2.03 -9.58 196 282 293 383 230 
4.63 -1.60 -10.97 4.8200 0.8200 -1.4500 -0.3100 5.9767 -0.3044 3.34 -2.04 -8.99 189 211 230 237 185 
9.22 -2.35 -6.46 1.8600 -1.0600 -2.0500 2.1156 3.7200 -1.4133 9.14 -1.30 -3.29 191 164 170 196 164 
8.79 -1.14 -1.90 -0.6100 1.1200 -0.4700 3.3356 1.8567 -0.0633 9.54 -2.25 -0.12 195 164 168 194 167 
5.78 0.74 2.09 -3.7600 2.5100 1.2400 1.8122 -0.0678 -0.7956 9.64 -1.13 1.36 199 164 167 196 173 
4.87 2.67 5.63 -4.8300 2.3600 5.8200 -1.6900 -0.8644 -2.4533 9.71 1.33 0.17 198 165 172 199 174 
10.38 1.96 -0.35 -0.9100 0.3800 2.9400 0.3067 0.0667 0.1089 9.67 1.29 -0.93 199 169 173 201 176 
;
