4.82 2.01 8.33 0.2200 -0.0200 -0.0600 0.0078 -0.0556 0.0389 4.68 2.01 8.37 172 349 347 370 221 
5.13 1.37 7.49 0.3000 -0.4600 0.1100 0.5378 0.9344 -0.2900 4.29 2.17 8.54 173 356 345 373 222 
8.90 10.08 13.14 3.4600 8.8600 3.8300 -2.0722 -2.1867 2.8522 6.94 1.67 6.71 182 312 328 342 229 
7.00 -2.74 9.15 -2.1100 1.2000 1.9900 -2.6333 0.5378 5.2456 5.06 -6.49 5.32 181 343 337 381 228 
-1.74 -6.33 0.77 -3.0300 2.6400 -2.6300 -1.7389 0.7089 1.7233 0.69 -9.60 1.87 181 380 362 405 232 
1.33 -9.39 -2.39 1.0600 0.2300 -4.4800 2.9700 -0.6856 0.2989 0.41 -8.81 4.27 184 376 357 405 231 
0.19 -1.67 0.98 0.0100 4.8400 -7.6400 6.9956 -1.1433 -0.3056 1.46 -1.95 9.49 186 386 359 408 231 
4.83 11.94 12.78 3.5300 9.0000 7.5700 3.3189 0.1089 -0.4944 2.48 5.97 7.36 188 388 364 415 232 
3.55 9.45 10.78 0.5300 3.7600 3.9000 -1.3956 -0.2311 0.2000 3.05 5.17 7.74 188 385 361 404 231 
4.28 7.73 11.01 1.3600 6.0600 0.9100 -7.2467 0.0244 0.9033 3.16 -2.46 8.94 189 381 355 402 229 
0.86 -1.15 0.16 -1.9600 3.8800 -7.1700 -5.3611 1.5800 0.2644 0.98 -9.22 3.17 186 364 352 390 230 
1.84 -13.86 -7.02 0.6400 -3.3800 -8.8500 3.4367 -0.4767 0.0689 1.05 -9.20 3.20 185 376 358 405 233 
3.86 6.57 10.62 0.0400 11.3500 6.6600 4.7589 -1.1600 0.3078 2.20 -2.49 9.22 187 371 355 399 231 
4.95 0.24 13.82 2.6500 4.2500 4.5100 -4.9789 1.6444 0.7089 1.30 -6.18 7.49 183 380 360 405 232 
-0.14 -10.35 -3.59 0.0000 -2.6100 -8.6200 -0.6422 0.9033 -0.0778 0.08 -9.21 3.35 185 377 362 405 232 
2.47 -1.15 0.31 1.5500 6.4000 -4.4300 6.7678 -1.1889 -0.7078 1.61 -4.41 8.60 185 362 356 401 235 
0.59 0.69 13.24 -0.7100 4.4300 0.4200 -4.8978 0.9189 -1.1389 1.84 -6.25 7.32 185 377 360 406 231 
1.00 -4.82 1.95 -1.7600 1.7700 -4.0900 -0.0467 2.0244 -5.3856 4.56 -6.15 6.12 179 322 334 404 233 
7.52 2.04 3.47 4.1400 4.6100 -2.2000 5.2244 1.7500 -2.2656 4.75 2.23 8.27 187 362 350 421 229 
4.03 13.07 17.66 -0.5000 -0.3700 6.9600 0.0467 -1.4011 0.7478 4.34 4.07 7.78 181 386 349 418 234 
;
4.79 3.99 7.53 0.4100 -0.1800 -0.4300 -0.4844 -0.1178 0.0033 4.30 3.85 7.91 173 383 352 413 231 
4.68 3.44 7.56 0.3700 -0.3400 -0.3100 -0.1022 0.0556 -0.0622 4.27 3.77 7.97 171 382 350 413 230 
4.79 3.81 8.08 1.1600 0.4300 0.8800 0.6611 -0.0767 -0.1756 4.39 4.12 7.73 180 372 341 422 234 
14.24 3.61 10.64 3.9800 0.1300 4.3100 -3.4122 0.0678 4.7156 5.52 -3.34 7.38 172 336 346 392 232 
0.36 -3.49 3.64 -4.2000 4.5500 -1.3600 -3.9089 -0.2411 3.5356 2.40 -9.06 2.87 179 378 361 402 232 
1.51 -7.28 -7.86 0.4300 1.7100 -10.3300 5.0367 -1.6956 0.4222 1.59 -8.37 4.85 182 373 356 401 232 
0.05 11.40 4.29 -2.8700 11.5000 -3.5000 8.6078 -2.2222 -1.3156 3.66 2.36 8.78 182 375 359 403 233 
6.96 12.18 19.72 2.2600 4.9300 8.4200 -2.8233 -0.3822 0.5644 4.40 3.88 7.85 182 382 359 401 234 
5.69 4.51 9.46 0.3300 5.4900 -0.5800 -6.2411 0.8433 0.8344 4.12 -3.50 8.17 186 393 358 407 233 
0.30 -4.33 0.16 -2.2300 3.1000 -5.3400 -4.8622 1.0244 0.6644 2.13 -9.16 2.76 184 384 357 407 233 
2.60 -12.17 -8.56 0.5600 -2.1300 -10.4900 4.0933 0.3789 -0.4789 2.41 -8.62 3.99 183 374 358 407 232 
4.35 2.27 21.09 1.4600 6.1300 14.3600 0.3111 -0.5367 0.0011 3.59 -4.02 8.19 182 367 359 398 236 
2.18 -5.34 3.75 -1.3900 1.2100 -3.2900 -4.2456 0.5411 0.7578 2.60 -8.37 4.37 184 376 365 404 232 
2.81 -8.61 -6.45 0.0300 0.8800 -10.3900 5.7656 -0.6844 -1.1278 3.29 -6.66 6.39 187 365 357 399 232 
4.68 2.80 21.67 -0.3300 5.0300 9.0800 -3.6789 0.0433 0.3778 3.78 -5.00 7.53 184 377 358 399 232 
0.98 -4.96 1.00 -3.0600 2.9500 -3.9300 -2.8989 1.3911 -2.9600 4.77 -7.62 3.89 183 323 341 364 230 
4.25 -5.49 -1.10 -1.3800 0.1700 -5.6100 4.3367 1.6956 -5.1044 6.59 -1.06 7.17 184 332 346 389 229 
;
