2.58 1.18 9.36 0.1600 0.0400 0.0400 -0.3211 0.0056 -0.0244 2.42 1.02 9.44 188 386 359 378 218 
2.08 1.00 9.42 -0.2900 -0.0200 0.0800 0.2711 0.0478 0.2500 2.30 1.11 9.46 188 366 346 369 216 
9.58 3.02 14.78 5.4700 2.7100 6.7900 -4.2078 -3.8333 3.9056 6.14 -3.85 6.59 187 320 322 356 217 
-0.42 -4.11 1.79 -4.0600 4.5000 -2.7700 -6.0522 1.5700 1.8811 2.57 -9.42 0.83 187 376 358 403 218 
3.62 -6.58 -3.27 1.6000 2.2600 -2.2600 -0.0078 -0.4800 -0.4789 2.63 -9.33 -1.41 190 382 357 408 217 
3.21 -11.85 -1.64 0.9400 -2.2900 -1.0800 0.9033 -0.4889 0.9422 1.83 -9.59 -0.80 190 372 357 405 217 
1.67 -7.61 -5.32 0.5800 3.6300 -9.0300 5.7556 -1.2789 1.2889 0.01 -8.37 5.10 192 370 359 403 218 
-2.79 16.51 4.74 -3.2300 16.4600 3.1800 9.3744 -0.3256 0.3844 -0.23 3.88 9.00 192 378 362 400 216 
0.65 4.83 9.46 0.7600 -0.3100 0.2900 -0.6711 0.0478 -0.1622 0.00 4.43 8.74 192 378 361 400 216 
-0.32 4.33 8.02 -0.1200 -0.5700 -1.1000 0.1189 -0.0844 -0.0467 -0.10 4.56 8.67 194 382 363 398 216 
-0.11 4.58 9.26 -0.4300 0.1900 0.4800 -0.5544 -0.7433 0.0122 0.34 4.13 8.88 186 376 345 354 215 
3.38 4.31 10.67 1.1300 -0.3400 0.7900 -3.3444 -4.4011 0.4656 4.83 1.34 8.42 179 162 150 179 210 
6.71 -0.09 3.77 -1.9200 -0.5500 -1.4900 1.4667 -2.9622 1.1511 9.04 -0.96 3.67 185 156 156 188 211 
-2.04 -0.20 13.89 -10.5000 1.8900 13.1800 -1.8144 -0.1033 -4.2611 9.51 1.67 1.68 193 162 167 189 214 
9.68 4.27 4.75 -0.8100 1.3300 4.0200 0.3089 0.7478 0.0967 9.30 2.67 1.58 194 171 171 192 213 
8.65 2.88 1.23 -0.5200 -0.1100 -0.3200 0.0778 -0.2044 -0.0133 9.25 2.80 1.65 193 172 172 198 214 
9.63 3.55 2.32 0.0900 0.5700 0.7300 -0.1133 0.1433 0.0467 9.24 2.81 1.67 193 175 176 201 214 
9.23 3.72 2.14 0.5100 1.4600 0.9700 -0.8833 0.2600 0.2644 9.26 2.49 2.03 190 180 162 205 215 
8.33 3.13 2.71 0.2300 1.8300 -2.5200 -4.3144 5.0111 0.1711 6.75 -0.64 7.07 185 264 255 280 217 
2.67 -3.14 6.70 -1.1600 -0.9900 -1.8200 -0.5456 1.9967 -2.1878 3.09 -2.02 9.08 186 321 319 352 213 
;
