7.35 3.01 5.77 0.1900 -0.2500 -0.0900 0.0844 0.1378 0.0433 7.05 3.25 5.98 176 263 306 309 208 
6.94 3.47 6.08 0.0100 0.1000 -0.2300 0.3822 0.0889 -0.1078 6.95 3.50 5.96 178 272 309 313 210 
9.83 11.70 8.17 4.3600 5.3500 2.7100 -2.4389 -0.7056 2.6578 7.71 1.96 5.72 176 300 311 325 213 
6.86 0.25 4.24 -0.8000 3.2600 -1.8200 -5.3133 3.2256 2.4378 6.03 -5.47 5.45 173 324 328 342 214 
-0.08 -5.96 -1.26 -2.3700 1.5100 -4.1600 -3.6722 2.1400 0.5267 2.47 -9.28 1.96 176 380 352 372 217 
2.87 -10.98 -5.57 0.7400 -0.8600 -6.0500 1.9233 -0.8211 0.3489 2.29 -9.26 2.25 175 381 356 383 220 
3.16 -5.22 -2.66 0.2700 3.4700 -7.8900 6.4800 -1.2356 -0.0522 3.39 -5.29 7.52 178 375 357 386 218 
3.10 10.10 4.30 -1.4700 8.3000 -3.2300 7.1122 1.5167 -2.1800 2.59 5.44 7.72 181 365 351 382 218 
1.51 12.26 12.28 0.4300 4.4400 6.0100 -0.4367 -1.3011 0.1067 2.10 7.56 5.86 169 350 348 371 218 
9.71 5.24 8.79 1.9300 -0.4600 1.5600 -4.7278 -4.1556 3.3156 7.90 2.80 5.08 139 196 209 230 221 
9.17 -0.98 -1.75 0.6200 -1.1200 -4.6500 1.5344 -1.5222 0.9567 9.67 -0.12 1.61 106 169 173 182 166 
8.52 2.05 1.21 -0.6200 2.3300 -0.4200 2.6167 -0.2567 -0.0144 9.70 0.13 1.43 105 177 177 182 165 
8.51 3.65 10.05 -1.9400 2.9800 7.4700 -1.2733 0.2811 0.3489 9.61 -0.04 1.94 108 179 178 187 160 
9.87 1.77 0.58 0.0700 2.5900 -1.4100 -2.1044 -0.0744 0.3533 9.62 -1.10 1.49 109 177 179 190 163 
9.69 -2.41 -0.81 0.2500 -1.0200 -2.3700 -1.4711 0.1167 0.1333 9.56 -1.70 1.33 109 182 179 191 164 
9.14 -4.94 -1.55 -0.4800 -3.6700 -2.5900 0.6867 -0.5044 -0.6178 9.71 -0.90 0.97 109 180 179 190 165 
10.57 -1.46 4.70 0.8000 -1.0800 2.4900 -0.2989 0.9367 -0.0867 9.59 -0.60 1.92 111 186 187 196 178 
9.59 -2.46 4.13 -0.1900 -1.7200 1.3800 0.8122 1.9633 -0.5256 8.94 -0.43 4.00 165 268 261 251 211 
10.29 -2.60 3.43 3.0000 -0.5500 -2.0400 1.8867 0.4556 0.7600 7.58 0.52 6.19 178 377 178 184 157 
5.64 1.11 4.05 -1.2500 0.3800 -2.9500 2.0056 0.2522 0.9333 6.94 1.28 6.80 170 349 180 184 160 
4.47 3.55 6.22 -1.5800 1.2700 -1.2000 -0.1522 2.0433 -0.4978 5.39 1.91 7.96 169 315 188 188 160 
3.74 1.94 8.65 -0.9100 -0.3600 -0.1100 -0.1200 1.3811 -1.4256 3.01 2.26 9.05 168 239 190 188 161 
2.02 3.89 9.59 -0.1800 1.0700 -0.2300 -0.4600 0.4689 -1.9211 1.50 2.53 9.35 167 209 191 190 161 
1.52 0.81 8.57 0.6700 -1.6900 -0.9400 -0.3522 0.2033 -1.4556 0.31 1.96 9.60 167 200 193 191 161 
0.21 -1.43 9.54 -0.0200 -3.3000 0.0800 0.3778 -0.1767 -0.4944 0.09 2.09 9.57 167 206 194 193 160 
0.03 0.75 10.41 0.0300 -1.2600 0.6600 0.1500 0.0244 0.1056 0.00 2.32 9.52 168 208 194 192 161 
-1.23 0.18 9.58 -1.5300 -2.5300 -0.2700 0.2567 -0.5933 0.1311 0.45 2.52 9.46 167 209 194 192 161 
;
