3.07 1.84 9.05 -0.0200 0.0100 0.0200 0.0022 0.0078 -0.0011 3.08 1.83 9.12 188 322 348 380 223 
1.67 6.73 13.15 1.1500 5.3300 5.3900 1.4167 -3.1011 2.1611 4.51 4.15 7.64 190 319 314 361 225 
8.64 4.16 8.24 -1.6200 3.8800 1.9000 -5.3400 1.9267 4.2311 6.34 -3.52 6.59 191 294 306 351 224 
0.63 -5.86 0.28 -3.0200 2.8500 -3.9400 -5.3944 2.3078 2.0811 2.21 -9.29 2.18 191 380 343 399 226 
4.60 -8.31 -3.19 3.2900 1.2000 -3.1500 -1.1756 -0.1344 -0.0811 1.98 -9.55 -1.00 198 396 333 409 227 
0.54 -12.23 -3.86 0.1400 -1.7300 -3.5900 2.4589 -0.2556 0.4356 1.29 -9.68 0.81 200 391 332 410 228 
0.96 -5.06 -1.77 -0.1000 4.4600 -6.6900 7.2111 -0.7989 0.0311 1.37 -5.88 7.71 200 392 361 409 228 
-4.35 8.44 2.85 -3.1200 7.3900 -6.5500 7.9700 2.9956 0.7011 -2.28 5.42 7.84 203 399 364 408 227 
-3.06 12.68 9.96 0.7700 1.0300 1.2500 -0.9600 -0.6844 -0.4844 -2.42 7.56 5.75 204 393 361 408 227 
-2.29 9.19 9.70 0.2700 2.0900 2.1700 -3.6111 -1.4644 0.0400 -1.13 5.22 8.21 199 352 341 361 225 
-0.83 5.62 11.24 0.2200 3.8900 1.4100 -5.6244 0.2511 -1.4567 -1.11 -1.20 9.66 197 305 319 331 224 
1.18 -3.73 4.76 3.9700 4.1400 -2.7600 -8.4689 4.1311 -1.1844 -2.44 -9.44 1.02 197 291 295 289 222 
-1.04 -5.99 -9.14 -0.0800 2.1300 -5.2400 -2.6667 1.0089 0.6600 -1.97 -7.30 -6.23 198 293 302 302 224 
-4.29 -4.68 -10.56 -2.2000 3.5100 -3.4200 6.8122 -0.1789 -1.2311 -1.69 -9.58 -1.16 197 303 303 312 226 
1.09 -8.90 7.59 0.5500 1.3800 3.4900 -4.3411 0.0933 1.2100 -2.31 -9.29 -2.11 195 302 302 304 224 
-5.96 -4.67 -12.24 -3.0000 1.9500 -7.9100 0.0478 -0.1378 -0.2300 -3.22 -6.69 -6.40 193 307 308 305 225 
-5.05 -5.35 -4.88 -0.2600 2.5800 4.3000 4.6211 -0.5600 -2.0911 -1.22 -9.69 -0.88 192 309 308 306 225 
-2.24 -8.75 -2.00 -1.3600 0.6400 -2.9200 0.9967 -1.9756 0.2800 -1.40 -9.70 0.09 194 302 302 318 225 
;
