0.58 -0.09 9.84 -0.1000 -0.0800 0.0200 0.0011 0.0000 -0.0033 0.62 -0.01 9.78 176 335 343 369 217 
0.48 -0.07 9.63 -0.1200 -0.0300 0.2900 0.0011 -0.0078 -0.0022 0.62 -0.01 9.78 176 335 343 370 218 
-1.29 -0.17 10.89 -3.0700 -0.0400 1.9100 -1.1356 -4.0033 1.4178 2.67 -0.88 9.39 175 309 323 360 217 
4.20 -3.58 8.88 0.1200 0.9700 0.4000 -5.5222 -0.4411 0.9433 4.90 -6.83 5.04 175 336 333 379 215 
3.35 -5.11 -1.78 -0.3100 3.6200 -3.6800 -3.1022 0.5111 0.6400 3.86 -9.00 -0.39 175 352 337 389 218 
4.91 -9.27 -3.07 1.9700 -0.6500 -1.5200 1.1733 -0.4711 0.5089 3.27 -9.23 -0.28 174 355 340 387 217 
4.61 -7.72 -3.19 3.0400 2.5900 -3.9500 4.9433 -0.3100 1.9000 1.27 -8.62 4.49 176 353 339 388 217 
1.47 7.80 5.33 -0.0100 12.7500 -0.4700 8.9022 1.4811 2.4644 -0.68 1.31 9.69 181 357 334 384 216 
-0.80 6.91 13.98 -1.7000 1.1900 3.7100 0.0811 -0.0733 0.0933 0.08 4.77 8.56 180 360 336 381 220 
0.72 6.49 10.65 -0.3500 2.2600 0.9700 -2.7167 -2.7922 -0.4900 2.01 2.49 9.26 174 315 311 339 219 
4.52 -0.93 2.24 -2.8600 -0.6800 -4.5200 -2.4433 -9.2167 0.5767 9.18 -2.24 2.59 172 211 228 274 218 
7.75 -2.13 -5.97 -0.4100 -0.2000 -0.2900 -2.3800 -4.9756 -0.2367 5.88 -1.31 -7.73 182 250 217 272 222 
8.28 -1.30 -11.22 4.2000 -1.1800 -2.4300 0.1311 -0.6856 0.0033 3.50 -0.51 -9.14 185 264 240 303 222 
6.50 -3.23 -16.19 1.7700 -0.2300 -6.7400 5.6967 3.1633 1.3989 4.76 -5.53 -6.54 189 357 302 363 220 
-0.15 -2.89 -0.08 -4.7200 5.1900 1.9700 1.1589 0.4044 0.3233 4.78 -8.44 -1.37 191 374 338 369 217 
4.37 -5.96 0.14 -0.5000 2.2800 1.3200 -0.6767 0.1800 -0.3156 5.07 -8.25 -1.49 188 371 330 369 217 
6.17 -4.72 -0.96 -0.7700 2.3000 -0.8800 -2.4911 8.2522 -1.4611 6.92 -6.84 1.19 171 270 294 325 217 
4.99 -5.36 2.32 1.1900 -0.8400 -1.5900 3.3400 6.5956 -2.0089 3.59 -3.34 8.48 174 289 307 309 215 
;
