4.53 3.65 8.61 -0.8800 0.4800 0.9600 0.4722 -0.7944 0.2922 5.85 3.05 7.24 173 331 336 366 214 
11.66 3.30 13.50 3.4100 2.4700 5.8600 -3.8556 -0.9622 4.5911 7.22 -3.97 5.30 174 327 331 353 213 
-0.05 -3.67 2.26 -5.1500 3.4000 -2.7800 -3.1900 1.9078 2.2244 2.66 -9.02 2.77 171 344 333 360 213 
-3.03 -7.08 -0.32 -3.5400 2.9200 -0.6300 -1.6022 -0.6000 -0.8200 2.16 -9.55 -0.46 175 385 353 390 217 
8.12 -10.38 -5.24 2.3800 -1.8700 -3.4400 0.5444 -0.1300 0.6733 2.24 -9.45 -1.34 180 393 356 392 216 
1.59 -8.51 -2.14 0.2300 1.5800 -3.2400 4.5733 -0.4500 0.3711 1.44 -9.11 3.32 184 392 362 390 217 
1.18 2.10 1.39 -1.2100 7.8100 -6.6000 7.0867 -0.6311 -0.3800 2.01 -2.33 9.30 185 390 360 391 214 
1.15 12.80 8.18 -0.6400 8.4300 0.9600 5.8844 0.6733 -0.6367 1.52 7.03 6.65 187 394 359 397 214 
1.06 11.22 8.78 0.6100 3.4000 2.3700 -0.4200 -1.3522 0.2567 1.72 7.66 5.87 187 392 365 377 214 
4.05 11.23 9.27 1.1400 4.0900 2.0200 -2.4800 -1.6122 1.2578 4.04 5.49 7.04 183 341 196 232 214 
5.71 2.71 4.45 -0.2700 -0.5200 -5.0600 -1.4000 -0.4656 2.6267 5.41 1.16 8.09 174 241 161 186 181 
2.34 2.05 4.91 -2.3300 1.0100 -4.1100 0.4833 3.0467 -0.2778 2.52 1.31 9.38 169 228 164 191 178 
-1.04 4.32 8.62 -2.7600 1.9300 -0.7000 0.2600 0.6100 -0.6189 0.75 2.34 9.49 167 217 164 193 175 
-0.77 4.53 8.79 -1.3100 2.5700 -0.7400 -0.3711 0.0089 -1.5500 0.27 2.09 9.57 169 199 163 192 181 
0.91 3.21 9.02 0.5700 1.3100 -0.5300 -0.5322 -0.4278 -1.2044 0.16 1.49 9.69 167 201 159 197 182 
0.87 1.11 9.16 0.6300 -0.8800 -1.1200 -0.5633 0.1378 -1.2433 0.06 0.72 9.77 172 209 169 198 183 
-1.82 -1.39 12.12 -1.7500 -1.8000 2.1400 -0.1133 0.3767 0.1700 -0.21 0.78 9.77 171 215 172 199 184 
-1.13 3.04 8.96 -1.4600 3.5500 -1.3300 -1.8667 -0.1456 0.9589 0.13 -0.74 9.77 178 215 167 215 200 
-0.94 -1.75 5.22 -0.3300 2.9200 -3.1400 -5.6878 0.3022 0.1444 0.11 -7.14 6.71 179 244 254 302 207 
-0.28 -10.21 4.82 -1.0900 -2.0300 1.1400 -1.4333 -0.6222 -1.2400 1.17 -9.28 2.93 179 348 339 378 210 
2.38 -10.71 3.08 0.2500 -1.2700 1.4400 -1.3489 -0.0233 -0.7678 2.92 -9.32 0.82 187 378 349 398 212 
3.60 -11.75 -3.33 0.6700 -2.2000 -2.6700 -0.3556 -0.7067 0.9278 2.01 -9.51 -1.24 189 386 348 398 213 
-0.39 -10.32 -3.27 -0.9800 -0.2300 -2.9900 2.6100 -2.3378 1.2678 0.17 -9.72 1.24 189 389 356 400 214 
0.67 -3.89 0.33 0.1500 5.7400 -4.7900 5.5156 -0.6600 -1.3356 1.63 -6.41 7.23 189 393 360 400 212 
3.66 9.43 6.89 0.3100 10.0200 -1.7900 6.3511 1.0333 -1.2133 1.68 3.50 9.00 189 392 357 401 214 
4.44 12.22 12.36 2.2000 4.7600 2.7800 -0.1067 -1.2644 -0.2456 1.87 6.02 7.50 189 392 362 398 213 
2.51 8.11 8.48 0.1800 2.4400 0.6000 -1.1389 -0.6556 0.1678 2.55 5.17 7.92 188 388 356 387 213 
;
