1.86 7.20 6.23 0.0500 -0.1800 0.0500 -0.0056 -0.0100 0.0167 1.90 7.33 6.22 189 307 311 334 202 
1.71 7.28 6.29 -0.1700 -0.0600 0.0400 -0.0011 -0.0567 0.0322 1.91 7.32 6.23 188 308 310 335 203 
1.17 7.50 6.87 -0.7700 0.2400 0.8100 0.0011 -1.0011 0.5667 2.58 7.27 6.05 187 299 311 326 204 
8.26 8.53 6.77 3.4600 2.3700 2.0500 -1.6544 -2.4178 2.7133 6.99 4.94 4.77 187 304 244 248 201 
8.78 2.12 1.81 -2.0300 0.5400 -0.6500 -0.1278 -4.6533 5.2967 9.54 -1.99 1.02 184 378 177 196 173 
5.98 -3.81 -2.55 -2.4700 1.4500 -0.6600 1.5233 -1.7567 1.4378 7.21 -6.24 -2.25 185 380 162 189 167 
10.04 -3.02 1.69 0.1500 4.9300 3.9600 0.6222 -0.1522 -0.3111 7.13 -6.66 -0.94 184 354 179 202 172 
6.69 -6.61 -3.25 0.3900 -0.8700 -1.4700 -1.1411 -0.6922 0.7989 6.03 -7.09 -3.05 186 396 175 203 174 
5.56 -7.16 -3.79 0.0500 0.2200 -0.2700 0.7567 -0.0022 -0.4078 6.05 -7.12 -2.95 183 401 182 206 174 
5.93 -5.80 -1.22 0.9400 0.7100 1.0800 1.9322 0.6611 -0.8000 7.36 -6.47 -0.31 185 373 184 207 176 
8.01 -5.81 -0.48 1.4300 0.3500 0.0200 -1.7722 0.3567 -0.1000 7.45 -6.28 -1.05 185 293 191 213 182 
6.94 -6.64 -1.54 -2.6100 -1.4600 0.1100 -0.2589 2.0022 -2.1856 8.92 -4.05 -0.05 186 211 193 214 188 
5.41 -0.76 1.00 -3.6800 1.5400 0.2400 -0.3911 0.9156 -2.5044 9.66 -0.88 1.43 186 171 184 203 184 
13.01 4.58 1.46 4.3400 2.5400 -2.0800 0.1822 -0.3000 -1.5689 9.38 2.35 1.61 185 168 190 203 179 
11.85 3.93 3.20 1.0700 0.7600 1.5500 -0.0667 -0.2633 0.6078 9.46 2.24 1.24 186 171 192 200 179 
;
