5.11 4.44 7.08 -1.1600 0.6700 1.0500 0.0433 -0.0956 0.0967 6.79 3.75 5.98 182 338 340 355 214 
4.61 4.42 7.25 -1.7900 0.6300 1.1200 0.0222 -0.0056 -0.0222 6.69 3.79 6.07 185 328 337 355 214 
8.61 5.75 9.93 2.6600 2.6300 3.9100 -1.4433 -0.1578 1.6011 7.30 2.40 6.07 186 349 247 279 211 
12.43 -0.19 1.61 -0.0300 2.9000 0.6000 1.1733 -7.6800 5.0722 8.12 -4.76 -2.73 174 357 184 215 203 
3.94 -2.50 -1.09 -1.1800 5.4200 1.4700 3.6811 -1.8111 1.2000 4.37 -8.71 -1.04 168 363 183 217 203 
6.20 -4.31 7.14 2.8300 3.2100 4.4900 -1.2333 -0.5144 0.4556 4.04 -8.92 -0.37 169 380 180 219 203 
5.71 -8.23 -4.00 2.0500 0.7800 -2.4400 -0.2978 -0.3244 0.0267 3.74 -8.80 -2.16 172 386 173 219 202 
5.71 -7.55 -2.00 1.9600 1.2800 -0.7400 1.4011 0.1967 -0.3967 4.17 -8.83 -0.83 168 371 171 221 203 
5.81 -4.96 5.72 3.4500 3.2100 4.3500 -0.4144 0.3100 -0.0333 4.57 -8.65 0.53 173 373 183 222 204 
11.23 -4.92 2.74 5.7800 2.0500 0.2300 -2.9922 6.3922 -0.8656 4.99 -8.41 0.64 121 215 266 313 211 
5.28 -10.10 -2.95 3.0000 0.6800 -1.4900 -2.5922 2.9411 1.8889 3.34 -9.06 -1.65 121 244 268 291 211 
-0.70 -8.75 -1.56 -3.4700 0.5500 1.0000 -0.1722 0.7667 1.1822 1.08 -9.46 -2.33 122 246 260 277 211 
-1.18 -9.76 0.18 -2.7100 -1.3300 1.9400 -0.0233 -1.4578 -0.6422 1.05 -9.40 -2.55 124 242 252 266 208 
1.11 -8.63 -2.18 -0.0700 -0.0300 -0.3800 1.9756 -6.2656 -2.0567 1.95 -9.43 -1.85 125 240 251 273 205 
7.55 -5.29 -4.29 1.7400 3.2700 -3.2200 1.2767 -4.1933 -1.7422 2.94 -9.16 -1.87 125 243 254 275 208 
9.30 -7.54 -2.05 5.2700 1.8900 -0.0100 0.9733 -0.3833 -0.7756 4.30 -8.75 -1.04 127 248 256 280 208 
6.97 -5.50 -0.21 2.7700 4.5700 0.3400 -0.7156 0.7022 0.2511 4.34 -8.72 -1.11 148 250 265 286 210 
4.94 -3.67 -1.27 -0.0700 5.2500 -0.0600 -1.7733 -0.4744 0.4822 4.36 -8.51 -2.14 173 308 306 316 214 
3.90 -4.74 -6.54 0.3900 1.9700 -1.1200 -4.7067 -1.9400 0.2411 2.38 -5.73 -7.58 185 258 288 342 220 
1.22 -4.58 -14.48 0.9400 -2.9800 -4.9600 -2.0011 -0.7678 -0.1633 -0.05 -1.20 -9.73 187 275 276 348 225 
6.81 -2.29 -12.43 7.2000 -1.0800 -2.8100 1.6200 1.0444 -0.1689 0.42 -2.35 -9.50 190 288 284 352 222 
4.77 -2.79 -14.19 1.0600 2.1100 -4.3800 4.2056 2.5611 0.5944 2.97 -6.51 -6.69 201 374 350 401 221 
1.51 -2.93 -2.33 -2.7500 5.7500 1.4400 2.1389 1.9633 0.4956 3.65 -9.03 -1.06 203 393 360 400 219 
3.58 -4.00 1.20 0.0800 4.9900 1.4200 -0.3978 -0.0411 -0.0800 3.52 -9.12 -0.68 203 395 361 400 221 
3.57 -4.92 -1.04 -0.4000 3.9300 0.2000 -2.1767 -0.6622 -0.4556 3.80 -8.53 -2.97 202 313 344 381 220 
;
