-1.13 0.80 9.60 0.3200 -0.0800 0.2000 0.0289 0.0211 -0.0111 -1.21 0.93 9.68 174 367 352 370 215 
-1.07 0.78 9.66 0.1100 -0.1500 0.0100 -0.0256 -0.0167 -0.0078 -1.21 0.93 9.68 174 363 349 371 216 
-1.67 0.33 10.32 -0.8000 -0.7200 1.0000 -0.4856 -2.3111 0.5122 -0.02 0.76 9.77 175 341 314 353 215 
7.95 -1.94 7.13 3.1100 -1.2700 -2.7000 -0.1411 -7.6911 2.6411 8.08 -1.88 5.22 6 331 154 185 207 
10.34 -2.16 -0.38 1.2100 1.9500 -0.2400 2.7789 -2.6344 1.6478 8.34 -4.87 -1.64 168 338 162 180 186 
7.23 -3.55 1.22 -0.3000 2.8100 3.1600 2.0500 -0.1856 0.2322 7.35 -6.43 -0.83 167 332 168 182 187 
8.37 -6.36 -3.64 1.1900 -0.0200 -1.5600 -0.8567 -0.0056 0.0689 7.23 -6.11 -2.54 169 362 175 186 192 
7.93 -6.23 -3.39 0.6500 -0.1000 -1.1500 1.1967 0.5089 -0.0444 7.30 -6.28 -1.80 169 331 178 185 193 
8.62 -3.49 5.23 1.6000 2.6600 5.0800 -1.3000 0.7900 -0.7111 7.90 -5.76 -0.68 168 319 199 229 204 
10.98 -6.04 0.20 2.5000 -2.4100 -0.6500 0.3622 1.8744 -2.0056 9.01 -2.98 2.44 164 339 299 326 212 
10.01 -3.35 2.02 2.1200 -0.6500 -2.0600 1.2667 0.4567 0.0978 8.32 -1.39 4.98 166 359 322 351 213 
6.63 -0.02 3.09 -1.5800 1.2500 -2.1200 1.3189 0.2833 0.4511 7.82 -0.90 5.84 169 369 330 354 216 
6.03 1.97 6.36 -1.5600 2.3300 0.8400 -0.4133 0.1211 -0.3589 7.56 -0.39 6.22 169 303 312 339 216 
7.40 1.68 6.70 -0.3400 2.0600 -0.2800 -2.4200 -0.2256 -0.5144 7.64 -1.47 5.96 171 251 258 342 218 
8.11 -0.76 5.03 0.6600 1.2800 -0.4300 -2.0067 0.8044 -0.6556 7.37 -2.41 6.00 170 238 230 343 220 
7.08 -3.97 4.12 -0.1700 -0.7600 -1.2300 -1.7544 0.2378 -0.1800 7.05 -3.86 5.61 173 238 230 333 223 
6.59 -7.49 2.88 -0.1600 -2.5000 -1.9600 -0.5522 -0.0267 -0.1689 7.04 -4.84 4.79 173 248 226 333 228 
6.55 -4.64 4.36 -0.9100 0.3100 -0.3900 0.3822 -0.3433 0.1878 7.07 -4.73 4.86 172 262 246 333 222 
2.60 -4.33 2.22 -2.0300 0.9000 -4.3200 1.0311 3.7211 -0.7378 3.67 -4.37 7.96 171 296 296 342 217 
4.64 -2.78 7.93 2.6200 0.4600 0.1500 1.3178 3.8589 -0.9167 0.27 -2.40 9.50 172 327 314 336 210 
-2.79 -1.07 13.53 -1.1800 0.1200 3.2300 1.7644 -0.4900 -0.0122 -0.84 -0.06 9.77 176 347 324 347 208 
;
