3.36 0.06 9.16 -0.0800 0.0900 0.0000 -0.0056 -0.0133 -0.0056 3.44 -0.03 9.18 189 365 350 364 222 
3.42 0.13 9.22 -0.0700 0.1100 0.0900 0.0056 -0.0022 0.0056 3.43 -0.03 9.18 190 365 349 365 221 
2.34 -0.18 10.80 -1.9300 0.1200 1.4700 -0.5111 -2.5111 0.3833 4.79 -0.31 8.55 173 347 247 264 221 
9.69 -2.61 6.21 3.0600 -0.7400 -1.8100 -0.1800 -6.9956 1.8044 8.89 -2.87 2.95 175 340 166 171 212 
9.28 -2.71 -4.56 2.1800 2.6800 -0.9500 3.4578 -3.0989 1.0500 6.78 -6.18 -3.46 159 348 166 174 199 
5.82 -4.89 -2.38 -0.8800 3.6400 -0.0800 4.0256 0.9356 -0.4433 6.49 -7.31 0.68 11 332 165 177 199 
6.06 -4.86 5.05 -0.0100 1.6300 1.8300 -2.8533 -0.2633 0.3256 6.28 -7.46 -0.97 87 355 169 181 199 
6.16 -7.82 -5.59 0.0200 -0.5200 -2.9600 0.2878 -0.2267 -0.0167 6.10 -7.37 -2.14 159 370 168 183 198 
7.31 -6.96 -3.32 0.6000 0.4800 -2.0200 2.6233 1.0033 -0.7389 6.56 -7.28 0.13 159 345 173 185 203 
8.53 -3.24 7.66 0.8900 2.5000 4.9900 -1.8967 0.6000 -0.6578 7.35 -6.44 0.70 165 324 201 226 220 
11.42 -8.92 -0.89 3.2200 -3.5100 -2.1000 0.8789 1.9578 -2.5178 8.77 -3.81 2.15 138 339 207 213 216 
8.35 -1.56 2.70 -0.3600 -1.1400 -1.5200 1.9967 1.8811 -2.2144 8.07 0.54 5.53 119 237 177 199 206 
5.66 3.47 3.62 -1.1200 0.3900 -3.2600 0.6467 2.3322 -1.3433 4.91 3.57 7.69 8 208 186 195 199 
1.16 5.04 8.66 -2.8800 0.2400 -0.3100 -0.4311 0.9867 -0.2722 2.48 3.62 8.76 120 204 188 195 200 
0.91 4.35 8.40 -1.1300 0.9800 -0.3000 0.0267 -0.6689 -1.0500 2.30 3.74 8.76 111 207 192 200 199 
3.41 5.60 7.68 0.9700 1.9200 -0.7700 -1.0533 -0.6289 -1.8722 2.68 3.51 8.74 121 205 196 200 200 
2.97 3.22 8.37 0.9200 0.6500 -0.7500 -1.2378 -0.4511 -1.9333 1.99 2.38 9.30 119 208 196 202 201 
3.17 -1.40 10.61 0.8800 -2.9400 1.9300 0.3244 -0.1433 0.1467 2.08 2.69 9.19 123 205 197 200 201 
2.01 1.76 8.85 0.0400 -0.7900 -0.5500 0.1767 -0.4500 0.8444 2.40 2.62 9.13 129 192 192 202 206 
-1.05 -0.54 4.21 -3.3500 -1.0800 -6.3200 -3.3400 -0.1633 2.4711 1.75 -1.44 9.53 161 264 254 262 221 
-0.02 -4.79 6.89 -1.2300 -1.7600 -2.2200 0.8233 -0.2300 -1.7311 0.71 -2.97 9.31 170 336 293 343 212 
3.69 -0.68 14.40 2.4500 0.7900 4.5700 1.5300 0.4922 -1.3189 1.66 -0.57 9.64 177 360 329 358 220 
;
1.01 0.60 12.05 1.1800 0.2700 2.0400 1.0856 -1.3067 0.0778 1.79 0.45 9.63 180 362 343 363 217 
2.82 0.57 8.86 0.3500 0.0300 -0.0800 -0.0400 0.0733 0.0289 1.96 0.47 9.59 177 367 345 365 217 
2.02 0.24 9.56 0.0600 -0.2100 0.0300 0.1311 0.1256 0.0800 1.93 0.51 9.60 182 367 348 368 217 
1.90 2.24 12.24 0.2100 0.5000 2.8100 1.1033 -3.1878 0.4111 4.23 2.07 8.59 181 373 318 353 219 
8.41 0.66 6.53 1.6600 -0.0100 -1.3300 -1.1122 -2.8667 3.0011 7.53 -1.16 6.16 164 363 296 316 219 
6.10 -3.14 4.10 -2.1900 0.8700 0.0500 0.1389 -0.7844 1.8933 7.76 -4.62 3.81 174 356 300 320 219 
7.87 -4.32 2.90 0.0100 0.2200 -0.4800 0.6833 -1.8589 0.9211 7.67 -5.24 3.13 175 361 233 242 218 
6.86 -6.41 0.20 -0.6400 0.0100 -1.6100 1.9000 -1.9756 1.5633 7.02 -6.56 1.94 176 363 201 203 216 
4.25 -4.14 7.46 -1.8900 1.9800 5.4400 -0.8233 -0.5111 0.0178 6.74 -6.81 2.08 177 370 208 213 216 
8.04 -7.16 -1.26 0.7600 -0.4300 -2.0500 -0.5689 -0.7900 0.1444 6.85 -7.00 0.17 180 379 207 217 215 
6.98 -6.93 -0.90 0.3200 0.3700 -1.3000 1.1267 -0.0089 0.1422 6.67 -7.16 0.58 177 369 209 218 216 
5.77 -4.39 7.18 -1.5600 2.8500 6.3400 0.2778 -0.3344 -0.3833 6.93 -6.65 1.95 173 338 219 224 218 
11.27 -9.72 0.59 3.8600 -3.9100 -1.1400 1.2922 2.7578 -3.3700 8.47 -3.91 2.98 157 254 196 216 221 
8.66 -0.34 4.04 2.3500 -0.8400 -2.0700 2.5856 3.3756 -2.6078 5.78 1.77 7.72 128 210 209 232 215 
1.77 5.31 5.50 -2.0000 0.9800 -2.7000 0.6478 1.6200 -1.3967 2.36 4.90 8.15 114 210 206 202 193 
-0.60 4.63 7.20 -2.6600 -0.6600 -1.0500 0.0844 -0.3989 -0.5067 1.79 5.05 8.20 119 211 206 201 196 
0.70 6.84 7.66 -1.0200 1.7400 -0.6700 -0.6200 -0.7722 -1.2589 1.70 4.93 8.30 120 213 211 209 197 
2.10 5.93 7.86 1.8600 1.7100 -1.1400 -2.1744 -0.2344 -2.2689 1.62 3.27 9.10 8 209 213 213 199 
2.38 -0.17 8.22 -0.0200 -6.3600 -0.3800 0.4378 -1.1978 -1.0689 2.40 2.93 9.04 118 214 214 215 201 
2.53 2.48 10.24 0.2900 -0.3800 0.6100 -0.2022 -0.0167 0.2678 2.29 2.94 9.06 117 209 216 220 202 
1.75 1.95 7.57 -0.2900 -0.6800 -1.3900 -1.4067 1.2478 1.2556 2.11 1.91 9.38 10 204 212 220 208 
3.96 1.24 5.91 -0.9900 -0.3400 -5.0300 -3.4600 1.7067 1.1300 0.63 -1.69 9.63 164 234 270 262 217 
1.00 -2.84 11.53 -2.8400 -0.7200 1.8200 0.8744 -1.5211 -1.7422 2.21 -1.89 9.36 171 324 311 338 209 
4.06 0.74 13.10 0.0200 0.4000 2.3100 1.2044 0.4911 -1.2789 2.71 0.58 9.40 168 373 348 365 215 
5.52 1.55 9.15 0.6200 0.3900 0.3000 -0.4900 -0.1667 0.0644 3.46 0.58 9.15 169 365 346 365 216 
;
