2.09 2.81 9.13 -0.2400 -0.2500 0.0400 -0.0244 -0.0311 -0.0300 2.42 2.98 9.02 189 304 351 364 213 
2.44 2.67 9.03 -0.0200 -0.3400 0.0200 0.1511 0.0589 -0.0589 2.36 3.20 8.95 190 306 341 364 214 
6.67 3.20 10.66 3.0900 -1.2200 1.6600 -0.4867 -6.7367 3.5122 8.59 0.78 4.65 184 305 166 177 206 
9.10 -3.58 -2.92 -1.0800 2.0000 0.7100 3.1833 -5.3500 3.5367 6.58 -6.61 -3.02 171 361 168 184 173 
4.43 -5.92 -2.99 -1.5400 1.9500 -0.6500 2.4489 -0.3789 -0.1256 5.76 -7.86 -1.04 164 342 172 187 175 
5.99 -6.39 3.21 0.2700 1.3300 3.4100 -2.3178 -1.3033 0.6856 5.40 -7.88 -2.17 169 366 175 191 181 
4.86 -8.80 -6.25 0.5200 -0.7600 -3.0300 0.4256 -0.0911 -0.1356 5.16 -7.52 -3.58 171 371 177 193 185 
5.65 -7.34 -2.36 0.0700 0.7300 0.3600 2.5056 0.2756 -0.8378 5.86 -7.74 -1.35 167 347 178 192 183 
7.63 -7.23 3.32 1.4400 -0.7800 3.7000 -2.1522 0.1744 -1.8022 7.35 -6.25 -1.69 165 326 173 193 184 
12.93 -6.79 -1.97 2.5500 -2.7800 -2.2800 1.5678 1.4456 -1.8311 9.35 -2.43 1.66 158 318 177 191 174 
7.64 -0.97 -0.81 -1.9400 0.6700 -3.1800 1.8489 1.1433 -0.4722 9.12 -0.91 3.47 160 325 179 192 172 
5.89 4.42 4.53 -2.2600 4.2200 0.1800 -0.8444 0.7722 -1.1844 8.30 0.73 5.15 161 325 181 194 176 
9.50 2.37 3.52 1.9300 1.2100 -2.4800 -2.5622 1.0667 -2.0189 7.26 0.77 6.54 164 323 182 195 181 
7.66 -1.20 5.68 1.2200 -1.5600 -2.0400 -1.8444 1.8144 -0.8411 5.65 -0.36 8.00 163 333 184 198 181 
2.06 -4.02 10.33 -2.6400 -2.8600 2.0400 -0.2489 0.1844 -0.4333 4.55 -0.59 8.66 151 339 186 201 184 
5.99 0.99 8.20 1.8200 2.1200 -0.5700 -2.1589 1.0656 0.1733 4.43 -2.02 8.50 171 307 186 210 193 
2.77 -3.08 5.57 2.8700 2.2400 -2.9600 -8.2822 7.5322 1.0111 -3.06 -8.74 3.20 170 259 222 257 200 
-2.83 -7.89 -10.39 1.0900 1.0300 -3.4700 -5.2378 0.9889 -0.2178 -2.89 -5.97 -7.21 173 314 311 337 207 
-2.91 -5.20 -11.51 -0.0300 0.7000 -3.1700 2.4522 -0.3678 -0.5633 -2.66 -6.70 -6.63 180 319 326 358 208 
-1.79 -7.63 -4.68 -1.8000 3.8900 -1.1300 6.5400 -1.5067 -1.8900 -1.10 -9.60 1.64 182 316 321 350 204 
4.04 -5.98 11.46 3.7000 3.0200 6.9100 -3.7967 0.1922 0.8300 -1.32 -9.69 0.69 183 316 314 334 208 
-2.94 -7.19 -8.08 -1.5900 0.9200 -4.5500 -4.3133 0.2400 0.7933 -2.30 -6.81 -6.66 180 325 332 345 208 
-3.54 -6.11 -12.36 -1.7700 2.3700 -5.8000 9.2378 -0.9467 -2.2511 -1.12 -9.73 -0.36 181 309 327 346 208 
7.99 -4.13 9.96 5.2200 3.7100 4.6600 -0.2889 -0.4544 0.3322 0.55 -8.85 4.18 179 313 326 336 210 
;
