2.94 0.00 9.33 -0.2300 -0.0200 -0.0400 0.0122 -0.0078 -0.0133 3.08 -0.02 9.30 180 354 346 356 212 
2.84 0.04 9.39 -0.1800 0.0100 0.0600 0.0100 0.0844 0.0300 2.93 0.00 9.35 180 357 345 356 213 
9.48 1.95 12.49 2.1600 0.9200 1.1500 -1.7644 -3.7278 2.0511 5.11 -1.24 8.27 178 330 207 220 212 
7.38 -4.50 -1.43 0.6300 1.4900 -1.2700 2.2456 -6.6767 2.8322 7.84 -5.87 -0.04 8 337 172 193 207 
9.11 -4.87 -2.82 1.9300 1.9000 -1.3700 2.2767 -1.2800 0.4856 6.47 -7.26 -1.17 177 325 175 194 206 
6.88 -5.18 5.45 0.4600 2.0500 4.4900 -1.4222 -0.2811 0.3800 6.06 -7.59 -1.30 178 350 177 199 208 
6.68 -7.68 -5.49 0.6300 -0.3800 -2.5300 -0.1333 -0.1856 0.0500 5.74 -7.31 -3.11 7 362 183 202 209 
6.39 -7.11 -3.64 0.7000 0.4100 -1.1800 2.3022 -0.0644 -0.1978 5.93 -7.69 -1.32 172 341 184 198 208 
6.16 -5.22 2.83 -0.5500 2.2400 2.9100 -3.5133 0.2778 0.2189 5.98 -7.44 -2.21 170 284 212 245 213 
6.28 -5.63 -4.86 -0.5200 1.0100 -1.1100 -2.5511 -2.8367 -0.0278 5.27 -5.90 -5.78 180 241 287 335 216 
4.14 -3.88 -7.98 0.1500 0.9100 0.2800 -2.4744 -1.5689 -0.0044 2.46 -3.26 -8.91 181 253 293 361 223 
3.01 -2.80 -10.10 1.1200 -0.3700 -0.5200 -0.1367 -0.0911 -0.0500 2.17 -2.17 -9.31 180 273 300 369 225 
3.29 -2.21 -8.84 1.2700 0.1800 0.5300 0.1478 0.7356 0.2500 2.95 -2.34 -9.05 180 269 278 359 223 
10.46 -0.91 -6.68 0.1500 1.4600 -3.6500 -1.9611 12.7833 2.4733 8.97 -3.78 1.15 174 285 292 334 216 
1.80 -2.74 6.54 -2.1100 0.6400 -0.5900 3.5844 2.2489 -1.1211 4.05 -1.19 8.84 180 335 324 366 210 
;
