2.59 4.24 8.41 0.0600 -0.1000 -0.0200 0.0078 0.0089 -0.0044 2.49 4.36 8.41 160 340 356 374 214 
2.70 4.35 8.47 0.1900 0.0000 0.0400 0.0567 0.0600 0.0100 2.46 4.40 8.40 163 341 356 376 215 
8.54 7.56 11.29 3.6500 1.9000 4.2300 0.8022 -2.3078 1.1978 4.74 5.17 6.84 172 302 188 220 213 
12.34 5.33 5.99 0.3200 0.5400 0.2200 0.5722 -3.7178 4.9678 9.56 0.51 2.08 172 307 146 177 168 
7.85 -1.73 -1.12 -1.0200 3.1500 0.6300 1.9456 -1.6900 3.2211 7.46 -5.90 -2.36 173 347 161 185 170 
4.46 -5.56 -2.31 -2.1300 1.6600 -0.6000 2.4989 -0.5367 0.4156 6.22 -7.54 -0.63 172 310 154 185 171 
6.46 -5.14 5.84 0.2300 1.7400 3.6300 -1.4667 0.1389 0.1144 5.96 -7.77 0.30 174 353 167 187 174 
6.36 -8.13 -2.75 -0.0600 -0.2900 -1.8000 -0.4300 -0.0367 0.0589 5.84 -7.81 -0.94 173 376 169 190 174 
6.46 -7.47 -1.26 0.2700 0.2100 -0.8800 1.2444 -0.1578 -0.0622 5.93 -7.80 -0.12 173 309 168 191 175 
6.77 -5.75 5.78 0.6000 1.4100 3.9600 -0.7211 0.5200 0.0422 6.04 -7.60 1.35 173 315 175 202 183 
8.87 -7.07 1.54 3.4500 0.6200 1.2600 -3.2767 6.3989 0.1656 4.93 -8.15 2.31 114 218 246 293 204 
4.48 -9.41 -0.49 1.4700 -0.4700 -2.4600 -1.3733 3.3122 2.0389 1.44 -9.64 0.99 110 226 231 290 210 
-1.13 -8.85 -0.75 -1.2100 1.3400 -0.5500 -0.3233 0.6822 0.3933 -0.29 -9.79 0.28 113 227 232 276 208 
-3.01 -10.81 -0.80 -1.8400 -1.0200 -1.5400 0.7067 -4.3122 -1.2089 0.92 -9.74 0.60 102 227 225 277 205 
2.07 -7.43 -4.29 -0.2100 2.1900 -6.2300 2.3456 -8.5844 -1.7811 4.60 -8.64 0.56 117 230 230 271 202 
10.44 -5.79 -2.08 4.6200 2.2100 -0.4900 1.1989 -1.1367 -0.8833 6.29 -7.51 -0.32 119 229 228 264 206 
7.79 -6.24 0.24 2.8100 1.8200 0.0400 -1.5111 3.0689 0.1444 6.19 -7.59 0.12 123 224 231 266 205 
6.26 -5.29 -0.60 -1.2000 0.2600 -4.1100 -3.4844 9.1856 -1.0644 4.29 -7.92 3.86 129 253 248 287 206 
3.79 -9.24 5.52 1.0300 -1.8700 2.2100 -1.5456 0.8000 0.3911 2.43 -8.94 3.18 125 273 270 305 208 
0.33 -9.72 -1.24 -0.9600 -0.9900 -2.7600 -1.4544 0.5211 1.5789 -0.08 -9.79 0.49 120 249 219 264 209 
-1.86 -9.59 -0.47 -1.0500 0.6200 0.5100 -0.0433 -0.9367 -0.1400 -0.54 -9.79 0.04 121 241 228 262 208 
-1.40 -11.22 -1.66 -1.3600 -0.6500 -1.5000 0.9467 -4.4456 -1.3422 1.30 -9.69 0.75 121 236 211 260 205 
3.83 -5.85 -3.35 -0.0800 1.9700 -5.4300 3.2689 -8.0244 -1.8044 4.87 -8.45 0.99 119 233 219 258 200 
10.22 -5.54 -1.87 0.8600 0.7200 -0.6300 0.8167 -2.8289 -0.8044 6.26 -7.34 -1.71 121 226 212 248 195 
8.22 -6.83 -2.52 1.6200 0.3400 0.0800 -0.0033 -0.2022 0.1600 5.90 -7.39 -2.56 122 225 214 250 195 
6.50 -5.98 -0.96 0.3600 1.4200 1.3900 -0.7589 1.0089 -0.1889 6.20 -7.19 -2.42 128 253 230 262 199 
6.64 -2.48 -1.19 -1.4800 3.7800 -1.2700 -3.6744 6.0211 -1.9978 8.26 -5.19 0.93 137 296 261 289 205 
;
