0.88 2.50 9.50 0.1700 0.0400 0.0500 -0.0044 0.0056 0.0200 0.74 2.57 9.43 173 324 345 373 210 
0.11 2.49 9.50 -0.5700 -0.0500 0.0600 -0.0011 -0.1156 -0.0400 0.73 2.55 9.43 173 324 344 372 209 
0.44 2.75 9.64 -0.5700 0.0300 0.8100 1.1600 -0.2889 0.1400 0.71 3.27 9.21 177 303 340 378 209 
5.64 3.75 10.48 1.1100 -0.3200 -0.1500 -0.1511 -6.0311 5.0400 7.04 2.28 6.42 175 349 186 203 204 
6.93 -0.80 3.94 -1.8600 0.3900 0.6600 0.8833 -2.6478 3.2111 9.15 -3.20 1.45 171 375 175 192 160 
7.63 -3.35 -1.02 -0.6300 1.6500 -1.5000 1.6444 -1.2622 1.6122 7.94 -5.72 0.43 170 374 179 197 165 
6.74 -3.39 1.71 -4.7200 3.6400 4.5500 0.2489 -0.8133 0.4344 7.29 -6.41 1.35 171 368 182 197 169 
8.55 -6.18 0.28 0.6500 -0.0600 -1.0900 -1.3311 -0.3167 -0.0444 7.30 -6.51 -0.61 172 392 183 197 173 
7.97 -6.53 -1.65 0.4800 0.1700 -1.2800 0.6889 0.4800 -0.0722 7.45 -6.36 -0.08 171 383 186 199 174 
6.46 -4.89 2.66 -5.9000 4.9100 10.1300 0.2511 -0.6622 -0.2967 7.46 -5.96 2.22 176 357 190 204 183 
6.95 -4.70 2.73 -0.7300 0.1400 -0.5900 -0.9067 2.1189 -2.3556 8.25 -4.82 2.17 119 277 315 349 204 
6.72 -3.81 2.74 -0.6500 -0.6500 -1.7700 -0.9600 2.0256 -1.6456 8.24 -2.51 4.66 101 206 232 230 193 
11.87 1.38 2.14 3.5900 2.6100 -2.0500 2.7189 -0.0233 0.0556 8.51 -0.44 4.83 103 172 189 193 145 
7.62 2.91 5.50 -1.3700 2.2800 0.9700 1.9656 -0.5389 0.6056 8.73 0.59 4.41 107 169 177 192 143 
9.37 4.42 6.82 0.8700 4.2300 2.7900 -1.7200 -0.4822 -0.2867 9.08 0.28 3.67 106 176 190 199 147 
9.11 2.55 1.03 0.3600 1.9500 -2.8400 -1.4844 -0.5556 -0.2756 9.27 -0.26 3.16 110 178 189 200 146 
9.38 -1.58 -0.82 -0.1400 -1.7800 -3.7900 -0.0122 -0.3422 -0.5211 9.42 0.16 2.72 108 179 189 201 148 
10.38 1.65 7.40 1.0400 0.3200 6.0900 -0.3867 0.5433 -0.0433 9.44 0.71 2.52 111 180 190 197 143 
9.01 -0.62 2.89 -0.2100 -1.1500 -0.4500 -0.9356 1.9767 -0.1933 8.92 0.31 4.05 111 183 194 201 149 
;
