2.41 0.82 9.44 -0.0600 0.0600 0.0200 -0.0044 -0.0067 -0.0022 2.50 0.76 9.44 173 338 345 364 211 
2.39 0.82 9.43 -0.0500 0.0800 0.0100 0.0033 0.0167 -0.0011 2.50 0.76 9.45 170 339 346 361 210 
2.44 0.93 9.44 0.0000 0.1100 0.0000 0.0567 0.1522 0.0200 2.36 0.80 9.48 172 340 346 363 210 
4.86 -1.72 10.08 1.2300 -1.5400 1.5100 -0.5989 -6.4833 2.0378 6.99 -0.26 6.86 169 326 202 237 213 
10.37 -0.85 -1.24 0.4400 1.9000 -1.3600 2.9344 -4.4156 2.7144 8.72 -4.15 -1.69 174 344 193 219 212 
6.68 -3.62 -1.43 -0.5700 2.1600 0.0100 2.5144 -0.3467 0.8500 7.68 -6.08 -0.19 175 325 203 221 211 
6.96 -4.65 3.93 -0.8700 1.2900 3.2300 -2.2567 -0.2956 -0.2256 7.66 -6.08 -0.64 173 362 197 228 211 
9.03 -6.52 -4.37 1.0500 -0.3200 -2.5400 1.0511 0.6400 0.0122 7.62 -6.11 -0.73 175 344 209 230 210 
7.45 -2.76 7.08 1.7500 2.6300 5.4700 -0.7867 0.6478 -0.8544 8.08 -5.45 0.96 171 343 228 242 208 
12.81 -6.58 3.16 3.8200 -2.8100 -0.0700 -1.3211 4.4756 -2.2033 8.14 -3.09 4.49 165 368 183 177 175 
6.26 -2.98 3.96 -0.5900 1.0100 -5.5300 2.6278 -0.0056 -0.1944 7.98 -0.95 5.61 165 343 160 170 171 
5.71 2.48 5.43 -1.8100 2.0600 -0.5800 1.3967 0.4167 0.1722 7.57 1.01 6.14 167 350 163 172 172 
5.50 1.70 6.70 -1.5500 0.3600 0.4200 0.1978 -0.3233 -0.5811 7.69 1.54 5.87 163 350 162 172 172 
8.03 4.18 5.39 -0.3000 2.3300 -0.1200 -0.3444 -0.2844 -0.5467 8.01 1.92 5.31 163 351 163 170 170 
8.79 2.40 4.14 0.6400 0.2400 -1.2100 -0.5978 -0.1222 -0.6367 7.95 2.25 5.28 159 356 166 173 168 
7.85 0.00 6.42 0.2300 -2.4800 1.2400 -0.2444 0.0689 -0.1578 7.80 2.23 5.49 162 360 168 174 167 
6.62 2.85 6.38 -1.8400 0.9600 0.7200 -0.2689 0.1244 0.2389 7.72 2.01 5.69 166 359 172 177 174 
2.17 -1.41 1.65 -4.1100 -1.9900 -5.9400 -3.8689 3.6778 -1.2300 4.97 -1.13 8.37 165 348 255 250 202 
6.34 -0.07 11.26 2.2500 1.2200 2.4900 1.2622 3.9056 -2.1444 1.20 0.17 9.73 173 362 322 339 201 
-0.39 4.78 15.16 -0.0400 2.5300 5.6200 1.5967 0.2633 -0.6200 -0.41 2.60 9.44 168 370 333 366 204 
-0.57 1.71 10.81 0.0400 -0.6100 -0.2800 -0.2189 -0.8433 0.1311 0.04 2.30 9.53 168 372 342 368 206 
;
