1.16 0.68 9.72 0.1100 -0.1500 0.0200 0.0056 0.0056 0.0078 1.04 0.82 9.71 178 362 353 367 216 
0.96 0.52 9.83 0.0400 -0.0500 0.6200 0.0167 0.0244 0.0089 1.03 0.83 9.71 179 361 354 368 215 
1.16 0.67 9.69 0.0800 -0.1300 -0.0200 -0.0211 -0.0033 0.0056 1.03 0.82 9.71 180 362 356 369 217 
0.73 0.29 10.01 -0.6000 -0.5800 0.6100 -0.0111 -0.9722 0.2456 1.69 0.71 9.63 180 326 327 359 216 
7.29 -1.88 8.12 2.6100 -1.1000 -0.7100 -1.8922 -6.0611 3.9000 7.14 -3.51 5.73 176 333 172 171 213 
8.02 -2.78 0.95 0.8200 2.5600 0.5400 3.0078 -5.0256 1.1511 7.57 -6.12 -1.10 157 356 171 180 194 
7.22 -3.27 2.15 -2.6200 3.7100 5.8100 0.8300 -1.5656 0.2244 6.68 -7.11 -0.85 152 341 179 185 197 
6.64 -7.05 -2.45 0.3900 -0.1000 -1.1600 -0.9633 -0.7367 0.0322 6.58 -6.81 -2.52 128 375 182 187 198 
7.55 -7.06 -4.68 0.6500 -0.0200 -1.7900 2.0889 0.4033 -0.2078 6.56 -7.10 -1.60 142 341 186 191 202 
9.55 -4.68 3.73 2.4200 2.0500 4.0300 -1.9200 2.3633 -0.6056 7.25 -6.57 -0.56 171 273 202 215 209 
11.95 -8.64 -1.92 3.1800 -3.5000 -6.7800 0.6111 13.1956 -1.3767 3.36 -4.67 7.93 182 159 160 175 201 
-1.87 -1.63 6.95 2.4000 1.8200 -2.3200 1.2856 4.7122 2.3389 -6.62 -1.69 7.02 190 146 158 174 196 
-8.57 3.70 9.78 0.3200 3.9100 7.7900 0.5467 0.4822 0.9456 -8.39 1.13 4.94 196 145 158 176 195 
-9.39 1.26 4.39 -1.3400 0.5500 -1.1300 0.0067 -2.9367 -0.9144 -6.90 0.51 6.94 190 187 182 201 202 
-2.39 0.64 6.38 1.7500 1.4800 -2.4500 0.2411 -2.5756 -1.6878 -2.73 -0.62 9.39 186 303 298 320 210 
1.46 -1.43 8.40 1.4400 -0.8700 -0.4500 1.3600 -1.7044 -1.7689 0.45 0.02 9.79 183 355 336 370 210 
;
0.14 0.43 9.89 0.1100 0.0600 0.2200 0.0011 0.0244 0.0156 -0.02 0.57 9.78 183 346 348 376 217 
-0.02 0.51 9.73 0.2100 -0.0300 0.0800 -0.0133 -0.0144 -0.0011 -0.04 0.57 9.78 184 346 345 373 218 
-0.94 0.01 11.49 -0.3000 -0.2200 0.9700 -0.5811 -3.5267 0.3600 2.56 0.10 9.46 181 303 266 298 220 
8.90 -3.10 8.28 1.5000 0.2300 -0.7600 -0.4789 -5.4000 2.8778 7.65 -3.30 5.17 168 323 149 175 192 
6.75 -3.43 1.70 -1.2000 2.0900 -0.9800 2.3944 -3.7256 2.3511 7.54 -6.15 1.19 143 356 167 178 192 
6.07 -4.63 3.20 -1.1400 2.3100 2.2100 1.9300 -0.1756 0.2389 7.00 -6.67 1.61 139 345 170 182 193 
7.30 -7.04 0.16 0.9000 -0.0800 -0.6700 -1.3378 -0.8633 0.1778 6.92 -6.92 -0.55 143 371 171 187 194 
6.84 -7.21 -2.95 0.2400 -0.1000 -2.0500 0.9644 0.5756 0.0711 6.71 -7.11 -0.64 144 358 173 187 194 
4.92 -2.64 13.42 1.4800 3.9500 9.6400 -0.7211 0.1022 -0.1678 6.99 -6.77 1.10 166 295 190 197 199 
10.42 -8.55 0.81 3.4100 -3.1100 -2.8700 0.4289 9.4478 -2.6789 5.71 -4.67 6.45 180 152 166 185 197 
0.04 -1.09 4.95 1.4100 1.9700 -3.8900 1.7567 8.0500 2.2744 -5.88 -1.29 7.73 189 149 154 181 189 
-9.65 1.52 0.42 -2.6200 0.7300 -4.1800 2.6033 1.7356 0.8678 -8.11 2.27 5.01 193 150 161 180 187 
-9.60 2.54 5.41 -0.8600 0.6400 -0.1600 -0.3367 -1.8011 -1.0100 -7.34 1.49 6.32 192 165 168 191 196 
-3.27 1.04 4.63 1.7500 0.6100 -3.6100 0.6522 -3.0667 -1.8122 -3.22 0.00 9.26 186 302 284 317 209 
-0.43 0.70 7.49 0.2100 -0.0600 -1.9400 0.2289 -1.8589 -1.5100 -0.41 0.64 9.77 185 347 323 364 209 
1.29 0.04 11.29 0.2300 -1.1300 1.5100 0.8533 -0.0133 -1.0767 0.02 1.57 9.67 183 364 350 378 209 
-0.17 1.14 8.60 0.2700 -0.0900 -0.2100 -0.0911 0.1400 -0.0233 0.11 1.73 9.65 184 365 350 380 212 
;
