1.63 7.05 6.71 0.0300 -0.0600 0.0800 0.0000 0.0100 0.0033 1.53 7.10 6.58 191 357 364 398 220 
3.76 12.93 11.30 1.3700 5.7600 4.6500 -0.5411 -2.2667 3.4633 3.86 6.69 6.03 191 320 316 342 220 
12.34 4.33 4.87 2.2200 1.6500 -0.2800 -0.1011 -2.1000 6.4000 9.32 -0.61 2.97 187 335 191 204 207 
3.18 -1.75 -1.96 -5.1200 3.0100 -4.2300 2.2822 -3.0300 4.2722 6.81 -6.79 1.88 185 366 177 198 186 
5.65 -3.56 4.96 0.1800 3.0400 3.1100 1.2089 -0.7811 0.4900 6.08 -7.31 2.37 162 355 180 205 185 
6.78 -7.11 0.74 1.0000 0.8400 -0.0100 -1.9044 -0.2444 0.1578 5.90 -7.82 -0.32 162 382 183 208 187 
5.68 -8.09 -3.03 -0.3900 -0.5900 -2.1100 0.6722 0.3556 -0.2556 6.08 -7.67 -0.46 159 386 186 208 188 
6.83 -6.76 0.05 0.5200 1.0600 -0.6600 2.6578 0.7933 -0.6678 6.50 -7.03 2.09 160 370 185 208 187 
7.07 -4.93 4.44 -0.0400 1.2100 0.2400 -1.4244 0.3600 -0.0367 6.64 -6.74 2.54 182 350 197 226 206 
3.71 -4.37 0.34 -2.6600 3.3300 -0.5400 -1.8489 -1.0400 -1.0856 7.20 -6.65 -0.13 186 264 322 365 227 
5.06 -3.52 -4.66 -0.2100 2.2200 -1.4100 -2.7867 -3.4111 -0.2156 6.24 -5.13 -5.55 197 254 300 383 229 
6.77 -3.55 -10.24 1.0700 -1.1300 -1.5700 -3.1156 -1.8700 0.6378 3.22 -1.00 -9.20 198 275 289 367 232 
0.49 -1.69 -14.64 -1.1700 -1.4500 -2.7700 0.5722 0.0100 0.3222 1.87 -0.39 -9.61 200 286 290 366 232 
2.81 -0.53 -8.76 0.2100 -0.0400 0.5900 0.2322 0.2544 -0.2333 2.51 -0.72 -9.44 199 287 287 360 232 
2.99 -0.59 -9.39 0.4700 0.3200 0.0000 0.0889 0.5211 -0.1389 3.11 -0.79 -9.26 197 272 266 344 229 
16.46 0.75 -13.59 8.5100 1.7400 -5.9400 -0.4289 8.9822 1.9300 9.79 -0.40 -0.26 197 323 308 353 222 
1.57 0.12 0.91 -5.7400 5.5500 -3.8700 -3.3867 3.7100 5.3700 4.07 -8.11 3.69 202 382 346 389 223 
-1.86 -8.36 -5.63 -3.0800 0.2500 -8.6000 1.6389 -0.2289 0.2489 1.14 -9.30 2.88 202 392 358 400 225 
1.09 -1.16 -1.04 -0.0400 6.5800 -5.3200 6.3589 -1.3867 -0.9889 3.25 -4.08 8.29 203 393 356 397 224 
9.69 3.21 21.02 3.8100 4.0400 9.9300 -3.0000 -0.0711 0.6767 4.37 -2.67 8.35 203 392 359 395 223 
1.39 -3.66 3.72 -1.4700 2.7800 -3.8300 -4.9489 0.5511 1.4711 2.19 -8.56 4.23 202 392 356 398 223 
0.00 -10.16 -4.37 -1.3400 -0.3700 -6.9900 1.3844 0.0578 -0.4667 1.89 -9.10 3.11 201 390 358 397 224 
-0.30 -2.49 -2.40 -0.7500 6.8900 -5.3700 7.0744 -1.6211 -2.2344 4.71 -3.11 8.01 203 383 357 396 224 
7.79 2.62 17.28 2.1900 2.5700 6.8700 -1.4789 -0.6944 0.5133 5.43 -1.42 8.03 203 380 358 395 225 
3.92 -3.14 3.12 -1.7500 -0.1800 -4.5900 -0.2422 -0.0167 -0.6033 5.66 -3.01 7.41 199 363 353 378 224 
;
