3.48 1.62 8.77 -0.5800 0.2800 -0.0100 0.2056 0.2722 -0.0522 3.59 1.71 8.96 177 339 358 394 215 
4.48 1.74 9.02 0.5100 -0.3000 0.4300 0.6811 -0.1778 -0.0500 3.83 2.24 8.74 177 333 351 392 215 
9.96 3.22 11.36 4.2800 -1.1100 1.8600 -1.2989 -4.4500 4.1267 8.52 -0.05 4.84 178 347 168 190 191 
7.13 -2.09 -2.90 -1.2800 3.5700 -0.9500 3.2656 -3.9833 3.3333 6.94 -6.81 -1.21 168 369 164 184 165 
5.68 -4.67 0.06 -0.1500 2.4700 0.3000 1.5900 -0.3578 -0.0378 6.06 -7.70 0.36 158 347 168 188 168 
7.70 -5.66 3.96 0.8000 1.5300 2.4000 -1.6911 0.0044 0.2544 5.95 -7.79 0.23 161 378 174 191 170 
5.75 -8.21 -3.51 0.6000 -0.6900 -2.8100 -0.5056 -0.0556 0.0078 5.55 -7.87 -1.81 163 388 177 193 171 
7.10 -7.84 -2.42 1.4900 0.1700 -0.6800 1.7389 0.5300 -0.3500 5.86 -7.85 -0.30 161 365 177 193 171 
7.98 -4.91 5.44 1.5300 1.8500 2.7400 -0.2456 0.0667 0.0944 6.18 -7.52 1.14 168 377 177 198 174 
7.53 -4.62 3.08 1.1700 2.4900 2.7900 -1.8933 0.5778 -1.6744 7.06 -6.79 0.24 178 280 204 229 196 
7.28 -5.28 0.58 -0.0800 -0.8100 -1.2200 -0.2811 1.6011 -2.8122 9.05 -3.42 1.56 186 181 195 226 200 
6.88 -0.73 0.57 -2.8500 1.1000 -0.6700 -0.2533 -0.2733 -1.8267 9.65 -0.61 1.59 194 165 183 202 194 
15.57 2.61 -1.27 6.6900 1.7700 -1.8800 -0.0489 -0.2178 -0.2811 9.76 0.80 0.36 196 164 184 205 191 
11.24 1.32 0.19 2.2800 1.3000 0.5800 0.1467 0.4456 0.0956 9.78 0.46 0.39 195 172 184 206 192 
14.49 -1.15 -1.11 4.4400 -1.6900 -4.7000 -1.3522 9.7600 -1.0944 5.79 0.35 7.89 193 179 190 244 200 
-5.40 -1.26 -1.65 -0.2300 0.0400 -8.6400 -0.4722 7.2322 3.0067 -7.71 -0.06 6.05 195 161 173 213 160 
-17.10 4.27 3.80 -7.1000 1.4800 1.5700 0.7167 -0.0267 -0.0922 -8.98 2.51 3.01 194 158 170 206 164 
-10.25 3.14 3.33 -1.6800 0.5700 0.4600 0.1033 -0.2322 -0.1544 -9.07 2.30 2.91 196 156 173 206 165 
-14.38 1.82 2.41 -5.1000 -0.2300 -1.9700 1.8511 -7.6633 -0.3700 -6.58 2.46 6.83 194 205 193 220 175 
;
