4.00 5.44 7.06 -0.0100 0.0000 -0.0800 0.0222 -0.0089 -0.0100 4.03 5.43 7.09 187 323 358 362 234 
4.10 5.53 6.94 0.0600 0.0700 -0.1000 0.0089 0.0100 0.0056 4.03 5.43 7.09 186 327 361 361 234 
4.69 5.68 7.59 0.5600 0.2600 0.5800 1.3144 -0.6478 -0.4144 4.08 6.02 6.57 191 334 364 384 237 
8.49 11.32 4.39 3.2100 3.5600 -0.3100 1.0033 -3.9133 5.6644 7.37 5.73 2.97 197 362 309 332 237 
8.48 2.84 4.03 -2.0900 2.9600 1.2200 -2.2744 1.1700 5.8911 9.03 -3.34 1.83 189 387 181 196 205 
4.13 -3.89 -2.58 -1.9700 2.5500 -2.1100 3.3844 -2.3400 1.0244 6.78 -7.07 0.01 182 334 184 206 204 
5.27 -2.61 10.13 -0.0100 2.9400 4.6800 -2.0233 0.1011 0.0122 6.69 -7.01 1.45 182 369 191 208 205 
6.20 -7.90 -3.82 -0.5800 -0.8200 -3.1000 -0.8100 -0.2333 -0.0244 6.71 -7.07 -1.04 186 390 190 211 207 
8.30 -7.27 -2.72 1.9000 0.0000 -2.3400 3.2167 0.7156 -0.4578 6.96 -6.79 1.21 185 353 193 212 206 
8.41 -3.86 5.58 1.8300 2.0500 2.3400 -2.6922 0.8144 0.1156 6.95 -6.76 1.43 167 298 185 208 197 
7.84 -9.28 -2.49 0.0000 -0.7000 -1.4900 0.8244 0.2033 1.8589 4.93 -8.46 0.46 146 297 180 203 191 
0.41 -6.00 1.63 -3.1000 2.7900 0.5000 -1.0356 -0.6167 0.2911 3.56 -9.11 -0.53 146 303 180 204 187 
6.45 -12.91 -6.27 2.8700 -4.2600 -4.7000 1.1756 0.3789 -0.4167 4.03 -8.91 -0.62 147 303 186 204 186 
5.87 -9.73 -1.87 1.2500 -0.6900 -3.3300 2.2367 2.5200 -1.1033 4.67 -7.96 3.29 152 306 188 207 186 
1.14 -5.85 2.50 -2.8300 1.0600 -3.9100 2.4111 3.1733 -0.9922 3.23 -5.21 7.64 152 313 189 206 188 
-2.86 1.06 8.05 -5.2400 3.6200 -0.7900 1.9011 2.0100 -0.3533 0.07 -2.24 9.54 146 306 175 200 181 
-2.76 1.39 12.88 -2.4000 2.2700 2.4300 -0.9144 -0.3056 0.4556 -0.53 -2.06 9.57 147 308 186 199 180 
-2.60 -1.41 7.84 -2.0500 2.2400 -1.4500 -2.1944 -1.2067 0.5578 0.43 -4.51 8.69 147 305 185 200 184 
-0.34 -4.39 -1.38 0.3000 2.3000 -8.0600 -3.9622 0.6022 -2.1878 2.03 -8.23 4.93 147 270 184 201 184 
8.94 -11.90 -0.17 6.7700 -2.1900 -1.1900 -2.3978 3.1244 0.0000 2.91 -9.26 1.35 143 244 250 268 208 
1.33 -13.69 -0.71 2.2900 -2.4300 0.1700 -1.8644 4.6144 2.7511 -0.01 -9.69 -1.44 133 243 255 269 212 
-4.40 -10.46 -1.94 -3.6300 -0.1300 -0.6300 0.1322 -0.7278 -0.4589 -1.15 -9.55 -1.85 136 244 251 262 214 
0.35 -8.32 -4.66 -0.2200 2.0900 -4.5700 2.5467 -8.1622 -3.8044 2.70 -9.42 -0.09 136 247 241 257 213 
3.35 -4.43 -7.78 -0.1400 3.2100 -4.7100 1.2600 -5.4322 -3.6433 5.85 -6.78 -3.98 134 240 239 249 214 
9.10 -4.80 -5.43 3.0200 1.3900 -0.8000 -0.0789 0.1911 0.0589 6.04 -6.26 -4.51 134 239 239 249 216 
6.97 -3.33 -2.25 -0.2200 4.3800 2.9800 -2.0789 5.5478 -0.4867 7.66 -5.45 -2.77 153 245 254 265 219 
;
