5.04 4.53 7.15 0.1000 0.0000 0.0000 0.0044 -0.0011 -0.0156 4.98 4.52 7.13 182 325 305 329 221 
6.82 5.74 8.61 5.5700 3.0800 2.9000 -2.1700 2.1878 1.9456 4.36 3.04 8.23 181 322 272 283 220 
7.23 -0.42 7.15 2.1200 -0.4800 -3.6600 0.0244 -9.1400 4.8744 8.06 -2.82 4.81 178 383 177 185 145 
4.91 -2.02 2.64 -2.4800 3.4000 2.1200 2.8733 -3.2167 2.3056 7.29 -6.54 0.36 178 390 184 184 143 
6.71 -5.10 0.69 -0.1500 1.8200 -0.0800 2.6789 -0.1800 -0.5567 7.11 -6.48 1.88 170 378 189 188 147 
7.08 -5.86 2.88 0.0000 0.0800 -0.2100 -1.6844 -0.2567 0.4589 6.86 -6.97 0.62 174 402 191 191 151 
7.03 -7.06 -0.88 0.1400 0.0800 -1.3000 1.0156 -0.0200 -0.1478 6.86 -6.94 0.88 175 374 192 193 158 
7.65 -4.18 6.75 1.3500 2.1700 4.0800 -0.6333 0.4167 0.0167 6.98 -6.57 2.01 178 362 214 227 189 
5.87 -6.14 1.73 -1.0900 -0.3200 -2.5900 -0.7844 8.7744 -2.8867 5.20 -5.66 6.08 184 367 244 253 206 
-0.27 -2.94 8.37 -0.7200 0.3300 -0.3200 2.9889 1.9500 -1.3511 0.69 -1.20 9.70 184 379 184 185 155 
2.14 2.21 11.01 2.3600 1.3500 0.9800 1.7411 0.4522 0.2156 -0.31 1.58 9.67 172 375 183 184 144 
2.47 4.36 13.61 1.8700 1.6600 4.8700 -0.1389 -0.7878 1.6811 0.71 2.51 9.45 159 379 189 186 145 
-1.89 1.53 11.60 -2.5000 0.8300 0.9600 -2.5678 0.4033 0.7700 0.76 -0.65 9.75 154 380 192 185 142 
-3.37 -1.54 5.08 -3.2700 0.8700 -4.9700 -0.4889 0.6733 -2.0433 0.19 -2.53 9.47 155 382 198 185 142 
3.94 0.12 4.61 3.5500 1.6700 -4.2700 1.6056 -0.6589 -1.2600 1.34 -0.97 9.66 152 381 198 185 143 
4.72 1.84 10.28 2.9100 1.0300 1.1200 1.6333 -0.6967 0.0900 2.30 1.54 9.40 152 378 196 187 145 
3.89 3.15 13.05 2.0100 0.2600 3.3400 0.5833 0.2300 0.9167 2.28 2.85 9.09 151 386 194 186 146 
1.72 2.64 11.34 -1.0300 0.2700 1.8400 -1.1622 0.4856 1.0122 2.26 1.57 9.41 153 381 194 187 150 
0.71 0.25 6.15 -1.0000 -0.1200 -3.4300 -0.1878 0.3967 -0.2344 1.60 0.37 9.66 154 388 194 187 147 
1.94 0.80 9.44 0.5300 0.3400 -0.1300 0.0111 -0.0800 0.1256 1.50 0.50 9.67 173 381 193 197 168 
;
