-2.37 2.18 9.16 -0.1200 0.1300 -0.1500 0.0044 0.0033 -0.0111 -2.26 2.07 9.31 184 288 298 340 203 
-2.42 2.25 9.21 -0.1100 0.1500 -0.1000 0.0056 0.0133 0.0044 -2.29 2.09 9.30 185 289 299 340 204 
-3.08 2.67 9.81 -0.8900 1.1100 1.6100 -0.2511 -1.5033 1.0000 -0.84 1.97 9.56 180 289 204 224 205 
10.78 0.82 10.00 3.5000 0.2100 1.6900 -0.5667 -6.4022 4.0922 8.33 -1.24 5.02 179 319 158 167 165 
7.56 -2.63 -0.31 -0.5600 1.7700 -1.4200 1.5778 -1.5400 2.3022 8.17 -5.34 0.83 176 347 161 166 153 
6.99 -4.49 1.12 -0.0800 1.7200 -0.1000 2.0600 0.1733 0.7433 7.16 -6.36 2.08 166 341 154 170 158 
8.13 -4.03 5.28 -0.2400 1.5600 1.7300 -2.0556 -0.0089 -0.1700 6.96 -6.61 1.96 165 372 164 171 162 
7.15 -6.85 -0.74 0.3700 0.1500 -1.3800 -0.5978 -0.3278 0.0567 6.93 -6.93 0.04 164 385 173 173 164 
7.40 -6.48 -0.42 0.4800 0.6300 -0.6900 0.8689 0.3489 -0.0211 6.96 -6.85 0.85 156 382 171 175 163 
8.03 -5.58 2.67 1.0600 1.3100 0.7200 1.6500 1.0311 -0.0222 6.77 -6.43 2.97 159 370 164 175 165 
11.92 -2.97 4.53 4.7100 3.2100 0.9500 -5.0178 7.8844 -1.6322 6.12 -6.79 3.53 119 192 216 240 188 
4.23 -10.23 0.31 1.2000 0.6300 -1.6500 -2.9478 3.0667 0.7289 3.06 -9.07 2.11 115 229 250 276 196 
-0.60 -8.63 -1.52 -0.3900 1.6600 -1.4600 -1.3522 1.3978 0.9878 0.65 -9.77 -0.34 119 237 239 267 200 
-2.17 -10.42 -0.13 -2.6200 -0.3800 0.2400 0.3511 -1.6967 -0.7922 0.80 -9.77 -0.23 121 238 236 266 200 
1.88 -9.02 -1.38 0.0600 0.9200 -1.5400 2.1989 -4.3833 -1.0822 2.79 -9.30 1.31 121 238 234 265 200 
5.81 -5.22 -1.70 2.2500 3.4400 -2.0300 2.4644 -5.1467 -0.5656 5.50 -7.91 1.80 123 235 222 258 196 
9.09 -5.38 4.29 2.1100 1.4500 2.2400 0.6844 -1.0878 0.0400 6.36 -7.27 1.62 124 233 223 251 194 
6.31 -6.65 1.96 0.3100 0.6200 0.4000 -0.2100 -0.0956 -0.0911 6.36 -7.30 1.49 127 233 228 254 196 
8.68 -4.30 2.54 1.5800 2.4700 0.1100 -1.8200 6.0811 -1.5767 6.56 -6.73 2.78 150 259 246 289 202 
;
