3.55 4.95 7.59 -0.0100 0.0200 0.0100 0.0444 0.0244 -0.0011 3.51 4.95 7.69 188 317 340 346 234 
3.47 5.00 7.59 0.0100 -0.0600 -0.0600 -0.0178 -0.0278 0.0067 3.53 4.97 7.67 189 316 341 347 235 
3.46 5.08 7.44 0.0700 0.1100 0.0200 -0.0233 0.2333 -0.0756 3.35 4.98 7.74 188 319 341 347 235 
3.09 5.24 7.95 -0.0500 0.2600 0.2400 0.1344 -0.1600 -0.0144 3.31 5.07 7.70 189 318 332 348 235 
6.09 7.00 9.83 3.1700 1.9300 2.1100 0.8456 -4.4256 2.3656 6.46 5.07 5.35 193 325 312 321 232 
9.31 1.51 3.27 -0.1300 -0.8000 0.7900 0.3678 -2.9789 4.3467 9.70 -0.03 1.41 189 358 191 206 214 
9.11 -1.69 -2.63 -1.3000 2.6400 -1.8200 2.7511 -1.4822 3.2211 7.67 -5.95 -1.35 188 387 183 191 185 
4.35 -4.06 1.48 -1.9500 3.1100 1.7400 2.3678 -0.6756 0.1467 6.50 -7.33 0.41 190 360 190 199 192 
5.88 -5.75 3.43 0.9900 1.1300 2.3300 -2.3011 -0.0522 0.6067 6.04 -7.63 -1.15 193 395 199 203 197 
5.07 -8.33 -3.38 -0.9500 -0.7600 -1.2100 0.0722 0.0500 -0.0856 5.89 -7.62 -1.81 193 396 200 205 200 
6.46 -7.47 -1.83 0.1200 -0.0500 -0.0600 1.3878 -0.0456 -0.2589 6.25 -7.53 -0.48 189 367 200 203 195 
7.35 -4.90 5.06 0.9900 2.2400 4.1500 -0.8900 0.2000 0.0889 6.56 -7.27 0.39 193 370 203 203 203 
4.79 -6.40 -0.81 -1.5500 1.2100 0.1500 -2.5678 -0.3989 0.1411 6.60 -6.99 -1.90 194 365 206 210 201 
6.81 -7.52 -4.97 0.2700 -0.6800 -1.7300 -0.4922 -0.2433 0.0944 6.39 -6.61 -3.38 192 361 205 210 201 
6.19 -6.88 -3.39 -0.1400 -0.1900 0.0500 0.1389 -0.0011 0.0167 6.34 -6.67 -3.37 193 365 209 212 204 
6.24 -7.01 -4.16 0.0600 -0.2600 -1.2200 0.9389 -0.0233 0.0756 6.25 -7.01 -2.79 194 372 206 211 205 
6.21 -6.74 -1.36 -0.2500 1.0000 0.3700 3.0333 0.0867 -0.5933 6.47 -7.35 -0.16 192 331 206 210 201 
6.37 -5.04 3.73 0.4100 1.6200 2.3200 -2.6689 -0.6356 0.7122 6.23 -7.42 -1.46 190 367 206 212 204 
4.92 -8.00 -3.84 -0.7200 -0.6900 -1.3900 -0.1056 -0.1789 0.0822 5.68 -7.48 -2.78 190 387 209 212 205 
6.17 -7.85 -3.14 0.4600 -0.3400 -0.9700 1.5811 0.5678 -0.3678 6.09 -7.54 -1.41 191 359 209 211 202 
2.78 -4.60 5.48 0.3900 3.1400 4.7600 0.1911 -0.0900 0.0278 6.61 -7.16 1.07 192 377 209 213 203 
6.19 -7.73 0.23 -0.3100 0.1900 0.0700 0.0278 0.0256 -0.0033 6.70 -7.05 1.24 190 360 212 218 207 
2.67 -2.28 1.39 -4.4400 4.1400 0.4900 -2.9800 -0.7256 -0.3189 6.92 -6.78 -1.46 190 226 267 340 226 
-0.14 -0.60 -7.10 -2.8500 3.0400 -2.3000 -6.5856 -5.8144 0.6267 3.45 -2.56 -8.81 196 254 262 347 239 
4.29 -2.61 -18.30 1.9800 -3.4700 -8.1900 0.0522 -0.3411 0.3867 1.70 1.04 -9.60 200 272 269 360 241 
3.86 -3.10 -14.28 2.2400 -2.0000 -4.6800 3.8344 0.3900 0.3911 1.64 -3.00 -9.18 209 303 309 393 242 
0.37 -1.87 -2.89 -4.2500 5.2600 1.6300 3.0378 2.1744 0.3056 4.16 -8.18 -3.44 223 391 368 413 242 
3.09 -5.13 -1.29 -1.1400 3.0800 1.2200 -0.1444 0.0811 0.1611 4.13 -8.57 -2.33 220 396 370 415 242 
3.54 -7.07 -2.51 -0.3400 1.7100 0.5800 -1.2578 0.4211 -1.0689 4.70 -7.88 -3.43 215 327 341 390 239 
;
