2.82 0.22 9.63 -0.2500 0.0200 0.0000 -0.0233 -0.0511 -0.0144 2.94 0.17 9.35 179 358 356 364 218 
2.87 0.15 9.49 -0.0800 0.0400 0.2100 -0.1989 0.1533 0.0000 2.84 0.00 9.38 177 351 352 361 218 
1.88 0.61 12.40 -0.6800 0.2800 4.6100 3.4744 -1.6933 1.2967 3.57 1.81 8.94 176 308 298 338 218 
10.81 0.06 6.86 3.4700 -0.7100 -0.3200 1.4767 -3.1478 4.9122 7.90 -0.82 5.73 173 329 217 243 218 
8.21 -0.72 2.61 -1.0000 1.3900 -0.5200 1.8700 -0.8433 0.3567 8.97 -1.56 3.63 163 292 140 151 201 
6.70 2.87 3.60 -3.6500 3.3600 0.3900 1.5200 0.4900 -1.2733 9.29 0.17 3.11 144 315 144 165 200 
8.38 2.97 4.07 -0.7400 1.8800 0.9400 -0.1156 -0.3911 -0.2522 9.34 0.98 2.81 137 324 154 170 201 
9.76 3.30 2.89 0.3300 2.3700 0.0800 -1.8200 -0.0289 -0.3000 9.36 0.79 2.80 137 329 159 173 199 
9.43 2.11 1.04 0.2800 0.6500 -1.2000 -3.5256 -0.2122 -0.5678 9.33 0.37 2.98 5 323 164 169 197 
8.20 -0.67 0.93 -0.8700 -1.3300 -1.8800 -1.4233 0.8889 -0.0256 9.08 -0.44 3.66 139 337 167 175 194 
9.81 -3.26 5.35 0.1900 -2.2900 1.1300 -0.4200 -0.0867 0.0644 9.09 -0.60 3.62 135 334 165 175 194 
8.21 -0.99 3.49 -0.9100 -0.5500 0.5000 0.2567 1.3089 0.7567 8.96 -0.79 3.88 153 247 169 191 209 
4.16 -4.81 3.87 -2.7400 -1.8900 -2.6500 1.9156 3.4233 1.4167 4.63 -2.63 8.23 108 228 285 310 214 
4.92 -0.91 7.80 0.9700 1.0400 -0.7700 0.8400 0.4622 1.6344 2.83 -2.29 9.10 92 177 222 218 212 
1.89 -0.73 11.58 1.8100 1.9400 2.5500 1.1422 0.7078 2.4967 0.25 -1.47 9.69 99 160 195 190 191 
-3.01 2.36 12.17 -1.5200 2.8500 1.4600 -0.3622 0.0056 1.7222 -0.88 -1.23 9.68 101 158 200 190 190 
-4.44 -0.01 9.72 -4.2700 1.2900 0.2500 -0.1033 0.0600 -0.2733 -1.16 -1.32 9.64 101 161 204 193 192 
-2.02 2.23 9.54 0.2000 3.1900 0.3100 0.8889 -0.1600 -1.9844 -0.94 -0.71 9.73 103 162 204 193 192 
2.07 1.40 11.24 3.1300 1.0400 1.2200 0.4856 -0.1456 -1.1933 -0.87 0.00 9.76 104 162 205 195 193 
2.06 -1.98 9.50 2.8700 -2.2900 -0.3400 0.0411 -0.2589 0.4311 -0.70 0.16 9.78 102 166 204 196 194 
-6.50 -0.23 9.57 -5.5100 -0.3300 -0.3600 -0.2178 0.1900 -0.0122 -0.82 0.10 9.77 104 168 206 199 196 
-2.91 -0.83 8.82 -2.8600 -0.4900 -1.2700 -0.6922 0.7178 -1.6589 -1.59 -0.87 9.63 119 180 212 224 205 
1.38 0.89 7.47 1.4000 1.4900 -2.2400 1.8156 -2.4444 -2.2144 0.24 -0.13 9.80 163 323 314 345 209 
0.27 1.68 10.25 -1.3400 2.8400 0.4400 1.4633 0.2678 -0.8411 0.78 1.41 9.67 168 353 341 376 210 
;
