1.13 4.10 8.82 0.1000 -0.0200 0.0000 0.0067 0.0033 -0.0033 0.99 4.14 8.82 170 311 349 371 210 
1.07 4.11 8.78 0.1300 -0.0500 -0.0200 0.0189 0.0122 -0.0122 0.97 4.17 8.82 172 311 349 370 209 
2.41 7.11 11.54 1.0000 2.3800 4.8100 5.3767 -2.9167 1.5567 3.47 7.06 5.85 135 319 288 338 218 
14.24 7.09 3.99 6.7400 2.8000 1.0800 1.0556 -0.5133 4.7667 8.60 3.41 3.23 97 302 189 198 208 
8.27 0.24 0.82 -2.4500 -0.8400 -2.7900 1.3667 0.4967 2.3478 8.96 -0.35 3.95 89 310 174 192 175 
6.34 -1.26 1.58 -2.4300 0.7100 -2.3900 1.4322 0.4522 0.5356 8.47 -0.86 4.86 87 340 177 196 178 
5.87 1.31 4.85 -2.1800 1.7900 -0.0200 0.4689 0.1789 -0.1733 8.22 -0.07 5.33 89 344 180 200 181 
7.64 1.88 6.08 -0.1500 1.9900 0.1300 -1.5722 0.2578 -0.5333 7.84 -0.29 5.87 90 346 187 204 183 
8.62 -0.64 3.67 1.2300 -0.1800 -3.1700 -2.3867 0.9633 -0.8078 7.12 -1.61 6.54 91 360 188 206 184 
7.76 -3.76 4.06 0.7600 -0.8900 -2.9900 -1.9067 1.9667 -0.0167 5.31 -3.21 7.58 93 364 188 210 187 
0.42 -9.60 7.19 -3.1300 -4.5800 0.9100 -1.0800 0.1800 0.7156 2.89 -5.98 7.20 94 358 192 211 187 
1.94 -7.00 5.36 -0.0300 -0.0900 -1.5400 -0.9889 -0.3411 1.2844 2.54 -7.20 6.14 108 269 200 223 197 
3.00 -6.32 2.08 2.4200 1.4800 -1.2500 -2.5544 2.4078 1.1700 -0.24 -9.48 2.46 117 220 240 269 206 
0.98 -13.68 -1.97 1.7300 -2.5200 -1.0200 -1.2000 1.3122 0.3189 -1.19 -9.64 -1.31 112 242 244 262 205 
-5.22 -11.06 -1.59 -3.8200 -0.2800 -0.7800 0.8722 -2.4722 -1.2111 -0.91 -9.73 -0.72 114 252 241 268 207 
0.83 -8.88 -3.15 0.8600 1.1700 -4.4200 3.5778 -6.7789 -2.3444 2.85 -9.15 2.03 110 253 238 264 208 
5.90 -4.74 -4.00 2.8300 3.8600 -5.2500 3.2556 -7.1733 -2.4500 7.58 -6.21 0.19 112 254 233 254 206 
10.92 -4.17 -1.51 3.2600 0.9200 1.3700 1.7556 -1.1444 -0.6556 8.29 -4.95 -1.66 113 254 228 244 204 
12.55 -2.13 -0.80 4.2900 2.6400 -0.0900 -1.4711 1.9722 0.4589 8.29 -5.14 -0.94 142 262 216 237 206 
9.17 -6.57 -1.17 0.9700 -1.3700 -3.0100 0.0489 1.6478 2.2878 6.51 -6.88 2.50 159 285 157 178 173 
-0.70 -7.64 1.56 -4.3200 1.0300 -0.2100 1.6089 -1.6356 2.1633 3.81 -8.44 3.20 167 276 161 174 174 
1.69 -10.95 0.68 -0.0700 -3.5800 -2.7800 0.2767 -0.5089 -0.0567 3.60 -8.54 3.19 162 290 168 177 173 
5.67 -10.46 2.02 0.9800 -1.8100 -2.5300 2.5311 1.6778 -0.7056 3.52 -6.88 6.02 161 300 169 178 174 
0.78 -3.50 5.47 -2.2000 1.4800 -2.7800 2.5211 1.6989 -0.6156 1.91 -3.28 9.03 160 300 172 180 175 
-2.35 1.73 10.78 -2.8000 3.4000 1.9100 1.0422 0.8022 -0.5122 0.69 -0.72 9.75 160 309 173 182 175 
1.76 1.38 9.71 0.3300 1.9400 -0.2900 -0.9256 -0.4878 0.3644 1.15 -1.61 9.60 159 307 171 182 177 
-0.94 -2.03 8.14 -3.2400 1.4600 -0.9900 -2.7689 -1.9367 1.4367 2.21 -5.21 8.00 162 297 170 184 176 
2.04 -4.29 2.90 -0.3000 2.8100 -3.1700 -2.5800 -1.4267 0.4222 2.94 -8.18 4.51 164 262 170 184 175 
;
