2.13 2.89 9.13 -0.4700 0.3400 0.0200 -0.0044 0.0411 -0.0111 2.51 2.57 9.12 188 335 365 379 218 
1.25 2.48 10.96 -1.5900 -0.4400 2.6000 3.0556 -2.7189 0.8600 3.99 3.92 8.05 25 339 355 386 218 
14.78 4.96 8.97 7.0200 1.5200 0.4700 1.1722 -2.6844 4.8578 8.69 1.85 4.13 186 355 254 264 220 
9.43 -0.06 1.22 -0.0900 0.4900 -3.3900 3.1122 0.8533 2.3167 8.54 -0.79 4.75 186 316 161 178 200 
5.52 1.97 0.50 -3.4400 2.7800 -4.1000 2.3578 0.6367 0.4556 8.15 -0.24 5.44 167 301 157 177 177 
4.89 3.38 6.26 -2.7100 2.8800 0.9000 -0.0922 0.7722 -0.8589 7.46 0.93 6.29 167 313 165 181 182 
8.45 3.85 5.85 1.7800 2.5400 -0.8600 -1.2300 0.3933 -0.9456 7.08 0.98 6.70 169 326 168 183 182 
8.01 1.19 5.68 1.5000 0.2500 -1.6500 -1.5011 0.9689 -1.5189 6.12 0.71 7.62 168 345 170 186 184 
3.73 -1.77 7.67 -1.5500 -2.2300 -0.5800 -0.6567 0.1600 -0.9844 4.82 0.54 8.52 170 360 170 186 185 
2.86 1.76 9.15 -1.9200 1.4900 -0.2200 -1.4722 0.3833 0.4378 3.89 -0.38 8.99 173 367 174 191 188 
-0.44 -5.22 2.44 -1.7200 -1.9100 -5.2200 -2.5433 -3.2933 2.3767 5.28 -5.43 6.22 172 366 175 190 191 
7.54 -11.07 2.71 0.9100 -4.2100 -0.0300 -0.0956 -5.7633 1.1700 6.10 -7.59 1.07 170 348 171 190 190 
13.71 -6.69 -2.83 5.7700 0.8900 -0.9100 1.7511 -1.2589 0.0589 6.04 -7.71 -0.35 173 357 174 190 189 
5.34 -5.50 1.62 -2.6700 2.5300 2.0000 0.7378 0.3578 -0.1856 5.91 -7.72 1.26 175 354 180 190 191 
8.49 -7.88 -0.47 1.5100 0.0200 -2.5200 -1.4667 -0.3811 0.5122 5.71 -7.86 -1.30 174 361 180 192 191 
5.84 -8.41 -4.29 0.8200 -0.3400 -2.3700 1.6978 -0.0478 -0.0922 5.65 -7.96 -0.87 168 341 180 193 191 
6.81 -4.59 4.44 0.0000 3.3000 4.5200 0.2344 0.5489 -0.6178 6.03 -7.66 1.02 174 314 181 192 193 
8.59 -7.01 -1.38 1.3700 0.1200 -1.9400 -2.4167 1.9989 0.1200 6.22 -7.50 -1.01 175 288 212 241 207 
9.01 -8.84 -1.52 2.5100 -1.7700 -0.6600 1.0633 2.9778 -1.0367 6.83 -7.03 0.20 137 271 286 331 217 
8.84 -6.06 1.92 1.8200 -0.7300 -1.5500 3.0889 0.3511 -1.4600 8.03 -3.85 4.08 148 303 318 360 219 
10.38 0.56 3.34 -1.2100 1.5000 -2.2200 1.2189 5.2667 -3.4678 6.67 0.63 7.15 171 332 273 282 218 
0.79 4.65 6.60 -2.0200 2.7400 -0.9700 0.4356 2.1689 -1.2067 2.02 3.32 9.00 141 230 203 206 169 
-1.46 5.48 7.76 -1.8800 2.1400 -1.2600 -0.3522 0.1478 -1.7211 0.38 3.27 9.23 116 226 197 201 167 
1.40 3.95 8.49 1.6400 1.2900 -0.8000 -0.5556 -0.8867 -1.6911 0.47 2.64 9.43 116 225 198 202 171 
2.24 1.63 9.42 0.6500 -1.6200 -0.4300 -0.4111 -0.5867 -0.6678 0.96 2.07 9.53 118 234 202 206 172 
0.52 -0.53 10.76 -0.3800 -1.7100 1.5000 0.0667 -0.1044 0.0067 1.19 2.04 9.51 120 235 203 207 173 
0.14 1.62 8.85 -1.2300 -0.5100 -0.6600 0.2267 -0.2211 0.2356 1.41 2.23 9.44 121 231 205 211 176 
-0.29 0.77 6.10 -1.7700 -1.2800 -3.3400 0.7467 -1.5189 0.5422 3.25 2.98 8.75 131 221 211 221 180 
4.63 2.55 5.44 0.1100 -1.2400 -3.4000 0.5200 -0.7011 -0.2344 4.60 3.11 8.07 144 294 251 234 200 
4.59 4.19 8.96 -0.2400 0.6600 -0.0900 -0.1700 0.3533 -1.3767 4.02 3.62 8.17 174 336 310 295 209 
;
