1.47 7.31 6.32 -0.0900 -0.0600 0.0200 0.0078 0.0000 0.0044 1.57 7.34 6.30 184 293 301 307 204 
1.39 7.17 6.28 -0.1300 -0.1400 0.0100 0.0156 0.0022 -0.0367 1.55 7.35 6.30 186 293 302 307 205 
1.82 7.52 6.12 0.3000 0.0900 -0.1600 0.0178 0.1078 -0.0278 1.49 7.38 6.27 183 294 300 307 205 
0.57 9.75 8.68 -0.1500 3.4200 3.1500 1.5144 -4.2000 3.6311 4.97 7.04 4.66 185 287 299 305 205 
14.51 6.65 3.46 4.2100 0.8200 0.4900 0.0356 0.9833 3.5967 9.07 2.84 2.38 184 296 255 254 205 
4.78 -1.41 1.62 -3.0500 -3.5500 -4.5500 0.4111 0.6900 1.3011 7.62 1.44 5.99 180 329 170 181 188 
3.48 3.34 1.95 -3.4300 1.6300 -3.6500 1.3233 1.0500 -0.7289 6.88 2.72 6.43 175 369 168 179 155 
4.48 5.95 6.07 -1.5600 2.4500 -0.5100 -0.0589 0.1278 -0.8989 6.01 3.77 6.76 175 376 172 183 155 
5.68 6.47 6.24 -2.1700 2.8500 -1.0200 -2.3167 -0.4222 -1.7478 5.64 3.33 7.29 175 382 170 182 157 
8.37 3.55 3.42 1.8200 1.3300 -3.5600 -2.4500 -1.2033 -2.5556 6.40 2.08 7.12 175 375 172 184 160 
7.61 -0.13 5.37 1.9700 -2.5000 -1.4000 -1.2022 0.5389 -0.9611 5.23 1.46 8.16 176 386 177 186 165 
3.75 -1.48 10.53 -1.0100 -1.9100 1.4100 -0.1689 -0.2056 -0.0733 5.09 1.25 8.28 178 384 179 188 171 
3.69 2.83 7.34 -3.4100 -0.4500 -1.8900 0.0478 -1.8489 1.5778 6.61 0.33 7.23 176 350 229 275 199 
7.06 -2.07 1.50 -0.6400 -1.3000 -2.9400 0.7789 -5.7000 4.2100 9.21 -3.23 0.85 177 261 283 302 203 
10.67 -2.19 -7.20 1.2700 0.6400 -3.4800 -3.9344 -6.9722 1.5456 3.42 -3.97 -8.28 182 227 254 310 209 
3.80 -3.73 -14.84 1.6700 -2.9400 -5.2800 -0.1456 -0.3444 -0.1878 1.90 -1.22 -9.54 186 246 266 325 213 
6.76 -4.20 -14.56 4.2300 -1.6500 -5.6100 2.6489 1.2344 0.5644 2.57 -3.51 -8.78 190 288 302 342 214 
2.96 -2.97 -4.58 2.3800 -3.5200 -1.2000 3.3778 3.5956 -0.5467 5.51 -7.89 -1.87 195 394 351 377 212 
2.69 -4.24 0.29 -2.8800 3.6300 0.2800 0.1978 0.3878 -0.3356 5.98 -7.76 0.34 197 395 357 381 212 
6.03 -6.43 0.46 0.0700 1.2600 0.5800 -0.7922 -0.1522 0.0633 6.00 -7.73 -0.47 195 387 358 378 214 
4.91 -4.92 0.53 -2.0800 1.5600 -0.1200 -3.5444 2.4178 -2.3589 7.83 -5.77 -1.19 180 307 279 295 210 
;
