1.49 -0.69 9.65 0.1300 -0.0100 -0.0100 0.0033 0.0089 0.0044 1.38 -0.69 9.68 179 339 342 365 216 
1.54 -0.70 9.66 0.2100 0.0000 0.0800 -0.0078 -0.0022 -0.0022 1.38 -0.69 9.68 178 340 343 366 219 
1.49 -0.76 9.71 0.0500 -0.1900 0.0300 0.0844 0.0567 0.0511 1.36 -0.60 9.69 178 328 333 369 214 
10.64 -0.70 18.61 2.8000 -0.4600 5.8900 1.0322 -4.9389 1.8656 6.72 0.33 7.12 172 319 196 206 214 
9.01 -0.85 1.13 -0.2700 0.2100 -3.8600 2.7089 -1.7433 1.6589 8.93 -1.11 3.87 170 296 147 156 202 
6.27 0.95 1.15 -3.7800 1.8500 -1.1500 2.4211 1.1056 -0.7256 9.00 0.49 3.85 158 305 151 167 191 
7.37 3.46 5.09 -0.7900 2.2200 0.7600 -0.4544 0.0089 -0.3256 8.79 1.32 4.12 152 307 166 171 192 
9.37 3.90 4.18 0.9400 2.7100 -0.4800 -2.1978 0.4178 -0.3878 8.48 0.88 4.84 155 318 166 169 190 
8.10 1.54 2.63 0.2800 1.7000 -2.9800 -3.9056 0.7589 -0.4122 7.71 -1.07 5.95 125 327 166 162 192 
6.73 -7.27 6.01 1.8200 -4.0600 1.3200 -0.7622 0.3189 -0.1589 7.14 -2.12 6.37 151 327 159 160 191 
5.22 -3.04 4.87 -1.9000 -0.3000 -1.4200 0.1567 -0.6278 0.9856 7.13 -2.99 6.02 155 309 162 170 195 
3.95 -4.60 2.02 -3.6200 -0.7400 -2.9200 0.4367 -3.6633 1.7989 7.91 -4.74 3.32 161 257 247 283 212 
8.70 -5.31 -0.85 1.0700 -0.3800 -0.6800 -0.6978 -5.8989 0.0467 7.50 -5.47 -3.15 166 239 268 302 214 
6.96 -2.99 -9.76 2.2100 1.1700 -2.4300 -1.7767 -3.3433 -0.9667 3.77 -2.86 -8.58 176 264 256 308 221 
4.53 -2.11 -11.96 0.9200 -0.1700 -1.4200 0.0378 0.2078 -0.0144 3.21 -1.64 -9.11 186 276 247 317 222 
4.11 -1.72 -8.83 1.8000 0.3700 0.5900 -0.0067 1.4533 0.0689 4.44 -1.66 -8.57 176 269 272 301 220 
9.86 -0.97 -9.31 -3.8200 -0.8600 -7.3100 -0.5900 11.5133 -0.2378 8.41 -1.69 4.74 177 311 318 342 210 
;
