1.25 3.95 8.79 -0.0200 -0.0500 -0.0700 0.0122 0.0211 -0.0067 1.30 4.01 8.85 174 325 363 384 213 
1.55 4.52 10.03 0.3600 -0.4100 2.0700 4.9489 -0.8378 0.8289 1.89 6.51 7.08 179 340 360 401 213 
7.45 10.62 7.52 7.0900 2.2400 0.4200 -0.9600 -1.9167 6.0967 7.03 5.28 4.32 174 263 168 205 212 
7.39 0.12 2.66 -0.2000 -0.5600 -3.9300 0.9422 -1.7822 4.0522 7.74 -0.71 5.97 172 275 149 175 171 
4.10 0.26 2.30 -3.7400 1.1800 -3.8400 2.2322 -0.9122 0.8689 7.79 -0.78 5.89 166 313 155 183 174 
4.65 3.14 5.78 -3.3600 2.7700 0.0900 0.0911 0.0911 -0.3700 7.92 0.33 5.77 165 327 159 185 175 
7.19 3.32 5.76 -0.5900 2.2200 -0.1600 -1.6167 -0.6956 -1.0722 8.16 0.29 5.43 167 327 168 188 176 
8.06 0.01 3.30 3.4400 1.8200 -1.7200 -2.6900 0.6856 -0.7733 7.70 -0.51 6.04 166 330 168 189 177 
6.98 -1.88 4.28 -0.5800 -0.7500 -2.4000 -1.5400 0.7844 0.3889 6.89 -2.54 6.49 166 347 170 190 177 
5.07 -7.00 7.69 -1.4700 -3.3000 1.1700 -0.3167 0.1411 -0.0533 6.39 -3.54 6.53 163 349 170 191 177 
4.73 -3.79 4.98 -1.6500 0.5500 -1.4600 -0.5300 0.1211 2.2011 5.92 -4.71 6.23 169 330 170 199 183 
0.60 -5.30 1.88 -1.7200 1.1900 -2.2600 0.1022 -4.2100 1.0389 6.32 -6.11 4.33 159 321 172 198 182 
8.59 -10.56 -0.48 4.3400 -3.0500 -1.7900 -0.3667 -4.4378 1.0289 6.08 -7.62 -1.02 163 349 173 198 180 
9.70 -7.71 -2.79 3.1900 0.4100 -0.3000 1.4256 -0.2667 0.0944 5.22 -8.18 -1.37 168 374 171 196 180 
5.45 -7.22 0.33 -0.3800 1.3500 1.1200 2.0389 0.2289 -0.2378 5.19 -8.27 0.85 163 351 176 197 180 
4.38 -7.47 1.36 -0.2000 0.5900 1.0300 -1.6867 -0.6656 0.0700 5.18 -8.29 -0.68 167 373 174 197 180 
5.97 -7.94 -2.38 0.2500 0.1900 -1.1400 0.2167 -0.2544 -0.0478 5.26 -8.18 -1.20 169 371 176 198 181 
5.52 -7.39 -1.06 -1.2400 1.3600 -0.1500 1.9278 0.4822 -0.9711 6.01 -7.68 0.98 164 343 174 201 182 
7.42 -8.70 2.57 2.7700 -2.0600 2.7300 -1.0122 -0.1378 -1.9400 7.25 -6.60 -0.03 163 302 177 201 183 
11.24 -5.34 0.05 1.7900 -0.7800 -2.0500 1.3078 2.2556 -2.6600 8.82 -2.58 3.40 162 326 178 201 183 
5.78 0.82 1.94 -2.0100 1.4600 -3.2600 0.7922 0.9411 -0.9278 7.93 0.56 5.73 167 315 181 202 186 
4.08 2.74 6.65 -2.8300 1.8200 -0.1600 -1.0156 0.1867 -0.4567 7.01 0.67 6.81 166 308 175 202 184 
6.41 1.92 6.48 -0.4400 1.1200 -0.6800 -1.6189 0.0611 -1.1478 6.71 0.11 7.14 166 306 178 200 184 
6.35 -1.45 5.79 -1.3200 -1.1900 -1.6600 -2.5311 1.0544 -0.8611 5.40 -1.90 7.95 164 332 178 200 184 
2.31 -3.79 5.87 -0.5800 -0.2500 -2.1500 -1.2778 0.8967 0.2756 3.10 -4.54 8.11 159 333 181 204 184 
1.78 -7.46 9.61 0.0800 -1.7000 1.5800 0.2022 -0.4522 0.2978 2.86 -4.84 8.03 162 330 181 204 183 
2.13 -4.30 7.70 -0.8500 0.5300 -0.4300 -0.2667 0.2256 -0.0900 2.68 -4.96 8.01 161 334 180 203 183 
;
