0.96 5.35 8.10 -0.5000 -0.0800 -0.1200 0.1878 0.1533 -0.0567 1.36 5.61 7.92 174 313 345 356 210 
0.97 5.45 8.04 -0.0400 -0.0200 0.3300 0.4544 0.0156 -0.0556 1.31 5.90 7.71 183 339 350 375 211 
0.04 12.26 10.24 -1.7000 3.6900 4.3100 -1.0667 -2.5344 3.9000 4.59 6.47 5.75 183 334 257 268 213 
6.49 2.07 4.89 -0.0600 -1.1700 -1.0300 0.7700 -0.4422 4.1789 8.00 1.44 5.48 174 307 161 173 187 
5.57 -0.21 2.08 -3.4100 0.0400 -3.7900 0.6633 1.0156 0.8011 7.57 0.77 6.18 170 299 154 171 170 
4.63 4.15 4.37 -2.7200 2.7600 -1.5200 1.3478 0.0611 0.5956 7.54 1.71 6.02 170 340 161 173 171 
5.13 4.44 6.36 -1.6500 2.4600 0.0900 -0.8333 -0.2711 -0.5322 7.45 1.80 6.11 169 348 168 175 170 
7.70 4.78 4.91 0.4700 2.6300 -1.5400 -2.2922 -0.0944 -1.7722 7.19 1.69 6.44 164 339 166 177 173 
9.66 1.29 3.56 1.7200 0.1100 -3.2400 -3.1367 0.2656 -0.4511 7.01 0.13 6.85 160 341 168 178 171 
6.20 -5.86 7.71 -0.7800 -4.8100 1.7300 -1.1533 0.1611 -0.2833 6.81 -1.54 6.87 156 342 171 179 170 
4.85 -2.57 7.06 -2.2700 -0.8600 -0.0700 -0.1411 -0.2378 0.6611 6.82 -1.99 6.75 162 320 166 181 181 
3.35 -2.52 2.99 -3.8000 1.2700 -3.4200 0.4778 -3.5344 2.6767 7.35 -4.56 4.60 170 263 258 311 213 
5.77 -4.91 -3.79 -0.9000 1.5400 -3.4400 0.0056 -8.8589 1.3356 6.61 -6.27 -3.61 180 251 322 382 217 
8.29 -3.04 -14.25 3.6900 -0.2800 -5.6800 -2.9278 -3.3900 1.2378 -0.24 -3.36 -9.20 185 253 319 370 219 
-0.59 -5.08 -11.35 0.6800 -1.6600 -0.7100 0.4011 0.5267 -0.1411 -0.94 -3.06 -9.26 186 260 321 369 219 
-0.32 -2.65 -7.78 1.1600 0.8400 0.9600 -0.1389 0.2078 -0.2578 -0.50 -3.33 -9.20 183 249 307 319 214 
11.75 -7.43 -15.78 5.5800 -5.2800 -6.4900 2.9589 8.1333 -2.9556 7.82 -2.94 -5.11 165 175 199 220 186 
8.79 -2.34 -0.38 -0.2100 -0.9900 -1.9400 1.3544 6.3867 -2.2756 8.67 -0.09 4.57 154 180 175 192 141 
4.99 1.70 3.27 -0.9700 0.0300 -5.2700 0.7278 3.9400 -0.6878 3.55 2.25 8.85 137 195 181 194 143 
-1.53 4.63 6.55 -3.2300 1.6500 -2.7200 0.1756 0.8744 0.5267 0.96 2.75 9.36 137 199 181 196 145 
-0.92 4.76 9.20 -1.4400 2.2800 0.0100 0.1211 -0.3400 -1.0922 0.84 2.99 9.29 141 202 187 199 148 
-0.31 4.87 8.29 0.4200 1.4600 -1.2200 0.0233 -0.8811 -1.5744 0.56 3.05 9.30 138 200 187 200 148 
0.47 2.97 8.58 0.7200 0.3400 -0.5400 -0.8678 -0.1456 -1.0378 0.04 2.13 9.57 143 197 186 202 147 
0.00 -1.02 9.60 -0.1200 -1.9800 -0.0400 -0.5000 -0.0822 -0.2100 0.18 0.71 9.77 144 207 189 204 148 
-0.10 -0.23 11.22 -0.1800 -0.5400 1.3000 -0.2300 0.0944 -0.1689 0.19 0.54 9.78 144 210 190 204 149 
-1.15 -0.77 8.45 -2.0700 -0.9400 -1.4000 -0.5767 -0.8067 0.6078 0.81 0.00 9.77 140 200 185 203 153 
0.96 -0.42 5.36 -0.3300 2.0400 -4.9200 -3.1778 0.6300 0.8956 1.13 -4.51 8.63 162 234 191 201 160 
;
