2.56 3.92 8.41 0.1500 -0.0400 0.0400 0.3244 0.1378 -0.0589 2.47 4.27 8.47 175 329 353 371 216 
2.77 4.71 8.37 1.0900 0.1600 1.9400 3.6444 -0.0956 -0.2056 2.38 7.00 6.43 186 355 355 392 212 
10.16 10.97 4.22 5.0100 1.9900 -1.8400 2.9233 -2.7944 5.7222 7.79 5.87 0.97 170 357 294 344 218 
8.65 2.68 0.01 -2.0100 -0.2100 -2.2400 0.5211 2.0722 2.5356 9.36 0.76 2.80 113 300 178 206 202 
5.03 0.86 1.43 -2.9500 2.4000 -2.5100 0.7911 0.3122 1.2178 8.40 -0.34 5.04 91 338 171 185 167 
4.83 1.94 4.17 -2.4500 2.3400 -0.2000 0.4978 0.8944 -0.6078 8.03 0.33 5.61 93 343 178 191 171 
7.14 2.63 6.02 -0.3000 2.4300 0.1900 -1.0544 0.2278 -0.8233 7.63 0.58 6.12 96 339 179 195 171 
6.90 0.72 4.40 1.1300 1.1900 -1.2100 -1.7211 0.2822 -1.3211 7.19 0.09 6.65 99 340 180 198 173 
1.05 7.00 7.44 -3.4400 -4.8800 -6.4200 -1.6100 1.0656 -1.2033 5.98 -1.19 7.67 100 335 183 200 174 
5.95 -4.22 6.85 0.4400 -1.5700 -0.1500 -0.9967 0.6911 -0.2289 5.13 -2.61 7.93 101 337 183 201 173 
5.26 -3.74 8.59 0.2700 -0.4000 0.4400 -0.0044 -0.0744 0.1367 5.12 -2.88 7.84 102 338 183 203 174 
3.80 -2.91 7.15 -1.9900 0.0900 -0.9100 -0.2367 -0.2911 0.4878 5.18 -3.38 7.60 106 305 190 207 185 
5.80 -2.71 6.83 -1.4200 1.1000 0.9300 0.1378 -2.2156 1.9989 5.90 -4.66 6.28 158 315 258 257 208 
6.23 -7.14 4.37 -0.8800 -1.3000 -0.1900 -1.1544 -5.6422 2.2467 6.21 -7.41 1.58 167 285 166 185 169 
6.66 -8.49 -3.87 3.7000 1.1100 -1.4000 -0.0356 -3.0844 1.7800 2.57 -9.16 -2.36 166 298 165 179 157 
4.13 -14.20 -5.56 2.7900 -4.8500 -3.1300 1.5500 0.2067 -0.3000 2.21 -9.48 -1.18 164 297 172 179 156 
3.63 -11.80 -2.34 0.4700 -1.9100 -3.8000 3.3900 1.8122 -1.5089 3.60 -8.43 3.45 163 306 171 180 158 
0.18 -4.89 0.35 -3.5100 2.0300 -6.6700 4.1600 1.9178 -0.9589 2.98 -4.14 8.37 162 312 175 178 160 
-0.50 5.28 9.73 -3.6700 5.5800 0.8400 2.1756 0.6356 -0.7344 1.34 0.81 9.68 159 315 178 182 161 
0.80 2.71 10.66 0.1300 1.4900 1.0600 -0.6044 -0.2622 -0.1433 1.29 0.75 9.69 157 316 178 182 161 
1.27 1.49 9.36 0.0000 1.7100 -0.3500 -1.3533 -0.1833 0.0044 1.77 -0.77 9.61 156 315 180 182 161 
-0.76 -0.12 8.10 -2.1700 2.6700 -1.1800 -3.4911 -0.6567 -0.2300 2.59 -4.38 8.38 165 285 173 185 169 
-0.06 -2.67 1.32 -3.1100 2.4500 -5.7600 -3.1111 -2.2411 -1.2389 5.14 -7.52 3.61 170 242 249 300 213 
4.10 -7.58 -3.81 -3.9400 0.7600 -6.1600 -3.6711 -5.7789 -0.0156 5.86 -6.88 -3.78 180 245 287 360 216 
7.54 -4.20 -12.15 4.7500 -2.4700 -7.4500 -3.4100 -2.2067 0.5744 1.68 -2.40 -9.35 185 254 287 360 218 
2.93 -2.36 -10.13 0.9700 -0.3600 0.0100 0.1956 -0.0900 -0.0033 1.74 -1.87 -9.46 185 260 284 349 219 
;
