1.77 1.03 9.50 0.1200 -0.0800 -0.0500 0.0022 -0.0022 -0.0067 1.65 1.14 9.59 168 369 347 354 215 
1.78 1.02 9.54 0.0900 -0.1000 -0.0500 0.0222 0.0467 0.0078 1.61 1.15 9.60 168 372 347 356 215 
1.69 1.07 9.55 0.1500 -0.1300 -0.0300 0.0311 0.1744 0.0167 1.45 1.18 9.62 164 370 344 353 215 
3.05 2.25 14.12 0.5900 0.3600 4.9700 1.4622 -3.3244 1.1678 4.03 2.24 8.64 168 334 265 308 216 
10.48 0.63 6.11 2.4400 -0.9800 -2.4000 1.8578 -2.9611 3.3856 8.00 0.25 5.65 168 316 172 200 216 
6.30 0.26 3.19 -1.9000 -0.0500 -1.5800 1.9756 -0.8433 0.6667 9.04 -0.28 3.77 166 307 161 177 197 
6.13 2.27 3.62 -2.7300 1.7200 -0.4200 1.3622 -0.0200 -0.6456 9.06 1.18 3.54 147 325 162 179 194 
7.73 3.80 4.64 -0.9000 2.1100 1.1300 -0.8656 -0.0756 -0.4189 8.97 1.78 3.53 140 327 163 184 196 
9.68 3.01 2.68 0.6000 1.3200 -1.1800 -2.7467 0.3644 -0.5756 8.81 1.19 4.13 134 326 170 181 196 
9.24 0.10 2.30 0.2900 0.0000 -2.0500 -2.0833 0.2556 -0.2678 8.73 -0.05 4.46 118 327 172 178 194 
8.52 -2.27 4.90 -0.0100 -2.0700 0.5000 -0.3756 -0.1622 0.2322 8.71 -0.34 4.49 124 320 175 183 193 
8.11 -2.25 4.34 -1.1200 -1.0200 -0.2300 0.0778 -0.5011 0.1689 8.85 -0.82 4.12 116 318 180 184 193 
8.79 -0.29 3.70 0.0800 0.7600 0.2900 -0.1456 0.5411 1.3078 8.83 -1.59 3.94 146 306 172 197 204 
5.55 -3.84 4.12 -0.4600 -0.9400 -2.3100 1.9656 3.6511 -0.1122 5.20 -1.69 8.13 164 352 271 276 212 
3.63 -0.25 8.36 0.0200 0.6200 -0.2400 2.0589 -0.2311 -0.4689 4.08 1.30 8.82 167 363 206 205 212 
4.72 4.37 9.42 0.2600 1.5900 0.2800 0.6567 -1.2400 -0.1400 4.55 2.69 8.25 154 340 170 180 200 
11.14 6.75 9.74 5.6000 2.6900 3.8900 1.4889 -0.7522 1.5333 5.91 3.84 6.81 3 342 171 184 201 
4.54 2.86 9.62 -3.4300 0.3100 1.9300 -1.7167 -0.1578 2.1233 7.19 0.64 6.63 143 345 176 189 201 
0.87 0.34 2.71 -6.8400 0.8900 -3.6200 -0.8211 -1.6811 -1.6111 8.17 -0.06 5.41 137 345 179 192 203 
9.41 4.27 -1.02 1.4800 2.0300 -4.9600 1.0833 -1.4978 -2.2633 8.65 3.26 3.24 130 344 179 196 203 
11.38 4.76 2.22 2.6600 -0.3100 0.6900 1.6922 -0.3078 -0.8033 8.06 5.43 1.28 130 343 183 196 202 
12.45 6.82 3.80 2.3500 1.4500 2.3300 0.3756 0.0433 2.2278 8.87 4.09 0.77 133 338 185 196 202 
4.67 2.33 0.96 -4.9500 0.1900 0.5500 -0.2156 -0.5833 0.7433 9.67 1.62 0.09 138 336 184 196 205 
10.39 3.25 3.07 1.8400 1.7200 1.9200 -3.0000 3.3778 -0.2744 9.31 1.59 2.63 153 325 247 269 210 
;
5.40 -0.76 4.61 0.0300 -1.6100 -3.4800 -1.1478 6.2300 -1.3956 2.30 0.66 9.50 170 352 314 348 207 
-1.41 1.90 8.87 3.0600 0.5200 0.7500 2.5167 0.6078 0.0556 -1.24 2.32 9.44 167 381 321 368 211 
-0.91 1.85 9.32 0.6800 -0.1100 -0.1500 -0.1411 0.1978 -0.0167 -1.46 1.92 9.50 163 384 330 366 211 
-1.96 2.03 10.90 -1.2600 -0.2500 2.6100 2.0611 -3.1711 1.0789 0.23 3.28 9.23 171 356 330 374 214 
6.83 2.75 8.92 2.5400 -0.4400 0.8100 0.7356 -3.8689 3.4556 5.77 2.93 7.35 172 348 293 317 215 
6.96 0.78 4.28 -0.4600 -0.4200 -2.1000 1.0322 -0.9633 2.1844 7.66 0.84 6.05 172 338 184 198 216 
5.47 1.80 3.58 -2.8100 1.5100 -1.5200 1.3778 -0.1911 0.5522 8.26 0.55 5.25 157 324 174 190 202 
6.30 2.95 5.32 -1.9400 2.2600 0.3900 -0.2522 0.1100 -0.3389 8.31 0.82 5.13 153 329 179 196 201 
8.51 2.90 4.59 1.2400 1.8300 -0.4500 -2.1889 0.8044 -1.4289 7.85 0.82 5.81 148 324 176 195 201 
8.54 0.72 5.65 0.6800 -0.3600 -1.0300 -1.9667 0.8311 -0.9211 7.18 0.30 6.67 145 334 185 198 204 
7.06 -1.89 4.43 0.4200 -1.8900 -1.6600 -0.3067 -0.1300 -0.0878 7.27 -0.28 6.57 142 331 189 202 202 
7.80 -2.45 7.03 0.4600 -2.0100 0.5000 0.4111 -0.0044 0.3478 7.35 -0.39 6.47 142 334 192 203 202 
6.72 -0.34 6.14 -0.7700 0.0400 -0.2700 0.2133 -0.1811 0.2711 7.47 -0.49 6.33 155 313 190 207 206 
5.45 -1.29 4.14 -0.7100 -0.8200 -2.4300 1.0700 1.6911 -0.5144 6.34 0.40 7.46 156 341 242 266 214 
3.11 -0.04 8.04 -3.1600 -1.5700 -1.1700 0.2200 -0.0256 -0.3989 4.52 1.39 8.58 160 348 190 206 213 
5.48 3.20 6.98 0.5200 0.7700 -2.6200 1.1356 -1.4222 -0.4589 5.47 2.77 7.64 155 345 180 198 203 
11.53 5.72 10.12 5.9500 2.0400 3.9900 1.1144 -0.3033 1.3400 6.37 3.91 6.34 150 344 185 202 204 
5.92 3.09 9.79 -2.8400 0.4900 2.5800 -1.3889 0.1133 2.2622 7.30 1.04 6.45 142 348 192 207 204 
1.00 0.50 3.07 -6.6900 1.1600 -3.2500 -1.0333 -1.6789 -1.0133 8.18 -0.42 5.38 144 350 193 208 203 
8.48 3.13 -0.65 1.6000 2.0600 -5.0400 0.7833 -1.0200 -2.2089 8.45 2.52 4.27 140 344 190 209 204 
12.64 3.94 3.91 4.5800 -0.4300 1.3400 1.6544 -0.4567 -0.2789 8.19 4.68 2.65 138 344 188 210 203 
10.53 5.20 5.39 0.7800 0.9300 2.4500 0.0744 0.0489 1.7833 8.87 3.46 2.32 140 346 192 209 204 
6.02 2.41 1.60 -3.2400 0.1200 -0.7300 -0.1889 0.0889 0.3289 9.33 1.94 2.27 139 343 196 208 204 
9.35 2.86 3.87 0.2800 0.9300 1.4900 -1.7633 1.9522 -0.3689 8.84 1.95 3.75 160 320 219 238 212 
7.69 0.97 6.24 1.1500 -0.4300 -1.8200 -1.8700 6.7111 -1.5567 3.14 0.55 9.27 166 337 306 328 207 
-0.89 0.48 8.52 0.7400 -0.3300 -1.3200 2.1189 0.1578 -0.8756 -1.07 1.98 9.54 170 380 324 379 213 
;
