2.93 -0.10 9.25 -0.0400 -0.1100 0.0000 0.0033 0.0233 0.0078 3.03 0.01 9.32 169 317 342 360 215 
2.07 -0.65 10.59 -1.3800 -1.2800 1.1400 2.2511 -0.8433 0.3511 3.32 1.57 9.08 171 328 340 375 215 
8.91 4.19 7.94 4.1500 1.0300 0.6700 1.3356 -2.4378 3.7322 6.87 2.12 6.66 170 351 298 314 217 
8.04 -0.60 2.78 -0.2800 -0.3000 -2.2400 2.7067 -1.2678 2.5522 8.45 -0.05 4.96 168 332 189 199 217 
4.97 0.65 3.67 -3.6100 0.3500 -1.7100 0.5756 0.5044 0.2511 7.85 0.19 5.86 167 299 153 164 200 
5.80 2.17 4.36 -1.3300 2.4000 -1.0500 0.8689 -0.8078 -0.1289 8.37 0.79 5.04 157 307 162 168 197 
8.32 3.29 6.66 0.0600 1.9000 1.5500 -0.4789 0.0544 -0.3278 8.43 1.33 4.82 148 317 168 171 198 
8.15 3.02 4.96 0.0100 1.9400 -0.1300 -1.2256 0.1789 -0.3911 8.30 0.94 5.12 148 325 168 171 198 
8.39 1.09 4.51 0.1900 0.3700 -0.9000 -1.6389 0.3889 -0.4211 7.99 0.21 5.67 152 338 171 172 199 
7.30 -0.25 4.60 -0.0500 0.1200 -1.8400 -2.1300 0.3822 -0.2033 7.52 -0.97 6.21 144 342 172 172 199 
7.23 -4.76 6.35 0.5800 -2.3900 1.8200 -0.8011 -0.1189 -0.1878 7.58 -2.12 5.83 146 331 171 176 199 
7.41 -3.22 5.95 -0.7000 -0.5300 0.1800 -0.0356 -0.0611 0.0322 7.68 -2.32 5.62 154 313 173 187 207 
6.57 -2.42 7.57 0.5300 -0.9500 0.7100 1.2200 2.8189 1.2033 5.23 -1.68 8.12 145 238 214 242 218 
6.54 -2.57 9.20 1.0300 -1.1700 0.2500 1.4267 -0.3522 0.5889 4.85 -0.14 8.52 149 209 192 214 215 
5.67 0.71 6.10 0.3100 -0.2900 -1.9200 2.5133 0.3556 -0.0144 4.76 2.47 8.20 147 217 180 198 206 
3.92 5.99 6.02 -2.1200 1.1400 -1.7300 2.0822 0.7600 -0.6944 3.66 5.38 7.32 140 215 186 199 207 
1.78 7.81 6.63 -1.6500 1.2800 0.0000 0.2700 -0.0356 -0.4111 2.99 6.40 6.79 141 211 188 201 208 
2.08 7.28 6.54 -0.5000 1.1500 -0.3800 -0.4744 -0.7667 -0.5856 2.92 6.32 6.89 142 216 187 203 206 
3.39 6.74 6.29 0.8300 0.6200 -0.5200 -0.7022 -0.9233 -1.0389 2.89 6.06 7.14 141 215 191 203 206 
3.33 5.87 6.30 0.7500 -0.3500 -0.9500 -0.9267 -0.4756 -0.9244 2.40 5.44 7.79 141 218 189 204 206 
3.01 3.02 9.45 0.1100 -2.1800 1.9400 0.1633 -0.2644 -0.0689 2.69 5.47 7.67 143 220 191 204 205 
2.42 4.87 8.40 -0.2100 -0.6400 0.6000 -0.0444 0.0633 0.2256 2.69 5.46 7.68 144 219 195 205 205 
3.00 4.30 8.12 0.2300 -0.7900 0.4400 -1.0756 0.1756 1.2800 3.30 4.43 8.09 155 225 191 213 212 
0.79 1.06 5.36 -2.9500 -0.5700 -4.3000 -3.0056 0.6444 0.9433 3.64 -0.15 9.10 163 268 214 243 217 
1.82 -1.78 7.04 -0.9400 0.1900 -1.0100 -0.2622 0.4844 -2.3222 2.16 -1.71 9.41 165 308 298 313 212 
1.02 1.39 11.07 0.4300 0.6800 0.8600 3.6944 -1.8256 -1.8322 2.52 1.84 9.29 172 351 331 360 210 
;
