-0.10 3.23 8.52 -1.7100 -0.4800 -0.4700 2.7467 1.3933 -2.2900 0.28 5.37 8.20 149 368 346 380 209 
0.78 5.11 6.35 0.9900 -0.5200 -1.8900 0.1978 0.4433 -0.2333 0.41 5.66 7.99 163 372 347 388 212 
0.63 5.70 7.46 0.3500 -0.0600 -0.3000 0.1578 0.2222 -0.0089 0.12 5.80 7.90 162 371 355 392 212 
-0.03 6.25 7.31 -0.1000 0.2400 -0.5200 0.1178 0.1067 -0.0600 0.00 5.93 7.81 159 371 356 388 211 
1.07 5.97 7.84 0.9800 -0.0100 -0.1000 0.0489 0.0011 0.0467 0.18 5.98 7.76 165 371 357 389 213 
-0.66 6.29 9.53 -0.9800 0.3200 2.4900 1.7378 -3.0144 1.1333 2.39 6.89 6.54 151 304 337 394 216 
7.83 6.72 6.38 1.4900 1.6800 0.2000 -1.4311 -1.8211 2.9200 6.91 4.03 5.66 130 292 278 302 216 
8.00 1.31 5.55 1.5700 -1.6900 -0.3200 0.3378 -0.3667 2.4067 7.84 1.22 5.75 105 302 181 205 186 
12.02 0.74 4.25 3.1100 0.5900 -2.1600 2.6156 -0.1000 3.0678 8.09 -0.83 5.46 103 338 186 204 178 
7.44 0.45 3.38 -0.8000 1.5900 -3.0000 2.2778 0.9678 1.6444 7.12 -0.96 6.66 104 352 189 205 179 
2.98 3.10 5.51 -3.8100 3.3000 -1.9700 1.2033 0.8722 0.2622 5.90 0.06 7.83 104 352 193 208 181 
3.79 3.42 9.03 -0.7500 3.1200 0.8500 -1.6956 0.6544 -1.7756 5.05 0.22 8.39 106 354 192 212 185 
4.74 0.09 7.18 1.8700 1.1300 -1.3200 -1.8667 0.8600 -1.5089 3.73 -1.66 8.91 106 364 197 216 188 
6.66 -3.25 3.87 3.5400 0.1300 -4.6200 -3.0611 2.9322 -1.4111 2.13 -4.78 8.28 105 373 194 221 190 
0.31 -11.63 7.89 -1.1600 -5.6000 0.8000 0.5900 -0.0200 0.3233 1.42 -5.53 7.96 104 380 201 220 188 
-0.96 -4.93 4.78 -2.2200 1.2600 -3.0800 -1.8133 -2.5322 2.1289 1.88 -7.01 6.59 114 365 205 222 192 
3.07 -7.64 -1.40 2.0000 -0.5100 -5.9100 0.1033 -8.2733 0.5978 5.04 -7.95 2.71 116 371 207 223 191 
9.47 -9.55 -4.11 8.2100 -0.8700 -2.8400 0.1422 -3.4289 -0.4767 5.64 -7.73 -2.11 118 383 208 222 192 
7.78 -7.00 -2.88 1.3300 0.8200 -0.9800 1.7500 -0.0578 -0.5100 6.10 -7.57 -1.18 118 370 206 221 190 
6.27 -4.13 2.69 -2.8700 4.1900 8.3300 -0.1656 -0.1244 0.1156 6.31 -7.48 0.60 118 360 210 221 192 
6.44 -7.92 -2.38 -0.0700 -0.5900 -1.9200 -1.0600 -0.4322 0.3856 5.70 -7.80 -1.66 119 383 211 222 193 
6.00 -7.83 -2.91 -0.3400 0.0000 -1.4200 0.8189 0.5122 -0.2711 5.79 -7.82 -1.16 119 379 211 223 192 
2.49 -2.92 4.56 0.9300 4.2600 9.7000 -0.9011 0.5667 -0.3089 6.60 -7.12 1.32 121 321 217 226 197 
11.58 -4.85 -1.09 4.8900 2.4100 -4.1100 -5.4978 11.4789 0.2400 4.00 -8.30 3.34 153 255 285 321 211 
2.14 -9.70 -3.39 1.1000 1.1900 -3.2500 -4.3600 4.3889 2.8022 -1.09 -9.48 -2.24 134 276 310 341 213 
-1.71 -6.22 -8.87 0.0300 2.3600 -3.1900 -0.8144 0.1322 0.5100 -2.12 -7.77 -5.59 127 286 315 334 214 
-2.00 -5.74 -8.09 -1.6700 2.8400 -4.3200 4.7056 0.2089 -0.9822 -1.34 -9.59 -1.50 130 276 309 324 214 
6.36 -6.88 13.90 6.4000 1.3300 9.6700 -1.7256 -0.1022 0.2544 -0.25 -9.75 1.01 133 280 306 317 214 
-1.28 -7.46 -4.04 -1.3300 1.8600 -2.9500 -3.2067 -0.2222 1.1156 -1.77 -8.79 -3.96 132 284 308 320 211 
-4.11 -6.41 -8.99 -1.4700 2.4400 -3.6600 3.0300 0.5867 -1.0767 -1.03 -9.45 -2.37 132 283 308 320 214 
4.29 -8.85 8.46 5.3500 0.0300 5.9800 -0.8378 -0.7189 -0.2100 0.29 -9.79 -0.30 134 285 309 319 213 
-1.34 -9.12 -4.36 -1.7500 0.8200 -3.5000 1.7956 -1.9167 -0.6644 0.61 -9.78 0.30 138 284 306 321 213 
;
