3.98 2.82 8.48 0.0500 -0.1300 -0.0300 0.0111 0.0233 0.0144 3.87 2.93 8.51 174 338 349 375 214 
3.89 2.72 8.55 0.0800 -0.2400 0.0500 0.2267 0.0889 0.0000 3.84 3.00 8.50 174 340 351 373 214 
7.77 6.65 12.54 3.8200 5.0100 7.5500 2.8778 -4.2167 2.1522 7.06 4.83 4.77 182 350 329 373 221 
13.53 1.59 1.27 3.8900 -0.4400 -2.3200 2.2078 0.0989 4.3322 9.37 -0.21 2.88 176 346 166 180 193 
5.70 -1.58 -0.44 -3.5900 2.5600 -3.1700 2.2189 0.3000 1.6011 8.49 -3.07 3.82 173 319 161 178 181 
6.86 0.93 3.33 -1.1800 3.7000 -0.7500 1.0556 0.1189 -0.0589 8.30 -2.33 4.66 170 314 166 180 184 
10.07 0.97 5.23 1.8000 3.0500 -0.2100 -1.5911 1.5489 -1.6222 7.92 -1.85 5.46 168 321 169 183 186 
10.56 -1.03 3.07 3.1200 0.3700 -3.3500 -3.1933 3.8111 -3.6044 6.05 -1.58 7.54 171 337 171 188 189 
2.53 -6.48 5.01 -1.1500 -4.1100 -3.0700 -0.7744 2.5144 -1.2256 2.40 -2.82 9.07 171 344 171 190 189 
-1.46 -4.82 9.73 -2.5500 -0.9900 0.5400 -0.5489 0.0411 -0.3244 1.46 -3.38 9.08 173 337 176 194 192 
1.73 -0.91 10.81 0.2700 2.5800 2.0600 -4.1378 0.5322 2.0256 0.30 -7.11 6.74 179 336 302 327 210 
0.13 -8.22 3.06 -0.4100 0.7600 -1.0000 -3.4656 2.4033 0.1867 -1.09 -9.42 2.49 184 394 355 402 214 
-0.57 -11.82 -3.80 1.1100 -2.6900 -3.6000 -1.0111 -0.5778 -0.6300 -0.37 -9.79 -0.42 189 402 359 409 214 
1.37 -12.14 -2.21 1.7600 -2.2300 -3.5000 3.4711 -0.2178 0.0878 -0.05 -9.31 3.06 191 408 358 406 215 
-0.12 -4.24 0.48 2.3800 4.5600 -5.5900 5.0044 -1.2189 0.0522 0.65 -5.24 8.26 193 407 360 405 216 
4.51 5.97 3.57 -0.6100 5.0700 -6.0900 5.0511 -1.1478 -0.8567 3.10 2.43 8.97 194 405 367 402 214 
6.33 13.64 11.60 2.4800 7.5400 4.9000 2.1733 -0.0189 -0.4289 3.11 6.89 6.23 195 404 366 400 215 
2.10 10.65 9.98 0.0400 3.4200 3.8000 -3.2389 -0.7822 -0.3900 2.84 5.82 7.35 187 262 220 242 208 
1.51 0.10 4.19 4.1800 -1.9100 -5.0300 -1.7478 6.5144 -0.5678 -3.18 2.08 9.03 188 155 160 180 186 
-4.49 0.90 3.34 2.8400 -1.5400 -2.8700 0.2867 1.4300 1.1922 -7.78 2.45 5.43 195 157 163 181 188 
-12.12 6.81 4.75 -4.0300 2.7900 0.7700 0.4700 -0.7233 0.0322 -7.48 3.94 4.96 197 161 165 185 189 
-7.56 4.46 6.65 -0.3600 0.4900 1.1300 -0.1922 0.0222 -0.0022 -7.42 3.69 5.23 196 163 168 187 189 
;
