4.25 2.29 8.56 -0.0600 -0.0300 0.1100 0.4389 0.2644 0.0078 4.21 2.55 8.47 180 337 342 355 207 
6.61 10.94 14.52 2.0900 6.5700 7.9600 2.6022 -2.8422 2.3811 7.33 4.90 4.26 182 339 313 327 214 
11.46 1.68 2.21 -0.2800 -0.2300 -1.7600 -0.0522 1.7489 2.7000 8.83 0.34 4.24 110 335 189 209 207 
5.14 -0.68 2.02 -1.9500 1.1600 -3.1300 1.9333 0.9189 1.0233 8.05 -0.49 5.56 100 359 177 193 189 
4.64 3.50 5.26 -2.4100 2.9500 -0.5200 1.3789 1.0367 -0.9244 7.12 1.63 6.53 102 362 179 195 185 
5.90 4.74 6.31 -0.5300 2.5100 -0.7000 -1.0411 0.4056 -1.3711 6.19 2.27 7.25 102 359 182 198 190 
6.42 3.99 6.78 1.0000 2.1800 -1.0800 -1.7344 0.3322 -1.8133 5.09 1.60 8.22 102 360 184 203 192 
6.70 1.41 6.92 1.9200 0.3000 -1.7200 -2.0589 1.4344 -1.8856 4.07 0.28 8.91 104 384 190 206 191 
3.22 -2.50 8.32 -0.2200 -1.9600 -0.9600 -0.9644 0.7933 -0.7356 2.42 -1.18 9.42 106 391 191 208 188 
2.09 -1.96 10.52 -0.1800 -0.6300 1.1100 0.0767 -0.0478 -0.1589 2.42 -0.94 9.45 106 391 192 209 189 
2.07 -2.78 8.46 -0.5200 -1.9700 -0.9600 -0.4367 0.2344 0.3344 2.33 -1.33 9.42 128 302 238 261 210 
2.55 -4.10 7.81 1.9100 -2.3000 -2.8600 0.4500 3.0133 0.9211 -0.94 -1.70 9.61 172 191 200 219 204 
-2.63 3.26 5.72 1.9200 2.7900 -2.8000 -1.1689 5.5822 3.3056 -7.92 -0.10 5.77 184 166 176 192 183 
-12.72 3.06 5.88 -1.5200 1.4500 0.2400 0.4278 -0.6356 0.3411 -8.03 2.53 5.01 188 161 178 191 179 
-11.20 5.55 6.37 -3.8500 2.2300 0.8100 0.2533 -0.7356 0.3444 -7.37 3.18 5.63 189 164 182 193 181 
-10.68 4.62 6.19 -3.1100 2.4500 -0.1200 -0.0444 -5.0500 0.6544 -4.94 3.01 7.91 189 194 207 208 190 
3.63 5.15 9.23 1.8000 3.8100 -0.4600 -6.3744 -1.4511 -0.1544 0.95 -2.96 9.29 188 310 306 318 205 
1.60 -4.99 2.75 0.3400 2.4900 -3.4300 -4.3056 1.1144 0.0811 1.10 -8.71 4.36 188 365 341 377 207 
-1.51 -8.27 -0.51 -1.4300 -0.1300 -4.5500 -1.6589 1.2222 -0.8511 0.72 -9.77 0.36 188 397 353 393 211 
3.04 -11.56 -0.74 2.0200 -2.1400 -0.8700 0.9000 -0.7056 -0.1033 1.39 -9.69 0.53 189 404 355 401 211 
3.27 -9.17 -3.03 1.5200 0.6400 -5.7000 5.5567 -0.5111 0.3311 1.18 -7.62 6.04 194 406 361 402 214 
2.44 7.61 -0.64 -0.9000 8.4800 -9.9300 9.1100 0.6700 -1.0100 1.45 3.50 9.04 194 404 364 404 212 
-3.46 15.51 13.85 -3.3700 6.5400 6.3400 -0.5133 -1.6322 0.2378 0.21 7.58 6.21 195 405 362 401 211 
;
