2.28 0.02 9.42 0.1300 -0.1300 -0.1300 0.0178 0.0422 -0.0022 2.17 0.12 9.56 173 346 339 353 213 
2.04 0.07 9.43 0.0100 -0.0900 -0.0200 0.2278 0.2511 0.0511 1.91 0.31 9.61 173 355 339 354 214 
0.51 0.00 10.37 -1.4100 -0.5300 1.3900 1.5611 -2.1222 1.0922 2.89 1.08 9.30 174 345 330 366 214 
13.29 1.95 8.81 4.0200 -0.2200 0.3700 -0.5233 -5.3067 5.0144 8.44 -1.63 4.71 173 322 270 276 215 
4.06 -5.59 -0.75 -3.3400 0.8200 -0.9600 1.9422 -4.8967 3.4889 6.86 -7.00 0.20 169 234 152 158 184 
2.62 -4.72 -0.81 -3.2600 2.8800 -0.3500 0.1122 -1.8156 0.2244 4.91 -8.19 -2.21 143 250 145 167 182 
8.20 -12.89 -5.34 3.6300 -4.5200 -3.5200 1.6400 0.3567 0.0389 4.57 -8.56 -1.37 139 258 156 172 183 
5.17 -8.88 -2.04 -0.1000 0.3200 -2.8400 2.8844 1.9411 -0.6711 5.01 -7.86 3.01 143 257 159 176 185 
2.10 -3.78 3.27 -2.3000 3.0500 -2.0800 2.9122 2.0478 -0.7567 3.99 -4.66 7.64 146 262 159 177 187 
-0.25 0.90 10.40 -2.9200 4.1000 1.7300 0.0633 0.5856 -0.3000 2.97 -3.20 8.77 142 265 161 179 187 
2.47 -2.65 8.56 -0.6300 1.1300 0.1200 -1.1311 -0.4122 0.1133 3.32 -4.31 8.15 156 261 151 184 196 
1.31 -2.73 6.56 -3.4000 1.8500 -2.0100 -2.2000 -0.4189 -1.2867 4.25 -6.37 6.11 168 214 195 224 213 
4.09 -7.72 2.27 -0.1700 -1.7200 -2.1700 -0.7411 0.2833 -2.3544 6.37 -5.62 4.88 180 181 192 221 214 
8.06 -7.05 4.62 2.0200 -1.6900 -0.8200 1.0178 3.5956 -1.9644 5.81 -3.30 7.17 181 153 162 185 201 
-0.16 0.12 7.24 -0.7600 1.5900 -2.3700 1.5367 7.3211 1.5367 -3.93 -0.50 8.96 186 153 164 182 193 
-11.23 4.47 6.83 -4.3700 2.8200 2.0200 1.0400 0.8778 1.4467 -7.55 2.86 5.55 190 153 167 181 192 
-7.69 3.28 5.15 0.2000 0.2700 -0.4700 -0.1278 -0.0722 -0.2700 -7.52 2.91 5.57 192 156 171 183 194 
-7.49 2.66 5.44 0.1400 -0.3700 0.0300 0.1711 -0.0467 0.0700 -7.46 3.11 5.54 191 158 172 184 194 
-7.51 3.09 5.89 0.0200 -0.1500 0.1800 -0.0511 -0.1111 -0.0289 -7.41 3.10 5.62 192 161 174 186 193 
-7.62 3.36 5.88 -0.2200 0.5700 0.0600 -0.0111 -1.0222 -0.1878 -6.86 2.98 6.33 189 184 180 209 205 
-4.30 3.48 6.04 1.0700 1.3300 -2.6800 -0.7811 -3.7200 -1.9567 -3.28 1.48 9.12 179 283 261 277 208 
-0.29 -0.07 7.12 0.3100 -0.2000 -2.2000 -0.4589 -2.4411 -2.9833 0.19 -0.40 9.79 179 306 294 307 209 
;
