2.49 4.96 8.03 0.1600 -0.1100 -0.0300 0.0011 0.0156 0.0022 2.30 5.12 8.03 177 316 342 361 214 
2.40 5.16 7.96 0.0500 0.0000 -0.1100 0.0000 -0.0089 0.0033 2.30 5.13 8.03 177 314 341 362 214 
3.43 5.05 8.64 2.1600 0.5400 1.1300 4.4589 0.8644 -0.1867 2.00 6.83 6.73 184 349 348 380 216 
2.84 12.77 7.36 -0.3400 5.9800 2.3900 0.0456 -4.6878 4.6522 6.48 7.05 2.10 185 338 294 311 215 
6.53 1.23 1.56 -3.5500 1.5600 0.1300 -1.8067 0.7078 7.1022 8.92 -3.52 2.02 178 292 162 174 180 
1.95 -5.24 1.79 -3.8800 1.8100 1.1000 -2.1500 0.3833 2.5700 5.24 -8.28 -0.23 176 284 151 168 161 
2.69 -7.66 -2.47 -0.1100 0.4800 -1.4200 -0.0744 -1.1944 -0.0756 4.47 -8.62 -1.30 176 290 152 171 159 
8.74 -12.24 -3.68 3.9900 -3.5000 -2.4800 1.4656 0.5133 0.0933 4.30 -8.80 -0.48 178 295 153 173 161 
4.89 -9.13 -1.59 -0.1300 -0.1800 -4.2300 3.3367 2.2178 -0.3611 4.11 -7.79 4.29 180 299 156 173 161 
-0.02 -2.09 2.59 -3.8100 3.2400 -3.9500 3.8167 1.9478 -0.6878 2.26 -3.48 8.88 182 306 160 174 163 
-1.49 3.58 13.39 -1.7300 4.4300 3.8000 0.1022 0.4267 -0.6933 0.98 -1.18 9.68 181 307 161 175 165 
1.11 -1.55 8.97 -0.2800 -0.1100 -0.9600 -0.2911 -0.0700 0.1111 1.15 -1.76 9.57 180 307 162 176 164 
1.56 -1.04 10.49 0.2700 0.9500 1.3400 -0.5333 -0.1678 0.1256 1.38 -2.15 9.46 179 305 162 176 166 
-0.27 -1.85 8.98 -1.7600 1.4900 -0.1100 -1.8944 -0.8233 -0.1778 2.11 -4.10 8.64 179 285 162 181 174 
-0.15 -0.79 4.76 -3.9700 4.4200 -2.9000 -2.5756 -2.2711 -1.4678 5.01 -6.45 5.41 180 244 212 252 211 
1.84 -3.23 -5.64 -4.9200 2.7500 -7.7500 -3.3689 -4.9467 -1.1056 7.77 -5.77 -1.53 178 215 261 307 212 
10.71 -4.06 -13.13 11.4100 0.4700 -4.4600 -4.6189 -3.4611 0.3800 2.45 -1.18 -9.41 186 232 262 334 219 
3.09 -0.49 -14.15 1.6500 -1.4400 -3.9800 0.0722 0.2156 -0.2744 1.44 0.43 -9.68 194 249 271 346 219 
2.49 -0.90 -12.68 1.6700 0.0800 -3.4100 2.3011 0.3156 -0.0633 1.76 -1.89 -9.45 191 257 278 354 217 
4.09 -4.69 -7.78 -0.0400 0.7900 -0.7400 4.3778 2.5033 0.0600 4.56 -6.62 -5.61 197 366 347 382 218 
2.73 -4.32 -0.96 -3.7200 3.5700 1.1900 1.3156 1.7944 -0.0456 5.77 -7.85 -1.06 201 379 356 388 216 
4.92 -6.14 -0.66 -0.3100 1.3400 0.0200 -0.2333 0.3133 -0.0589 5.97 -7.76 -0.41 202 377 357 383 216 
10.78 -5.18 -2.15 6.6700 2.2700 -2.2900 -5.9822 9.2444 -1.2133 6.96 -6.59 2.02 148 271 297 312 213 
3.85 -7.12 -1.59 -0.9200 1.0600 -3.2900 -5.8789 5.8989 3.2411 0.70 -9.70 -1.20 168 272 319 324 210 
-1.98 -6.59 -7.61 -1.4400 2.2700 -3.2200 -1.3856 0.2389 0.7978 -1.02 -8.23 -5.22 166 262 314 312 211 
-1.86 -5.91 -8.50 -0.6000 4.7800 -3.5000 3.7944 -0.5589 -0.9867 -0.71 -9.58 -1.92 167 256 299 303 210 
8.83 -7.38 12.44 7.2000 1.6400 10.5900 -2.5100 0.0611 0.6067 0.11 -9.80 -0.27 169 267 310 315 213 
-2.70 -5.75 -8.87 -0.6100 3.2000 -4.9100 -4.5656 0.3744 1.4956 -1.71 -6.98 -6.66 172 275 316 323 213 
-3.79 -9.11 -9.99 -1.6000 -0.7500 -3.3400 9.1867 -0.6833 -2.7289 -0.84 -9.63 -1.63 172 262 297 312 211 
1.82 -9.12 4.77 0.8600 0.8900 1.4800 -1.7178 -1.4444 0.4489 0.25 -9.80 0.20 173 270 306 314 214 
0.42 -7.57 -3.41 -0.5000 2.9200 -3.8400 3.8378 -2.7056 -0.6278 0.80 -9.37 2.75 173 267 308 311 214 
;
