0.81 5.14 8.31 -0.1100 -0.1000 0.0400 -0.0067 0.0033 -0.0011 0.93 5.21 8.25 189 315 305 313 216 
0.84 5.11 8.31 -0.0600 -0.0600 0.0100 -0.0044 -0.0056 -0.0033 0.92 5.21 8.25 190 313 306 313 216 
0.81 5.10 8.28 -0.1000 -0.0900 0.0200 -0.0056 0.0089 -0.0033 0.91 5.20 8.25 191 316 304 315 217 
0.23 9.89 10.55 -0.1800 5.1900 3.0900 3.4111 -6.6044 2.7389 5.28 6.51 5.08 195 324 316 328 225 
10.14 6.72 3.24 0.1300 2.3600 -0.4100 -2.7911 0.8433 5.8633 9.05 0.11 3.77 193 302 283 301 224 
0.95 -6.01 0.77 -6.3100 -0.9600 -2.0500 0.1111 -3.3022 5.1167 6.39 -6.87 2.82 180 267 170 182 185 
2.64 -4.04 2.94 -2.9900 3.0100 0.8600 0.3611 -1.1022 0.8056 4.49 -8.53 1.73 174 269 179 181 173 
4.76 -11.11 0.30 0.5600 -2.5600 -0.9300 0.0389 -0.2733 0.4022 3.68 -9.00 1.20 169 270 183 182 174 
7.09 -12.88 0.36 2.1800 -4.3300 -1.6500 1.8011 1.1067 -0.4944 3.94 -8.42 3.10 168 275 184 184 175 
3.22 -8.52 1.64 -0.9000 -1.2400 -3.8000 2.7533 1.8400 -1.2711 3.85 -5.88 6.83 168 291 177 186 176 
1.63 -1.13 4.61 -2.3900 2.5800 -3.7100 3.1744 1.6667 -0.1733 2.01 -1.56 9.46 167 305 188 189 178 
-3.38 5.34 11.42 -3.2500 4.6500 1.7000 0.1556 -0.0700 -0.8633 1.33 0.73 9.68 169 312 181 189 178 
1.20 1.31 9.77 -0.4800 1.1000 0.1800 -0.6978 -0.2489 0.2578 1.47 -0.07 9.69 171 312 190 191 181 
0.33 1.71 9.31 -2.0100 3.4300 -0.1500 -3.6811 -1.3633 0.1489 2.71 -3.59 8.70 176 299 182 195 187 
1.15 -2.52 2.13 -1.2900 4.5600 -5.0200 -5.0578 -0.0156 -2.4578 5.11 -7.36 3.97 178 268 200 207 213 
4.97 -6.79 -2.88 -1.3400 -0.0800 -4.7400 0.2078 0.4200 -3.9656 8.02 -4.28 3.66 174 298 281 308 226 
23.15 -5.28 2.47 10.5200 -3.3500 0.5900 0.1167 -0.3744 -0.2522 9.52 -1.88 1.38 138 234 281 289 226 
8.67 -1.70 -0.77 0.7700 0.6700 -3.7600 2.5711 -1.2411 -0.5189 9.68 -1.05 1.12 113 188 200 208 172 
9.72 3.41 -1.09 -0.9500 3.6100 -2.2700 2.9733 0.2033 0.4833 9.62 -0.34 1.85 112 194 203 207 168 
7.65 2.16 4.72 -1.0100 2.9800 3.7800 0.9378 0.0778 0.2400 9.60 -0.31 1.94 115 197 206 212 171 
9.03 3.78 4.15 -0.2300 4.7300 1.3600 -2.1833 -0.3122 -0.0700 9.61 -0.89 1.68 117 199 206 213 173 
9.95 2.04 -2.20 0.3000 2.2400 -3.7600 -2.4689 -0.4500 -0.5444 9.74 -0.71 0.87 116 201 209 214 175 
9.65 -3.95 -5.05 -1.8400 -4.5900 -5.8900 -0.7044 -0.1311 -0.5800 9.78 -0.07 0.57 119 201 209 215 176 
12.62 -0.51 4.68 3.2400 -0.2900 5.6700 -0.2078 0.2011 0.0356 9.80 0.27 -0.18 117 199 210 214 178 
10.62 -1.26 2.81 0.5900 -1.7400 2.1900 -0.2722 1.0289 0.2667 9.79 0.12 0.46 120 202 211 216 180 
;
