1.93 4.34 8.83 -1.4900 0.3200 0.7600 0.5922 -0.9878 0.7167 3.42 4.30 8.12 183 350 355 369 217 
9.34 10.72 8.20 2.9200 5.1200 2.3700 -1.5744 -3.6389 3.0422 8.62 2.74 3.76 187 328 320 337 219 
7.20 -1.53 2.05 -2.9500 1.0900 0.8100 -0.0667 -2.7133 5.8111 8.20 -5.37 0.01 184 318 273 283 217 
1.22 -5.61 0.03 -3.6000 1.9400 1.3700 -0.5611 -1.5589 1.9500 4.35 -8.51 -2.14 181 260 154 170 169 
2.25 -7.07 -7.16 0.7800 -1.0200 -1.4800 0.4022 -1.1211 0.2067 2.90 -8.52 -3.88 157 268 158 169 167 
7.11 -13.34 -6.53 4.1300 -3.9800 -3.4300 2.6344 0.9644 -0.3667 2.92 -9.27 -1.25 138 285 162 173 169 
4.61 -9.04 -1.39 -0.3700 0.2700 -3.8300 3.7767 2.2200 -0.9367 3.65 -7.74 4.77 146 293 161 178 170 
-0.71 -2.33 6.64 -3.9800 3.0900 -1.0300 1.9700 1.8089 -1.6467 2.61 -4.28 8.42 149 303 164 180 169 
-1.24 0.59 9.53 -3.4400 4.0100 0.7500 0.6778 0.9689 -0.1211 1.11 -2.48 9.42 149 308 167 181 171 
0.18 -1.04 9.73 -0.4200 2.0200 0.0100 -1.3278 -0.4333 0.3744 1.43 -3.62 8.99 160 311 170 184 179 
-1.39 -2.94 7.69 -2.0600 1.9200 -1.1300 -2.2400 -0.5911 -1.0889 2.63 -5.81 7.44 156 266 173 188 179 
6.88 -11.21 4.79 3.6700 -4.9300 -1.1100 0.0900 1.0367 -2.8467 4.36 -5.50 6.84 155 334 172 188 179 
5.27 -3.51 7.70 2.4000 1.9000 -0.4400 3.0611 -0.0111 0.2633 3.79 -2.33 8.73 149 362 172 188 178 
2.71 3.72 8.01 -0.9000 4.0300 -0.6500 1.9700 0.0233 0.5300 3.77 0.86 9.00 162 373 174 189 176 
0.94 4.37 10.01 -2.0000 2.8500 0.6600 -0.7233 0.4389 -0.6044 2.83 1.07 9.32 165 368 175 189 176 
3.82 2.67 9.07 2.6600 2.4700 -0.7700 -1.8222 0.4622 -3.0444 2.26 -0.18 9.54 162 352 178 190 179 
2.62 0.77 8.71 1.6700 1.4100 -1.0400 -1.3522 -0.3611 -2.6400 2.49 -1.11 9.41 158 348 178 190 177 
2.34 -3.33 8.01 -0.4000 -1.4400 -1.6000 -1.3122 0.4367 -0.2200 1.81 -2.66 9.26 154 350 181 192 175 
0.33 -4.81 10.94 -1.4100 -1.2700 1.5000 -0.0333 -0.0800 0.1356 1.54 -2.81 9.26 156 351 182 193 175 
0.74 -2.78 6.75 -0.9100 0.4500 -2.7000 -1.2422 -0.7389 1.0878 2.19 -4.00 8.67 167 330 175 200 190 
2.95 -3.42 6.88 -1.8600 0.5800 -2.0300 -0.6411 -2.8300 0.2689 4.05 -5.82 6.76 171 252 199 226 208 
6.85 -5.72 2.92 0.2600 -0.8700 -3.0400 2.2933 -4.4111 -1.5878 8.28 -3.48 3.92 188 171 181 206 201 
11.08 1.45 -0.27 5.1200 4.4400 0.1800 2.0844 -2.2489 -1.9744 9.76 -0.31 -0.79 198 166 185 202 196 
11.86 2.37 -1.23 1.8700 1.5900 0.3800 0.4511 -0.1656 -0.2211 9.65 0.74 -1.54 197 169 187 204 196 
9.49 1.42 -1.23 -0.1500 0.7200 0.3600 -0.0100 0.1722 -0.0522 9.66 0.78 -1.47 199 170 188 205 196 
9.76 1.59 -1.23 0.0300 0.6200 0.2300 0.0044 -0.0656 -0.0278 9.65 0.99 -1.40 199 175 190 205 196 
9.67 1.39 -1.20 -0.6700 0.0900 -0.0300 0.0422 -0.1133 0.0244 9.64 1.07 -1.39 200 177 191 208 197 
;
