4.00 5.64 6.84 -0.1600 0.1500 0.0500 -0.0644 -0.0278 -0.0333 4.15 5.52 6.95 173 328 354 376 211 
3.97 5.49 6.98 -0.0400 -0.1000 0.0500 0.2600 0.1778 -0.1411 3.97 5.69 6.92 174 335 351 380 211 
3.39 10.26 10.66 -0.7100 5.8100 7.1800 4.5178 -1.4211 1.1456 4.46 7.93 3.63 181 367 334 382 212 
12.77 8.58 1.49 2.8600 2.8300 -0.8600 0.2111 -0.7256 7.6400 9.69 0.69 1.28 176 330 187 208 210 
2.92 -3.46 -1.10 -4.7500 2.3100 -1.0500 0.1411 -1.2144 4.7789 6.24 -7.39 1.56 173 278 148 177 176 
2.15 -4.31 2.68 -2.6300 4.2600 1.1800 1.1011 -0.7011 0.5178 4.26 -8.60 1.97 133 285 156 176 176 
6.34 -10.01 0.44 3.3900 -1.8900 -1.2700 0.3289 -0.3000 0.0733 4.22 -8.65 1.85 134 292 161 178 176 
6.19 -10.26 0.68 2.2700 -1.8600 -2.5400 2.1233 1.4778 -0.3633 3.85 -7.84 4.44 138 299 165 182 177 
2.99 -4.85 2.91 -1.1700 2.0400 -3.2700 2.4389 2.2978 -1.0456 2.74 -5.17 7.86 142 306 169 184 179 
-3.34 -0.40 9.62 -5.2700 3.5500 0.9200 1.0822 0.7922 0.0444 0.79 -2.90 9.33 144 307 171 186 179 
-0.09 -0.88 9.36 -0.0800 1.5700 -0.4800 -1.1333 -0.9400 -0.3889 1.72 -3.90 8.82 144 303 168 186 179 
-0.98 -1.82 4.59 -1.3100 4.4800 -3.5400 -5.3722 2.6411 -1.8744 1.58 -7.89 5.59 166 280 168 198 193 
6.71 -11.60 1.59 5.6800 -2.1000 -0.1600 -3.0056 6.7900 -0.6667 1.17 -9.57 1.78 171 279 310 350 208 
-2.74 -13.92 -2.29 -1.8200 -5.3500 -3.0100 -2.1056 -0.0722 0.5211 -0.74 -9.15 -3.44 175 292 315 365 209 
-4.63 -7.02 -7.99 -3.2200 1.2300 -4.4600 3.2389 -0.2611 -1.3356 -0.35 -9.61 -1.89 174 286 313 361 207 
8.04 -5.83 11.84 6.5900 3.4800 9.6100 -1.8256 -0.1711 0.7544 0.76 -9.76 0.47 175 296 323 364 209 
-1.44 -7.92 -5.77 -1.2900 0.9900 -2.7600 -3.1644 0.2200 1.0444 -0.98 -8.34 -5.06 176 302 324 365 209 
-3.66 -5.99 -10.22 -1.9200 0.1000 -5.0900 5.4411 0.1422 -1.7000 -0.68 -9.40 -2.68 175 291 315 357 208 
9.02 -4.56 11.12 4.0300 2.6800 5.8700 -0.2322 -1.4378 0.5644 1.21 -9.47 2.21 176 295 323 353 210 
-0.12 -9.20 0.36 -1.0700 0.5400 -1.3600 1.2700 -1.5100 -0.1089 1.13 -9.41 2.51 176 263 283 289 208 
4.56 -12.25 0.86 2.7600 -3.9600 -4.7700 2.7044 0.6478 0.8867 0.83 -8.31 5.13 179 159 164 182 161 
-0.75 -1.89 2.57 3.3700 5.4500 -3.1500 2.9300 2.0767 4.5844 -5.09 -4.05 7.33 186 154 161 182 161 
-9.29 4.22 6.22 -2.8900 4.2300 1.1400 2.2911 1.4989 2.9244 -7.43 2.50 5.87 187 155 164 182 163 
-6.55 4.44 8.33 1.8700 0.8400 0.0700 -1.1711 -0.1556 -0.2289 -7.42 1.81 6.13 189 158 165 185 164 
-7.73 1.86 4.81 0.2600 0.0900 -0.9800 0.1800 -0.0389 -0.0822 -7.48 1.70 6.10 189 160 167 187 166 
-7.72 2.11 7.00 -0.2600 0.4800 0.6500 -0.0778 -0.5911 -0.3022 -7.09 1.54 6.59 186 175 177 195 174 
-4.86 2.15 4.91 -0.4900 1.3400 -4.2100 0.7989 -6.8889 -2.0844 -1.08 0.93 9.70 186 263 253 277 197 
;
