4.49 3.85 7.88 -0.4000 0.6800 0.0300 -0.0111 -0.0356 -0.0167 5.05 3.16 7.78 175 347 352 355 219 
4.48 3.57 8.14 -0.7100 0.2700 0.6800 0.3356 -0.3900 0.1078 5.38 3.36 7.47 178 306 341 353 219 
11.31 7.08 10.46 11.3800 6.7600 2.3600 -1.4567 -4.3789 4.8811 9.51 -0.06 2.36 171 291 155 176 198 
8.36 -2.38 -3.76 -1.1800 4.7200 -3.2800 3.9889 -2.6589 4.9122 5.32 -8.20 -0.73 175 262 150 174 169 
-1.98 -3.41 4.17 -5.2900 3.9800 -0.1100 1.2056 -0.8211 0.2111 3.23 -8.84 2.74 168 276 153 175 171 
8.39 -11.09 0.42 4.3100 -2.6300 -2.6300 1.7122 0.6122 -0.2689 3.65 -8.10 4.12 168 292 157 178 173 
4.32 -7.47 3.96 0.6900 -0.5600 -2.2400 2.1400 1.9967 -1.3533 3.29 -5.77 7.20 168 302 168 181 174 
0.22 -1.56 7.06 -1.8200 2.9100 -1.1800 1.1978 1.7811 -1.3956 1.75 -3.25 9.08 170 309 168 182 175 
-1.46 0.36 10.67 -2.6600 3.0200 1.3600 0.2978 0.3144 -0.3511 0.90 -2.21 9.51 171 310 172 183 174 
0.70 0.90 9.10 -0.3000 3.5800 -0.3100 -1.4211 -0.5278 0.2722 1.42 -3.44 9.07 172 303 168 185 179 
-1.98 -3.87 1.94 -1.0700 2.8100 -4.8700 -4.4789 1.1600 -1.4111 1.39 -8.14 5.27 173 276 171 192 187 
7.13 -8.81 -0.80 5.8900 0.1800 -2.9400 -4.3022 8.9300 -1.4689 2.48 -9.45 0.72 165 311 179 208 190 
2.33 -12.05 8.14 0.4400 -4.1700 5.7700 3.0056 1.9467 -0.8867 2.78 -8.58 3.83 10 359 171 199 167 
3.17 -5.49 9.06 2.1200 0.8700 2.4000 2.4600 1.4756 0.5111 0.73 -5.88 7.81 176 379 184 201 168 
0.08 -7.74 12.73 -0.4500 -2.7300 4.7300 -1.2078 0.0567 1.7022 -0.51 -5.69 7.96 184 390 189 204 168 
-4.95 -6.53 9.33 -4.2700 0.1400 2.3100 -2.6667 0.9933 -0.5711 -1.32 -7.94 5.59 191 393 188 201 169 
-2.49 -4.52 3.74 -2.2500 4.7600 -0.7800 -1.2978 1.1767 -2.1211 0.42 -9.32 3.01 192 396 190 206 170 
2.55 -3.68 1.54 0.8900 5.0600 -1.2300 0.4633 1.7678 -1.4544 2.52 -8.94 3.11 192 396 195 207 171 
4.01 -5.06 3.99 2.2600 3.6400 -0.7100 3.0533 1.3211 0.4567 1.70 -7.25 6.37 194 399 197 206 173 
3.14 -2.36 13.02 1.6100 2.2000 6.2600 3.1811 0.4122 2.3633 -0.68 -2.27 9.51 194 403 195 203 174 
-3.90 -3.72 15.89 -4.6700 -2.1900 5.4300 -1.5889 -0.6756 1.8722 -0.63 -1.98 9.58 195 399 194 205 173 
-3.98 -1.75 6.72 -4.7800 0.9100 -4.1000 -0.0144 -4.3856 2.2722 2.43 -3.40 8.86 135 328 250 256 198 
8.13 -3.75 5.08 -0.2300 0.7700 0.0600 0.4489 -5.2367 0.7056 8.36 -4.07 3.10 131 205 247 256 214 
7.55 -3.16 -1.81 2.4700 2.9700 -1.7600 2.1333 -1.5100 0.0622 8.93 -3.74 1.51 99 172 188 204 166 
8.43 -1.52 0.94 0.2800 2.8900 -1.7000 2.9256 0.6544 0.2622 8.48 -2.74 4.07 104 177 188 207 169 
7.72 0.14 3.20 -0.6000 2.8100 -0.7900 2.1200 -1.8956 0.5433 8.83 -1.89 3.81 106 179 179 201 157 
11.08 2.12 11.36 1.4500 3.3000 6.9900 -1.1667 -0.0267 0.2456 9.25 -2.10 2.46 107 182 188 205 158 
10.48 1.00 0.87 0.9800 3.3600 -1.4500 -1.4800 -0.2500 0.3200 9.29 -2.92 1.10 107 182 188 208 160 
9.67 -2.24 -1.84 0.1800 0.8700 -2.2700 -0.9189 -0.0578 0.2100 9.21 -3.33 0.25 107 185 186 209 163 
6.93 -5.05 -1.86 -1.0900 -1.2000 -1.3100 0.1944 -0.3789 -0.3000 9.28 -3.14 0.01 108 185 190 212 170 
10.68 -2.70 2.66 0.3600 -0.3500 1.0300 -0.4378 0.6067 0.1289 9.34 -2.95 0.29 107 186 194 214 168 
7.42 -3.05 2.00 -2.0600 0.3400 0.1300 -2.2689 4.1389 -0.7522 8.65 -2.95 3.54 131 199 204 230 190 
;
