1.74 0.50 9.61 -0.0700 -0.0200 -0.0200 -0.0467 -0.0089 0.0056 1.79 0.49 9.62 182 353 346 372 211 
1.76 0.49 9.55 -0.0500 0.0200 -0.0300 -0.0111 0.0089 0.0156 1.78 0.48 9.63 178 355 344 373 212 
4.66 7.30 15.94 0.8800 5.5500 7.4300 -0.9156 -4.4067 1.8544 6.19 1.36 7.47 179 331 270 281 214 
6.72 -3.41 2.89 -2.4500 0.1700 -1.2800 -0.1111 -4.4300 5.4311 7.96 -5.56 1.32 166 251 149 160 189 
0.96 -3.66 1.44 -3.6600 4.6200 2.0300 0.4167 -3.1700 0.7644 4.51 -8.29 -2.64 149 250 155 156 184 
4.53 -10.18 -6.93 1.8400 -2.2300 -2.9600 0.4389 -0.7222 0.2633 3.19 -8.52 -3.64 142 258 158 162 186 
6.79 -12.30 -6.47 2.8800 -3.0300 -4.1800 2.4600 1.9133 -0.7178 3.99 -8.92 -0.76 134 258 160 165 187 
2.67 -7.17 -1.71 -3.0600 2.0700 -3.8400 3.3756 2.7156 -0.5889 4.07 -7.11 5.38 149 268 168 171 193 
-1.77 1.11 9.91 -4.8200 6.2100 2.4200 0.6111 1.0944 -0.9600 2.72 -4.63 8.20 148 270 167 169 190 
1.93 -4.06 8.13 -0.8000 1.0200 0.3400 -0.9667 -0.3311 -0.2489 3.15 -5.50 7.48 154 271 166 174 194 
0.69 -4.90 5.59 -2.4800 1.9800 -0.9800 -2.0600 -1.4067 -0.1833 4.11 -7.30 5.08 171 216 177 184 214 
3.00 -7.38 0.79 -3.2900 0.1600 -2.9900 -2.1500 -0.5933 -2.6778 6.69 -6.95 1.72 175 167 169 188 214 
8.04 -3.22 -2.92 -1.5900 1.9600 -1.8600 0.6867 -2.9667 -3.3900 9.25 -2.90 -1.46 189 161 167 183 204 
18.97 1.55 -7.70 5.6400 1.1000 -2.2700 0.9567 -0.4378 -0.2278 9.23 -0.42 -3.27 192 164 170 185 203 
8.80 0.54 -1.80 -0.6600 0.9300 0.9400 -0.3300 0.2633 0.2011 9.38 -0.58 -2.78 190 178 166 192 208 
8.81 0.32 -1.80 -0.7700 0.9100 -0.4200 -2.7456 4.4333 -0.1600 9.53 -0.49 2.24 181 258 254 266 212 
4.28 -3.00 2.12 -3.5700 -2.1500 -4.5000 0.9900 5.2467 -1.2444 3.47 -0.31 9.16 181 352 321 383 211 
;
