8.56 0.29 4.85 -0.0100 0.0600 0.0600 0.0011 -0.0133 -0.0011 8.60 0.22 4.70 168 278 256 266 199 
8.56 0.32 4.69 -0.0400 0.0900 0.0300 -0.0100 -0.0156 0.0022 8.61 0.22 4.68 167 282 254 266 200 
8.52 0.22 4.78 0.0000 0.1000 0.2700 0.2633 -0.1189 -0.1222 8.69 0.36 4.52 166 290 258 272 199 
18.90 6.35 9.57 9.6600 5.7000 5.2500 -0.8144 2.0644 1.0033 8.75 0.71 4.35 173 302 293 288 203 
7.86 -0.88 1.30 -0.8500 1.8000 -4.1400 -1.3067 0.7267 3.6900 6.91 -4.73 5.10 171 298 201 197 198 
2.43 -3.32 3.88 -5.4500 3.2800 -0.2300 -1.6378 -0.8522 2.2144 4.90 -7.97 2.92 168 287 165 164 152 
1.83 -7.02 1.51 -1.5900 0.7500 -1.1300 0.1922 -1.0711 1.2367 3.63 -8.80 2.33 170 292 170 171 145 
6.27 -13.99 0.64 2.9300 -4.5500 -2.0000 1.5267 0.8933 0.1089 2.86 -8.61 3.69 167 302 173 174 145 
2.07 -8.39 2.66 -1.0800 0.8700 -2.8400 2.4667 1.5589 -1.5289 2.82 -6.31 6.94 167 313 174 173 147 
-0.48 -1.02 7.37 -2.6600 3.4800 -0.9500 2.3844 1.6122 -0.5156 1.22 -2.73 9.33 167 325 175 176 148 
-2.72 2.78 11.82 -3.2400 4.2200 2.1200 -0.2589 -0.2611 -0.1222 0.91 -1.58 9.63 164 327 177 176 148 
1.28 -0.64 8.53 -0.0600 2.3300 -0.5600 -2.8878 -0.0100 0.1867 1.30 -4.32 8.70 169 299 176 174 164 
-0.37 -6.91 3.23 0.2000 1.1100 -2.9700 -3.5500 4.2078 -2.0389 -0.75 -8.75 4.34 172 280 220 229 193 
3.58 -10.67 2.43 5.7700 -2.2800 1.5400 -1.6922 5.3889 -0.4767 -0.01 -9.76 0.86 170 316 315 363 201 
-0.51 -12.06 -2.07 -0.3900 -1.9900 -2.3500 -0.4456 0.5133 -0.1178 -0.05 -9.79 -0.48 183 386 351 408 205 
0.39 -9.24 -3.60 0.7500 0.5300 -3.8800 2.7889 -1.0511 -0.1000 0.12 -9.61 1.92 191 387 356 412 207 
0.65 -6.21 1.04 2.0000 2.5900 -4.6900 5.4133 -0.6367 0.6967 0.00 -6.32 7.49 192 383 325 409 206 
-0.48 3.55 4.39 1.2700 5.4300 -5.0000 6.1556 -0.3900 0.7411 0.30 1.84 9.62 193 384 332 410 207 
0.01 12.51 15.27 -0.2300 6.7500 8.0700 1.4044 -0.6967 0.2556 1.12 6.10 7.58 192 382 349 408 207 
0.98 5.84 7.00 0.1000 0.5400 -0.3600 -0.2633 -0.4067 0.2489 1.92 5.56 7.83 187 389 338 377 208 
1.48 5.45 10.01 -1.2400 0.0200 1.8600 -1.9767 -0.5878 0.3022 2.83 3.80 8.58 179 328 169 178 182 
0.05 -1.29 2.67 -4.4600 -1.2000 -8.6800 -0.0711 -1.5856 -1.1233 5.56 2.48 7.68 183 369 167 179 167 
10.38 6.32 5.34 4.5500 1.4800 -0.8500 1.6956 -0.8489 -0.0067 6.75 4.86 5.18 186 365 173 181 164 
11.97 8.72 12.12 3.6600 3.9600 7.8800 -0.6678 0.4989 2.2144 7.69 3.62 4.87 185 371 171 185 166 
3.82 1.76 6.01 -4.1900 0.9200 -0.9700 -2.4033 0.6789 1.8322 7.09 -0.99 6.69 190 373 175 186 164 
-0.24 -0.94 1.91 -7.4600 1.1000 -5.1800 -0.5789 -1.3389 -1.7522 7.65 -1.57 5.92 189 376 174 188 165 
8.77 3.14 0.70 1.1500 3.1500 -3.5700 1.2289 -0.9644 -2.3556 8.55 1.96 4.36 189 376 178 188 167 
12.75 6.09 3.41 4.3400 1.8900 1.5300 1.7922 -0.6378 -0.9044 8.41 4.65 1.92 189 376 177 190 169 
14.91 6.65 4.60 5.5100 2.0800 3.7800 0.2289 0.5289 1.5478 8.93 3.91 1.01 190 379 177 191 169 
;
