1.83 3.51 8.91 -1.7300 1.7100 0.0400 0.0178 -0.5167 0.1144 4.15 1.76 8.70 180 324 360 371 217 
5.18 7.64 10.85 -0.4300 5.1100 4.8000 2.8622 -7.8678 3.2800 9.08 2.07 3.06 179 340 317 342 223 
11.95 0.33 0.32 1.1600 2.6500 -0.3300 0.7222 -0.3900 5.9900 8.16 -5.40 0.47 178 324 241 268 221 
1.25 -5.08 0.89 -3.0700 4.4600 0.3500 0.9622 -2.2856 3.0700 3.61 -9.09 0.68 170 268 149 166 159 
1.69 -5.33 -0.74 1.2300 3.2300 -1.1000 0.2744 -1.7600 0.5489 2.22 -9.53 -0.46 164 270 156 167 151 
7.62 -13.83 -3.22 5.7300 -4.2900 -3.3500 1.9989 0.4267 -0.4800 1.99 -9.52 1.20 153 281 161 173 154 
5.61 -8.71 0.43 2.5500 -0.1300 -3.3000 2.1789 2.2133 -2.4944 3.38 -7.69 5.05 154 291 162 173 158 
2.65 -3.85 4.35 -1.2800 2.0700 -2.5200 1.6900 2.7189 -1.5422 2.63 -4.72 8.17 159 297 168 175 161 
-1.44 1.67 9.59 -3.1400 5.3100 0.5800 0.1889 0.6033 -0.0978 1.17 -3.41 9.11 162 298 170 178 160 
0.48 0.45 9.03 0.0700 4.1400 0.2100 -1.3567 -0.6444 0.1033 1.62 -4.54 8.53 163 292 171 178 160 
1.98 -2.28 6.69 -0.0700 3.3800 -1.6900 -2.0289 -2.0733 0.4089 3.34 -6.59 6.44 163 289 171 177 163 
5.68 -6.76 1.40 2.1300 1.8400 -2.5800 -2.4356 -2.4900 2.1644 3.16 -9.08 1.90 159 276 169 179 165 
14.53 -11.29 -4.27 13.8600 -0.4300 -3.1000 -2.6478 10.2622 1.7356 1.31 -9.67 -0.89 169 276 237 260 207 
-5.19 -8.39 -7.36 -5.7000 1.3400 -0.1400 -3.5944 6.5511 4.3956 0.19 -8.22 -5.33 182 298 328 370 216 
-3.42 -5.90 -9.46 -4.2500 1.1700 -3.5400 0.4767 0.7467 0.1167 0.63 -7.43 -6.36 184 277 331 360 216 
-2.11 -7.19 -3.07 -1.2400 1.6700 1.3200 7.1522 0.7044 -2.9822 2.78 -9.34 1.02 184 278 323 362 214 
2.52 -8.22 4.98 -0.7300 1.2200 1.6600 -6.9989 0.4611 0.9622 2.37 -8.86 -3.45 185 296 333 383 216 
-1.55 -5.57 -10.23 -4.6000 2.2500 -3.7200 -0.2378 0.4189 -0.0900 2.12 -6.65 -6.88 188 304 334 378 216 
2.39 -4.57 1.73 -2.3700 5.8000 7.5100 6.3878 -2.0700 -2.0311 4.43 -8.61 1.49 193 332 309 299 217 
5.09 -9.66 -5.66 0.9200 0.4700 -4.5300 3.1778 -10.2467 0.6500 2.80 -9.35 -0.92 183 350 178 199 188 
6.98 -7.13 1.37 3.9800 1.4600 0.9300 2.2822 -4.2711 -1.1267 4.07 -8.91 0.22 176 335 177 192 170 
11.37 -6.82 -0.89 5.4900 2.2600 -0.7700 1.8544 -1.1656 0.0411 4.30 -8.73 1.14 174 338 180 193 173 
5.73 -6.16 3.86 1.1500 2.1600 2.0100 -2.2144 -0.6667 0.8411 3.80 -9.03 0.12 144 354 180 195 175 
5.31 -8.17 -5.24 1.3700 0.9900 -3.5800 0.0411 0.3500 0.1344 3.29 -9.15 -1.26 178 366 186 196 175 
8.26 -7.03 -1.04 4.6200 2.3500 -0.2500 2.8456 1.1067 -1.4878 4.54 -8.57 1.40 172 332 189 200 177 
5.57 -5.55 3.15 0.7300 3.1300 1.5300 -2.9967 -0.5244 0.5678 4.35 -8.77 -0.50 177 343 188 198 177 
;
