4.05 5.69 6.82 -0.0100 0.0600 -0.0400 0.0100 -0.0178 0.0056 4.07 5.66 6.89 179 324 359 382 227 
4.08 5.73 6.73 -0.0100 0.0700 -0.1400 0.0000 0.0122 -0.0044 4.07 5.67 6.88 182 322 362 384 225 
4.04 5.77 6.82 -0.0400 0.0900 -0.1000 -0.0067 0.0100 -0.0056 4.06 5.66 6.89 181 323 359 385 226 
4.21 5.69 6.95 0.3800 0.0500 0.1500 0.7367 0.3467 -0.1889 3.81 6.03 6.72 182 339 361 391 227 
5.44 14.04 6.74 1.4100 4.8300 1.7700 2.7300 -3.0722 0.9389 4.50 8.35 2.45 188 373 349 363 229 
9.12 9.28 1.56 -0.4300 3.8800 0.4300 -2.6267 0.6000 9.8322 9.63 -0.30 1.81 182 322 192 209 221 
-1.37 -6.61 1.24 -7.4400 0.9800 0.6300 -1.2167 -4.4322 4.2511 5.11 -8.28 -1.16 165 273 155 183 193 
1.63 -7.77 -2.99 1.4200 0.2200 -2.3200 0.2044 -0.9867 -0.2622 4.19 -8.61 -2.06 145 294 161 184 194 
7.66 -12.49 -5.84 2.7000 -3.1100 -4.9800 2.7778 2.5633 -0.9656 4.97 -8.32 1.45 148 298 166 187 195 
2.14 -6.49 1.23 -3.3800 0.6900 -4.4400 2.3833 3.1244 -1.3778 4.19 -5.50 6.94 150 301 168 190 195 
-0.53 -1.03 6.63 -3.3700 3.1300 -1.0400 1.4667 2.3200 -0.5211 1.24 -2.65 9.35 153 309 170 192 197 
-3.82 1.18 12.13 -4.1000 3.3000 2.4600 -0.6500 0.2056 -0.9978 0.75 -2.43 9.47 154 307 173 192 197 
0.08 -1.42 8.46 -1.7000 2.1700 -1.3200 -1.5011 -1.3889 0.0600 2.36 -4.03 8.61 150 308 174 192 198 
2.08 -3.24 2.55 -1.2300 2.3300 -4.6800 -3.1167 -1.7633 -0.1644 4.69 -6.58 5.54 157 313 173 196 200 
3.58 -11.39 -2.45 -4.6600 -3.2400 -4.7800 -1.9344 -3.5967 -0.2678 5.60 -7.99 0.94 159 325 178 199 201 
8.91 -11.93 -0.73 9.0700 -2.1300 0.4300 1.2867 -2.2344 -0.2167 6.07 -7.67 -0.62 162 364 179 199 200 
6.50 -6.80 -0.56 1.2100 1.5100 -0.3700 1.2122 -0.8978 0.3389 5.99 -7.75 0.08 166 395 182 199 202 
6.05 -6.03 1.45 0.0900 2.0900 1.5600 1.5322 0.2567 -0.3256 6.09 -7.56 1.33 168 382 185 202 200 
7.03 -7.92 -1.01 0.5000 -0.1100 -1.6000 -0.9856 -0.4522 0.3111 5.66 -7.97 -0.73 169 400 183 201 202 
5.35 -8.54 -2.59 -0.7700 -0.4300 -2.0300 2.0378 0.0622 -0.5678 5.94 -7.77 0.63 169 384 185 202 206 
8.22 -5.19 3.49 3.1000 2.4100 1.2900 -1.9978 2.2178 -0.0667 6.15 -7.50 1.38 177 322 204 230 220 
10.84 -6.65 -1.96 2.8600 0.4000 -4.3100 -5.8767 10.9467 1.6500 1.87 -9.47 1.69 174 256 312 363 222 
0.23 -7.79 -7.02 -0.3600 2.2100 -4.6500 -2.9489 5.4444 2.7289 -1.26 -8.74 -4.24 181 290 328 381 223 
-1.53 -6.46 -7.23 0.0900 1.6900 -0.6300 6.2489 -0.0333 -1.4478 -0.28 -9.80 -0.07 183 287 325 373 222 
3.13 -7.55 7.08 1.5000 1.5500 3.7100 -3.5389 0.0933 1.3378 -0.73 -9.74 -0.84 182 292 321 368 222 
-2.27 -8.98 -10.62 -2.3200 -0.2000 -4.9800 1.4211 0.4678 -0.4222 -1.26 -8.36 -4.96 182 293 323 356 223 
0.28 -5.35 2.56 1.5300 5.3400 3.6900 2.2667 -0.3922 -0.3700 0.45 -9.49 2.42 184 292 330 359 224 
1.12 -9.29 -0.84 0.4400 -0.0600 -4.1000 2.9878 -6.1367 0.0467 2.05 -8.84 3.69 184 296 323 353 225 
;
