2.70 3.24 8.72 -2.4800 0.8800 0.7700 0.0222 -0.1844 0.0211 5.40 2.34 7.83 183 339 354 359 217 
2.29 3.12 8.93 -2.8900 0.8700 0.9400 -0.0133 -0.0967 -0.0367 5.37 2.34 7.86 182 339 354 360 217 
0.70 2.74 11.67 -5.7700 0.0300 4.8000 4.8056 -6.4933 1.8422 7.92 3.33 4.71 184 329 331 386 219 
14.49 4.02 1.18 3.4700 4.7000 -0.7500 -0.6533 -0.2033 5.4344 9.22 -3.31 -0.08 184 338 215 254 219 
0.64 -5.02 -0.10 -3.5500 3.4500 1.1900 0.1956 -3.6678 4.8811 3.41 -9.09 -1.32 178 288 156 183 180 
0.50 -4.89 -0.16 0.5500 3.9400 1.6700 0.1633 -2.2367 0.5889 0.44 -9.50 -2.38 156 295 161 185 180 
4.84 -14.10 -3.74 6.8400 -5.0300 -1.9300 1.2789 0.0833 0.1144 -0.52 -9.68 -1.47 148 309 166 189 180 
3.88 -11.58 -1.14 3.9500 -0.9600 -1.9700 3.5644 2.1433 -1.0000 0.01 -9.26 3.20 150 321 163 192 180 
0.38 -5.92 2.84 0.0900 2.6500 -2.9800 3.3411 1.1889 -0.1778 -0.42 -6.52 7.31 153 336 164 193 178 
-2.68 2.22 8.04 -1.7300 7.0300 -0.1000 1.7844 0.6867 -0.4733 -1.47 -3.37 9.08 154 337 167 192 180 
-0.66 1.62 10.21 1.1700 5.1100 1.1800 -1.0900 -0.3811 0.2156 -1.17 -3.97 8.88 154 335 168 195 181 
-1.05 -1.84 8.19 -0.0800 3.8700 -0.0200 -2.5800 -1.2056 0.1856 -0.18 -6.41 7.41 165 330 170 197 188 
0.40 -5.91 2.33 2.2400 3.3600 -2.8600 -4.1144 -1.5511 -0.9833 1.81 -9.44 1.93 171 306 201 245 213 
7.72 -14.09 -2.95 6.2900 -4.1000 -0.8300 2.9267 0.6689 -3.0200 5.17 -8.11 1.86 168 353 308 355 214 
10.81 -3.32 4.10 2.7700 2.7100 -0.8600 3.7889 1.1000 -1.7944 6.67 -3.44 6.29 176 389 343 386 215 
5.86 4.78 4.79 -0.4600 5.6400 -2.5500 1.8433 0.2889 -0.2178 6.12 0.11 7.65 180 392 344 385 219 
4.05 6.85 5.78 -2.0200 6.0600 -1.7900 -0.5433 -0.1844 -0.4156 5.98 0.81 7.72 184 336 337 372 220 
7.78 5.74 5.20 1.6700 5.6700 -1.8300 -2.1522 -0.4256 -0.3011 6.58 -0.86 7.21 185 315 320 383 222 
6.77 -0.21 3.88 0.0500 2.0700 -1.9300 -2.3844 -0.0044 -0.5778 6.85 -3.02 6.33 185 283 313 385 225 
7.39 -2.63 5.60 -0.0700 1.0000 0.4300 -3.4311 -0.4856 1.1867 6.58 -6.11 3.93 182 262 305 386 227 
5.25 -9.37 3.40 -1.4200 -1.9800 0.5200 -0.0100 -0.1178 -0.1267 6.31 -6.95 2.79 180 273 321 378 226 
1.58 -5.02 4.40 -4.1500 1.5000 0.3000 0.9667 0.0878 -0.8289 6.37 -6.45 3.72 128 218 307 323 208 
3.93 -5.73 1.14 -4.4800 0.9000 -1.9100 1.3700 -2.9156 -1.3533 7.75 -5.33 2.75 96 168 194 184 137 
11.41 -1.53 -0.22 4.1700 2.9900 -2.3700 1.6511 -0.8356 -1.3356 9.12 -3.25 1.49 98 160 179 180 148 
13.07 4.65 -1.16 5.0400 7.2600 -0.9300 3.0100 -0.8244 0.0556 9.45 -2.54 0.48 99 162 178 184 150 
10.16 3.97 2.93 1.8600 6.3200 3.1700 0.7911 -0.1200 0.2367 9.42 -2.67 0.38 99 164 180 187 153 
10.11 4.33 2.16 0.6200 7.2200 1.6700 -2.3833 0.0811 0.2133 9.27 -3.14 -0.46 101 165 183 191 153 
10.50 -0.74 -6.20 1.2200 1.8800 -5.0200 -1.3989 0.2822 0.1522 9.13 -3.21 -1.51 102 164 184 191 153 
10.07 -2.60 -2.26 1.2700 0.1600 0.7700 0.0700 0.1678 -0.8189 9.33 -2.42 -1.75 104 167 166 190 154 
10.86 -0.22 2.14 1.0500 1.8500 3.9000 -1.1433 0.4511 0.2389 9.33 -2.12 -2.11 104 172 188 193 155 
9.40 -0.90 -0.03 -0.3000 0.8300 -1.9800 -2.5856 6.8633 -0.6978 8.61 -1.76 4.34 154 250 286 290 203 
;
