2.95 0.03 9.38 -0.0400 0.1100 0.0500 -0.0033 0.0033 0.0044 3.03 -0.07 9.32 184 333 339 346 214 
2.96 0.03 9.39 -0.0600 0.0800 0.0500 -0.0044 0.0200 0.0033 3.02 -0.07 9.32 184 333 338 347 215 
2.28 -0.02 9.84 -0.5900 -0.1100 0.7000 0.7444 0.3478 0.0833 2.68 0.38 9.42 183 342 337 350 214 
6.15 7.47 11.89 1.3600 3.6000 4.9900 0.6389 -4.2311 2.3789 6.64 2.09 6.89 185 328 309 329 215 
7.12 -1.47 4.12 -2.1700 0.9500 -1.9800 -1.9322 -1.1256 5.5256 7.05 -5.37 4.19 181 280 195 210 211 
-1.86 -7.48 3.10 -3.0200 1.9300 2.0800 -0.7022 -3.1122 3.2244 3.05 -9.25 1.06 140 269 157 175 165 
1.78 -9.28 -0.44 -0.5500 -0.0800 -1.2100 0.2944 -0.4311 -0.1256 2.61 -9.39 1.00 129 283 174 179 168 
3.37 -10.75 0.58 0.9100 -1.4900 -0.9400 0.6622 -0.2011 -0.0578 2.63 -9.32 1.51 132 283 178 182 170 
3.72 -11.42 0.92 0.8900 -2.3700 -2.0700 2.6600 1.0367 -0.6833 2.86 -8.24 4.47 132 286 179 185 173 
2.34 -6.44 4.68 -0.3600 0.0300 -2.3600 3.5100 1.6933 -1.1056 2.42 -4.60 8.31 137 287 171 186 174 
-0.93 0.28 7.01 -2.0800 2.0100 -2.5100 2.9978 0.8200 -0.5767 0.95 0.05 9.75 137 297 179 189 175 
-2.08 6.26 10.97 -1.6400 4.2200 1.6900 0.1844 0.1567 -0.5900 0.22 2.16 9.56 148 304 189 196 181 
-1.12 2.55 9.62 -0.0400 1.1300 0.2200 -1.2267 -0.1656 0.1778 0.44 0.90 9.75 148 305 181 195 182 
-0.69 1.41 9.35 -2.8500 1.8600 -0.6300 -2.9867 -1.3744 1.0411 1.82 -2.52 9.29 153 307 186 197 183 
0.83 -4.50 5.12 -2.0600 0.8100 -2.3900 -3.2411 -1.8767 0.3556 3.44 -6.97 5.96 157 302 188 199 185 
3.01 -9.15 0.68 0.1400 -1.8000 -2.6300 -2.4200 -1.3933 -0.5500 4.72 -8.51 1.18 163 304 189 201 188 
10.13 -12.11 -2.50 4.9500 -4.3600 -2.5800 0.1889 4.4800 -3.8756 7.49 -6.00 1.99 158 248 185 203 193 
9.09 -3.54 3.21 1.5300 -0.4300 -3.7500 3.0056 5.4978 -1.8078 4.65 -0.96 8.57 157 237 181 203 193 
-1.51 4.01 7.16 -3.0600 2.4400 -2.1400 1.6122 2.3267 -0.4667 0.29 2.48 9.48 158 216 181 201 190 
-1.84 3.73 9.47 -1.5300 0.8100 -0.0800 -0.0156 -0.3600 -0.7989 -0.11 2.94 9.35 152 210 188 203 188 
0.73 4.98 8.79 -0.3700 1.0200 -0.7000 -0.2578 -1.5956 -2.0856 1.02 2.99 9.28 145 207 190 203 187 
3.01 3.82 8.28 3.8200 0.8700 -1.1400 -0.7878 -0.5300 -2.5822 0.80 2.55 9.43 147 198 193 203 187 
2.78 -0.93 7.90 1.6800 -2.7800 -0.7300 0.2211 -0.5389 -0.4378 1.54 2.46 9.36 143 201 194 206 184 
1.73 0.15 11.64 0.0200 -2.0500 1.8800 -0.2411 0.1367 0.2111 1.41 2.47 9.38 142 201 195 205 184 
0.58 -0.07 7.55 -0.6400 -1.6700 -1.9300 -1.1111 0.2044 2.3344 1.47 1.29 9.60 150 191 189 203 188 
1.78 -2.10 6.12 0.6100 -0.3700 -3.6500 -2.6800 0.2722 1.2011 1.16 -2.84 9.31 170 222 178 220 207 
;
