3.25 3.91 8.31 0.1200 0.1600 -0.0700 0.2500 0.3900 -0.1056 3.23 3.90 8.39 180 351 347 371 217 
1.95 3.65 8.21 -0.6900 -0.2500 0.0000 0.4467 0.0144 0.0511 2.76 4.28 8.37 183 358 345 372 217 
6.50 10.16 11.14 3.2600 7.5900 4.7600 1.6256 -5.0600 3.5756 7.30 5.01 4.20 183 354 325 337 217 
7.56 1.35 2.50 -2.3300 1.5000 -0.3200 -0.8167 -0.7522 6.6278 8.74 -3.75 2.38 178 298 178 196 209 
0.94 -5.60 -0.20 -3.5500 2.8900 1.3800 -0.4167 -2.9722 2.9644 5.00 -8.42 0.39 172 269 148 171 168 
2.39 -7.31 -1.00 -0.7400 0.4000 -1.0100 -0.3411 -1.8922 0.3244 3.80 -8.93 -1.36 141 277 151 170 166 
8.23 -14.01 -3.74 4.8200 -4.6300 -2.7000 2.1789 1.2156 -0.3600 3.53 -9.14 0.31 145 290 160 175 168 
3.45 -10.36 -0.68 0.2700 -0.9200 -3.8500 2.8556 2.0344 -1.5267 4.28 -7.39 4.81 147 297 164 177 169 
-0.13 -2.91 2.22 -3.5200 2.7200 -5.2600 3.3633 2.4567 -0.9378 2.28 -2.95 9.06 155 304 165 178 171 
-5.33 3.54 12.57 -5.3500 4.0500 3.0200 0.4078 0.2089 -0.9167 0.96 -0.59 9.74 154 306 167 181 170 
2.78 0.25 8.68 1.4700 1.3700 -0.7300 -0.4356 -0.2411 0.4178 1.24 -1.33 9.63 155 309 167 180 172 
-1.52 1.23 10.55 -4.0700 3.1600 1.2600 -3.0944 -0.4444 0.0033 1.77 -4.06 8.74 156 230 171 191 182 
2.90 -9.07 3.22 0.5500 -3.0700 -3.5400 -1.2144 2.6067 -4.5933 2.90 -6.35 6.88 146 198 165 191 180 
8.73 -5.14 6.96 4.9900 0.2100 -0.2500 3.3889 2.0933 -0.3678 2.06 -2.28 9.30 155 206 168 188 180 
1.43 4.44 8.69 0.3600 4.0300 -1.3500 2.2644 1.3556 0.6033 0.07 1.81 9.63 160 207 170 191 180 
-2.23 5.21 8.89 -1.5700 2.4500 -0.3800 0.1111 -0.2300 -0.2744 -0.31 2.90 9.36 158 197 171 195 181 
-0.61 4.56 9.49 -0.6300 2.3800 -0.0900 -0.7367 -0.5778 -2.1233 -0.03 1.68 9.66 153 191 171 196 182 
4.38 1.40 7.93 5.0100 0.5000 -0.8500 -0.7033 1.2978 -2.8678 -0.97 0.46 9.74 152 201 176 199 186 
-2.60 -3.28 8.12 -0.1400 -3.2500 -0.9400 -0.9289 1.0256 -1.5289 -2.82 -2.08 9.15 142 203 179 200 183 
-2.94 -2.79 10.12 -0.0400 0.0000 0.4300 -0.0978 -0.1833 0.1367 -2.47 -1.92 9.29 151 205 181 206 184 
-3.82 -1.88 7.94 -1.3900 -0.8900 -2.3400 -0.5133 -1.7678 1.3311 -1.34 -2.34 9.42 157 202 176 201 187 
-0.87 -2.56 6.66 -0.3000 -0.0700 -2.5000 1.4267 -2.7789 0.6567 1.91 -1.59 9.48 161 215 165 199 190 
5.75 -2.90 7.25 3.8400 0.3400 -0.3300 -0.8811 1.7100 -2.5344 3.42 -2.38 8.87 167 374 178 201 192 
-3.19 -5.66 8.11 -5.0100 -2.7800 -1.3000 4.8889 -3.5289 -0.4400 3.69 -0.68 9.06 167 381 179 201 185 
11.94 10.03 10.00 5.9600 5.5500 2.4500 3.9278 0.6733 1.5922 4.50 4.89 7.20 172 392 181 201 185 
7.36 8.60 12.40 0.3200 2.8900 3.8300 -1.8156 0.3356 2.9156 6.22 3.14 6.89 168 393 179 202 178 
-1.60 -0.41 4.24 -7.8500 -0.2200 -3.9000 -2.1533 -0.5667 0.2556 6.66 -1.04 7.11 169 394 182 202 178 
6.28 2.05 0.28 -0.2300 2.4500 -5.6600 0.2211 -0.9844 -2.6211 7.77 0.78 5.91 164 395 184 202 178 
11.87 5.53 2.37 3.7500 1.9700 -2.3500 2.2667 0.0122 -1.4444 7.39 4.55 4.54 167 393 183 202 181 
11.44 8.74 7.43 4.9600 3.8300 4.7900 1.0033 0.8800 0.8644 7.13 5.55 3.79 166 395 182 204 183 
5.80 4.98 4.82 -2.7200 0.6700 -0.0700 -0.9233 0.6778 1.3489 7.85 3.05 5.00 167 395 184 205 183 
6.71 3.46 2.70 -0.7300 0.5800 -2.3200 0.5233 -0.3267 -0.3822 7.67 3.44 5.03 164 394 184 204 183 
7.35 3.98 4.06 -0.6000 0.2700 -0.4500 -1.3244 0.8011 -0.6256 7.61 3.34 5.19 171 379 179 201 189 
3.90 1.73 6.15 -0.2600 -0.6900 -2.2000 -2.2711 3.8411 -2.6422 2.39 1.81 9.33 179 355 318 349 207 
;
