1.58 5.04 8.04 -0.1600 -0.0400 -0.0700 0.1100 0.0467 -0.0644 1.62 5.20 8.14 178 363 362 395 219 
1.81 5.08 8.10 0.0900 -0.0800 0.0900 -0.1656 0.0144 -0.0033 1.63 5.10 8.21 182 371 359 395 219 
2.80 7.89 7.41 2.1200 2.8400 1.7000 4.5256 -0.7089 0.1400 2.23 8.27 4.75 184 393 361 409 222 
9.29 12.03 2.05 5.1700 4.3000 -2.4600 2.4478 -1.0067 6.7400 7.96 5.30 2.15 166 363 254 282 221 
6.35 2.03 3.35 -3.2300 2.4000 -0.0700 -1.2089 1.8578 4.6933 8.26 -3.20 4.19 175 291 156 169 164 
2.49 -5.81 4.34 -3.7900 2.2100 -0.3000 1.6211 -1.3344 1.9800 5.97 -6.88 3.60 172 293 149 171 171 
4.27 -5.63 1.77 -1.1000 0.8600 -1.8400 -0.4900 -0.3267 0.3900 5.41 -7.50 3.24 167 297 153 172 172 
10.15 -11.62 1.34 4.7700 -3.3100 -1.9600 1.5567 1.2567 -0.0389 4.78 -7.28 4.48 168 308 161 175 170 
3.73 -5.80 2.64 -1.1000 0.6600 -3.9300 2.3889 2.3200 -1.0011 3.37 -4.78 7.86 170 321 165 176 172 
-1.08 -1.81 6.89 -3.8700 1.1500 -1.6000 1.7778 1.7033 -0.9456 1.22 -1.83 9.55 166 325 164 178 172 
-3.08 2.48 11.02 -3.0100 3.2100 1.0000 -0.0622 -0.0767 -0.5200 0.55 -0.87 9.75 165 326 166 179 173 
0.25 0.37 9.55 -0.8500 1.6300 0.0000 -0.6678 -0.6767 0.4689 1.19 -1.65 9.59 167 325 168 179 173 
-2.46 -0.75 8.18 -5.4500 0.8000 -1.4000 -3.4744 -3.2156 0.6889 3.90 -5.07 7.42 172 299 175 194 192 
4.41 -6.47 -1.10 -0.9800 -0.2800 -6.1800 -1.3400 0.8044 -3.7200 6.78 -5.38 4.60 184 177 183 205 208 
13.29 -1.77 1.23 -0.8500 0.1200 -3.6500 1.6489 -2.7278 -2.1633 9.42 -1.58 2.19 194 156 169 191 194 
11.00 3.94 0.88 -1.3100 4.2200 1.3500 1.5856 -3.0389 -2.1389 9.53 1.84 -1.34 197 159 165 192 190 
12.18 4.94 -0.19 0.4600 1.5600 1.9800 0.2356 -0.2733 0.2167 9.32 2.28 -1.99 199 161 167 193 189 
8.78 2.99 -1.41 -0.6800 0.7000 0.4700 -0.2589 0.0767 -0.1189 9.33 2.40 -1.81 198 161 170 197 192 
11.46 3.57 -2.16 1.1100 1.5400 -0.2800 -1.1733 2.9400 -0.8511 9.27 3.15 0.42 178 331 230 254 205 
6.99 3.08 1.90 -1.3200 0.6100 1.3100 -1.9367 4.7956 -1.7667 6.16 4.07 6.44 116 389 207 211 167 
7.82 5.34 4.94 3.3900 1.8000 0.3400 1.8167 -0.8189 0.3367 6.45 5.27 5.16 111 387 202 207 163 
12.24 7.56 8.59 4.4400 2.9500 4.6400 -0.4178 -0.3011 2.8344 8.25 3.41 4.03 117 386 201 209 164 
3.47 1.21 5.26 -5.4600 0.3900 0.1500 -0.8256 1.1256 2.0656 8.08 -0.63 5.51 120 385 203 212 164 
1.87 -0.54 3.88 -6.7200 1.5400 -3.1900 -1.4167 -1.0878 -1.1611 8.49 -1.87 4.51 122 391 205 214 165 
8.60 1.85 -0.79 -1.0200 1.9100 -3.9600 0.1600 -1.7600 -1.9678 9.52 0.72 2.21 120 390 207 216 165 
12.46 3.96 -2.15 3.2800 1.9100 -2.1000 1.4956 -1.1244 -1.8511 9.08 3.67 -0.30 122 390 208 216 168 
14.59 7.52 0.95 5.5400 3.3500 2.5900 1.1956 0.6367 0.6700 8.90 3.98 -1.00 124 385 208 214 169 
;
