2.25 2.75 10.72 -0.7600 -0.7500 3.3400 3.5600 -0.8256 0.4889 2.93 4.96 7.93 177 378 360 427 227 
12.17 8.14 4.21 6.9200 5.7600 2.6700 -1.4678 -2.9544 6.6133 8.75 1.61 4.11 186 337 308 347 226 
2.57 -3.38 0.99 -5.5000 1.2600 -2.8700 -0.4844 -4.2022 6.0922 6.48 -7.20 1.46 177 321 254 279 225 
2.32 -6.00 -2.66 -2.2000 0.3000 -4.0900 -0.9789 -1.4878 1.0989 2.73 -9.23 -1.83 180 328 194 225 228 
3.87 -10.18 -1.56 -0.2400 -0.8500 0.3600 -0.0578 -1.7122 0.3456 2.27 -9.22 -2.44 168 300 167 170 180 
5.82 -14.20 -10.11 2.3400 -3.2700 -7.7400 4.2000 0.6644 -1.4422 3.41 -9.14 0.95 159 300 159 179 177 
1.73 -2.75 0.61 -2.6000 5.7600 -3.4300 4.4722 2.0167 -1.1044 3.62 -5.43 7.31 155 306 171 186 182 
1.25 1.04 11.63 -1.7300 3.7800 2.6600 -0.3200 0.0278 -0.2600 3.14 -4.03 8.36 156 313 173 185 180 
3.17 -2.69 10.05 -0.0900 2.5600 2.1000 -3.1211 1.8422 -0.5033 2.44 -6.03 7.33 177 320 156 204 219 
1.55 -5.31 3.35 -1.6700 1.5500 -3.0200 -1.1611 3.7411 -4.8467 2.88 -7.29 5.88 180 332 276 322 223 
5.41 -3.06 5.48 -0.2300 0.1600 -2.1000 1.3911 2.8622 -5.0156 4.86 -2.96 7.97 177 347 323 367 223 
15.36 2.24 9.67 6.4500 1.6600 1.6400 0.2411 -2.0144 0.9222 7.66 -1.19 6.00 182 345 319 356 222 
8.75 -0.89 5.84 0.3500 0.5800 0.6100 -0.4089 -0.8111 0.4033 8.45 -1.89 4.59 182 340 272 290 223 
13.04 -5.61 3.98 6.4200 -1.3200 0.2800 0.7867 -7.8756 4.5822 8.04 -5.50 -1.05 171 286 168 186 188 
4.74 -7.71 -9.26 -0.7000 1.0900 -8.4100 5.2689 -0.6944 1.1233 4.12 -8.84 0.94 160 304 182 189 178 
-0.14 3.75 5.64 -5.5000 11.9500 3.4600 4.3600 1.9178 0.2244 2.61 -4.99 8.02 157 310 184 192 180 
2.52 -3.08 7.88 0.1700 0.8400 -0.7100 -0.4900 0.1089 -0.0222 2.05 -4.82 8.28 153 315 183 194 182 
;
1.73 -4.71 8.84 0.0600 1.0300 0.8000 -1.3022 1.0778 -0.8856 1.83 -5.64 7.80 169 322 180 198 202 
-3.38 -5.39 3.42 -3.5700 1.8100 -3.7700 -0.8822 3.9356 -5.2956 1.38 -7.01 6.70 181 345 267 307 227 
2.03 -2.62 2.68 -0.9200 1.8900 -4.7300 2.8367 0.8356 -4.7133 3.91 -2.96 8.48 178 355 316 355 222 
5.65 3.01 5.90 -0.1200 4.4700 1.0900 3.8889 -1.0389 -1.6111 4.78 2.41 8.21 179 375 308 392 221 
4.81 10.29 8.67 3.6300 10.5600 -1.3600 -2.9022 2.4256 -0.9644 3.59 4.70 7.81 161 387 334 399 223 
2.37 4.02 5.82 -0.6400 -0.0700 -1.8600 -0.2211 -0.2533 0.1856 3.87 4.20 7.96 167 381 339 399 222 
4.09 4.24 7.33 0.1100 0.0400 -0.3300 -0.0033 -0.0311 0.0600 4.08 4.08 7.92 165 380 340 401 223 
3.82 3.97 7.78 -0.3000 -0.0800 -0.1400 -0.0411 -0.1411 -0.0344 4.15 4.08 7.89 167 378 348 400 226 
9.66 7.05 11.03 5.5500 0.4100 4.8100 -1.2100 -5.6744 3.5933 9.13 2.19 2.80 172 333 257 298 224 
2.09 -0.98 0.16 -10.1300 0.9200 2.8800 -0.1311 -2.7422 -0.2067 8.69 -0.92 -4.43 169 310 204 214 220 
8.15 -0.64 -8.42 2.2600 0.4300 -2.7000 0.2733 -2.5000 1.5400 6.43 -0.78 -7.35 169 299 162 186 188 
12.15 -6.64 -19.11 3.8200 -0.3000 -10.4300 6.7444 1.0056 1.6211 4.29 -7.42 -4.74 148 301 176 195 185 
1.36 -1.05 -3.50 -3.6900 7.9100 -4.4400 5.8211 2.1144 -0.3167 4.07 -7.56 4.73 143 307 178 203 184 
0.36 3.73 14.64 -1.8000 7.6600 5.7800 -0.7344 0.7044 -0.5678 3.20 -5.40 7.52 144 308 188 203 188 
2.70 -5.22 7.31 -0.3800 1.4900 0.0000 -2.3756 3.5644 -1.8167 2.15 -6.97 6.55 145 322 202 224 226 
-0.22 -6.01 5.23 -4.4400 1.3900 -1.7000 0.0911 1.3911 -4.9933 3.94 -6.38 6.31 175 347 282 334 223 
1.90 -1.88 4.25 -4.8500 1.3400 -3.7100 1.2833 -1.7267 -3.5000 6.61 -1.54 7.06 179 348 304 353 223 
17.11 1.81 5.52 6.5000 0.7500 0.4200 -0.1467 -3.4944 1.0511 9.50 -0.93 2.21 174 350 324 360 226 
12.83 -4.96 -3.05 6.9100 -1.9000 -1.3300 0.0622 -4.9867 2.4756 8.13 -3.83 -3.90 173 286 166 183 183 
9.92 -6.34 -13.17 3.3200 0.9600 -7.5600 5.1589 0.3644 1.1500 4.00 -8.25 -3.46 143 288 179 196 179 
1.40 -3.10 -3.89 -2.5400 6.5800 -5.6000 5.9600 2.3422 -0.5522 3.51 -7.60 5.09 150 301 180 199 180 
0.09 3.41 15.20 -1.9200 7.4800 6.5200 -0.2667 0.4978 -0.7444 2.83 -5.14 7.85 149 304 189 201 182 
2.37 -4.50 7.49 -1.0000 1.0600 0.6300 -0.6144 -0.1711 -0.0078 2.89 -5.95 7.23 159 312 185 201 190 
0.72 -2.60 8.48 -1.5900 4.0100 1.1200 -3.3578 3.5733 -2.9189 2.87 -7.62 5.45 176 321 215 258 226 
0.37 -3.68 1.55 -4.0300 2.8200 -4.1500 0.2200 2.3011 -5.5756 5.44 -5.46 6.05 178 351 272 344 222 
9.85 5.74 5.84 3.1200 4.9400 -0.2900 2.9611 1.7367 -3.7422 5.61 2.21 7.73 178 370 303 390 221 
5.69 7.45 11.64 1.1200 4.7100 4.7000 5.1778 1.4289 -1.1567 4.07 6.08 6.52 150 382 340 410 222 
;
