3.38 0.07 9.15 -0.0400 0.0700 -0.0300 -0.0156 -0.0122 0.0033 3.41 -0.04 9.19 181 352 354 357 220 
3.12 -0.05 9.38 -0.1500 0.0700 -0.0900 0.0178 0.0278 0.0056 3.38 -0.02 9.20 181 356 355 357 219 
2.72 1.38 10.93 -0.3900 0.4300 1.5400 2.7222 -0.0122 0.2911 3.07 2.63 8.93 192 383 358 376 220 
6.77 6.35 10.55 1.3700 2.4100 2.0000 -2.3422 -3.6144 3.3944 7.19 1.17 6.55 182 319 243 231 219 
2.72 -4.28 1.83 -5.3100 -0.4000 -3.8600 0.2922 -7.3733 4.5978 7.43 -6.36 0.62 162 227 154 146 198 
5.53 -3.68 -0.61 -1.1100 3.0700 0.9100 0.1344 -2.7089 1.0511 3.75 -8.44 -3.28 125 250 159 163 198 
4.21 -11.38 -6.84 2.8300 -3.0700 -3.2000 0.4533 -0.0422 -0.2044 2.88 -8.70 -3.46 125 253 165 166 199 
5.64 -10.99 -5.60 1.3600 -1.5500 -3.6400 2.2144 1.9533 -1.1978 4.37 -8.77 -0.30 131 260 163 168 199 
4.32 -6.98 -1.28 -0.6700 1.6100 -4.2800 2.4633 3.3744 -1.3400 4.98 -6.67 5.16 132 262 168 170 198 
-2.52 0.37 9.52 -6.8700 5.1100 2.3600 1.1667 1.6267 -0.6811 2.79 -4.10 8.45 128 266 169 171 199 
3.01 -3.02 8.21 0.2800 1.0300 -0.2900 -0.6800 -0.3844 -0.3178 3.11 -4.55 8.10 134 265 171 171 200 
3.39 -3.73 7.86 0.3500 1.9500 0.0000 -3.1544 2.5189 -0.4889 2.05 -6.55 7.00 157 238 169 181 215 
4.35 -7.78 0.78 4.7700 1.8100 -2.0200 -4.1933 7.2656 -1.0678 -0.65 -9.50 2.32 169 263 284 289 213 
-2.38 -9.77 -1.92 0.0500 -0.2100 -0.6200 -3.6989 4.4556 1.3789 -1.54 -8.61 -4.42 176 273 310 343 216 
-1.46 -9.91 -6.71 -0.3800 -1.4100 -0.1200 -0.4333 0.7878 0.1656 -0.94 -7.88 -5.75 176 262 290 313 218 
-0.66 -8.01 -5.63 -0.1200 -0.5500 -1.2600 0.0478 -0.2344 -0.2489 -0.87 -7.76 -5.92 168 256 272 297 218 
-2.79 -5.80 -4.68 0.6700 5.1000 3.5700 6.3344 -0.2456 -1.6256 0.58 -9.71 1.17 171 263 291 303 218 
2.47 -6.81 4.12 0.4700 1.4400 1.9200 -5.4656 0.0411 1.6622 -0.40 -9.57 -2.08 170 268 286 305 220 
-2.06 -6.40 -10.15 -0.9000 0.3200 -3.2200 -1.9444 0.4044 0.3856 -1.42 -5.62 -7.90 169 268 287 307 220 
-4.55 -6.72 -16.26 -2.7100 2.2300 -6.5300 10.0167 -0.5644 -2.8044 0.14 -9.64 -1.74 171 265 278 301 221 
2.42 -8.19 3.64 1.4200 1.3500 2.7200 -1.1167 -1.7111 0.5356 0.22 -9.78 -0.66 176 268 286 300 220 
0.76 -7.34 -2.95 0.2500 2.4400 -2.6100 3.0611 -1.1300 -0.4889 0.61 -9.71 1.17 169 272 285 308 220 
1.80 -3.36 1.90 0.6100 5.6900 -2.9000 6.4000 0.0556 -2.1811 3.00 -5.16 7.77 180 317 316 330 219 
;
6.19 1.27 16.12 0.7200 3.3600 4.8500 2.0211 2.8944 0.0511 1.10 -0.39 9.73 178 366 332 370 225 
1.95 0.69 8.00 1.7500 2.1100 -0.6900 0.3022 0.2867 0.0167 1.40 -0.01 9.70 179 374 347 376 227 
1.56 1.06 9.55 0.4400 1.1900 -0.1000 -0.1822 -0.1833 -0.0244 1.53 -0.23 9.68 179 374 348 370 227 
-0.11 0.21 11.37 -2.0900 0.7000 3.3000 2.0578 -3.8833 0.4378 4.08 0.95 8.86 182 352 323 354 226 
10.47 1.18 5.64 2.4300 1.7700 0.3400 -0.8367 -5.9522 5.3433 8.90 -3.07 2.72 175 274 174 184 218 
3.41 -4.07 0.50 -4.2500 3.2700 1.9800 0.6100 -3.7967 2.4022 4.81 -8.22 -2.31 164 255 164 171 185 
4.59 -8.27 -4.42 0.8500 0.1600 -2.0800 0.3733 -0.6500 0.1989 3.75 -8.69 -2.55 157 262 168 172 187 
7.23 -11.90 -6.50 3.8300 -3.1400 -4.8900 1.4456 1.0822 -0.6544 4.28 -8.78 -0.84 154 268 172 175 188 
5.00 -9.03 -3.41 0.0700 -0.6500 -5.9600 3.3233 3.4089 -1.5522 4.85 -7.05 4.77 150 273 175 177 187 
-3.49 2.18 9.03 -6.4800 7.0900 2.5200 1.6778 1.3778 0.1744 2.47 -3.49 8.81 155 280 176 178 185 
2.56 -2.18 8.53 0.8000 1.5400 -0.2300 -1.0122 0.1178 -0.4011 2.35 -4.10 8.58 156 276 177 179 190 
3.00 -4.32 6.42 1.9200 2.3400 -1.4900 -3.8267 2.5733 -0.5867 1.12 -7.10 6.66 169 231 176 178 198 
3.99 -6.68 0.93 5.2600 2.0500 -2.0700 -4.6633 7.0944 -1.4411 0.24 -9.76 0.92 172 230 226 232 211 
-1.04 -11.95 -2.76 -0.1000 -2.8300 2.0500 0.6956 0.5089 -0.9744 1.94 -9.56 -0.92 175 274 289 306 209 
3.96 -13.51 2.56 1.9300 -3.1800 3.2900 -3.1044 1.1644 0.5900 1.93 -9.00 -3.36 177 277 305 337 213 
1.35 -5.68 -6.92 -0.5000 1.8000 -1.1200 -1.9600 -0.3311 0.7211 0.96 -6.85 -6.94 176 260 282 305 215 
-1.71 -5.02 1.15 1.3100 3.2700 9.9700 4.4389 -0.6844 -0.5289 1.53 -9.61 -1.16 174 263 285 309 215 
1.25 -8.40 -1.14 0.0900 0.5900 1.1900 -3.1800 -0.0156 0.5767 0.80 -8.66 -4.52 177 266 283 311 215 
-0.69 -6.40 -8.88 -1.3500 0.7600 -2.7800 -0.7767 -0.3000 0.0989 0.04 -6.90 -6.96 175 264 277 306 215 
-5.00 -3.72 -6.54 -2.3400 5.7300 6.4100 6.6956 -0.1189 -2.2756 2.08 -9.57 -0.33 154 269 290 307 215 
3.84 -7.77 -1.56 -0.5800 1.4400 -3.3700 2.2478 -0.6444 0.0200 2.87 -9.17 1.91 177 281 302 317 216 
4.61 -2.52 4.05 1.9100 5.1800 0.3100 4.6267 2.1300 -0.6911 2.57 -5.58 7.63 177 313 313 339 214 
0.32 -2.22 11.68 0.0900 1.7500 2.8700 2.5211 0.3544 0.3356 1.46 -2.04 9.47 178 348 324 363 213 
;
