2.85 2.06 9.06 -0.4900 0.1200 0.1200 0.0022 -0.1967 0.0056 3.76 1.99 8.83 177 291 302 316 214 
2.66 1.88 9.11 -0.7700 -0.0800 0.2800 0.2678 -0.0200 -0.1333 3.63 2.18 8.84 180 281 297 312 213 
14.70 4.94 15.22 8.3600 3.7300 4.2200 -2.9722 5.5178 4.0667 2.28 0.00 9.53 180 189 187 213 199 
-1.01 0.02 0.33 1.9200 3.6600 -7.7000 0.0344 4.9022 4.1300 -6.50 -0.82 7.29 182 159 165 184 180 
-8.54 3.48 1.49 -2.1500 0.5500 -2.0500 1.3156 0.4911 1.7900 -8.36 3.54 3.69 191 163 164 180 178 
-9.75 7.00 5.98 -2.5300 2.9900 2.1800 -0.0622 -0.8278 0.0056 -7.42 4.07 4.94 193 170 176 187 180 
-9.55 6.20 8.47 -4.1400 2.4900 -0.6000 1.9189 -10.2900 0.8344 0.90 4.65 8.58 185 371 219 242 204 
9.45 2.46 3.26 0.7800 -0.0300 -2.5200 -0.2600 -2.4122 4.7489 8.10 0.24 5.51 171 368 184 215 186 
5.01 -1.66 3.44 -3.2200 -0.6100 -2.1500 1.2644 1.0967 0.5900 7.34 -0.74 6.46 168 364 184 216 184 
4.26 1.98 6.74 -1.6600 2.3500 -0.2400 0.5422 0.4133 -0.3756 6.46 0.52 7.35 167 363 186 220 186 
5.77 2.72 7.38 0.1100 2.2300 -0.5600 -0.6789 0.2978 -0.8378 5.93 0.70 7.77 166 368 189 222 185 
6.63 1.93 7.28 1.0000 0.9000 -0.6400 -1.0544 0.7267 -1.4144 5.27 0.65 8.24 165 371 188 224 186 
4.82 -0.39 7.67 0.1800 -0.7300 -0.8100 -0.9111 1.2033 -1.3500 3.79 0.43 9.03 168 378 186 225 187 
0.97 -0.82 10.17 -1.5600 -0.9300 1.2000 0.0133 -0.0178 -0.5133 3.01 0.61 9.31 168 384 188 227 187 
1.62 1.44 9.48 -3.1800 0.4700 0.2500 0.2267 -0.9356 0.5278 3.62 0.57 9.09 177 359 203 236 196 
3.47 -2.57 8.46 1.4800 -3.4300 -0.5000 -0.1644 -0.3756 0.4100 4.64 0.15 8.63 180 359 314 340 213 
7.81 -0.19 6.81 3.0100 0.0000 -0.6300 1.0633 0.2367 0.9733 4.65 1.15 8.55 189 390 338 383 210 
6.23 4.10 6.86 0.8100 3.1600 -1.7600 1.2067 -0.2500 1.2311 5.10 1.65 8.20 196 397 347 394 216 
4.34 6.67 7.69 -1.1100 4.6100 -0.2000 -0.1956 -0.1689 -0.1511 5.56 1.98 7.82 195 357 329 378 218 
5.51 4.42 6.42 0.4500 2.7600 -1.5100 -1.7722 -0.4456 -0.8711 5.75 0.91 7.88 193 311 316 378 220 
6.91 0.56 5.88 0.7700 0.8000 -2.1000 -2.7489 -0.3522 -0.4156 5.99 -1.61 7.59 191 270 324 385 225 
6.23 -4.14 5.75 -0.7100 -0.9300 -1.4500 -2.6222 0.0956 0.1300 5.86 -4.76 6.24 189 260 310 386 226 
4.61 -8.58 4.46 -1.6500 -3.1000 -1.1300 -0.3956 -0.0444 -0.4122 5.98 -5.68 5.28 188 267 309 381 226 
5.83 -5.48 5.64 -0.8600 -0.1000 0.1800 0.5678 -0.2822 -0.0256 6.10 -5.25 5.58 187 271 308 382 223 
;
