0.65 0.00 9.76 0.1100 -0.0200 -0.0200 0.0011 0.0011 0.0000 0.51 0.00 9.79 169 330 340 355 212 
0.64 -0.04 10.06 0.1700 0.0000 -0.0600 -0.0011 0.0089 0.0011 0.51 0.00 9.79 169 332 341 354 212 
0.54 -0.07 9.84 0.1800 -0.0300 0.0600 0.0000 0.0622 0.0211 0.47 0.00 9.79 171 332 340 356 212 
-0.74 -0.65 10.95 -1.2200 -0.7800 2.7000 0.7900 -1.0322 0.7033 0.96 0.49 9.74 173 289 302 303 212 
4.40 -0.74 10.21 3.4400 0.2300 0.2000 -2.7411 4.1333 2.7433 -1.66 -2.58 9.31 178 178 162 179 205 
-3.44 -0.93 3.93 2.5600 1.6800 -3.2900 -1.2089 2.9911 3.8978 -7.47 -1.85 6.06 187 150 149 160 189 
-6.11 2.38 2.51 0.2000 2.4200 -1.0300 0.4256 0.6000 2.7978 -8.21 2.46 4.75 191 151 149 164 191 
-7.81 4.12 4.56 0.7400 0.9800 -0.4200 0.2222 -0.4500 -0.0056 -7.95 3.06 4.83 194 156 153 168 191 
-10.24 3.57 6.20 -2.9400 1.0000 0.9800 -0.0678 -1.4456 -1.8633 -7.75 1.97 5.66 188 181 174 179 199 
-5.47 3.59 7.66 0.6300 3.1100 0.0800 1.4600 -5.7600 -2.8578 -2.86 0.57 9.36 182 268 253 250 206 
2.26 1.51 6.85 -0.4100 1.3100 -2.6700 -2.6678 -5.0178 0.8733 4.81 -1.62 8.38 182 278 266 257 206 
6.59 -6.86 1.26 -0.7900 -1.9600 -2.7400 -1.2422 -6.2444 3.4700 7.16 -6.64 0.82 178 273 165 169 193 
5.75 -7.57 -3.25 1.0400 1.1400 0.4100 0.5622 -1.7689 1.4600 2.94 -8.96 -2.68 176 279 155 168 175 
3.61 -11.11 -4.42 2.1400 -2.3400 -2.0200 0.8144 -0.2144 -0.2211 2.53 -9.20 -2.24 178 287 155 171 173 
3.46 -11.32 -2.87 1.1000 -1.3500 -1.8100 2.6567 1.0756 -0.8489 3.34 -9.14 1.16 179 294 159 173 174 
3.22 -7.45 2.70 0.2300 1.1100 -1.3600 3.0333 1.8311 -1.0000 3.65 -7.01 5.79 182 301 163 175 175 
2.92 -2.50 5.98 0.0000 2.8700 -1.8100 2.9644 1.9444 -0.9056 2.41 -3.12 8.97 183 309 164 175 176 
-0.31 3.31 10.94 -1.9100 4.9000 1.6200 -0.0578 0.1611 -0.2222 1.69 -1.55 9.53 184 310 163 176 175 
2.48 -1.18 9.18 0.4200 1.0300 -0.1500 -1.2511 -0.5967 0.4056 2.22 -3.17 9.00 185 311 163 176 175 
2.47 -1.61 7.94 -0.7400 3.0700 -0.3300 -2.9767 -0.9667 0.8556 2.61 -6.17 7.15 186 303 160 176 178 
0.16 -5.13 1.42 -1.9400 3.2400 -2.7500 -5.2200 -1.0778 -0.4356 3.13 -9.27 0.60 180 275 197 199 199 
3.95 -7.69 -6.52 -0.6300 -1.0700 -3.8200 -4.0889 1.2322 -1.4789 4.76 -6.84 -5.15 167 278 209 237 206 
9.05 -5.58 -8.56 3.1300 -2.6600 -3.1200 -0.8978 7.1300 -1.8756 9.33 -2.53 -1.61 165 297 252 277 207 
;
5.55 -2.83 4.19 -2.3800 -0.4300 -1.8900 3.5500 7.8311 1.4522 3.00 -0.99 9.28 177 325 296 342 205 
-1.18 0.60 11.63 -2.5100 -0.3400 2.0500 0.3489 0.0333 0.0133 0.28 0.44 9.79 178 334 314 357 206 
0.24 0.18 9.68 -0.0500 -0.3200 -0.2800 -0.0111 0.0756 0.0578 0.06 0.51 9.79 179 336 322 358 205 
-0.86 -0.62 11.87 -1.2500 -1.6900 3.9500 0.2744 -1.4389 0.7000 0.89 0.71 9.73 178 296 292 298 207 
7.45 -0.82 10.00 4.7900 0.1300 -0.5500 -3.3711 4.6333 3.2822 -1.12 -2.49 9.41 179 177 164 185 206 
-2.36 -0.55 3.79 1.9400 2.7500 -3.4200 -0.9822 2.9089 3.9878 -7.04 -1.61 6.63 186 162 161 176 194 
-7.01 2.02 3.85 0.3100 1.4100 -1.0400 0.0056 0.6067 2.3544 -8.19 1.77 5.07 191 158 164 173 191 
-10.68 3.95 6.28 -1.5900 1.5000 0.6200 -0.3344 -0.2600 -0.1722 -7.95 2.34 5.24 192 160 164 175 194 
-8.88 2.88 5.35 -0.9900 0.6500 0.1300 0.1433 -0.5878 -0.5322 -7.83 2.20 5.47 192 166 162 177 193 
-8.19 3.66 7.41 -1.6000 2.4700 -0.0700 0.3689 -6.2889 -2.7489 -3.61 0.53 9.10 183 233 192 208 205 
2.19 2.97 8.76 0.5000 2.9100 -1.3300 -2.4378 -5.3233 -0.6200 4.46 -1.63 8.57 180 259 251 245 208 
4.01 -5.49 1.18 -3.9900 -1.1700 -2.7300 -1.2989 -5.9089 4.1244 6.86 -6.84 1.44 176 274 161 168 183 
1.14 -8.33 -2.59 -3.4000 -0.9400 -1.7100 -0.5511 -2.2000 0.9311 3.14 -8.73 -3.14 178 276 157 170 181 
4.92 -11.99 -6.05 1.7900 -3.8500 -2.9900 0.6689 -0.0311 -0.0611 2.81 -8.84 -3.16 175 286 160 171 181 
4.81 -11.57 -5.45 0.8100 -1.3100 -3.7100 3.2689 1.7300 -0.3944 3.41 -9.15 0.83 180 293 162 172 181 
0.88 -5.18 2.43 -2.4800 3.3700 -1.8500 3.2300 1.8356 -0.1522 2.65 -7.14 6.16 181 296 165 172 183 
-0.74 -0.48 8.68 -2.2600 4.9200 1.4000 1.3911 0.7356 0.0156 1.32 -4.75 8.47 184 300 165 174 184 
0.59 -2.48 9.63 -0.2200 1.9500 0.8900 -1.0700 -0.3311 0.0689 1.46 -5.46 8.00 185 300 167 174 184 
1.00 -4.36 7.28 -0.7200 2.6000 0.0600 -1.8356 -0.7011 0.0878 2.05 -7.22 6.30 182 301 168 174 183 
1.48 -3.87 3.85 -0.5100 4.0900 -1.0500 -3.7511 -1.1656 -0.8156 3.39 -9.00 1.89 184 287 169 176 184 
3.83 -7.48 -5.90 0.4600 0.9700 -5.5800 -5.3000 1.0533 -0.5844 4.09 -7.72 -4.44 178 264 178 195 199 
;
