3.23 4.03 8.28 0.0800 0.0400 -0.1100 -0.0111 0.0144 -0.0111 3.14 4.01 8.37 176 353 330 351 219 
3.24 4.03 8.27 0.1300 0.0000 -0.1300 -0.0033 0.0189 -0.0078 3.12 4.02 8.37 176 353 330 351 220 
3.22 4.07 8.25 0.0800 0.0300 -0.1300 0.0044 0.0267 -0.0078 3.10 4.02 8.38 175 335 331 352 218 
3.07 4.54 10.80 2.0700 2.1900 4.3100 0.2278 -3.3411 2.1700 4.94 3.99 7.46 168 272 278 286 217 
5.78 1.31 10.93 0.1100 -0.7000 2.4300 -4.1489 4.9444 3.5667 3.49 -2.13 8.90 171 169 166 214 212 
0.60 -0.14 2.44 2.4000 2.6700 -6.0900 0.4878 4.9911 3.3478 -5.20 -2.25 7.99 185 169 169 209 205 
-3.68 2.78 0.58 3.3100 1.7800 -4.3100 2.0411 2.3822 3.0778 -8.32 2.82 4.35 191 171 171 212 202 
-11.00 7.47 6.40 -1.8500 2.6300 1.6900 -0.2144 -0.1822 -0.2122 -8.19 4.00 3.60 192 174 176 213 200 
-7.65 4.45 4.02 1.1800 0.9400 0.7200 -0.4133 -0.6456 -0.0478 -8.09 3.75 4.05 191 180 179 215 203 
-5.10 4.45 4.81 -0.2900 0.5500 -2.8500 0.3589 -10.3733 -0.2178 -0.01 3.79 9.04 190 194 187 217 204 
10.89 0.33 1.13 1.9900 -0.9600 -2.8800 1.0633 -6.1722 2.9500 9.60 1.29 1.51 193 186 175 214 198 
8.02 -0.20 1.37 -1.6900 1.2300 3.1200 -0.1956 -1.2289 1.2178 9.48 -1.64 -1.86 194 185 179 214 195 
13.69 -2.07 -16.16 7.1200 -2.0900 -12.7300 0.7511 0.2544 -0.5622 9.33 -0.41 -2.97 196 186 182 220 197 
9.49 2.27 -3.33 -0.7100 2.2200 -1.5600 -0.6567 1.5244 -0.3044 9.71 0.01 -1.37 183 315 189 235 206 
8.14 1.32 0.42 3.4900 0.4200 1.0800 -1.2489 2.2367 -1.2778 9.64 1.72 0.33 137 403 240 228 188 
9.16 2.63 0.80 1.1500 -0.8100 -0.5800 0.5300 -0.8667 -0.9744 9.05 3.75 -0.14 126 394 186 194 180 
16.35 5.48 -1.46 7.5900 1.6200 -0.3000 1.5289 0.2333 1.4122 9.25 2.95 -1.31 130 393 199 198 183 
11.18 3.79 1.74 1.0900 2.6100 1.7100 0.2622 2.2800 1.8589 9.77 0.20 0.75 132 395 198 201 184 
4.41 0.58 3.00 -5.4200 2.4200 0.9700 -0.9167 -0.4311 1.1989 9.38 -2.43 1.46 133 393 204 203 183 
2.81 -1.10 -1.84 -6.2600 1.3900 -2.9100 -1.9789 -1.4944 -1.2667 9.44 -2.18 -1.44 134 398 201 202 183 
7.99 0.57 -7.11 -0.4900 0.6800 -4.4200 -0.3033 -1.6111 -2.1600 8.94 1.16 -3.84 134 402 206 205 183 
10.19 2.65 -9.46 2.6800 0.5600 -3.3600 1.0889 -0.7344 -2.2311 7.05 2.94 -6.14 133 402 208 205 185 
15.44 6.45 -6.16 7.1900 3.3000 0.5700 1.0644 1.8222 0.7356 7.59 2.34 -5.74 133 401 211 205 185 
;
