2.24 0.07 9.46 -0.0800 -0.1300 -0.0700 -0.0333 -0.0144 0.0022 2.24 0.19 9.54 176 358 334 357 217 
4.75 -1.00 11.61 1.1600 -1.3700 3.2100 -1.6878 0.1867 0.1744 2.55 -0.86 9.42 171 240 253 283 217 
1.84 -3.01 7.91 2.6300 0.5300 -1.3500 -2.2689 2.7333 4.1244 -2.34 -4.23 8.52 173 167 172 177 211 
-4.54 0.99 5.37 1.2700 2.5700 -2.4900 -0.0100 1.4844 4.8911 -6.97 -1.02 6.81 183 141 155 173 191 
-15.03 3.65 4.79 -7.9800 1.1200 0.1800 0.8478 0.1556 0.6589 -7.63 2.74 5.50 190 152 160 175 188 
-7.36 3.13 5.62 -0.0600 0.5700 -0.0100 -0.0711 -0.5367 -0.1511 -7.50 2.30 5.87 191 157 172 182 194 
-9.46 1.92 7.92 -2.9100 0.9300 0.4200 0.4744 -5.4878 -2.6422 -4.32 0.74 8.76 177 248 273 280 210 
-2.28 0.87 9.33 -0.9500 2.1700 -0.3100 -3.2333 -2.4733 -1.5133 0.12 -2.93 9.35 174 269 278 281 209 
2.99 -5.10 5.39 0.4400 0.9000 -1.4700 -5.1722 0.6267 -0.0467 1.74 -8.50 4.57 174 276 275 295 209 
-0.57 -9.19 -2.53 -2.0400 0.8500 -4.4000 -2.0056 1.9267 -0.7122 2.00 -9.59 -0.21 176 361 337 388 210 
4.74 -8.75 -1.92 2.0800 0.5200 -1.6100 0.5144 -0.4756 -0.1333 2.86 -9.37 0.16 180 378 344 390 211 
2.75 -10.56 -2.28 0.2000 -0.8500 -4.8400 2.8733 -1.0256 0.8122 2.13 -9.25 2.43 183 377 343 371 211 
2.50 -1.44 -1.19 -0.1000 6.1600 -8.7500 7.6756 -0.9000 1.2122 1.27 -4.12 8.80 182 372 347 395 211 
1.05 5.79 18.62 0.1700 2.4700 7.5400 1.6933 -0.6300 0.2578 0.94 2.80 9.35 184 372 335 395 212 
-0.16 3.42 11.04 -0.9300 0.5100 1.3200 -0.5200 -0.1167 -0.2756 1.15 2.52 9.40 183 374 347 393 211 
-0.44 1.99 8.82 -1.4400 -0.3600 -0.6900 -0.0444 -0.0956 -0.9878 0.81 2.27 9.50 180 378 338 370 211 
0.32 1.57 7.98 0.2200 0.0100 -1.8100 -1.6900 1.2667 -3.3489 -0.34 0.35 9.79 179 364 337 366 211 
;
