4.78 9.14 8.92 2.4000 4.1000 3.5000 0.8956 -4.1822 2.7567 6.17 5.89 4.82 177 307 311 319 225 
13.34 4.22 6.29 4.5500 0.5900 2.0800 -2.2256 1.1311 4.5922 8.84 0.21 4.23 177 231 202 221 216 
2.50 -3.07 1.22 -0.1400 -0.7800 -7.8500 -1.4133 7.2456 1.0178 -0.31 -3.20 9.26 184 180 159 187 183 
-2.29 -0.47 2.27 1.9800 2.2000 -6.1300 1.1711 3.5800 3.0967 -6.92 -1.01 6.87 190 168 163 180 175 
-12.16 7.91 4.43 -9.6900 5.7200 3.9100 0.9933 0.0300 1.8544 -8.01 3.61 4.34 191 174 166 183 176 
-8.14 4.14 5.52 -0.3600 1.5300 0.7900 -0.4178 -1.6856 -0.3911 -7.09 2.67 6.21 190 183 174 187 182 
-3.39 3.04 6.35 -0.7100 1.8600 -3.2500 -0.4389 -7.8878 -1.1378 0.70 0.96 9.73 192 265 244 265 207 
7.47 -1.48 1.35 0.2400 -0.9000 -3.9800 -1.5556 -6.3700 2.0689 9.23 -1.54 2.91 192 277 261 279 207 
13.42 -5.01 -0.21 3.8900 -1.6500 -0.0500 -0.6544 -0.4578 0.2378 9.27 -3.05 -0.85 188 268 232 235 208 
13.53 -4.75 0.00 4.2500 -2.1200 -1.6700 0.4589 5.4967 -0.1467 8.32 -2.80 4.36 190 194 173 196 179 
3.15 -0.94 -0.86 1.6300 3.0000 -10.1300 1.3533 10.6911 2.7311 -5.27 -1.01 8.20 193 180 167 194 179 
-7.42 5.70 2.43 -2.5200 5.5200 2.0800 1.6578 1.4089 2.3700 -8.16 3.99 3.67 195 174 175 192 184 
-7.90 4.66 2.92 0.2800 1.2100 -0.6100 0.0689 0.0644 0.0189 -8.09 3.74 4.07 196 177 181 195 188 
-6.68 4.53 4.68 0.8600 1.0200 -0.5300 -1.4456 -3.0089 0.0411 -6.92 2.92 6.29 196 209 181 203 193 
-3.32 4.14 6.79 0.6000 1.4400 -3.5300 -1.2789 -4.8844 -1.8011 -0.96 0.76 9.72 187 278 257 283 216 
3.59 1.24 4.19 -1.3500 -0.0100 -4.2200 -2.0633 -10.4189 1.8156 8.82 -1.00 4.16 189 289 301 344 223 
9.00 -6.62 -6.88 0.4100 -2.5600 -0.8900 -1.9556 -8.0133 2.7089 3.16 -4.19 -8.27 190 281 303 377 231 
2.50 -3.91 -13.70 -0.5100 -0.5800 -3.4600 0.1578 0.3289 -0.0100 0.71 -3.22 -9.23 195 298 310 390 233 
1.28 -2.95 -7.58 0.8100 0.6100 1.3400 0.0556 0.0344 -0.2589 0.94 -3.46 -9.12 197 301 306 386 232 
;
