1.18 0.73 9.67 0.1900 0.1000 -0.1100 -0.0133 -0.0044 0.0033 1.09 0.77 9.71 173 344 336 359 217 
1.18 0.77 9.62 0.1200 -0.0400 0.0000 0.0100 0.0278 0.0100 1.09 0.77 9.71 171 341 341 363 219 
1.24 0.74 9.70 0.1100 -0.0500 0.0100 0.0089 0.0344 0.0133 1.08 0.78 9.71 171 345 339 361 219 
0.56 0.59 9.75 -0.5500 -0.4700 0.7500 0.4611 0.4000 0.4033 0.87 1.05 9.70 175 329 331 352 216 
3.29 1.57 12.70 3.8500 0.1400 0.1600 -2.5256 4.3978 1.8633 -1.41 -0.78 9.67 178 199 192 221 214 
-5.76 -1.32 4.28 0.7800 0.6200 -2.9300 -2.0067 1.6189 3.4489 -7.34 -1.32 6.36 181 147 150 169 202 
-7.25 1.55 3.95 0.0000 1.4300 -0.6400 0.3644 0.5433 1.4733 -8.23 1.31 5.16 191 148 153 169 200 
-8.51 2.11 5.93 -0.1400 0.5100 0.4800 -0.3111 0.0500 -0.3611 -8.31 1.15 5.06 187 153 159 174 202 
-9.05 1.02 5.24 -1.1900 0.0200 0.0500 0.0644 -2.2467 -0.4900 -7.56 0.74 6.20 185 168 168 184 208 
-2.53 1.35 10.37 1.3900 0.0700 0.3400 1.1689 -5.5789 -1.6078 -0.60 0.64 9.76 178 289 282 283 209 
6.06 -1.09 7.13 1.9100 -0.7700 -1.4100 0.4811 -3.6678 1.4389 6.03 -0.05 7.72 174 331 315 321 212 
6.09 0.13 5.73 -0.3500 0.4000 -1.0300 0.5744 -0.2344 0.4889 6.87 -0.15 6.99 177 364 340 365 215 
6.12 2.22 6.72 -0.6600 2.4400 -0.2700 -0.3156 0.3200 -0.1167 6.68 -0.09 7.17 177 359 334 356 216 
6.25 1.55 7.56 -0.1400 1.6300 0.4400 -1.0600 0.2322 -0.6433 6.37 -0.39 7.43 179 310 315 338 219 
6.83 -0.42 6.63 0.3000 0.3100 -0.9600 -1.6178 0.0344 -0.7144 6.27 -1.38 7.41 177 269 277 350 220 
6.39 -2.39 5.92 0.2700 -0.0800 -1.3500 -1.6444 -0.1622 -0.4022 6.38 -2.75 6.91 177 240 242 349 224 
7.16 -5.13 4.78 0.5800 -1.7600 -1.2400 -1.4800 -0.6033 0.1533 6.93 -4.35 5.39 174 231 223 341 223 
8.09 -5.82 3.93 0.4900 -1.2700 -1.0200 -0.1000 -0.0700 0.0178 7.18 -4.60 4.82 176 241 226 337 226 
6.73 -4.14 4.20 -0.6600 0.6000 -0.9000 -0.0567 2.3322 -0.3611 6.68 -4.48 5.59 171 257 267 323 220 
5.62 -2.91 4.21 0.4100 0.7400 -2.3100 1.0711 2.3222 -0.8844 4.86 -2.87 8.01 168 278 292 323 218 
3.68 -1.04 9.15 0.2900 0.4900 0.5600 1.3589 3.0189 -0.5178 1.37 -0.90 9.66 171 299 313 325 213 
;
-0.61 1.60 12.99 -0.4400 1.0600 3.0200 1.1044 0.5011 -0.1533 -0.16 1.16 9.73 174 346 331 368 215 
1.10 0.82 10.75 0.4500 -0.5600 0.6700 0.0344 -0.0278 -0.0189 -0.50 1.30 9.70 164 350 335 370 215 
-0.10 1.06 9.84 0.4000 -0.2300 -0.0300 -0.0711 0.0056 -0.0322 -0.47 1.23 9.71 145 350 337 370 214 
-0.03 0.88 9.96 0.0400 -0.3100 0.7100 0.3978 -0.1111 0.1133 -0.29 1.36 9.70 171 342 334 361 216 
3.40 0.91 12.19 3.4500 -0.6500 1.7400 -1.5044 0.0889 1.1678 0.99 0.46 9.74 177 208 208 214 215 
-0.32 -0.62 6.72 1.0500 0.4700 -2.6500 -1.3878 3.5256 2.9456 -3.90 -1.40 8.88 177 153 152 179 206 
-5.86 0.39 5.06 -0.0200 1.1500 -2.0900 0.1211 1.5333 2.0456 -7.18 0.33 6.66 183 145 152 176 199 
-8.69 1.64 6.91 -1.0200 0.6100 0.5800 -0.0611 -0.2700 -0.0289 -7.37 1.03 6.37 185 143 153 176 197 
-7.40 0.57 6.66 0.1800 -0.5100 0.3000 0.1944 0.0267 -0.1178 -7.43 1.02 6.31 187 146 156 176 198 
-7.57 0.75 6.65 -0.8700 -0.0100 0.1400 0.0833 -1.9144 -0.5489 -6.66 0.69 7.16 183 163 170 186 206 
-3.21 -0.49 10.61 1.2800 -0.7100 1.0600 -0.3611 -4.6200 -0.8533 -0.28 -0.27 9.79 174 291 293 289 216 
2.71 -1.79 10.45 0.7100 -0.5000 0.8200 -0.1489 -1.2600 0.7378 2.56 -1.31 9.37 178 346 331 348 216 
1.91 -1.25 6.77 -0.2000 0.8000 -2.2500 -0.2444 -0.0700 0.3856 2.59 -2.01 9.23 186 347 328 357 218 
1.75 -0.02 8.77 -0.7300 2.4700 -0.0100 -1.4389 -0.2033 -0.5178 2.98 -3.04 8.83 181 277 282 344 221 
3.83 -2.68 9.05 0.9700 1.5300 0.4600 -1.9089 0.2167 -0.4478 2.85 -5.10 7.87 181 220 228 335 221 
3.94 -5.86 5.88 0.9900 0.1900 -1.3700 -1.4556 0.0556 -0.3789 3.15 -6.64 6.48 179 216 213 313 225 
3.75 -9.44 3.31 0.1400 -2.4900 -2.7800 -0.7600 0.2033 -0.4422 3.65 -7.35 5.35 179 223 232 318 227 
3.34 -7.92 4.54 -0.1100 -0.3100 -0.7800 0.2522 -0.4211 -0.0078 3.84 -7.20 5.42 177 228 233 324 227 
2.11 -5.91 3.14 -1.3000 1.0200 -2.8300 0.7211 0.6244 -0.8089 3.95 -6.75 5.91 173 256 278 312 218 
3.95 -4.21 5.04 1.0900 0.6200 -1.2000 2.4278 1.7000 -1.6411 3.82 -3.91 8.13 124 282 300 325 215 
2.75 -1.48 9.55 0.7100 0.5600 2.3200 2.1678 2.1822 -1.0000 1.41 -0.50 9.69 179 321 313 343 209 
;
