8.58 2.75 3.90 0.0500 0.0400 -0.0100 -0.0389 -0.0378 -0.0011 8.59 2.66 3.88 168 296 290 305 216 
8.46 2.84 4.28 0.2900 0.2100 0.3300 -0.5211 0.3900 -0.1689 8.44 2.58 4.27 158 283 279 297 215 
9.50 2.97 8.14 0.9400 -0.0500 4.4200 2.5444 -0.0711 -0.8078 8.11 3.70 4.08 178 292 290 314 216 
6.50 2.90 7.14 1.2400 -0.9300 -0.6900 -2.2167 6.4211 -0.9578 1.60 2.66 9.30 176 200 181 193 188 
-1.50 -0.02 4.43 3.0600 -0.9100 -4.3000 -0.9544 4.8633 1.9800 -6.52 0.72 7.28 187 151 153 162 151 
-7.31 1.40 1.65 -0.7100 -1.5600 -5.4800 0.6744 0.5611 1.3111 -8.03 2.66 4.95 188 153 148 166 157 
-8.86 5.94 10.36 -0.0500 1.0300 3.2500 -0.5756 -0.5744 0.3967 -8.14 3.56 4.13 192 158 156 167 161 
-7.36 3.32 4.20 0.9200 -0.1400 -0.0300 -0.1378 -0.0522 -0.0778 -8.17 3.36 4.23 193 161 159 171 163 
-8.68 3.93 5.15 -0.6200 0.7100 0.2500 0.5400 -4.6122 0.2711 -6.29 3.70 6.54 192 175 168 181 172 
1.26 4.06 7.41 1.7100 -0.1200 -1.8400 -0.9567 -7.8567 1.5733 4.09 3.41 8.23 189 174 164 181 172 
9.72 0.48 3.45 -0.2300 -1.6400 -1.8700 0.3978 -4.0567 2.4711 9.47 0.24 2.51 189 175 144 180 173 
7.43 -0.85 4.73 -2.4400 0.0500 4.3300 -0.4600 -0.5667 -0.6044 9.77 -0.74 0.32 192 173 150 182 173 
19.37 0.67 -11.84 4.6400 -0.4100 -6.9500 1.0967 0.2289 0.1422 9.77 0.81 -0.02 193 179 167 184 173 
9.22 0.94 -0.36 -0.9800 0.0300 -0.8100 0.0156 0.2533 -0.1522 9.77 0.74 0.38 193 178 166 183 173 
10.28 0.64 -0.76 0.3400 -0.3200 -0.7500 0.0756 0.3556 -0.3144 9.72 1.13 0.48 194 178 170 187 175 
;
