0.85 2.25 9.50 0.1000 -0.1300 -0.0100 -0.0133 0.0044 -0.0033 0.72 2.32 9.49 179 359 348 373 214 
0.89 2.24 9.65 0.1100 -0.1100 0.0600 0.0000 -0.0011 0.0000 0.73 2.32 9.49 180 359 346 372 212 
0.27 2.03 9.88 -1.2100 -0.5500 0.9700 -0.6133 -1.7178 0.3744 1.94 1.84 9.43 181 273 301 317 213 
5.97 -0.35 12.22 3.4000 -0.6800 1.9900 -2.4922 4.1000 1.5789 -0.85 -1.30 9.68 180 171 180 189 211 
-2.16 -1.48 3.56 3.0200 0.5600 -4.0800 -0.2878 2.8756 2.7322 -6.35 -1.42 7.33 182 145 154 179 202 
-7.00 1.64 1.21 1.1300 0.9000 -3.7000 1.6267 1.1467 2.3789 -7.88 2.48 5.26 186 151 158 178 199 
-7.92 4.34 6.70 0.9600 0.5100 0.0300 -0.3178 0.1133 -0.5411 -8.02 3.08 4.72 188 155 163 181 199 
-7.94 2.94 5.11 0.6400 -0.2900 0.0600 0.0056 -0.3011 -0.4444 -8.02 2.80 4.88 185 157 165 184 200 
-9.12 2.38 5.51 -0.8200 0.3100 0.2800 0.1478 -2.7011 -1.0400 -6.81 1.77 6.82 176 194 187 203 209 
-0.80 2.62 8.48 0.9600 0.6900 -0.1700 2.0622 -6.2622 -0.3933 0.67 2.46 9.46 180 324 291 281 210 
6.74 1.14 8.72 3.1100 0.0800 0.5400 -0.8922 -2.6756 1.7844 6.39 0.57 7.41 181 340 193 194 207 
6.52 -1.18 4.90 -0.9800 0.6900 -0.8400 0.1689 0.0889 1.0933 7.62 -1.47 5.99 156 335 178 182 191 
5.46 -1.07 5.14 -1.5900 0.7800 -1.1800 0.5844 -0.2333 -0.2178 7.41 -1.21 6.29 163 336 181 187 192 
8.73 1.49 6.70 1.1200 2.3900 0.6400 -0.6044 -0.4144 -0.9244 7.99 -0.50 5.65 160 337 182 187 194 
9.50 1.10 3.28 0.5100 0.4700 -2.9600 -2.6289 1.7656 -2.3000 7.53 -0.27 6.27 161 345 181 187 194 
6.70 -1.84 4.68 0.4100 -1.7500 -2.0400 -2.0433 0.5867 -1.7856 6.53 -1.00 7.24 157 350 178 187 192 
5.73 -3.71 9.20 -0.6100 -1.9100 1.1800 -0.2789 0.2100 -0.3956 5.93 -1.25 7.70 157 351 177 188 191 
5.33 -1.76 7.34 -0.9300 -0.5500 -0.2600 0.5800 -0.7611 0.0189 6.27 -1.11 7.45 163 348 175 191 191 
6.10 -0.86 5.83 -1.7300 -0.5200 -2.4300 -0.0189 0.9167 2.0089 6.34 -1.43 7.33 4 294 213 235 208 
6.54 -2.58 6.28 1.0600 -0.2200 -2.9000 -0.0200 3.1611 -0.0200 2.11 -2.44 9.26 166 331 303 323 210 
-3.98 -0.76 14.63 -0.4600 2.5800 3.5800 3.2544 0.1244 0.0433 -0.49 0.43 9.78 165 365 341 364 209 
0.69 2.67 12.33 3.0100 0.4300 0.7100 -0.5389 0.3356 0.0000 0.33 1.12 9.73 174 366 343 373 211 
;
