-0.10 3.45 9.29 0.0800 0.1900 -0.0200 -0.0667 0.0333 0.0289 -0.23 3.27 9.24 208 409 369 390 223 
-0.31 3.18 9.30 -0.0900 0.0100 -0.0300 -0.0033 -0.0067 -0.0378 -0.27 3.26 9.24 209 411 367 391 222 
-0.20 3.00 9.21 0.0000 -0.2300 -0.0100 -0.0122 0.0056 0.0100 -0.24 3.25 9.24 207 413 367 391 223 
-0.21 3.66 10.15 -0.1300 1.0000 2.2800 0.8378 -0.4789 0.2022 0.14 3.62 9.11 206 345 347 365 221 
10.64 0.81 9.76 6.6200 0.6500 4.0600 -3.2889 4.0322 4.4756 1.90 -1.28 9.53 192 187 176 189 183 
-1.63 -2.77 2.87 1.5600 1.2700 -5.1400 0.1122 4.3944 2.6278 -5.85 -2.16 7.56 195 163 160 173 155 
-3.73 1.03 0.44 4.6800 0.0700 -5.8900 2.1878 2.1178 2.8544 -8.38 2.36 4.49 201 165 162 178 158 
-18.19 7.85 8.08 -5.9200 2.2600 3.0400 -0.0867 -1.2278 -1.1511 -8.07 4.19 3.66 203 167 165 181 161 
-10.58 5.06 5.36 -2.8400 2.0300 1.2600 -0.2100 -2.8856 -1.2033 -7.44 2.99 5.63 198 183 176 191 178 
-6.72 5.20 8.56 -1.7200 3.9000 -1.6600 -1.2589 -7.7711 -1.8322 -0.73 0.42 9.76 190 293 262 264 198 
3.25 -3.08 0.82 -3.8000 -2.0400 -5.8000 -2.4256 -6.6067 4.8433 7.88 -4.88 3.19 168 345 281 290 218 
5.38 -9.65 0.93 -1.4600 -0.8000 3.1500 -0.2389 -3.5511 3.3022 4.86 -8.44 -1.03 151 323 191 195 151 
5.15 -12.27 -3.00 1.8600 -3.4100 -1.7100 0.8744 -0.6622 0.4289 3.30 -9.19 -0.87 152 316 191 195 155 
6.95 -12.39 -1.48 2.3300 -3.4800 -2.7500 2.6389 1.0033 -1.2644 4.43 -8.36 2.56 155 319 194 200 156 
3.50 -7.26 1.74 -2.1600 -0.3900 -3.6800 3.1322 2.4989 -2.0378 4.70 -4.49 7.33 159 323 195 203 158 
-0.89 1.46 7.35 -4.8600 3.0500 -0.1200 1.6278 1.6544 -1.6678 2.85 -0.29 9.37 159 326 198 207 158 
-0.06 2.16 9.95 -2.7100 1.8500 0.3500 -0.1644 -0.0467 -0.3900 2.31 0.27 9.52 161 327 196 203 159 
0.35 1.12 9.16 -2.1100 1.7500 -0.2800 -0.7911 -0.7822 0.1578 3.03 -0.51 9.31 163 326 201 204 161 
-0.97 -0.51 5.30 -4.1300 2.6100 -3.6100 -3.6844 -2.7678 1.0456 5.46 -4.42 6.83 163 321 198 206 162 
1.76 -7.87 -1.78 -4.7900 -1.3400 -4.4400 -3.0500 -5.4322 1.0467 6.82 -7.04 -0.11 172 261 211 243 192 
13.88 -9.98 -10.13 1.0400 -6.4000 -4.5400 -1.8956 -3.9489 1.3300 4.20 -5.85 -6.64 193 257 312 375 228 
3.20 -3.78 -9.69 0.4300 -0.8300 -2.3400 -2.1122 -1.8222 0.4789 1.83 -2.85 -9.19 199 278 315 381 236 
1.84 -2.50 -9.00 0.1500 -0.1100 0.5000 0.1633 -0.1844 -0.0033 1.61 -2.74 -9.27 201 283 314 379 234 
1.66 -3.35 -9.19 0.3600 -0.5400 -0.0300 0.1000 0.0000 -0.0700 1.55 -2.78 -9.27 204 285 310 377 235 
;
