3.40 0.05 9.18 -0.1700 0.0500 -0.0500 0.0067 -0.0322 -0.0267 3.53 0.03 9.14 182 360 342 347 215 
3.36 0.07 9.20 -0.1400 0.0100 0.0000 -0.0167 -0.0111 0.0044 3.52 0.03 9.15 182 358 343 349 217 
3.35 0.07 9.18 -0.1800 0.0100 0.0300 -0.0278 0.0067 0.0344 3.53 0.02 9.14 181 360 344 347 217 
2.08 -0.64 10.13 -1.6400 -0.8200 0.5700 1.2522 -1.9311 0.7789 4.43 0.54 8.72 171 346 318 347 216 
12.84 0.56 8.59 5.1200 -0.5900 1.8600 -0.3133 -1.1144 3.3089 7.05 -0.36 6.79 172 344 313 332 218 
9.06 -2.34 3.18 0.5000 0.6400 -2.4700 2.7811 -2.1978 2.1967 8.21 -2.38 4.78 169 353 316 353 219 
6.42 1.69 2.70 -2.8700 4.3300 -0.9800 1.7622 -0.0622 -0.2922 8.59 -1.47 4.49 170 330 316 367 220 
7.16 3.26 6.18 -1.4900 3.6600 1.6900 -1.1433 0.0322 -0.8811 8.78 -0.51 4.33 173 280 304 370 222 
9.47 1.55 3.79 0.5700 2.0100 -0.0200 -2.4533 0.4689 -0.3967 8.79 -1.29 4.14 173 247 272 360 224 
8.40 -1.71 3.49 -0.2100 -0.2100 -1.0700 -2.0656 0.4456 0.2133 8.37 -2.61 4.37 162 232 257 336 226 
6.59 -7.12 3.54 -1.2900 -3.1900 -0.1000 -0.6500 -0.1089 0.0044 8.27 -3.76 3.67 174 248 265 347 231 
8.70 -3.19 3.49 -0.4900 1.0300 -0.0800 0.1833 -0.7000 0.5511 8.28 -4.13 3.21 175 256 266 349 229 
5.69 -2.68 3.28 -1.3000 3.0700 -0.3500 -2.2578 1.7367 2.4456 5.96 -7.00 3.39 176 281 281 305 219 
1.39 -9.53 1.75 -1.3900 -0.9800 -0.0500 -4.1300 1.9644 1.2300 2.35 -9.51 -0.42 171 347 318 359 213 
3.10 -11.54 -4.07 0.6900 -2.1900 -1.7400 0.1056 -0.1044 -0.1222 2.74 -9.14 -2.24 180 352 327 379 216 
2.78 -10.02 -2.87 0.0000 -1.1600 -1.9100 1.3211 -0.4856 0.6356 2.07 -9.52 -1.04 183 339 333 380 216 
1.86 -6.12 -3.73 0.3900 5.0300 -5.7800 6.5078 -1.5178 0.2722 1.75 -8.07 5.28 182 337 331 379 216 
-0.45 9.63 13.99 -1.6500 9.1200 7.3900 5.6467 0.0178 0.6256 1.43 1.29 9.61 183 337 332 377 212 
-0.41 2.95 12.08 -2.2300 0.2800 1.4100 -0.5289 -0.4578 -0.3222 1.72 1.95 9.45 185 339 334 378 215 
0.61 2.08 10.10 -1.1800 0.2700 0.5900 -0.6267 0.0267 -0.1711 1.59 1.43 9.56 182 356 324 357 215 
-0.49 0.88 8.63 -0.8300 -0.0800 -1.5300 -0.5422 1.7856 -0.9344 -0.76 0.48 9.76 181 358 344 363 215 
;
