0.28 2.94 9.37 -0.0300 0.0400 -0.0100 0.0100 0.0122 -0.0356 0.28 2.92 9.35 204 363 352 368 232 
-0.21 3.15 10.05 -0.5100 0.2800 1.2300 0.7000 -2.3200 1.0222 1.46 3.34 9.10 203 324 327 349 230 
7.31 1.13 11.35 4.2600 -1.8700 0.4300 0.2544 -4.0222 3.0011 7.37 1.86 6.18 195 325 309 317 232 
11.54 -1.06 2.36 2.6800 -0.3000 -2.0000 3.0556 -0.0233 3.1689 8.61 -1.68 4.37 188 338 318 340 233 
6.67 0.65 2.77 -2.3500 2.1100 -2.9900 2.5522 1.0089 -0.6456 7.95 0.00 5.73 195 379 337 368 235 
5.39 4.80 3.79 -1.7400 3.9400 -1.4400 0.4589 0.3978 -0.7989 7.21 2.15 6.28 195 356 326 365 238 
6.77 6.31 6.40 -0.2400 3.6800 -0.6700 -1.4211 -0.1367 -0.6222 6.97 1.82 6.64 195 301 305 369 239 
7.61 2.68 4.73 1.1100 1.3200 -1.5300 -2.2933 0.1444 -0.7911 6.88 0.45 6.96 194 279 290 371 239 
7.62 -0.65 6.10 -0.5000 0.1500 -0.8600 -2.9222 0.1967 0.3089 6.78 -2.17 6.73 194 255 279 364 241 
6.04 -5.72 5.20 -0.7400 -1.5200 -0.3600 -2.4900 0.1478 0.7189 6.39 -5.36 5.14 194 252 262 345 240 
5.66 -7.05 3.90 -0.2400 -0.8700 -0.7200 0.0100 0.0822 -0.1867 6.42 -5.71 4.72 195 261 269 338 238 
4.23 -3.38 2.98 -1.7300 2.4800 -2.6400 -0.7478 2.7944 -0.3022 5.27 -5.79 5.89 152 239 249 244 209 
5.11 -5.52 4.01 4.7200 3.5900 -0.2700 -4.7867 4.0689 0.0111 3.44 -7.84 4.77 123 234 211 233 165 
1.31 -14.10 2.33 -2.0200 -4.6100 0.7300 -3.0622 1.1233 1.9056 0.78 -9.77 -0.06 123 242 214 246 169 
-2.50 -10.30 0.54 -2.0700 -0.3600 1.6400 0.1756 -1.0622 0.0467 0.26 -9.78 -0.54 126 246 222 256 173 
-1.43 -8.58 -3.99 -3.6300 0.9500 -4.6900 3.0778 -7.6644 -3.1000 3.09 -9.26 0.82 123 251 223 256 179 
12.30 0.34 -13.06 7.1600 6.7800 -7.1500 2.6278 -9.0678 -2.7511 5.47 -6.81 -4.43 125 250 229 251 179 
7.97 -5.34 -3.39 2.1600 1.2100 0.7600 -0.1211 0.1556 0.0300 5.71 -6.55 -4.52 125 251 230 249 180 
8.94 -4.28 -4.20 2.9800 2.3200 -0.8100 -1.7511 4.9522 -0.0700 7.08 -5.98 -3.20 139 243 245 252 197 
9.53 -4.37 0.30 3.8700 2.2100 -1.5100 -4.8256 9.2289 1.4389 5.47 -7.42 3.32 138 256 258 277 202 
0.76 -8.12 -2.72 -1.5100 0.0300 -4.4100 -3.4344 1.6167 1.9244 0.28 -9.75 -0.96 138 253 247 272 204 
-2.94 -9.24 -1.52 -1.3400 -0.4600 1.0700 -0.0889 -0.5133 -0.0378 -0.82 -9.57 -1.96 135 263 246 268 208 
-4.80 -10.46 -4.65 -4.2600 -0.1900 -3.9800 1.5400 -5.8322 -3.8711 0.88 -9.66 -1.43 134 258 237 268 213 
2.65 -4.05 -9.50 -2.6500 5.5300 -9.8400 4.5100 -13.6444 -5.0789 6.05 -7.34 -2.36 130 257 241 266 216 
13.27 -3.58 -3.71 4.6100 1.7900 -1.1900 0.5756 -0.8567 -0.1700 6.75 -6.09 -3.66 130 259 244 265 217 
;
