6.72 11.17 1.70 2.4100 3.6200 -0.5400 2.5389 -0.7956 1.2456 5.40 8.13 0.85 175 372 358 426 220 
14.61 6.71 -2.20 8.5900 1.9300 -0.6000 2.8056 0.6144 3.8789 8.82 3.85 -1.82 170 374 349 402 218 
6.94 0.82 -2.10 -3.9500 -0.7100 -1.5400 2.0267 1.9800 1.1422 9.65 1.31 1.13 171 378 350 399 219 
5.09 3.02 0.61 -4.0300 2.0700 -2.2800 0.4256 1.3811 0.1067 9.14 1.15 3.33 173 381 348 392 219 
6.74 5.39 3.96 -2.3300 3.9700 -0.5700 -1.9511 0.3433 -0.5711 8.70 0.92 4.42 171 316 315 363 219 
10.11 1.69 1.88 1.3600 1.5900 -2.5200 -2.6178 0.2756 -0.3367 8.60 -0.33 4.68 175 288 305 373 221 
8.80 -2.28 3.08 -0.1300 -0.9200 -1.2800 -2.6356 0.3556 0.2633 8.43 -2.08 4.54 177 245 274 375 221 
6.66 -3.99 3.90 -1.9300 -2.2200 -0.3100 -1.5100 -0.1422 0.4267 8.05 -4.41 3.44 175 238 269 387 222 
8.17 -6.68 2.33 0.4700 -1.1700 -0.5000 0.2856 -0.4744 -0.0067 8.17 -4.61 2.83 177 246 272 390 224 
7.06 -4.56 2.12 -1.1800 0.0200 -0.5800 0.3967 -0.8556 0.4100 8.24 -4.72 2.43 175 238 266 340 219 
4.49 -7.34 -1.44 -2.9600 -3.0600 -3.4500 -1.0356 4.3889 -1.2367 7.22 -4.31 5.03 116 184 202 218 195 
13.67 0.95 7.35 4.0200 3.3600 1.1000 0.8544 -0.2167 -0.6611 8.16 -1.75 5.13 99 181 207 215 188 
16.19 3.56 5.29 5.3500 4.8000 -0.1500 2.3878 -0.8756 0.5800 8.68 -0.33 4.55 98 161 177 176 155 
8.01 3.21 5.53 -1.3700 3.4700 1.8400 1.8356 -0.9189 0.9922 9.02 -0.53 3.78 100 165 173 172 154 
8.51 2.74 6.25 -0.8200 3.5000 2.7700 -1.5867 -0.1800 -0.2133 9.27 -0.76 3.08 101 168 180 181 159 
10.79 1.97 0.17 1.3200 2.9600 -2.2100 -2.7367 0.1411 -0.2456 9.41 -1.45 2.34 102 171 181 181 163 
11.72 -1.81 -3.80 1.7800 -0.7800 -6.2800 -2.0667 -1.1600 0.5289 9.48 -2.34 0.86 101 171 182 183 164 
8.43 -4.81 -1.70 -1.2000 -1.9300 -1.6100 0.6511 -0.1967 -0.4222 9.51 -2.16 1.00 103 173 185 184 165 
12.29 -1.29 5.60 2.8500 0.4800 4.0800 -1.0789 1.4589 -0.0367 9.52 -1.79 1.47 101 176 189 190 170 
10.31 -4.80 3.02 1.3800 -2.7500 -2.6100 1.3111 5.0278 0.9578 6.74 -2.50 6.66 135 203 208 198 166 
1.83 -2.13 5.36 0.1700 0.2100 -4.0800 0.8733 4.5578 0.7311 -1.35 -0.55 9.69 171 168 160 178 159 
-4.25 1.41 4.85 2.6600 2.6400 -1.9300 0.0378 4.3689 2.0456 -7.40 1.07 6.33 189 165 161 179 148 
-11.89 4.57 6.04 -1.8300 2.5400 1.9600 -0.2289 0.5589 -0.0056 -8.49 2.35 4.30 193 164 160 181 145 
-9.25 2.37 4.29 -0.4800 0.1100 -0.1700 0.0189 -0.2033 -0.1889 -8.39 2.22 4.54 192 166 163 184 147 
-8.04 2.37 4.72 0.1500 -0.0100 -0.0200 0.1000 -0.2656 -0.1344 -8.35 2.11 4.68 193 168 164 183 146 
-8.11 3.54 4.35 -0.5100 1.5200 -1.8200 0.7200 -5.8178 -1.0622 -5.28 1.93 8.03 187 225 216 221 176 
5.57 5.01 3.99 2.2300 0.4000 -3.7300 0.9011 -6.4044 0.9744 5.90 4.75 6.21 184 280 280 291 192 
;
