8.40 0.24 4.76 -0.2300 -0.0500 0.1600 0.0489 -0.0456 -0.0611 8.65 0.26 4.61 169 270 248 263 203 
10.59 0.89 5.10 2.4400 -0.1800 1.8500 1.4978 -0.8100 -0.7722 9.12 1.52 3.25 172 331 307 304 206 
13.22 1.90 4.34 3.2000 0.0000 0.1700 0.7667 2.7911 1.0789 8.47 1.63 4.65 171 355 319 334 207 
8.26 1.42 4.33 0.0800 0.1400 -1.7600 0.9967 0.7900 1.3067 7.58 0.98 6.14 173 369 328 350 209 
5.32 1.33 2.98 -2.3300 0.3900 -2.7800 0.9067 0.2756 0.3956 7.31 1.26 6.41 174 382 341 362 213 
4.41 3.09 5.81 -2.5900 1.7000 -0.6100 -0.3311 -0.1978 -0.2289 7.20 1.59 6.45 176 358 329 368 217 
7.71 3.87 6.84 0.2100 2.3200 0.3600 -1.6922 -0.4644 -0.5222 7.56 0.90 6.17 177 306 323 361 218 
7.93 0.56 5.45 0.0900 0.4400 -0.6800 -2.1144 -0.9989 0.2011 8.13 -0.79 5.41 176 272 316 357 219 
7.75 -2.08 3.94 -0.6900 -0.0300 -0.1800 -2.2178 0.0267 -0.1344 8.52 -2.43 4.19 181 243 289 339 220 
7.93 -5.40 3.82 -1.3300 -4.2000 -0.1200 -0.7867 -0.3656 -0.0322 8.63 -3.29 3.26 177 253 293 340 219 
9.82 -3.46 2.79 0.4100 -0.1600 -0.1900 0.3633 0.1100 0.1311 8.62 -3.22 3.37 178 259 292 341 219 
8.16 -1.57 2.50 -0.3000 2.1900 -1.7400 -1.1056 3.3656 0.2267 7.41 -3.62 5.29 180 252 288 281 209 
4.98 -3.77 8.05 0.1500 0.9300 1.0500 -3.0089 4.0300 1.7667 2.91 -6.22 6.99 183 323 327 355 209 
-0.05 -9.98 7.26 -1.0400 -1.4500 1.8100 -3.9411 0.5833 1.1222 0.90 -9.45 2.43 186 379 346 379 212 
-1.35 -10.78 -5.73 -2.0700 -0.6400 -7.0500 1.9367 -0.4122 -0.9456 1.32 -9.58 1.57 188 378 353 385 213 
5.79 -0.78 2.07 4.9000 7.3800 1.2800 6.0589 -0.3978 -1.1122 3.79 -4.76 7.68 191 374 351 382 215 
4.85 -1.24 15.97 1.5800 2.9800 5.3800 -3.9522 0.0233 0.7844 3.53 -6.33 6.60 192 375 355 382 213 
1.86 -7.52 -0.62 -1.8900 0.5700 -5.7800 -3.2722 1.2022 0.2922 2.10 -9.41 1.73 192 366 353 382 214 
1.48 -7.43 -5.03 -0.9700 2.1900 -7.0800 5.0667 -1.0211 -1.0700 3.18 -8.14 4.43 193 366 348 381 215 
6.48 1.08 17.88 2.5300 4.1400 10.4500 1.8478 -0.4333 -0.5167 4.66 -2.97 8.09 193 370 348 373 216 
5.79 -5.78 7.67 0.8100 -2.3500 0.0900 -1.2511 -1.6744 0.7156 5.50 -4.78 6.54 182 335 318 319 213 
7.27 -6.66 5.12 -0.6000 -2.1400 -1.6800 3.8611 0.2067 0.3678 5.85 -2.88 7.31 174 374 339 366 214 
5.62 0.49 6.08 -0.4500 2.0400 -2.2100 2.0300 0.3289 0.9567 4.98 -0.21 8.44 177 391 345 376 218 
2.60 4.13 7.83 -2.6600 3.6200 -0.6600 0.2856 0.6300 -0.1967 4.52 0.68 8.67 182 390 345 372 219 
3.98 3.62 9.29 -0.1400 3.3100 0.6200 -1.4633 0.0233 -1.1622 4.37 0.08 8.77 183 315 276 344 217 
5.18 0.44 8.03 0.1700 1.5900 -1.1700 -2.5444 -0.9867 -0.3089 5.27 -2.17 7.97 184 251 264 344 220 
5.60 -3.48 5.84 -0.0700 0.5100 -1.7600 -2.7889 -0.2778 0.2822 5.73 -5.21 6.00 182 223 252 330 219 
4.87 -9.57 3.65 -0.5600 -3.7400 -1.0400 -0.7156 -0.1933 -0.2444 5.89 -6.40 4.52 179 232 252 327 218 
5.74 -7.22 4.55 -0.4600 -0.5300 0.0200 0.3589 -0.2867 0.1344 5.98 -6.28 4.56 179 238 255 330 219 
;
