4.75 2.88 7.95 -0.8100 0.2400 0.4200 0.0211 -0.1033 -0.0122 5.80 2.68 7.43 169 314 346 370 215 
4.91 2.89 7.96 -1.0400 0.2300 0.5800 -0.0067 0.1178 -0.0356 5.67 2.72 7.51 170 310 347 372 213 
8.14 3.03 11.26 6.1200 0.9600 4.6300 2.0422 -4.2156 1.9011 8.26 3.21 4.18 167 343 327 335 214 
14.63 0.15 0.82 4.0600 -0.1600 -2.2900 3.6356 0.6544 3.3944 9.40 -1.47 2.35 168 375 333 363 216 
4.24 -0.51 1.19 -3.2900 1.6900 -3.9600 2.9056 1.6589 0.4878 7.60 -0.50 6.16 178 386 344 375 215 
2.56 5.56 5.09 -4.3800 5.1500 -1.6500 0.6567 0.9133 -1.1833 6.23 1.70 7.37 187 390 343 376 217 
5.57 6.84 7.21 -0.4100 4.0900 -0.8500 -1.6778 -0.1733 -0.8967 6.05 1.38 7.59 187 340 330 378 218 
7.00 2.18 6.44 0.9600 2.0500 -0.4900 -2.7656 -0.0233 -0.5978 6.14 -0.94 7.58 188 307 334 388 221 
6.64 -1.55 6.12 0.3800 1.0300 -0.7600 -3.2178 0.7111 -0.1111 5.73 -4.01 6.86 189 279 299 387 226 
3.85 -10.13 4.04 -2.0100 -4.3300 -1.8200 -0.9433 -0.0233 0.3178 5.47 -6.31 5.13 188 282 297 376 225 
4.26 -4.11 3.66 -2.2100 3.0900 -2.4200 -0.9667 0.7544 0.5922 5.00 -6.90 4.84 182 314 198 207 173 
1.34 -6.78 0.87 -1.8500 -0.4300 -3.1700 0.6589 -4.3767 0.6144 5.50 -7.60 2.82 171 375 187 188 161 
17.89 -8.19 2.27 9.6000 -1.1600 0.3800 0.0556 -3.3222 0.1100 5.92 -7.74 -1.03 164 394 199 193 165 
8.86 -5.78 0.58 2.9800 2.4100 1.5400 1.8400 -0.5878 0.2744 5.35 -8.21 -0.18 164 390 199 197 166 
3.13 -4.72 5.57 -0.1500 2.8300 4.4000 -0.6400 -0.4122 0.2000 5.15 -8.32 0.53 164 377 206 199 167 
5.90 -7.67 -0.55 0.8000 0.4100 0.0600 -1.3011 -0.5078 0.3544 4.78 -8.39 -1.65 166 392 207 200 169 
5.50 -8.07 -3.56 0.5800 0.5200 -0.9200 0.5111 0.3322 -0.1011 4.68 -8.47 -1.56 165 392 210 203 169 
6.51 -6.81 1.60 0.9400 2.1500 2.9300 1.1389 0.9933 -0.5667 5.07 -8.38 0.33 166 353 211 203 171 
6.88 -8.08 2.66 1.7400 0.0100 2.7300 -1.3478 4.1600 -2.3878 6.58 -7.24 0.57 173 199 218 217 182 
7.84 -3.49 0.84 1.0500 -0.0500 -5.3300 3.5378 10.0678 -4.0800 3.36 -0.89 9.16 189 169 200 190 158 
-7.30 4.36 2.98 -2.8200 1.2600 -4.9000 1.8433 4.9544 2.5133 -7.74 2.41 5.51 193 163 191 186 154 
-7.32 5.69 6.16 1.5200 2.7200 0.9700 0.1644 -0.2844 -0.3544 -8.22 3.06 4.36 194 168 187 191 158 
-9.70 4.01 3.77 -1.3100 0.8200 -0.9500 0.0233 -1.0422 -0.1667 -7.65 3.00 5.34 195 172 194 193 158 
-5.06 4.14 5.75 -0.6200 0.7600 -3.3100 0.5522 -6.9344 -0.2867 -1.29 3.21 9.17 195 254 260 251 192 
;
