4.07 5.74 6.80 -0.0200 -0.1100 0.0200 -0.0333 -0.0311 -0.0100 4.05 5.80 6.78 177 339 352 395 210 
4.19 5.65 7.16 0.5500 0.1300 0.8000 1.5289 0.0500 -0.2800 3.97 6.37 6.30 177 357 349 403 211 
17.82 10.04 3.55 7.5200 -0.8500 1.7200 1.6033 -1.5222 7.6122 9.05 2.99 2.26 180 380 353 376 213 
7.96 -0.05 1.56 -1.4200 0.0000 -3.3900 2.2433 1.5567 3.0567 8.37 -0.97 5.00 177 386 349 380 215 
4.98 1.55 2.50 -3.2500 2.3100 -3.4900 2.0233 0.6222 0.1622 7.70 -0.17 6.06 179 387 349 383 217 
4.93 4.67 4.16 -2.4100 4.6600 -1.1600 -0.3500 -0.6378 -0.0033 8.04 0.25 5.60 178 333 347 382 219 
9.52 3.65 4.81 1.1400 3.5000 -0.6700 -2.6467 -0.1833 -1.0378 8.23 -0.17 5.31 179 272 331 379 222 
8.75 -0.66 2.79 0.0200 0.6500 -2.0700 -3.4767 -0.1111 -1.3267 8.55 -1.39 4.59 181 248 303 382 224 
7.90 -5.01 3.09 -0.5000 -3.0900 -1.2300 -1.6367 0.2978 0.0611 8.33 -2.82 4.31 179 258 282 362 224 
8.02 -4.96 3.62 -0.3400 -1.5700 -0.4700 0.4011 -0.1644 0.0567 8.40 -2.82 4.19 183 259 289 345 221 
7.44 -5.23 3.14 -0.5600 -3.3800 -1.7500 1.5500 1.6100 -0.5456 7.79 -2.09 5.57 177 296 253 278 211 
8.55 -0.84 4.50 1.2500 -0.2500 -1.8200 4.0600 -0.2889 0.3011 7.83 0.73 5.85 177 367 332 378 213 
7.97 4.64 3.25 0.6000 2.7300 -2.1700 2.3856 0.3144 0.3811 7.68 2.85 5.38 181 391 341 388 213 
6.82 7.17 4.55 -1.0100 4.1100 -0.3600 0.1356 -0.1467 1.0756 8.00 2.50 5.08 185 393 347 388 217 
7.12 5.32 5.06 -0.6700 3.7700 -0.4300 -1.8711 -0.3422 -0.2233 8.15 1.49 5.23 184 335 333 360 219 
9.63 2.88 3.53 0.5500 2.0800 -1.5900 -2.9667 -0.4400 -0.0067 8.49 -0.65 4.85 183 263 301 355 222 
8.81 -2.40 1.45 0.3300 0.3100 -2.0100 -2.3922 0.3867 0.7178 8.56 -3.25 3.48 182 254 283 350 224 
6.23 -9.37 2.52 -2.1500 -5.0100 -0.5100 -0.8344 0.1478 -0.2744 8.30 -4.31 2.91 182 267 291 356 222 
8.62 -3.70 3.12 0.1800 0.6300 0.2200 0.3711 -0.2722 0.1489 8.51 -3.91 2.90 185 270 294 355 223 
7.52 -3.44 2.51 -0.9000 0.8900 -0.1300 0.3100 -0.5922 0.3222 8.51 -4.16 2.50 185 271 290 348 224 
5.38 -3.46 0.64 -5.4200 -0.3000 -2.7500 -0.2722 3.0167 -1.6900 8.20 -3.36 4.19 182 305 215 227 189 
4.57 -0.55 3.58 -3.8200 -0.2600 -2.4000 0.9022 0.7933 -2.5900 7.53 1.21 6.15 184 356 159 172 144 
9.76 6.69 5.76 2.2000 3.1100 0.7500 2.2478 -0.8867 -1.1856 7.62 4.57 4.14 188 362 163 176 146 
11.53 8.90 7.79 3.8800 3.6100 4.8000 1.1433 0.1733 0.9300 7.89 5.01 2.95 193 363 168 180 149 
10.81 4.77 4.61 1.6600 1.6700 0.9000 -1.0433 1.7167 2.8678 8.49 1.75 4.57 192 356 170 182 149 
1.73 -0.46 4.49 -6.8500 0.3700 -1.2900 -1.2889 -0.3089 1.0122 8.16 -1.76 5.13 191 358 173 185 151 
3.11 0.11 -0.27 -3.6000 2.4300 -4.6300 -0.5044 -1.6900 -2.0278 9.41 -0.47 2.71 189 359 174 186 152 
9.25 2.97 -1.75 0.0200 1.2100 -3.4600 0.9033 -1.6711 -1.9133 9.36 2.83 0.66 190 360 176 189 153 
13.56 5.92 -0.65 4.4200 1.7200 0.4100 1.2744 -0.4167 -0.9867 8.54 4.68 -1.10 189 360 177 188 154 
12.69 5.78 0.69 3.7700 1.4200 1.7100 0.3856 0.5889 1.6133 9.08 3.55 -0.97 190 364 178 187 155 
;
