4.12 4.31 7.64 -1.2000 0.6300 0.1600 -0.0122 0.0689 -0.0400 5.12 3.68 7.50 187 355 354 349 215 
5.93 4.43 8.68 -0.4800 0.5700 2.6500 1.7389 -1.5944 0.3822 6.09 4.44 6.27 185 362 341 362 216 
14.53 4.90 7.33 5.0800 2.2200 0.9600 0.2544 1.2400 4.5056 8.10 1.23 5.38 182 386 344 369 216 
6.45 0.30 3.15 -0.7200 2.3200 -3.9100 0.8267 2.9444 2.5489 4.93 -1.85 8.26 186 387 343 374 218 
0.15 1.29 3.12 -2.5700 2.5600 -5.9300 1.6200 -0.1644 0.5933 3.44 -0.67 9.15 195 397 350 387 222 
2.76 5.00 9.67 -0.2200 4.6100 -0.4100 -1.5544 -0.2067 -0.9356 3.50 -0.52 9.14 195 311 294 360 224 
5.51 1.70 8.90 2.1400 3.4000 -0.2900 -2.6189 0.2011 -1.0211 3.74 -2.79 8.61 194 253 281 344 229 
5.93 -4.00 6.16 1.0300 0.3500 -1.0800 -3.6022 -0.1611 1.1467 3.68 -6.84 5.97 192 230 256 343 229 
1.36 -10.43 2.63 -1.8000 -2.1800 -1.9700 0.1667 -0.0022 -0.3411 3.31 -7.84 4.85 194 242 257 340 228 
2.05 -5.64 5.04 -1.0200 1.9600 -0.0500 0.0922 -1.1322 -0.1056 4.00 -7.67 4.59 194 243 265 336 227 
1.61 -5.25 2.64 -2.0700 3.4500 -0.7600 -0.0300 -3.5156 -0.5978 6.02 -7.34 2.44 191 235 245 264 217 
1.55 -2.74 -4.28 -3.4800 5.1700 -3.0500 -2.9300 -7.2133 -0.4189 5.21 -6.08 -5.65 191 216 224 252 214 
6.67 -4.36 -15.18 3.7600 -0.9100 -7.0700 -2.6244 -1.9344 -0.1700 0.63 -1.93 -9.59 196 233 231 267 215 
2.66 -2.43 -12.70 1.9800 -1.1600 -2.7000 0.6267 -0.2456 -0.1133 0.12 -1.65 -9.66 196 237 233 272 216 
3.82 -5.33 -15.94 3.1700 -3.1600 -7.3000 5.0300 2.3189 -0.3944 1.79 -5.94 -7.59 202 383 328 361 220 
1.33 -4.05 -4.11 -3.1200 4.5000 -0.7200 2.9478 2.2611 -0.0822 3.70 -9.01 -1.13 206 409 352 381 220 
2.55 -2.58 0.48 -0.5300 5.5200 -0.1200 -0.5556 2.2044 -0.8678 4.43 -8.70 0.79 204 382 332 361 219 
6.71 -6.78 -3.86 2.2200 1.9300 -5.3200 -5.2600 7.4133 0.8089 4.31 -8.80 0.35 114 238 237 242 214 
-2.13 -12.16 -2.84 -2.1900 -0.8300 -0.2700 -1.2211 0.6722 1.0867 0.81 -9.70 -1.13 115 234 224 238 201 
-1.03 -9.93 0.43 -1.9600 0.1800 2.1000 -0.5633 0.1444 0.5400 -0.10 -9.59 -2.03 117 238 226 241 204 
-2.02 -9.95 -2.79 -2.1900 -0.5400 -1.5100 1.1022 -3.8667 -1.1856 0.15 -9.69 -1.46 119 240 224 249 209 
2.21 -6.82 -6.96 -0.2500 3.3300 -11.4400 4.6000 -14.3278 -3.1967 4.34 -8.78 0.35 121 242 229 257 213 
10.98 -5.26 -0.61 3.8700 1.8900 0.3200 0.3100 -1.9811 -0.9311 6.02 -7.61 -1.36 121 244 231 262 212 
7.77 -6.17 -1.75 1.3600 1.3200 0.1500 -0.6778 0.3678 0.1200 5.90 -7.53 -2.13 125 248 236 269 213 
;
