4.92 4.72 6.55 -1.1400 0.3200 0.3700 -0.0211 -0.0567 -0.0111 6.18 4.56 6.08 180 363 344 353 213 
6.17 4.85 6.23 -0.1600 0.2900 0.1600 0.0122 0.1056 0.0022 6.18 4.57 6.07 182 362 344 353 212 
5.88 4.88 6.22 -0.1900 0.2700 0.2000 0.1589 0.0611 -0.1144 6.07 4.79 6.01 184 365 347 360 212 
12.94 12.02 7.01 7.6200 6.3800 3.8100 0.4100 -0.7344 4.2444 8.17 4.52 2.96 182 395 350 377 214 
10.29 1.56 3.60 1.5600 -0.3000 -3.3300 -0.0100 3.8589 2.9167 7.21 -0.82 6.59 181 382 348 372 216 
4.89 -0.58 3.88 -0.9400 1.5800 -4.6400 0.8733 3.0278 0.9189 3.06 -1.42 9.20 190 392 347 375 216 
0.35 2.60 5.77 -1.8200 3.6100 -2.2900 1.2267 0.0844 0.1144 2.40 -0.06 9.50 196 373 321 348 218 
0.48 4.47 9.20 -1.3100 4.4200 0.2800 -0.5833 -0.3556 -1.2956 2.60 0.00 9.45 197 340 287 357 220 
5.77 2.31 8.57 3.1600 2.0900 -1.1900 -2.3811 0.0078 -1.4678 3.01 -1.76 9.16 195 293 269 350 221 
3.28 -4.09 7.05 -0.5800 -0.3200 -1.2600 -3.6856 0.0400 0.4011 2.96 -6.02 7.14 194 246 256 362 227 
0.88 -10.74 4.02 -1.0000 -2.7100 -1.5000 -0.8300 0.3867 0.2478 2.42 -7.75 5.49 195 248 262 358 227 
1.12 -5.78 5.17 -1.5400 1.9200 -0.3300 -0.8056 -0.1967 0.5233 1.95 -8.34 4.75 183 272 265 315 215 
2.28 -6.86 4.79 0.5500 0.9600 2.1500 -0.7711 2.6822 0.0700 0.41 -8.98 3.91 192 370 330 364 214 
-3.19 -11.93 1.82 -2.3500 -2.3300 -0.3900 -1.3467 0.0456 -1.2589 0.70 -9.72 1.05 195 383 346 384 217 
2.95 -8.61 -4.39 0.1100 1.7100 -8.3000 5.0144 -1.1244 -0.9856 2.63 -7.92 5.14 195 385 348 385 217 
5.93 8.21 21.66 2.1200 9.8800 13.4600 1.2800 0.0100 -0.3956 4.05 -1.65 8.77 197 386 348 383 218 
3.29 -2.09 3.84 -0.7200 4.0400 -3.6700 -6.7211 1.5133 2.1644 2.01 -8.76 3.91 196 383 348 385 219 
-1.76 -12.02 -8.25 -2.7300 -1.2400 -8.4800 2.6211 0.0333 -0.5811 1.04 -9.36 2.70 196 367 344 380 221 
3.75 2.81 4.02 2.2900 10.4500 2.6700 7.6356 -0.0622 -1.4833 2.82 -2.71 8.99 196 357 349 381 218 
2.13 0.51 10.90 -0.9400 2.2100 -1.6800 -4.3056 -4.1278 1.8522 5.01 -5.10 6.69 177 336 326 348 218 
1.00 -6.37 -4.03 -4.5400 1.3500 -4.3300 0.6978 -7.4511 1.4267 5.70 -7.88 -1.21 186 292 287 331 219 
8.21 -7.47 -5.23 3.2100 -0.6100 -0.9000 -2.6233 -3.4867 0.5389 2.36 -6.85 -6.60 193 239 284 370 225 
2.50 -4.88 -15.52 2.6600 0.0800 -6.1000 -0.9233 0.0778 -0.4278 0.70 -3.64 -9.07 195 267 288 375 229 
;
