2.63 2.71 9.16 -0.4800 0.0200 0.2200 0.0844 0.1756 -0.0756 2.91 2.74 8.95 170 336 356 373 218 
1.82 2.85 9.47 -0.2900 0.0500 0.4800 1.4478 -0.7722 -0.0189 3.27 3.98 8.34 179 343 348 379 217 
15.60 12.21 7.39 11.2600 4.5900 4.5900 1.5078 0.0200 4.7667 7.43 4.71 4.32 180 388 353 386 222 
6.93 1.45 2.60 -1.5500 -1.2200 -3.4500 0.8767 2.4611 3.1800 6.97 1.26 6.77 183 391 357 384 223 
3.06 2.72 2.15 -3.3400 1.8800 -4.8100 1.5089 0.8811 0.4289 6.31 1.77 7.28 193 388 355 372 226 
3.67 6.55 6.41 -1.7600 5.0200 -0.6100 -1.5433 -0.0200 -0.8222 6.13 1.57 7.48 192 301 322 370 225 
8.15 3.75 6.82 2.2100 2.3500 -1.3400 -2.7522 0.9478 -1.1411 5.88 -0.22 7.84 193 290 281 369 227 
6.87 -0.51 6.87 1.0400 1.0300 -1.7600 -3.5900 0.9333 -0.2200 4.98 -3.20 7.81 191 264 238 376 227 
1.79 -8.85 5.37 -2.2000 -3.9000 -1.3100 -1.0567 0.5056 -0.1911 4.47 -5.47 6.79 190 271 253 374 227 
5.36 -6.92 6.96 0.1400 -1.5100 0.1400 1.2856 0.9600 -0.4478 4.51 -4.38 7.51 174 180 187 206 174 
4.99 -3.78 8.53 2.2500 -1.1800 -0.4500 2.5422 1.3811 0.5589 2.96 -1.40 9.24 160 187 174 188 167 
3.78 2.62 8.10 1.0800 2.1300 -1.3000 2.1922 0.8144 0.9000 1.63 1.94 9.47 145 202 178 191 169 
0.62 5.60 7.79 -0.6500 2.1800 -0.6100 1.0389 0.6400 1.1478 0.80 3.55 9.10 158 213 181 193 170 
-1.12 5.89 8.23 -1.7500 1.7900 -0.4100 0.4356 -0.1100 -0.0356 0.66 4.32 8.77 156 212 183 195 169 
0.14 6.67 8.28 -0.5100 1.9200 -0.4600 -0.1844 -0.7489 -1.1311 0.68 4.58 8.64 158 213 184 198 170 
1.68 5.46 8.14 0.9400 0.9600 -0.4500 -0.2122 -0.8433 -2.1144 0.77 4.52 8.66 157 215 187 200 173 
2.13 4.45 8.15 1.7900 0.1600 -1.0700 -0.8344 -0.1044 -1.5311 0.17 3.72 9.06 158 216 188 200 172 
-1.06 0.82 10.56 -1.2500 -2.7900 1.8300 0.0533 -0.0789 -0.3811 -0.19 3.65 9.09 160 216 193 203 172 
-0.59 2.80 10.60 -0.5700 -1.1700 1.2700 -0.1400 0.1300 0.3322 -0.03 3.69 9.08 163 216 191 203 175 
0.48 2.05 9.41 1.1400 -1.1500 0.7500 0.0644 0.1111 1.1744 0.20 3.69 9.08 167 214 188 204 178 
3.29 4.78 8.43 2.5600 0.9900 -0.7000 0.3056 0.1244 2.2911 0.94 3.81 8.98 168 216 190 204 176 
2.40 6.02 7.28 0.6000 2.0200 -1.5100 0.7100 0.6144 1.9389 1.68 4.05 8.76 170 220 189 204 175 
-0.47 6.35 9.13 -1.9300 1.6800 0.1500 -0.2411 0.1456 -0.0856 1.67 4.23 8.68 171 218 190 205 176 
1.10 5.74 7.91 0.3100 1.7900 -0.6300 -0.2089 -0.5089 -1.4389 1.35 4.16 8.77 171 217 192 205 176 
2.62 4.15 8.71 1.6700 0.3300 -0.0300 -0.5000 -0.1622 -1.0256 0.96 3.70 9.02 171 219 193 206 176 
0.86 2.73 8.83 0.0000 -0.8700 -0.0800 -0.0056 -0.0400 -0.2078 0.73 3.57 9.10 173 220 192 208 176 
-0.60 2.88 9.40 -1.3700 -0.6700 0.0000 0.0311 -0.1822 -0.1611 0.78 3.60 9.08 172 221 194 208 177 
-0.64 2.50 7.99 -1.9000 -1.1100 -1.4300 -0.1944 -0.7100 0.2178 1.66 3.44 9.02 171 219 193 207 177 
1.45 0.48 4.61 -0.3900 -2.5900 -5.1200 -1.6678 0.7700 -1.8711 1.29 1.79 9.55 176 227 192 210 178 
-0.86 0.66 8.94 -0.3100 0.0700 -0.4700 -0.4478 -2.0989 -0.8989 1.41 0.71 9.67 176 233 196 208 179 
;
