2.90 -0.05 9.34 -0.1500 0.0500 -0.0200 0.0156 0.0111 -0.0078 3.02 -0.03 9.32 179 357 349 354 218 
2.89 -0.02 9.42 -0.0500 0.0200 0.1500 0.0011 -0.0211 -0.0256 3.02 -0.04 9.32 179 357 351 354 217 
2.99 -0.04 9.36 -0.0500 -0.0100 0.0200 0.0156 0.2100 0.0056 2.88 0.00 9.37 177 359 351 358 217 
6.28 2.37 14.14 5.0000 1.4800 5.6500 3.2967 -2.4622 0.8478 4.42 2.94 8.23 178 362 329 361 218 
11.52 3.35 4.44 2.1600 1.1600 -1.4600 3.1611 -1.5267 3.9444 8.67 0.78 4.50 174 375 350 376 220 
5.46 2.39 2.60 -3.8800 2.3600 -2.1300 1.7756 0.6022 0.5422 8.66 0.41 4.56 182 380 353 381 222 
4.77 3.96 4.97 -3.1600 2.8700 0.1600 -0.3911 0.0911 -0.6144 8.19 1.23 5.23 184 372 324 376 222 
8.32 3.44 5.41 0.1800 2.5000 -0.2600 -2.0767 -0.0833 -0.2178 8.25 0.43 5.28 184 326 333 363 223 
8.78 -0.07 3.83 0.5500 0.5300 -0.9100 -2.4133 0.2900 0.0700 8.19 -1.33 5.22 185 270 311 360 225 
7.63 -3.85 5.22 -2.1300 -2.5700 -3.3600 -2.1733 0.2922 0.9156 7.69 -4.38 4.21 180 243 264 347 234 
7.32 -6.03 3.60 0.4800 -0.5800 0.0000 -0.0878 -0.2611 -0.1911 7.70 -4.54 4.01 182 257 276 356 235 
7.11 -3.89 4.03 -0.3800 0.7500 0.2500 0.1356 -0.2789 -0.0289 7.85 -4.43 3.84 182 258 287 361 234 
7.76 -4.17 3.70 -0.3000 0.0700 0.0000 0.2922 -0.5189 -0.1633 8.15 -4.19 3.47 178 247 272 333 230 
8.30 -4.35 3.10 0.5900 -0.4500 -0.6800 1.0067 2.5833 -0.8711 7.89 -2.91 5.02 166 173 171 209 192 
9.69 -2.16 7.90 2.2300 -0.6000 -0.0600 2.5011 2.0811 -0.1533 5.54 0.12 8.08 126 185 166 193 185 
5.03 4.03 8.65 0.8900 2.0400 -0.3400 1.1211 1.8567 0.0100 3.39 2.43 8.87 124 188 174 196 185 
0.62 5.47 7.20 -1.7100 2.1700 -1.6100 0.4544 0.7444 0.2100 1.90 3.42 8.98 128 193 176 197 185 
0.31 4.56 8.91 -1.5400 0.9800 0.0300 -0.5222 -0.3944 -0.7744 2.04 3.24 9.02 127 196 180 200 184 
3.15 4.20 8.23 0.4900 1.1100 -1.0600 -1.2667 -0.0222 -1.9578 1.87 2.40 9.31 127 192 179 193 186 
2.31 2.43 8.50 -0.2700 0.6100 -1.4000 -0.8500 -0.6467 -2.2344 1.60 1.35 9.57 130 185 177 200 185 
0.97 -0.86 10.90 -0.6900 -2.2200 1.6000 0.2789 0.0644 -0.4744 1.70 2.03 9.44 129 187 180 200 183 
1.63 1.98 9.83 -0.3400 -0.4600 0.1800 0.0911 -0.1778 0.1878 1.73 2.13 9.41 128 187 178 201 185 
1.14 1.61 9.12 -1.4800 -1.0100 -0.8000 -0.2156 -0.3833 0.2600 2.05 1.99 9.37 134 185 172 203 185 
0.86 0.71 6.54 -0.9300 -1.1000 -3.8800 -2.0700 0.4244 1.3722 1.98 -0.14 9.60 60 239 191 238 207 
2.04 -2.28 6.70 0.6400 -0.0500 -0.1600 -0.3000 1.0078 -1.6544 0.94 -2.40 9.46 165 303 290 320 205 
4.52 2.11 14.54 3.2000 3.3700 5.7200 1.3956 -0.0756 -1.3456 2.42 -0.31 9.49 179 347 319 359 208 
;
-1.55 -1.13 9.58 -0.0300 -0.0900 -0.0100 -0.0011 -0.0022 -0.0044 -1.53 -1.04 9.62 192 333 328 317 216 
-1.43 -1.09 9.74 0.1300 -0.2400 0.4200 0.1867 -0.1400 -0.1700 -1.30 -0.91 9.67 192 325 329 320 216 
1.44 0.42 11.85 0.8400 -1.3900 2.5400 0.5400 -8.8311 3.7633 7.05 0.53 6.78 189 337 323 339 221 
9.49 -2.28 0.99 0.1500 -1.4300 -2.5800 4.5067 -1.9289 2.4700 9.50 -1.06 2.18 191 385 342 378 225 
6.03 1.48 -0.70 -2.9700 2.4900 -2.5100 2.1400 0.0700 -0.7344 9.47 -0.03 2.54 190 404 351 393 227 
7.21 5.03 2.42 -1.9400 3.5600 -0.3900 -1.1489 0.8422 -1.1322 8.95 1.68 3.63 189 343 339 388 228 
9.02 3.98 4.11 0.3500 2.3800 -0.8700 -2.6500 0.0444 -0.3700 8.69 0.96 4.43 187 290 314 384 231 
8.82 1.07 3.30 0.1800 0.8100 -1.5200 -2.3033 0.3433 -0.1344 8.46 -0.32 4.93 188 259 280 354 230 
7.50 -2.08 4.49 -1.1500 -1.2600 -0.9200 -2.5667 0.0000 0.4978 8.22 -2.54 4.69 191 251 263 350 233 
8.20 -7.15 3.84 0.2700 -3.2300 -0.3600 -0.3189 -0.1356 -0.2311 8.28 -3.12 4.21 192 261 273 367 235 
7.62 -2.96 4.31 -0.7700 -0.1500 -0.0100 0.7100 -0.1044 0.2433 8.28 -2.93 4.35 190 235 242 291 226 
6.93 -5.99 6.42 0.1300 -4.2300 0.2700 2.2056 2.0822 0.1678 6.37 -1.28 7.34 173 180 179 193 146 
5.51 0.71 7.35 0.4400 0.2800 -0.5900 2.6878 1.5356 0.3711 3.91 1.79 8.81 138 200 185 197 150 
3.99 5.99 7.13 0.3300 2.9200 -2.2700 1.1444 2.1100 0.8200 2.13 3.49 8.90 145 211 186 200 152 
-2.82 5.17 8.76 -4.1000 1.1800 -0.3400 0.0678 -0.6133 0.1378 1.53 3.71 8.94 147 210 188 203 153 
2.51 5.82 7.05 0.4000 1.6400 -1.7500 0.2489 -0.9222 -2.3500 2.26 4.33 8.49 143 207 192 202 155 
3.73 5.61 6.76 2.4100 0.6300 -1.6600 0.5278 -1.5233 -2.2056 1.72 5.38 8.00 138 210 194 207 155 
2.34 3.42 8.23 1.3800 -1.7800 0.8100 0.1978 -0.8344 -0.3622 1.93 5.85 7.62 142 208 191 211 153 
2.42 5.75 8.59 1.1200 0.6100 1.1400 0.0311 -0.1078 -0.3489 2.01 6.02 7.46 143 212 190 213 154 
1.26 4.68 7.94 -0.7400 -1.1800 0.2000 -0.4267 0.1822 0.0411 1.85 5.55 7.86 150 216 196 215 157 
-0.07 0.80 5.07 -1.7200 -3.3600 -4.7600 -3.2156 1.4089 1.5189 0.86 2.21 9.51 177 216 205 234 190 
5.32 2.61 10.01 3.9600 1.7000 -2.2000 0.1633 0.3711 -0.6044 0.87 1.52 9.64 187 322 322 353 212 
-1.14 4.33 15.33 -0.9700 3.1300 6.5600 0.9967 -0.4067 -1.3856 0.09 2.87 9.37 189 365 341 368 210 
-0.18 2.51 10.96 0.2700 -0.2700 0.6000 -0.1956 -0.4656 -0.1833 0.28 2.51 9.47 189 374 346 373 209 
;
