2.98 2.84 9.16 -1.3900 -0.3300 0.3300 0.6800 -0.9456 -0.0800 4.49 3.13 8.13 171 342 304 336 212 
20.66 6.52 10.06 10.7300 1.5600 1.9700 1.3844 -0.0778 4.4878 8.82 2.12 3.71 173 379 322 366 213 
10.04 0.93 0.79 0.2200 1.6800 -3.6100 2.3800 2.6733 2.8178 7.50 -1.30 6.17 183 395 340 378 217 
2.84 1.12 2.72 -3.2000 2.1500 -4.5800 2.1567 1.1089 0.3656 5.61 0.10 8.04 188 394 342 374 221 
2.04 5.68 6.61 -2.7000 4.9700 -1.3600 -0.2056 0.5089 -0.9600 4.66 1.10 8.55 191 358 335 366 224 
5.89 4.13 7.35 1.9800 3.9600 -0.4200 -2.0389 0.1333 -1.6400 4.87 -0.43 8.50 188 300 324 347 226 
6.05 -0.30 5.72 0.8900 0.5500 -2.4600 -2.7389 0.1344 -1.2433 5.06 -2.74 7.93 190 264 319 353 229 
6.28 -5.84 5.55 1.1800 -1.1300 -1.7000 -3.3133 -0.2600 0.8278 5.05 -6.06 5.81 184 245 296 343 225 
2.80 -9.52 3.87 -1.5300 -2.0900 -0.8100 0.1656 -0.0556 -0.4189 5.15 -6.67 5.00 184 270 306 339 221 
3.86 -5.83 4.68 -1.1000 0.7600 -1.2800 0.5356 1.7389 -0.7067 4.81 -6.03 6.04 179 219 164 178 142 
2.67 -3.32 3.00 -1.2900 1.3300 -4.2400 4.4756 -0.6356 -0.6856 5.11 -1.72 8.18 171 351 168 180 151 
7.54 4.64 9.10 -1.5200 1.7700 0.3000 1.3200 0.0289 -0.7167 5.91 2.09 7.53 161 370 178 184 154 
12.45 7.80 6.56 4.8500 4.1600 0.8100 1.6378 -0.8233 -0.0333 7.03 3.87 5.62 160 369 180 188 158 
13.29 8.78 11.27 4.8300 4.5400 6.0800 0.1633 0.7589 2.1889 7.97 2.96 4.87 160 371 186 190 160 
4.37 2.33 7.11 -3.4800 0.9800 0.5700 -1.4711 1.3522 1.8500 7.06 -0.75 6.75 160 375 187 192 162 
1.87 -1.02 4.70 -4.3400 1.4300 -3.0400 -1.8322 1.1322 -1.2678 5.95 -2.84 7.25 156 370 191 194 162 
4.38 1.54 2.71 -0.6400 3.7000 -4.0400 0.7189 -0.4767 -2.5356 6.93 -0.71 6.90 155 367 192 194 163 
9.94 4.52 5.59 3.3000 2.9700 -0.5400 1.4944 -0.4322 -1.2867 7.15 2.64 6.16 154 365 192 195 165 
10.78 5.03 7.38 3.0900 1.0900 2.1600 1.5078 0.4233 0.3111 7.21 4.11 5.20 154 359 189 196 167 
8.55 5.07 10.13 0.9400 0.9400 4.6000 -0.3789 0.4478 1.5878 7.52 3.23 5.38 154 362 194 197 165 
5.34 2.57 6.48 -2.4300 1.2500 -0.0500 -1.6944 0.0167 1.3767 7.74 0.02 6.01 154 361 195 198 167 
5.11 0.10 3.61 -2.1400 0.9400 -2.5700 0.0600 -0.0722 -0.2756 7.47 -0.61 6.31 163 362 192 194 166 
9.68 2.91 9.18 2.2400 3.7600 3.2700 -1.9956 1.4456 -0.0422 6.92 -1.21 6.83 161 275 279 314 205 
6.41 -3.36 8.71 1.2400 0.8600 2.7800 -6.6444 0.2533 1.7011 4.71 -7.05 4.92 119 251 275 286 205 
1.08 -7.52 -3.61 -1.4900 3.4500 -3.3000 -2.8644 0.1111 2.4022 0.95 -9.74 -0.53 120 237 246 253 200 
-2.82 -9.92 0.80 -2.2000 -0.8200 1.9300 -0.8267 -0.6322 -0.1700 0.08 -9.59 -2.00 123 231 237 245 199 
-1.88 -9.59 -3.86 -2.7500 0.3800 -2.0600 1.2733 -4.8422 -2.6622 1.50 -9.51 -1.84 123 230 234 243 197 
4.33 -4.53 -8.77 1.4800 5.5100 -6.5100 2.0156 -8.7300 -3.7733 4.20 -8.35 -2.95 122 229 230 240 196 
11.29 -6.18 -2.60 6.5100 1.3000 1.2100 0.7800 -1.3600 -1.0689 5.13 -7.48 -3.70 124 227 229 237 195 
6.65 -5.18 -1.80 1.5700 2.7700 1.8300 -1.2767 1.8622 0.4200 5.31 -7.35 -3.72 133 236 244 264 202 
;
