3.58 7.24 5.53 0.2500 0.0000 -0.1200 -0.0467 -0.0244 0.0656 3.40 7.20 5.71 184 330 323 336 208 
3.28 7.25 5.70 -0.0300 -0.0200 0.0500 -0.0100 -0.0511 0.0667 3.44 7.18 5.71 183 333 323 335 209 
0.11 9.09 8.78 -4.3600 1.8200 4.3000 2.7867 -5.1289 2.7078 6.03 7.21 2.77 184 342 318 342 208 
11.80 5.10 -2.42 4.3000 1.0200 0.9000 -0.7833 0.2200 3.8289 9.42 2.51 1.03 174 358 319 344 211 
9.40 -2.62 -0.35 -0.3200 -2.0200 -1.7200 2.4544 -0.3989 2.3433 9.57 -1.53 1.43 176 390 338 373 211 
6.62 1.70 -0.54 -3.5400 3.1000 -1.6500 1.5067 0.4678 -1.7033 9.71 -0.78 1.11 182 402 354 379 214 
8.59 4.93 -0.19 -0.7600 4.3600 -1.8300 -2.0733 0.6589 -0.9022 9.62 0.24 1.86 184 356 346 378 217 
9.19 0.81 0.53 -0.3700 0.0200 -1.9600 -2.7244 -0.0589 -0.4100 9.36 0.14 2.91 174 292 317 386 220 
9.77 -1.74 2.18 -0.5400 -0.6700 -1.6800 -2.9867 0.2611 1.5322 8.96 -2.68 2.94 170 237 282 373 220 
7.52 -6.19 2.36 -0.7400 -1.6300 -0.1800 -1.8678 0.6111 0.9000 7.84 -5.24 2.65 174 225 253 351 223 
6.57 -7.82 1.81 -1.1200 -1.4000 -0.6600 -0.1467 0.1667 -0.4022 7.85 -5.35 2.39 176 237 277 356 224 
7.23 -4.80 2.88 -0.6900 0.3400 0.4400 0.2622 -0.3700 0.0011 7.93 -5.25 2.37 173 240 276 348 222 
7.57 -5.08 1.95 -0.7200 -0.8500 -1.2800 1.7178 1.9456 -1.6433 8.11 -3.73 4.04 172 255 247 244 203 
7.54 -3.91 6.42 0.3200 -2.6600 -0.4400 2.5078 1.7889 -0.7256 6.27 0.01 7.53 171 329 184 202 168 
8.39 2.07 7.19 2.1100 0.7500 -1.1400 2.3011 0.2389 1.3300 5.90 1.87 7.60 171 334 164 177 149 
7.46 6.24 4.94 0.2900 3.8400 -2.2400 1.7622 1.0422 1.3089 5.53 2.80 7.59 170 351 164 180 157 
2.21 6.27 7.05 -2.3200 3.4000 -0.6000 -0.1667 0.1067 -0.2867 4.92 2.69 8.04 170 358 167 181 160 
4.30 5.00 7.25 -0.1400 2.1300 -1.3100 -1.0167 -0.4244 -1.5800 4.50 2.42 8.36 169 357 173 185 165 
6.17 4.64 5.55 1.9800 2.1500 -3.4900 -2.3456 0.1533 -2.8900 3.96 1.71 8.80 169 363 174 185 167 
5.87 -4.49 9.07 2.0200 -4.8000 1.3300 -0.6233 -0.2744 -0.5267 4.48 0.70 8.69 169 365 176 186 167 
1.76 -2.58 9.36 -0.2500 -1.7300 -0.0200 -0.2789 0.0189 0.4778 3.07 -0.35 9.30 170 368 177 186 168 
1.57 -1.16 8.44 -1.5100 -0.8100 -1.0800 0.6233 -0.8622 1.0278 3.47 -0.13 9.17 175 364 177 189 168 
;
