2.16 5.55 7.83 0.0100 0.0500 -0.0100 0.0478 0.0467 -0.0078 2.21 5.51 7.79 200 341 373 399 237 
2.22 5.54 7.64 -0.0100 0.0600 -0.0800 -0.0344 0.0067 -0.0222 2.20 5.51 7.80 203 339 372 398 240 
1.02 5.38 9.17 0.0200 0.1600 1.9800 2.7300 -1.0144 -0.2133 2.43 6.94 6.48 199 362 369 406 244 
8.64 16.17 7.03 4.1400 5.0600 -1.0800 0.2000 -3.2378 6.2833 7.49 5.79 2.53 204 365 347 360 243 
7.21 2.45 1.46 -2.2500 0.5100 0.2900 0.7056 1.3544 3.7756 9.35 -0.19 2.94 201 359 350 375 243 
5.56 -0.61 3.04 -2.2600 1.4100 -1.3800 1.5300 0.7467 0.6867 8.49 -1.84 4.53 199 386 360 364 242 
6.08 4.16 5.16 -2.2500 4.5200 -0.2800 -0.9156 0.7178 -0.9156 7.87 -0.99 5.75 201 344 339 345 242 
8.88 1.47 4.88 0.7700 2.6700 -1.2300 -2.2322 0.8611 -1.1722 7.52 -1.46 6.11 196 256 295 327 241 
8.32 -1.34 4.55 0.5100 1.0200 -1.7300 -3.4600 -0.3756 -0.4033 7.59 -3.35 5.22 200 243 276 356 242 
6.63 -6.30 2.15 -1.1800 -2.1300 -2.0900 -1.7467 0.1522 0.1722 7.36 -5.35 3.64 201 262 292 361 244 
6.42 -7.00 2.51 -0.7100 -1.2300 -0.8900 0.0922 0.2278 -0.3133 7.41 -5.32 3.58 202 268 293 364 243 
5.77 -4.81 2.97 -0.4700 0.6600 -0.9500 0.2856 -0.4033 0.3267 7.50 -5.11 3.70 197 248 276 267 234 
7.77 -7.38 0.35 0.5500 -1.5200 -3.6100 -0.4711 5.8244 1.2367 2.88 -5.74 7.40 195 161 163 182 177 
-2.31 -2.17 2.68 0.8600 5.1400 -2.7800 -0.4922 6.9144 4.8378 -7.31 -3.79 5.30 201 159 168 180 181 
-8.21 1.32 3.13 0.6100 2.3500 -1.9500 1.7444 0.6056 2.9500 -8.39 1.28 4.90 202 165 175 181 185 
-11.89 5.70 9.49 -0.1600 2.6000 3.0600 0.0878 -0.8300 -0.5100 -8.26 2.49 4.64 203 167 176 185 186 
-8.57 2.83 5.27 -0.1400 0.2800 0.3900 0.0156 -0.3289 -0.2622 -8.23 2.33 4.78 203 169 180 188 188 
-9.15 3.85 6.40 -1.2900 1.3500 1.2300 -0.0733 -3.1811 -0.8600 -6.93 1.75 6.70 169 245 246 240 207 
1.55 1.77 14.07 -1.0400 0.5000 -0.0600 -6.6489 0.8644 -4.3589 -4.16 -5.44 7.01 131 241 224 243 216 
3.36 -9.39 0.52 3.8100 0.9800 -4.4500 -3.6256 -0.5656 -0.0156 -1.11 -9.59 1.67 135 256 223 241 218 
-5.16 -10.73 -1.46 -3.0800 -0.6600 -1.0100 -0.0278 -1.8744 -0.8178 -0.95 -9.73 0.63 137 254 222 246 222 
-1.76 -10.94 -2.97 -2.8500 -0.3300 -4.9900 2.9844 -7.8122 -1.7922 2.10 -9.24 2.48 141 253 217 251 222 
16.17 -3.44 -3.94 2.9900 1.8500 -4.8400 2.9633 -5.9456 -1.7467 7.04 -6.81 0.16 145 255 222 252 223 
10.92 -4.93 1.63 1.8200 0.6600 1.8400 0.1000 -0.4311 -0.2711 7.65 -6.03 -1.06 148 253 227 252 222 
7.74 -5.35 -0.72 -0.5600 0.7400 0.6500 -0.4911 0.6844 -0.1800 7.91 -5.71 -0.91 149 258 229 256 224 
5.91 -4.49 -2.72 -3.8600 -0.9700 -7.2400 0.5100 9.3700 -3.6644 4.65 -2.72 8.19 160 290 256 298 226 
;
