3.33 3.83 8.25 -0.2300 0.0900 -0.0100 -0.0267 -0.0833 -0.0200 3.76 3.73 8.24 177 339 344 343 212 
3.55 3.84 8.29 -0.1900 0.0400 0.0400 0.1433 0.0889 -0.0678 3.64 3.89 8.23 176 343 344 343 213 
4.02 5.35 10.31 1.5600 1.9300 4.5600 3.8522 -3.1667 2.5122 5.86 5.73 5.37 176 372 340 378 219 
13.99 3.14 1.77 5.6500 0.5800 -0.7400 2.9356 0.5833 4.1511 9.13 1.66 3.15 175 390 346 389 220 
8.03 0.84 0.96 -2.4400 0.4100 -3.9400 2.1622 1.6089 0.7111 8.55 0.64 4.75 176 401 356 392 221 
4.11 3.66 2.83 -3.6200 2.5900 -2.2000 0.6800 0.9356 -1.1033 7.52 2.37 5.82 180 385 349 386 224 
6.41 6.64 6.40 -0.7700 3.6500 -0.5500 -1.8944 0.2078 -0.5889 6.81 1.86 6.80 179 319 288 353 225 
7.37 2.81 5.29 0.8000 1.8700 -2.0700 -2.4533 0.3044 -0.8878 6.15 0.23 7.63 181 294 298 350 225 
7.12 -2.52 5.99 1.2300 -0.8500 -1.6100 -2.9744 -0.1522 0.7122 5.97 -3.19 7.09 183 235 268 364 226 
4.62 -9.07 5.11 -1.1800 -3.8200 -0.7800 -0.9044 0.1256 0.3856 5.62 -5.79 5.56 183 242 267 355 225 
5.48 -4.98 5.10 -1.6400 1.0000 -0.5800 0.1700 -0.5833 -0.2822 6.22 -5.48 5.23 182 241 258 311 220 
-1.56 -3.27 1.15 -4.4500 2.6600 -3.3300 -0.0778 -4.9744 -0.8767 8.56 -4.60 1.25 181 244 264 319 222 
7.68 -4.14 -7.84 1.0900 -0.4700 -3.2200 -1.2867 -4.8211 0.6789 5.76 -4.53 -6.50 186 239 254 325 222 
7.42 -4.19 -13.89 4.7500 -0.7000 -7.3800 -0.7844 -2.0933 0.9256 0.39 -3.43 -9.17 190 252 257 337 222 
1.75 -2.78 -8.70 0.6500 0.6100 0.7300 0.3100 0.3467 -0.1044 0.72 -3.70 -9.04 190 254 263 338 223 
3.01 -4.92 -9.18 1.4000 -2.1400 -0.7000 -0.3889 3.2700 -1.6433 3.20 -3.34 -8.64 183 221 227 238 194 
5.59 -4.07 -5.42 -2.8600 -0.7800 0.5200 2.0478 2.9011 -2.5767 9.03 -1.81 -3.34 188 177 172 183 159 
5.54 2.45 -1.66 -3.9900 2.9900 -0.0700 1.3889 0.6889 -2.0756 9.74 0.50 -1.00 195 173 165 177 166 
12.96 5.02 -2.55 2.7600 3.2800 -0.5500 0.2344 -0.7244 -0.0111 9.49 1.56 -1.89 199 175 166 182 168 
9.67 2.78 -1.66 0.0900 1.2300 0.4000 -0.0667 0.0433 -0.0333 9.45 1.41 -2.17 202 177 169 186 171 
9.06 2.07 -2.26 -0.0500 0.5800 0.0100 0.0978 -0.0711 0.0489 9.39 1.51 -2.36 203 181 173 188 171 
12.07 5.88 -0.78 3.2700 5.3600 0.8800 -3.1756 3.5844 0.2633 9.70 1.38 -0.23 195 262 218 238 191 
;
