2.76 6.20 7.21 0.0400 0.0300 0.0200 0.2589 0.1344 -0.0933 2.38 6.24 7.17 178 354 350 376 210 
1.86 8.41 7.00 1.3500 2.8500 1.2200 2.6278 -2.0933 1.1900 3.93 7.49 4.94 178 341 356 395 212 
13.59 8.31 2.44 6.0900 -1.1700 -2.9400 4.0200 -1.5389 5.8489 8.61 4.66 0.55 179 368 341 365 217 
9.03 0.84 -1.06 -1.9000 0.3000 -1.6600 3.3767 1.4344 2.3933 9.71 -0.81 1.04 175 382 344 376 217 
3.69 0.27 0.30 -6.0500 1.1600 -3.1300 1.8311 1.1800 -0.2644 9.01 -0.43 3.82 171 389 359 390 219 
6.30 4.13 3.65 -1.9700 3.8300 -0.4300 -0.4422 0.3511 -1.0256 8.46 1.15 4.81 174 384 353 378 221 
9.42 4.28 3.68 1.1500 2.5500 -1.3400 -2.1300 0.9156 -0.9011 7.68 0.95 6.01 174 343 343 369 222 
7.67 -1.08 4.76 0.3800 -0.6600 -1.8600 -2.6567 0.2611 0.5900 6.99 -1.60 6.68 178 268 306 357 222 
4.14 -6.44 4.63 -3.0600 -1.8900 -1.0900 -2.6189 -0.6778 1.0633 6.76 -5.56 4.40 178 250 267 366 226 
6.74 -8.35 3.62 0.3000 -1.5400 -0.2600 -0.0744 -0.0200 0.1878 6.41 -6.46 3.63 180 264 279 371 226 
2.50 -4.24 2.67 -5.1800 2.7900 -1.0600 0.3900 -2.3922 -0.0233 7.04 -6.33 2.53 178 240 251 304 221 
1.23 -4.31 -3.20 -5.8900 1.8900 -2.5700 -0.5967 -6.4667 0.6767 6.31 -6.68 -3.40 182 251 270 328 223 
8.65 -3.96 -10.23 5.6200 1.4000 -4.4200 -3.9400 -3.0767 0.8122 0.49 -3.74 -9.04 186 257 268 338 223 
0.14 -4.02 -15.53 0.2200 -1.9700 -4.5400 0.4267 0.0489 0.2111 -0.70 -2.26 -9.51 191 263 273 340 221 
-1.03 -1.77 -8.58 0.2200 0.6900 0.7800 -0.0033 0.1889 0.1011 -0.45 -2.51 -9.46 190 266 272 338 222 
2.80 -1.88 -10.38 2.0400 -0.0100 -1.5900 -0.7911 4.6978 -0.8878 2.90 -1.74 -9.20 183 176 186 203 179 
15.10 2.91 -8.16 5.3700 2.1800 -8.1400 -6.3300 18.0378 -0.6133 5.75 -0.37 7.92 183 328 174 188 161 
-1.85 -2.80 2.65 -0.5300 0.5000 -6.1700 -0.0233 1.7011 -0.2056 -1.08 -2.38 9.45 195 397 178 197 167 
-0.48 -4.15 15.11 1.0700 -3.1300 6.3300 -0.1956 -0.0822 1.3533 -1.38 -1.96 9.50 199 403 181 198 169 
-6.14 -4.40 12.18 -4.3400 1.4200 3.0400 -3.7667 0.0478 -0.0800 -1.61 -6.29 7.34 199 404 182 198 170 
-3.45 -2.99 2.91 -2.9700 5.5300 -2.1100 -1.1233 -0.5478 -2.0300 0.40 -8.62 4.64 199 407 184 201 171 
2.12 -3.83 0.76 0.7700 4.7700 -3.0000 0.8711 1.9044 -1.5189 1.93 -8.38 4.69 199 407 185 200 171 
6.23 -2.85 6.35 4.7900 1.0800 -0.0700 3.6922 0.2878 -0.0333 1.71 -4.52 8.53 197 407 184 204 172 
4.47 -4.64 14.44 1.9000 -1.0700 5.5200 0.4578 -0.5244 2.5200 1.46 -1.86 9.51 197 404 188 203 172 
-2.75 -1.22 8.44 -3.3700 2.0200 -0.8600 -0.4922 0.0544 0.0567 0.79 -3.27 9.20 198 402 188 203 172 
;
