3.49 2.46 8.88 0.0000 0.0100 0.0000 -0.0322 -0.4400 0.2322 3.81 2.39 8.71 210 345 379 390 247 
4.08 2.06 8.72 0.1300 -0.3400 0.2200 -0.0089 -0.1911 0.1078 4.10 2.29 8.60 213 345 379 391 248 
4.03 2.03 8.74 0.0400 -0.1900 0.1200 0.0178 0.0000 -0.0267 4.09 2.27 8.61 214 345 380 393 247 
3.66 2.42 8.82 -0.3700 0.1700 0.0000 -0.0089 -0.0722 0.0011 4.01 2.30 8.64 214 345 380 394 247 
3.27 1.83 10.11 0.4700 0.0200 3.0800 2.8244 -2.8267 0.3889 5.70 3.74 7.04 215 343 372 414 249 
15.05 0.54 1.84 5.1400 -3.1800 -1.3700 3.1867 -2.0067 5.3033 9.57 0.60 2.05 215 350 342 372 249 
9.32 -3.17 0.47 0.1600 -0.4300 -2.3900 4.2222 -1.5778 1.4911 9.52 -2.08 1.03 217 383 363 400 253 
5.25 1.60 -2.06 -4.2400 3.3400 -2.3400 0.4867 0.7156 -1.2178 9.57 -0.67 1.99 207 373 347 408 253 
7.64 2.84 2.85 -1.4500 2.6500 -0.1300 -2.3178 0.5911 -0.5822 9.07 0.05 3.71 200 298 297 389 251 
9.69 0.98 2.05 0.5100 1.9000 -1.7200 -4.1833 0.1033 0.0622 8.99 -2.12 3.28 197 264 271 377 251 
8.15 -3.98 -0.08 -0.3200 0.0200 -2.3500 -2.4978 1.0444 0.8367 8.23 -4.79 2.31 199 263 275 370 253 
5.86 -10.08 2.04 -1.2100 -4.0300 -0.2200 -0.3067 0.2511 -0.0833 7.82 -5.45 2.27 189 268 274 371 243 
7.45 -4.97 1.68 -0.6800 0.4500 -0.5400 0.4833 -0.2433 -0.0744 8.05 -5.04 2.42 190 269 272 355 241 
1.29 -3.70 0.79 -5.2900 2.9700 -1.3600 0.7689 -3.1944 0.5000 8.12 -5.45 0.62 187 242 244 263 227 
11.86 -1.71 -5.04 4.3900 1.9800 -2.9100 -1.8022 -2.0844 -0.1467 7.42 -4.20 -4.83 189 242 253 290 233 
20.01 -5.68 -7.26 15.9800 -2.2200 -3.1900 -4.5811 12.4767 1.9400 8.76 -4.13 1.49 190 267 279 300 232 
6.21 -2.75 2.59 0.0400 4.5300 -3.3900 -5.1022 5.5700 5.7511 0.15 -9.65 1.71 195 277 283 300 226 
-3.93 -6.77 -6.55 -0.4800 2.3800 -4.2500 -1.8111 -0.0767 0.6233 -2.84 -8.58 -3.78 198 288 298 318 230 
-2.04 -7.09 1.66 0.1700 2.0600 4.4000 3.7900 -0.2078 -1.4678 -1.35 -9.69 0.60 198 289 300 317 229 
-0.87 -7.89 -0.48 0.2400 1.6300 -0.7100 -3.5244 0.5822 1.3778 -2.59 -9.01 -2.85 198 293 299 319 229 
-7.18 -6.88 -11.96 -3.2300 2.3400 -6.5300 3.7178 -0.0078 -1.6533 -2.38 -9.20 -2.40 196 289 301 319 229 
4.15 -9.84 5.52 2.2800 -0.5100 2.2800 -0.7722 -0.8311 0.6089 -1.00 -9.74 0.41 197 294 302 316 231 
;
