4.05 3.00 8.53 0.0900 -0.0200 0.0500 0.0056 0.0578 -0.0133 3.90 3.04 8.46 181 320 339 345 209 
3.67 2.83 9.12 -0.6100 -0.4900 1.3100 1.2156 -0.6944 0.1644 4.28 3.85 7.93 181 327 344 350 209 
12.25 8.82 8.38 6.4100 1.8700 1.1000 1.0656 -2.1367 3.8689 8.45 3.20 3.79 183 330 321 342 214 
10.39 0.33 2.09 -0.0900 -0.0400 -1.5700 2.3278 1.4733 2.0433 9.05 -0.37 3.74 180 341 329 348 216 
4.69 0.62 1.95 -3.0300 1.0800 -2.3600 1.4178 0.7033 -0.4367 8.37 0.74 5.05 179 376 344 370 219 
5.62 5.00 5.74 -2.9100 2.6400 -0.6300 -0.6511 0.4844 -0.5400 7.20 2.26 6.25 183 338 342 369 221 
6.88 4.73 5.62 0.1500 2.9400 -0.7500 -1.8689 -0.0089 -0.3344 7.34 0.93 6.43 183 304 327 369 222 
8.35 0.40 5.14 1.0800 0.7600 -1.1600 -2.7311 -0.1611 0.0022 7.46 -1.29 6.22 182 262 315 371 225 
6.93 -3.84 5.01 -0.1900 -1.2600 -0.4000 -2.8767 0.3789 0.1689 7.13 -3.96 5.42 182 260 294 367 229 
7.17 -6.80 4.91 0.1000 -1.9900 -0.0100 -0.2011 -0.0300 -0.3378 7.27 -4.38 4.89 183 266 301 372 230 
7.07 -4.25 4.36 0.0400 -0.0800 -0.5200 0.4711 0.0167 0.0822 7.43 -4.06 4.92 182 263 290 313 220 
5.17 -4.31 5.41 -1.7200 -1.5900 -1.1200 2.7489 0.9678 -0.7789 6.74 -1.15 7.02 184 303 313 315 219 
8.53 -0.51 6.79 2.6800 0.0700 -0.1300 1.9956 -0.0967 0.0789 6.89 0.91 6.91 179 351 313 345 218 
8.77 4.30 6.77 1.0600 1.7300 -1.0200 1.2256 0.8444 0.7089 6.65 2.15 6.87 181 379 332 365 218 
6.08 4.51 5.99 -0.8200 2.2500 -0.6500 0.8422 0.0122 0.7944 6.98 2.26 6.49 183 386 340 368 220 
4.88 4.85 6.62 -2.1300 2.6700 0.1900 -0.7411 -0.2511 -0.0211 7.05 1.86 6.55 183 369 340 363 219 
7.67 4.34 5.42 0.6800 2.7000 -1.1500 -2.0900 -0.3089 0.0633 7.12 0.49 6.71 183 294 319 358 221 
8.29 -1.38 4.91 1.2600 0.5300 -1.3900 -3.5489 0.1811 0.3789 7.20 -3.28 5.78 182 264 290 352 223 
5.85 -7.69 3.87 -1.5600 -2.9900 -1.2600 -1.5700 0.1789 0.2800 6.71 -5.67 4.34 185 274 289 353 226 
6.38 -7.21 3.34 -0.2900 -0.9500 -0.5500 0.2067 0.2133 -0.2222 6.79 -5.60 4.31 185 275 292 357 227 
6.57 -5.00 4.80 -0.5800 0.3300 0.3800 0.2600 -0.2211 -0.0044 6.85 -5.38 4.49 184 280 295 354 227 
7.07 -5.01 4.78 -0.1900 0.2100 0.1100 0.0711 -0.3033 -0.1533 7.07 -5.15 4.42 183 275 284 323 224 
5.54 -6.44 3.63 -0.5300 -1.5500 -0.9100 1.1667 1.3756 -1.1589 6.92 -4.30 5.44 168 189 182 195 167 
10.13 -3.56 7.61 3.7100 -0.1600 -0.8400 2.6189 2.0978 0.9156 4.31 -1.91 8.59 144 203 175 184 158 
1.60 3.21 8.35 0.0400 3.3500 -0.4200 2.2889 0.7344 1.2756 1.67 1.40 9.56 149 228 180 182 163 
-1.55 4.72 9.26 -2.7500 2.2800 -0.4200 0.1422 -0.3500 -0.5978 1.19 2.26 9.46 147 219 186 186 166 
2.40 4.46 8.81 1.3800 1.6800 -0.1300 0.2789 -0.3756 -2.2722 0.85 2.95 9.31 152 230 185 195 173 
2.22 1.57 8.49 1.4300 -1.3800 -0.7300 -0.1111 -1.1378 -0.8422 0.94 2.71 9.37 147 233 186 195 173 
2.02 0.82 10.76 0.7700 -1.7300 1.6400 0.6456 -0.4133 -0.2222 1.25 3.10 9.21 145 233 189 198 169 
0.50 1.98 8.80 -0.6300 -0.7200 -0.7200 -0.6733 -0.0711 0.2722 1.32 2.43 9.40 156 235 188 200 171 
;
