2.57 5.51 7.62 0.1300 -0.0300 -0.0300 0.0078 0.0233 -0.0078 2.45 5.56 7.68 175 326 360 362 214 
2.51 5.56 7.68 0.0700 -0.0100 0.2200 0.4856 -0.3444 0.0089 2.60 5.81 7.45 176 324 362 367 215 
7.11 9.70 7.90 3.2100 4.1700 1.9800 0.8111 -2.3533 1.9711 5.98 5.76 5.21 181 320 314 328 222 
15.88 3.31 2.61 7.5600 -0.5300 1.8500 2.8833 -1.5000 5.3033 9.72 1.16 0.40 174 344 322 356 222 
5.54 -1.65 0.67 -2.6800 -1.1200 -2.6000 1.9411 1.0067 1.8611 8.72 -1.26 4.28 177 392 350 378 225 
5.65 -1.00 1.84 -3.0400 0.5400 -3.1900 1.8489 0.1589 0.0278 8.10 -0.23 5.52 179 399 355 386 228 
6.00 5.32 4.80 -2.0700 5.0900 -1.6600 -0.6911 0.4578 -0.8233 7.80 0.77 5.88 182 326 343 383 228 
7.80 4.18 5.38 0.7000 4.0300 -0.2700 -2.3400 0.2567 -0.8856 7.43 -0.02 6.39 179 302 339 393 231 
8.21 -2.38 3.85 0.5800 -0.4000 -1.6300 -2.9500 -0.8111 0.7333 7.64 -3.05 5.32 181 238 275 367 232 
4.93 -6.32 2.81 -2.0200 -1.4700 -1.5900 -1.9033 0.0089 0.8533 7.01 -5.63 3.89 182 250 292 366 231 
5.83 -8.46 1.27 -1.1700 -1.5900 -1.7800 0.4600 0.0900 -0.5467 7.16 -5.68 3.55 179 250 290 325 228 
4.62 -3.79 1.69 -2.7700 -0.4900 -3.4000 0.8678 2.0189 -1.7056 7.06 -4.05 5.46 181 168 188 208 188 
9.10 -2.98 2.85 0.8900 -0.8400 -2.1900 2.0389 -2.2500 0.1611 8.79 -1.78 3.95 194 154 176 187 168 
10.82 2.18 2.59 1.2900 3.2500 1.3500 1.0267 -1.9656 -1.4544 9.77 0.18 0.71 193 154 165 187 177 
16.72 8.28 -3.67 7.2500 4.1800 -9.5200 0.0589 -1.0789 -1.2056 9.36 2.76 -0.93 191 154 168 188 182 
12.14 4.76 0.00 3.2300 2.0200 0.7100 0.1200 -0.5656 1.4289 9.53 2.02 -1.11 189 200 227 220 185 
11.96 -1.05 0.15 1.4300 -1.4500 -0.6000 1.7244 1.9611 1.1778 9.69 -0.01 1.48 143 375 272 273 208 
8.56 -2.14 0.61 -0.4300 -0.7400 -2.8500 1.0544 1.5911 0.4878 8.68 -0.67 4.49 98 359 180 190 149 
5.21 1.32 2.47 -2.4300 1.4900 -2.7400 1.2833 1.1567 -0.1578 7.82 0.39 5.90 98 358 187 193 155 
6.24 3.42 6.12 -0.6300 2.3800 -0.3000 -0.4289 0.2956 -0.6189 7.09 1.05 6.69 98 357 190 193 157 
7.81 2.49 5.64 1.0000 0.8700 -1.1600 -1.3767 0.3522 -1.1489 6.47 0.89 7.30 100 362 191 199 162 
6.80 0.69 6.07 1.5800 -0.4000 -1.5300 -2.1278 0.9556 -1.1244 5.74 -0.07 7.94 98 376 188 203 160 
4.69 -2.61 8.38 -1.3700 -2.8000 0.1300 0.5578 0.1611 0.5689 4.69 -0.38 8.60 99 377 194 204 159 
3.35 -0.87 8.52 -0.7400 -0.6100 -0.2500 -0.0622 -0.6911 0.1144 5.38 -0.07 8.19 100 383 195 206 162 
4.16 -1.10 5.55 -0.6900 -0.0500 -2.6800 -1.0467 0.4222 -0.1189 5.84 -0.77 7.83 102 362 193 207 169 
;
