0.64 2.27 9.49 0.2900 -0.4400 -0.0200 -0.0233 0.0100 0.0144 0.43 2.63 9.43 195 336 349 344 218 
0.78 2.46 9.68 0.2900 -0.1700 0.2500 -0.0122 -0.0167 0.0133 0.48 2.60 9.44 195 336 350 342 218 
-3.27 2.65 13.44 -2.4200 2.7500 6.0400 0.4633 -8.9333 3.9544 4.97 2.38 8.10 189 331 329 353 213 
7.47 -0.66 8.58 -0.6300 2.7700 1.8900 -3.9044 0.7133 5.3944 5.54 -6.07 5.34 191 346 341 350 219 
-2.14 -5.42 -0.09 -2.1800 3.2600 -3.1200 -2.8789 2.2400 1.6289 0.71 -9.65 1.57 192 369 352 370 222 
-0.20 -7.88 -3.45 -0.5900 1.8800 -4.4100 2.0389 -0.1600 -0.8544 1.04 -9.45 2.37 197 385 356 379 223 
2.06 -4.79 -2.13 -0.3100 4.3600 -6.6800 6.1278 -1.0378 -1.6811 3.41 -5.30 7.51 198 389 355 386 217 
8.51 5.17 21.40 4.4100 5.2100 12.5400 -1.3944 -0.9600 0.2089 4.85 -1.10 8.44 193 390 360 389 225 
4.03 -2.15 5.65 -1.0700 3.5300 -2.4300 -5.5544 1.0878 2.4544 2.70 -7.82 5.25 198 380 357 375 225 
-2.18 -10.26 -5.58 -3.0500 -0.9700 -7.6300 0.3022 -0.3000 0.0144 0.96 -9.56 1.92 200 380 354 377 224 
-0.26 -5.11 -2.21 -2.1800 4.2900 -7.5000 6.2656 -1.3822 -2.3000 3.42 -5.94 7.00 200 387 361 384 226 
11.97 5.41 19.18 6.3900 3.6600 9.9900 0.9244 -0.6011 0.3633 5.31 0.17 8.23 201 399 359 388 226 
4.11 -0.68 7.71 -1.3900 0.9400 -0.2500 -1.3100 -0.3400 0.8344 5.44 -2.50 7.76 202 393 356 381 224 
5.96 -3.17 6.98 0.2200 0.1400 -0.7500 -2.0833 -1.5711 0.5811 6.17 -4.57 6.09 191 356 210 221 212 
8.23 -5.56 0.02 -0.3000 -0.1200 -5.0900 2.0367 -5.7789 1.6333 7.05 -6.80 0.31 184 358 177 199 179 
7.29 -6.30 -0.21 0.7800 1.1000 0.0400 2.5044 -1.5300 -0.1133 6.64 -7.20 0.39 178 354 177 207 177 
8.99 -3.75 7.71 1.7900 2.8300 5.9000 -1.8578 0.1278 0.2067 6.83 -7.01 0.45 160 360 185 212 180 
6.22 -7.59 -3.95 -0.2500 -0.5000 -3.4400 -0.7744 -1.0033 0.4789 6.17 -7.31 -2.12 165 375 187 214 181 
5.70 -7.14 -3.02 -0.6600 0.2200 -1.2500 1.1667 0.1767 -0.0533 6.09 -7.58 -1.21 157 368 188 215 181 
5.77 -4.51 4.10 -2.2900 3.9000 8.9300 -0.3156 -0.5689 0.0856 6.70 -7.08 0.98 178 308 197 223 198 
3.51 -5.18 -0.62 -1.6200 2.9700 -0.7600 -1.4400 -1.6022 0.5456 5.98 -7.63 -1.42 183 251 288 351 223 
2.88 -4.03 -4.10 -1.6700 3.3500 1.4400 -4.3400 -2.6567 0.5167 4.41 -5.87 -6.49 190 236 290 380 226 
3.09 -3.30 -13.53 -0.2900 -2.3100 -6.5200 -2.1144 -1.1022 0.2200 1.57 -1.19 -9.60 194 265 292 380 232 
3.17 -2.03 -10.11 1.5000 -0.8700 -0.3400 0.3889 0.6233 -0.1633 2.02 -1.25 -9.51 195 265 279 355 228 
;
