5.69 3.83 6.98 -0.0800 0.0000 0.1900 -0.0089 -0.0211 -0.0056 5.92 3.80 6.82 185 352 350 375 216 
5.67 3.75 7.06 -0.1300 -0.0500 0.1900 0.0011 0.0178 0.0033 5.88 3.79 6.86 182 355 350 378 216 
5.83 7.93 12.26 6.2000 7.3700 5.8200 -0.6111 -6.1133 4.1533 8.62 2.38 4.01 184 337 334 368 218 
7.24 0.63 3.59 -2.3200 4.3400 -0.3300 -3.6467 2.8200 5.5033 6.56 -6.54 3.20 182 331 333 360 218 
-1.04 -6.39 -4.16 -4.1100 2.3700 -5.9300 -2.3411 1.0222 0.2322 2.87 -9.36 0.50 188 350 346 383 220 
2.12 -4.88 -7.23 -0.7800 5.9500 -8.0800 6.7022 -2.4767 -1.8000 5.71 -6.43 4.69 188 351 343 388 218 
14.12 2.09 19.02 6.3200 4.6400 12.3500 -1.9944 0.5200 0.5933 6.82 -3.58 6.05 188 352 355 390 220 
4.74 -4.50 2.77 -1.0700 2.2700 -2.3100 -4.1678 1.9133 1.9356 4.03 -8.29 3.33 189 355 352 390 220 
-0.64 -9.60 -4.98 -3.6100 -0.1400 -6.9300 1.4078 -0.1500 -0.8911 3.61 -8.79 2.39 190 355 355 388 219 
5.37 3.49 0.73 1.0500 9.4500 -2.2400 6.6311 -2.6478 -2.7222 7.55 -2.09 5.89 188 345 348 390 219 
15.48 2.05 14.11 7.1000 1.2500 7.1900 -0.7078 0.7167 0.8544 7.70 -0.53 6.04 188 329 272 279 215 
7.02 -3.68 4.22 -1.1600 -2.2800 -2.7400 0.4489 0.2422 1.7744 6.45 -3.05 6.72 186 305 165 201 185 
4.10 -2.27 4.34 -1.5100 0.6800 -3.3900 2.4422 -0.0244 0.9511 5.41 -2.07 7.90 172 227 167 195 177 
-2.15 1.19 6.36 -3.3500 1.7000 -3.0200 2.1378 1.3122 -0.1733 0.98 0.94 9.71 160 201 169 197 176 
-2.77 3.23 9.38 -2.3600 1.2600 -0.0200 0.1778 0.5244 -1.1378 -0.80 2.03 9.55 158 195 173 199 177 
-1.15 3.75 9.10 -0.6000 1.6300 -0.5100 -0.1067 -0.8067 -1.1556 -0.68 2.02 9.57 159 188 175 201 178 
0.86 1.94 9.34 0.9100 -0.1700 -0.6900 -0.2944 -0.4578 -1.3778 -0.27 1.42 9.69 161 195 176 203 180 
1.18 -0.76 10.34 -0.0100 -3.8100 0.3400 0.1733 -0.4767 -0.4100 0.21 1.54 9.68 163 204 175 206 180 
-1.02 1.33 10.78 -1.1700 -0.1700 0.8800 -0.0156 0.0356 0.0700 0.22 1.81 9.63 164 208 179 205 183 
-1.20 2.18 7.19 -1.5300 2.0500 -2.9000 -3.4211 -0.3911 1.6189 0.68 -1.27 9.69 179 254 201 244 207 
-0.40 -5.09 5.61 0.0000 -0.6100 -1.5300 -3.9778 -0.6700 0.0167 0.57 -7.23 6.59 179 298 298 321 207 
0.34 -11.29 4.62 -0.7000 -3.6400 0.0500 -2.6022 -1.9033 -0.1033 1.66 -9.33 2.50 181 371 342 385 215 
3.62 -11.18 0.44 0.0000 -1.4900 -2.0600 -0.2578 -0.5189 -0.5433 2.83 -9.29 1.29 182 389 353 396 215 
2.33 -6.54 -6.17 -1.8100 2.9000 -9.3000 6.4589 -1.8744 -2.5878 5.50 -6.43 4.94 190 396 357 393 217 
13.29 3.59 16.87 6.0300 5.3500 9.8700 -1.0600 0.7356 0.0578 6.75 -2.56 6.62 189 397 363 393 215 
2.64 -4.61 2.35 -3.1400 1.2300 -3.5700 -4.6200 1.8756 1.6200 4.10 -7.92 4.05 191 396 361 396 214 
0.37 -10.95 -5.67 -2.8100 -1.6900 -9.1500 2.9033 -0.9867 -0.8400 4.10 -7.93 4.05 190 391 362 395 217 
8.35 5.47 12.66 2.2600 7.9300 7.7300 4.0178 0.0244 -1.4567 6.06 -0.83 7.65 191 391 364 396 217 
5.78 -0.56 7.23 -0.7200 -0.6600 -3.1200 -1.3278 0.5189 -0.1767 5.81 -1.57 7.73 190 383 357 379 217 
;
