3.42 4.64 7.87 0.0700 -0.1000 0.0400 -0.0200 -0.0111 -0.0200 3.40 4.62 7.94 174 345 346 369 212 
3.47 4.53 7.93 0.0400 -0.0700 -0.0300 0.0144 0.0089 0.0244 3.43 4.61 7.94 173 348 348 367 212 
3.27 6.46 8.27 1.0300 1.6900 1.7600 3.2511 0.9778 -0.4322 2.34 7.10 6.33 183 403 352 392 210 
3.46 11.37 6.04 0.1500 5.0600 -0.2600 -1.1444 -3.8878 5.1400 6.95 4.96 4.80 181 280 329 358 214 
4.27 1.07 1.67 -4.4800 3.3700 -3.0500 -5.0089 6.4211 4.7378 6.06 -5.85 5.01 186 357 347 380 213 
1.68 -8.10 -1.45 -1.5700 -0.1900 -6.5800 0.4733 0.3478 0.1100 2.77 -7.89 5.11 186 384 352 394 215 
5.99 2.39 7.87 2.9800 7.4900 6.3500 4.1056 -0.9278 -0.0367 4.75 -2.28 8.26 186 369 348 383 214 
7.35 -2.04 10.18 1.3300 1.0500 0.6400 -3.9322 0.9967 1.0289 4.21 -5.64 6.82 187 363 351 382 214 
2.40 -7.18 1.00 -1.4600 0.3300 -4.4600 -1.8678 1.0733 0.3111 2.79 -8.34 4.32 185 360 352 382 214 
2.97 -8.00 -2.01 0.0200 0.0600 -6.9500 3.5011 -0.3856 -0.9044 3.74 -6.67 6.13 186 344 348 382 215 
7.91 3.02 17.68 2.9400 4.4300 9.3700 1.0722 -1.2067 -0.4411 5.78 -1.22 7.82 182 339 343 377 216 
5.98 -3.41 3.92 -0.3700 -1.8000 -2.7700 -0.3122 0.5067 -1.1222 6.32 -1.95 7.23 179 256 168 169 190 
6.43 -0.48 4.22 -0.0300 -1.1800 -4.1600 2.5278 -0.9011 -0.8500 6.85 1.67 6.80 160 285 154 161 156 
2.49 3.14 5.26 -0.2800 1.6700 0.1800 2.2856 -1.3367 -1.5100 6.68 5.22 4.91 137 333 160 166 157 
13.71 9.88 5.54 6.1000 3.5700 2.7100 1.0411 -0.5367 0.9289 7.17 6.00 2.93 140 346 165 169 160 
11.94 6.36 5.86 2.5700 1.8600 3.2300 -0.7022 0.6267 3.1133 8.89 2.83 2.99 143 352 169 170 161 
3.89 0.56 3.94 -5.7000 0.5700 -0.1600 -2.0767 1.5711 1.0333 8.60 -1.14 4.55 145 365 168 172 161 
2.96 -1.03 -0.37 -5.2700 1.0400 -4.8800 -0.6489 -1.3822 -2.0767 9.32 -0.60 2.98 145 369 172 171 162 
13.18 4.45 -2.07 2.9000 1.9400 -3.9000 0.7689 -0.0144 -2.5211 9.05 3.35 1.69 144 374 172 173 163 
11.75 4.09 0.66 3.1100 -0.6800 0.0200 1.0278 -0.1067 -1.1344 8.23 5.32 0.18 147 373 174 175 165 
13.81 7.44 2.71 5.5500 1.8800 3.2800 0.2822 0.7311 1.3200 8.41 5.03 -0.06 147 369 175 176 166 
4.55 2.42 0.13 -3.9300 -1.4300 -0.4600 -0.0378 0.1344 -0.1511 8.93 3.98 0.59 147 369 175 176 166 
10.26 3.77 -0.42 2.0000 -0.2800 -0.8700 0.4178 -0.1967 0.0489 8.89 4.11 0.22 145 367 175 179 166 
14.45 4.63 2.90 3.0100 1.9200 2.6100 -0.3867 1.4433 2.9000 9.61 1.42 1.32 148 366 176 180 168 
1.14 -0.85 4.25 -8.3100 0.0600 1.6300 -1.6033 -0.3022 0.3133 9.47 -1.24 2.18 148 372 174 179 167 
7.35 2.15 -4.09 -2.2700 2.3400 -4.9700 -0.9633 -0.7567 -1.9044 9.77 0.65 0.40 149 377 176 180 167 
10.90 3.44 -2.22 1.0000 0.5300 -1.3400 0.7522 -1.1133 -1.7844 9.07 3.43 -1.42 147 370 175 180 167 
17.21 5.07 -3.03 9.9400 0.8100 -0.3200 1.2867 0.3456 -0.3533 8.24 4.62 -2.60 147 370 177 180 169 
9.55 4.57 0.06 -0.4800 0.8700 2.3300 0.4078 1.4722 1.5522 9.36 2.47 -1.54 148 372 178 181 169 
6.28 1.64 -0.85 -3.0800 -0.3100 -0.0400 -0.0678 0.0611 -0.3078 9.53 2.15 -0.75 149 374 178 182 166 
9.99 1.80 -0.98 0.3900 -0.4400 0.0500 -0.2422 -0.0956 0.0944 9.52 2.11 -0.99 147 367 177 182 169 
;
