0.77 4.93 8.46 -0.1700 -0.0700 -0.1700 -0.0078 0.0422 -0.0033 0.82 4.94 8.43 188 354 355 389 207 
1.45 6.08 10.96 -3.4100 1.6700 3.7800 1.4111 -4.3778 2.7644 2.86 5.81 7.36 192 298 309 368 213 
2.77 2.49 12.96 -1.8400 1.6100 4.3900 -4.0500 -1.6578 3.7056 5.52 -2.13 7.81 190 313 314 390 215 
0.70 -2.70 2.33 -2.3000 3.2300 -3.7400 -5.0078 0.6911 0.6478 4.03 -8.55 2.59 194 377 347 409 217 
4.30 -6.94 -3.93 -0.7300 0.7300 -6.6200 3.7367 -0.2367 0.2022 3.93 -8.10 3.87 196 379 352 411 221 
5.61 0.66 12.71 1.6100 5.7900 7.0400 3.3856 0.0056 0.6589 3.94 -3.62 8.21 197 375 355 408 218 
5.17 -3.64 9.39 1.0800 1.7200 1.6200 -4.3611 0.4067 0.5733 3.57 -7.05 5.80 197 373 356 411 217 
1.35 -7.50 -0.72 -1.7700 0.6400 -4.6500 -1.1522 0.1222 0.0133 2.78 -9.00 2.71 195 371 352 412 219 
1.69 -5.40 -2.54 -1.4000 3.0000 -7.6900 6.8989 -1.1667 -0.5144 3.64 -5.29 7.40 195 361 348 400 217 
5.23 -1.44 11.42 -1.3100 1.4000 -0.3100 -2.7167 -5.6011 1.2344 6.82 -5.53 4.35 194 342 324 376 219 
3.78 -2.46 -3.11 -4.1600 3.3700 -1.2000 -0.2522 -6.6400 -0.6244 6.87 -5.40 -4.44 184 238 225 269 213 
6.84 -2.40 -9.21 0.8700 -0.5000 -0.9300 -4.1111 -4.2356 0.1589 3.05 -0.84 -9.28 192 248 214 304 220 
5.89 0.51 -15.59 4.0500 -1.0500 -5.9300 0.4200 0.0678 -0.1689 1.94 1.16 -9.54 194 270 240 336 222 
4.14 -0.75 -13.57 2.0700 0.4600 -4.1500 4.0400 0.1767 0.1778 2.29 -3.18 -8.98 202 360 317 389 222 
4.51 -4.87 -4.76 -0.5900 2.2000 -0.2200 3.0411 3.4844 0.1900 5.48 -7.60 -2.87 204 394 352 395 220 
2.65 -2.32 -0.26 -2.1500 4.1500 0.0700 -0.4867 0.7133 -0.2444 6.07 -7.65 -0.84 207 396 362 397 223 
8.28 -6.42 -0.95 2.6000 0.7900 0.2000 -2.5111 4.5989 -1.5056 7.02 -6.82 -0.49 201 380 348 375 220 
9.15 -6.54 0.92 0.2700 -0.9700 -1.5800 -1.9878 7.7767 -0.8122 6.40 -6.00 4.35 195 356 338 369 218 
2.70 -12.83 3.14 1.0600 -7.0000 -1.6200 3.7933 -4.0167 1.5722 6.02 -4.85 6.02 195 361 344 383 218 
10.83 0.07 3.24 2.3700 2.1100 -2.8500 4.1967 -0.7900 -1.1211 8.45 -0.92 4.87 198 405 360 397 220 
7.21 4.63 1.45 -1.6300 3.0100 -1.8400 0.6067 0.5722 -2.0267 8.34 2.62 4.44 199 408 367 400 223 
7.66 7.08 2.53 0.0300 3.9100 -2.1400 -1.9367 0.2156 -0.4167 7.97 2.47 5.13 195 354 345 398 227 
9.52 2.15 4.17 0.6600 -0.4400 -1.1600 -4.1967 0.4311 -1.6133 7.42 0.48 6.38 190 271 296 356 224 
5.94 -1.78 3.13 -1.1800 -0.3900 -0.7200 -2.6844 -0.7000 0.2078 7.87 -2.10 5.44 189 245 270 339 227 
7.88 -7.27 5.23 0.0400 -4.0600 0.0400 -0.2300 -0.5444 0.0022 7.95 -3.11 4.81 190 255 269 343 227 
6.56 -2.66 4.36 -1.7700 0.2000 -0.3800 0.6644 -0.6533 0.4511 8.11 -2.98 4.62 186 268 285 336 223 
3.39 -4.38 2.31 -1.4800 -0.4000 -4.8600 0.7000 1.8767 -0.4789 5.90 -3.34 7.08 183 359 310 357 221 
;
