1.56 2.25 9.45 -0.2100 -0.1600 0.0900 0.0167 0.0011 -0.0300 1.75 2.42 9.33 172 300 320 337 205 
1.83 2.65 9.25 0.0900 0.1800 -0.1000 0.0000 -0.0233 0.0144 1.76 2.45 9.32 170 298 321 338 206 
-0.71 3.92 11.66 -1.0300 4.2400 3.5700 1.3644 -4.8989 2.0544 5.04 2.88 7.89 175 320 338 366 206 
7.24 3.01 11.10 -1.3900 4.5600 4.5800 -4.6033 1.9689 2.3500 6.19 -3.87 6.54 175 336 343 372 208 
2.04 -5.87 -0.10 -2.3700 0.4900 -5.2500 -3.5278 1.2078 0.6422 2.96 -8.50 3.86 177 375 345 377 207 
2.55 -8.01 -3.58 -0.9400 1.0200 -7.3400 3.7089 -0.7067 -0.5300 3.37 -7.66 5.09 178 377 348 385 208 
6.76 3.31 7.96 4.2200 7.5800 5.5000 4.5300 -0.6967 -0.4844 5.63 -1.12 7.94 183 378 350 382 208 
7.07 1.40 13.40 1.5300 3.2300 4.9900 -4.3611 0.4278 1.0033 5.17 -4.02 7.29 184 377 349 384 208 
2.10 -7.70 -2.46 -0.8800 -1.4300 -8.2600 -2.3778 0.4089 0.3811 3.70 -8.22 3.84 181 378 352 388 208 
2.68 -6.63 -1.64 -1.5400 1.9400 -6.0700 5.0167 -0.7500 -1.3056 4.98 -5.08 6.74 185 373 350 383 209 
7.06 1.90 17.73 1.9700 3.6900 9.1200 -1.8100 -0.9800 0.0867 5.75 -2.91 7.38 182 371 340 355 208 
6.77 -5.19 1.32 3.1600 0.4300 -6.7800 -2.5833 4.1244 0.6900 2.28 -6.92 6.56 176 366 176 187 176 
-6.98 -5.72 2.80 -2.4300 2.6800 -2.1000 1.2111 0.3889 -0.2533 -0.86 -6.09 7.63 182 383 175 195 178 
0.69 -6.58 12.77 1.8200 -3.6100 4.8900 1.3244 -0.6422 0.9989 -0.68 -3.00 9.31 184 387 177 198 178 
-4.25 -6.41 14.53 -3.8200 -1.6000 4.8300 -3.0867 -0.0256 0.6478 -0.81 -5.52 8.05 185 391 172 198 181 
-3.28 -2.84 6.19 -2.6000 5.0200 -0.5500 -2.4433 0.5356 -1.5000 0.05 -8.48 4.92 186 392 179 200 180 
0.02 -5.19 1.16 -0.6600 3.7100 -2.6300 0.2689 1.7067 -1.3889 1.22 -8.80 4.13 187 391 179 202 180 
2.83 -5.33 3.39 2.5400 2.4600 -2.4800 4.4022 2.5056 0.3178 -0.26 -6.11 7.66 188 391 186 207 182 
2.84 -4.28 14.38 4.2100 -1.3600 4.5200 1.4178 -0.2789 1.7622 -1.54 -1.94 9.48 189 395 188 210 182 
-2.54 -4.42 12.07 -1.9700 -2.2600 2.6600 -0.9200 -0.3778 1.8678 -1.14 -1.80 9.57 192 393 190 211 179 
-3.77 0.06 6.32 -1.8600 2.7600 -2.7500 -0.3489 0.0311 0.2889 -1.12 -3.03 9.25 192 391 190 211 180 
;
-3.03 -3.48 10.17 -3.3400 -1.2500 0.6200 3.4056 -3.7844 0.7256 1.42 -0.44 9.69 192 391 257 290 203 
10.80 7.65 8.39 5.0400 7.4300 2.3900 1.8033 -2.1444 3.4522 7.99 2.89 4.88 184 304 312 346 205 
10.17 1.16 3.89 0.3600 1.7400 -0.9200 -4.3900 2.3278 3.6456 7.24 -3.61 5.53 185 289 299 326 205 
-1.50 -8.80 0.17 -5.1500 -1.0100 -3.9100 -2.7700 2.6267 1.6789 2.16 -8.88 3.53 183 359 329 366 207 
1.36 -9.61 -2.63 -0.3700 -0.6600 -5.9000 2.4533 -0.3211 -0.9367 2.66 -8.20 4.66 185 366 340 371 207 
3.51 -0.04 -0.24 -0.3500 5.7100 -6.4700 6.5389 -1.9344 -1.6167 5.36 -1.46 8.07 187 370 344 376 206 
11.30 10.16 19.82 4.2600 7.6600 10.8500 -2.4078 0.3189 0.7267 5.98 0.59 7.74 188 383 352 380 205 
3.53 -1.91 4.12 -0.9700 1.5700 -4.2000 -4.6644 1.3489 1.5933 3.71 -6.33 6.49 189 386 350 381 207 
0.20 -10.33 -2.08 -2.1400 -2.4900 -7.0800 1.1100 0.1878 -0.5089 3.02 -7.68 5.28 186 388 345 382 207 
3.48 0.67 5.53 -1.3700 5.0600 -0.7300 4.8422 -1.6556 -1.3111 5.16 -2.04 8.08 189 384 346 377 207 
8.41 1.32 14.31 2.0700 1.7100 4.6800 -2.1633 -0.0889 0.8533 5.53 -1.78 7.89 188 362 326 336 206 
5.13 -2.79 3.42 0.3000 1.4300 -4.0100 -3.2744 3.4844 0.3667 2.83 -6.23 7.01 179 298 186 242 204 
-0.90 -5.42 1.58 0.1900 1.7600 -3.3800 -1.3033 3.2256 0.3100 -1.25 -7.79 5.81 169 331 179 213 182 
-0.96 -8.15 8.03 0.0300 -1.4500 1.8700 2.5211 2.1900 -0.7289 -2.48 -5.62 7.63 173 370 168 195 171 
-1.74 -6.77 11.83 0.1700 -2.7700 3.5800 0.0078 -1.0978 0.7433 -1.54 -4.22 8.71 179 375 173 196 171 
-3.27 -6.61 10.93 -2.2200 -1.1900 2.7300 -2.9878 -0.2544 0.1022 -0.94 -6.50 7.27 183 379 176 198 173 
-2.68 -4.88 6.10 -1.7600 3.1800 0.1400 -2.6011 0.9733 -1.0244 -0.25 -8.88 4.13 183 379 179 197 173 
0.10 -5.85 1.43 -0.1500 3.3700 -1.8300 -0.4700 1.6444 -1.2344 0.84 -9.41 2.62 180 382 180 198 173 
3.89 -6.07 1.45 2.2600 3.0500 -1.0700 2.5000 1.8411 -0.0856 0.62 -8.40 5.00 177 381 180 201 174 
2.61 -7.06 7.47 3.5400 -0.4800 0.8000 3.2778 0.0278 1.6133 -1.22 -5.14 8.25 184 382 184 203 175 
0.06 -7.88 11.65 1.5100 -3.4600 3.5300 -0.2322 -1.0811 1.5678 -1.11 -3.82 8.96 185 381 182 203 175 
-3.67 -0.53 8.55 -2.7800 4.0200 -0.1800 -0.7844 0.1400 0.4556 -0.90 -5.10 8.32 184 382 184 205 175 
-0.18 -5.48 8.27 0.6400 -0.8100 -0.0200 0.1278 0.1989 -0.0778 -0.96 -4.78 8.50 185 385 185 206 176 
;
