0.06 -0.39 9.76 0.2800 -0.1300 -0.0600 0.0022 0.0033 -0.0011 -0.19 -0.22 9.80 196 356 354 347 210 
0.00 -0.29 9.85 0.2000 -0.0700 0.0200 -0.0133 -0.0222 -0.0167 -0.18 -0.22 9.80 196 355 355 344 211 
-0.01 -0.27 9.80 0.1200 -0.0800 0.0300 -0.0078 -0.0100 -0.0078 -0.16 -0.23 9.80 199 358 355 348 211 
0.00 0.72 12.05 1.0500 0.9500 3.8500 2.4756 -1.0833 0.5922 0.79 1.29 9.68 198 315 328 364 217 
7.88 3.05 11.40 0.6900 3.1500 4.7800 -3.1333 -1.2700 3.7467 4.77 -4.09 7.52 197 325 316 350 223 
0.36 -4.07 2.23 -1.4800 3.9900 -3.5500 -3.4967 2.5644 0.8056 1.87 -8.76 3.98 202 396 351 392 227 
2.73 -8.63 -4.72 1.4400 0.6400 -6.3800 1.5356 0.0411 -0.5800 2.04 -9.08 3.06 202 399 357 393 229 
4.21 -0.86 2.24 2.4900 7.2700 -0.5100 6.4667 -0.7178 -0.1378 3.53 -3.53 8.43 206 394 359 388 228 
4.41 0.11 16.85 2.0000 3.3900 5.9000 -4.7733 0.2633 0.5144 3.20 -5.65 7.34 206 391 362 391 229 
1.39 -7.61 -0.48 -0.9800 0.3000 -5.4200 -2.6078 0.6400 -0.0400 1.91 -9.05 3.23 208 388 353 386 230 
2.77 -7.58 -3.52 0.3900 1.5500 -7.2400 4.3367 -0.6022 -0.7311 2.83 -7.56 5.56 204 388 354 386 229 
5.47 0.97 17.47 1.1100 4.1800 10.0500 0.9600 0.8667 -0.3678 3.07 -3.26 8.72 202 377 324 307 224 
4.59 -2.82 2.80 4.1600 2.8700 -3.0500 -3.0489 3.9567 -0.3211 1.03 -7.03 6.75 186 323 185 195 187 
1.03 -5.72 2.91 -0.6500 -0.3900 -3.1900 1.4044 2.6367 -1.4378 -1.07 -7.16 6.61 176 355 171 188 181 
1.07 -5.12 9.95 2.6500 -2.0600 3.4700 2.4022 0.8078 0.5344 -1.99 -4.23 8.61 194 381 177 197 183 
-3.22 -6.79 14.80 -0.9500 -3.7300 5.5600 -2.2422 -0.4878 0.9278 -1.84 -4.84 8.32 198 392 182 200 181 
-5.10 -2.48 9.06 -5.0200 2.9100 0.1600 -1.9900 0.3233 -1.0733 -1.47 -7.02 6.68 201 396 184 200 182 
-2.04 -2.65 3.59 -0.7500 6.1300 -2.0200 -0.9956 1.0789 -2.2467 0.52 -8.43 4.97 201 394 187 200 183 
4.19 -2.72 4.56 4.0400 5.4400 -0.5100 1.7056 1.8156 -0.4222 0.54 -7.43 6.37 203 400 188 202 184 
4.21 -6.27 9.84 4.8800 -0.4700 2.3700 2.5856 -0.7889 1.6011 -0.20 -4.30 8.80 205 399 186 203 184 
1.45 -4.77 14.30 1.0000 -1.8400 4.7100 -0.6411 -0.2611 2.1089 -0.36 -3.37 9.20 204 393 189 204 184 
-5.70 -1.82 8.68 -5.8600 2.0100 -1.2000 -0.0233 -1.7078 0.6356 0.66 -4.37 8.75 195 386 195 204 191 
10.49 0.50 9.60 7.0200 0.8100 2.5500 0.4600 -7.4633 3.1767 8.38 -3.15 3.99 130 386 292 302 231 
6.99 -7.16 -1.53 -3.6100 -1.6500 -1.6300 3.0911 -4.9122 2.8078 6.16 -7.60 0.57 108 329 188 196 168 
2.42 -7.50 -0.65 -1.9900 -0.2100 -2.5800 1.2567 -1.3422 0.3889 5.21 -8.22 1.11 109 314 190 197 170 
9.57 -12.37 -0.64 3.9500 -3.2600 -2.8900 2.6956 1.7467 -1.1000 5.35 -7.03 4.24 110 313 192 202 171 
3.24 -5.79 3.25 -1.9100 -0.6100 -3.4100 2.5644 2.6956 -2.5322 4.35 -2.97 8.26 110 321 194 203 177 
-0.61 -0.74 6.37 -3.0400 -0.2900 -2.8000 2.0022 1.7700 -0.8822 1.69 0.91 9.61 111 326 196 210 177 
-2.29 4.65 9.49 -3.1200 2.5800 0.0800 -0.4156 0.2667 -0.5478 1.39 1.83 9.53 115 328 193 206 178 
0.61 0.93 10.06 -1.5100 -0.1100 0.2700 -0.6233 -0.3956 0.2956 1.92 1.01 9.56 115 328 201 206 181 
-1.82 1.37 8.90 -3.9000 2.0700 -1.5700 -3.5667 -2.2633 0.8967 4.36 -2.63 8.37 148 331 238 240 216 
2.57 -5.63 0.90 -2.6700 -0.9900 -5.5300 -2.4411 -4.1111 1.7222 6.52 -6.25 3.80 156 315 261 262 219 
;
