2.39 1.06 9.29 0.0500 -0.0600 -0.1000 -0.0233 0.0778 0.0022 2.20 1.12 9.48 159 348 335 350 215 
1.90 1.05 9.50 -0.1000 -0.0800 -0.0600 0.0322 0.2222 0.0478 1.93 1.11 9.54 153 352 334 352 215 
1.86 1.24 10.20 -0.9500 0.0500 0.4300 -0.8267 -1.3778 0.5644 2.53 0.56 9.45 6 297 309 331 213 
9.00 0.31 14.04 4.3300 2.5400 5.3700 -6.5911 -3.5956 3.5811 6.06 -5.81 5.05 166 282 308 320 212 
-0.64 -6.11 -1.13 -5.0900 2.1900 -3.9800 -3.0922 -1.3822 1.7733 3.42 -9.13 -1.03 168 318 314 360 213 
1.66 -5.48 -9.89 -0.5100 5.6600 -9.6800 6.2967 -0.6422 -0.5356 3.60 -8.42 3.48 172 309 325 377 213 
6.30 2.58 21.49 3.7100 5.1300 14.1500 2.3444 -0.4156 0.0389 4.26 -2.20 8.55 174 315 329 379 213 
5.47 -1.58 9.80 1.2100 2.7500 1.0500 -5.1600 0.2044 0.7856 3.98 -6.64 6.01 175 319 331 381 214 
1.57 -7.08 -1.80 -1.3800 1.3200 -5.6600 -2.8144 0.5644 0.4167 2.78 -9.28 1.47 175 326 316 386 214 
1.41 -5.99 -6.62 -2.0500 4.4700 -8.5600 7.5622 -0.5800 -1.4367 3.93 -6.54 6.15 175 319 324 364 213 
7.49 -0.92 18.97 2.5700 1.0700 9.1100 -1.2789 -1.6956 0.1067 5.66 -3.35 7.27 135 238 259 283 214 
5.01 -4.89 0.41 0.2100 3.0700 -3.9600 -5.6722 1.7133 2.5933 2.97 -9.13 1.94 103 223 223 240 209 
-0.97 -7.87 -4.54 -2.4600 2.4100 -2.6500 -1.4656 0.6689 1.4178 -0.10 -9.62 -1.89 104 234 224 245 206 
-2.25 -9.42 -2.27 -2.1900 -0.1400 -0.8400 0.1033 -1.4011 -0.8867 -0.12 -9.54 -2.25 105 235 229 248 204 
-0.43 -9.15 -5.61 -1.2000 1.2800 -3.9200 1.6711 -5.9022 -3.3000 2.59 -9.34 -1.43 106 229 226 241 203 
3.45 -5.14 -6.16 2.5200 5.5300 -3.2700 2.0633 -7.7622 -3.5433 5.28 -7.64 -3.12 102 219 222 231 200 
10.02 -6.56 -3.12 2.3600 0.3600 0.4100 0.3122 -0.5800 -0.0256 5.03 -7.35 -4.10 105 220 220 235 199 
8.42 -5.73 -1.59 3.4900 2.1700 1.8000 -1.5978 4.1978 0.8056 5.71 -7.24 -3.31 123 240 243 261 208 
3.54 -5.47 -4.76 -2.4400 0.9500 -4.6300 -0.9722 10.1556 -2.1022 5.87 -6.56 4.30 154 298 294 326 213 
0.14 -3.87 5.92 -2.2900 -0.0100 -1.9100 4.6644 3.5778 -2.5922 1.00 -1.40 9.65 170 358 329 366 211 
-0.10 1.83 11.08 -1.9100 -0.6800 2.9600 2.0344 -2.5333 0.0733 0.48 2.44 9.48 171 374 346 373 214 
;
