3.91 3.63 8.12 -0.5600 0.4800 -0.1100 -0.0544 -0.0778 -0.0311 4.32 3.17 8.20 185 329 354 361 215 
4.60 3.60 8.03 0.0000 0.4700 -0.0800 -0.0600 0.2533 -0.1122 4.28 3.17 8.22 185 331 353 361 216 
5.67 3.49 7.61 0.7300 0.3700 -0.4100 -0.0400 0.3000 -0.0967 4.34 3.17 8.19 185 330 350 360 216 
5.56 3.22 7.89 1.0400 0.1100 -0.2300 0.6544 -0.1567 0.2333 4.60 3.35 7.98 186 339 348 378 214 
10.92 7.13 11.97 4.2300 5.1000 5.6000 -3.1633 -1.8133 4.7300 7.47 -1.18 6.24 185 336 342 374 216 
2.61 -2.65 3.80 -2.6900 2.9800 -2.6300 -3.1744 1.7767 3.6111 3.68 -8.01 4.27 190 371 353 389 219 
0.23 -7.11 -0.55 -0.9900 1.7800 -3.3700 -1.0056 -0.0689 -0.1078 1.94 -9.32 2.31 195 388 357 396 220 
3.19 -8.96 0.48 0.9100 -0.1200 -1.9600 0.3733 -0.3122 -0.2644 2.51 -9.18 2.32 193 389 353 393 219 
2.34 -8.90 -2.39 -0.6800 1.5000 -5.3700 5.2589 -0.5844 -1.1944 3.57 -6.82 6.05 192 386 354 390 220 
8.09 2.06 16.04 3.7900 5.6800 8.6000 0.1889 0.4956 0.2722 4.01 -3.14 8.37 195 384 355 390 220 
3.58 -3.66 5.73 0.1400 1.9000 -1.4200 -4.4233 1.0156 1.1533 2.51 -7.84 5.32 195 385 360 391 220 
-0.06 -10.96 -4.17 -1.1700 -2.1500 -8.0400 1.3322 -0.2978 -0.4778 2.25 -8.90 3.42 196 385 358 393 219 
4.03 -0.48 4.84 1.2700 7.1500 2.8300 5.2567 0.2233 -1.6278 3.93 -3.39 8.31 196 377 355 389 220 
6.17 -1.16 9.91 1.2900 1.4900 0.3000 -1.1489 0.9711 -0.2967 3.58 -3.40 8.47 193 375 356 387 218 
3.90 -2.75 8.71 2.1400 1.6300 0.5400 -2.8144 1.7189 -0.0989 1.62 -6.08 7.51 193 341 340 354 218 
1.06 -7.43 4.72 0.3400 0.3200 -0.7300 -2.3667 3.1111 -0.7833 -0.15 -8.66 4.58 187 331 306 319 216 
0.57 -9.64 2.87 1.0400 -0.2500 -0.1300 -1.3033 2.6511 -0.5567 -0.66 -9.56 2.06 187 361 339 360 216 
0.56 -9.36 0.54 1.4100 1.3100 -0.6900 -0.4400 0.5767 -0.0578 -0.55 -9.75 0.85 187 322 330 351 218 
-2.97 -8.84 -3.07 -2.0600 4.0300 -0.3000 2.1822 -0.4400 -0.6089 -0.12 -9.52 2.32 189 289 318 341 216 
0.82 -8.43 3.73 1.6700 0.7900 1.8600 -4.6133 0.2633 1.2367 -1.63 -9.47 -1.90 190 299 325 349 218 
-4.80 -7.75 -11.32 -2.6300 0.4600 -6.4700 2.3800 -0.8833 -0.5322 -2.10 -8.78 -3.82 188 300 323 347 216 
4.60 -1.24 13.14 4.7800 3.4400 9.7100 -0.4378 -1.0489 0.5156 -0.53 -9.67 1.52 186 301 326 350 218 
-0.66 -10.04 -0.16 0.1400 -0.1900 -0.9000 0.6678 -0.9289 -0.2800 -0.84 -9.69 1.19 188 294 321 332 218 
3.49 -7.07 0.77 3.5000 2.7000 -3.3700 3.4456 1.0989 0.1367 -0.22 -8.18 5.39 184 350 208 229 203 
-5.88 -6.72 3.04 1.1000 1.2700 1.2900 1.2467 2.3256 -0.1244 -3.45 -7.30 5.54 188 385 170 190 154 
-2.86 -10.28 14.40 1.2500 -4.5500 8.2300 0.0944 -1.4011 0.8689 -2.30 -6.32 7.12 193 395 181 196 157 
-7.19 -7.41 9.73 -5.3800 0.5900 2.8800 -2.5822 -0.3611 -1.0700 -1.33 -8.48 4.74 194 399 185 202 162 
-2.22 -3.18 1.47 -1.5600 6.6100 -1.8300 -0.5300 1.0689 -1.9644 0.86 -9.40 2.64 192 400 188 205 161 
4.83 -3.80 2.99 4.2600 4.3200 0.3100 2.6289 1.1733 -0.8422 2.06 -8.24 4.89 193 403 191 209 164 
4.91 -7.64 11.00 3.9400 -1.8400 4.0500 2.0600 -0.1822 2.0411 0.45 -5.80 7.88 194 402 190 213 165 
-3.86 -7.13 11.52 -2.7300 0.4400 2.7400 -1.5489 -0.6867 0.7767 -0.33 -6.55 7.28 183 400 194 214 165 
-1.93 -2.47 5.11 -1.0500 4.5800 -1.4600 0.4389 -0.1856 0.1300 -0.39 -6.82 7.03 191 396 198 214 166 
;
