3.56 7.16 5.78 0.2200 -0.0300 0.0200 0.0100 -0.0244 -0.0111 3.33 7.20 5.75 191 362 356 408 221 
3.22 7.33 5.77 -0.1400 0.1100 0.0100 -0.0689 0.0089 -0.0256 3.29 7.19 5.79 188 358 354 406 223 
3.27 7.16 5.85 0.1300 -0.0700 -0.0900 -0.0567 0.0689 -0.0322 3.19 7.17 5.87 190 363 357 407 222 
8.77 19.29 9.15 4.8200 10.7900 3.4000 -0.6722 -0.0567 4.6122 4.70 7.07 4.89 195 381 348 406 223 
5.50 6.58 6.61 -3.1800 5.7200 0.4500 -4.8478 2.4011 5.6789 6.98 -2.89 6.23 197 366 352 396 223 
0.28 -4.53 0.20 -3.8000 2.3700 -4.4200 -3.7589 2.0856 2.1122 1.83 -9.11 3.12 199 379 357 404 224 
-0.15 -8.98 -5.25 -1.3000 0.5300 -10.4100 3.3733 -0.1256 -0.8778 1.84 -8.91 3.64 202 387 362 406 225 
6.56 8.08 13.46 1.7100 10.5300 11.0800 3.8822 -1.3000 -0.2022 3.83 -1.95 8.81 203 387 365 397 223 
7.79 -0.52 9.95 2.2700 3.5400 -0.2100 -5.3967 1.5700 1.8267 2.68 -7.23 6.05 202 388 360 399 223 
-1.25 -9.12 -3.07 -1.7500 0.2600 -5.6700 -1.5511 0.9811 0.0822 0.67 -9.56 2.07 204 385 359 402 224 
-0.64 -8.08 -3.88 -1.6600 1.7800 -7.4400 4.3322 -0.5300 -1.0700 1.77 -7.91 5.51 203 383 361 398 225 
8.93 8.37 17.48 5.4000 10.5600 10.4200 2.9178 -0.7033 -0.5856 4.27 -0.34 8.81 205 372 357 395 225 
5.30 0.06 9.62 0.2000 1.7900 0.9400 -2.4644 -1.5567 1.2856 5.74 -2.99 7.36 198 341 329 353 223 
3.61 -4.74 -0.45 -3.8700 0.2700 -4.1900 1.5000 -6.5167 2.7344 7.44 -6.11 1.81 193 299 294 363 224 
1.88 -3.87 -1.14 -4.8600 2.8000 0.3700 -1.7933 -4.3822 0.4111 6.07 -6.77 -3.65 197 277 294 368 226 
6.55 -4.76 -6.21 2.4000 -0.1400 0.9500 -4.4589 -3.4144 0.7544 1.95 -3.22 -9.04 203 259 271 381 233 
0.28 -1.85 -13.70 -0.2400 -1.0400 -3.1300 0.2444 0.6089 -0.3311 0.83 -1.01 -9.71 207 282 281 394 234 
1.47 -1.08 -9.45 1.1800 -0.1700 -1.1100 -0.0133 0.3500 0.0067 1.17 -1.28 -9.65 201 258 247 294 216 
5.20 -6.33 -12.82 1.0700 -2.6700 -3.5500 3.3144 6.9378 -2.0689 7.76 -3.19 -5.06 194 165 179 202 161 
3.68 -0.48 -0.98 -3.3500 0.7000 -6.0800 0.0189 9.9533 -1.1344 4.87 -1.08 8.43 198 168 174 187 152 
-5.11 0.84 -0.40 -0.9500 1.0900 -7.4800 0.5878 4.6611 2.4233 -7.11 0.20 6.74 198 170 171 184 149 
-20.29 8.61 9.61 -12.2600 5.4800 7.0300 0.5544 -0.8222 -0.0678 -7.98 3.28 4.65 200 171 175 185 151 
-8.62 3.38 3.72 -0.8200 -0.3000 -1.6600 0.0844 -0.1178 -0.1900 -7.73 3.21 5.09 202 174 179 189 154 
;
