-0.75 0.78 9.77 0.0000 -0.1300 0.0300 -0.0022 0.0044 -0.0011 -0.74 0.90 9.73 189 337 325 333 217 
-0.74 0.77 9.76 -0.0200 -0.1100 0.1500 0.0967 -0.0178 -0.0222 -0.55 1.03 9.73 190 321 318 335 216 
11.76 5.84 17.06 8.0800 4.8300 5.9900 -5.5356 0.3711 2.5500 4.88 -3.41 7.78 185 341 324 348 216 
-0.17 -4.68 2.52 -3.5400 2.5800 -3.1600 -4.6344 0.6378 1.5089 2.07 -9.03 3.18 188 345 331 354 218 
0.69 -9.71 -6.09 -0.0700 0.2000 -7.1800 1.9233 -0.3056 -0.4067 1.80 -9.46 1.80 190 354 341 371 219 
0.74 0.79 -2.04 -0.6000 8.5400 -6.1600 8.3633 -1.4322 -0.9478 3.57 -2.82 8.68 193 378 346 383 221 
5.72 5.13 18.44 1.7500 5.2100 7.5600 -4.1500 -0.9322 0.8667 4.13 -2.62 8.49 194 376 347 381 221 
2.61 -5.61 5.14 -1.5600 0.4400 -2.4600 -4.7389 0.7811 1.2289 2.66 -8.55 3.97 195 375 347 380 219 
-0.05 -11.07 -4.99 -1.8200 -1.2500 -7.6300 3.0011 -0.2511 -0.4467 2.45 -8.58 4.05 194 373 347 384 222 
4.31 3.93 4.77 1.5200 9.1200 -1.2700 6.3911 0.7600 -1.0689 3.47 -0.95 9.12 196 380 348 383 220 
4.90 1.52 12.22 0.5900 1.3500 1.9200 -1.6244 -0.1644 0.2044 4.07 -1.23 8.83 194 373 340 361 221 
4.44 -2.00 8.50 0.0100 1.3700 -0.2000 -3.3267 0.2711 0.4722 4.00 -5.12 7.33 193 362 334 365 220 
2.89 -7.50 4.35 -0.6500 -0.3700 -1.6400 -1.8956 0.6456 0.1033 3.29 -7.75 5.02 192 361 333 368 221 
3.14 -8.87 2.82 0.0300 -0.6000 -1.3100 -0.2867 0.2944 0.0244 3.03 -8.33 4.17 193 364 334 368 220 
2.21 -10.22 -0.12 -0.1400 -2.5100 -7.1000 1.6956 -0.4422 0.3878 2.74 -7.84 5.20 194 368 344 377 222 
2.85 5.47 7.57 -0.3500 10.0900 2.4000 6.2478 0.8900 -0.9400 2.79 -0.21 9.39 195 374 343 384 220 
4.62 4.32 14.17 1.7900 4.8200 4.3000 -4.4478 -0.6744 0.6311 3.70 -3.14 8.51 195 367 347 382 220 
-0.77 -10.32 -0.49 -2.8200 -3.0100 -6.4400 -3.4789 0.7033 0.1589 2.10 -8.63 4.14 194 371 348 387 222 
1.33 -7.30 -3.79 -1.8200 2.3700 -8.7900 6.0989 -0.6989 -0.6144 2.76 -6.04 7.21 196 379 351 390 222 
4.59 10.12 19.10 0.7000 8.4800 10.6600 0.5222 -0.7444 0.1556 3.51 0.33 9.14 197 380 349 388 222 
4.57 -0.42 8.70 0.0000 0.5600 -0.8500 -2.9722 -0.8344 0.5333 4.66 -3.50 7.88 194 369 344 371 221 
;
