2.66 2.78 9.07 -0.0800 0.1900 -0.0400 -0.0033 0.0233 -0.0133 2.71 2.54 9.07 183 305 269 283 209 
2.66 2.69 9.02 -0.0300 0.1100 0.0000 0.1256 0.0600 -0.0567 2.64 2.68 9.05 183 306 263 285 211 
2.77 2.98 9.17 0.1400 0.3000 0.2900 0.0867 -0.0900 0.0278 2.69 2.74 9.01 185 306 274 287 212 
4.59 6.54 13.03 1.0400 4.9100 6.8400 -1.0300 -3.4500 1.6500 6.10 2.10 7.38 184 304 303 322 207 
7.70 2.17 7.03 0.9700 3.3700 -0.8900 -4.9756 2.3656 1.8467 5.42 -4.29 6.95 184 322 321 346 206 
1.55 -5.28 0.97 -1.7500 1.8100 -3.3500 -3.2356 1.8033 0.7767 2.03 -8.54 4.35 183 355 335 373 207 
1.77 -10.20 -4.57 -0.0800 -1.0900 -7.4000 1.1844 -1.1278 0.4622 1.44 -9.13 3.27 182 366 341 377 208 
2.24 -3.08 -0.99 1.5300 6.4800 -4.1600 6.8656 -1.7911 -0.4200 2.80 -4.06 8.47 186 376 339 378 207 
4.17 3.24 17.22 0.9800 4.6200 6.5700 -3.3222 -0.1156 0.1644 3.20 -3.72 8.48 188 378 339 377 208 
1.49 -6.45 3.78 -0.7900 0.1100 -3.5100 -3.4578 0.6667 0.3044 1.74 -8.19 5.08 188 377 343 379 209 
1.13 -10.04 -2.08 -0.8100 -1.1400 -6.0100 2.2633 -0.6722 -0.4022 2.05 -7.99 5.29 188 376 339 379 209 
5.65 0.38 6.93 4.0100 6.7100 3.4300 4.7156 0.0156 -0.8578 3.76 -2.51 8.69 188 377 336 377 209 
5.00 0.10 12.36 0.8600 2.2200 2.8900 -2.7711 0.4144 0.3733 3.63 -3.73 8.30 189 375 341 373 209 
2.58 -5.72 4.60 -0.7200 0.2500 -2.7800 -3.2611 1.3989 0.4244 1.92 -7.67 5.79 185 376 339 367 209 
1.67 -9.04 2.74 -0.2000 -0.6500 -1.6800 -0.6133 0.1722 0.4500 1.13 -8.72 4.32 186 374 344 375 209 
0.88 -10.60 -4.01 0.1100 -0.7500 -10.7500 5.3856 -1.0000 0.6022 0.95 -5.77 7.86 190 387 346 385 210 
2.35 23.82 2.96 0.2200 21.4400 -0.7300 7.6489 0.6833 0.0500 1.13 6.73 7.04 194 396 351 386 208 
1.49 8.00 8.65 -0.5700 0.2800 -0.5100 -1.1300 -0.1300 -0.0189 1.67 6.13 7.46 192 397 355 388 209 
1.36 6.02 7.43 -0.1100 -0.4100 0.1500 0.2933 0.0556 0.0756 1.56 6.41 7.25 195 400 353 388 209 
;
