3.75 3.27 8.56 -0.3800 0.0800 0.0900 0.1367 -0.0300 0.0278 4.07 3.30 8.28 188 335 350 380 223 
3.87 3.50 8.37 -0.3000 0.0800 0.0800 0.1122 0.0322 0.0167 4.05 3.43 8.24 188 337 354 381 222 
15.36 10.24 13.14 15.5800 10.1400 7.4000 -4.7222 0.0189 3.4289 7.51 -0.95 6.22 190 328 333 395 220 
2.63 -1.92 3.91 -3.7300 4.1100 -2.0400 -4.5956 1.7333 3.8000 3.71 -8.20 3.88 190 339 339 402 222 
-2.84 -7.68 -3.54 -3.0400 1.2700 -5.4400 -0.6356 -0.7678 -0.4556 1.74 -9.62 0.71 194 361 353 410 224 
5.47 -7.07 -4.15 0.7700 2.4700 -6.5100 4.6733 -0.6589 0.0700 2.46 -8.21 4.75 196 365 356 408 225 
5.73 4.76 12.00 1.2300 7.9800 8.4600 4.4389 -0.6233 -0.4600 3.96 -1.66 8.81 196 363 357 403 224 
6.32 0.63 12.03 2.1900 3.9900 2.8600 -5.6267 0.1889 1.3389 3.40 -6.30 6.69 199 367 357 407 225 
-0.10 -8.19 -1.95 -2.3100 0.4000 -5.4300 -2.0956 1.0844 -0.2344 1.96 -9.34 2.23 198 366 358 408 225 
1.66 -5.70 -3.97 -1.6200 3.4800 -8.6600 5.8356 0.0311 -1.3089 3.18 -6.88 6.21 197 363 356 406 224 
0.17 4.28 23.76 0.3900 4.1300 12.4300 -0.6678 -2.8078 -0.0056 4.11 -1.80 8.71 199 340 352 386 224 
4.06 -3.29 2.04 -3.7900 0.7400 -4.8200 -1.2756 -6.5067 1.2578 7.96 -5.28 2.18 186 297 304 322 220 
4.69 -2.54 -3.19 -2.5600 2.7600 1.6700 -2.0056 -5.4267 -2.3411 6.64 -4.12 -5.92 183 236 222 272 215 
8.39 -2.71 -11.69 2.1700 -0.9200 -3.3000 -3.1967 -2.8222 -0.5022 2.35 0.66 -9.49 189 241 204 247 199 
6.19 0.70 -12.49 4.8700 -0.8100 -2.8000 1.0722 0.1444 0.2444 1.46 0.83 -9.66 200 262 215 266 210 
4.97 -1.45 -13.98 1.6800 1.0700 -3.7900 4.9000 2.9400 1.1578 3.43 -4.58 -7.96 208 358 336 372 222 
1.94 -2.99 -2.37 -3.5300 4.4500 1.5500 2.2044 1.8700 0.4978 4.62 -8.21 -2.71 213 392 357 392 220 
3.57 -4.38 -1.35 -0.9400 3.2500 0.6400 -0.5611 0.1556 -0.4044 5.30 -7.96 -2.16 212 385 354 384 223 
7.01 -8.66 -2.97 0.6000 -3.3800 -0.6100 -1.4000 1.5789 -3.0589 7.43 -5.82 -2.64 185 333 221 236 217 
12.32 -4.57 -2.18 2.1800 -0.7500 -1.4000 2.7600 2.8844 -0.9056 9.11 -3.04 1.95 184 323 174 190 156 
8.67 0.22 1.42 -0.4900 3.0400 -1.3500 3.1711 0.7533 -0.1256 8.82 -1.80 3.87 172 327 169 188 146 
5.19 3.03 4.65 -3.1300 3.3400 -0.3700 0.4422 0.6033 -0.6133 8.19 -0.07 5.38 169 319 173 191 148 
7.09 3.49 4.78 -0.6000 3.4400 -0.7400 -1.1789 0.3033 -0.7744 7.81 0.17 5.91 171 330 175 195 152 
8.68 1.49 5.09 1.2200 0.9700 -1.5100 -2.2278 1.1078 -1.1722 6.89 -0.61 6.94 173 358 180 201 158 
7.61 -1.54 6.76 0.6900 -0.4800 -0.7100 -1.2622 1.4478 -0.4322 5.76 -1.80 7.72 172 377 181 202 160 
2.61 -4.05 9.55 -2.3800 -1.7300 1.5600 -0.1456 0.5511 -0.5689 4.80 -1.87 8.34 172 380 182 204 160 
2.38 -1.48 8.55 -2.7400 0.3400 -0.3000 -0.1222 -0.8233 0.1156 5.25 -1.99 8.03 173 373 182 205 161 
3.15 -1.00 4.75 -4.2200 -0.4100 -3.1300 -1.2900 -0.5722 -0.9233 6.83 -2.71 6.48 180 320 195 219 173 
;
