3.25 0.19 9.28 0.0800 -0.1100 0.0200 0.0000 -0.0033 -0.0056 3.11 0.31 9.29 176 350 334 355 215 
3.23 0.22 9.43 0.0600 -0.1100 -0.0500 -0.0022 0.0167 0.0044 3.10 0.30 9.29 180 351 330 356 215 
2.42 -0.06 9.69 -3.1200 -0.8300 3.2400 0.5644 -2.3656 0.8167 4.81 0.14 8.54 181 309 312 350 212 
6.69 -1.34 10.10 -1.2300 2.0700 -0.5500 -6.5078 2.9233 1.2100 4.41 -6.75 5.57 178 336 332 363 212 
5.81 -6.44 -8.03 2.3900 1.7700 -11.6500 1.7500 -0.3233 1.1378 3.30 -8.67 3.15 181 347 331 374 214 
2.65 -1.22 20.70 -0.9300 4.1500 15.7700 0.7933 -0.1922 0.7867 2.96 -5.69 7.40 181 351 341 375 213 
3.30 -5.46 4.41 -0.2100 2.0800 -1.5800 -3.9133 1.5867 -0.0422 2.61 -8.65 3.80 182 357 344 380 215 
4.10 -8.57 -7.29 1.4700 1.0500 -9.6100 2.3944 0.0822 0.1700 2.63 -8.93 3.06 182 352 344 378 213 
1.57 -2.17 20.07 -0.4100 2.7900 12.8800 0.6344 -3.0967 -0.3422 4.26 -5.51 6.89 174 306 323 350 214 
4.54 -7.31 -2.50 -3.1700 -1.1400 -5.8800 2.3389 -8.5656 1.0211 7.31 -6.52 0.21 171 271 292 302 217 
5.14 -4.84 -4.60 -0.6500 0.8300 -0.0600 -2.3078 -4.5522 -1.3944 5.44 -5.06 -6.38 173 233 259 335 220 
6.34 -3.24 -12.16 3.6800 -0.1400 -3.3400 -0.7778 -0.4111 -0.2267 3.08 -2.04 -9.08 180 254 266 328 225 
3.19 -2.01 -8.83 -0.0700 0.1800 0.5200 0.1122 0.1333 0.0433 3.13 -2.18 -9.03 179 265 270 330 226 
3.45 -1.97 -8.58 -0.0900 0.1800 0.4800 -0.1478 0.3833 0.0500 3.46 -2.12 -8.92 177 271 270 339 225 
;
