1.99 7.33 6.10 0.1200 -0.0500 -0.0400 -0.0033 -0.0178 0.0289 1.91 7.40 6.14 189 362 369 379 227 
2.03 7.40 6.16 0.0700 0.0200 0.0400 -0.0200 0.0733 -0.0033 1.89 7.37 6.18 190 365 371 379 227 
1.66 7.96 6.91 1.4700 2.1200 2.9400 2.7556 0.3578 0.2300 1.77 8.28 4.93 192 381 359 405 228 
10.88 12.11 9.94 3.6800 5.9000 3.8700 -3.3889 -2.1433 5.7144 8.04 1.20 5.48 190 339 346 378 228 
0.78 -0.21 1.63 -6.3800 4.4100 -3.8300 -3.1589 2.0433 4.2322 4.52 -7.03 5.12 191 379 354 395 229 
1.20 -6.13 -0.53 -1.6500 2.8700 -4.0200 -2.7833 0.3011 0.7622 1.80 -9.49 1.63 196 398 367 406 231 
2.27 -10.28 -3.34 0.1400 -0.8400 -3.9000 1.5444 -0.2278 0.0389 1.55 -9.53 1.67 199 400 366 403 232 
1.13 -4.37 -0.87 -1.6200 5.1000 -5.9800 6.2444 -0.6333 -1.2911 2.88 -5.62 7.50 199 397 367 401 230 
7.72 4.98 18.95 4.6900 5.6100 10.2100 0.5811 -0.1722 0.0156 3.80 -0.36 9.03 201 395 366 399 231 
4.95 0.72 8.96 1.5200 5.1700 0.0700 -6.4278 1.1756 1.9544 2.23 -7.20 6.27 199 389 369 398 230 
-3.06 -10.28 -5.62 -3.1700 -1.0400 -8.2100 -1.3333 0.6811 -0.0289 0.42 -9.69 1.37 201 395 366 404 230 
-0.11 -5.22 -4.14 -1.3200 5.1000 -8.5900 6.5156 -0.6811 -1.7522 2.56 -6.26 7.09 201 395 367 401 231 
6.38 6.32 19.73 3.8200 5.1400 10.4800 2.7522 -0.8056 -0.6222 3.84 1.41 8.91 201 392 357 390 230 
7.09 0.14 10.96 1.3600 -1.5100 1.5200 -0.8156 -1.6244 1.1422 5.53 0.22 8.08 181 320 173 181 197 
8.53 -0.92 4.21 -0.6700 -1.2600 -3.3700 3.5278 -3.3867 2.3644 8.28 -0.64 5.20 175 313 155 180 163 
5.83 1.62 3.36 -2.7000 2.4000 -1.6900 2.0578 0.2011 0.4200 8.11 0.38 5.49 163 318 159 183 166 
6.95 4.16 5.53 -0.3800 2.9700 -0.2400 -0.7367 0.0189 -0.2378 7.82 0.77 5.86 163 324 166 184 169 
8.67 1.70 4.24 1.2500 0.8700 -1.8600 -1.9344 1.0744 -1.3122 6.86 0.08 6.99 170 335 170 189 173 
7.30 -3.02 5.14 0.4000 -2.4400 -2.1600 -1.0789 0.9644 -0.0744 5.87 -1.35 7.73 166 344 171 196 177 
3.43 -1.64 10.41 -1.5000 0.4600 2.0100 -0.7211 0.1378 0.1056 5.38 -1.78 8.00 169 344 172 195 176 
4.67 -1.06 8.10 -1.9300 1.3300 0.2400 -0.9000 -1.4811 2.2500 5.76 -4.07 6.80 167 307 175 198 178 
1.88 -6.22 4.15 -2.1500 -1.3400 -2.2700 1.3022 -3.0622 4.0578 4.99 -6.88 4.87 166 305 176 198 175 
5.21 -12.87 3.36 2.2800 -5.0900 -1.0700 0.8056 -0.5533 0.8200 3.60 -7.79 4.73 15 317 179 201 173 
7.01 -11.84 3.70 1.0800 -4.2700 -2.2800 2.3011 1.0911 -0.6711 3.42 -6.16 6.81 163 325 182 202 173 
1.68 -5.36 6.20 -1.4600 -1.5900 -2.7100 2.7800 1.6411 -2.5056 2.68 -1.51 9.30 167 330 181 201 174 
-3.27 4.45 5.30 -4.8000 3.7100 -3.3600 2.9500 1.5678 -1.1811 -0.25 3.17 9.27 168 341 182 203 175 
-2.68 8.89 9.95 -1.1300 3.6500 0.9700 -0.5144 -0.2511 0.1178 -0.87 3.90 8.95 169 342 173 202 174 
;
