2.34 -0.86 9.49 -0.0100 -0.2400 0.1000 -0.0222 0.0144 -0.0111 2.30 -0.87 9.49 187 340 350 341 222 
2.32 -0.99 9.51 -0.0200 -0.0700 0.0100 -0.0067 0.0022 -0.0111 2.30 -0.88 9.49 188 341 350 342 222 
2.26 -0.95 9.46 -0.0100 -0.1000 -0.0500 -0.0211 0.0233 -0.0144 2.29 -0.90 9.49 188 341 349 342 223 
3.69 3.85 15.53 1.3400 3.2600 6.5800 -1.4100 -6.8033 2.6244 5.92 -1.91 7.57 190 318 325 348 220 
3.47 -5.39 3.80 -2.0800 1.0400 -1.8100 -3.2933 -0.6678 2.8100 4.59 -7.81 3.73 195 354 341 362 223 
1.21 -7.62 -1.84 -0.9300 1.3300 -4.8600 -0.4289 -0.1644 0.4900 2.90 -9.11 2.16 197 364 348 377 226 
2.58 -7.30 -2.71 -0.0300 2.3700 -6.3900 5.2756 -0.6511 -0.2589 3.27 -6.82 6.23 199 365 350 380 226 
5.51 2.10 18.67 2.2200 4.7600 10.2800 -0.0133 -0.4622 0.3633 3.95 -2.98 8.46 199 365 350 380 226 
4.21 -3.42 8.41 0.1300 1.3000 -0.2700 -4.0333 0.9222 0.6800 3.07 -7.12 5.99 199 365 353 380 225 
1.26 -10.29 -2.42 -0.4900 -1.7700 -6.5000 -0.0444 0.3022 -0.1933 2.57 -8.60 3.93 199 366 353 379 226 
3.72 -2.96 -0.22 1.2600 4.2300 -5.2000 5.9867 0.0967 -0.7111 3.34 -4.16 8.22 200 367 353 378 226 
2.89 -1.30 10.91 -1.9600 2.0600 0.6400 -2.6700 -4.5489 1.0089 5.68 -4.88 6.32 194 313 301 314 222 
3.86 -5.22 -3.85 -4.1800 1.3200 -2.7700 0.3933 -8.0256 0.0978 6.92 -6.22 -3.07 186 247 238 283 222 
3.82 -4.12 -7.11 -0.3700 0.7600 -1.1000 -3.1800 -3.2844 -0.4544 3.66 -3.38 -8.44 191 235 233 284 225 
5.76 -5.68 -13.80 3.1000 -3.7600 -4.1800 -0.0411 0.1711 0.1922 2.86 -1.72 -9.21 203 261 247 301 229 
7.38 -4.30 -12.27 3.9200 -1.0300 -3.5400 2.4378 2.0867 0.5289 4.26 -4.42 -7.63 202 288 284 345 230 
4.10 -3.83 -3.65 -2.7600 3.1500 1.3300 2.5933 2.4089 -0.1956 5.98 -7.37 -2.43 212 371 347 388 232 
3.94 -3.95 0.38 -1.9300 3.0800 1.3400 0.0778 0.3200 -0.1489 6.34 -7.44 -0.67 213 376 353 391 232 
;
