3.17 -0.07 9.22 -0.0700 -0.1100 -0.0200 -0.0033 -0.0078 -0.0033 3.26 0.02 9.24 176 359 341 352 214 
3.17 -0.16 9.50 -0.2200 -0.1400 -0.3700 -0.0200 0.0122 -0.0222 3.26 0.01 9.24 176 357 335 352 214 
3.23 -0.18 9.22 0.3600 -0.1200 -0.0900 0.1456 0.6767 0.0211 2.57 0.06 9.46 177 361 334 354 214 
2.06 0.02 9.45 -0.2600 -0.1800 -0.0100 0.0878 0.0489 -0.0378 2.22 0.22 9.54 176 362 335 356 214 
3.06 1.19 12.91 0.9900 1.5400 6.4600 0.8678 -7.0633 1.9500 6.02 1.82 7.51 172 321 301 343 216 
10.43 -2.80 0.52 -1.2000 0.3700 -0.3300 1.6722 -7.6489 4.7656 8.49 -4.48 -1.95 174 264 275 338 220 
2.15 -4.70 -2.00 -3.3400 1.1100 4.2000 -1.5044 -4.0511 0.4389 3.24 -5.69 -7.29 182 258 260 313 226 
6.25 4.21 -25.76 -1.9000 5.3100 -16.6500 0.0956 -0.2733 0.0000 1.52 -1.78 -9.52 185 276 283 345 227 
3.16 -2.12 -8.80 0.9600 0.0800 0.5300 0.2789 0.1667 -0.0733 1.89 -2.27 -9.34 182 261 264 337 226 
3.04 -3.74 -10.99 0.3200 -1.3400 -3.0500 2.0956 3.4311 -2.2811 5.42 -2.89 -7.64 169 315 169 192 191 
8.88 -3.40 -7.03 0.3300 -0.9900 -1.7700 3.3978 2.4300 -1.4033 8.70 -3.05 -3.33 156 323 159 170 187 
8.64 -1.12 0.16 -0.1300 0.7300 -1.8400 3.2533 3.1144 -1.2422 9.40 -1.01 2.59 142 340 172 179 193 
5.43 2.65 4.04 -3.5300 1.4800 -0.5200 0.7844 1.1956 -0.8522 8.54 1.52 4.55 143 339 174 180 195 
7.03 2.67 5.29 -1.2900 0.7500 0.3400 -0.0789 0.1256 -0.1833 8.19 1.93 5.02 148 336 179 183 195 
7.13 3.17 5.26 -1.0200 1.4000 0.2900 -1.0600 -0.4100 -0.4611 8.20 1.94 5.00 147 339 183 184 196 
8.58 2.78 4.73 -0.1500 0.9400 0.1800 -1.5056 -0.1589 -0.6289 8.22 1.72 5.05 148 338 183 187 195 
8.73 1.50 3.80 0.4800 0.2500 -1.0000 -1.8822 0.4800 -0.5522 8.01 1.05 5.54 152 351 181 185 197 
6.88 -1.36 5.93 0.0900 -2.1200 0.2700 -0.4756 -0.0144 -0.3511 7.71 0.73 6.01 143 351 185 187 197 
7.80 0.84 7.27 -0.2500 -0.0700 0.8100 0.1878 -0.1856 0.2022 7.73 0.89 5.95 154 350 193 190 199 
6.60 0.44 6.02 -1.7100 -0.6500 0.1200 0.0800 -0.6656 0.2956 8.15 0.66 5.40 158 344 190 189 198 
4.80 -0.03 3.58 -2.5400 0.8100 -3.2300 -2.6211 2.8256 1.2144 6.31 -2.01 7.22 150 314 185 222 199 
5.81 -3.69 6.19 2.6000 -0.7000 -1.1100 -1.2200 5.1678 -2.3156 2.13 -3.56 8.88 162 325 296 307 207 
7.37 0.44 15.47 5.1100 1.1400 5.2500 2.2289 1.0489 -0.9889 2.19 0.12 9.55 175 362 318 363 205 
;
