1.12 1.37 9.52 0.0300 -0.0200 -0.1300 0.0178 -0.0089 -0.0056 1.10 1.38 9.64 176 321 334 342 214 
1.34 1.33 9.62 0.2000 0.0200 -0.0200 0.0944 0.0944 -0.0389 1.04 1.49 9.63 181 324 337 347 216 
2.00 7.34 13.41 -0.4000 4.7500 5.2700 2.6656 -2.4100 0.9267 4.01 5.33 7.18 185 370 346 386 225 
5.73 1.36 3.28 -4.5600 -2.4500 -2.3000 -0.5044 -7.8633 6.2311 9.66 -1.49 0.65 183 345 342 414 229 
6.17 -3.57 -2.96 -0.2300 1.9400 3.2100 -1.6633 -2.3200 1.7244 2.47 -5.97 -7.37 196 279 295 392 237 
1.86 -4.71 -9.56 0.5700 -0.3000 -1.0100 -0.6311 -0.2122 0.1189 1.40 -4.34 -8.67 201 297 304 386 236 
5.89 -3.77 -7.51 4.7500 0.9500 0.9100 -0.1078 5.9144 -0.8933 4.65 -4.23 -7.52 188 302 325 393 234 
3.27 -3.80 -2.05 -4.0900 -0.4800 -2.2300 1.7811 7.2767 -2.1533 8.14 -1.23 5.31 180 329 342 398 229 
4.00 1.57 6.95 -2.5000 0.3300 -0.7800 2.5422 2.9956 -1.5944 3.67 3.10 8.54 187 348 352 408 224 
;
0.33 6.57 8.33 -2.6300 1.8300 1.8000 2.1067 -1.9933 0.4878 1.97 6.06 7.44 182 360 357 411 215 
1.77 6.15 6.82 -0.1600 0.2600 -0.6000 0.0067 -0.0300 0.0156 2.08 6.04 7.43 165 354 361 414 213 
3.31 9.57 10.03 -0.4500 3.0300 2.4900 -2.9867 -3.9178 2.5767 6.28 3.82 6.48 183 325 337 384 229 
6.66 -2.47 -0.60 -2.0500 -2.0300 -2.9800 0.4511 -11.7222 4.5578 8.74 -2.64 -3.56 178 323 334 413 230 
1.88 -3.32 -6.14 -0.7700 1.8400 1.6900 -0.8567 -2.3000 0.5044 1.54 -4.30 -8.67 192 278 303 396 233 
1.01 -4.15 -10.53 2.6000 0.6000 -0.5600 -0.4511 0.8667 -0.0311 1.14 -3.20 -9.19 199 301 304 389 236 
4.08 -3.23 -9.13 3.2300 0.3300 -0.1400 0.2100 3.9033 -0.1378 3.40 -3.49 -8.50 198 296 321 392 235 
2.72 -4.48 -7.16 -6.9500 -1.3000 -4.2800 1.9878 9.9700 -2.2967 8.27 -1.88 4.90 182 313 305 384 229 
2.46 2.55 8.17 -1.4800 1.0700 -0.1800 2.0356 3.3644 -1.1511 2.64 2.68 9.05 182 341 346 410 224 
;
2.47 7.98 9.95 -0.8200 4.1600 2.1200 3.1722 -1.1244 0.3644 1.30 5.65 7.90 183 352 356 424 228 
1.05 5.71 7.66 -0.2500 0.5800 0.2200 0.3522 -0.8311 0.2167 1.98 5.64 7.77 182 344 357 425 229 
5.71 8.29 9.59 0.2400 3.2000 1.2700 -3.9444 -5.2067 3.4733 7.82 2.26 5.46 187 314 328 355 231 
5.37 -3.93 -2.90 -3.1000 -0.7100 -1.5700 -0.3544 -8.7822 4.0733 7.26 -4.28 -5.00 183 296 296 378 233 
2.27 -2.55 -7.14 -0.8100 1.6300 1.1200 -1.6344 -1.1122 -0.1267 1.89 -3.52 -8.95 201 310 298 383 236 
2.92 -3.08 -11.06 1.3300 -0.3400 -1.8100 -0.0944 -0.0822 -0.1556 1.67 -2.66 -9.28 205 316 302 383 236 
4.23 -2.71 -8.88 2.3500 0.4100 -0.1200 0.1822 3.6411 -0.3200 3.70 -2.99 -8.57 203 313 301 381 235 
5.90 -2.64 -3.90 -2.1200 0.5100 -0.7600 1.3133 6.9867 -1.7522 9.55 -2.01 0.94 180 324 319 388 227 
5.78 0.93 5.47 -2.1800 0.7900 -0.6900 1.7044 5.3878 -1.4511 5.54 1.25 7.99 179 331 340 406 222 
;
0.95 5.17 7.39 -0.9100 2.8100 -1.0600 4.7433 -1.8822 1.3856 2.84 5.34 7.71 178 353 355 426 228 
2.16 5.68 8.19 -1.0300 0.7900 0.8100 0.6489 -1.8411 0.2644 4.27 5.23 7.10 183 346 337 430 231 
7.30 3.38 4.15 0.3700 0.1200 -2.1200 -2.0744 -8.2022 4.8400 9.76 -0.83 0.23 183 343 325 401 231 
5.85 -2.59 -4.22 0.8600 1.6600 3.3500 -0.9000 -5.0156 1.8456 2.90 -4.40 -8.26 190 319 308 387 231 
1.69 -3.16 -8.40 1.3500 0.2000 0.1800 -1.2467 -0.6989 0.1022 0.35 -2.89 -9.36 192 300 296 380 235 
1.44 -2.55 -10.12 1.4700 -0.3200 0.0900 0.1244 -0.0756 0.0689 0.19 -2.21 -9.55 202 308 302 384 236 
1.74 -2.15 -9.21 1.4600 0.2300 0.1200 0.2533 0.9367 -0.3011 0.99 -2.49 -9.43 202 312 299 385 239 
6.47 -2.55 -9.77 1.4500 0.9500 -0.8700 1.8211 6.4656 -0.2789 7.00 -3.62 -5.83 186 315 262 386 229 
5.61 -2.97 0.02 -3.5900 0.0100 -1.2300 1.7689 6.3867 -2.0811 8.44 -1.59 4.72 184 334 328 399 228 
;
3.48 2.09 6.70 -4.0100 0.5800 -0.2700 1.9567 3.6978 -1.8244 3.99 3.04 8.42 186 356 337 416 226 
2.37 8.37 10.71 -0.9600 2.7100 0.7700 1.8389 0.5644 -0.6200 1.93 5.48 7.89 185 401 353 422 227 
0.82 5.37 8.30 -1.0600 0.0100 0.3200 0.1178 -0.5056 0.3489 2.52 5.40 7.78 187 388 348 414 228 
1.84 7.36 10.29 -2.0400 2.5200 2.5200 -1.6500 -5.0744 2.3100 6.92 3.23 6.14 184 330 325 389 229 
6.11 -1.24 -0.53 -2.7500 -1.3400 -2.5800 -0.7389 -10.4267 4.3878 8.18 -2.72 -4.66 189 286 317 405 233 
1.92 -2.91 -5.70 0.7600 1.0500 2.4200 -1.8878 -1.7333 1.2244 0.87 -3.11 -9.25 198 298 299 384 241 
1.28 -3.00 -9.89 1.6100 0.0600 -0.1900 -0.1467 0.1444 -0.0633 0.20 -2.77 -9.40 200 304 308 388 241 
4.48 -2.23 -9.78 3.7400 1.1600 -0.7200 0.0933 5.8278 -0.6700 3.93 -3.05 -8.44 188 307 296 391 235 
;
5.65 -3.25 -4.37 -1.0300 0.1700 -1.9300 1.8000 7.4222 -1.5078 9.17 -1.57 3.09 185 335 331 408 229 
2.25 0.26 4.93 -3.1800 0.2200 -1.7500 2.6733 5.0811 -1.1200 3.31 2.38 8.91 186 354 351 423 228 
-0.06 5.96 11.48 -1.9300 2.5300 2.7200 0.9211 -0.4078 0.0600 2.02 4.12 8.66 186 350 350 418 227 
0.93 5.33 10.31 -1.2500 1.5700 1.0000 -0.7389 -8.2378 2.9578 8.24 1.97 4.93 183 336 345 396 228 
7.78 -2.12 -0.75 -2.0300 0.2300 0.7200 -0.0344 -5.9833 4.1222 7.64 -4.30 -4.38 188 313 306 400 232 
3.68 -3.72 -5.18 0.5900 1.7600 1.6300 -2.4444 -1.6878 1.3011 1.40 -4.79 -8.44 191 299 285 358 235 
1.90 -3.12 -10.32 1.6100 -0.1400 -0.9600 -0.7478 0.0044 0.0233 0.33 -2.77 -9.40 201 299 287 366 236 
1.91 -2.66 -9.60 1.4700 -0.2500 -0.1600 0.2133 0.1700 -0.0089 0.89 -2.65 -9.39 201 302 287 371 235 
4.29 -2.62 -10.96 1.0900 0.2200 -1.7400 1.1611 6.1078 -0.6100 6.22 -3.43 -6.75 186 327 303 373 231 
;
6.27 -2.76 -0.21 -2.7400 -0.4100 -1.0600 1.9089 6.9911 -2.3333 8.65 -1.12 4.47 186 340 336 402 229 
-0.20 1.23 7.06 -1.9100 1.2700 -0.2300 2.5933 4.0556 -1.7244 1.90 3.38 9.00 187 360 358 423 228 
0.79 9.17 10.14 -1.7200 2.1600 1.0200 2.6133 -0.3278 0.1544 0.44 6.24 7.54 187 368 362 429 228 
0.28 6.91 8.69 -0.2100 1.2900 0.7800 -2.1289 -7.7356 3.9467 6.95 3.23 6.10 183 350 342 402 229 
8.23 -1.44 -1.62 -2.0300 -0.3900 -0.1400 0.4444 -7.6522 4.1489 7.93 -3.31 -4.71 182 309 311 390 229 
2.65 -3.42 -6.96 -3.1800 0.4100 1.0900 -2.3567 -1.9422 0.8322 2.94 -3.49 -8.67 195 308 301 402 236 
4.61 -2.65 -10.35 2.5500 -0.6200 -1.1200 -0.2100 -0.2956 0.1478 2.33 -2.12 -9.28 200 311 296 396 237 
5.60 -2.03 -9.27 2.1200 0.5900 -0.5500 0.6767 4.4800 -0.3567 5.29 -2.78 -7.77 188 311 305 405 236 
;
6.88 -2.91 -4.44 -1.6900 -0.5000 -2.3400 1.2933 7.6478 -2.2078 9.43 -0.97 2.49 187 334 329 410 230 
2.66 0.76 4.99 -4.3800 -0.5600 -1.8200 1.9511 5.1667 -1.4500 3.38 2.83 8.75 189 344 349 415 231 
-0.75 5.36 9.65 -1.5500 1.1300 1.3400 1.4289 0.4433 -0.5467 0.75 5.28 8.22 187 349 359 431 229 
-1.44 7.10 10.65 -2.3200 2.1000 2.8000 -0.9667 -4.8567 2.2589 4.70 4.73 7.18 185 345 350 410 231 
8.43 0.76 1.34 -1.8100 -0.8200 -1.2800 -1.3567 -6.8011 4.4111 9.51 -1.73 -1.61 184 316 322 415 232 
3.83 -3.41 -5.01 -0.9100 0.8000 1.6600 -1.8256 -4.0400 1.4811 3.15 -3.68 -8.52 188 291 290 390 237 
2.82 -2.91 -10.08 1.6100 -0.1800 -0.8100 -0.2511 0.1344 0.0100 1.53 -2.37 -9.39 198 301 300 390 240 
;
