-0.05 0.27 9.77 -0.0200 0.1100 0.0800 -0.1867 -0.3800 -0.3000 0.51 0.22 9.79 174 350 336 352 216 
0.42 0.30 9.61 -0.7700 0.3200 0.6500 -0.1478 -1.7089 -0.2322 2.03 0.07 9.59 177 306 337 356 214 
4.36 0.11 5.75 -0.1600 0.6400 -1.1000 -0.7278 -6.7344 1.7333 7.69 -1.58 5.87 168 283 303 375 221 
8.37 -4.09 -1.24 0.7200 0.9100 3.0200 1.9033 -6.8156 2.5333 6.58 -5.92 -4.21 181 248 253 332 223 
-0.80 -2.30 -5.92 -0.8600 5.1600 -11.1900 -2.6411 -2.0356 0.4889 2.40 -3.16 -8.96 185 246 248 341 227 
4.15 -3.41 -6.66 1.5200 0.2800 1.6400 -0.0144 -0.0611 -0.0200 2.37 -3.47 -8.85 185 254 255 350 228 
2.95 -3.09 -8.09 1.2600 0.6100 0.6600 -0.1400 2.0200 0.0433 3.16 -3.50 -8.59 180 233 232 283 220 
8.72 -5.63 -8.61 2.2300 -2.1000 -1.4700 0.8356 7.6400 0.5422 9.09 -3.67 0.16 185 162 161 181 181 
7.49 -2.43 -1.08 2.7100 3.6600 -8.6700 -0.2678 10.4333 4.9789 -2.24 -5.53 7.77 189 148 152 176 186 
-9.33 -0.61 -1.04 -1.8500 1.2300 -10.7500 1.7467 0.3956 3.5844 -7.77 -0.38 5.95 193 153 157 183 193 
-10.14 4.18 10.28 -0.4200 0.9600 -1.5000 -0.8211 -0.3500 -0.5633 -8.12 1.27 5.34 195 156 158 186 194 
-8.36 2.36 5.89 0.2400 0.9700 0.2400 -0.1644 -0.2511 -0.1500 -7.98 1.12 5.57 196 158 162 188 194 
-9.90 1.72 5.87 -1.4600 1.7000 -1.2200 -0.3811 -4.6000 -2.1256 -4.85 -0.48 8.50 180 238 179 205 197 
0.57 1.11 7.53 1.2100 2.1900 -1.9500 0.0022 -2.7533 -2.1600 1.08 -1.21 9.67 178 330 283 324 207 
;
