-0.03 1.18 9.76 -0.5100 0.0100 0.0600 -0.0233 -0.1267 -0.0656 0.79 1.22 9.69 155 280 305 318 202 
0.35 1.22 9.73 -0.1600 0.0700 0.1700 0.1478 0.0500 -0.0122 0.69 1.30 9.69 157 284 307 326 202 
0.26 4.74 11.43 -0.4700 2.5200 1.9700 2.2178 -4.4178 1.9200 3.39 3.41 8.54 165 307 318 355 210 
8.28 -0.09 3.83 -1.5600 -0.2700 0.3200 0.1656 -7.0556 5.3822 9.61 -1.93 0.09 178 294 295 338 211 
4.50 -3.97 -1.81 -1.7800 0.9900 2.3700 -0.9856 -3.6022 1.7067 5.55 -5.25 -6.14 186 267 199 311 220 
2.89 -3.94 -12.47 -0.5600 -1.1000 -5.6900 -1.1567 -1.7356 0.2689 3.27 -2.90 -8.77 192 277 239 318 220 
4.49 -3.00 -8.38 0.8400 0.2000 0.6200 0.0933 0.2833 -0.1000 3.41 -2.95 -8.70 193 277 222 304 217 
6.16 -4.25 -7.18 2.1800 -1.8000 0.4900 -0.3933 4.6833 -1.8756 7.44 -1.68 -6.15 128 238 257 302 200 
6.91 -3.24 -5.73 -3.2700 -1.5100 -3.2000 0.7244 4.0789 0.3000 9.69 -1.46 -0.32 100 175 199 230 195 
7.81 2.19 1.67 -2.6400 3.3600 -2.4900 2.6378 1.1944 0.9633 8.07 -0.93 5.48 101 170 183 193 149 
7.46 3.65 5.99 -1.1700 3.7600 0.2300 2.2356 -0.7722 1.2178 7.89 -0.03 5.82 104 166 182 189 144 
5.94 3.09 11.68 -2.0900 2.4700 4.3600 -1.2467 0.0967 -0.6111 8.32 -0.04 5.18 106 168 180 194 148 
9.42 3.73 4.32 0.6100 3.3200 -1.0000 -1.6511 -0.6311 -0.8533 8.71 -0.16 4.50 109 169 184 196 150 
9.84 -0.23 1.12 1.0800 -0.3300 -2.9800 -0.6156 -0.1756 -0.5444 8.94 0.06 4.02 108 168 183 199 155 
9.26 -2.01 1.82 -0.2100 -2.2500 -1.2800 0.8289 -0.0944 -0.1200 9.01 0.64 3.80 111 167 174 183 152 
8.07 1.20 8.30 -1.0300 0.6300 4.0400 -1.3522 0.9556 -0.1478 8.88 0.27 4.14 111 171 181 196 160 
7.00 -0.30 4.04 -0.2600 -0.4100 -2.9100 -1.5511 6.1189 -1.3178 4.56 -0.13 8.67 115 187 202 220 184 
;
