2.98 0.34 9.29 0.1300 -0.0800 -0.0600 0.0156 -0.0022 -0.0333 2.83 0.45 9.37 172 348 338 350 215 
1.17 2.05 12.05 -1.6900 1.9400 2.1900 -0.7411 -5.2822 1.5267 5.89 -0.33 7.83 172 276 295 321 216 
8.59 -3.76 -3.64 0.0000 0.2100 -0.7300 2.9167 -9.9622 2.2089 6.14 -5.06 -5.72 175 235 262 332 220 
2.60 -2.09 1.07 -0.9300 2.0500 7.7200 -3.8622 -2.6222 -0.2456 2.14 -2.72 -9.17 181 267 261 347 230 
3.45 -2.94 -6.00 1.1500 0.4000 1.6200 -0.0633 -0.0989 -0.0856 2.22 -2.93 -9.08 183 275 270 353 231 
3.11 -2.78 -7.97 1.4400 0.4400 1.0100 -0.0722 2.7522 -0.1856 4.10 -2.95 -8.40 167 236 230 250 217 
10.45 -3.51 -6.98 1.5800 -1.7000 0.3600 -0.2022 5.8267 -1.6478 9.64 -1.28 -1.21 169 293 152 170 185 
5.27 -1.83 2.59 -5.1100 -1.5700 -1.0800 1.1878 3.1922 -1.1078 8.20 0.33 5.36 178 329 154 172 193 
8.61 2.40 4.24 1.2300 1.0500 -1.7200 1.2211 0.5122 -0.8333 7.38 2.45 5.96 149 335 171 180 192 
9.72 4.31 5.45 4.0000 1.7000 0.2800 1.5344 -0.0511 0.5733 7.50 3.46 5.27 136 332 172 183 191 
10.84 4.18 8.46 0.4300 1.7400 4.0800 0.2467 0.3322 2.9933 8.59 1.12 4.59 148 334 176 183 191 
2.05 -1.27 4.48 -6.2000 -0.0800 -0.6800 -1.1511 -0.7467 0.6989 8.53 -1.84 4.46 151 334 178 185 189 
4.39 0.86 0.27 -4.6900 2.0500 -3.0400 -0.7678 -1.4500 -2.1922 9.50 -0.45 2.38 148 338 178 185 190 
11.35 3.98 -3.21 3.3300 2.6000 -4.0600 1.1600 -0.4811 -2.6767 9.14 3.45 0.76 145 337 176 187 191 
14.64 6.84 1.50 6.6800 2.1700 2.4600 1.4111 0.7889 -0.0833 8.45 4.95 0.28 146 334 180 187 191 
6.92 3.63 1.70 -4.3500 -0.8100 -0.1800 -0.2144 0.0111 1.9178 9.48 2.38 0.73 147 332 180 186 192 
7.66 2.92 1.06 -1.0000 0.9000 0.7300 -0.5656 0.3067 -0.6544 9.39 2.64 0.97 159 324 180 184 190 
9.20 3.74 3.22 0.4300 0.3900 -2.0000 -4.6289 7.4244 -0.9178 4.64 0.66 8.60 172 294 221 238 205 
-3.78 -3.33 7.43 -0.0800 -0.3500 -0.9800 0.9956 -1.3889 -2.2300 0.33 -1.53 9.68 174 344 322 336 205 
1.15 -0.69 8.19 -0.6200 -0.9300 -1.6400 4.0089 -3.6378 -0.4800 1.40 0.59 9.68 180 371 344 369 208 
1.71 0.74 10.10 0.4300 0.1500 0.0700 -0.0389 -0.3056 0.0267 1.62 0.56 9.65 181 371 347 369 210 
;
