3.40 -0.93 9.10 -0.0900 0.0300 0.0700 -0.0156 -0.0156 -0.0111 3.54 -0.96 9.09 182 328 340 363 210 
3.42 -0.93 9.13 -0.1600 0.0400 0.0300 0.0078 -0.0067 0.0022 3.55 -0.95 9.08 182 329 339 359 209 
3.49 -0.99 9.16 -0.3200 -0.0300 0.1300 -0.0422 -0.5922 0.0344 3.96 -1.09 8.90 180 302 305 358 207 
8.49 -0.91 4.46 0.9900 0.2100 -1.2000 1.0967 -10.8411 1.4967 9.32 -2.14 2.13 172 247 280 323 214 
9.61 -2.12 -3.55 1.5200 1.0300 2.4000 0.3911 -3.4656 0.3689 5.21 -4.08 -7.23 176 238 263 338 217 
2.38 -3.79 -4.09 0.2200 -0.2000 5.4900 -2.4044 -1.9767 0.0478 2.96 -2.34 -9.04 178 251 239 325 224 
3.28 -1.38 -13.01 1.1700 -0.6100 -1.0800 0.4389 0.5633 0.0656 2.32 -1.45 -9.41 177 260 251 328 225 
5.97 -0.20 -8.56 2.4500 1.8000 0.0800 -0.9100 7.7067 0.7911 6.92 -1.58 -6.75 172 300 253 250 221 
9.84 -2.04 -2.13 -1.5300 0.8600 -6.8900 -3.3922 13.6600 2.1922 3.15 -5.09 7.76 182 377 185 197 173 
1.16 -5.76 6.80 0.1500 -0.3600 -2.2600 0.0122 1.9578 0.0233 -0.74 -5.95 7.75 187 388 177 196 164 
1.33 -5.87 10.12 2.4900 -0.7100 1.5800 0.0067 -0.4078 0.4922 -0.84 -5.60 7.99 188 389 178 202 167 
-2.19 -9.88 12.02 -2.6300 -3.2700 4.1300 -2.2944 -1.2544 0.9000 -0.35 -6.94 6.90 189 389 179 202 170 
-3.85 -6.45 4.31 -3.8200 2.6900 -0.1800 -2.1633 0.5444 -1.0067 0.42 -9.18 3.39 189 389 181 205 172 
-0.64 -4.68 0.91 -0.6600 4.7900 -1.5300 -0.2022 1.7256 -1.1422 1.70 -9.38 2.28 189 391 181 207 170 
3.07 -5.23 1.99 1.2800 3.6800 -1.4100 1.8344 1.5622 -0.4511 1.91 -8.51 4.46 185 389 181 207 171 
5.14 -7.28 7.20 4.2500 -0.1400 0.8500 2.2922 -0.3611 0.7211 1.30 -6.52 7.20 185 388 184 209 172 
1.62 -9.60 11.79 -0.3600 -3.7800 3.7400 -0.5822 -1.6078 1.6978 1.25 -6.10 7.56 182 388 186 213 172 
-1.97 -4.82 4.96 -2.7500 2.2800 -1.8100 0.5944 -0.0556 0.2122 1.57 -6.41 7.25 189 374 202 229 183 
0.88 -6.17 6.78 0.9900 -1.0500 -1.7300 3.1622 0.3456 0.8044 0.59 -3.99 8.93 175 345 290 342 201 
1.57 -2.77 8.37 1.5400 -0.1500 -1.3100 2.5856 0.1544 0.7411 0.16 -0.90 9.76 168 342 335 362 207 
;
0.70 -1.26 7.25 -0.5100 -0.2000 -0.4600 -0.0222 -0.0267 0.0422 0.59 -0.70 9.76 174 349 337 368 206 
0.43 -0.95 9.72 -0.3800 -0.3300 -0.0100 -0.0178 -0.2067 0.0867 0.74 -0.79 9.74 176 316 337 369 207 
5.82 2.99 9.82 0.4300 -0.1400 -0.3200 0.1800 -7.4400 1.4067 7.86 -1.33 5.70 173 260 297 341 214 
5.16 -3.34 -4.26 -3.2400 -0.4100 -2.0800 1.3056 -10.1922 -0.0922 6.94 -2.23 -6.55 178 241 267 342 219 
4.74 -2.95 -4.74 -0.3500 -0.8900 2.9800 -2.3956 -1.0689 -0.5656 3.62 0.05 -9.11 177 262 288 351 226 
2.94 -0.35 -8.65 0.5500 -0.7500 1.3400 0.1967 0.1400 0.0311 3.01 0.24 -9.32 185 272 299 355 225 
6.57 1.24 -8.28 2.5200 1.3700 0.3200 -0.7811 5.8867 1.2278 6.56 -0.07 -7.28 180 238 259 249 216 
12.54 -1.76 -2.42 1.8700 1.3000 -3.0200 -2.3511 11.5178 4.5967 7.19 -4.73 4.68 180 324 190 198 196 
1.07 -6.30 3.50 -0.4100 0.3700 -4.2200 -0.2367 2.7656 0.1944 1.22 -6.83 6.92 173 380 175 189 186 
2.44 -4.86 7.93 2.3700 1.3200 1.4000 1.2889 0.1756 0.5867 -0.01 -5.58 8.06 186 389 178 187 188 
0.71 -8.34 14.05 -0.9400 -2.7800 5.4800 -1.3700 -0.7289 1.6400 0.02 -5.82 7.88 184 388 178 189 191 
-4.07 -6.20 6.57 -3.9900 1.6700 0.0200 -2.4200 0.1500 -0.1500 -0.21 -8.46 4.94 187 387 176 194 197 
-2.54 -6.27 2.52 -2.4100 3.3900 -1.0600 -0.9833 0.9533 -1.4133 0.99 -9.28 2.99 186 389 176 197 201 
1.17 -4.92 1.29 -0.6200 4.2800 -1.8100 0.8867 1.3356 -1.3722 2.30 -8.83 3.58 186 389 183 199 201 
5.54 -5.47 4.53 3.2800 2.5400 -0.3000 2.4922 0.5444 -0.5367 2.49 -7.13 6.24 186 388 187 201 200 
8.15 -7.50 9.83 5.0600 -2.2700 2.3400 1.3400 -1.1756 1.5711 2.62 -5.34 7.79 186 392 187 203 200 
-3.33 -6.88 9.86 -6.1200 -0.7900 1.6600 -0.4556 -0.7300 0.5333 2.75 -5.96 7.27 184 388 187 203 200 
1.38 -4.27 6.89 -0.9300 1.0800 -0.0600 -0.1622 1.5933 0.2667 1.88 -5.99 7.53 171 377 251 258 201 
1.50 -5.48 8.23 0.3600 -0.4700 -0.1800 1.7300 0.4356 -0.0033 1.33 -4.11 8.80 165 379 285 332 205 
;
