1.72 5.38 7.87 0.1600 -0.0300 -0.0900 0.0167 0.0044 0.0011 1.58 5.44 8.00 175 314 353 374 218 
1.77 5.42 7.89 0.1600 -0.0400 -0.0800 -0.0056 0.0244 -0.0089 1.58 5.44 7.99 174 315 351 374 217 
1.71 5.39 7.89 0.1100 -0.0600 -0.0800 -0.0022 0.0167 -0.0078 1.57 5.44 8.00 175 318 352 374 217 
1.73 5.42 7.91 0.1800 0.0000 -0.0800 0.0144 0.0056 -0.0100 1.56 5.45 7.99 175 317 350 373 218 
1.74 5.40 7.89 0.1600 -0.0700 -0.1100 0.0011 0.0000 0.0011 1.56 5.45 7.99 177 317 350 372 217 
1.65 5.39 7.89 0.0800 -0.0400 -0.0600 0.0189 -0.0178 -0.0067 1.58 5.46 7.98 176 318 352 376 219 
3.96 9.60 9.92 0.3700 2.9200 2.4100 2.1044 -5.0233 3.5144 6.20 5.96 4.69 177 318 330 356 222 
6.35 -1.64 -3.39 -1.2500 -0.1900 1.1500 3.1767 -6.9744 5.5767 7.68 -2.34 -5.62 180 273 292 354 225 
3.12 3.20 -7.08 2.3600 1.7300 -0.2500 -2.4567 -1.3189 1.2878 1.29 -0.96 -9.67 191 269 284 370 229 
2.46 -0.57 -8.21 1.5000 0.3200 1.6500 0.0800 0.7022 -0.4011 1.32 -0.96 -9.66 187 270 288 354 228 
8.45 1.04 -9.56 4.9400 1.5200 -0.8400 -1.1244 11.4278 -1.5378 9.20 0.92 -3.24 180 285 300 328 216 
-1.88 0.00 3.33 -7.4000 -2.5400 -4.1200 0.6367 5.7478 -1.2189 2.45 3.45 8.84 182 291 323 352 211 
4.23 5.18 9.60 1.5300 0.6500 1.2300 0.2989 -0.3989 -0.1300 2.56 4.47 8.33 184 296 323 351 210 
3.18 5.93 10.37 0.4200 1.4700 2.3800 0.3089 -3.4422 1.1089 5.06 4.33 7.19 182 291 310 344 215 
5.34 -0.47 -1.14 -5.5200 -2.5400 -0.9000 2.5322 -8.9022 3.1278 9.06 0.39 -3.72 185 278 301 350 220 
15.71 0.38 -10.08 0.4200 1.1000 -6.9000 -1.6333 -3.1422 0.0856 1.53 1.76 -9.52 199 286 324 384 230 
1.97 1.47 -6.51 0.1000 0.0000 3.0000 0.3389 -0.2744 0.3133 1.86 1.01 -9.57 199 289 326 388 231 
3.41 2.23 -10.91 1.1800 1.2000 -1.5900 -0.7178 3.1489 0.0811 3.78 1.39 -8.94 190 275 307 344 223 
11.87 3.46 -11.40 1.7200 1.5500 -3.3800 -1.3267 8.4789 2.1267 9.65 1.33 1.04 189 289 300 332 221 
8.98 1.38 3.70 0.2500 5.3900 -2.8700 -6.2644 5.9256 5.3600 3.60 -7.56 5.09 187 285 304 333 218 
-0.28 -3.86 -2.35 0.9900 4.9700 -4.6400 -5.2344 3.5067 1.8811 -2.22 -9.34 -1.95 186 291 315 350 219 
-4.11 -8.02 -9.53 -1.0700 0.1300 -4.7800 5.5711 0.7133 -1.4722 -1.90 -9.38 -2.11 187 284 304 334 217 
5.93 -3.82 9.77 4.0900 2.8600 5.9100 -4.4856 0.1122 2.0111 -1.06 -9.74 0.08 189 288 309 343 220 
-3.38 -9.17 -8.65 -1.0900 -0.5500 -3.3300 -1.3189 0.1544 0.6789 -2.53 -7.55 -5.71 190 290 311 350 221 
-1.68 -7.34 -4.03 -1.2900 6.5600 -1.7800 6.6189 1.9922 -3.3411 0.47 -9.64 1.68 192 299 316 348 220 
0.50 -9.17 0.72 0.7600 0.0700 -1.5100 0.4333 -4.1967 0.6156 0.22 -9.65 1.72 187 295 314 340 220 
;
