4.49 0.10 8.67 -0.1300 0.0300 0.0500 -0.0156 -0.0333 -0.0122 4.65 0.07 8.63 173 360 338 356 218 
4.52 0.11 8.67 -0.1500 0.0200 0.0800 -0.0156 -0.0133 0.0044 4.65 0.07 8.62 173 360 339 356 217 
4.48 0.09 8.65 -0.1000 0.0200 0.0300 -0.0256 0.0211 0.0244 4.65 0.06 8.63 175 357 337 355 216 
5.36 0.73 9.98 2.0900 1.9600 1.5900 -1.6378 -2.0378 0.3767 6.39 -1.07 7.35 163 266 313 343 219 
9.57 -3.94 -1.76 -0.0100 0.0800 -0.9600 2.0111 -7.1978 1.5244 8.09 -4.30 -3.47 167 247 278 348 221 
4.87 -4.06 -1.66 0.6400 -0.1900 8.5600 -2.4289 -5.3600 -0.3300 4.27 -3.25 -8.20 180 250 245 335 225 
2.47 -0.95 -10.67 -0.3900 -0.1700 1.6200 0.3433 0.0744 0.0189 2.64 -2.23 -9.17 186 267 264 334 226 
3.51 -1.84 -8.33 0.4700 0.4500 0.7700 0.3378 0.4900 -0.0011 3.13 -2.53 -8.94 182 262 248 323 222 
4.32 -2.16 -10.21 0.3100 0.6700 -1.3900 1.4267 1.3811 0.0133 5.07 -3.42 -7.65 174 297 285 336 219 
6.40 -4.16 -5.80 -0.2700 0.2300 0.8200 1.1222 1.0744 0.6922 6.00 -5.20 -5.74 174 307 303 347 220 
4.87 -5.43 -3.49 -1.2600 0.1900 1.5900 0.2622 -1.0311 0.0033 5.65 -5.77 -5.55 176 261 280 340 220 
2.67 -3.09 -1.30 -1.2500 1.3300 1.6900 -2.8500 -3.2367 -0.5511 2.48 -2.40 -9.17 186 274 293 346 226 
4.43 -3.49 -5.73 1.9000 0.3000 1.3300 -0.1511 -0.3022 -0.1233 2.31 -2.94 -9.06 187 281 297 346 227 
2.00 -2.72 -7.84 0.0800 0.4900 1.2900 -0.1089 0.7956 0.2411 2.67 -3.10 -8.90 180 278 287 338 225 
8.37 -1.22 -7.74 0.0300 1.5100 -2.5200 -2.1378 8.8833 1.5511 8.83 -2.68 -3.30 168 282 283 323 219 
;
