0.00 0.13 9.62 0.0500 0.0100 -0.1900 0.0033 0.0056 0.0078 -0.05 0.13 9.80 174 331 347 362 216 
0.05 0.12 9.59 0.0900 0.0200 -0.2800 -0.0078 -0.0311 -0.0044 -0.03 0.12 9.80 173 323 344 360 215 
0.28 1.27 13.02 0.5400 4.4600 1.8900 -2.2622 -6.8889 -0.0378 5.06 -1.50 8.26 168 297 322 349 216 
4.89 -4.56 -0.47 -3.4800 -0.6600 -2.3200 0.0122 -6.8889 2.1000 8.09 -5.13 -2.03 174 253 305 356 221 
3.19 -6.18 -2.02 0.2400 -0.1300 9.1900 -2.2456 -2.4078 0.2100 5.74 -4.65 -6.44 187 260 276 345 226 
3.54 -1.95 -13.03 -0.8100 -0.4500 -0.0100 0.4678 0.0978 -0.0500 4.77 -2.96 -8.03 191 270 284 350 228 
5.16 -2.71 -7.43 0.0600 0.3500 0.6500 0.0944 0.5211 -0.0067 4.96 -3.07 -7.87 189 267 281 347 225 
5.15 -2.43 -9.37 -0.1700 0.0000 -2.8700 -0.0900 5.2333 -1.7289 8.59 -1.85 -4.34 178 163 186 196 194 
11.54 -1.56 -0.90 1.1900 1.4400 0.1400 -0.0778 3.2967 0.4978 9.53 -1.76 1.45 184 141 162 175 173 
6.90 -1.45 2.40 -2.2400 0.2100 -0.8100 0.9600 0.4622 0.1189 9.04 -1.83 3.31 189 136 164 174 183 
3.13 -1.72 7.37 -3.1000 1.4300 3.3100 -1.3133 0.7867 -2.5200 9.25 0.34 3.21 190 141 163 180 192 
7.71 0.24 4.50 -1.7600 -0.5100 1.5600 -0.0611 -0.1178 0.2156 9.34 0.50 2.91 192 144 160 187 195 
9.52 1.77 3.66 0.2400 1.5300 1.3500 -1.1589 0.6178 0.8667 9.28 -0.29 3.13 183 184 198 229 201 
8.28 -1.39 3.87 0.3700 -0.1100 -2.6900 -1.6667 6.1078 -0.3456 5.94 -1.94 7.55 181 286 313 325 206 
;
