3.79 3.65 8.35 -0.5900 0.4600 0.1500 -0.0167 0.0578 -0.0633 4.28 3.32 8.16 169 316 344 335 211 
3.95 3.50 8.46 -0.8400 0.0900 0.3000 0.2589 0.3733 -0.0889 3.99 3.57 8.20 173 319 348 341 212 
7.07 7.58 5.35 1.8300 5.1300 -1.5300 -0.5500 -6.5033 4.3111 9.44 1.93 1.77 173 278 286 331 218 
6.13 -2.81 -4.76 2.1800 2.1500 3.8500 0.4278 -5.5933 3.4967 3.80 -4.90 -7.59 186 242 239 301 221 
1.02 -4.29 -6.11 0.0100 0.2100 0.4700 -1.4000 -1.3044 0.8133 0.13 -3.73 -9.06 196 276 259 332 224 
1.62 -3.75 -8.85 1.5700 0.3200 0.4700 0.1467 0.8033 -0.5133 1.01 -3.76 -8.99 191 244 240 265 218 
8.19 -8.45 -10.27 8.1100 -1.9400 -2.1600 2.7389 2.1533 0.4600 4.25 -5.71 -6.73 180 244 165 173 147 
2.61 -5.15 -5.24 -2.8400 3.6600 -0.5100 3.4178 1.7144 1.6911 4.16 -8.80 -1.15 152 282 167 174 153 
1.91 -5.21 0.68 -1.1100 3.1400 -0.0100 0.4211 -0.2100 0.0189 3.66 -9.04 0.97 143 290 173 184 155 
8.17 -12.09 0.32 4.6400 -3.1600 -1.6700 1.8878 1.7067 -0.7256 3.85 -8.46 3.09 149 298 176 185 159 
4.42 -7.51 2.01 0.6200 0.0600 -3.9900 2.5444 2.6078 -1.1656 3.14 -5.98 7.10 151 311 179 188 160 
-0.97 -1.89 5.39 -2.4500 2.2600 -2.4000 2.0767 2.3878 -0.9900 0.42 -2.68 9.42 154 329 176 189 159 
-6.74 3.23 10.33 -5.4000 4.7500 0.8300 -0.2111 -0.0578 -0.9233 -0.70 -1.82 9.60 156 330 179 191 161 
0.28 -0.32 9.33 -0.2000 2.4800 -0.1500 -1.2011 -0.6244 0.5178 0.16 -3.13 9.29 163 322 177 185 161 
-0.85 -4.29 1.67 0.2700 1.7900 -6.6900 -4.5122 4.1300 -3.0300 -0.59 -7.93 5.73 176 365 182 191 168 
5.85 -8.51 0.92 3.6900 -1.1400 -2.5800 -1.0889 5.9833 -2.1711 0.86 -9.59 1.84 169 355 186 203 170 
-0.33 -11.07 7.52 -4.9500 -3.1200 2.0500 3.8111 0.9089 -1.6511 2.01 -8.30 4.81 179 357 172 190 152 
2.36 -5.30 9.50 0.9800 1.5800 3.0300 2.3544 0.7344 0.8022 1.00 -5.37 8.13 189 383 180 198 151 
-0.62 -9.39 14.90 -1.6700 -5.0200 5.5800 -1.6922 -0.5711 1.7356 0.07 -5.87 7.84 192 388 181 202 151 
-5.16 -6.52 8.28 -4.8000 2.9600 1.5800 -2.7800 0.4567 -1.1256 -0.05 -8.74 4.44 191 394 183 201 152 
-3.41 -5.48 1.34 -4.3500 4.1000 -1.1700 -0.5678 0.8233 -2.0111 1.68 -9.32 2.53 190 397 184 202 151 
1.70 -2.81 0.97 -1.2000 5.1500 -1.9500 1.7222 1.4711 -1.8367 3.63 -8.18 3.98 193 409 184 201 151 
9.91 -2.28 8.23 6.2500 1.8400 2.1200 3.4044 1.2789 1.0967 2.83 -5.03 7.92 192 412 186 199 152 
4.39 -5.64 16.54 1.2600 -1.9300 7.4000 -0.2544 -0.4567 3.7656 1.47 -3.81 8.91 193 413 185 201 153 
-4.11 -3.38 8.14 -4.6300 2.9300 -0.9300 -0.9100 -0.1733 0.4300 1.15 -5.59 7.96 192 410 186 201 152 
;
