3.41 6.98 5.95 -0.0900 -0.0400 0.0400 -0.0044 -0.0022 0.0167 3.50 7.00 5.90 188 362 352 427 229 
3.40 7.00 5.88 -0.1100 0.0000 0.0000 -0.0089 0.0278 -0.0067 3.49 7.00 5.90 186 365 352 428 229 
1.68 9.27 9.25 -0.2300 3.2700 4.4700 -1.7667 -3.5744 4.1722 6.04 5.27 5.64 179 320 335 408 230 
7.46 -0.70 -0.55 -2.6700 -1.7500 -0.4100 -0.2744 -9.4622 6.0067 8.04 -3.38 -4.47 190 289 291 351 234 
1.33 -3.33 -8.32 -1.6100 0.8700 -0.3100 -2.0622 -1.9444 0.9589 2.10 -3.24 -9.01 199 285 299 338 235 
2.60 -3.05 -8.63 1.0000 0.0100 0.4300 0.4700 -0.1778 0.0078 2.08 -3.29 -8.99 203 286 304 350 235 
4.98 -4.07 -10.89 2.8700 -1.2100 -3.3900 1.4433 5.4222 -0.9867 4.71 -3.94 -7.63 187 306 224 265 219 
11.71 -7.39 -7.17 3.3000 -1.4000 -3.7400 3.4344 6.4189 0.9756 8.26 -4.93 1.87 142 247 186 187 168 
4.20 -2.07 2.68 -2.3100 2.1700 -4.1900 2.8056 3.1756 0.8800 4.62 -3.07 8.08 131 232 176 189 174 
-0.29 3.09 7.78 -3.1900 4.3100 -0.7500 1.3622 0.8567 -0.5467 2.77 -0.18 9.40 135 211 176 192 174 
1.85 2.58 9.62 -0.7600 2.2600 -0.0100 0.1600 0.3044 -0.8411 2.14 0.77 9.53 140 210 136 195 173 
1.97 3.15 9.17 0.9100 2.1300 -0.3600 -0.7578 0.6767 -1.9433 1.13 0.55 9.72 141 205 163 198 175 
2.38 0.01 8.76 1.5800 -0.2600 -0.8800 -0.1278 0.5622 -1.3356 0.14 0.04 9.80 137 208 169 201 174 
-2.03 -1.86 10.07 -2.4300 -1.6600 0.0500 0.1322 0.3767 -0.0744 -0.54 0.00 9.79 140 208 179 202 176 
-2.32 0.11 9.32 -1.7400 0.1300 -0.8100 -0.3333 -0.3978 0.2456 -0.18 -0.19 9.80 160 228 205 200 176 
-2.42 -0.79 7.05 -3.4900 -0.9200 -3.7500 -0.6611 -0.3856 -0.3478 0.58 -1.37 9.69 181 339 302 324 223 
1.89 -1.53 5.24 1.0700 -0.5000 -3.3000 2.3778 -1.5211 -1.9544 2.82 1.65 9.24 182 350 332 375 219 
-0.83 6.31 9.02 -2.2700 2.6100 0.4600 3.0622 0.4000 -0.8444 0.82 5.39 8.14 186 359 340 381 218 
2.82 14.09 10.63 1.8300 7.6000 4.1600 0.5489 0.2167 0.2122 2.10 6.68 6.86 181 346 341 387 220 
;
