2.21 3.51 8.77 -0.0200 0.0000 -0.0500 -0.0033 -0.0089 0.0033 2.23 3.51 8.87 170 347 349 383 213 
2.24 3.48 8.81 0.0200 -0.0700 -0.0200 0.0000 -0.0011 -0.0011 2.23 3.51 8.87 170 346 351 384 213 
1.01 2.82 10.92 -0.8500 -0.4400 3.4700 3.5656 -2.6633 0.3222 3.69 5.53 7.19 172 320 305 357 215 
13.82 5.04 0.59 -1.4900 -2.9700 -2.8800 2.1144 -6.8589 6.1011 9.64 0.59 -1.69 185 257 269 333 217 
5.35 -1.25 -1.28 -0.5800 3.5200 3.8000 -1.3800 -4.4233 2.0600 4.11 -3.44 -8.20 193 254 262 372 225 
3.37 -3.34 -15.92 1.1500 -1.3000 -6.3900 0.1222 -0.1411 0.2767 2.10 -2.01 -9.36 197 269 268 376 227 
2.30 -1.87 -7.64 -0.1100 0.4300 1.2500 0.0867 -0.0322 -0.1044 2.30 -2.37 -9.23 197 268 272 380 225 
6.46 -2.22 -12.23 2.0500 -0.7900 -4.1600 -0.4378 4.7889 -0.9667 6.39 -1.48 -7.28 181 190 184 211 188 
15.28 2.49 -5.14 3.1400 4.4400 -8.7700 -4.8100 13.7422 3.9900 7.52 -4.45 4.44 115 225 220 255 205 
4.81 -4.50 1.08 -1.8200 4.1300 -2.1000 -3.1844 1.0733 3.0156 1.78 -9.50 1.60 114 248 225 265 210 
-1.69 -8.65 0.74 -1.7700 0.3400 0.4400 -0.3567 -0.5700 0.1222 0.53 -9.79 0.01 115 249 223 264 208 
-3.18 -10.50 -1.91 -3.8600 -1.2000 -2.6700 1.7678 -5.6033 -2.2000 2.05 -9.58 0.34 115 248 222 261 207 
5.55 -6.06 -5.82 -0.1900 3.2100 -7.2000 3.7556 -8.7889 -2.5589 5.80 -7.89 -0.41 117 243 221 253 204 
12.09 -3.84 0.66 3.9100 2.1600 1.7300 0.6333 -0.5633 -0.5322 7.19 -6.62 -0.65 120 243 223 252 202 
9.99 -4.75 -0.17 1.9800 1.3200 0.2500 -0.6611 3.5789 -0.5444 7.46 -6.33 0.54 153 219 212 224 184 
6.62 -8.67 0.19 -1.4200 -3.4700 -5.8400 1.8033 5.5500 -2.1622 5.47 -4.30 6.90 170 176 169 200 171 
-0.72 -0.60 3.31 0.7800 1.7100 -6.8500 2.4311 8.7356 1.9111 -5.84 -0.45 7.86 180 151 162 180 141 
-8.17 4.16 4.64 -2.6400 1.7800 0.5800 1.5933 1.0856 1.8367 -7.75 4.01 4.45 191 152 163 183 140 
-8.00 5.62 6.09 -0.1500 1.1200 1.5900 -0.0767 0.1811 -0.0511 -7.64 4.10 4.57 191 153 165 184 142 
-7.02 4.11 4.75 1.6700 0.1600 -0.1900 -0.0344 -0.0322 -0.2367 -7.77 3.77 4.63 193 156 164 185 144 
-8.11 3.88 4.82 -0.1300 0.5200 0.4200 -0.0067 -0.5033 -0.0567 -7.60 3.70 4.95 192 160 170 189 147 
;
