2.19 -0.13 9.50 -0.0200 0.0900 0.0000 0.0044 -0.0011 0.0011 2.24 -0.24 9.54 161 334 349 363 215 
2.06 -0.23 9.70 0.1300 0.1700 0.0100 0.0056 0.0100 -0.0044 2.24 -0.24 9.54 163 337 350 363 215 
-0.67 -1.09 11.48 -1.6500 1.2200 3.9000 -0.3944 -4.7300 0.6711 5.00 -0.48 8.42 153 266 295 356 219 
10.37 -3.38 0.82 -0.0900 0.3100 -1.4800 1.9344 -7.8744 2.6022 8.69 -3.86 -2.38 170 250 268 333 223 
5.54 -3.82 -3.70 -1.5300 0.6100 2.6300 -0.5900 -2.6433 -0.1333 4.87 -4.87 -6.97 182 248 228 323 226 
11.33 2.83 -24.54 5.3600 3.1400 -17.1200 0.0622 -0.0067 0.2567 2.99 -1.84 -9.15 187 276 244 342 229 
4.20 -1.63 -8.17 0.4100 0.5400 0.1100 0.3778 -0.0244 -0.0856 3.58 -2.21 -8.85 183 263 236 321 226 
5.43 -2.69 -10.21 2.1200 -0.6100 -2.6500 1.8444 1.3311 -0.3767 5.08 -3.42 -7.65 167 202 178 216 205 
6.65 -5.21 -7.93 0.3300 -0.7400 -0.5500 3.0444 0.8044 1.0322 5.52 -6.75 -4.47 166 213 149 172 166 
3.06 -5.02 0.12 -3.3800 3.1200 2.3000 1.4322 1.0189 0.9367 4.71 -8.54 -0.97 143 270 154 173 178 
2.14 -6.16 -2.27 -0.8400 0.9700 -4.2200 -1.0022 -0.6811 -0.0111 4.20 -8.63 -1.97 136 271 164 176 180 
7.61 -11.55 -3.98 3.3200 -3.6700 -3.2600 1.2289 0.4511 0.1711 4.13 -8.81 -1.18 138 272 160 181 180 
6.41 -9.36 -1.24 0.3100 -0.0300 -2.8900 2.7311 2.1722 -0.2733 4.10 -8.19 3.49 141 275 171 182 180 
1.38 -3.11 2.91 -2.2600 4.1700 -3.6000 3.1956 2.8711 0.3844 1.90 -5.23 8.06 143 277 173 184 182 
-2.61 -0.52 10.87 -3.0300 3.5000 1.8400 -0.2756 -0.0144 -0.3322 0.92 -4.17 8.82 141 276 174 186 183 
1.37 -3.16 8.86 -0.1300 1.9100 0.4100 -1.5500 -0.1933 -0.2156 1.55 -5.49 7.97 158 268 173 186 180 
1.50 -3.85 4.62 0.1900 1.8700 -3.0600 -2.3400 4.0222 -4.1933 1.63 -7.47 6.12 166 278 202 242 205 
1.18 -7.43 1.54 -0.4600 -0.2800 -4.3500 1.1300 1.5956 -3.4533 3.20 -5.64 7.35 160 290 272 284 205 
2.00 -0.39 13.12 -1.6500 2.6400 5.5300 2.7489 0.9556 -2.2267 3.17 -0.92 9.23 171 311 319 351 204 
0.45 -0.04 9.75 -1.1800 -0.7700 0.1600 0.7889 1.8500 -1.2189 1.79 0.53 9.62 166 363 342 365 211 
2.27 0.08 10.70 0.0200 -0.3300 0.4700 -0.1422 -0.1533 0.1278 2.31 0.26 9.52 170 366 343 367 212 
2.10 0.11 9.25 -0.1500 -0.0400 -0.1400 -0.0400 -0.0711 0.0467 2.40 0.22 9.50 169 363 341 363 212 
;
