3.35 5.17 7.57 0.1400 -0.1300 0.1500 -0.0011 -0.0044 -0.0056 3.30 5.17 7.64 169 336 346 364 210 
3.59 5.28 7.61 0.2500 0.3400 0.1800 0.5689 -0.8578 0.4867 3.75 5.38 7.28 173 309 331 383 211 
8.35 5.73 2.83 -0.7300 0.2900 -1.9000 1.9833 -3.9411 3.3811 8.82 3.46 2.50 171 287 319 335 215 
5.33 -2.74 -6.02 -0.2900 -1.2700 -1.0800 2.4889 -10.0933 4.3456 4.27 -2.57 -8.44 176 259 272 294 215 
4.29 -1.51 -8.22 -0.2700 -0.9200 -2.0400 -0.9511 -1.1133 0.3456 0.69 -0.94 -9.73 183 259 267 331 219 
1.18 -0.63 -9.31 0.4100 0.2800 0.5400 0.1189 0.1222 -0.0211 0.72 -0.93 -9.73 186 265 271 325 219 
8.68 3.47 -15.13 7.3800 2.5000 -8.0900 -2.6300 9.0211 -1.3956 5.86 1.37 -7.73 181 294 298 333 212 
14.66 6.17 -3.40 -0.0600 5.3300 -2.3800 -4.7433 8.7189 4.6833 7.88 -3.08 4.95 181 303 331 348 205 
4.13 -2.33 -2.19 -1.5100 5.6700 -5.0100 -6.1089 4.5467 3.9511 0.75 -9.74 0.74 180 297 331 338 207 
-3.80 -6.24 -10.08 -3.5000 1.5500 -6.8600 -1.5267 0.3056 0.5500 -0.57 -8.48 -4.88 180 291 335 317 211 
-0.18 -8.64 3.15 0.2300 2.3300 5.6600 4.2389 -0.5600 -1.8578 1.16 -9.60 1.57 174 283 327 312 210 
1.60 -7.63 -0.78 1.0600 1.5500 -0.2400 -4.9322 1.1233 1.6211 -0.02 -9.29 -3.12 172 283 325 316 211 
-3.11 -7.27 -9.62 -2.6500 1.1000 -4.3700 1.6600 -0.5900 -0.6111 -0.60 -8.69 -4.50 174 287 329 319 212 
4.20 -5.17 6.98 3.5500 3.3800 6.8100 0.5733 -3.9311 -0.2667 0.95 -9.75 0.32 176 288 332 333 213 
1.22 -7.92 -4.60 -1.3400 3.0300 -4.0800 3.4678 -8.0467 -1.5822 3.37 -9.16 0.90 172 303 314 325 212 
3.93 -3.18 -0.80 -3.3400 4.5500 -1.1000 -1.5489 -4.3667 -1.3833 6.26 -7.28 -1.99 174 285 279 314 212 
5.10 -4.48 -7.57 4.4100 1.7700 -0.5200 -3.6000 -3.9067 -0.6522 3.60 -3.63 -8.36 183 269 261 330 216 
4.49 -2.04 -15.79 1.5100 -0.5500 -5.2300 -0.5289 -0.3378 0.2078 2.15 -0.61 -9.54 186 265 263 331 219 
;
