0.03 4.87 8.53 0.0300 0.3100 -0.3400 -0.0111 -0.0600 -0.0022 0.01 4.52 8.70 165 346 356 377 209 
0.15 4.40 8.72 0.1900 -0.0700 -0.0700 0.0233 -0.0544 -0.0333 0.05 4.51 8.70 162 348 354 377 211 
0.03 4.50 8.56 -0.0400 -0.0700 -0.0800 0.0244 0.0333 0.0356 0.02 4.54 8.68 163 348 354 376 210 
0.25 4.82 8.99 -0.0100 -0.0500 0.6800 2.2489 -0.4733 0.3889 0.50 5.76 7.91 171 339 362 395 213 
7.17 5.77 5.97 2.4500 -0.0700 -0.0300 0.1544 -4.6478 5.8733 8.02 3.95 4.02 175 265 247 280 217 
5.13 -0.87 -0.88 -3.4000 0.9400 2.2000 0.7100 -6.1089 3.2444 7.36 -3.30 -5.56 187 240 236 357 221 
3.50 -2.42 -9.42 2.5600 0.1800 -3.0300 -0.9422 -1.6767 0.2711 2.45 -2.22 -9.23 193 261 259 369 223 
3.38 -2.26 -8.48 1.0300 0.6700 1.3100 0.3178 0.3111 0.0656 2.56 -2.58 -9.10 196 264 260 360 223 
5.33 0.28 -10.01 4.2100 2.8100 -2.9300 -3.3233 5.6133 -1.4289 5.59 0.32 -8.05 169 236 257 290 215 
14.76 5.26 -2.15 2.8100 4.9800 0.4500 -4.7967 6.5967 7.1678 8.68 -3.70 2.63 180 260 274 326 210 
-1.79 -4.48 -2.57 -3.8400 4.5100 -3.2000 -6.1800 2.1978 2.7056 0.50 -9.67 -1.50 188 306 302 356 212 
-2.36 -4.77 -7.98 -2.6700 3.8100 -3.9800 0.3567 -0.4956 -0.3011 -0.52 -8.73 -4.42 189 297 298 344 214 
0.15 -6.75 2.58 0.4800 2.9100 5.3200 3.2233 -0.4478 -1.6389 1.67 -9.56 1.35 189 294 299 326 214 
0.57 -8.86 -1.47 -0.8300 1.3500 -0.6000 -3.6000 -0.6311 1.1933 0.21 -9.29 -3.12 189 291 301 341 216 
-2.36 -7.19 -7.37 -2.0700 1.1300 -3.0000 0.5278 0.0778 -0.2656 -0.39 -8.59 -4.70 188 292 301 343 216 
-1.82 -9.33 -3.79 -0.5600 3.8200 1.8400 5.1011 -1.0356 -2.9722 2.66 -9.33 1.42 189 291 303 342 217 
2.06 -9.27 0.08 -2.1200 -0.3200 -1.3900 -0.0022 -1.5756 0.4078 2.74 -9.40 0.47 187 285 297 333 217 
2.59 -6.88 -0.63 0.0400 1.7700 -3.0900 3.5833 -2.3244 -1.9033 5.12 -7.87 2.81 125 271 312 351 218 
4.22 -4.04 -0.09 -0.2700 2.0700 -1.5800 1.2378 -2.5433 -2.2456 8.24 -5.03 1.69 97 178 187 214 176 
10.86 -1.71 -2.89 2.4600 1.6500 -4.2200 2.6078 -1.3811 -1.3900 9.53 -2.23 0.46 96 178 180 196 154 
10.54 2.78 0.60 1.2600 4.2000 0.0100 4.0056 -0.7078 -0.4456 9.74 -0.79 0.80 99 180 180 202 159 
9.84 2.99 4.58 -0.2800 4.6900 10.0500 0.7078 -1.1744 -0.0800 9.76 -0.59 -0.62 101 182 180 200 160 
11.73 3.08 -1.10 1.6900 3.4300 -0.9400 -2.0689 -0.2211 0.6889 9.66 -0.99 -1.36 101 184 182 202 161 
8.02 -1.54 -4.37 -1.8300 -0.0500 -1.9500 -0.7100 -0.3344 0.4956 9.45 -1.63 -2.03 101 183 182 206 162 
9.38 -4.93 -5.78 -0.5600 -2.6100 -1.8400 1.1311 -0.1933 -0.4111 9.44 -1.55 -2.14 103 185 177 194 156 
9.62 -0.31 1.62 -0.1800 0.0800 2.1000 -1.8811 0.5711 -0.1644 9.45 -1.21 -2.31 103 187 184 206 162 
;
