-1.09 1.47 9.63 0.0900 -0.1400 -0.0100 -0.0011 0.0033 0.0044 -1.18 1.57 9.60 173 376 343 366 218 
-1.06 1.38 9.67 0.0700 -0.2500 0.0200 0.3867 -0.2722 0.0889 -1.06 1.76 9.58 174 372 330 370 216 
3.01 3.67 10.45 1.5600 1.2800 0.3700 -1.9667 -3.5867 0.8811 3.67 1.79 8.91 168 260 301 358 222 
5.65 -1.75 -1.90 -2.8700 -1.4500 -5.2300 1.3456 -10.0244 2.5978 9.40 -2.01 -1.91 174 244 236 354 223 
6.74 -2.38 -5.40 2.5400 1.0000 0.7900 -1.3822 -3.8989 0.5411 3.46 -2.33 -8.87 184 279 265 340 226 
4.81 -2.11 -11.39 1.1300 -0.1300 -1.1000 0.2744 0.5033 -0.0267 3.07 -2.16 -9.05 185 281 273 346 226 
3.90 -2.79 -8.79 0.8400 -0.9200 -1.1300 0.7489 1.9633 -0.8867 4.89 -2.59 -8.09 166 288 284 344 221 
10.00 -6.34 -7.10 0.6900 -2.8200 -2.7100 2.2589 4.9622 -1.5856 9.10 -3.11 -1.87 166 332 313 359 219 
7.25 -0.76 -0.30 -2.3800 0.7100 -2.2100 1.7289 2.1622 -1.8467 9.28 0.01 3.15 168 352 338 365 220 
5.23 2.73 3.76 -3.6400 1.6300 -1.0700 0.1300 0.3500 -0.5433 8.56 1.50 4.53 172 334 332 367 222 
7.23 4.83 5.98 -0.9400 3.1600 1.0100 -1.7189 -0.3478 -0.3589 8.48 1.29 4.73 173 273 281 342 221 
8.36 1.48 3.35 -0.7700 0.6400 -1.2700 -2.3089 -0.4478 -0.1300 8.77 -0.29 4.35 173 249 252 340 223 
9.12 -0.60 3.18 0.0900 -0.0400 -1.0200 -2.8289 -0.2889 0.1878 8.88 -1.96 3.64 172 237 230 333 224 
7.94 -6.69 0.51 -0.6400 -3.8800 -2.4400 -0.6244 0.1456 -0.1711 8.88 -2.90 2.95 171 253 247 342 227 
6.55 -2.60 1.65 -2.3200 0.3800 -0.9800 0.7833 -0.6433 0.2767 8.92 -2.90 2.85 168 257 259 314 223 
3.26 -3.55 2.38 -2.9500 0.0400 -3.1200 0.7378 2.7022 -0.4611 6.14 -2.92 7.06 172 311 292 327 218 
5.47 -0.85 9.47 1.1300 1.0500 1.0000 0.8767 5.7522 -1.8067 1.34 -0.87 9.67 176 354 312 354 213 
-2.13 3.36 12.20 -4.3400 4.5500 2.4000 2.9078 0.5933 0.3456 0.13 1.43 9.70 170 371 331 366 216 
;
-0.62 1.54 10.30 0.0000 0.1100 -0.7100 -0.0178 0.0456 0.0267 0.01 1.52 9.68 171 371 339 367 215 
-0.44 1.34 9.72 -0.5200 -0.0700 -0.0500 -0.0689 -0.0878 0.0233 0.08 1.37 9.70 172 371 339 367 217 
-0.33 1.23 9.72 -0.3800 -0.0700 -0.0200 0.0156 -0.0011 0.0033 0.02 1.33 9.71 173 368 341 366 216 
0.91 1.99 11.99 1.5000 0.1900 0.7100 -0.0478 -3.3067 0.3867 2.91 1.90 9.16 168 321 301 360 217 
6.40 -0.12 6.38 -0.8800 -0.5000 -1.3400 0.1911 -7.9778 4.0067 9.27 -1.60 2.74 172 250 272 334 221 
6.58 -1.83 -3.14 -1.3000 2.0800 2.9200 -0.6444 -5.6411 0.9411 5.26 -4.17 -7.14 177 240 253 333 224 
3.77 -2.48 -9.89 1.8700 0.7300 -2.0100 -1.2867 -1.0344 -0.4233 2.14 -2.15 -9.32 182 268 271 342 228 
3.03 -2.43 -9.87 1.2400 -0.2600 -0.4200 0.2600 0.3200 -0.0156 2.06 -2.10 -9.35 183 273 273 342 227 
2.75 -2.13 -9.14 1.2700 0.0100 -0.5900 0.2989 1.2244 -0.5989 2.93 -2.26 -9.08 172 253 253 317 223 
8.33 -3.89 -10.73 2.1300 -1.2500 -2.5800 3.1989 4.7433 -2.5922 8.69 -2.16 -3.99 161 322 294 353 220 
7.78 0.05 -0.60 -2.1400 1.6100 -1.5600 2.4744 3.7567 -1.3178 9.39 -0.45 2.79 170 368 328 372 219 
4.74 3.72 4.42 -3.8600 2.6600 -0.4800 -0.3111 0.4867 -0.3522 8.36 1.07 5.00 172 351 319 356 221 
6.46 3.36 4.95 -1.8700 2.5700 -0.3700 -2.1744 -0.5767 -0.4378 8.42 0.41 5.00 168 299 300 351 222 
8.84 0.37 3.75 0.1900 0.6600 -0.8600 -1.6367 -0.1367 0.0400 8.59 -0.70 4.66 170 260 280 352 222 
7.84 -2.36 3.28 -0.8500 -1.5800 -0.8900 -2.4378 -1.7233 0.7833 8.95 -2.66 2.99 170 224 239 328 224 
7.94 -6.23 0.31 -0.6900 -2.1800 -1.5000 -0.5389 0.1167 -0.0500 8.88 -3.89 1.40 172 241 244 321 226 
7.94 -3.82 2.04 -1.0600 0.1100 0.4800 0.2600 -0.2211 0.0644 8.84 -3.94 1.56 174 246 246 320 227 
6.43 -3.25 1.51 -1.9200 0.7100 -0.3500 -0.4067 2.4511 -0.3156 8.56 -3.89 2.76 168 264 276 289 221 
6.84 -2.41 3.13 -0.4500 0.5100 -2.0600 0.1756 4.6244 -1.4756 6.53 -2.38 6.90 169 302 293 314 218 
4.08 -0.20 8.35 1.0600 1.6000 1.5700 1.5633 4.7511 -1.4189 1.50 0.18 9.68 170 349 317 354 214 
-9.65 8.37 6.21 -2.8100 12.0000 -4.6800 -4.5733 -3.7433 1.4033 0.19 2.06 9.58 166 369 323 371 216 
1.05 2.23 9.01 0.7200 0.2000 -0.4700 0.0189 0.0933 0.0056 0.16 2.25 9.54 167 367 327 371 217 
;
