0.55 4.35 8.70 0.0700 -0.0300 -0.0200 0.0267 -0.0089 0.0089 0.46 4.39 8.75 177 333 357 360 207 
0.51 4.36 8.71 0.0500 -0.0400 -0.0800 0.0078 -0.0078 0.0000 0.47 4.41 8.74 178 337 359 363 206 
-1.71 8.66 12.36 0.4700 4.5700 3.3300 2.5456 -7.0889 4.5344 5.05 6.56 5.24 183 316 317 369 215 
10.04 1.02 -1.01 -0.4900 -0.2100 -0.2900 3.2622 -6.8022 6.6344 8.36 -2.52 -4.44 183 260 260 364 217 
3.55 -1.87 -3.42 -1.6900 2.6700 4.1100 -3.5833 -2.7333 0.6811 3.72 -3.05 -8.54 189 254 270 374 227 
2.71 -2.91 -12.93 0.8200 -0.8800 -3.1700 -0.1011 0.1122 -0.0100 1.93 -1.77 -9.44 199 265 278 382 228 
3.49 -1.55 -8.48 0.2700 0.5000 0.7400 0.2256 2.4300 -0.5856 4.22 -1.83 -8.65 185 244 269 327 217 
11.81 -5.73 -11.51 6.0700 -1.2100 -3.9000 2.6344 3.6267 -0.3111 6.41 -3.48 -6.55 184 362 170 183 149 
5.16 -1.81 -4.01 -1.6900 3.2400 0.3900 1.2500 3.6867 0.8044 7.59 -5.89 -1.91 182 373 172 188 144 
5.50 -4.37 -1.20 -1.0700 2.3100 -0.2900 2.1944 -0.6511 0.4989 6.99 -6.85 0.52 185 371 174 192 147 
6.96 -3.25 7.15 0.9500 2.2000 3.8900 -1.0300 -1.5144 0.7244 6.71 -7.14 0.13 184 387 178 202 152 
3.92 -5.71 -1.36 0.4500 -0.2900 -0.8400 -0.9411 -0.8267 0.4500 5.94 -7.43 -2.36 185 405 183 205 155 
6.52 -7.35 -2.98 0.7100 0.0400 -0.8600 1.1956 0.5811 -0.3200 6.27 -7.40 -1.37 185 396 185 207 155 
9.96 -1.87 8.52 0.0900 3.9600 4.9300 -1.4333 0.9389 -0.2233 6.99 -6.80 1.01 185 360 196 216 161 
10.98 -4.24 -3.54 3.1900 0.4200 -7.9700 -4.4889 15.7878 -4.9578 4.34 -5.75 6.64 191 389 179 201 148 
0.47 -3.47 6.90 1.7400 1.2700 -1.0600 0.4000 2.8211 -0.7300 -0.82 -5.31 8.19 192 392 181 200 149 
-0.61 -4.25 11.98 2.3200 0.0500 3.6500 0.6911 -0.5422 0.2189 -1.90 -3.37 9.00 198 400 179 200 150 
-3.48 -6.98 12.84 -2.3000 -3.1700 3.4300 -2.6411 -0.9267 0.3356 -1.51 -5.08 8.24 194 407 185 200 150 
-4.70 -5.96 7.27 -2.7800 2.6700 0.0500 -2.8844 0.4511 -1.8867 -0.36 -8.38 5.07 197 411 188 205 151 
-0.24 -4.43 1.67 -0.9400 4.6400 -1.9500 -1.2222 0.9678 -1.6844 1.93 -9.29 2.43 198 411 190 204 151 
3.01 -4.53 1.20 0.4800 4.6000 -1.8700 1.1633 2.0922 -0.7656 2.59 -8.64 3.83 196 415 193 200 151 
4.61 -4.40 4.67 3.2200 2.4900 -1.0900 3.9922 1.7422 1.9800 -0.05 -6.15 7.63 196 417 193 200 153 
0.25 -4.88 14.81 1.9300 -1.4800 5.7800 0.8033 -0.2978 2.8567 -2.06 -2.60 9.22 194 414 194 204 154 
-7.08 -2.82 9.03 -5.4500 1.8500 -0.5300 -0.7578 -0.6467 0.4178 -2.06 -3.68 8.84 197 419 197 203 154 
-2.56 -3.28 7.71 -0.4800 0.2900 -0.5200 0.3844 0.0544 -0.0178 -2.15 -3.56 8.87 196 416 199 206 157 
;
