3.29 2.07 8.94 0.1800 -0.3600 -0.0100 -0.0156 -0.0300 -0.0211 3.32 2.41 8.90 184 314 342 375 212 
4.38 2.23 9.64 1.7700 -0.3700 1.0500 1.7989 0.5144 0.0133 2.95 3.30 8.74 182 283 325 374 211 
8.98 3.26 6.05 1.6600 0.0800 1.7700 0.5689 -4.8433 3.9567 8.62 1.24 4.49 185 196 199 236 211 
5.35 0.88 2.00 -4.4900 1.3900 0.9700 1.0067 -0.8389 0.7944 9.61 -0.78 1.75 195 170 170 203 191 
11.62 4.74 0.94 6.2200 4.2500 -1.2300 -1.3489 0.7156 -1.4278 9.75 0.97 -0.06 197 168 171 202 179 
9.23 0.82 0.83 -0.2300 0.6200 1.5600 -0.1178 0.2344 0.0578 9.77 0.80 -0.14 199 170 179 207 184 
16.41 5.07 1.19 9.3300 4.2700 -1.0900 -2.9322 3.6400 3.8089 9.04 -2.38 2.95 198 285 291 307 206 
3.53 -3.03 3.13 -3.5000 2.1100 -3.4200 -4.0322 4.4878 2.9433 2.98 -7.87 5.01 194 334 331 356 211 
-5.73 -9.11 0.27 -5.4500 0.4500 -2.1400 -1.4356 2.3744 -0.7167 -0.29 -9.54 2.21 195 394 349 398 213 
7.46 -8.22 0.37 6.6900 1.1300 -1.9200 0.3589 -0.9356 -0.6878 2.49 -9.19 2.32 200 408 360 403 215 
2.21 -10.14 -1.26 1.0600 -0.5500 -4.7400 3.4433 -1.3144 0.9911 1.98 -8.31 4.80 199 404 358 399 215 
2.48 -1.02 0.49 0.3400 4.6900 -7.8600 6.6078 0.0178 0.1833 2.01 -2.13 9.35 201 404 362 405 217 
-2.85 13.07 14.53 -0.9200 9.4000 8.0400 3.3989 -0.2144 -0.7500 1.05 6.26 7.46 199 401 365 400 215 
2.02 9.21 9.17 1.0100 2.5200 1.3600 -1.2067 -0.5078 0.0400 1.67 5.93 7.62 201 400 365 398 215 
5.58 8.11 6.53 0.2000 2.8700 -3.2900 -2.9422 -5.5067 3.0422 7.21 2.74 6.05 192 307 306 342 214 
-0.71 -6.82 -5.51 -3.3500 -2.2500 -0.9100 -2.1767 -11.4900 4.4989 5.77 -4.80 -6.30 189 256 233 279 207 
3.02 -6.16 -12.26 3.1800 -3.2800 -1.9500 -2.1711 -1.5500 0.1333 0.42 -0.53 -9.78 201 278 251 305 216 
2.70 -2.50 -13.31 3.3800 -1.8500 -3.7900 1.4822 1.0911 0.1700 0.88 -1.35 -9.67 201 298 264 352 217 
3.13 -4.28 -11.62 -2.6800 2.3400 -2.6200 5.3911 4.4300 0.1211 4.97 -6.78 -5.04 203 378 353 380 214 
0.93 -2.38 0.47 -3.7200 5.5400 1.2900 0.1922 1.2500 -0.3133 5.90 -7.80 -0.63 204 383 358 386 214 
5.23 -6.70 -0.56 -0.7100 1.0100 0.2800 -0.5156 -0.1344 -0.0489 6.07 -7.62 -1.03 206 380 362 381 217 
5.45 -5.44 -1.31 -2.2700 1.6900 -0.3700 -1.8389 2.4089 -2.2300 7.82 -5.83 -0.95 190 321 312 316 216 
;
