1.63 4.87 8.21 -0.0800 -0.0700 -0.0400 0.0578 0.0822 0.0744 1.81 4.95 8.26 200 375 374 402 242 
2.36 5.08 7.95 0.4200 0.0400 -0.2800 -0.0256 -0.0944 0.1078 2.03 4.97 8.19 200 370 370 405 244 
2.03 4.96 8.17 -0.1100 0.1100 -0.0600 -0.1256 -0.0656 -0.0078 2.13 4.83 8.26 199 366 374 401 241 
2.12 4.80 8.28 0.0500 0.0100 -0.0600 0.0833 0.0256 0.0133 2.13 4.90 8.21 198 374 373 404 245 
5.06 13.29 12.72 3.6500 7.8600 7.4000 0.0211 -3.1522 3.8811 5.53 6.18 5.22 195 255 260 288 236 
8.39 2.59 1.63 -2.5000 -0.8200 -2.2400 1.5956 -2.2111 4.2389 9.67 0.28 1.58 198 187 180 216 222 
1.92 -1.51 3.34 -10.1000 0.4500 5.7800 0.1567 -2.8611 0.2244 9.63 -1.55 -0.95 205 189 186 216 213 
18.30 2.33 -8.46 5.9100 1.8800 -2.6200 0.1778 0.7711 0.4278 9.68 -0.33 -1.50 208 195 194 222 213 
10.69 1.30 -2.40 0.9500 2.0500 -1.1300 0.1167 -0.5500 1.4656 9.52 -1.55 -1.73 201 283 224 262 231 
9.84 -4.40 -2.19 0.7200 -0.5300 0.5200 1.3700 -0.2033 2.3144 8.26 -5.15 -1.12 192 408 200 224 219 
6.36 -5.88 -0.95 -1.6800 0.8700 -0.5600 2.1578 0.1367 0.9956 6.89 -6.92 0.81 180 410 201 226 220 
5.83 -1.06 12.32 -0.8300 4.3100 7.1300 -1.3989 -0.9078 0.7611 6.60 -7.05 1.66 175 398 205 231 219 
7.39 -7.66 -3.20 0.3500 -0.7600 -3.0700 -0.8633 -0.7589 0.3822 6.12 -7.58 -1.03 183 413 204 229 220 
5.93 -7.54 -2.46 0.0600 -0.1100 -1.8700 1.6600 0.7356 -0.5956 6.52 -7.30 0.48 183 375 206 231 218 
6.83 -3.12 8.36 0.9300 2.6000 4.5400 -0.6911 0.8756 -0.2067 6.92 -6.44 2.56 186 371 209 232 224 
10.69 -4.51 3.16 3.1400 1.2200 -0.7100 -5.2589 7.5944 -0.2433 4.58 -7.81 3.74 193 337 308 327 233 
0.76 -8.00 2.17 -4.5800 -0.2800 -1.8900 -2.3289 4.4578 0.7500 1.06 -9.51 2.13 200 416 371 413 235 
5.97 -8.27 -2.05 4.9300 0.1900 -3.2300 0.2978 0.6067 -1.3189 2.87 -9.18 1.90 210 419 371 416 240 
3.27 -10.71 -0.89 0.6400 -0.9600 -3.3100 2.1822 -1.1944 1.2989 1.83 -9.19 2.86 211 416 376 416 240 
1.64 -3.12 -1.03 -1.6600 4.3100 -8.2300 7.4311 -0.7522 0.0222 1.83 -4.12 8.70 212 404 376 409 238 
-0.43 14.31 10.78 -0.6300 12.2100 6.1400 5.0644 -0.4333 -0.6400 0.99 6.05 7.64 212 411 375 409 241 
-0.19 8.21 10.35 -1.2000 0.5800 1.4300 -0.5356 -0.3789 -0.2633 1.11 6.28 7.44 213 411 380 408 239 
;
