2.58 -0.26 9.47 0.0000 0.0600 -0.1500 0.0233 0.0000 -0.0044 2.58 -0.27 9.45 176 363 349 363 216 
2.57 -0.20 9.39 0.1000 0.0800 -0.0400 0.0011 0.1989 0.0522 2.41 -0.26 9.50 174 363 349 369 217 
8.08 2.77 12.67 4.8700 5.1100 8.6400 -0.5533 -0.5800 1.5511 3.59 1.15 9.05 179 218 240 248 216 
7.29 0.24 4.67 -0.3600 0.7100 -2.6900 0.7844 -4.1356 3.1511 7.68 -1.73 5.83 179 154 167 189 208 
-11.79 -9.43 6.31 -22.6400 -4.2000 8.2100 -1.5522 -2.7011 -4.4733 9.62 0.03 1.85 185 157 174 185 203 
6.57 0.18 5.67 -2.9100 -1.0800 3.7900 -0.0956 0.5100 -0.0267 9.45 1.10 2.35 190 160 178 193 205 
8.72 1.57 2.69 -0.4700 0.3200 0.1500 -0.0822 0.2444 -0.1744 9.27 1.35 2.87 188 165 179 196 206 
9.51 2.94 2.28 -0.3900 1.8000 1.1000 0.6633 -2.7156 2.2033 9.77 -0.77 0.30 174 258 268 302 220 
11.04 -3.84 -1.66 0.9100 -0.9400 0.6000 1.4122 -3.6400 3.5833 6.23 -6.15 -4.40 171 279 294 345 222 
3.84 -7.21 -3.17 -0.7900 0.0500 1.8500 -1.1311 -0.3489 0.2511 3.97 -7.11 -5.44 183 252 283 327 224 
0.03 -2.36 -27.88 -5.5800 -0.3500 -16.8000 -0.2533 0.0244 -0.0567 1.73 -3.72 -8.90 193 276 300 339 226 
3.37 -3.37 -8.94 0.5800 0.3700 0.0200 0.0300 0.0933 0.1611 2.02 -3.83 -8.79 194 278 292 339 226 
8.21 -2.06 -8.19 1.2900 0.7900 -0.5600 -2.3733 8.4322 0.1956 6.74 -2.58 -6.63 169 277 286 309 219 
4.92 -3.82 -5.66 -4.8000 -1.1800 -5.0300 1.4111 7.9878 -0.4122 6.55 -1.58 7.11 173 335 319 345 214 
;
0.05 -1.20 9.41 -3.3900 2.4700 1.5100 1.6200 1.3633 -0.3544 2.69 0.31 9.42 184 372 331 369 216 
1.94 0.53 9.40 -0.7800 0.1900 0.0300 -0.0667 0.0500 0.0867 2.64 0.22 9.43 182 372 333 368 216 
1.72 0.14 9.62 -0.7000 0.0800 0.1600 -0.2211 -0.1133 0.0733 2.46 -0.03 9.49 184 368 338 371 217 
8.19 4.98 14.53 3.8900 3.8600 6.2100 -1.4967 -2.4067 2.1267 5.21 0.78 8.26 181 253 262 279 217 
6.16 -1.76 3.99 -2.4700 0.1900 -0.8400 0.3100 -3.4111 2.5678 8.49 -3.23 3.68 179 168 165 204 216 
-10.56 -5.22 12.78 -10.8300 2.5000 17.9400 -4.1422 2.0233 -5.6389 9.79 -0.28 0.36 185 165 172 194 207 
7.46 -0.54 5.57 -2.2500 0.4000 4.6300 -0.5522 0.9000 0.0511 9.80 -0.27 -0.08 179 169 179 200 208 
9.22 0.91 1.35 -0.3100 1.0700 0.8800 -0.3867 0.4689 0.1889 9.78 -0.21 0.59 187 199 200 224 217 
10.07 -0.44 -0.73 0.7700 0.5500 -0.1800 0.9356 -3.3889 2.7289 9.23 -2.78 -1.75 168 273 298 359 221 
5.20 -6.03 -4.11 -0.1600 0.0000 2.1300 -0.0500 -3.8022 2.0078 4.04 -6.18 -6.44 171 256 289 367 223 
2.43 -0.31 6.74 -4.7400 4.7700 -2.1000 -5.3156 -2.8822 -0.0967 1.91 -2.62 -9.25 182 278 294 366 230 
4.38 -2.80 -7.57 2.0000 0.3300 1.8100 0.1922 0.4178 0.1733 2.58 -2.63 -9.08 178 280 299 372 228 
9.34 -0.33 -8.05 2.2400 1.4900 -2.0400 -2.9200 12.2667 1.2278 9.57 -1.75 -1.19 174 286 306 351 220 
3.73 -2.03 3.58 -0.3800 -0.3400 0.5300 0.7244 7.2056 -0.5211 4.70 -0.65 8.58 157 352 320 369 217 
;
