2.61 -0.03 9.41 0.0000 0.0400 -0.0700 0.0111 0.0111 -0.0056 2.58 -0.10 9.45 174 338 347 364 212 
2.53 -0.05 9.45 0.0300 0.0300 0.0300 0.0233 0.0656 -0.0056 2.54 -0.09 9.46 174 336 347 365 212 
5.10 -0.33 13.97 3.2100 2.1100 4.8100 1.1778 -3.4133 1.3911 4.61 1.13 8.57 178 215 227 265 217 
9.25 0.21 3.72 0.6600 1.4300 -1.9400 1.2411 -4.4733 3.0989 8.77 -1.83 3.96 180 142 175 198 217 
5.17 -2.33 3.77 -3.6200 0.5300 0.7000 0.2189 0.1322 0.3756 8.72 -3.22 3.11 186 152 170 202 216 
-3.74 -4.71 9.40 -9.8100 1.2200 8.0300 -2.7244 0.1222 -4.5489 9.48 -0.51 2.42 188 156 174 201 212 
8.81 -0.51 3.90 -2.1600 -0.5700 2.4400 0.1667 -0.0144 0.6533 9.60 -0.38 1.95 186 170 188 218 215 
9.86 -1.52 -3.59 0.7800 0.9500 -2.1000 2.5167 -3.8589 1.4244 8.76 -3.23 -2.96 167 253 278 333 222 
5.10 -4.11 -5.86 -1.7000 0.1900 0.4300 -0.9489 -3.7944 0.4167 4.71 -4.28 -7.45 174 253 262 329 224 
3.38 -3.15 -8.80 0.3200 -0.6100 -1.4400 -2.1611 -1.3700 0.0089 2.35 -1.34 -9.42 185 265 245 314 227 
6.87 -3.69 -14.52 5.3200 -2.7300 -5.2100 1.4778 0.7178 0.3367 2.21 -1.98 -9.34 187 274 264 339 226 
3.76 -4.28 -10.47 -1.8200 3.3800 -1.2200 5.7744 2.3667 0.8667 4.95 -7.63 -3.64 198 383 346 372 221 
1.07 -2.50 0.61 -3.6700 5.2600 1.1900 0.4311 0.5333 -0.2022 5.30 -8.23 -0.41 199 387 352 380 222 
3.95 -6.02 0.76 -0.9200 1.7600 1.4400 -1.1700 -0.1222 -0.3011 5.52 -7.98 -1.38 198 376 353 378 222 
5.22 -3.34 -0.70 -1.2200 2.9400 0.0400 -3.1544 5.3933 -3.1233 8.28 -5.24 -0.15 181 299 317 353 222 
10.27 -3.03 3.98 2.3700 -0.6800 -0.3500 0.7500 9.0833 -3.8133 4.58 0.15 8.66 181 325 332 346 219 
;
