5.03 4.01 7.38 0.0500 0.0400 -0.0300 0.0467 0.1056 0.0078 4.92 3.99 7.48 179 344 342 346 209 
4.12 3.73 9.30 0.3600 0.5700 2.9700 0.4700 -2.3989 1.4267 6.51 3.85 6.23 181 317 321 371 211 
9.84 0.08 2.59 1.3700 -1.4400 -2.4800 1.1067 -2.9556 3.6689 9.46 -0.01 2.55 183 205 214 247 202 
5.17 1.20 2.16 -4.3100 1.4100 0.8000 1.9800 -0.9789 -0.2622 9.76 -0.15 0.87 191 172 161 208 192 
14.48 5.49 -2.58 6.6900 4.0900 -3.1900 0.3711 0.0144 -1.4300 9.49 2.38 -0.47 198 178 180 217 192 
8.78 2.95 0.60 -0.9500 0.7100 0.8800 -0.4000 0.1967 0.0278 9.53 2.25 -0.30 198 186 186 222 198 
9.58 3.20 -2.91 -0.1000 0.8600 -2.2700 0.6422 -2.6189 3.0822 9.36 -0.62 -2.83 189 296 275 354 216 
5.24 -3.99 -1.69 -2.1500 0.3600 4.4400 -0.9900 -3.1344 2.9933 5.42 -5.03 -6.43 190 252 253 368 223 
2.43 -4.48 -10.81 -0.5600 -1.2200 -4.1900 -1.0389 -0.9233 0.3000 2.06 -2.81 -9.16 196 273 282 381 226 
3.00 -2.54 -8.51 0.6500 0.7300 0.6300 0.0656 0.9189 -0.0578 2.85 -2.91 -8.91 191 266 276 350 220 
7.20 -1.34 -9.72 -0.1000 -0.7000 -5.1500 -0.4933 10.0956 -0.9722 9.64 -0.99 -1.45 186 301 303 345 216 
-1.67 -0.92 3.00 -6.6400 -0.9200 -1.8100 2.9022 5.0122 -0.8944 3.02 2.87 8.87 186 314 331 353 211 
4.62 5.83 11.13 -0.2800 1.6900 1.9200 -0.3356 -4.9078 2.9022 7.56 2.26 5.81 185 317 330 341 215 
5.13 -2.66 -1.24 -4.7500 -0.6300 -0.5000 -0.7811 -9.3089 4.2156 8.05 -3.54 -4.32 193 253 275 363 220 
2.79 -6.51 -12.69 -1.0100 -0.5500 -3.7200 -0.2611 -0.9433 0.2300 1.96 -2.91 -9.15 200 268 280 361 225 
2.15 -2.70 -8.83 -0.2700 0.2300 0.2900 0.1433 -0.3333 0.1367 1.87 -3.00 -9.14 198 268 283 345 221 
;
