1.49 -0.58 9.63 -0.1000 0.0000 0.0000 0.0011 0.0033 0.0000 1.58 -0.58 9.65 187 339 337 336 221 
1.47 -0.58 9.63 -0.1700 -0.0600 -0.0200 -0.0433 0.0133 0.0089 1.58 -0.60 9.65 187 342 338 338 221 
0.53 -0.24 12.52 -1.7100 -0.3700 2.9900 3.0222 -4.1944 0.5233 4.19 1.32 8.76 189 284 328 354 223 
9.00 -1.17 4.21 0.2700 -1.1400 -1.4600 1.2522 -4.4344 2.9244 9.03 -1.23 3.60 186 188 189 221 209 
6.88 -0.30 0.69 -2.7900 1.0400 0.2600 1.4256 -1.5256 -0.2633 9.65 -1.71 0.06 188 163 160 197 181 
4.82 1.19 2.68 -3.3000 3.5200 6.4400 -0.8167 -2.0100 -2.1511 9.30 0.65 -3.02 193 167 175 200 169 
11.18 1.21 -3.70 1.1500 0.3700 1.1500 0.5289 0.2900 0.5733 9.06 0.53 -3.70 197 171 182 205 171 
9.23 1.64 -2.66 1.4000 1.9800 0.6900 -1.0633 0.8433 0.4478 9.41 0.48 -2.70 187 191 201 225 195 
14.84 -0.77 -2.14 3.4600 0.8700 -2.5100 -1.3778 4.5300 3.8333 9.14 -3.27 1.35 188 284 296 316 213 
4.64 -4.81 2.39 -1.1000 2.6000 0.1200 -3.8533 2.3500 5.1100 3.53 -8.96 1.81 132 267 236 286 214 
-3.75 -6.78 -2.52 -3.7000 1.6700 -2.2100 -0.5633 1.4444 1.9467 -2.26 -9.47 -1.10 125 258 221 260 213 
-4.70 -8.74 -0.03 -3.0400 -0.6400 0.5600 -0.6467 -2.0878 -1.1444 -2.14 -9.45 -1.45 125 259 229 263 211 
-2.16 -8.34 -3.02 -1.9500 0.6800 -2.8600 0.2511 -7.0100 -3.5389 1.36 -9.57 -1.60 125 257 234 261 207 
3.30 -8.22 -6.09 0.7300 2.3900 -3.0500 0.6411 -5.4022 -2.2667 2.70 -8.83 -3.28 125 249 237 255 203 
5.79 -7.72 -5.08 4.7000 0.7200 0.0800 0.1078 -1.5822 -0.8689 2.71 -8.42 -4.22 124 243 231 253 201 
4.34 -7.80 -4.03 1.1400 0.6700 0.2500 -0.2344 0.4811 0.2433 2.75 -8.41 -4.21 128 241 233 252 200 
9.50 -4.90 -3.61 6.1800 3.1700 0.0000 -1.8344 10.5511 -0.2311 5.89 -7.63 -1.74 160 282 279 301 216 
;
