5.30 5.92 5.64 0.1000 0.0500 -0.2100 0.0011 0.0422 -0.0356 5.19 5.89 5.86 187 346 357 374 222 
5.18 5.94 5.76 -0.0100 0.0700 -0.1700 0.0089 0.0411 -0.0278 5.13 5.92 5.88 184 345 355 372 225 
5.02 6.02 5.83 -0.0500 0.0500 -0.0700 0.0144 0.0300 -0.0144 5.08 5.95 5.90 183 345 358 374 222 
5.35 5.87 5.61 0.6600 0.0900 -0.2600 0.5556 0.4922 -0.1222 4.87 6.19 5.83 183 356 353 381 222 
5.48 8.41 6.24 1.9500 3.3000 1.4500 2.9244 0.3233 -0.2189 4.29 7.91 3.88 190 286 312 389 227 
13.18 7.72 1.38 3.3100 1.0900 -0.7600 1.1722 -2.3856 5.3633 9.12 3.58 0.32 189 177 180 203 219 
4.89 0.65 -0.21 -6.3500 -0.1500 -0.7000 0.6467 0.0089 2.1889 9.70 -1.37 0.02 196 179 173 204 210 
-0.45 -0.77 8.33 -3.9900 4.8100 6.8100 -2.4033 -1.0700 -2.7322 9.74 0.38 -1.00 199 182 179 212 211 
7.68 0.86 2.69 -2.7200 0.6100 3.4600 -0.2356 0.2378 0.3278 9.78 0.01 -0.66 201 185 185 217 211 
7.24 0.36 -4.29 -3.6600 0.0700 -2.3500 1.0878 -2.6722 0.8889 9.07 -1.47 -3.42 182 257 267 326 225 
7.21 -0.13 -3.21 -1.1900 0.4800 1.6500 -2.5444 -4.3022 0.9433 4.12 -2.03 -8.66 189 245 265 333 229 
3.91 0.26 -14.75 -2.7100 -1.0000 -7.8900 -1.4078 -0.5300 -0.1133 1.43 1.82 -9.52 201 278 276 358 234 
4.05 -0.40 -14.58 3.3400 -1.3700 -5.2600 2.5922 -0.2011 0.2589 1.05 -0.40 -9.74 202 284 286 366 234 
1.59 -1.76 -11.02 -2.8900 3.8500 -1.3800 6.2656 2.4000 0.6667 3.26 -7.18 -5.81 211 384 359 394 231 
0.95 -1.99 -0.23 -3.1900 6.3300 1.3900 0.4678 0.7433 -0.5056 4.54 -8.56 -1.44 213 399 364 397 230 
3.74 -5.47 -2.02 -1.3100 2.9700 -0.1200 -1.3178 0.1422 -0.4544 4.88 -8.15 -2.41 211 334 344 359 229 
1.07 -5.37 -4.28 -1.8500 2.6800 1.5600 -3.0833 -2.3000 -0.4489 4.43 -6.19 -6.17 203 255 262 305 228 
2.67 -3.41 -12.28 1.9200 -0.7400 -6.6400 -4.0767 -2.5344 0.2756 1.39 -0.82 -9.67 191 255 270 348 234 
1.90 -0.94 -11.30 0.6500 -0.4700 -1.0200 0.7078 0.2633 -0.1444 1.22 -0.70 -9.70 196 263 273 356 234 
0.91 -0.22 -8.85 -0.1200 0.7200 0.5800 -0.0544 -0.0144 -0.0411 1.16 -0.97 -9.68 197 267 276 355 233 
1.36 -0.76 -9.48 0.2200 0.1600 0.1900 0.0678 -0.0811 0.0622 1.08 -0.99 -9.69 196 264 275 352 234 
;
