4.18 0.17 8.89 -0.0300 0.0900 0.0000 0.0033 0.0033 0.0011 4.25 0.05 8.83 175 324 336 344 212 
4.38 0.15 8.75 0.3100 0.0900 -0.1800 0.0222 0.4000 -0.0556 4.06 0.08 8.92 176 326 333 348 211 
4.40 1.22 10.84 2.0400 1.6700 2.2900 2.6644 -1.8200 1.6367 4.54 1.31 8.59 179 294 327 363 214 
7.72 0.90 8.74 -0.5500 -1.0400 1.7400 1.7967 -2.3067 3.3344 8.06 0.66 5.53 183 205 203 221 207 
7.80 0.52 1.99 -2.7900 1.4500 -1.0900 1.4933 -2.0278 1.1044 9.53 -0.85 2.13 192 163 158 186 187 
4.12 1.24 2.40 -5.7200 1.8700 0.7500 -0.0522 -1.2311 -1.2344 9.76 -0.25 0.87 194 163 160 187 178 
18.89 2.69 -7.58 8.8900 1.0500 -5.0000 0.4000 -0.6700 -0.0433 9.60 1.44 -1.36 196 163 172 190 177 
8.23 1.49 -0.67 -1.0900 0.5500 0.2700 -0.1444 0.3256 -0.0589 9.70 1.09 -0.86 197 170 177 195 183 
11.66 1.71 1.36 1.8800 -0.2000 -0.7700 -0.6033 2.0967 0.9289 9.74 0.57 0.92 124 297 285 331 212 
11.98 -1.55 1.61 -1.0100 -0.5600 -0.4800 -1.8067 1.7578 1.2456 9.27 -0.89 3.06 109 177 192 223 206 
10.16 0.63 1.12 0.6300 1.8000 -2.8900 1.8200 1.0956 0.4556 8.62 -1.11 4.53 103 175 177 211 180 
6.75 1.81 4.71 -2.3400 3.0800 2.4100 1.7522 -1.5967 0.6856 9.13 -1.11 3.38 103 176 171 205 167 
8.20 3.27 5.27 -0.5600 5.1400 1.4100 -2.2656 0.2389 -0.8244 9.26 -1.26 2.94 106 181 182 210 173 
11.20 1.69 -0.33 1.3800 1.6100 -3.4900 -2.0944 0.1889 -1.0956 9.37 -0.75 2.78 107 181 183 211 174 
11.34 -2.77 -1.53 1.8400 -2.8300 -3.6900 -0.0178 -0.0944 -0.3544 9.51 -0.08 2.37 108 181 179 212 175 
7.35 -1.57 2.74 -1.5300 -0.7300 0.9600 1.0322 -0.8844 0.1111 9.63 0.04 1.81 107 180 172 198 166 
;
