-0.11 1.54 9.51 0.0700 -0.0600 -0.1200 0.0089 -0.0078 0.0100 -0.11 1.65 9.66 180 373 340 377 214 
-0.05 1.54 9.51 0.0200 -0.0900 -0.1000 0.0100 -0.0022 0.0133 -0.10 1.64 9.66 177 372 340 375 213 
3.03 3.82 12.83 1.7400 2.4500 4.0900 -2.5300 -4.1244 1.0544 3.47 0.12 9.16 178 234 249 264 213 
5.65 -1.97 2.99 -2.3300 -0.0500 -1.8300 0.8289 -4.9611 0.8344 8.85 -1.56 3.91 181 151 152 192 208 
3.96 -1.06 8.45 0.2500 3.2600 2.3100 -2.1222 0.2533 -2.1522 9.69 0.22 1.42 193 153 170 195 202 
8.26 0.65 3.14 -1.2600 0.4900 0.9100 -0.0122 0.0244 0.1844 9.68 0.19 1.55 192 158 177 199 202 
14.53 1.69 3.17 4.9400 2.4800 -1.0400 -2.7200 4.7744 3.2411 7.89 -3.13 4.90 182 246 262 284 209 
4.59 -5.84 4.53 -0.8400 1.6200 -0.6700 -4.0833 2.2978 2.1967 3.81 -8.16 3.86 185 325 303 346 210 
0.94 -6.49 -1.03 -1.1000 2.7500 -2.4500 -3.0022 1.2811 -0.1878 2.39 -9.49 -0.47 182 352 320 372 211 
3.71 -9.87 -3.95 0.8000 -0.8500 -2.7700 -0.2000 -0.4478 -0.1311 2.89 -9.18 -1.84 181 354 322 377 212 
3.47 -8.60 -3.05 0.3600 1.2900 -2.4100 3.0200 0.2522 0.7744 2.17 -9.50 1.02 184 353 324 375 214 
2.64 -1.84 -2.45 1.7300 7.6000 -7.2300 8.0611 0.0278 0.5344 1.63 -5.46 7.97 186 357 317 374 212 
-2.54 8.25 18.39 -0.2900 6.2900 9.7600 2.6678 -0.7178 0.0944 1.13 3.03 9.25 189 369 335 372 214 
1.39 3.39 9.10 -0.3100 0.5800 -1.0500 -0.6033 -0.3622 -0.2733 1.80 2.42 9.32 185 349 327 351 214 
1.81 2.40 8.15 -0.1000 0.7600 -1.5000 -1.0511 0.3044 -0.5033 1.68 0.96 9.61 181 324 320 331 213 
;
1.99 0.21 9.38 0.0700 -0.0300 -0.1800 0.0156 0.0467 0.0222 1.93 0.28 9.60 180 353 348 387 218 
1.91 0.29 9.44 0.0400 -0.0600 -0.1900 0.0656 0.0656 -0.0078 1.84 0.35 9.62 183 355 345 387 220 
1.86 0.33 9.47 0.0900 -0.0500 -0.1400 0.0511 0.2811 0.0711 1.62 0.40 9.66 181 359 352 389 218 
7.03 4.70 14.27 3.8100 3.1500 3.3300 -0.6033 -4.9467 2.9622 5.43 -0.35 8.15 183 234 250 277 219 
5.11 -3.56 3.75 -2.7200 -1.2700 -1.4700 -0.4133 -1.9811 0.7611 8.45 -2.94 3.99 183 157 169 198 215 
14.46 5.34 3.06 8.3800 5.6200 -6.0500 0.5244 0.3389 -1.5989 9.65 -0.03 1.71 194 161 177 206 212 
9.53 0.58 2.59 -0.0600 0.6900 -0.0800 -0.4311 0.2500 0.3267 9.69 -0.18 1.46 192 169 180 205 211 
13.58 2.45 2.84 5.1900 3.6000 0.4200 -1.9478 3.5278 3.2144 8.46 -3.64 3.35 181 254 264 278 215 
1.82 -6.90 3.24 -2.2100 0.6500 -1.9100 -3.3544 2.1456 2.7589 2.71 -8.61 3.81 177 310 294 316 214 
-3.55 -8.76 -2.22 -3.8000 1.0500 -3.6300 -1.7444 2.1356 0.0344 -0.09 -9.78 0.63 175 345 318 358 214 
-0.74 -8.03 -0.38 -0.5100 1.6200 -0.9700 1.2400 -0.5922 -2.1411 2.44 -9.35 1.63 179 363 337 373 216 
6.36 -10.12 -2.43 2.6900 -0.5100 -5.8900 2.6211 -1.2656 1.6467 2.04 -8.94 3.46 182 362 336 376 218 
0.69 4.48 -1.19 -2.3000 12.6100 -3.2600 10.0833 0.7011 1.3100 0.64 -0.92 9.74 186 369 339 380 217 
-0.40 5.42 16.25 -1.2600 1.3800 4.3300 -0.5867 -0.4056 -0.1211 0.63 2.42 9.48 188 369 345 382 217 
0.47 2.06 8.41 -0.0100 -0.2400 -1.2700 -0.0756 0.4911 -0.4511 0.14 2.11 9.57 183 355 341 361 216 
-0.91 2.07 9.23 0.2200 0.1800 0.0300 0.0256 0.5078 -0.7289 -1.29 1.98 9.51 183 343 332 344 215 
-1.06 2.23 10.51 0.1600 0.4400 0.9600 -0.2744 -0.4189 -0.2111 -1.50 1.57 9.56 180 324 313 316 216 
;
-0.22 -0.38 8.23 -0.3300 -0.3900 -1.7000 -0.8244 -0.8667 -0.4444 0.65 -0.06 9.78 181 303 303 311 217 
0.69 -0.38 10.36 -0.3300 -0.1000 0.2800 -0.3467 -0.1633 -0.4656 1.09 -0.63 9.72 182 302 309 315 217 
2.41 0.32 11.31 1.0200 1.1100 1.9900 0.2867 -2.4078 0.7878 2.52 -0.60 9.45 179 265 276 285 218 
5.80 -2.45 6.99 -1.0700 -1.8500 -0.6500 0.1522 -4.4544 0.4411 8.15 -1.33 5.28 183 173 179 204 214 
-2.18 -5.47 5.29 -13.1600 -4.2900 3.2600 0.1267 -2.7411 -3.0267 9.75 0.19 1.01 182 159 172 194 206 
10.50 2.46 1.49 -1.6800 -0.0700 3.6000 0.4578 -0.1378 0.3111 9.71 1.29 0.42 192 164 177 202 206 
9.53 2.76 0.06 0.1100 1.7300 0.2100 -0.5011 -0.1133 0.5856 9.74 0.95 0.46 185 188 188 206 210 
12.40 2.22 1.19 1.1200 1.4400 -2.4700 -2.6322 4.9144 2.8056 6.65 -3.62 6.22 173 249 260 263 212 
3.35 -6.15 5.32 -1.0200 0.3600 -0.9200 -4.7178 2.5278 1.6811 1.87 -8.99 3.42 166 261 247 275 213 
-2.23 -10.12 -3.87 -2.6200 0.8000 -3.3100 -1.9067 1.0722 0.0378 0.42 -9.76 -0.79 151 333 311 347 213 
-1.20 -7.92 -3.43 -2.5900 1.5600 -2.1700 0.9067 0.0456 -1.6522 2.13 -9.53 -0.82 175 350 327 369 215 
10.89 -7.81 0.37 6.7200 0.6600 -0.5500 1.1322 -0.4244 0.4022 3.52 -9.12 0.65 177 351 336 371 216 
3.97 -7.90 -2.23 1.7500 2.0300 -5.2900 4.4167 -0.6456 1.6189 1.82 -8.51 4.51 178 354 337 372 216 
-0.60 5.96 0.43 -1.9700 12.2700 -1.4600 9.6811 1.3411 1.6133 -0.08 0.87 9.76 187 373 339 382 215 
0.22 4.42 13.25 1.0300 -0.2600 1.6300 -0.7267 -0.2911 -0.0767 0.10 2.73 9.41 184 369 342 382 217 
-0.70 2.56 8.81 -0.7100 0.0700 -0.7600 -0.2133 0.3022 -0.1656 -0.20 2.43 9.49 181 363 341 369 215 
-0.53 2.46 8.97 -0.1900 -0.1400 -1.2900 -0.5378 0.6489 -0.9111 -1.05 1.79 9.58 180 346 335 358 216 
-2.19 0.96 9.12 -0.2300 -0.3600 -0.2200 0.1856 0.7300 -0.5156 -2.70 1.33 9.33 182 349 336 368 214 
-3.52 1.27 10.58 -0.3800 -0.3800 0.7800 -0.4667 0.2100 -0.0278 -3.25 1.13 9.18 182 353 334 370 215 
;
