2.32 0.14 9.45 -0.1200 0.0900 0.0100 -0.0178 0.0189 0.0156 2.44 0.02 9.49 188 377 355 367 219 
2.36 0.11 9.48 -0.1200 0.1100 -0.0600 -0.0578 -0.0189 0.0089 2.46 0.00 9.49 185 374 350 362 220 
2.31 -1.50 10.66 0.6600 0.2200 1.1400 -0.4422 -3.2344 1.6856 4.36 -1.56 8.64 8 200 204 259 215 
8.93 -3.32 5.89 1.2800 -0.8400 -2.3100 1.4378 -6.1489 1.1389 8.52 -2.82 3.94 177 152 159 185 213 
6.96 -0.90 2.17 -2.0400 1.8300 -0.3400 2.6967 0.6533 0.0000 8.91 -2.25 3.41 183 155 166 192 213 
1.46 -3.93 6.62 -14.2000 -5.0800 6.5100 1.3589 -2.8644 -1.0756 9.36 -0.90 2.78 184 160 172 195 211 
12.09 2.79 2.80 0.3900 1.3400 1.7900 0.1378 -0.1467 0.3878 9.46 0.34 2.54 185 161 173 198 211 
9.29 1.51 3.09 1.0000 2.8400 0.3700 -1.5356 1.2989 1.6956 9.22 -1.50 2.96 184 226 239 272 215 
11.87 -2.14 10.27 3.3600 1.7900 2.5700 -1.3500 5.6411 2.7067 4.58 -5.78 6.45 192 376 348 390 216 
0.27 -6.99 5.15 -2.2600 0.9700 -2.0300 -3.2544 2.0011 0.8689 0.76 -9.16 3.39 193 388 356 399 218 
-0.31 -9.16 -4.10 -0.4000 0.6300 -8.0100 2.4356 -1.0289 -0.8389 1.44 -9.03 3.52 193 386 358 401 218 
8.55 1.12 19.10 4.7900 4.6200 13.6900 1.7500 -0.2556 0.0500 3.01 -4.81 7.99 194 385 356 399 217 
2.66 -5.10 6.81 -0.1900 1.5900 -1.5800 -3.6678 1.4189 0.4689 1.88 -8.13 5.14 192 387 357 398 218 
-0.07 -8.86 -2.39 -0.6000 0.2200 -5.6700 -0.4033 0.1011 -0.4744 1.69 -9.19 2.96 193 388 353 399 218 
6.14 2.53 5.77 2.3300 9.5200 6.1300 6.1589 0.0622 -0.2200 2.82 -4.45 8.26 194 373 352 386 218 
3.65 -4.00 7.70 -0.2700 0.1200 -3.1500 -1.1967 0.4033 -0.3822 3.37 -4.90 7.79 188 383 333 368 218 
1.54 -2.80 5.75 -1.0000 0.5400 -3.5000 2.1611 2.4144 -2.3556 1.65 -2.27 9.39 187 361 337 364 218 
1.17 0.88 12.35 0.0600 1.2000 2.4100 0.9533 0.3500 -0.3667 0.18 0.12 9.80 186 370 348 377 216 
;
0.32 0.68 9.79 -0.0600 0.1300 0.0100 -0.0144 -0.0322 -0.0178 0.40 0.53 9.78 187 366 351 384 218 
0.34 0.68 9.82 -0.0900 0.1200 -0.0900 -0.0100 -0.0156 -0.0167 0.39 0.54 9.78 185 364 351 386 218 
0.29 0.51 9.77 -0.1900 -0.1400 0.0700 0.4778 0.1022 0.1533 0.33 0.79 9.76 186 365 344 386 219 
3.53 5.12 15.48 1.4800 1.7100 2.7200 -2.4944 -4.4944 2.4767 3.87 0.23 9.00 182 185 189 230 218 
7.54 -0.33 3.34 -1.4900 1.7300 -1.7700 1.1956 -4.5822 2.0300 8.75 -2.64 3.54 180 154 165 180 211 
8.19 6.30 -5.09 6.5000 8.3500 -16.0200 0.0411 -1.4967 -2.4844 9.75 0.63 0.81 182 158 171 188 211 
8.48 0.90 4.08 -0.9300 0.8800 2.0000 -0.8544 1.1111 0.0756 9.67 0.42 1.51 187 164 173 194 213 
12.83 2.46 1.95 2.2800 2.8300 -2.0800 -1.9100 2.9778 1.8122 8.31 -1.96 4.81 188 324 332 379 216 
3.96 -6.67 7.88 -1.5800 0.3900 1.4000 -4.4889 3.0967 2.2167 3.42 -7.36 5.49 192 389 348 395 217 
-1.60 -8.92 -0.35 -2.8500 0.3000 -5.0100 -1.3567 0.1522 0.3356 1.10 -9.37 2.64 192 392 346 403 220 
3.43 -0.89 -2.61 3.7600 9.5100 -0.3000 6.6722 -1.3722 -0.0522 2.28 -5.73 7.61 194 390 356 396 219 
2.47 -3.72 14.40 -0.1800 2.0100 4.0200 -4.5211 1.1578 0.1589 2.13 -7.23 6.26 191 390 358 398 218 
0.07 -8.24 -2.84 -1.2600 0.4700 -7.0200 -1.1122 0.5100 -0.9600 2.03 -9.10 3.01 193 391 355 398 219 
4.03 -1.69 -4.30 2.2800 8.7100 -1.9700 7.4511 -0.0611 0.4189 2.50 -4.09 8.55 193 371 353 386 219 
3.27 -2.95 11.61 -0.0300 0.1300 -0.9200 -0.9444 0.1367 -0.7733 3.20 -3.93 8.39 188 375 346 368 218 
2.00 -2.75 6.35 -0.9400 0.5000 -2.0900 1.5967 1.1056 -1.5478 2.44 -1.97 9.28 184 354 340 361 218 
2.33 0.08 10.68 1.0100 0.5400 1.6000 0.7922 0.1967 -0.8833 1.68 0.22 9.65 186 353 343 381 218 
0.06 -1.06 3.97 -0.8300 -1.1500 -3.3500 0.6667 0.1267 0.0289 0.86 0.64 9.74 184 357 349 387 219 
;
