2.49 0.11 9.17 0.2100 0.0300 -0.2900 -0.0044 0.0967 0.0000 2.33 0.08 9.52 184 340 332 359 215 
2.28 0.07 9.34 -0.0100 -0.0300 -0.3000 0.0056 0.0067 -0.0056 2.26 0.08 9.54 185 340 336 358 215 
2.29 0.06 9.26 0.1000 -0.0200 -0.2300 0.0344 0.1944 0.0222 2.12 0.11 9.57 185 341 340 360 214 
0.66 0.76 11.29 -0.9400 0.7400 1.8200 0.0367 -2.7167 0.9578 3.54 0.03 9.14 184 258 295 306 219 
7.32 -1.85 6.59 0.5100 0.1000 -1.2600 -0.4233 -3.9800 1.3722 7.99 -2.09 5.27 184 170 177 208 215 
4.05 -2.45 2.51 -5.8900 -0.8700 0.1800 0.0822 -2.6500 -0.7400 9.35 -2.05 2.09 191 145 158 182 197 
17.88 2.95 -2.98 3.9000 1.3000 -1.1100 0.2467 0.3033 0.2156 9.63 -0.31 1.78 193 152 164 189 197 
10.39 0.48 2.34 -0.1400 1.3000 -0.2400 -0.0533 1.4322 0.6256 9.42 -1.03 2.50 185 190 196 220 207 
8.93 -1.41 3.57 -0.1500 -0.8100 -0.3500 1.0156 3.0278 -0.3956 7.85 -0.61 5.84 170 345 175 169 193 
4.78 -0.74 6.14 -2.2000 -0.6200 -0.7900 0.6489 1.8789 -1.1733 5.88 0.78 7.80 158 352 177 172 190 
8.73 2.57 7.06 3.1100 0.8300 -1.2800 1.2411 0.0167 0.4489 5.39 2.15 7.89 156 349 177 175 192 
7.64 3.13 12.92 0.4900 1.0300 5.0200 -1.0100 -0.7200 2.4467 6.56 0.55 7.26 156 350 178 176 191 
1.85 -1.57 6.87 -4.7900 0.4200 -0.9400 -1.5478 -0.5133 0.7944 6.49 -2.90 6.74 159 353 177 177 190 
3.05 -1.48 2.12 -3.8700 1.5300 -4.3500 0.0356 -0.8122 -2.3222 7.62 -2.01 5.83 145 351 181 176 190 
10.52 1.92 2.47 2.9700 1.4300 -2.8200 1.6256 -0.1633 -1.8544 8.18 1.73 5.10 145 347 175 176 190 
11.40 4.20 6.74 3.7100 0.8500 2.0400 1.6411 0.4333 0.7844 7.60 3.48 5.12 154 341 176 176 190 
7.28 2.91 6.98 -1.7700 0.3800 1.5100 -0.5756 -0.1522 1.7078 8.50 1.37 4.69 155 342 181 178 190 
5.00 1.08 3.47 -1.7600 1.1700 -0.9300 -1.6833 1.6456 -0.8444 7.75 0.53 5.97 170 339 216 210 205 
4.18 -0.42 6.26 -0.4000 -1.4600 -2.4700 0.0244 5.4667 -1.5900 0.92 0.51 9.74 176 357 331 334 206 
;
-1.35 2.34 9.12 -1.5300 1.2100 -0.6200 0.5478 -1.4300 -0.0011 -0.02 2.32 9.52 177 367 344 377 209 
0.77 2.28 9.28 0.7100 -0.0100 -0.1100 0.0844 0.1000 0.0200 -0.10 2.42 9.50 178 366 344 378 210 
0.07 2.23 9.37 0.2300 -0.2000 -0.1100 -0.0511 -0.0011 -0.0167 -0.09 2.35 9.52 177 367 345 378 212 
2.41 4.73 13.87 1.6200 2.8800 4.7900 -2.3500 -4.0567 1.2611 2.68 1.13 9.36 181 236 264 269 213 
6.48 -1.71 4.37 -0.4700 -1.1700 -2.4300 0.3989 -3.8911 1.6033 8.25 -1.41 5.10 183 148 177 189 208 
3.91 -1.96 5.97 -5.6100 -0.4800 4.8100 -0.2700 -0.8144 -1.2778 9.59 -1.15 1.68 188 149 172 188 196 
15.57 2.30 -3.06 3.0200 0.8200 -0.7400 0.1244 0.6189 0.1011 9.72 0.30 1.20 189 154 176 195 197 
9.04 0.43 0.93 -0.4000 0.2000 -0.4600 -0.0278 0.1800 0.0222 9.65 0.22 1.69 184 159 176 195 197 
10.03 -0.10 1.91 0.9900 -0.4600 -1.4300 0.5200 3.1033 0.5067 8.17 -0.30 5.41 176 280 274 272 209 
4.31 -1.41 6.85 -1.1600 -1.1500 -1.0500 -0.3422 3.8433 -0.5778 3.69 -0.28 9.07 178 357 182 163 193 
3.40 0.72 8.05 0.7900 1.1800 -1.3900 0.9644 0.7111 -0.1767 2.05 0.61 9.56 4 349 184 175 191 
5.56 2.24 11.80 2.2000 0.7300 2.9000 0.5044 -1.5133 1.8500 3.10 1.31 9.20 4 350 187 177 191 
1.92 -0.51 11.20 -2.4000 -0.3200 1.1600 -2.2789 -0.4144 1.7300 4.23 -1.90 8.63 162 354 193 182 191 
0.45 -2.68 5.21 -3.5900 1.0700 -3.1600 -1.0656 0.1867 -1.0378 4.30 -3.89 7.90 160 352 191 183 192 
5.16 0.00 4.40 0.0500 2.3900 -3.4000 1.4344 0.1767 -2.5500 5.41 -1.13 8.09 155 355 191 182 192 
8.63 3.20 8.07 3.4800 1.7900 -0.1100 1.9000 0.5589 -0.8089 4.77 2.31 8.24 158 356 192 182 193 
7.36 3.82 9.93 1.7500 0.5000 2.7100 0.9267 0.2256 1.3178 4.90 3.24 7.84 160 356 191 183 192 
3.73 2.06 8.88 -2.0700 -0.0500 0.3400 -1.0044 -0.5678 1.3467 6.00 1.19 7.65 157 355 192 183 191 
3.81 0.88 5.44 -2.3400 0.3600 -2.0800 -0.2644 0.1200 -0.3589 6.03 0.52 7.71 171 352 201 185 199 
5.61 0.52 7.80 0.7800 -0.2100 -1.0000 -1.0178 3.7600 -1.0556 2.94 -0.09 9.35 173 356 316 304 207 
0.21 0.13 9.84 -0.5500 -0.2500 0.0200 0.9278 0.8456 -0.7367 -0.21 1.01 9.75 176 369 329 350 206 
-0.62 2.05 9.22 0.8500 0.8100 0.5400 0.8689 -0.5422 -0.1011 0.10 2.07 9.58 177 374 344 376 207 
;
