3.12 -1.11 9.11 -0.1500 0.0900 -0.0200 -0.0100 0.0033 0.0289 3.27 -1.20 9.16 170 324 339 335 215 
3.08 -1.12 9.12 -0.1300 0.0800 -0.0200 -0.0178 0.0300 0.0122 3.27 -1.20 9.16 170 325 341 334 216 
3.15 -1.39 10.59 -0.3300 -0.5800 2.1200 1.5322 -1.0589 0.0800 3.65 -0.40 9.08 171 265 324 348 218 
2.73 -3.70 3.18 -2.4300 -1.2700 -4.1300 1.2556 -5.8900 2.0956 7.45 -1.20 6.25 178 165 171 209 217 
7.41 0.18 3.48 -2.0800 1.3300 0.0900 1.4967 -1.6922 0.3056 9.40 -1.23 2.47 185 149 159 182 206 
2.31 0.82 9.67 -0.9300 4.5500 6.7000 -1.5933 -1.1433 -2.2356 9.75 1.03 -0.17 191 153 170 184 200 
8.96 1.84 1.86 -0.6200 0.8700 1.7600 -0.1267 0.1500 0.0033 9.71 1.15 -0.62 192 160 172 190 204 
10.90 2.61 0.16 0.6000 1.2400 0.3700 0.8122 1.2267 0.1078 9.72 1.13 0.48 178 232 209 254 220 
12.15 1.15 2.04 3.0300 0.1200 1.0000 1.4678 0.3422 0.5344 9.64 0.87 1.56 139 361 246 287 224 
11.15 0.77 0.22 0.8900 0.1100 -1.4800 1.7111 0.3189 0.0467 9.62 0.71 1.71 126 357 192 199 195 
6.59 1.94 0.14 -3.0600 1.6800 -1.4600 0.9667 0.7978 -0.3967 9.37 1.45 2.48 116 356 187 197 197 
6.67 4.24 2.92 -2.1800 2.4600 -0.1000 -0.7367 -0.0256 -0.2078 9.09 1.87 3.14 118 358 192 200 197 
9.19 4.09 2.66 0.5700 2.3700 -1.5800 -2.8700 0.7878 -1.1100 8.45 1.59 4.71 119 362 182 195 197 
8.28 2.07 4.11 -0.3700 1.0500 -1.5100 -3.3878 0.7444 -1.4911 7.56 0.74 6.19 117 368 191 198 196 
5.99 -2.45 5.11 -0.0500 -2.4800 -0.3900 -1.2567 0.1844 -0.7200 6.86 -0.20 7.00 122 366 188 198 196 
6.58 -1.19 7.63 -0.5500 -0.6400 0.2700 0.1678 -0.6322 0.2067 7.15 0.03 6.70 125 364 184 202 196 
5.28 0.18 4.80 -1.9900 0.4900 -1.7700 -0.9222 1.2044 1.5300 6.91 -1.30 6.83 156 350 246 243 215 
5.63 -2.82 5.38 2.0700 0.9200 -1.4400 -1.1244 5.1422 -1.2756 2.66 -3.13 8.90 172 341 316 324 210 
4.41 1.57 15.53 2.3400 2.4600 6.1000 0.8033 1.3900 -0.5189 1.59 -0.80 9.64 178 350 328 351 206 
;
0.55 -0.14 13.38 1.1500 0.2200 1.1900 -0.2556 0.0322 0.0222 1.25 -0.75 9.69 179 365 340 356 210 
1.51 -0.40 9.69 -0.1300 0.3300 -0.0700 -0.0522 0.0533 -0.0044 1.34 -0.75 9.68 180 366 340 364 211 
2.30 3.14 15.18 2.5500 2.8600 4.8200 -0.2844 -2.1511 0.5867 3.21 0.32 9.25 179 252 253 294 214 
4.97 -2.32 4.18 -1.6900 -0.2800 -3.7000 0.9711 -5.5367 1.7989 7.96 -2.00 5.36 178 168 160 203 218 
2.27 -4.36 4.12 -12.9800 -2.5800 8.8600 1.3756 -4.3789 -2.7567 9.72 -0.54 -1.15 189 159 177 194 215 
10.26 1.39 0.88 -0.1700 0.8700 4.0500 0.1611 0.2567 0.1733 9.71 0.08 -1.33 191 166 181 200 215 
8.85 0.96 -2.38 -1.0600 0.5500 -1.0200 0.3056 -0.4144 -0.2767 9.70 0.40 -1.36 189 171 180 204 216 
11.81 0.79 -3.02 2.6800 0.1900 -1.1200 1.8522 0.7122 0.7333 9.68 -0.30 -1.54 173 277 235 276 219 
11.75 -1.49 -0.84 1.4800 -0.7800 -0.5200 1.5689 1.2189 0.3644 9.73 -0.98 0.57 151 345 251 286 219 
9.16 -0.54 -0.64 -0.5000 0.6400 -2.2200 1.5467 1.4000 -0.4756 9.37 -0.18 2.86 115 350 190 222 212 
6.66 3.13 2.65 -2.5600 1.5200 -1.6000 0.5444 0.4700 -0.6578 9.04 1.07 3.62 6 349 195 199 200 
7.39 3.24 3.71 -1.0500 1.8000 -0.3700 -1.1033 -0.0500 -0.3978 8.85 1.40 3.98 6 355 200 203 200 
9.83 2.70 2.42 0.7200 1.4800 -2.1800 -3.1222 1.5067 -1.5400 8.11 1.09 5.39 112 362 191 205 201 
7.24 1.68 4.44 -0.7700 0.0000 -2.6900 -3.2667 0.3433 -2.4833 7.16 -0.04 6.69 120 374 192 202 199 
7.56 -2.83 7.14 -0.5400 -3.3400 -0.1000 -0.6867 0.4222 -0.0978 6.30 -1.22 7.40 119 375 196 200 197 
5.56 -1.58 7.33 -1.3500 -0.1700 -0.8100 0.8000 -1.0267 -0.1256 6.86 -0.59 6.98 125 372 194 202 198 
5.72 0.90 3.36 -1.5800 0.9600 -1.6700 0.9656 0.1489 0.8444 8.27 0.35 5.25 148 312 222 237 215 
8.68 -0.14 4.78 2.6300 0.1500 -1.7100 -1.3589 5.4000 -0.4900 4.24 -1.26 8.74 172 326 283 320 209 
0.61 -1.14 12.85 -0.6900 0.3600 3.3900 0.3122 0.3967 -0.5244 1.45 -1.19 9.62 176 348 324 350 207 
;
