6.05 4.44 5.96 -0.1100 -0.7000 0.2700 -1.2889 -0.1522 0.1644 6.33 4.56 5.93 173 301 292 327 220 
6.40 3.92 5.63 -0.5100 0.0000 -0.1800 0.1400 -0.2489 -0.1478 6.47 4.29 5.98 173 279 245 281 222 
6.92 5.33 7.66 0.2800 1.3700 1.8300 -0.1856 -1.0800 0.1078 7.10 4.14 5.33 178 316 285 306 225 
14.07 1.60 4.08 2.9100 -1.2900 -1.3700 1.3333 -0.9189 3.8600 8.49 1.17 4.76 175 202 206 229 194 
4.55 1.15 1.93 -3.5900 1.7200 -2.9600 0.8556 0.1467 1.8000 8.55 -1.81 4.43 183 159 164 181 161 
7.53 1.45 2.79 -0.9200 2.8100 -1.7000 2.4411 -0.6400 0.3333 8.36 -1.83 4.78 169 162 169 182 163 
6.50 0.45 6.42 -1.2900 3.2000 1.6700 -1.8289 -1.2911 -0.3522 8.84 -2.21 3.62 169 166 178 185 163 
9.13 -3.58 -0.98 -0.4500 -0.7900 -3.9800 -0.7544 0.0244 0.4756 8.99 -2.98 2.52 163 167 178 186 162 
8.10 -3.13 8.83 1.9200 4.9100 32.7900 -0.2378 -0.4322 -0.1600 9.06 -2.79 2.48 168 171 179 188 163 
6.01 -2.69 4.21 -2.1600 0.3500 -0.7700 -1.8089 5.8911 -2.8956 7.78 -1.76 5.69 180 227 224 225 206 
3.20 0.66 6.14 -2.2900 0.2500 -3.5000 2.1522 2.2556 -0.9722 1.83 1.36 9.53 181 334 332 404 219 
-0.58 9.07 4.08 -2.2600 4.5000 -0.4300 -1.9656 -0.4433 0.8200 0.99 3.90 8.94 164 384 361 417 223 
2.56 3.41 9.93 1.3400 -0.1500 1.6100 -0.1778 -0.0411 -0.0944 1.33 3.73 8.97 172 378 365 411 224 
;
1.56 2.97 9.00 0.3700 -0.6100 0.1300 -0.0778 -0.0600 -0.0344 1.35 3.60 9.01 169 371 359 410 223 
1.58 4.21 11.40 0.2700 1.0400 3.2600 0.4122 -3.9156 1.0033 3.54 3.72 8.34 175 229 218 312 224 
11.57 1.06 10.50 2.3900 -0.2700 -2.8800 -0.7778 -6.3344 3.9778 7.64 -1.29 6.00 175 160 177 193 199 
4.22 -1.00 1.19 -3.6500 2.8600 -1.3100 2.7333 -2.5133 0.6433 8.96 -3.13 2.45 184 162 177 200 200 
5.55 1.24 17.69 -1.4300 2.6900 8.2300 -0.3956 0.0578 -0.3022 8.96 -2.40 3.17 184 171 180 202 198 
10.17 0.47 2.72 1.1500 2.5500 -1.0500 -1.6067 0.1356 0.1533 8.95 -2.91 2.74 183 167 179 203 197 
7.10 -6.49 -4.24 -0.8200 -2.7600 -8.7700 1.8100 -1.3900 0.3256 8.74 -3.23 3.04 187 165 186 198 180 
6.98 -3.75 3.32 -1.0500 -0.2600 -0.6300 -1.7511 4.8256 0.2367 7.00 -4.08 5.52 183 177 187 215 206 
0.98 -1.51 4.78 -1.3100 1.5200 -4.1900 0.7833 5.5856 -2.3178 0.54 -2.88 9.35 182 291 296 328 221 
;
4.58 2.28 10.06 3.5600 1.7800 -0.1400 4.0389 0.3111 -1.4300 0.85 2.26 9.50 182 386 358 422 223 
7.55 2.54 11.23 5.4300 2.3700 7.7800 -0.6311 -0.5489 -0.0833 1.60 4.10 8.76 172 391 366 431 226 
2.06 4.01 8.69 0.0700 0.0000 0.0400 -0.3889 -0.3456 0.1189 2.04 3.91 8.75 167 388 369 428 226 
10.18 7.16 14.24 5.4000 3.6200 3.9400 -2.2978 -1.4433 0.9467 5.06 3.03 7.82 176 305 300 376 228 
9.28 0.11 1.57 -0.8000 -0.0100 -5.4000 1.5278 -1.7700 4.5522 8.32 -1.09 5.06 175 169 166 191 188 
2.63 1.06 2.77 -3.8500 4.9000 -0.4500 2.1611 -1.8944 0.9600 7.94 -3.72 4.36 160 162 169 188 182 
9.05 -0.78 5.09 0.7100 3.5300 2.7200 -1.1844 0.0511 -0.1011 8.28 -3.68 3.72 170 173 177 196 189 
9.34 -3.07 -2.49 0.7100 -0.2900 -6.5000 -0.6833 0.0100 0.1433 8.34 -4.23 2.92 159 177 184 195 186 
9.06 -3.66 19.47 -0.6800 0.2400 10.9600 -0.4667 -0.3333 -0.1522 8.49 -3.92 2.93 172 176 185 203 191 
6.07 -3.11 2.95 -3.0400 0.6000 -3.5800 -0.7822 8.5633 -3.0678 5.24 -3.07 7.69 179 244 246 275 221 
5.90 1.53 7.23 5.0800 2.1500 -0.1400 3.9256 2.0544 -1.9056 2.52 1.95 9.27 180 373 312 411 224 
;
2.13 1.47 14.45 8.7000 1.6400 7.7500 -0.2667 0.2344 -0.5933 1.24 3.97 8.87 173 385 362 412 225 
1.52 3.98 9.54 0.1400 0.0800 0.7700 -0.1933 -0.5211 0.1456 1.53 3.87 8.87 175 375 360 412 226 
9.41 7.59 13.97 6.2800 3.0100 4.9700 -2.4756 -1.9122 0.8922 4.68 2.51 8.24 176 207 198 241 219 
4.12 -2.56 4.39 -3.6200 0.0600 -1.7700 -1.0067 -7.7756 4.5944 8.42 -3.98 3.04 180 167 175 184 188 
3.83 0.36 -1.51 -3.8200 4.7500 -3.1700 3.9067 -1.6844 -0.8667 9.05 -2.72 2.59 180 172 178 189 187 
11.35 0.70 2.20 0.7300 3.9900 0.3200 -1.8456 0.8056 0.2333 8.94 -3.29 2.30 179 178 181 194 192 
7.96 -4.26 -4.74 -3.2000 -2.8100 -8.8200 -0.2422 0.0356 -0.0044 8.60 -3.88 2.65 180 172 166 189 175 
12.99 -3.24 4.21 4.6800 -0.8800 0.7300 -0.9633 0.8811 -0.1556 9.01 -2.76 2.69 182 185 181 197 195 
4.09 -2.40 4.88 -2.9400 0.2200 -1.1700 -0.5767 6.2456 -2.2000 4.92 -1.50 8.34 184 227 225 251 221 
3.74 3.79 7.69 1.8800 3.2300 -2.0500 2.0689 2.4456 -1.7456 0.66 1.94 9.58 186 370 359 424 230 
;
8.75 6.09 15.77 2.8400 0.4800 4.7900 -0.4489 0.1622 -0.9700 0.72 4.02 8.91 173 382 359 416 227 
3.13 5.39 11.92 4.0300 1.9300 3.7600 1.3289 -3.5400 0.5089 2.90 4.98 7.92 178 356 306 400 230 
9.28 2.94 7.15 1.2100 -1.5500 -1.0800 0.3900 -5.0022 5.4300 8.34 0.99 5.06 178 204 190 228 210 
4.97 1.33 1.81 -2.7200 4.2000 -1.8700 0.3356 0.7556 1.1778 8.55 -2.54 4.07 169 171 176 190 194 
11.11 -0.78 2.58 3.1200 1.8800 0.5000 -0.1489 0.4089 -0.1189 8.90 -2.04 3.56 162 186 175 203 199 
9.79 -0.18 3.61 2.2800 2.4000 -0.7100 -1.3111 -1.2067 0.0956 9.23 -2.48 2.18 152 189 178 204 200 
8.21 -5.57 -4.50 -4.3400 -4.7400 -6.6000 1.3778 -0.5444 -0.9967 9.34 -2.02 2.19 153 172 179 201 200 
10.35 -2.86 3.75 -0.1600 -1.1300 0.9300 -1.3756 2.8900 0.5889 8.73 -2.47 3.69 163 191 182 210 206 
0.15 -2.62 4.13 -4.7500 -0.2400 -3.9800 0.8522 5.1556 -3.0456 3.41 -1.53 9.06 181 274 283 316 227 
2.01 3.37 8.24 0.9600 2.6000 -1.6100 3.0267 0.9278 -1.0133 0.59 2.94 9.33 170 394 358 421 228 
;
3.74 3.16 11.02 -0.8900 0.3900 2.5900 -0.2500 0.6267 -0.2933 0.33 3.91 8.98 166 397 367 422 228 
2.32 4.62 12.50 1.6700 0.5100 3.4000 0.9333 -4.2200 0.8300 3.39 4.17 8.19 178 320 339 399 231 
8.44 -0.57 6.75 0.5200 -2.0200 -3.0800 -1.9611 -2.8489 4.8033 6.97 -1.44 6.74 176 171 180 214 210 
3.91 0.56 -0.04 -3.9000 4.9400 -2.8900 3.0711 -3.5944 -0.0367 9.07 -2.96 2.23 146 163 167 185 183 
11.30 -1.43 -0.01 3.0800 0.6100 -0.7500 -0.1600 1.2744 0.0522 9.10 -2.48 2.65 141 174 169 203 197 
8.55 1.36 3.06 -0.2400 3.8500 -0.5600 -1.7467 0.5600 -0.8989 9.00 -2.54 2.92 141 175 176 202 197 
7.42 -8.28 -4.35 -3.8600 -7.3600 -10.8300 1.6344 -2.6533 -0.0878 9.46 -2.06 1.50 138 173 185 199 193 
8.04 -1.73 3.66 -2.4200 0.0200 -0.5200 -2.0944 4.1400 -0.1278 8.60 -2.29 4.10 146 183 180 209 202 
1.39 -1.94 6.34 -1.9100 -0.0400 -2.0200 1.9100 3.9989 -2.3633 1.94 -0.03 9.61 168 278 296 327 222 
;
0.16 3.84 9.12 -0.3600 1.3400 -1.0100 2.3678 0.3711 -1.7256 -0.27 3.60 9.11 159 389 362 409 224 
-1.93 3.48 6.28 -3.7000 -0.8100 -3.9800 0.1711 0.0011 0.1478 0.81 3.31 9.19 169 372 363 402 225 
9.36 4.56 14.28 7.4000 2.2900 4.7600 -1.0822 -3.5656 0.9133 5.41 2.40 7.81 177 284 263 297 226 
7.48 -1.57 2.94 -0.8600 -1.0100 -2.8500 -0.4167 -3.6444 3.4722 8.86 -2.14 3.60 172 175 164 183 188 
5.80 1.16 1.16 -2.6200 4.5200 -0.8500 3.9878 -1.2189 0.1189 9.01 -2.67 2.77 169 168 171 197 175 
10.54 0.04 2.08 0.8500 2.5700 -0.3500 -0.8600 0.5422 -0.2222 8.92 -2.80 2.94 154 182 172 197 188 
10.13 -1.34 -1.35 1.5300 0.7300 -4.5700 -1.3000 -0.7633 -0.5044 9.31 -2.62 1.55 150 181 183 200 187 
10.78 -5.76 -4.42 0.6500 -3.5800 -3.8800 1.5156 1.1367 -0.0656 9.36 -2.08 2.02 158 184 189 204 183 
9.24 -3.30 4.17 -0.8100 -1.0600 1.0900 -1.1322 3.6756 0.2322 8.28 -3.03 4.27 174 212 228 235 215 
;
