5.00 2.93 7.96 -0.1800 -0.1400 0.2300 0.0178 -0.0233 -0.0100 5.18 3.07 7.73 218 367 385 404 248 
5.07 2.89 7.73 -0.1200 -0.1500 0.1200 -0.0056 0.1144 -0.0289 5.11 3.11 7.76 217 359 383 405 247 
5.09 2.95 7.92 -0.2200 -0.1900 0.1800 0.0244 -0.3422 0.2622 5.48 2.98 7.56 200 334 381 402 245 
14.09 4.08 6.18 6.1900 -0.5900 -0.5700 0.3022 -2.4567 2.1111 8.70 1.76 4.16 172 295 320 351 243 
7.75 -2.41 0.72 -5.4500 -1.1200 0.1700 2.5422 -1.2322 1.9267 9.40 -1.15 2.53 127 203 206 227 210 
9.26 3.26 0.31 0.0600 3.9600 -2.1100 1.7522 1.2378 0.6089 8.86 -0.99 4.06 122 196 200 201 194 
4.36 0.42 8.77 -2.1000 1.5500 3.0400 -0.4078 -0.2744 -0.3056 8.55 -0.99 4.68 122 207 203 215 201 
8.25 2.10 6.37 -0.4000 3.4800 1.7200 -1.4000 -0.4644 -0.5522 8.84 -1.22 4.06 124 210 208 219 203 
10.27 -1.12 0.31 1.0700 -0.1800 -3.4600 -1.3767 0.4833 -0.8022 8.95 -1.15 3.82 125 208 203 221 204 
8.89 -2.85 2.52 0.5000 -1.7800 -2.0500 -0.2411 1.4367 -0.3367 8.20 -0.65 5.33 125 213 210 224 206 
6.80 -0.89 10.85 -1.5000 -0.5900 3.2000 -1.1711 0.7222 -0.1456 7.91 -1.29 5.63 128 216 214 227 210 
6.63 -1.54 5.00 -2.9300 0.4100 0.5000 -0.8178 -3.8933 0.5900 9.38 -2.40 1.52 172 278 268 289 233 
7.16 -3.82 -6.99 -2.3300 -0.1800 -0.5800 0.3222 -5.6944 2.3733 6.25 -4.94 -5.71 192 251 267 327 237 
4.80 -2.70 -8.94 1.7000 0.2400 -1.4200 -3.3367 -1.1744 -0.1778 2.40 -2.00 -9.29 203 265 263 338 244 
5.16 -2.83 -11.88 2.7000 -1.7400 -2.4800 0.8311 -0.0111 0.2689 2.31 -1.80 -9.35 209 276 273 345 246 
5.23 -5.75 -12.24 2.6300 -0.9600 -4.2800 4.4167 2.8856 0.0667 4.05 -5.90 -6.70 224 387 353 399 250 
1.20 -3.53 -2.80 -3.4800 4.6200 0.1700 2.2222 1.3956 0.0056 5.30 -8.15 -1.24 231 423 373 410 249 
4.73 -5.23 0.33 -0.7000 2.5500 0.6800 -0.0156 0.2022 -0.1133 5.56 -8.06 -0.23 233 420 381 413 249 
;
