3.25 4.35 8.11 0.1700 -0.0800 -0.0900 0.0156 0.0244 -0.0133 3.07 4.46 8.17 179 335 349 385 214 
3.30 4.33 8.00 0.1600 -0.0700 -0.0100 0.0122 0.0311 -0.0122 3.05 4.47 8.17 177 334 352 386 213 
4.58 5.88 9.47 3.8200 1.2400 3.0000 2.6478 -5.0278 1.5767 5.87 5.53 5.56 113 266 307 366 217 
10.15 3.65 1.67 2.8300 0.2200 -0.1200 1.0178 -0.2411 3.5967 8.80 2.52 3.50 96 168 183 211 190 
7.88 1.18 2.94 -0.5600 0.3600 -1.0200 0.9522 -1.0722 1.7656 9.42 -0.01 2.69 93 166 165 179 147 
7.58 2.35 0.53 -1.3800 2.9200 -2.8700 2.0933 -0.0700 1.1256 9.20 -0.89 3.25 94 170 176 188 151 
7.87 1.18 3.66 -0.6100 2.2900 1.5000 1.7500 -0.5411 0.0033 9.44 -0.60 2.58 95 172 176 191 153 
10.39 2.51 3.41 1.6200 3.3100 1.3500 -2.0122 -1.2256 0.4322 9.69 -1.30 0.72 98 174 177 193 154 
9.21 -0.72 -2.22 -0.0900 0.9400 -2.8900 -1.8367 0.3333 0.3633 9.55 -2.08 0.71 98 176 174 194 155 
8.92 -4.51 -2.81 -0.3700 -2.4500 -3.7200 -0.4111 1.0622 -0.4644 9.51 -1.93 1.36 98 176 177 196 157 
9.07 -3.58 0.80 -0.6100 0.1500 3.2800 0.4344 -2.3100 0.0722 9.63 -1.75 0.46 98 176 173 180 136 
8.62 -3.11 -1.22 -0.8000 -0.7600 -1.0200 0.2556 0.3444 -0.1956 9.58 -1.88 0.84 102 179 183 190 155 
9.00 -1.89 2.96 0.4900 -1.4500 -0.4400 -0.3611 4.6467 -1.7300 8.64 -0.78 4.56 157 290 200 200 166 
7.57 1.67 5.42 1.0200 0.4400 -1.7500 0.0411 3.4867 -0.8822 4.92 0.99 8.41 172 375 165 173 138 
5.41 3.82 7.57 2.3300 1.6500 -0.8100 1.3078 1.0311 -0.1322 3.25 2.93 8.77 185 377 169 175 141 
6.20 5.33 11.43 3.6600 2.1400 5.1200 0.5067 0.2411 1.3778 3.54 3.93 8.25 189 376 173 177 143 
2.83 3.46 11.82 -1.0300 1.4000 2.2000 -3.2044 1.2333 1.6378 2.80 0.00 9.39 190 378 171 180 144 
-1.18 -1.68 5.28 -3.8500 1.0500 -3.9000 -1.7678 -0.5578 -0.3200 2.86 -3.39 8.74 191 381 174 181 143 
2.96 -0.71 1.94 -1.1100 2.5000 -5.6500 0.9478 -1.2356 -2.5622 5.49 -2.12 7.83 189 382 177 183 143 
8.57 1.88 4.13 2.6100 1.8100 -2.6800 1.8478 -0.6867 -1.7656 6.55 1.47 7.14 191 384 181 185 144 
10.55 4.58 7.15 3.7700 1.0700 2.0600 2.0211 -0.2122 -0.4633 6.71 4.54 5.50 189 385 182 185 146 
10.23 6.41 9.58 2.9500 1.3300 3.7200 -0.0822 0.2767 1.2922 7.14 4.31 5.14 189 382 181 186 148 
6.75 3.03 5.80 -1.2700 0.1600 -0.6000 -1.0867 0.1267 1.7856 7.61 1.57 5.97 190 383 184 188 148 
5.30 0.71 3.99 -1.9800 -0.1100 -2.0700 0.3944 -0.2489 -0.1267 7.55 1.06 6.15 189 383 185 187 148 
7.97 1.08 6.29 0.7200 -0.0900 0.0000 -0.2011 -0.2456 0.0011 7.63 1.17 6.03 189 371 181 185 150 
9.28 1.75 6.74 2.1900 1.4300 0.0800 -1.5133 2.7078 -0.0911 6.39 0.22 7.43 170 248 270 275 193 
9.92 -2.91 9.01 4.9300 0.3600 0.0400 -4.9444 2.5556 1.3989 3.88 -5.62 7.02 112 235 255 284 198 
0.49 -6.76 0.01 -2.3100 1.6000 -4.9200 -2.0522 1.1711 1.6711 0.33 -9.11 3.59 106 245 256 275 199 
-1.73 -9.41 2.17 -1.6500 -0.0800 -0.9100 0.0167 -1.6722 -0.3522 0.45 -9.27 3.15 110 241 246 266 198 
0.41 -10.07 -0.49 -0.2100 0.3600 -3.4400 1.3456 -6.4878 -0.7567 3.88 -8.62 2.58 109 237 234 256 193 
9.07 -6.68 -2.11 3.1600 1.3800 -2.6000 1.8811 -3.1667 -0.5111 5.99 -7.75 0.41 111 239 237 250 192 
8.30 -6.86 2.45 0.5100 0.8100 1.1900 -0.1578 0.5811 0.0078 6.15 -7.61 0.59 113 241 218 251 190 
5.71 -4.36 1.38 -0.9400 3.3300 0.3800 -1.1711 5.1733 -2.2922 6.87 -6.62 2.24 131 282 247 274 202 
3.47 -2.26 4.50 -4.3100 0.7800 -0.7200 3.5589 -0.3744 -5.3522 6.95 0.92 6.84 163 310 306 321 205 
;
