3.66 7.38 5.15 -0.1500 0.1200 0.2100 0.0533 -0.0211 0.0078 3.66 7.45 5.21 144 310 321 309 210 
2.59 8.32 8.33 -1.5000 1.3900 2.8500 -2.4400 -3.4711 1.3267 5.73 5.69 5.55 120 212 291 287 210 
10.07 1.07 1.80 2.0700 -2.2700 -2.3700 1.0344 -3.8756 2.6233 9.43 2.15 1.55 95 159 177 171 150 
9.09 1.82 -2.47 -1.0400 1.1000 -3.1500 2.5711 -0.0522 0.9400 9.80 -0.04 -0.08 98 159 170 173 145 
7.68 3.00 -0.45 -3.5900 2.5100 0.1900 2.0344 0.9778 0.2600 9.70 -0.60 1.24 98 161 171 176 142 
10.22 2.01 6.51 0.6800 2.4300 5.4100 -0.8544 -0.2300 0.0044 9.74 -0.62 0.89 102 164 175 178 148 
10.83 2.79 1.04 1.0100 3.3600 0.1100 -2.1000 1.1267 -0.1978 9.69 -0.66 1.33 104 166 178 180 149 
9.85 0.82 -1.43 0.5200 1.6100 -3.1500 -1.8244 0.3856 -0.0344 9.60 -0.92 1.73 105 166 180 183 148 
9.40 -3.76 -2.13 -1.4000 -3.3400 -3.9500 -0.6200 -0.3133 -0.2733 9.57 -1.03 1.83 103 168 180 184 153 
9.40 -0.82 3.56 2.6600 1.9500 5.4400 -0.2756 0.8933 -0.7211 9.61 -0.21 1.92 106 170 179 191 139 
10.26 -2.14 4.01 1.5200 -1.4000 2.7000 -0.5856 -0.0133 0.6511 9.63 -0.77 1.64 121 190 207 217 179 
9.05 -3.58 2.17 0.5900 -2.5700 -2.2900 2.5011 0.1944 0.2867 9.50 -0.93 2.23 161 219 212 224 188 
7.17 -0.43 -1.00 -2.3600 1.0200 -1.9200 0.2389 -1.0844 -0.2556 9.70 -0.64 1.26 188 184 178 186 169 
8.25 2.84 -0.10 -1.2800 2.9000 -0.9700 0.1800 -0.9489 -0.9989 9.76 0.95 0.04 190 177 179 183 164 
14.57 2.97 -0.68 4.6500 1.3200 0.3000 0.0156 -0.2389 0.1722 9.65 1.43 -0.97 191 177 178 185 164 
9.95 2.08 -0.08 -0.1900 0.6500 0.6500 -0.1733 0.2900 0.1378 9.71 1.16 -0.70 191 180 181 188 165 
;
10.32 2.96 0.69 0.6000 0.9700 0.3200 -1.9833 2.2522 -0.7567 9.62 1.64 0.91 182 235 204 217 185 
7.77 1.27 1.98 -0.9800 -1.4900 -2.6800 -0.1078 5.3856 -1.8922 5.99 3.43 6.95 185 280 282 289 198 
1.10 4.09 7.30 -2.1700 0.0000 0.0800 1.7822 2.5011 -1.2867 0.64 5.60 8.02 185 295 315 328 198 
-1.08 7.64 8.57 -0.8300 0.8400 1.3100 1.4878 -0.8300 -0.2556 0.03 7.19 6.66 183 297 317 325 197 
2.14 9.96 9.46 2.5400 2.6400 3.2800 -0.6711 -3.3922 2.3711 3.39 7.21 5.70 152 292 317 332 199 
11.05 4.46 4.82 1.4400 1.1300 -1.7000 -2.6278 0.8789 4.2211 8.39 0.77 5.00 93 188 190 202 198 
6.28 0.18 -0.01 -2.8000 1.5300 -3.5200 1.4011 0.2967 0.8178 8.73 -1.52 4.18 97 178 170 193 177 
7.90 0.21 5.74 -0.7200 1.6200 2.1800 0.3800 -0.4022 -0.2744 8.98 -0.88 3.83 99 181 183 194 170 
9.41 -0.23 6.13 -0.0400 1.0200 2.4400 -1.2044 0.0844 -0.1167 9.00 -1.45 3.60 101 183 185 199 177 
9.38 0.27 3.06 0.4700 2.0500 -0.7600 -1.1389 0.3178 -0.2911 8.92 -1.97 3.54 101 185 189 201 176 
10.00 -2.57 0.00 1.6300 -1.0200 -4.7000 -1.5611 0.2500 -0.4922 8.81 -1.92 3.83 102 182 185 201 177 
7.19 -4.95 1.85 -2.2500 -3.2500 -1.4200 0.4911 -0.8889 -0.3944 9.01 -1.40 3.59 102 185 190 202 173 
9.55 -2.23 7.10 -1.7200 -1.8600 3.2300 -0.4300 -0.7633 0.2200 9.22 -1.40 2.99 105 192 197 202 187 
7.24 -5.54 2.63 -2.3900 -3.1100 -1.0600 1.6933 -0.5800 1.5856 8.97 -2.72 2.84 149 228 236 249 201 
5.63 -2.71 -0.40 -3.3600 -0.3100 -3.0900 1.7167 -2.0322 -1.2256 9.54 -1.41 1.72 184 188 178 195 177 
10.11 3.67 -2.61 0.1200 2.2400 -2.3100 0.4556 -1.6067 -1.9656 9.64 1.39 -1.10 190 179 180 192 173 
15.24 4.74 -0.78 5.4600 1.7700 0.6300 -0.0622 -0.0756 -0.2867 9.30 2.58 -1.68 190 180 184 194 173 
;
