2.21 0.37 9.46 0.0100 -0.1100 -0.0800 -0.0178 -0.0067 0.0111 2.20 0.46 9.54 172 353 354 356 213 
2.21 0.32 9.49 0.0100 -0.1400 -0.1200 0.0011 0.0289 0.0100 2.18 0.46 9.54 172 353 350 361 213 
2.17 0.28 9.40 0.1100 -0.1000 -0.0300 -0.2311 0.2800 0.0433 1.95 0.30 9.60 169 348 344 359 212 
4.26 0.05 12.14 4.6700 -0.7700 1.8700 0.5356 -1.3511 2.0000 4.10 0.74 8.87 105 231 282 324 214 
3.92 -0.99 4.49 2.3100 1.1000 -5.5100 1.1022 0.4478 4.8700 2.35 -1.25 9.43 93 152 177 185 188 
1.06 3.61 9.85 0.2800 3.9400 -0.0800 0.3744 1.5067 2.6878 -0.69 -0.25 9.77 91 153 169 176 168 
-7.95 1.27 8.31 -7.0000 1.5400 -1.4900 0.1022 -0.0678 -1.0656 -0.84 -0.39 9.76 95 155 172 170 169 
0.65 2.87 10.36 1.4200 2.5200 0.4000 1.0378 0.3178 -2.1811 -1.01 0.53 9.73 97 154 173 179 172 
2.92 0.00 10.47 4.5300 -1.5900 0.6000 0.4300 0.2644 -0.7822 -1.36 1.35 9.61 96 158 172 180 175 
-1.20 0.16 9.55 -1.0500 -1.3300 -0.5100 -0.1622 -0.5200 1.4467 -0.84 1.42 9.66 99 161 174 184 176 
-3.06 1.23 10.30 -2.0300 -0.1200 1.4100 -0.4389 -0.3867 -0.0856 -0.42 1.13 9.73 115 194 218 236 200 
-2.16 -1.00 8.85 1.6500 -2.3800 -0.1600 -0.3456 3.0244 -0.7322 -3.47 0.93 9.12 165 189 185 216 194 
-2.90 0.79 6.91 2.5600 0.2600 -0.7800 -0.9000 3.4122 1.3344 -7.45 0.84 6.31 182 151 145 176 160 
-9.11 3.84 6.21 -3.2700 2.0300 1.8700 -0.4911 0.4467 0.8167 -8.31 2.12 4.75 186 152 151 176 159 
-8.86 3.04 4.71 -1.4000 0.8100 -0.0800 -0.0967 -0.3622 -0.4744 -8.27 1.71 4.97 189 161 165 183 167 
-8.22 1.02 3.96 -0.9600 0.5300 -2.6300 1.2044 -3.8311 -2.8922 -5.65 0.06 8.01 180 292 269 293 203 
-1.50 0.18 6.75 1.5800 0.5100 -1.9100 0.2367 -1.9944 -2.4422 -1.75 -0.21 9.64 181 357 304 358 202 
1.26 -0.39 10.76 1.8000 -0.3100 0.8500 1.4122 -1.0567 -1.3333 0.24 0.93 9.75 180 375 341 385 207 
;
-0.79 1.54 11.49 -0.7300 -0.7800 -2.5300 0.0667 -0.2456 0.0944 0.51 1.42 9.68 175 374 346 390 210 
0.57 1.35 9.62 0.1000 -0.0500 0.2200 -0.0678 -0.0367 -0.0078 0.49 1.40 9.69 177 373 347 390 210 
1.50 1.14 13.45 2.1900 -0.3000 4.8300 -0.0300 -3.3967 1.0589 2.66 1.37 9.33 122 275 318 336 210 
3.19 -0.88 4.32 0.7500 0.3200 -5.6800 0.8300 0.3111 4.3856 1.52 -1.08 9.62 94 172 196 203 208 
-1.98 3.02 8.59 -2.3200 2.4900 -1.4300 1.4267 1.4178 2.6656 -0.97 1.15 9.68 91 163 167 174 192 
-5.43 2.96 9.54 -3.7500 1.0800 0.1500 -0.2178 -0.2300 0.0022 -1.06 1.68 9.60 93 159 166 175 188 
-2.20 4.69 8.91 -0.6500 3.3500 -0.5900 0.1544 -0.6356 -1.7456 -0.94 1.32 9.67 93 162 174 179 190 
1.35 2.65 9.19 2.4000 0.8300 -0.3000 0.3611 -0.0922 -2.0667 -1.04 1.40 9.64 93 160 168 182 189 
2.74 -0.62 10.46 3.6800 -2.4300 1.1500 0.0044 0.0289 -0.1889 -1.24 1.68 9.58 94 165 170 180 191 
-5.95 1.09 10.11 -4.9700 -0.5800 0.4200 0.1944 0.0078 0.0233 -0.23 2.07 9.58 94 166 182 185 192 
-1.06 1.82 12.38 -0.4600 -0.5500 2.7800 -0.5544 2.4511 -0.8056 -1.60 1.44 9.56 162 246 239 240 204 
-3.19 -1.50 8.38 2.3300 -0.9200 -0.4900 -1.2022 3.5056 0.1522 -6.43 -0.35 7.38 181 189 180 192 190 
-5.11 -0.19 4.12 3.3100 0.4000 -1.2100 -0.6233 1.4678 1.9011 -8.38 0.65 5.04 183 166 159 177 178 
-12.04 4.49 5.92 -6.2000 3.2200 3.0300 -0.4511 -0.3089 0.2389 -8.26 2.16 4.81 185 162 162 174 173 
-9.15 2.19 5.57 -1.3600 0.3000 0.6600 0.1156 -0.6178 -0.2578 -7.96 1.89 5.40 187 174 169 181 178 
-8.48 1.61 4.18 -1.4400 0.7300 -2.6800 0.4867 -5.6511 -2.9189 -3.96 0.28 8.96 180 263 244 264 204 
-0.42 -0.47 7.21 0.0300 -0.1900 -2.4200 0.5978 -1.8822 -2.6822 -0.24 0.08 9.80 181 345 313 345 205 
0.85 -0.19 9.91 0.1400 -0.4400 0.3600 2.1678 0.3744 -1.6422 -0.20 1.62 9.66 184 386 344 378 210 
;
