1.05 4.93 8.30 0.0700 -0.0200 -0.1000 -0.0033 0.0022 0.0078 1.00 4.96 8.39 172 332 340 377 210 
1.69 5.26 9.56 0.1100 0.5700 1.8400 0.7789 -1.2844 0.5289 1.99 5.20 8.06 130 287 325 380 213 
6.23 2.43 6.74 2.8300 1.1400 -0.6700 0.7689 -3.1822 4.1356 6.35 3.07 6.80 98 178 188 233 202 
5.86 1.22 4.29 0.8500 1.0000 -2.2300 1.8133 -2.8089 2.0967 9.08 0.72 3.62 91 175 171 187 147 
8.14 3.12 -0.28 -1.2500 3.5600 -2.3200 2.6300 -0.0211 1.0133 9.47 -0.30 2.52 97 177 176 193 154 
7.56 2.37 3.56 -1.6800 2.5100 1.1600 1.4578 0.1022 0.0622 9.43 -0.01 2.68 98 181 172 187 142 
8.85 2.98 4.38 -0.1400 3.6800 1.2300 -1.9522 -0.4522 0.1644 9.56 -0.68 2.06 98 183 179 195 151 
10.97 1.00 -1.08 0.9700 1.7200 -2.4000 -2.1700 0.2422 0.2556 9.54 -1.59 1.61 99 183 177 197 151 
8.79 -4.89 -3.18 -0.7100 -2.8100 -4.3300 -0.8189 0.7744 -0.2433 9.33 -1.92 2.31 101 186 179 197 153 
9.37 -2.38 3.67 -0.7600 -0.1300 2.9800 -0.0033 0.3178 -0.1533 9.24 -1.39 2.95 101 183 173 190 149 
9.53 -2.06 3.45 0.3300 -0.3000 1.2500 0.2800 0.3844 0.1744 9.08 -1.31 3.46 108 201 201 218 180 
11.85 -3.59 4.64 1.9200 -2.3300 0.7700 2.8400 0.7400 -1.4922 8.69 0.97 4.43 165 303 185 189 196 
11.53 0.23 2.60 2.6800 -0.7600 -2.7600 1.2200 -0.3333 0.9633 8.95 1.29 3.78 168 349 159 179 160 
7.77 2.67 0.32 -1.2100 1.3000 -2.9000 1.8500 1.0622 -0.4611 8.78 2.28 3.71 159 377 166 181 160 
5.11 5.95 4.25 -3.3700 2.9100 0.2500 -0.2722 0.3922 -0.0778 8.25 2.85 4.46 158 378 169 181 160 
8.80 5.15 4.04 1.0500 2.9200 -0.3700 -3.1722 1.0000 -1.9033 7.73 2.49 5.48 159 372 178 183 161 
8.12 1.39 2.71 1.8200 -1.1300 -3.8800 -2.7833 -0.2333 -1.9678 6.91 1.83 6.71 161 388 177 185 159 
6.32 -3.36 5.92 -0.4000 -3.4700 -0.4400 -0.4567 0.5478 -0.5733 5.98 0.71 7.73 161 401 177 182 157 
5.31 -1.83 8.97 -0.4300 -1.4800 -0.0200 -0.5078 0.0356 0.1911 5.79 -0.23 7.90 163 391 178 183 161 
3.50 -2.31 7.53 -2.0500 -2.4600 -0.2400 0.9600 -1.6689 1.1178 6.44 -0.63 7.36 163 362 180 186 169 
8.64 -2.71 5.48 1.8900 -2.3100 -1.2800 1.8678 -1.3878 2.2678 7.54 -0.96 6.19 164 300 179 187 170 
10.69 0.04 3.59 2.9700 0.2200 -2.2500 2.4789 -1.1689 0.7078 8.43 0.49 4.97 165 295 178 189 171 
8.55 3.59 1.34 0.2600 3.5400 -2.3400 1.5467 0.6300 -0.5078 8.48 2.20 4.39 166 342 179 188 169 
7.33 5.85 4.85 -0.1200 3.8300 0.6500 -1.6933 0.5678 -1.1222 7.91 2.56 5.19 166 351 180 191 168 
8.47 4.44 3.77 0.2600 2.3400 -2.6900 -3.5389 -0.0456 -2.5378 7.16 1.80 6.44 164 353 183 191 165 
7.43 0.18 4.17 1.1800 -1.3700 -3.0500 -3.4578 0.4267 -0.8767 6.45 -0.13 7.37 163 391 186 189 163 
6.26 -2.80 7.86 -0.8900 -3.2900 1.8400 -1.0167 0.1667 -0.1278 6.30 -1.38 7.37 158 391 186 191 164 
6.80 -3.39 7.69 -0.2000 -1.2200 -0.0900 -0.2144 -0.2922 0.1789 6.40 -2.41 7.01 158 384 185 191 163 
;
