2.83 4.77 8.16 -0.2900 -0.2400 -0.0100 1.0456 -0.4100 -0.0444 3.00 5.26 7.71 172 352 359 396 214 
12.62 7.24 6.45 5.3700 -2.0700 -0.7100 -2.0433 -1.8278 3.2467 7.98 4.29 3.73 128 242 260 321 217 
7.90 1.43 0.36 -2.3800 0.5100 -2.8200 2.1733 -2.0556 2.4811 9.63 0.33 1.80 96 175 174 188 176 
9.54 2.96 -3.33 -0.8100 3.8400 -2.6300 3.7078 -0.5322 0.5478 9.72 -1.13 -0.58 97 182 176 196 177 
8.43 3.55 2.65 -0.9900 4.5700 3.5300 1.8700 0.6644 -0.3189 9.72 -1.15 0.44 99 186 178 202 166 
9.34 2.84 2.55 -0.1900 3.9900 1.4600 -2.2144 -0.0589 0.3133 9.68 -1.47 0.31 101 189 181 204 174 
9.83 -0.34 -3.20 0.4600 0.6900 -3.2700 -2.3711 -0.4433 0.0811 9.65 -1.56 -0.67 101 188 181 206 176 
10.16 -2.72 -2.58 -0.0300 -1.8000 -2.1000 -0.6967 0.2622 -0.5611 9.75 -0.86 -0.54 102 190 180 207 175 
11.31 -0.62 0.11 -0.8900 1.5200 5.2900 1.1400 0.2467 -0.2756 9.77 -0.47 -0.55 103 191 181 201 158 
10.04 -0.51 0.21 0.3800 0.1700 1.0200 -0.5422 -0.5767 1.0489 9.67 -1.12 -1.09 114 202 195 215 180 
6.10 -4.04 -3.65 -0.7400 -0.7200 -0.5200 0.6489 -3.0289 2.6911 6.11 -5.32 -5.51 170 283 296 375 212 
3.35 -3.97 -5.39 -0.9800 1.9700 1.4700 -1.8644 -1.6000 0.4278 3.51 -5.32 -7.45 188 274 304 373 219 
3.42 -2.34 -10.12 1.5300 0.4300 -2.8800 -1.7778 -0.3222 -0.1600 1.82 -2.26 -9.36 195 274 294 372 221 
3.11 -2.16 -11.00 1.0800 -0.5400 -1.2300 0.0933 0.1844 -0.0644 1.95 -1.64 -9.46 194 277 292 378 222 
2.32 -1.45 -8.60 0.1200 0.3600 0.8300 0.0733 0.0478 -0.0144 2.18 -1.78 -9.39 195 279 295 375 222 
2.90 -1.58 -9.11 0.7600 0.1400 0.2600 -0.0456 0.1133 0.0000 2.34 -1.73 -9.36 193 267 281 347 218 
5.05 -1.53 -10.24 2.7400 -0.0600 -0.9000 -1.2556 3.9489 -0.7556 6.10 -0.38 -7.66 171 204 228 264 203 
15.74 0.25 -6.25 3.9600 -0.1800 -6.2400 -1.9700 12.1889 2.2967 7.84 -1.58 5.66 180 150 164 189 156 
-0.25 -1.41 3.30 0.3300 3.8100 -6.0400 -1.0144 4.9333 4.5789 -4.28 -4.21 7.74 188 156 167 190 159 
-6.41 2.20 1.79 0.7900 3.7300 -4.1200 1.2711 1.7889 3.7822 -7.93 0.72 5.71 193 159 171 193 160 
-12.72 4.40 7.47 -4.1400 1.6100 2.1700 0.4011 -0.5156 -1.0933 -8.29 2.12 4.78 194 158 173 197 161 
-8.36 2.47 5.19 -0.0400 0.4900 0.3600 0.3067 -0.0567 -0.0222 -8.31 2.05 4.78 193 161 172 199 161 
-7.29 2.07 4.98 0.6500 0.0000 0.0800 0.0922 0.0089 -0.0444 -8.26 2.13 4.82 194 162 174 200 163 
;
