0.43 0.95 9.73 0.0200 -0.0200 0.0200 -0.0011 0.0022 -0.0044 0.38 0.98 9.75 206 402 367 364 221 
0.41 0.93 9.72 0.0500 -0.0300 0.0000 0.0022 0.0500 -0.0300 0.35 0.98 9.75 206 405 367 364 222 
0.32 0.91 9.77 -0.0200 -0.0100 0.0500 0.0400 -0.0244 -0.0044 0.35 1.01 9.74 184 395 364 359 221 
6.32 -0.65 12.09 -0.6600 -5.1600 0.6000 -1.7089 -3.7722 2.7944 5.47 -1.42 8.01 142 241 233 262 221 
5.42 -2.92 3.15 -1.0400 -0.6500 -3.4800 2.5633 -4.9367 1.2344 9.16 -1.86 2.94 106 177 174 191 157 
8.14 2.05 -0.54 -1.5700 3.6400 -3.0100 2.9600 -1.7278 0.7633 9.41 -2.11 1.77 106 185 177 198 160 
8.68 3.03 12.45 -1.0900 5.7600 14.0200 -0.6478 0.4500 0.2078 9.36 -2.22 1.85 110 188 181 198 154 
11.45 1.34 0.61 1.8200 3.9200 -1.6900 -2.9811 0.2622 0.0189 9.31 -2.82 1.21 110 189 183 200 155 
8.80 -4.21 -3.30 -0.6700 -1.6400 -4.6700 -1.2911 0.4322 -0.4811 9.36 -2.76 0.88 113 191 183 201 156 
10.57 -3.87 -1.94 1.5100 -1.3200 -3.4900 1.3422 -0.3411 0.0022 9.50 -2.16 1.06 113 190 181 190 130 
8.43 0.62 8.35 -1.5300 1.0400 3.2800 -2.3511 -0.2589 0.1489 9.45 -2.55 0.45 116 198 192 203 166 
6.04 -1.63 -6.74 -1.7600 -0.5500 -4.6100 1.6233 -4.7933 1.2356 7.24 -3.79 -5.41 176 260 268 302 211 
2.08 -2.85 -7.94 -0.3900 1.3700 0.0800 -3.6489 -3.6611 0.0733 3.20 -1.66 -9.11 201 269 259 337 227 
3.87 -1.50 -12.95 2.3500 -1.2700 -3.5100 -0.0011 -0.2922 -0.5633 1.66 0.08 -9.66 203 282 274 355 230 
5.73 -2.74 -14.34 3.6100 -1.3700 -4.7500 2.7289 1.7256 0.5289 2.83 -2.75 -8.97 204 293 281 369 232 
2.46 -4.20 -9.30 -2.8500 1.3100 -0.8800 4.9789 2.5522 0.5567 5.32 -7.18 -4.03 214 392 339 397 231 
1.83 -1.91 0.66 -3.2000 6.1300 1.1100 0.2967 1.3544 -0.5167 5.78 -7.92 -0.02 216 402 354 393 230 
6.45 -3.47 0.50 -0.9800 2.9200 -3.1500 -4.7744 8.2233 -2.2444 6.98 -6.42 2.48 200 384 204 214 174 
6.96 -6.48 0.98 1.3000 -1.5500 -5.8000 -2.5511 9.8622 -1.3711 1.07 -7.02 6.75 200 404 187 207 167 
-0.71 -6.78 8.54 -0.8300 -1.1700 -0.4800 1.4633 1.8656 0.0467 -1.59 -5.51 7.94 202 413 195 217 169 
-1.42 -7.39 12.74 0.8100 -2.6900 4.7100 -0.1411 -0.4167 1.3467 -2.38 -4.40 8.42 200 412 196 216 169 
-5.33 -7.97 10.06 -3.6100 -1.6800 1.4800 -3.1367 -0.6600 0.1533 -2.03 -6.99 6.56 201 416 196 220 169 
-4.42 -6.28 3.17 -3.1000 2.7800 -1.3600 -2.0911 0.8911 -1.7089 -0.42 -9.24 3.25 204 415 198 219 171 
-0.19 -3.13 1.70 -0.6600 6.2600 -0.3500 0.9511 1.6344 -1.5733 1.55 -8.97 3.63 204 415 198 221 171 
2.48 -3.72 6.83 2.3000 3.0400 0.6400 1.6133 1.7233 0.7300 0.62 -7.57 6.19 204 413 203 223 173 
2.66 -7.13 8.64 4.0700 -1.9900 1.7600 2.5711 -0.4211 2.2456 -1.41 -4.66 8.51 202 415 204 226 174 
-2.78 -6.45 12.85 -1.4900 -3.4700 3.1600 -1.3089 -1.3011 1.7789 -1.34 -3.93 8.88 204 417 206 225 173 
-4.52 -2.37 9.04 -4.4100 2.5300 -0.3500 -0.9489 -0.7022 -0.1022 -0.20 -5.32 8.23 203 414 205 227 173 
-1.30 -2.88 5.81 -0.7900 2.7800 -2.0800 0.9033 -0.5778 0.4756 0.04 -5.04 8.40 200 383 215 240 184 
;
