2.20 0.03 9.49 0.0600 -0.0900 -0.1200 0.0111 0.0022 -0.0033 2.15 0.18 9.56 183 364 355 358 214 
2.18 0.06 9.41 0.0200 -0.0900 -0.1200 0.0022 0.0033 -0.0011 2.14 0.18 9.56 179 366 353 357 215 
-0.43 -0.81 12.15 -2.0500 -0.5500 2.4900 -1.6711 -3.5489 1.3233 3.92 -1.17 8.90 113 221 259 300 214 
8.86 -3.00 4.98 3.2500 0.3300 -4.1200 1.3367 1.5189 2.9100 3.95 -3.04 8.44 89 160 175 192 205 
5.04 0.42 7.76 2.6900 3.7700 -0.9600 1.5156 1.6067 3.1100 1.19 -1.71 9.58 89 156 170 175 192 
-8.50 1.67 9.85 -9.8500 2.7100 0.5100 0.1422 -0.0511 -0.1678 0.40 -1.09 9.73 88 155 167 173 190 
1.15 2.23 9.90 1.3200 2.6400 0.3500 0.7433 0.1922 -2.0989 0.52 -0.30 9.78 91 158 172 176 190 
3.86 -0.77 10.01 3.8000 -1.5500 0.6400 0.5100 0.3311 -1.0589 -0.03 0.77 9.77 92 162 175 180 192 
3.03 -0.49 9.49 2.8900 -0.8800 -0.1400 -0.6500 0.6456 1.6133 -0.74 0.42 9.76 93 160 180 179 191 
-7.98 -0.03 10.68 -7.1700 -0.5900 0.5600 -1.4111 -0.8867 -0.8400 -0.34 -0.98 9.75 138 224 240 253 207 
3.83 -1.34 7.14 0.7900 -0.1400 -2.7800 -1.9644 -6.2656 -0.0589 6.05 -2.26 7.37 165 285 297 304 212 
6.53 -3.64 -3.75 0.1900 1.8700 -1.0400 -0.9178 -8.1700 1.7367 6.89 -4.86 -4.99 175 253 280 328 219 
4.60 -3.03 -10.15 1.8400 -0.7100 -3.0100 -1.1089 -1.4044 -0.1844 2.11 -2.87 -9.13 186 272 263 325 223 
3.17 -3.27 -10.76 1.2900 -0.6300 -1.4400 0.0656 0.4778 -0.0344 2.20 -2.59 -9.19 182 274 270 311 221 
9.72 -1.03 -5.62 2.1500 1.0600 0.4200 -1.8333 11.1089 1.2467 8.95 -2.61 -3.00 167 287 293 311 215 
3.75 -3.56 1.82 -3.2500 -1.1100 -2.7200 1.9800 7.9233 -1.0489 3.28 -1.57 9.10 175 324 316 343 210 
-0.35 -0.11 8.10 -1.8100 -0.4100 -1.4500 3.0278 -0.1300 -0.3056 1.25 0.93 9.68 180 367 333 368 215 
;
0.26 0.32 9.98 -0.5600 -0.2700 0.0900 -0.0022 -0.0344 0.0489 1.53 0.69 9.66 179 365 332 367 214 
0.80 0.32 9.57 -0.5800 -0.2100 0.0000 -0.1044 -0.0033 0.0011 1.26 0.48 9.71 180 364 329 363 214 
3.34 0.39 11.03 2.8900 1.3200 3.8400 -1.5344 -2.2478 1.4200 2.62 -0.71 9.42 124 260 305 330 216 
3.62 -3.27 3.48 0.7600 1.5000 -4.3900 1.7722 0.2744 3.7811 2.67 -3.11 8.90 102 162 182 199 211 
-0.32 1.42 9.96 -1.6200 2.8900 0.0200 0.8011 0.3844 2.2733 0.40 -1.53 9.67 101 161 179 183 206 
-6.09 0.87 10.23 -5.5400 2.1600 0.8500 -0.0600 -0.7233 -0.7822 0.91 -1.23 9.68 102 163 178 184 203 
0.96 1.41 9.41 0.0100 2.7700 -0.6200 -0.0144 0.3911 -1.9200 1.26 -1.28 9.63 103 165 178 184 201 
4.11 -0.67 10.67 3.0900 -0.6100 -0.2700 0.7911 0.5389 -0.9033 0.74 -0.04 9.77 103 161 181 185 202 
2.55 -1.58 8.12 1.7800 -1.7800 -1.1000 0.2711 0.2478 0.9733 0.61 0.44 9.77 102 161 182 188 202 
-2.81 0.34 10.50 -2.8100 0.0500 0.7800 -1.1800 -2.2056 -0.9000 1.83 -0.18 9.63 125 224 234 253 210 
9.07 -1.29 7.81 2.3200 -0.7900 0.7500 -1.2700 -5.5589 0.6467 8.42 -1.13 4.88 165 283 292 307 215 
8.65 -2.50 -3.26 -0.4400 1.5900 -0.3700 -0.1433 -6.3833 2.4278 7.17 -4.39 -5.03 173 252 277 349 220 
3.53 -2.85 -5.92 -0.0800 2.3800 0.7300 -1.7522 -2.8300 0.5789 2.64 -4.15 -8.47 177 269 260 342 225 
4.98 -4.25 -10.71 2.8100 -0.5500 -1.4500 0.1622 0.2967 -0.1078 2.06 -3.82 -8.79 180 272 263 345 225 
5.61 -3.37 -6.72 2.3000 0.9100 2.7700 -0.6667 5.5444 0.0911 6.42 -3.66 -6.44 169 288 292 322 219 
;
