0.79 5.29 8.17 0.0700 0.0000 -0.0500 -0.0122 0.0022 -0.0011 0.68 5.32 8.20 177 358 348 371 214 
0.08 5.43 8.79 -1.3400 0.3600 1.6100 0.4922 -2.5078 0.8644 1.91 5.47 7.90 126 292 323 372 212 
13.48 3.35 7.09 5.2100 -0.0700 -0.8200 0.0244 -2.2244 4.4267 7.70 2.09 5.69 116 212 235 259 210 
6.63 1.87 2.27 -0.9100 2.2600 -2.9500 3.4900 -0.7156 2.6567 8.97 -0.67 3.88 100 162 182 197 170 
6.55 2.89 2.60 -1.7500 3.8200 -1.4700 2.2767 -0.1800 0.9056 8.86 -0.74 4.13 99 164 171 193 168 
8.28 2.81 10.53 -0.7300 3.1700 5.4700 -1.3389 0.1033 -0.4778 8.80 -0.51 4.28 102 169 181 197 171 
9.84 2.38 3.30 0.7300 2.6000 -1.2300 -1.6222 -0.5433 -0.4467 9.09 -0.79 3.59 103 171 184 200 173 
9.95 -1.58 -0.42 0.0300 -1.0200 -3.7100 -0.6944 0.6422 -0.2489 8.99 -1.09 3.73 102 172 181 198 172 
8.53 -2.96 1.25 0.7100 -1.8500 -1.9100 0.5422 -0.0822 -0.0400 9.03 -0.88 3.70 104 174 175 190 167 
8.78 -1.55 3.69 0.0700 -0.5200 -1.0000 -0.2622 0.1611 -0.0044 9.00 -1.19 3.70 103 172 179 195 172 
10.07 0.43 7.87 1.4200 2.2600 3.6500 -1.4033 1.8444 1.2278 7.85 -2.54 5.29 141 230 243 257 200 
8.68 -4.10 7.24 3.6600 1.4500 0.4200 -4.5356 3.0589 1.7267 3.59 -7.12 5.70 168 304 306 337 206 
0.09 -6.67 0.91 -1.0000 1.4700 -2.9000 -2.2178 1.0400 0.4089 1.56 -9.44 2.11 176 386 340 385 210 
2.63 -8.87 -4.85 1.2500 0.8600 -7.6800 5.1756 -0.5144 -0.2344 2.07 -8.22 4.91 181 389 347 391 211 
0.96 4.95 19.81 -1.0700 7.1200 11.6400 1.3456 -1.3711 0.1522 2.57 -2.08 9.22 185 379 347 385 214 
4.53 -2.45 7.98 0.4500 2.4800 -0.6800 -5.3989 0.2300 0.8000 2.77 -7.46 5.71 186 375 350 388 212 
0.32 -9.89 -4.18 -1.6300 -1.4000 -8.2700 0.3867 -0.0944 -0.0567 2.32 -8.95 3.25 185 371 351 392 211 
4.16 1.39 3.52 0.9400 7.9900 -2.1900 7.6567 0.3789 -1.2611 3.42 -2.37 8.87 187 361 340 382 212 
5.52 3.18 16.87 1.8500 2.7400 5.7100 -2.6644 -2.3256 0.7433 5.16 -2.11 8.06 176 286 212 219 200 
6.86 -4.56 3.99 0.8800 1.5000 0.1300 -1.9900 -3.9678 3.6756 5.66 -7.43 2.96 174 279 157 175 149 
1.29 -5.19 3.70 -2.3500 4.2700 1.2900 1.7389 -2.7489 2.1244 3.00 -9.07 2.20 174 299 155 178 148 
4.04 -9.94 0.86 1.5800 -1.2300 -1.2300 -0.4278 -0.4644 -0.1222 3.15 -9.15 1.56 169 299 158 180 147 
5.93 -11.86 0.14 1.6700 -2.5000 -1.8800 1.7589 0.8433 -0.3422 3.28 -8.68 3.15 168 304 159 182 150 
3.79 -7.30 2.18 0.4100 1.0600 -2.9400 2.5867 1.5422 -0.7389 3.00 -6.61 6.59 166 309 162 184 153 
1.08 -2.39 5.30 -1.5400 1.6900 -2.7100 2.5844 1.7489 -1.4878 1.76 -2.74 9.24 163 313 167 186 154 
-3.02 4.09 11.37 -3.9500 4.6900 1.8800 0.6711 0.5456 -0.6311 0.50 -0.33 9.78 164 316 168 186 155 
-0.66 2.01 11.34 -1.2400 2.7900 1.3500 -1.5433 -0.8278 0.5056 1.11 -2.03 9.52 163 312 169 186 154 
;
