4.44 3.95 8.02 -0.5400 0.5200 0.2700 0.0144 0.0622 0.0167 4.87 3.45 7.77 185 338 351 359 215 
4.05 4.06 8.02 -0.5600 0.4900 0.1800 -0.0200 -0.0133 -0.0233 4.69 3.56 7.84 183 337 354 359 216 
2.44 4.26 10.45 -1.2300 0.4600 3.9800 0.7611 -4.2289 1.5456 6.65 3.45 6.32 147 279 318 375 215 
8.97 -0.70 -2.64 -1.3000 -1.6500 -3.3600 1.3422 -3.8344 1.6667 9.72 -0.33 1.22 98 169 164 187 170 
7.57 2.00 -4.86 -0.8700 4.2900 -3.6500 3.6067 -0.4911 0.4100 9.61 -1.68 -0.92 100 174 173 194 176 
9.39 2.12 1.01 -0.4500 4.0400 2.6700 2.3722 0.5678 -0.2800 9.63 -1.81 -0.06 100 179 175 196 179 
9.77 2.29 2.52 0.8300 4.8300 1.8600 -1.8422 -0.2933 0.4800 9.51 -2.34 -0.32 103 180 181 202 180 
9.22 -0.42 -3.80 -0.5200 2.3100 -2.3100 -1.7356 -0.5167 0.6033 9.18 -2.93 -1.78 103 183 186 206 182 
8.27 -4.14 -5.42 -0.9100 -1.6800 -3.1600 -0.5889 0.3200 -0.2122 9.16 -2.80 -2.08 105 184 185 208 183 
9.20 -1.05 1.64 -0.4200 2.3700 7.1800 -0.2433 -1.3244 0.1944 9.28 -2.36 -2.07 104 185 180 197 178 
14.80 -0.19 0.68 6.2600 1.8800 0.4000 -0.5922 1.0422 2.1500 8.99 -3.60 -1.51 154 296 261 279 210 
7.72 -5.31 -1.78 -0.6400 0.4100 -0.7300 1.0511 -0.4167 3.6544 6.33 -7.46 0.53 168 319 163 190 166 
-0.76 -4.16 2.85 -4.0600 3.3700 0.4700 1.2344 -0.9578 1.4100 2.64 -9.38 1.07 165 308 172 187 166 
5.29 -11.36 -0.80 4.0700 -3.1200 -1.5700 0.6078 -0.0856 0.1644 2.10 -9.49 1.24 159 311 172 188 168 
5.85 -11.48 0.60 2.8500 -2.0100 -2.6900 2.0822 1.8556 -1.1167 2.39 -8.52 4.20 161 318 172 193 169 
3.08 -6.19 2.66 0.1100 1.4500 -3.2800 2.1533 2.5622 -1.3156 1.79 -6.19 7.38 165 329 178 193 172 
-1.82 -2.87 7.72 -3.4200 2.8900 -0.3500 1.4578 2.2156 -0.3133 -0.52 -3.90 8.98 164 328 181 195 172 
-3.31 0.98 11.44 -2.1600 3.8000 1.9400 -0.1922 -0.4178 0.1133 -0.70 -3.08 9.28 166 330 182 190 173 
-1.11 -0.27 9.86 -2.0700 2.4700 -0.7400 -2.5467 -1.1378 0.7856 0.24 -5.21 8.30 168 318 184 205 186 
-1.46 -4.49 4.20 -0.4400 2.2500 -3.4000 -2.5378 -2.1522 -0.7033 2.41 -7.75 5.49 172 302 197 216 194 
5.34 -8.45 0.03 3.2100 -0.2300 -2.2900 -2.3667 -3.4044 0.5678 3.61 -9.09 0.58 168 301 196 215 194 
6.99 -12.66 -4.15 5.1900 -2.1200 -1.5100 -0.2433 -1.3022 0.4789 2.44 -9.26 -2.10 173 302 197 214 193 
8.08 -11.56 -3.22 5.7900 -3.3300 -2.0300 0.9567 1.7978 0.2422 2.06 -9.51 -1.18 150 311 192 205 187 
4.56 -11.46 -1.20 1.3300 -1.6700 -3.5900 3.4544 2.3600 -0.7533 2.11 -8.61 4.19 162 319 193 206 185 
-0.21 -3.47 4.13 -2.1500 3.0400 -2.7700 2.6167 1.8733 -1.5822 1.36 -5.29 8.14 156 325 196 208 186 
-1.71 -1.53 6.45 -2.1100 2.1400 -2.1800 1.5056 0.8389 0.1733 0.02 -2.87 9.37 147 322 197 208 184 
-0.81 2.90 11.45 -0.9700 4.7300 1.8500 -0.2544 -0.7056 -0.1633 0.39 -2.38 9.50 149 325 198 209 187 
-1.89 0.67 9.81 -2.1600 4.0100 0.4900 -1.5167 -1.3933 0.6811 1.53 -3.96 8.83 149 323 199 209 187 
0.17 -3.10 5.39 -3.1600 2.9900 -2.2300 -2.4822 -2.7556 0.8144 3.39 -7.06 5.89 152 325 199 210 193 
;
