2.64 0.50 9.34 -0.1800 0.0000 -0.0400 0.0333 0.0100 -0.0067 2.79 0.50 9.38 172 362 343 379 215 
2.66 0.51 9.31 -0.1700 0.0000 -0.0200 0.0044 -0.0400 -0.0244 2.79 0.49 9.38 170 361 338 378 215 
2.68 0.48 9.34 -0.0600 -0.0300 -0.0600 0.0289 0.0178 -0.0156 2.77 0.51 9.39 161 359 342 379 214 
14.06 0.41 12.39 7.9400 1.4500 3.6000 -1.7711 0.9556 2.8056 3.97 -1.34 8.86 119 207 224 257 214 
5.05 0.10 3.98 2.4300 3.6000 -3.8600 1.9956 0.9267 4.1444 1.75 -2.13 9.40 106 163 173 203 213 
-4.18 2.26 9.24 -5.1100 3.4300 0.0400 0.4778 -0.0422 1.6311 0.00 -1.22 9.72 110 166 175 191 211 
-0.82 1.37 9.89 0.7400 3.5100 1.0300 -0.0278 0.6022 -2.6189 0.25 -1.43 9.69 112 171 183 209 211 
2.22 -0.94 8.79 1.9800 0.4000 -0.6900 0.0933 0.3867 -1.4478 0.33 -1.35 9.70 114 171 184 207 211 
4.01 -0.95 10.43 3.5100 0.0000 0.6300 -0.2122 0.4789 0.1078 -0.19 -1.15 9.73 113 173 185 214 211 
-6.92 -3.03 9.83 -7.9600 -1.5700 0.4500 -0.4767 -0.0478 -0.8500 0.29 -1.70 9.65 6 177 187 226 213 
2.57 -2.16 8.02 0.3500 -0.4300 -1.8200 -0.6889 -4.0689 -0.4356 4.98 -2.28 8.13 148 277 268 286 215 
10.54 -4.56 4.72 3.5200 -0.3600 -0.9000 0.2489 -4.5000 1.9822 8.30 -4.07 3.26 167 367 177 197 200 
9.68 -3.96 -0.58 1.7000 1.9400 -0.8200 2.0511 -2.2078 1.4122 7.61 -6.15 0.44 159 376 169 189 191 
6.57 -4.07 1.94 -0.9200 2.4100 2.6200 1.7433 -0.6056 0.2911 7.16 -6.50 1.61 156 370 178 195 195 
6.24 -6.01 1.32 -0.0800 0.3600 -0.4200 -2.0889 -0.9378 0.2200 7.09 -6.74 -0.58 154 378 181 196 194 
6.86 -7.58 -3.23 -0.0900 -0.4700 -1.4100 0.5911 0.0744 0.0989 6.80 -6.98 -1.00 158 382 185 199 194 
7.63 -6.50 -0.94 -0.1100 0.7900 0.4200 2.1444 0.7422 -0.1444 6.93 -6.81 1.31 153 365 187 203 195 
6.45 -4.00 3.90 1.1300 2.7200 2.0500 -4.4900 4.5811 -1.3656 7.28 -6.47 1.06 166 328 209 225 209 
5.06 -6.30 0.32 -2.6400 -1.0300 -5.3600 1.9478 8.2411 -2.8689 2.66 -4.03 8.53 169 351 301 329 209 
;
