3.34 4.23 8.09 0.0100 -0.0600 -0.0600 0.0044 -0.0067 -0.0178 3.32 4.29 8.16 176 362 366 419 228 
3.30 4.24 8.04 0.0000 -0.0400 -0.0400 0.0033 0.0089 0.0033 3.32 4.28 8.16 173 364 365 417 228 
5.69 5.62 12.00 3.0100 1.6300 4.2900 -0.7089 -3.3433 0.9900 5.04 3.94 7.42 172 256 225 308 235 
9.50 -0.49 -0.41 4.2700 -1.3900 -5.6000 2.4611 -7.5833 4.6444 8.99 0.19 3.89 175 164 156 181 208 
6.26 3.64 -0.76 -4.1900 4.1600 -3.5300 3.3167 -1.4233 0.9244 9.53 -0.84 2.12 179 171 162 186 198 
6.41 4.68 22.97 -1.6300 3.3500 13.3100 -1.5200 0.0311 -0.0544 9.51 -0.68 2.25 170 170 167 191 195 
8.55 1.58 1.04 -1.0800 2.7500 -1.7400 -2.5144 -0.1356 0.2344 9.39 -1.81 2.13 159 177 169 190 194 
8.29 -4.18 -1.97 -0.4200 -2.6900 -4.0700 -0.3611 -0.4544 0.1589 9.36 -2.44 1.59 159 173 174 193 196 
5.46 6.11 33.85 -3.4000 5.3600 23.8700 -0.5556 -0.1511 0.5822 9.21 -2.68 2.02 163 161 177 188 172 
9.50 -1.77 2.78 0.5600 0.6400 0.0300 -0.0689 -0.0911 -0.0367 9.09 -2.86 2.28 166 163 176 189 169 
12.14 -3.08 7.14 2.3300 -1.2500 4.8100 -0.1311 2.0467 -0.1433 8.72 -2.77 3.50 176 264 186 212 210 
9.56 -5.57 4.61 1.7600 -3.0400 -1.1700 1.2511 1.3478 0.9256 6.91 -2.64 6.43 147 245 183 202 197 
7.16 -1.07 3.32 0.8500 0.7300 -4.6900 2.1211 1.4556 0.1300 5.13 -1.03 8.28 138 234 187 200 196 
1.79 3.71 7.39 -2.6200 2.4400 -1.5600 1.0567 0.8533 -0.8767 3.30 1.59 9.09 150 210 174 200 195 
2.01 2.84 8.42 0.1400 1.2300 -0.5300 -0.0111 0.1744 -1.1711 2.13 2.21 9.31 147 206 164 204 193 
2.57 2.89 8.57 1.1200 0.4100 -1.1400 -0.2289 -0.4511 -1.3344 1.88 2.21 9.36 146 214 171 206 194 
2.99 2.14 8.50 0.5500 -0.1700 -1.0700 -0.4556 -0.1922 -0.7067 1.81 1.99 9.42 148 212 175 207 189 
1.57 -0.69 9.69 0.3300 -1.9900 0.4300 -0.0567 -0.1611 -0.5089 2.12 1.81 9.40 146 219 181 203 189 
1.58 1.04 9.25 -0.5300 -0.7200 -0.3400 0.1311 -0.0511 0.0578 2.07 1.83 9.40 150 217 179 203 191 
2.17 1.82 8.40 -0.3500 -0.3400 -1.5500 -0.6611 0.5356 0.4622 1.74 1.34 9.55 172 257 193 218 216 
-0.89 -1.16 4.75 -1.9900 -1.5900 -5.4500 -1.7267 -0.5044 0.6489 1.24 -1.00 9.67 180 305 248 320 223 
4.26 -3.29 6.66 0.1700 -2.6500 -2.0900 0.0567 -6.4367 0.7133 6.61 -1.38 7.10 177 304 275 337 223 
15.57 -2.79 7.64 7.3500 -1.7600 4.0300 0.3133 -0.9300 -0.4756 8.94 -1.23 3.81 174 222 202 253 216 
;
9.81 -0.37 4.10 -0.8700 1.6700 -1.1100 1.0711 -0.1022 0.8311 8.73 -1.73 4.11 175 220 197 236 214 
7.27 0.77 3.30 -0.7300 2.1800 -0.9400 0.2322 -0.1778 -0.1456 8.61 -1.34 4.48 180 228 202 247 215 
9.01 -2.24 4.96 0.3500 -1.5000 0.6600 -0.1067 -0.6189 -0.3911 8.91 -0.96 3.96 176 193 138 201 193 
10.65 0.79 -2.68 3.6900 1.8500 -5.0600 1.6267 -0.6500 0.1156 9.44 -1.43 2.19 172 174 175 198 185 
8.31 1.52 1.73 -2.3300 2.7300 0.0100 2.6022 1.7611 0.1022 9.13 -0.88 3.45 179 177 180 201 186 
9.57 1.82 2.82 0.5900 2.2900 -2.0600 -2.7056 -0.0578 -0.0567 9.00 -2.16 3.23 174 180 185 203 184 
9.35 -2.81 -1.14 0.4100 -0.9600 -4.5500 -0.5444 -0.0511 -0.2622 9.06 -2.44 2.81 171 181 181 205 184 
7.69 -1.63 24.11 9.0400 1.8100 7.4500 -1.1344 1.8078 0.2800 9.08 -2.13 3.00 177 185 181 210 180 
10.16 -4.34 6.33 2.4300 -1.7000 -0.0300 0.5178 2.1544 0.3289 7.51 -2.92 5.58 179 305 214 244 212 
7.61 -4.17 4.01 2.0000 -0.2800 -3.2700 0.6133 1.4978 1.1367 5.06 -3.03 7.83 169 271 178 202 182 
3.11 0.37 4.73 -0.3900 2.2800 -2.9900 2.2289 1.5122 -0.6244 3.93 0.10 8.98 140 234 187 205 180 
2.03 4.07 9.26 -1.0400 2.4900 0.2200 -0.0944 0.3500 -0.6478 3.04 1.43 9.21 139 218 178 205 181 
3.23 2.86 8.71 0.6100 1.6200 -0.6000 -0.4389 -0.1044 -1.2933 2.77 1.27 9.31 138 207 179 206 180 
4.04 0.96 8.08 1.6200 -0.0700 -1.4800 -0.8389 0.1689 -0.8544 2.59 0.68 9.43 144 202 175 210 185 
3.27 -0.80 9.25 0.7000 -1.1900 -0.2100 -0.8356 0.4878 0.9256 1.77 -0.55 9.62 141 211 171 209 184 
-0.86 -2.33 9.72 -1.7900 -0.6900 -0.7300 0.1211 -0.5722 0.0800 1.75 -0.84 9.61 144 215 178 208 185 
1.50 0.07 8.27 -0.4500 1.5700 -1.1000 -1.2478 -0.1811 0.1478 2.41 -1.69 9.35 176 257 185 220 198 
1.32 -2.53 5.11 -1.9500 -0.3000 -4.7200 -1.2856 -1.0156 -1.9456 3.69 -3.38 8.42 173 298 253 300 219 
8.89 -1.15 5.44 4.0100 1.9700 -1.3300 -0.1322 2.2211 -3.8933 4.83 -1.54 8.39 177 307 296 357 216 
;
