4.59 1.92 8.38 0.7900 -0.6000 -0.2400 -0.0067 -0.0667 0.0000 4.06 2.46 8.57 182 322 359 376 215 
4.51 1.92 8.42 0.4100 -0.4900 -0.1100 0.0233 -0.0444 -0.0278 4.19 2.37 8.54 149 303 336 373 214 
9.78 -2.49 9.73 4.6900 -4.5900 -0.9600 -0.5644 -3.8389 2.5156 8.33 -0.06 5.17 93 195 194 240 208 
9.77 -1.21 -3.08 -0.2700 0.1700 -5.8200 3.0656 -3.3556 1.1811 9.67 -1.31 0.91 90 181 177 199 161 
9.80 3.00 -1.66 -0.3500 4.0400 -1.1000 3.5533 -0.9744 0.1444 9.71 -1.36 -0.09 92 191 190 206 160 
10.95 4.84 11.27 1.2100 4.8900 8.6500 -1.0822 0.0144 0.2233 9.67 -1.57 -0.36 92 192 191 209 165 
10.81 1.42 -1.74 0.4600 2.5100 -1.5800 -2.3489 0.1333 0.4211 9.59 -1.85 -0.77 96 192 195 212 166 
9.35 -3.54 -5.23 -0.2400 -1.8600 -4.2000 -1.5544 0.2433 0.0944 9.51 -1.99 -1.28 96 192 192 212 167 
8.51 -5.43 -3.66 -0.4600 -3.2300 -1.6400 0.7833 -0.5478 -0.5189 9.53 -1.48 -1.76 95 195 192 209 160 
12.06 0.06 2.33 2.1300 1.0800 3.5000 -0.3678 0.4011 0.2322 9.43 -1.61 -2.12 97 195 195 210 167 
9.18 -1.32 -0.72 -0.4200 0.2000 1.3100 0.0167 -0.4889 -0.1100 9.46 -1.50 -2.06 97 198 197 213 166 
16.48 0.14 0.17 5.1800 0.8000 -0.1100 -0.7533 3.8467 1.2456 9.50 -2.30 0.67 162 296 229 230 191 
5.49 -5.23 0.20 -3.2400 -0.5200 0.9800 -1.6411 -3.3878 5.2922 6.58 -7.26 -0.10 169 281 169 181 158 
-0.51 -6.20 -0.21 -3.8900 1.4200 -0.7000 -0.0900 -1.5011 1.4233 3.30 -9.11 -1.48 141 300 176 181 153 
6.56 -13.73 -3.45 3.8200 -4.7600 -2.1300 1.1600 0.4356 -0.1000 2.90 -9.33 -0.72 147 305 175 185 153 
4.07 -10.80 -2.09 -0.1500 -1.1500 -3.9900 3.1567 2.0422 -0.7011 3.43 -8.35 3.81 146 311 177 185 156 
0.66 -4.62 3.17 -2.0300 1.9700 -3.5900 2.7133 2.4500 -1.5178 2.27 -4.87 8.20 151 326 176 184 159 
-5.10 -0.03 8.08 -6.9500 3.4500 0.1300 1.5867 0.5933 -0.1478 0.71 -2.33 9.49 149 327 179 188 158 
0.46 -1.03 9.90 0.0200 1.3400 0.3400 -0.4478 -0.2822 -0.2378 1.12 -2.66 9.37 154 326 178 187 159 
-0.98 -0.49 8.37 -2.9400 3.1000 -0.3300 -2.0367 -1.3178 0.6533 2.13 -4.60 8.39 167 289 179 186 162 
-1.42 -3.91 -1.47 -6.9600 2.9100 -6.9000 -3.5644 -3.5211 -1.1244 5.20 -8.15 1.58 168 213 195 219 189 
5.07 -11.03 -6.47 -1.4900 -2.3900 -3.9600 -1.9689 -5.9200 1.2822 4.49 -7.45 -4.52 187 254 287 380 215 
4.31 -9.15 -13.23 3.9400 -2.2500 -5.5400 -2.5922 -2.1811 0.0700 1.02 -4.13 -8.83 194 284 295 395 223 
1.49 -4.30 -8.73 0.7300 -0.0800 0.5700 0.0511 0.1800 -0.0033 1.14 -3.92 -8.91 197 284 300 394 223 
1.34 -4.25 -8.41 0.1400 -0.3800 0.3500 -0.0578 0.1233 0.0111 1.23 -3.90 -8.90 195 286 302 393 223 
;
