1.96 2.59 9.17 0.0000 -0.1600 -0.2100 -0.0944 -0.0733 0.0344 1.74 2.51 9.31 196 328 366 363 230 
2.77 2.41 9.43 0.7400 0.2600 0.0800 -0.0322 -0.0800 -0.0289 2.04 2.29 9.31 196 329 364 363 230 
0.31 2.74 11.00 -1.7300 0.7400 2.4100 2.0889 -2.6978 0.7522 4.05 3.27 8.30 197 307 333 355 231 
11.59 4.72 11.16 1.2300 2.4300 3.1300 -5.5011 2.2289 2.3889 4.73 -3.28 7.93 200 292 307 320 228 
0.95 -2.77 -1.46 0.7100 4.0400 -6.1800 -5.8067 4.2511 1.6822 -1.04 -9.47 2.28 203 295 306 313 228 
-2.35 -7.64 -4.11 -0.2200 1.4900 -2.3900 -3.5000 0.3778 0.3289 -2.10 -8.74 -3.90 203 293 304 307 228 
-2.99 -8.67 -8.40 -0.3400 2.7000 -0.2200 5.8822 0.1511 -2.3222 -0.49 -9.76 -0.77 201 303 306 316 229 
0.46 -8.75 1.40 0.8100 1.1000 2.0300 -4.0211 0.4644 1.0056 -1.06 -9.09 -3.51 203 295 296 312 229 
-3.44 -5.77 -10.65 -2.6200 2.6600 -4.9800 -0.5389 -0.2656 0.8544 -2.30 -7.20 -6.23 201 297 301 316 231 
7.09 -3.36 6.92 10.0600 6.4500 9.0000 1.9844 -1.9300 -0.9422 0.34 -9.80 -0.04 203 294 310 330 232 
-0.84 -15.79 -3.74 -1.3700 -3.7300 -5.6400 5.7978 -5.8344 -1.1156 1.96 -8.70 4.05 181 229 208 253 230 
5.12 -5.47 5.73 1.1300 0.4300 -0.8900 5.9056 -0.8222 0.9233 3.59 -1.64 8.97 163 214 182 215 191 
5.11 2.48 7.46 1.6400 1.2700 -0.6500 2.7633 0.0300 -0.6644 3.92 2.95 8.48 147 213 177 210 175 
2.75 6.54 5.28 -1.1100 2.2900 -2.3400 0.5322 0.8111 -0.2533 2.69 4.74 8.14 152 215 180 211 173 
1.07 6.47 8.28 -1.8700 1.6700 -0.4100 -0.8233 -0.5633 -1.5211 2.44 4.67 8.26 153 210 182 214 176 
3.09 6.12 7.27 0.9100 1.1000 -0.8400 -0.1256 -1.2578 -1.6222 2.16 5.11 8.07 150 215 176 216 178 
2.58 3.90 5.87 0.4300 -1.3200 -1.6800 0.7156 -1.9911 -1.7178 2.53 5.76 7.51 152 211 180 216 177 
3.18 4.35 10.35 0.2800 -1.3600 3.1900 0.0411 -0.3800 0.1667 2.98 5.98 7.17 148 210 184 218 175 
2.65 5.94 6.93 -0.3200 0.0800 -0.1100 -0.2656 0.7111 0.4933 2.82 5.85 7.34 157 211 182 217 177 
0.17 2.37 7.04 -2.4300 -1.3200 -2.2500 -3.1344 0.5600 3.7100 2.61 1.96 9.24 186 313 243 290 220 
3.93 -1.67 7.72 1.3000 -0.1900 -1.2400 -2.4211 1.1400 -0.4489 1.42 -2.79 9.29 187 312 295 324 221 
;
4.73 -0.85 6.63 1.8100 1.6300 -2.6200 2.5078 1.0244 -1.6489 2.67 -1.00 9.38 192 308 339 361 223 
3.57 5.73 14.76 1.4200 3.1400 4.8400 1.6533 0.6600 -1.3022 1.34 3.61 9.01 197 338 358 380 224 
3.83 5.64 11.52 1.6400 0.6400 2.7700 0.2967 -1.9267 0.8800 2.15 4.29 8.54 197 316 356 378 230 
9.53 7.50 10.96 2.9000 6.5600 2.0700 -8.5522 2.3533 3.0111 3.54 -4.49 7.96 197 279 296 305 222 
2.29 -2.91 -2.32 2.4900 5.3900 -5.8800 -6.9711 4.1822 1.7911 -1.87 -9.49 -1.56 198 288 306 314 224 
-4.31 -6.47 -10.88 -2.7200 2.7800 -4.8700 1.9956 -0.7389 -1.1356 -1.58 -8.98 -3.60 200 286 308 317 228 
7.12 -8.21 13.46 9.4400 1.9700 13.5400 -1.6033 -0.8667 -0.3611 0.44 -9.79 -0.20 200 286 306 311 226 
-2.21 -8.19 -5.85 -2.9000 1.5300 -3.1500 -2.5856 0.2933 2.1278 -2.30 -8.13 -4.97 200 290 312 320 228 
-7.51 -6.42 -10.57 -4.7000 3.1400 -3.5000 4.7344 -0.0356 -1.7711 -2.07 -9.16 -2.79 201 287 317 324 229 
10.39 -6.64 5.76 8.9200 2.8900 2.8900 -0.6344 -2.9633 -0.1556 0.37 -9.77 0.65 200 297 300 321 229 
3.53 -11.38 -0.04 2.7400 -0.6100 0.1200 4.7889 -0.6156 -0.8044 1.77 -8.37 4.78 193 298 271 299 232 
-0.22 -7.79 7.05 -1.4700 -1.7600 -1.2800 5.7089 -1.5889 1.3200 1.84 -2.65 9.26 181 257 188 207 190 
3.36 4.19 5.53 0.8400 3.0200 -3.9700 3.7100 -0.3389 -0.4489 2.47 3.59 8.78 150 223 180 197 168 
0.71 8.38 6.40 -1.4700 2.4800 -1.3300 0.1411 -0.4889 -0.8300 2.19 5.68 7.68 148 221 185 205 173 
3.12 8.48 6.86 0.3000 2.4300 -0.9700 -1.4678 -1.3022 -2.4878 2.97 5.48 7.56 145 221 191 207 175 
6.18 7.33 5.77 1.5200 1.5000 -2.0500 -1.3811 -1.4022 -1.5456 3.54 5.08 7.59 127 211 187 208 174 
5.59 2.24 9.06 1.1700 -1.7000 2.4400 -0.1156 -0.3222 -0.4989 3.92 4.54 7.75 147 219 196 210 173 
3.15 2.60 8.72 -1.0000 -1.6800 0.0200 -0.3667 0.1900 0.2289 3.80 3.92 8.14 150 212 196 211 177 
-1.05 1.24 6.03 -1.9200 -1.1800 -2.6200 -2.8944 2.0300 2.3100 0.77 0.07 9.77 174 245 215 234 203 
;
