3.30 4.83 7.83 0.0100 -0.1000 0.0300 0.0089 0.0000 -0.0089 3.26 4.95 7.80 178 354 360 391 213 
3.22 4.92 7.77 -0.0300 -0.0400 -0.0400 0.0133 0.0044 -0.0056 3.23 4.96 7.81 178 352 361 392 214 
3.26 4.89 7.81 0.0700 -0.1800 0.1100 0.3289 0.2900 -0.2600 2.94 5.21 7.76 177 359 361 396 215 
0.56 11.88 11.87 -2.4300 4.6900 3.7800 0.5911 -4.7089 1.7644 4.40 6.68 5.65 180 274 310 353 216 
12.02 7.30 3.39 2.9300 3.2600 0.7900 -1.2022 -0.4489 6.4278 9.18 0.19 3.42 183 256 303 334 213 
-3.28 -0.09 -5.03 -7.2700 6.0300 -9.9600 -8.2044 5.8133 4.1578 0.84 -9.47 2.40 182 272 292 337 214 
-1.00 -7.21 -7.51 -0.8600 1.8700 -5.5900 -1.9856 1.7389 0.4422 -0.72 -9.04 -3.71 185 279 282 341 217 
-1.40 -6.01 -2.45 -0.8700 2.5200 0.4700 4.4444 -0.6300 -0.6300 0.05 -9.60 1.97 184 283 301 337 215 
2.12 -8.83 3.31 1.9500 1.0500 1.6500 -3.5644 -0.0789 1.2622 -0.88 -9.72 -0.91 184 288 311 340 217 
-2.81 -7.03 -6.72 -0.7700 1.1100 -3.3000 -1.6989 0.0878 0.3289 -1.99 -8.38 -4.68 185 288 310 343 216 
-4.24 -6.97 -7.62 -2.6400 2.0700 -3.3400 5.0367 0.1200 -1.7411 -0.66 -9.76 -0.57 186 284 306 344 215 
2.61 -8.99 1.67 0.6700 0.5000 -0.8600 0.0533 -1.8967 0.5000 0.14 -9.74 1.04 185 269 293 306 214 
1.27 -10.29 -2.50 3.4400 -0.1900 -3.3400 3.1033 -0.3911 1.8011 -1.40 -8.66 4.36 185 188 161 194 146 
-0.32 -3.08 5.32 3.3400 4.2800 -0.8800 1.2167 2.7567 5.2789 -6.49 -4.20 6.02 188 171 162 180 135 
-7.14 1.28 4.47 0.9300 2.6000 -0.7300 1.2500 -0.0933 3.1500 -7.78 1.60 5.74 188 166 151 178 134 
-11.22 5.08 8.18 -3.2000 1.7500 1.7800 0.0211 -1.0744 -0.6044 -7.00 2.84 6.24 187 167 150 179 135 
-8.46 3.54 8.36 -0.9400 0.4500 1.5700 -0.1556 -0.2456 -0.1878 -6.86 2.95 6.35 189 168 168 182 137 
-6.15 2.11 5.49 0.2600 -0.6900 -0.7200 0.1722 -0.1189 -0.1844 -6.78 2.75 6.52 191 170 167 185 138 
-6.38 2.26 6.81 -0.0600 -0.5900 -0.1200 -0.1022 -0.3178 -0.3333 -6.56 2.43 6.86 190 177 169 187 141 
-6.54 1.95 7.19 -0.8700 -0.3200 0.3100 0.1756 -0.7811 -0.5433 -6.15 2.14 7.32 189 218 190 207 160 
-4.00 2.48 7.44 1.1200 0.7900 -1.6800 0.7767 -8.2744 -1.0033 1.74 2.33 9.36 182 303 285 328 201 
7.76 -0.68 1.26 -2.5800 -2.0700 -4.5000 -0.0200 -9.4933 4.3633 9.64 -1.58 -0.79 186 285 302 347 211 
3.40 -5.40 -5.09 0.2000 0.0600 0.8800 -2.4656 -4.4900 2.2478 2.02 -4.15 -8.65 189 264 279 358 219 
1.27 -4.60 -11.80 -0.0900 -1.8700 -1.7700 -0.2311 0.0989 0.0233 1.09 -2.50 -9.41 192 272 285 362 221 
0.75 -2.56 -9.16 -0.3200 -0.1100 0.3400 -0.0144 0.0733 0.0233 1.24 -2.46 -9.41 190 276 291 361 222 
;
