5.48 2.63 7.69 0.0000 0.0400 0.0300 -0.0011 -0.0167 0.0078 5.53 2.58 7.66 187 369 359 404 228 
5.43 2.58 7.70 -0.1100 -0.0400 0.0900 -0.0278 -0.2211 0.0644 5.76 2.44 7.54 184 347 349 404 226 
14.64 4.41 13.17 6.1700 2.3200 7.9600 -5.9911 -0.3156 3.7756 7.02 -4.29 5.32 188 291 332 339 227 
0.96 -2.16 -1.09 -2.7400 7.1900 -3.9100 -5.8222 2.7944 2.2156 2.19 -9.54 -0.44 187 316 342 377 227 
0.14 -3.78 -3.78 -0.3100 5.7300 -0.1000 4.8378 -0.6900 0.2522 1.31 -9.29 2.83 188 323 351 378 227 
-0.18 -10.33 1.53 -1.1900 -0.2500 -1.3000 -3.4144 0.1844 0.5078 0.46 -9.77 -0.58 188 326 349 385 228 
-0.69 -7.09 -7.77 -0.3100 5.1500 -2.1000 4.3022 -0.0744 -0.2533 0.73 -9.52 2.21 188 333 353 386 227 
0.66 -9.69 1.24 -0.4800 -0.2800 -1.3000 -1.0044 -0.0156 0.2056 0.84 -9.64 1.56 189 331 355 385 227 
0.57 -9.39 2.20 0.0900 0.0600 0.4300 0.0533 -0.0133 -0.0756 0.81 -9.62 1.70 189 331 355 387 228 
0.83 -9.31 1.73 -0.0800 0.3000 0.0700 0.0744 -0.0100 -0.0256 0.87 -9.61 1.69 190 330 354 389 228 
2.86 -7.65 6.28 2.4900 1.7500 5.2300 -1.3356 0.0389 0.5833 0.70 -9.71 1.11 187 337 358 386 228 
-1.13 -9.45 -7.22 -2.4100 0.2000 -8.9100 0.0444 1.1922 0.2344 0.16 -9.62 -1.85 188 330 334 385 231 
1.69 -6.26 7.63 2.0500 2.7700 9.6600 1.8956 -1.5911 -0.2422 0.79 -9.46 2.45 188 332 355 384 227 
-0.96 -9.01 -4.62 -1.3600 0.8300 -5.4300 -2.2989 1.0844 0.5267 -0.15 -9.69 -1.49 189 340 352 386 228 
-0.34 -5.20 2.47 -1.0100 4.5800 5.6200 3.0556 -1.3311 -0.7967 0.75 -9.36 2.81 190 347 344 392 229 
1.51 -10.40 0.60 0.2600 -0.6800 -1.9500 -0.1778 0.1533 0.0100 1.16 -9.49 2.17 190 351 353 391 231 
1.65 -4.10 -1.24 -0.7700 5.3400 -4.6300 3.2778 -0.6589 -1.6811 2.94 -8.00 4.84 190 371 350 405 230 
4.98 -1.60 9.37 -0.3200 0.6200 2.9000 5.5322 1.7500 -2.7533 4.53 -0.01 8.69 186 389 355 419 226 
4.99 3.49 9.84 0.9700 0.1600 0.4500 1.6689 1.5089 -0.5500 3.33 3.43 8.55 185 391 362 420 228 
;
3.65 3.29 8.60 0.4500 -0.1200 0.0000 -0.0178 -0.0867 0.0278 3.29 3.26 8.63 190 388 371 419 229 
3.12 2.92 8.58 -0.0500 -0.2700 -0.0300 0.0044 -0.0711 0.0267 3.31 3.24 8.64 189 387 369 421 228 
3.37 3.01 8.66 -0.0400 -0.2400 0.0000 0.0067 -0.0067 0.0167 3.31 3.23 8.64 187 386 369 419 227 
3.39 4.86 13.56 2.4800 2.5300 8.0900 -2.3033 -4.3367 1.8856 6.42 1.21 7.30 186 357 349 409 227 
6.88 0.97 7.52 -0.4000 3.9200 -1.2100 -5.0411 1.6300 2.3567 4.84 -6.21 5.83 187 358 360 405 228 
2.34 -4.80 -1.73 -0.1000 3.7200 -4.6800 -4.8567 1.0089 1.7944 1.48 -9.69 0.05 190 325 352 380 229 
-0.83 -7.65 -8.59 -1.3100 2.0600 -6.7300 3.3222 -1.5000 0.1256 0.44 -9.78 0.45 191 327 334 396 228 
3.02 -9.11 10.66 1.2400 -0.0300 6.3300 -2.2644 0.0700 0.4156 0.26 -9.74 1.09 194 331 334 398 229 
-2.19 -9.68 -13.00 -1.8500 0.9100 -10.9300 3.3322 -0.5200 -0.7500 0.57 -9.73 1.00 193 337 354 403 228 
2.85 -8.63 7.48 0.0800 -0.1800 1.9000 -1.0222 -0.2189 -0.1889 1.15 -9.53 1.96 191 340 357 402 229 
1.67 -8.67 2.43 0.7700 1.3700 0.3500 -0.6244 0.5800 -0.1700 1.14 -9.65 1.28 188 345 359 393 228 
0.80 -10.63 1.17 -0.0800 -0.9700 0.5800 -1.1600 0.5633 0.4011 0.76 -9.77 -0.16 187 346 356 396 230 
-0.32 -9.80 -2.28 -0.9900 0.2500 -1.6700 -1.3711 0.1689 0.0722 0.30 -9.56 -2.12 187 346 361 402 231 
0.56 -2.36 2.79 0.3600 6.9600 4.2500 5.3633 -1.0322 -0.5389 1.18 -9.01 3.66 188 340 356 394 228 
1.97 -9.46 1.90 -0.3900 0.3700 -3.5200 -3.1533 0.6600 0.6622 0.73 -9.77 -0.08 188 352 356 398 228 
1.10 -2.42 5.17 4.9400 5.9500 9.8300 3.1033 -0.6644 -0.3600 1.33 -8.65 4.40 191 356 356 399 228 
2.02 -5.45 0.76 -0.3300 1.9700 -4.5400 2.9567 0.0444 -1.7389 3.08 -6.82 6.33 192 381 351 409 230 
4.26 -3.46 7.52 -0.8700 -0.8800 -0.7300 2.9811 0.0678 -2.6511 5.03 -0.89 8.36 188 389 354 423 228 
;
