1.34 1.77 9.61 0.2900 0.3900 0.3200 0.2589 -0.0678 -0.0567 1.33 1.83 9.54 177 307 310 336 215 
2.25 4.11 11.87 0.0000 2.3100 2.8500 0.6533 -2.5956 0.7978 3.04 2.56 8.96 177 303 307 333 215 
3.65 2.06 11.61 0.4300 1.6600 1.9000 -4.3378 1.2167 0.8089 3.00 -2.72 8.92 177 297 311 335 216 
3.32 -4.57 3.25 2.9800 3.6000 -2.9400 -6.4533 3.8400 0.6144 -1.04 -9.11 3.46 179 275 302 330 218 
-3.05 -5.58 -8.98 -1.6400 3.0300 -8.9000 -1.1211 -0.1044 -0.0833 -1.35 -9.42 -2.36 177 287 306 348 219 
8.24 -5.62 18.42 10.4200 3.7200 17.6200 -1.9233 0.2100 0.9511 -0.69 -9.68 1.37 180 292 308 355 220 
-5.05 -6.99 -7.40 -2.7300 2.5100 -6.0800 -2.5700 -0.0189 0.3700 -2.06 -8.74 -3.91 177 293 313 353 220 
-6.23 -4.88 -7.58 -3.8900 5.7800 -0.6000 5.6789 -0.2856 -2.6178 -0.07 -9.74 1.11 177 288 307 359 218 
3.05 -13.00 -2.14 -0.4600 -4.0900 -5.3000 6.5422 -8.6167 -0.8989 5.19 -7.43 3.72 172 324 317 367 219 
8.96 -4.94 1.84 1.4600 -0.5300 -1.1800 4.7511 -2.2711 -0.0422 8.12 -2.58 4.84 162 376 334 375 221 
8.70 1.87 1.48 0.5400 2.1100 -3.3600 2.3978 0.4589 -1.0356 8.55 1.17 4.64 171 396 329 380 223 
6.82 7.44 4.12 -1.4000 5.5700 -0.5500 -0.7333 0.0256 -0.4089 8.24 2.19 4.83 173 367 320 366 226 
8.81 4.59 4.01 0.4500 2.6300 -0.8800 -2.0722 0.0678 -0.4256 8.16 1.20 5.29 175 289 266 353 226 
9.16 0.47 4.47 1.2300 -0.1800 -0.5000 -2.0956 0.4556 -0.0756 7.95 -0.36 5.72 176 250 267 316 224 
8.12 -2.63 6.01 -0.3200 -1.3600 0.3700 -4.0133 0.0867 0.6944 7.86 -3.46 4.72 172 213 232 311 224 
5.64 -8.26 1.85 -1.0100 -2.9200 -1.4300 -0.3689 0.0067 -0.1856 7.75 -4.78 3.62 176 230 244 314 226 
7.35 -4.71 4.29 -0.9000 0.0800 0.5600 0.4467 -0.1467 0.0611 7.75 -4.49 3.97 176 229 247 315 226 
7.05 -4.09 4.27 -0.4600 0.1100 0.4300 0.0056 -0.7167 0.1311 8.00 -4.43 3.53 178 256 270 282 214 
;
