3.16 0.52 9.30 0.0600 -0.0600 0.0000 0.0000 -0.0033 -0.0022 3.10 0.59 9.28 202 343 347 360 222 
3.24 0.45 9.34 0.1600 -0.2100 0.0900 0.0856 0.1267 0.0289 3.05 0.64 9.29 201 343 346 359 222 
7.71 8.56 18.17 4.9600 6.2900 2.9400 -3.1111 -1.6467 2.7533 5.61 -0.56 8.01 200 276 310 330 221 
2.58 -2.28 3.74 -0.1300 5.0400 -3.4600 -7.1433 4.3833 3.1844 -0.29 -9.11 3.60 197 263 290 315 223 
-3.52 -6.23 -6.87 -2.0000 2.9600 -3.4000 -3.6178 1.4622 0.9778 -2.47 -7.83 -5.35 189 236 259 284 224 
-4.27 -4.64 -11.98 -1.8400 2.1700 -5.6100 2.9811 -0.4189 -0.6022 -2.41 -8.47 -4.30 186 244 262 295 225 
5.07 -7.52 15.82 7.0800 2.4500 16.0800 -1.7611 -0.0022 0.2278 -1.38 -9.67 -0.83 188 248 265 291 224 
-2.69 -7.00 -7.61 -1.3100 1.6200 -4.4400 -2.3756 -0.0622 0.6989 -2.32 -7.79 -5.47 185 252 268 295 224 
-5.91 -6.12 -10.83 -4.2900 2.5300 -5.9500 4.6444 -0.2389 -0.7511 -2.17 -9.37 -1.89 188 252 271 299 226 
6.44 -7.68 7.33 6.0600 1.8200 4.8800 -0.6644 -0.1411 0.2544 -0.56 -9.71 1.22 187 256 269 298 225 
-0.98 -9.14 0.20 0.2800 0.9400 -0.8900 0.2033 -1.5789 -0.3567 -0.23 -9.73 1.12 190 263 276 306 225 
-1.01 -5.27 -3.20 -0.4000 5.4400 -5.5200 3.3867 -8.2367 -2.8911 4.52 -8.38 2.31 187 269 257 270 218 
10.73 -0.20 -4.14 4.6400 2.8200 -2.6500 -3.0533 -6.2878 -0.4511 5.71 -6.05 -5.18 190 248 240 280 221 
8.23 -6.70 -14.54 3.6000 -4.0600 -6.3500 -2.3733 -0.7822 -0.1244 1.66 -1.64 -9.52 196 270 243 311 230 
4.67 -4.26 -12.39 2.9000 -2.7800 -2.9600 1.9511 0.7622 0.4711 2.16 -3.21 -9.00 196 279 259 317 229 
4.45 -7.12 -8.49 0.2900 1.7100 0.0600 6.1300 2.0256 -0.1722 3.83 -8.08 -4.01 207 389 347 378 230 
0.90 -4.30 -0.43 -2.6800 4.7400 -0.2500 1.2944 0.7867 0.1711 3.93 -8.97 0.29 212 399 352 381 228 
3.06 -6.26 1.85 -0.9100 2.5500 1.0700 -0.2722 0.0278 -0.0167 3.98 -8.93 0.63 210 399 356 383 230 
;
