4.54 2.67 8.35 -0.8500 0.3900 0.3600 -0.0133 0.1189 -0.0111 5.17 2.30 8.00 165 323 348 385 215 
4.85 2.67 8.32 -0.3400 0.3300 0.3500 0.0211 0.0333 0.0244 5.14 2.35 8.00 164 327 348 386 214 
1.90 4.31 14.97 -0.8500 6.6300 8.8000 2.2800 -7.8111 1.6733 7.89 3.09 4.93 184 312 335 362 214 
6.77 3.91 5.72 0.0300 7.0700 -2.4300 -7.7256 4.7100 4.7678 4.79 -6.86 5.10 182 285 305 319 212 
0.61 -4.76 -6.04 -0.0400 4.4800 -4.9100 -4.6678 2.4311 2.2422 -0.55 -8.99 -3.85 182 290 308 324 212 
-4.88 -6.28 -10.87 -3.6400 1.5600 -5.5900 3.0589 -0.1033 -0.9911 -0.56 -9.05 -3.71 186 288 300 330 214 
12.27 -0.78 13.68 11.2500 6.6900 11.8200 -1.6622 0.2667 1.2700 0.98 -9.59 1.78 184 299 306 332 215 
-3.39 -7.61 -4.47 -2.8100 2.2700 -2.6500 -5.3122 1.0722 2.0967 -1.56 -8.29 -4.98 183 303 316 336 213 
-5.09 -4.63 -10.46 -3.0100 2.9000 -3.4800 2.1433 0.3433 -0.9911 -1.36 -7.75 -5.85 183 297 312 335 216 
2.51 -3.75 1.31 1.2800 7.5700 2.6800 6.8878 -2.1300 -2.6722 3.21 -8.70 3.15 185 315 316 330 215 
4.47 -5.68 -0.26 -0.1500 1.1700 -4.0400 2.5356 -6.4311 1.2189 4.71 -8.07 2.95 154 342 187 228 211 
8.40 -7.25 -2.37 4.6300 1.3200 -4.3500 3.0778 -7.0444 0.1278 6.12 -7.64 0.34 175 382 179 204 192 
9.79 -7.15 -1.28 4.4700 1.1600 -1.1600 2.3244 -2.4700 0.5000 5.43 -8.16 -0.02 173 390 182 209 190 
6.65 -5.92 1.09 0.9500 2.0400 0.3900 1.1789 -0.0500 -0.3622 5.63 -7.93 1.20 173 389 186 211 191 
6.53 -7.02 0.91 1.0500 1.0200 0.1700 -1.5889 0.3067 0.1956 5.42 -8.16 -0.14 172 394 186 212 191 
5.90 -7.62 -2.84 0.2400 0.2700 -2.3600 -0.2322 0.1900 -0.0544 5.45 -8.11 -0.77 172 395 188 215 192 
6.53 -7.67 -2.36 1.1800 0.3900 -1.9300 1.1233 0.0211 -0.0922 5.47 -8.13 0.00 167 391 187 217 191 
4.62 -4.63 3.24 1.5600 4.0600 5.6500 -0.4256 -0.2467 0.0767 5.73 -7.86 1.20 161 382 192 217 193 
6.63 -6.64 0.52 0.9300 1.3800 -0.1100 -1.7022 0.1100 0.5122 5.56 -8.07 -0.14 175 387 190 218 192 
5.23 -7.88 -3.47 0.2700 0.4600 -2.2000 -0.6378 -0.1889 0.2100 5.10 -8.20 -1.66 172 390 193 219 192 
5.83 -7.59 -2.48 1.1000 0.7500 -0.4100 -0.0300 0.1133 -0.0400 5.06 -8.17 -1.89 172 386 193 218 194 
5.47 -7.79 -3.09 0.2500 0.1700 -1.5800 0.5244 -0.2500 -0.0378 5.13 -8.16 -1.78 173 389 193 219 192 
5.80 -7.12 -2.64 0.7800 1.2900 -0.7200 2.1589 -0.6100 -0.5300 5.43 -8.16 -0.20 169 383 192 220 192 
8.04 -4.47 6.78 1.9600 2.0900 3.6100 -0.9178 -0.0378 0.3000 5.68 -7.95 0.68 173 380 193 221 190 
5.30 -8.04 -2.48 0.1300 0.4200 -1.4800 -0.6811 -0.3222 0.3844 5.13 -8.27 -1.16 173 390 188 220 192 
5.36 -7.60 -2.74 0.2200 0.6300 -1.4900 0.4722 0.2756 -0.2156 5.39 -8.06 -1.39 171 392 189 222 193 
6.78 -7.02 0.44 1.3300 0.8900 1.2700 0.9278 0.5200 -0.3867 5.82 -7.88 -0.06 171 388 192 222 193 
5.10 -6.49 2.51 -0.8500 1.5600 2.6800 -1.9789 0.3089 0.3111 5.61 -7.97 -1.00 174 379 189 224 194 
3.87 -5.53 -1.72 -1.5900 2.0000 -0.7100 -2.6933 3.3744 -2.3878 8.01 -5.59 -0.79 178 356 217 256 204 
;
