-0.74 0.06 9.75 0.0900 -0.0200 0.0500 0.0000 0.0056 0.0033 -0.84 0.06 9.77 179 347 347 382 216 
-0.37 0.06 9.81 0.5100 -0.0100 0.0700 -0.0178 -0.0167 -0.0378 -0.75 0.02 9.77 178 345 347 381 216 
-0.33 0.32 9.73 0.4800 0.0400 0.5300 0.1789 -0.3378 -0.1189 -0.33 0.11 9.80 179 325 303 365 215 
1.96 2.48 16.80 0.3900 3.9000 6.9700 -6.5867 1.4900 -0.2511 0.02 -4.91 8.48 179 256 281 295 213 
1.01 -3.60 -0.21 1.4300 5.6900 -3.9500 -7.4833 1.8111 -0.3678 -0.41 -9.71 -1.24 166 262 296 303 215 
-2.93 -4.34 -15.81 -2.1600 3.2600 -11.0900 3.8400 0.0178 -0.4178 -0.15 -9.03 -3.80 160 260 291 301 213 
6.77 -8.59 18.55 6.2300 0.4600 15.9300 -1.8033 -0.5256 0.5567 0.24 -9.80 -0.12 154 263 293 291 210 
-0.62 -7.37 -4.64 -0.4700 2.3600 -1.7900 -3.0478 -0.4578 0.4111 -0.62 -8.39 -5.02 153 266 298 298 212 
-5.52 -5.77 -14.61 -4.7400 2.8500 -6.2400 4.6378 0.5678 -2.4511 0.39 -8.99 -3.88 158 270 301 318 214 
7.24 -8.67 2.99 2.5500 0.7200 1.5200 2.6867 -2.2067 0.9644 1.26 -9.71 0.45 163 220 244 239 214 
0.58 -9.36 -0.73 2.0800 1.1000 -2.2500 3.6044 0.6356 1.8400 -0.97 -8.59 4.62 175 144 161 172 187 
-2.99 -4.21 5.47 1.7700 2.3300 -0.6800 1.9011 2.5567 4.2389 -6.74 -3.86 5.97 183 140 153 165 184 
-8.67 -0.11 3.12 -1.4500 0.7300 -3.1100 1.1156 0.4311 2.1222 -8.32 0.52 5.15 190 143 158 171 185 
-6.00 2.50 5.99 2.7500 1.5900 0.2000 -0.4867 -0.4489 -0.3489 -8.25 0.51 5.26 192 146 160 172 187 
-9.16 1.00 6.05 -1.0900 0.5300 0.2500 -0.2811 -1.6011 -0.6422 -7.62 0.17 6.16 190 160 172 184 194 
-4.99 0.13 5.42 0.4500 1.0200 -2.4900 0.7389 -2.7933 -2.1589 -4.04 -1.14 8.85 184 287 274 295 203 
-2.90 -1.51 8.66 -0.7300 -0.1500 -1.5900 0.3167 -0.9322 -2.1122 -1.56 -1.74 9.52 183 336 294 339 206 
0.00 -1.64 9.66 2.2200 -0.1500 0.1100 1.2711 0.0422 -0.8333 -1.59 -0.51 9.66 183 352 320 373 209 
0.00 0.47 10.05 -1.3800 0.1000 1.8900 -0.1456 -0.0333 0.0211 -1.01 0.25 9.75 7 356 351 380 211 
-0.82 0.21 9.81 0.2000 -0.0100 0.0800 -0.0756 0.0100 0.0233 -1.06 0.13 9.74 7 356 351 376 211 
;
