3.52 2.30 9.00 0.1400 0.0800 0.0900 -0.0122 -0.0156 0.0167 3.33 2.17 8.96 184 322 343 337 217 
3.36 2.07 9.14 0.0600 -0.2200 0.0700 0.0800 0.2889 0.0967 3.17 2.17 9.02 186 325 341 339 217 
5.39 6.57 15.15 4.7700 9.2900 8.5100 -2.2278 -1.9422 2.5678 4.34 0.68 8.76 194 298 316 327 215 
2.56 -4.09 7.91 0.2600 1.8700 0.4700 -6.2444 1.3122 2.5711 1.09 -8.38 4.96 191 294 306 309 213 
-0.91 -4.21 -4.15 0.3200 5.5700 -4.6900 -3.8556 0.7744 1.3011 -1.75 -9.34 -2.38 193 308 313 323 218 
-3.22 -6.51 -6.09 -3.0900 2.6000 -4.1200 5.8289 0.0711 -2.3733 -0.18 -9.56 2.13 194 313 305 342 216 
3.73 -8.32 10.33 1.2400 0.3400 3.9000 -2.9811 -0.1156 0.9367 0.08 -9.58 2.07 195 313 305 338 216 
-1.42 -7.39 -3.90 -0.3400 1.4600 -3.0900 -3.7700 0.7489 1.5144 -2.24 -8.55 -4.23 192 314 319 337 219 
-5.00 -8.22 -10.97 -2.3500 0.2100 -5.4300 5.8600 -0.0700 -2.4356 -1.33 -9.65 -1.04 191 310 315 342 219 
5.59 -4.42 10.64 4.3800 3.6600 6.2600 -0.3767 -0.4878 0.2378 0.84 -9.10 3.54 192 310 320 342 217 
0.48 -9.98 2.10 -0.3400 -0.7900 -0.9500 0.0878 -0.2833 0.0111 0.78 -9.30 3.00 191 302 320 334 217 
2.21 -9.19 5.69 1.5700 0.2300 2.6800 -0.6556 -0.1211 0.6778 0.28 -9.44 2.63 192 296 320 338 217 
-0.48 -8.21 1.47 0.4400 1.8800 0.0500 -2.7300 1.3122 1.5844 -1.93 -9.60 -0.48 189 291 316 339 219 
-4.63 -5.43 -9.48 -0.5200 1.3900 -6.3500 -2.8256 1.1356 0.4978 -3.04 -7.23 -5.87 189 293 319 335 218 
-4.89 -7.00 -10.33 -2.3600 0.6600 -4.7500 6.1922 -0.4533 -1.6922 -2.13 -9.29 -2.29 191 278 304 336 219 
11.15 -4.92 13.14 11.2100 3.8000 9.3300 -1.4233 -0.9122 0.8178 -0.39 -9.65 1.66 195 285 309 333 218 
-3.34 -6.66 -4.58 -1.0400 2.2500 -3.3200 -5.3156 0.8556 2.0944 -3.02 -7.65 -5.33 192 295 320 337 218 
-7.31 -1.99 -11.72 -3.8300 4.5500 -4.3700 2.3789 0.9933 -0.3889 -3.15 -6.50 -6.62 190 295 317 337 219 
8.53 -1.73 11.10 9.0000 7.6200 8.6600 1.0967 -2.5500 -1.2533 1.39 -9.69 0.47 163 300 315 342 219 
2.16 -7.45 -3.21 -0.6500 1.7900 -5.5600 3.8400 -5.0033 -1.3500 4.14 -8.53 2.49 139 246 314 355 223 
5.55 -4.84 -1.42 -1.4300 1.5000 -4.4900 4.2989 -3.9478 -1.5322 7.85 -4.78 3.39 105 180 192 225 190 
14.04 -0.08 -1.59 5.1700 3.3500 -4.5700 3.6711 -1.4078 -1.3178 9.58 -1.73 1.11 106 182 181 204 169 
10.67 4.10 0.46 1.4300 5.3000 0.8500 3.1644 -1.3678 0.1278 9.71 -1.33 -0.05 103 186 175 198 170 
9.52 4.31 7.21 -0.9400 5.3000 5.4300 -2.3367 -0.4211 0.6956 9.50 -1.79 -1.63 108 188 187 202 171 
11.28 0.57 -6.49 2.1500 1.4300 -4.4900 -2.1700 0.2600 0.5778 9.38 -1.74 -2.24 109 190 185 209 171 
7.20 -4.70 -5.96 -2.6000 -3.0300 -3.6500 -0.0933 -0.2122 -0.0544 9.43 -1.73 -2.05 109 188 189 210 175 
11.37 -0.54 5.66 2.8000 1.0000 7.8900 -1.4389 -0.3033 0.4289 9.26 -1.33 -2.93 109 190 189 210 173 
9.73 -1.01 -0.66 -0.0800 0.1400 -0.1300 -3.8100 5.9556 -0.2578 9.64 -0.95 1.50 143 227 235 254 208 
;
