-1.00 2.21 9.38 -0.0900 -0.1400 0.3600 0.0111 0.0056 -0.0022 -1.01 2.35 9.46 181 383 349 368 213 
-0.95 2.13 9.44 0.0400 -0.0900 -0.0600 0.0011 0.0000 -0.0022 -1.01 2.35 9.46 179 384 349 368 210 
-0.96 2.19 9.48 0.0100 -0.1400 -0.0200 0.0044 0.0044 0.0000 -1.01 2.34 9.46 181 384 350 366 214 
-1.07 2.21 9.38 -0.6300 -0.1600 0.0700 -0.3233 -0.6556 0.0211 -0.42 2.12 9.56 182 354 342 355 213 
2.92 6.93 13.93 2.2800 5.0000 4.3200 -7.0167 -0.4667 0.5056 1.85 -4.23 8.64 180 289 313 319 212 
0.78 -3.72 1.89 0.4200 4.9600 -3.6100 -7.4178 1.9833 0.0889 0.25 -9.79 0.45 179 284 328 333 212 
0.06 -6.05 -8.73 -0.6000 2.5300 -5.1400 -1.3400 0.6000 0.5056 -0.05 -8.67 -4.56 178 285 333 338 212 
-0.06 -6.64 -7.91 0.0800 3.1400 -3.7600 4.0522 -0.2411 -0.2311 0.05 -9.73 -1.14 183 289 324 344 211 
4.08 -6.64 12.69 4.6600 2.1200 9.7200 -0.0656 -0.5022 0.1222 0.55 -9.29 3.08 178 296 319 345 212 
0.73 -8.97 1.56 0.1700 0.8400 -0.5000 -2.4244 0.1856 0.2356 0.19 -9.80 0.11 176 301 319 347 212 
-0.54 -8.86 -6.09 -1.2800 0.8800 -5.0800 -0.1000 -0.1656 0.1856 -0.14 -9.62 -1.89 174 306 328 352 212 
-2.54 -7.06 -1.95 -2.7500 3.0500 -1.6100 7.0467 -0.4000 -1.8344 1.38 -8.42 4.83 180 315 323 332 211 
3.28 -8.59 5.45 -0.1700 -1.2800 -0.2700 1.5022 -3.8667 0.6033 3.73 -7.39 5.24 176 329 290 275 213 
7.00 -8.11 4.27 1.7500 -1.5700 -1.2200 4.2144 -1.4022 0.2756 5.47 -4.88 6.50 176 312 216 217 210 
6.08 -0.44 6.02 0.3700 1.7600 -1.3600 2.6767 0.5444 -0.2522 5.54 -0.78 8.04 171 321 183 192 202 
3.68 3.13 7.66 -1.7800 2.5500 -0.3100 0.7478 0.2522 0.1522 5.22 0.84 8.25 165 328 192 199 197 
3.48 2.60 8.40 -1.3300 1.2500 0.1400 -0.3789 -0.2133 -0.4944 5.07 1.17 8.30 166 333 193 205 199 
6.63 2.57 7.34 1.4100 1.6500 -0.6000 -1.5756 0.3800 -1.6411 4.79 0.59 8.53 162 333 193 209 200 
6.29 -0.78 5.84 4.3400 -0.7900 -2.4500 -0.8644 -0.2378 -2.3800 3.52 -0.46 9.13 158 339 191 216 200 
0.47 -4.61 9.73 -1.3800 -3.2600 0.9100 -0.3467 0.1144 -0.2822 2.42 -0.91 9.45 157 343 196 219 200 
2.28 -1.63 8.46 -0.5600 -0.8800 -1.3100 -0.1044 -0.7833 0.8356 2.98 -1.34 9.24 165 329 202 225 206 
2.57 -3.18 4.92 -0.3600 -0.1900 -3.8100 -1.6644 -0.3411 0.8689 3.61 -3.68 8.33 169 333 273 305 211 
4.21 -3.60 7.02 1.0500 0.0000 -0.7300 -0.2089 3.2456 -2.9211 2.69 -3.73 8.65 173 343 320 341 210 
;
