2.49 5.36 7.76 0.0400 0.0200 -0.0500 0.0067 0.0078 0.0089 2.47 5.36 7.82 174 350 347 378 212 
2.46 5.33 7.82 0.1000 0.0300 0.0000 -0.0044 0.0344 -0.0178 2.43 5.38 7.82 174 352 346 382 212 
-0.35 6.21 9.75 -1.0900 -0.0700 2.5200 2.8967 -1.2322 -0.0778 2.03 7.45 6.03 181 382 343 409 218 
6.92 11.91 1.09 2.3700 7.0200 -4.5300 -0.8467 -2.1656 5.4467 6.81 5.29 4.65 184 255 315 334 217 
4.08 3.86 0.96 -4.5100 6.3900 -7.3100 -10.1022 6.4078 4.1822 3.12 -7.15 5.93 180 266 297 314 216 
-1.15 -6.04 -5.51 -2.8900 3.1500 -5.3800 -3.6011 2.0133 0.6589 -0.70 -9.53 -2.16 182 264 279 298 216 
-2.22 -9.56 -2.99 -0.4100 1.1400 1.7700 6.0567 0.6767 -1.5133 0.81 -9.56 1.98 182 271 291 292 214 
2.58 -8.85 2.62 1.0100 0.9600 1.1200 -3.7311 0.3144 1.1633 0.12 -9.69 -1.49 182 278 295 304 214 
-2.16 -7.28 -8.05 -1.5100 0.8200 -3.3700 -0.9489 0.4844 0.5967 -0.96 -8.11 -5.41 184 278 296 311 215 
-1.85 -7.94 -5.76 -2.0200 0.7000 -2.0000 4.5433 0.7400 -1.1322 0.24 -9.76 -0.89 183 274 269 309 214 
6.67 -7.07 7.75 2.2400 0.5100 2.8100 -0.5356 -0.5622 0.6467 0.95 -9.57 1.88 184 280 295 311 215 
-1.33 -8.89 0.74 -2.4500 1.2400 -2.6400 3.2956 -7.5600 -1.2456 3.29 -8.69 3.10 176 252 251 297 212 
3.62 -3.83 -1.85 -0.4500 3.7900 -3.4100 1.3078 -7.4533 -0.3900 6.90 -6.96 -0.24 179 265 264 311 215 
10.07 -3.01 -5.62 2.9500 0.2200 -1.0000 -3.3422 -4.1556 -0.3222 3.91 -4.59 -7.72 186 251 253 329 218 
5.22 -3.23 -14.73 2.7000 -1.2000 -5.6200 -0.8522 -0.3100 0.1722 2.12 -1.54 -9.44 189 269 269 339 222 
2.50 -1.10 -9.00 -0.1200 0.4800 0.7900 0.0433 0.3222 0.0211 2.43 -1.61 -9.36 192 270 268 317 218 
10.54 1.95 -15.19 4.7100 0.7700 -7.8600 -1.7500 6.0033 0.2567 7.58 0.76 -6.16 186 288 291 328 213 
7.19 1.97 0.48 -2.7500 5.2700 0.2200 -3.3633 5.9578 7.0200 6.59 -7.05 1.70 184 320 314 364 209 
-1.61 -6.73 -3.18 -3.3500 1.8400 -4.3500 -2.2211 2.5456 1.0644 1.32 -9.71 0.14 191 377 337 382 211 
4.05 -5.20 -6.11 1.0300 5.2000 -8.1300 7.4322 -1.5289 0.4322 1.38 -7.90 5.63 192 373 334 376 211 
3.65 4.55 27.10 1.7700 5.0800 16.2200 -1.6789 -1.3600 0.1878 2.88 -3.44 8.71 192 384 340 376 211 
2.52 -4.83 3.17 -0.2800 1.8500 -4.4700 -5.3089 1.5478 0.8822 1.45 -9.02 3.55 193 382 341 386 212 
1.06 -8.83 -5.27 0.0000 0.9700 -7.7800 3.4800 -0.3511 -0.3578 1.59 -8.42 4.75 192 365 341 388 213 
1.32 2.03 18.04 -1.2700 5.2300 9.9000 2.0867 -0.9500 -0.0833 2.28 -2.68 9.15 193 357 343 385 213 
3.94 -4.26 5.13 0.4800 -0.8700 -3.8400 0.5578 -0.0567 -0.1322 3.35 -3.10 8.67 187 346 333 374 212 
;
