2.14 4.77 8.23 0.1600 -0.0800 -0.0400 0.0067 0.0067 -0.0056 1.96 4.87 8.27 171 314 353 371 211 
2.13 4.81 8.18 0.1000 -0.0200 -0.1000 0.0078 0.0033 -0.0289 1.94 4.88 8.27 172 313 352 372 211 
2.18 6.95 12.27 -0.7700 4.1300 5.3200 1.1911 -4.7122 3.9922 5.73 4.56 6.51 170 285 319 383 219 
14.31 3.29 7.48 5.5300 3.3300 3.5100 -3.8167 2.9978 5.2167 7.74 -3.60 4.81 168 281 312 357 217 
3.61 -1.15 -1.23 1.3500 7.3500 -5.2300 -7.1378 5.9111 3.8767 -1.25 -9.70 0.57 177 274 295 346 216 
-3.62 -5.68 -8.67 -1.4900 1.7100 -5.1500 0.1711 0.4411 -0.5556 -1.87 -8.68 -4.14 179 273 292 342 219 
2.41 -4.51 0.98 5.5000 10.3800 3.8200 4.7333 1.2400 -1.9800 1.20 -8.81 4.13 179 280 301 332 218 
0.54 -8.39 4.37 0.3600 0.0400 0.5800 -5.0611 1.1744 1.9167 -1.33 -9.70 -0.37 178 284 299 345 219 
-3.49 -7.18 -8.68 -1.7400 0.7500 -4.2000 -1.0811 0.2811 0.3911 -2.15 -7.77 -5.57 180 288 296 354 219 
-2.35 -6.28 -5.49 1.0000 3.3800 0.6900 7.7022 -0.3889 -3.8456 0.73 -9.75 0.61 183 298 322 365 220 
1.74 -8.66 2.09 1.7400 0.3300 -2.0700 1.1678 -1.0744 0.4900 0.41 -9.16 3.47 179 312 193 215 205 
3.34 -4.48 5.52 -2.3400 0.8400 -3.4100 4.9433 -1.8500 0.5567 1.76 -5.16 8.14 165 340 164 196 178 
6.09 4.08 7.87 2.0800 3.9500 -0.6300 4.2844 -2.9522 -1.1100 6.57 2.26 6.91 169 363 172 198 174 
14.98 7.95 8.59 7.1700 4.2800 4.3500 1.6444 -1.3411 1.8833 8.52 3.36 3.48 168 373 176 200 174 
8.27 2.88 4.94 -1.7100 1.8500 1.2000 -0.4833 0.4967 2.9967 9.11 -0.66 3.54 171 380 179 201 174 
1.87 -0.49 2.82 -7.4500 2.0200 -0.5800 -1.2978 -1.8378 -0.3833 9.36 -2.35 1.69 171 389 179 203 172 
8.41 2.57 -5.88 -1.6600 2.4100 -6.5200 -0.4100 -1.0078 -3.3833 9.66 1.56 -0.61 170 399 181 204 174 
12.23 5.32 -3.63 3.1200 1.2000 -1.9000 1.4122 0.0222 -1.9378 8.39 4.69 -1.90 172 399 182 206 177 
14.31 8.57 0.36 5.5200 3.6200 2.1600 0.0833 1.2844 1.4978 8.79 4.13 -1.31 172 397 185 206 178 
2.09 0.24 -1.32 -8.4700 -2.2000 -1.3200 0.0089 0.0678 0.7956 9.67 1.57 -0.04 174 393 183 207 180 
15.02 7.06 0.11 6.5000 4.7700 -0.9700 -0.3233 -0.5344 1.8967 9.75 1.01 -0.06 164 349 191 217 186 
10.19 -0.86 -3.69 -1.2900 2.0000 -2.6300 1.9622 1.6156 4.3789 8.05 -5.49 1.04 165 334 193 217 186 
0.00 -2.79 7.40 -5.2300 5.0700 5.2100 -0.4233 0.4067 1.4478 5.08 -7.75 3.19 169 333 196 213 179 
5.43 -11.74 -1.87 2.0000 -3.7100 -4.0800 0.1800 -0.1544 0.3144 4.50 -8.35 2.45 169 330 196 212 179 
5.61 -12.46 -0.35 1.4100 -3.4100 -4.2400 2.2544 1.9300 -1.7956 5.20 -6.33 5.37 169 332 195 213 180 
1.14 -2.64 4.58 -3.8900 1.3800 -3.0200 2.3878 1.9989 -2.2656 4.29 -2.04 8.57 169 339 196 214 180 
-0.21 4.74 10.63 -2.9500 4.8800 1.7900 0.2878 0.3678 -0.9733 3.07 0.46 9.30 170 343 199 215 180 
;
