0.52 3.21 9.19 -0.0100 -0.1100 0.0200 -0.0067 -0.0311 0.0456 0.58 3.32 9.20 210 355 382 386 253 
0.56 3.20 9.21 -0.0600 -0.1200 0.0200 -0.0022 -0.0233 0.0122 0.63 3.32 9.20 211 354 381 385 252 
0.11 3.39 9.88 -1.0300 0.1300 1.0000 0.6400 -0.8978 0.2567 1.27 3.75 8.96 210 349 378 395 254 
6.05 6.91 10.22 3.3800 3.2000 2.1800 -1.3489 -3.9844 2.2400 7.12 2.75 6.14 205 310 329 373 252 
7.50 2.47 5.68 -0.9700 3.0100 -1.2500 -5.6544 3.1578 3.2389 6.09 -4.05 6.52 207 297 326 351 249 
0.78 -5.61 -0.61 -0.3400 2.0400 -4.0800 -4.9711 3.8989 2.4900 -0.87 -9.65 1.49 208 295 323 345 248 
-2.68 -8.57 -4.04 -1.0000 0.5800 -1.9800 -1.6956 0.9656 1.5122 -3.23 -8.67 -3.23 207 291 311 332 248 
-4.62 -7.43 -4.79 -0.9300 1.1300 -1.4300 1.4867 -0.1422 -0.8000 -3.05 -8.97 -2.51 202 275 291 307 245 
-1.56 -8.90 1.22 1.1500 2.6700 2.2000 2.1544 -0.0300 -0.8667 -1.29 -9.62 1.34 205 281 302 312 247 
0.71 -8.87 2.62 1.5000 0.7200 1.3500 -2.8167 0.2456 1.0767 -2.20 -9.43 -1.48 206 285 300 319 248 
-7.90 -7.15 -8.69 -6.6500 1.8600 -7.1100 0.5856 -0.7311 -0.1111 -3.32 -8.63 -3.25 205 290 305 322 249 
7.00 -6.12 7.18 8.8100 3.0800 6.7500 2.2178 -0.9800 -0.8156 -0.06 -9.54 2.25 208 297 315 335 249 
1.82 -8.92 0.96 0.0000 0.0800 -3.8400 4.7622 -2.3089 -0.3511 1.84 -7.28 6.29 206 335 244 263 242 
3.69 0.16 5.03 0.0000 2.4400 -3.0300 5.1467 -0.8289 -0.5300 3.87 0.00 9.00 200 345 179 190 197 
2.52 4.11 8.55 0.5400 1.2900 -0.8900 2.1367 -1.2856 -0.2100 4.76 3.68 7.74 202 370 183 196 193 
8.78 7.15 6.86 4.4400 2.6200 0.2300 1.3622 -1.1600 0.9633 6.03 4.66 6.15 199 372 188 199 192 
10.26 6.31 10.74 1.2200 2.4600 5.3200 -0.5667 0.0400 2.9711 7.95 2.28 5.26 198 382 191 201 194 
4.03 -0.01 4.79 -4.8000 0.4400 -1.4500 -1.3089 0.3933 0.9322 7.70 -1.02 5.98 197 385 192 204 194 
3.44 0.90 0.69 -3.5700 2.0600 -5.3400 -0.3289 -1.0422 -2.2489 8.50 0.00 4.88 200 388 193 205 194 
9.93 3.48 -0.78 2.5300 1.7900 -3.7800 1.4333 -0.8800 -2.1389 8.60 3.69 2.92 198 391 196 206 196 
12.51 6.62 2.17 4.8900 2.3000 1.7700 1.5378 0.1900 -0.7311 8.07 5.45 1.08 199 392 197 207 198 
13.12 8.12 4.28 2.9400 2.7400 3.0700 -0.3778 0.8733 2.2844 8.78 4.01 1.69 202 389 196 207 197 
2.05 0.10 -0.16 -6.5000 -1.8800 -3.2600 -0.4367 0.3989 -0.1867 9.18 2.04 2.75 199 385 198 208 198 
;
