2.27 2.03 9.31 0.0400 0.0000 -0.0300 -0.0056 0.0011 0.0000 2.20 2.04 9.33 190 332 334 337 217 
0.19 1.88 11.85 -0.9800 -0.3000 3.9700 1.6178 -2.7611 0.6567 4.21 2.77 8.40 198 296 320 339 215 
12.31 5.46 11.57 4.4000 5.2500 3.9600 -5.0878 1.0022 3.5078 6.07 -3.36 6.92 197 290 319 322 215 
3.08 -1.31 -1.66 0.8100 7.0900 -6.2300 -6.6356 3.8856 2.8033 0.52 -9.73 1.09 194 265 288 298 215 
-1.98 -6.07 -7.17 -1.1300 3.0500 -3.3800 -3.7467 1.1111 1.1567 -1.43 -7.84 -5.70 194 268 293 304 214 
-1.47 -6.24 -8.96 -2.1000 2.7000 -4.0300 6.4278 0.2956 -1.3122 0.51 -9.76 -0.71 191 266 275 300 211 
5.16 -6.85 8.86 3.1600 2.0500 6.1200 -2.9944 -0.3356 1.7289 0.18 -9.78 0.63 191 274 287 301 212 
-3.16 -6.79 -7.85 -1.6400 1.1500 -4.1000 -4.2567 0.4378 1.8789 -2.43 -7.25 -6.13 191 283 301 313 216 
-4.75 -6.76 -11.46 -2.7400 -0.8100 -6.1000 6.3189 0.0522 -2.2278 -1.58 -8.93 -3.71 191 275 297 317 214 
6.85 -4.15 8.90 3.1600 3.1500 3.4500 1.7033 -3.2311 -0.0856 1.61 -9.13 3.18 185 206 213 254 209 
3.69 -8.16 -0.95 1.2500 0.4400 -4.9900 4.8189 -5.9789 0.7700 3.93 -7.11 5.47 186 172 173 219 193 
6.43 -2.65 1.08 -0.2400 2.2700 -3.8900 4.7722 -4.1578 -0.0289 7.87 -3.05 4.98 191 169 164 205 173 
10.37 3.66 4.37 -1.0100 3.3900 1.0200 1.4711 -3.1411 -1.1267 9.71 -0.02 1.34 197 174 169 212 177 
12.88 6.66 0.04 3.0200 4.5600 -0.3600 -0.8556 -1.1756 -1.7067 9.40 2.60 -1.00 198 177 173 215 180 
11.77 5.08 -1.07 1.5800 1.5500 0.7300 -0.0844 0.5900 -0.0900 9.22 3.20 -0.85 197 179 178 216 183 
12.86 5.21 -0.20 5.7600 0.8800 -0.4100 3.3833 -0.0956 1.1422 9.49 2.38 -0.62 182 332 261 299 223 
10.36 1.32 0.15 -1.6900 -1.8100 -2.4000 1.3356 1.3444 1.9633 9.73 0.00 1.21 173 385 189 216 176 
6.22 -0.99 0.35 -3.5300 -0.0600 -2.6400 1.1956 1.6989 0.1422 9.01 -0.19 3.84 171 380 185 215 174 
5.81 2.28 4.12 -2.8600 1.4900 -1.0600 -0.1167 0.8144 -0.4822 8.12 0.47 5.47 174 376 188 217 174 
8.98 2.76 5.36 0.9500 1.6600 -1.0500 -1.1667 0.5844 -1.2311 7.52 0.86 6.23 173 381 190 218 174 
8.76 1.35 5.23 1.6200 -0.7700 -2.3500 -1.6856 1.2333 -2.0811 6.55 1.22 7.19 176 408 191 218 173 
5.42 -0.43 7.01 0.0300 -1.4400 -0.7200 -1.3233 0.7989 -1.5222 4.84 1.15 8.44 177 417 191 218 173 
1.99 -0.60 10.21 -1.4700 -0.8800 1.2900 -0.2189 0.2222 -0.3111 3.89 1.05 8.93 176 419 193 219 175 
2.44 0.70 7.80 -2.1100 -0.2200 -1.6400 -1.0522 -0.3100 0.2522 4.33 0.12 8.79 179 411 190 222 179 
;
