1.26 -0.32 -9.40 0.1000 0.0500 0.2500 0.1611 -0.0433 -0.0233 1.21 -0.44 -9.72 184 308 337 337 223 
1.28 -0.48 -9.40 0.0200 0.0100 0.2400 0.0344 0.3922 -0.0122 1.42 -0.53 -9.68 186 308 297 320 227 
5.43 2.83 -9.33 -2.1400 1.8800 1.8600 0.6311 -1.2456 1.4044 1.96 -1.60 -9.47 188 283 258 310 229 
0.64 -4.56 -6.96 -0.4800 -2.1800 0.2100 -1.3878 -1.4556 0.9211 0.00 0.10 -9.80 193 282 243 312 234 
-1.14 0.82 -11.84 -0.9700 0.5300 -3.7600 0.3067 -0.0300 -0.4033 -0.42 -0.06 -9.79 191 300 223 328 236 
0.26 -4.02 -17.23 1.3800 -2.1500 -7.2000 2.9700 0.2511 -0.6122 -0.10 -2.95 -9.34 190 311 268 382 231 
-1.64 -1.26 -0.45 -1.6600 7.3700 5.4100 4.1478 2.4556 -0.2533 2.78 -8.92 -2.95 202 391 356 423 226 
1.74 -5.40 -0.72 -1.0900 2.9000 0.6900 0.2033 -0.1133 0.1078 2.95 -9.23 -1.45 198 403 363 428 226 
;
3.08 -7.13 -1.32 -0.0600 2.2100 0.5500 -1.1422 0.2878 -0.3922 3.33 -8.90 -2.41 196 393 358 412 229 
2.77 -3.08 -2.32 -1.8200 4.7900 1.0600 -4.3411 1.4789 -1.5300 5.52 -6.34 -5.04 182 301 282 309 233 
10.01 -2.24 -8.11 0.2000 -0.3700 -3.7100 -4.4533 5.1500 -2.0189 9.26 -0.44 -3.19 182 272 258 287 222 
22.69 3.03 -9.21 3.0000 0.2700 -2.5200 0.8067 0.6122 0.1422 9.00 1.32 -3.65 187 298 286 312 222 
9.49 3.00 -4.40 1.0900 1.1400 -1.5000 0.3156 -0.9300 -0.1000 8.54 1.88 -4.42 184 279 236 302 220 
4.72 0.25 -6.51 -2.9800 -1.0600 1.7900 0.8067 -2.4444 0.6133 3.84 0.71 -8.99 191 237 239 300 230 
4.09 -1.36 -10.86 -0.1400 -1.3700 -1.4200 0.5233 -0.2244 0.2544 2.25 0.40 -9.53 196 279 263 311 234 
1.70 0.61 -16.41 0.0400 0.7000 -7.8900 1.5867 -0.9878 -0.4567 1.15 -0.93 -9.69 196 287 269 331 231 
3.17 -4.44 -9.30 0.5000 0.8700 -0.1300 5.7100 2.6356 -1.2978 3.53 -6.66 -6.25 202 383 354 406 230 
1.71 -3.69 -0.84 -3.7200 4.7300 1.2400 1.5033 0.8978 -0.0478 4.94 -8.23 -1.96 198 404 366 418 229 
;
2.64 -5.21 -0.89 -1.8700 2.8200 0.7700 -0.5611 -0.1900 -0.1878 5.00 -8.19 -1.96 198 395 364 410 229 
4.67 -4.02 -2.64 -3.2500 2.8100 -0.7500 -3.2422 3.7511 -1.6811 7.05 -6.40 -2.31 178 302 293 318 231 
4.84 -3.43 -3.33 -2.0500 1.4900 0.7200 -3.3700 -2.1233 -1.8678 7.32 -2.22 -6.12 185 277 270 305 227 
13.78 3.11 -10.64 5.7500 1.0600 -5.0400 -2.4344 2.1622 -0.9978 7.84 3.09 -5.01 180 282 274 316 227 
8.49 3.41 -5.36 -0.4100 -0.2300 -0.7500 0.1844 0.1044 -0.3444 7.99 3.33 -4.58 185 298 286 328 229 
7.15 4.16 -6.14 -0.6500 0.1300 -0.7800 0.6111 -1.5822 0.0911 6.83 3.46 -6.12 181 249 232 259 221 
4.05 0.84 -8.77 -0.6800 -0.7700 0.4800 1.6211 -2.0467 0.7111 3.81 0.88 -8.98 188 259 258 300 232 
1.90 -0.40 -9.29 -1.1100 0.1400 -0.6300 -0.0456 -0.3633 0.2400 2.07 0.78 -9.55 197 300 276 332 233 
0.53 1.39 -16.33 0.6300 0.0000 -6.0800 2.1256 -0.2767 -0.4922 1.13 -1.39 -9.63 194 296 296 324 230 
2.02 -3.51 -5.29 0.8800 1.0800 4.2500 3.9367 2.3500 -0.4800 4.18 -7.02 -5.41 197 390 355 397 230 
2.35 -3.75 -1.83 -3.1500 4.0500 1.3600 0.8078 0.5422 0.0133 5.24 -7.80 -2.78 197 392 362 402 229 
4.01 -6.47 -2.20 -0.7500 0.9300 0.2800 -0.3367 -0.2744 -0.0900 5.18 -7.86 -2.73 198 392 366 398 231 
;
5.32 -7.31 -3.84 0.0600 0.3200 -0.6300 -0.4844 0.0100 0.0144 5.34 -7.52 -3.30 195 376 352 393 230 
3.31 -3.92 -1.97 -2.5800 3.0500 1.3500 -1.7767 0.5044 -0.7522 6.18 -6.40 -4.10 191 306 314 334 233 
8.05 -1.70 -4.71 0.3000 0.9100 -0.0800 -4.4256 2.1289 -2.0911 8.41 -0.75 -4.98 181 295 292 337 229 
8.36 1.08 -11.42 1.7800 -0.5400 -4.6900 -1.0511 -2.0811 -0.6733 5.61 1.61 -7.87 175 306 304 341 230 
4.28 0.00 -8.62 -0.8000 -1.1200 0.2400 -0.1133 -1.4744 0.1444 4.15 1.42 -8.76 185 265 267 307 233 
2.35 2.06 -8.36 -1.1200 0.4900 0.9400 -0.1833 -0.0844 -0.1467 3.42 1.65 -9.03 200 287 284 316 236 
-0.49 1.14 -17.85 1.7900 -0.2800 -11.4700 2.7778 -1.9056 0.4878 1.81 0.17 -9.63 193 297 297 326 229 
6.48 -3.15 -7.75 3.0500 1.1300 3.0300 5.4111 3.0778 -0.5700 3.61 -7.35 -5.39 202 389 364 401 230 
1.29 -4.25 -1.80 -4.1300 4.5400 0.2800 1.2578 1.4122 -0.3567 4.91 -8.33 -1.59 197 403 365 408 229 
;
3.45 -5.86 -0.74 -1.4000 1.8300 0.0000 -0.1778 -0.0833 -0.1289 5.28 -8.20 -0.95 198 399 366 409 229 
5.24 -7.17 -1.21 -0.0500 1.0300 -0.0100 -0.4878 0.4356 -0.2344 5.50 -8.01 -1.28 195 381 361 402 229 
2.78 -3.53 -0.98 -1.3400 2.6500 1.4900 -2.7389 -0.4456 -1.6378 6.59 -6.40 -3.40 194 369 335 364 233 
6.20 -2.55 -8.39 0.2200 0.9100 -1.9100 -3.5711 -1.2189 -1.5678 6.02 -1.64 -7.55 189 309 298 345 228 
6.93 -1.36 -12.88 2.3900 -2.1900 -4.4900 -0.5533 -2.5833 0.8167 3.90 0.67 -8.96 191 262 272 323 233 
3.53 0.15 -10.41 -0.1100 -0.3000 -0.5600 0.2244 -0.2156 0.2378 2.98 0.20 -9.33 200 264 275 338 233 
2.39 0.14 -8.09 -0.7800 -0.4400 0.9500 -0.0556 -0.1156 0.1478 2.89 0.17 -9.36 197 280 286 341 234 
1.82 -2.00 -17.30 -0.3800 -2.6500 -8.5500 2.1589 -0.7878 0.0478 1.96 -1.33 -9.51 200 287 294 352 233 
4.43 -3.78 -9.23 0.1500 0.7400 -0.0100 5.2622 2.4778 -0.5567 3.94 -6.77 -5.89 203 382 326 406 230 
1.53 -2.93 -2.08 -2.7000 4.9200 1.0800 1.0078 0.5944 -0.0233 5.01 -8.02 -2.58 201 391 361 405 230 
;
3.51 -6.24 -1.46 -1.4800 1.3800 0.7500 -0.1522 -0.0222 0.0322 5.06 -8.07 -2.27 199 393 369 405 230 
4.33 -6.79 -2.16 -1.1500 1.7200 0.2800 -0.5500 -0.1300 -0.1867 5.29 -7.74 -2.86 199 374 359 395 231 
2.59 -2.49 -1.64 -1.0600 2.9300 2.0200 -3.4178 0.1556 -0.7289 6.07 -5.73 -5.13 196 282 308 338 231 
4.78 -3.87 -9.98 -0.6500 -1.2900 -2.9800 -2.6633 -1.8511 0.0122 4.53 -2.12 -8.43 193 213 222 288 231 
9.34 -3.97 -15.46 3.6900 -3.1000 -5.9800 0.3367 -0.2411 0.2333 3.92 -0.62 -8.96 192 254 238 288 232 
0.77 -1.11 -7.46 -3.4300 0.2700 1.3300 -0.6278 -1.1567 0.0600 3.26 -0.85 -9.20 194 274 256 307 232 
3.20 -0.68 -12.17 -0.2200 -0.8000 -3.5600 0.1544 -0.2644 -0.0344 2.15 0.06 -9.56 203 285 271 324 231 
3.09 -4.00 -16.00 2.8400 -2.9700 -5.8000 3.0089 0.4400 0.4767 1.42 -2.84 -9.27 196 318 292 356 230 
2.41 -4.65 -3.48 -0.5600 3.0200 2.3800 3.3300 1.8589 -0.2744 3.53 -7.98 -4.46 197 396 357 406 229 
1.84 -3.50 -1.27 -2.3500 3.5000 1.7700 0.5711 0.2511 0.0533 4.14 -8.51 -2.55 198 393 367 408 229 
;
2.93 -7.97 -1.74 -0.8700 0.4400 0.2200 -0.4022 -0.1956 -0.0367 4.08 -8.45 -2.82 200 394 363 407 229 
2.41 -6.38 -2.42 -1.5800 2.8500 1.0700 -0.8611 0.4356 -0.4378 4.38 -8.05 -3.46 202 389 367 397 229 
2.09 -4.54 -3.55 -3.6800 2.6300 -0.3500 -2.3767 -1.0622 -0.5267 5.32 -5.83 -5.80 190 351 340 349 229 
7.36 -4.34 -8.04 1.9100 -1.6800 -1.4500 -2.1222 -1.0067 -0.5222 5.34 -1.97 -7.98 189 277 255 290 230 
8.84 -2.35 -14.44 3.2700 -1.3300 -3.9400 -0.0144 -0.4567 0.3689 4.46 -0.67 -8.70 189 265 252 311 231 
3.26 -0.50 -8.60 -0.7800 -0.0600 0.6400 -0.4844 -0.6400 0.1389 3.46 -0.50 -9.15 193 257 233 307 231 
1.66 -0.85 -9.79 1.7400 -0.7700 -2.4800 0.2644 -1.2600 0.2111 2.12 -0.18 -9.57 198 283 245 325 232 
2.37 -3.68 -18.35 -0.0300 -4.0600 -9.0600 3.6867 0.6822 0.1033 1.67 -3.10 -9.14 199 378 339 403 230 
2.66 -5.04 -4.98 -2.1200 2.6900 0.6000 2.7756 1.0822 -0.3489 4.26 -7.86 -4.01 200 401 370 420 231 
;
2.30 -3.65 -1.44 -2.7300 4.2400 0.7200 0.5500 0.8078 -0.2622 5.10 -8.13 -1.99 200 397 364 417 231 
3.81 -6.74 -1.16 -1.1200 0.9200 0.7900 -0.3300 -0.1600 0.0256 5.16 -8.08 -2.01 200 397 367 415 230 
3.22 -4.85 -1.66 -2.5100 3.2900 0.8800 -0.9844 0.2167 -0.5200 5.56 -7.59 -2.75 198 387 355 389 233 
3.07 -3.79 -2.66 -2.2300 2.1500 1.0900 -3.0978 -1.1956 -0.8633 6.35 -5.20 -5.35 194 295 256 282 232 
7.06 -4.30 -10.59 1.9500 -1.8800 -3.3200 -1.8367 -1.8989 -0.4244 5.52 -1.56 -7.95 194 260 239 269 226 
5.24 -3.69 -11.68 1.6400 -1.8000 -2.3000 0.2622 -0.8022 0.6611 4.15 -1.14 -8.80 193 259 252 289 230 
1.61 -1.22 -8.98 -1.1700 0.6600 -0.2400 -0.1244 -0.7467 -0.0367 3.12 -0.88 -9.25 194 271 257 299 232 
3.05 -3.69 -18.36 1.2600 -2.6900 -7.7400 1.4467 -0.1622 -0.1667 2.24 -1.66 -9.39 197 288 270 312 232 
0.89 -2.94 -12.42 -3.2600 5.4600 -0.4500 8.7556 2.3156 -1.3144 3.96 -7.32 -5.18 202 392 358 416 231 
;
