2.77 4.82 8.04 0.0500 -0.1200 -0.0100 0.0033 0.0078 0.0011 2.68 4.92 8.04 175 342 360 364 225 
2.75 4.80 7.99 0.0900 -0.1100 0.0000 0.0022 0.0144 -0.0022 2.67 4.92 8.04 176 341 360 365 226 
2.74 4.80 8.00 0.1500 -0.2000 -0.0300 0.0533 0.1511 -0.0544 2.57 4.95 8.05 176 350 360 365 227 
4.26 12.19 10.35 0.0300 11.8200 -2.7300 4.9478 -2.0733 0.5700 3.17 7.67 5.20 186 304 326 382 230 
8.21 2.33 2.20 -1.2600 -1.5200 2.9400 -0.1856 -5.9722 6.2967 9.49 0.64 -2.37 178 240 239 275 230 
3.13 -1.42 -5.50 -2.7600 -0.3100 0.4100 -2.2556 -5.3500 1.0011 3.28 -0.58 -9.22 195 248 249 286 234 
4.35 -1.56 -14.68 2.9700 -1.5100 -5.6600 1.0978 -0.3678 -0.2911 1.23 -0.64 -9.70 193 253 260 295 234 
4.66 -4.71 -12.88 2.6400 -1.5100 -2.7800 5.0689 1.9889 0.0089 2.43 -5.82 -7.50 203 348 333 375 233 
0.35 -3.94 -2.75 -3.8400 5.0700 0.9400 2.2889 1.8844 -0.2244 4.28 -8.61 -1.88 208 388 355 401 231 
3.17 -3.09 -1.25 -0.7700 5.1200 -0.1300 -2.3811 2.9811 -0.6889 5.63 -7.89 -1.44 200 366 345 365 228 
8.60 -8.81 -2.91 0.7700 -2.1900 -1.2200 -2.0944 5.5456 2.4878 4.55 -8.46 1.94 195 330 337 358 225 
-1.03 -10.16 2.48 -4.0400 -0.5300 -0.2200 -0.4956 2.9422 0.6900 1.39 -9.51 1.93 193 386 350 384 227 
2.64 -9.03 -2.23 1.2500 0.5200 -3.5300 -0.9333 -0.5733 -0.0256 1.38 -9.70 0.19 198 388 363 391 230 
0.99 -10.41 -5.01 0.0000 0.0400 -6.5900 4.0156 -1.5933 0.8178 0.68 -9.13 3.49 199 388 365 394 231 
4.16 0.29 -0.20 1.7400 8.5300 -5.4400 7.3011 -1.0811 0.8033 1.28 -2.02 9.50 200 389 361 386 231 
3.81 14.26 9.42 -5.4800 12.4700 7.6000 4.3200 0.5656 -0.3867 0.71 6.70 7.12 204 392 360 382 230 
1.26 9.44 8.74 -0.2500 1.7000 1.3800 -0.2356 -0.1322 -0.0622 0.95 6.76 7.03 204 390 362 380 228 
3.01 8.45 11.03 1.4600 1.3000 2.7100 -0.6589 -2.6744 0.5200 3.57 5.83 7.02 189 344 200 222 222 
5.86 3.64 5.60 0.3500 1.5200 -0.7200 -1.0411 -0.0800 1.8144 5.38 3.69 7.31 175 337 157 177 171 
3.63 1.81 3.53 -2.4100 -0.7600 -3.9400 0.3444 0.9211 0.8167 5.46 2.64 7.70 164 355 163 180 165 
2.63 4.85 7.55 -2.9300 2.1400 -0.2500 -0.3189 0.7100 -0.1689 4.47 2.64 8.31 169 359 169 184 166 
4.02 4.72 8.42 -0.3600 2.3000 -0.4200 -1.1089 0.0767 -1.3644 4.14 2.13 8.62 169 360 171 184 168 
5.39 2.50 7.38 1.7700 0.6000 -1.3100 -1.1544 0.0056 -1.7544 3.65 1.63 8.95 166 360 173 187 168 
3.90 -1.16 8.19 -0.1200 -3.5300 -1.0300 -1.0089 0.3311 -0.7500 2.68 0.42 9.42 165 368 169 187 170 
1.13 -2.22 10.60 -1.6800 -2.0700 0.9500 0.0422 -0.1089 -0.1556 2.66 0.27 9.43 166 363 175 188 171 
1.77 0.70 9.02 -1.1200 0.2900 -0.3000 -0.0044 -0.1822 -0.0833 3.00 0.44 9.32 166 363 173 187 171 
;
