1.44 -0.65 9.86 0.1200 -0.0300 -0.0800 0.0011 0.0089 0.0044 1.33 -0.53 9.70 169 309 339 350 213 
-1.28 -0.92 11.55 -2.4500 0.5900 1.8800 0.1222 -3.9889 0.2989 3.90 -0.40 8.98 157 252 281 300 214 
8.13 -0.11 0.17 -2.6100 0.1600 -2.5700 1.6411 -9.4367 -0.0467 9.51 0.08 -2.37 165 244 235 273 217 
9.79 1.42 -5.54 2.5700 0.0400 0.5400 -0.5511 -2.0744 -0.7889 6.43 1.54 -7.23 178 255 230 294 223 
9.44 1.52 -10.01 4.2600 -0.4700 -2.4500 1.0278 -0.8011 0.4067 4.37 0.77 -8.74 179 266 239 313 223 
8.30 -0.83 -11.68 2.5100 -0.5400 -4.1600 3.2300 0.6544 1.9367 4.71 -3.11 -8.01 182 300 282 316 219 
4.89 -2.59 -3.07 -0.9100 3.9900 1.6000 3.1744 2.4078 0.9122 5.30 -7.81 -2.64 193 376 341 364 213 
2.98 -4.53 0.53 -1.9000 3.1300 1.7500 0.0022 0.5533 -0.1722 5.49 -8.07 -0.91 193 379 346 367 213 
7.08 -4.69 -0.13 1.3900 3.1900 0.6800 -2.7744 5.4767 -1.5789 6.77 -7.08 -0.14 170 367 243 228 213 
9.62 -5.24 0.99 3.0400 -0.1600 -1.4900 -2.5144 9.1756 -2.7167 6.74 -5.13 4.92 186 372 151 168 186 
-7.53 -10.18 4.14 -5.3100 -2.4600 -0.4800 1.6467 0.4244 -0.6189 -0.10 -6.51 7.33 189 385 170 177 190 
0.79 -7.55 9.76 1.7700 -1.9100 1.2200 0.4922 -0.1656 0.5800 -0.85 -5.74 7.90 191 384 168 181 192 
-2.12 -9.53 10.97 -1.9400 -3.2300 3.4700 -1.6700 -0.5278 0.6256 -1.02 -6.66 7.12 188 389 171 185 191 
-4.01 -5.89 6.44 -2.7600 2.4600 0.7500 -2.1300 0.4256 -1.2044 -0.21 -8.76 4.38 192 391 178 186 193 
-0.51 -5.70 2.14 -1.0500 3.8600 -0.8000 -0.7511 1.4322 -1.5133 1.36 -9.32 2.70 192 390 179 188 192 
2.47 -6.00 2.22 1.1600 3.6300 -0.6100 1.0767 1.9022 -0.7389 2.00 -8.80 3.82 191 392 182 189 192 
3.98 -6.34 7.31 2.8600 1.3900 2.3200 1.9144 0.6956 0.1589 1.10 -7.10 6.66 191 395 183 189 193 
3.93 -6.84 8.66 3.1100 -0.6700 1.1500 1.5167 -0.8678 1.3722 0.83 -5.46 8.10 191 395 182 190 194 
0.21 -6.15 11.00 -0.8800 -0.8200 2.6400 -0.4556 -1.3811 2.0789 0.93 -5.48 8.07 191 395 182 189 194 
-1.71 -4.77 6.16 -2.4000 1.1900 -1.7800 0.2211 0.5611 0.2500 0.83 -5.82 7.84 184 382 195 207 203 
;
