1.96 4.92 8.24 -0.0100 0.0000 0.0000 0.0033 0.0022 0.0033 1.98 4.90 8.25 172 339 349 379 211 
1.93 4.91 8.25 -0.0200 0.0100 -0.0200 0.0200 0.0144 -0.0011 1.96 4.92 8.25 174 340 349 380 210 
1.94 4.91 8.23 0.0000 0.0000 -0.0100 0.0300 0.0222 0.0044 1.95 4.93 8.24 175 339 349 382 211 
1.92 4.97 8.18 0.0500 0.0000 0.0000 0.1089 0.0311 0.0067 1.93 5.00 8.20 175 341 351 382 211 
1.04 10.47 10.29 -0.0900 5.3800 1.3700 2.2500 -2.5778 2.8611 4.12 6.68 5.86 177 284 313 371 217 
1.81 0.60 -1.55 -4.6500 -2.8500 -2.6500 0.8067 -9.0900 3.1667 9.24 2.22 -2.41 181 242 234 272 212 
5.40 -0.55 -9.03 0.8100 -1.3600 -1.0900 -0.1322 -3.3422 0.1767 3.28 1.18 -9.16 188 274 264 327 219 
4.59 -0.61 -12.87 3.0500 -1.3800 -3.4500 1.5989 -0.5256 0.1656 2.08 -0.21 -9.57 187 282 271 348 220 
4.66 -2.84 -12.59 1.5500 0.8500 -2.9500 4.1667 1.8089 0.7133 3.25 -4.93 -7.82 191 328 312 388 219 
1.42 -2.28 -1.42 -3.6200 5.5900 2.2100 1.3444 1.6467 -0.1633 4.70 -8.20 -2.59 196 376 340 395 215 
4.11 -4.63 -1.69 0.0400 3.4300 0.2700 -1.2511 1.6844 -0.7756 5.70 -7.55 -2.54 195 371 329 384 214 
11.35 -7.60 -1.77 4.7900 -0.0700 1.0600 -3.4244 6.8500 2.7311 6.52 -7.22 1.18 191 379 337 386 213 
-1.35 -8.13 -0.59 -5.7000 1.9200 -3.2100 -1.8078 0.1978 0.6089 3.69 -9.06 0.63 191 390 350 392 214 
4.73 -12.21 -2.90 0.7100 -3.3400 -3.2900 1.8100 -0.2956 0.3444 3.65 -9.02 1.17 193 387 346 394 214 
1.43 -6.11 -2.14 -1.8800 3.9000 -7.9000 6.8656 -1.2144 -0.0767 3.79 -5.82 6.91 195 390 351 388 214 
1.22 8.76 4.20 -2.5300 6.0500 -5.0400 7.4278 2.4589 -1.6922 1.79 5.09 8.18 196 387 352 387 215 
-3.07 18.17 14.51 -1.9100 8.9800 8.2000 -1.0911 -1.9289 -0.1478 1.06 7.93 5.66 196 388 351 385 213 
0.80 7.70 4.34 -2.1800 0.0300 -2.9600 -2.3878 -8.1567 3.6833 7.30 5.03 4.17 186 313 325 347 214 
5.54 -2.77 -5.00 -3.8500 -3.4900 -2.4900 2.1667 -8.2433 5.3233 5.95 -3.21 -7.09 185 254 286 332 215 
4.99 -4.51 -9.39 3.2300 -0.5800 -1.7900 -2.2656 -1.8600 1.1833 0.90 -1.80 -9.59 188 240 249 324 220 
1.75 -2.33 -10.15 0.7800 -0.6500 -0.0100 0.3344 0.2311 -0.0800 0.91 -1.49 -9.64 188 254 255 333 222 
1.37 -1.07 -8.71 0.3300 0.3100 0.8500 -0.1244 0.0611 -0.1456 1.10 -1.49 -9.62 187 256 259 332 221 
1.94 -1.71 -9.34 0.6500 -0.3200 0.2800 -0.1133 0.0222 0.0811 1.35 -1.38 -9.61 187 255 253 305 220 
4.78 0.03 -9.53 1.8300 0.0200 -0.8700 -2.1422 4.4189 -0.7300 4.66 0.35 -8.61 182 261 245 285 214 
;
