2.85 3.79 9.14 0.1200 0.1800 0.1800 0.9422 0.1289 -0.0833 2.52 3.91 8.63 179 341 335 369 214 
1.67 10.36 10.86 -1.2800 5.0700 3.4000 -0.0056 -5.0544 3.1556 5.87 4.60 6.35 181 278 277 333 216 
2.72 -2.07 -0.37 -9.4200 -2.2200 -5.3900 -1.0489 -10.1367 2.6633 9.32 -1.00 -2.85 181 239 207 262 208 
4.79 -3.39 -10.26 0.8000 -0.9100 -0.0100 -0.8033 -2.3400 0.0967 2.96 -0.37 -9.34 192 261 223 302 215 
6.29 -2.52 -13.48 4.7200 -1.5500 -4.3800 2.4600 -0.1322 1.0078 1.96 -2.18 -9.35 194 304 277 341 215 
4.29 -5.34 -8.69 0.6900 1.2100 -1.8400 4.4344 3.7900 -0.8611 5.29 -7.06 -4.27 199 393 338 373 219 
-2.42 -2.15 -0.05 -7.2200 5.8000 1.3400 0.3422 0.8656 -0.8189 6.20 -7.56 -0.64 196 399 344 377 217 
6.99 -7.10 -0.28 -0.0300 -0.2900 0.7300 -0.6678 -0.2800 -0.6533 6.89 -6.84 -1.32 194 393 251 263 214 
8.57 -8.43 -3.14 2.0900 -3.1400 -1.2300 0.4256 1.0867 -2.5889 9.33 -3.00 -0.09 173 342 159 175 165 
12.49 -2.34 1.04 1.0900 -0.6100 -2.5400 3.4744 2.7700 -0.9078 8.63 -0.06 4.64 174 344 165 176 163 
5.11 4.01 2.26 -2.2600 2.7900 -3.2900 2.3411 1.1878 -0.1511 7.16 2.75 6.10 178 354 168 179 164 
4.47 6.31 6.23 -1.8300 2.9700 0.0400 -0.4422 -0.1011 -0.2311 6.79 3.28 6.26 178 359 170 179 162 
6.30 4.81 5.27 -0.4200 1.7700 -0.7900 -1.1022 -0.6811 -0.9833 7.08 3.09 6.03 180 361 170 181 162 
7.67 3.31 4.42 0.4400 -0.0500 -1.9000 -1.0767 -0.4311 -0.5644 6.97 2.95 6.22 181 362 173 183 162 
7.40 1.39 6.77 -0.3600 -1.9700 1.1600 -0.7778 -0.1878 -0.3400 6.95 2.48 6.44 184 363 175 183 162 
7.70 0.82 7.27 0.6400 -1.0300 0.6700 0.2411 0.2700 -0.1089 6.79 2.66 6.54 187 366 175 184 164 
5.07 3.11 6.60 -1.6700 0.3800 0.1900 -0.0578 -0.0089 0.2356 6.71 2.69 6.61 188 368 174 186 170 
;
