6.02 0.96 7.55 -0.9900 0.1300 0.5000 -0.0411 -0.0678 -0.0233 6.88 0.83 6.93 181 297 309 309 215 
6.60 0.78 7.35 -0.5800 0.0200 0.5300 -0.0100 0.0556 0.0133 6.88 0.82 6.93 179 296 312 311 215 
6.26 1.32 8.84 -1.3500 1.3400 2.7400 1.7989 -3.0856 0.3056 7.87 1.39 5.67 183 251 285 318 216 
7.25 0.01 -3.28 -2.5900 -0.6000 -2.1100 1.6622 -12.2744 3.1722 7.13 -1.18 -6.62 183 222 229 281 219 
2.52 -1.88 -7.45 0.4100 -0.2300 1.7000 -1.5667 -1.6311 0.3000 0.66 -0.80 -9.75 194 258 246 300 225 
1.35 -4.36 -14.07 1.2600 -4.5300 -4.4100 0.8600 -0.4489 0.2356 -0.61 -0.40 -9.77 196 263 253 309 224 
2.61 -4.35 -14.21 2.3100 -1.2300 -4.2000 5.0800 2.8944 -0.5156 1.76 -5.27 -8.07 201 357 341 384 223 
1.14 -3.99 -2.50 -2.4700 4.4900 2.1800 2.1889 1.3111 -0.1856 3.51 -8.59 -3.14 205 377 354 394 223 
2.90 -4.83 -0.47 -0.4800 2.9600 1.4600 -0.8078 1.1844 -1.8711 5.77 -7.59 -2.26 192 352 316 322 222 
9.74 -9.82 -4.68 -1.4300 -3.3900 -1.2400 1.9500 1.8733 -1.3278 8.74 -4.29 1.10 180 337 171 200 161 
7.75 -2.85 2.80 -0.1700 0.5500 -1.0400 2.6833 1.4156 -0.4033 8.18 -2.79 4.63 165 334 181 204 166 
6.52 1.63 4.40 -1.6900 3.2400 -0.8300 1.5033 0.7733 -0.4611 7.53 -0.66 6.23 167 331 186 208 167 
5.41 3.53 7.14 -1.1100 3.7500 0.5300 -1.0144 0.7633 -1.4589 6.70 0.16 7.15 170 338 192 211 170 
7.09 1.83 7.20 0.3600 1.0800 -0.7400 -1.2278 0.4789 -0.8844 6.33 0.06 7.48 170 347 192 211 171 
4.92 -0.85 6.25 -0.5300 -0.6300 -1.2400 -0.6878 0.6044 -0.6456 5.47 -0.26 8.13 172 364 195 215 171 
3.37 -0.82 10.51 -2.2200 -0.5200 1.6000 -0.2567 0.1822 -0.3767 5.21 -0.21 8.30 174 368 199 216 171 
4.92 1.08 7.21 -0.4100 1.5500 -1.6500 -1.9222 1.6033 -0.0678 4.52 -1.45 8.57 180 338 187 222 175 
2.98 -2.84 6.70 0.1100 1.0300 -2.0400 -3.9011 3.8278 -0.6822 1.14 -5.83 7.79 180 314 253 280 204 
-0.77 -8.68 5.75 -3.4400 -1.8900 -2.6500 0.0456 1.8611 -0.8056 -1.10 -8.02 5.51 177 345 319 310 203 
-2.54 -9.05 17.32 -0.5500 -2.8700 6.8400 -5.3833 0.1600 -0.5722 -1.09 -8.90 3.95 178 291 323 311 204 
-1.18 -5.23 -6.19 -0.8700 4.9700 -6.2300 -2.4600 1.2156 0.4700 -1.72 -9.09 -3.23 183 283 318 318 207 
-1.95 -5.47 -1.49 -0.4700 5.9300 2.6500 5.6000 -0.5489 -2.0567 0.64 -8.94 3.97 185 294 326 330 207 
1.46 -7.05 3.97 0.5200 2.2800 -0.6200 -5.8389 1.0600 1.7578 -1.04 -9.72 -0.72 186 299 326 330 208 
-5.60 -6.66 -13.20 -3.2700 -0.2200 -7.7500 3.0933 0.0022 -0.8222 -2.21 -8.04 -5.15 184 298 321 325 211 
1.14 -3.37 5.69 2.4800 6.6400 5.8800 3.2744 -0.2333 -1.2156 0.78 -8.98 3.84 186 294 318 322 210 
-0.87 -9.77 -0.74 -0.3900 0.6100 -4.3900 1.0389 -2.9611 0.7911 0.60 -9.18 3.37 186 294 311 320 212 
;
