3.70 3.66 8.20 0.1100 -0.0600 -0.0100 0.0100 0.0167 -0.0111 3.61 3.72 8.32 174 297 328 339 210 
3.54 3.61 8.23 -0.1100 -0.1300 -0.1500 -0.0600 -0.1211 -0.0200 3.63 3.71 8.31 175 295 326 339 209 
2.46 2.86 9.53 -1.7800 -0.9700 3.1800 4.3156 -3.8567 -0.4678 4.92 5.36 6.56 176 302 297 281 209 
9.14 2.92 -1.59 -0.6300 -1.1600 -0.8500 2.4067 -7.9311 5.0189 8.83 1.20 -4.09 176 225 232 262 215 
3.41 -0.93 -5.61 -1.5300 0.2100 2.1600 -0.4556 -4.0000 1.0633 2.94 -0.78 -9.32 185 218 218 313 222 
1.85 -1.23 -11.69 1.0800 -1.1400 -2.5000 0.1600 -0.9744 0.5889 0.51 -0.13 -9.79 187 233 224 318 222 
2.88 -5.96 -20.22 5.3500 -3.1800 -8.5200 3.8978 1.2711 -0.5544 0.28 -3.89 -8.99 188 263 202 301 218 
0.42 -3.17 -5.57 -1.9900 6.4200 2.8400 5.8856 4.2222 -0.6233 4.74 -8.48 -1.28 200 401 330 390 215 
2.44 -4.68 0.35 -2.0700 3.1200 -0.1800 0.1689 0.4344 -0.2789 4.96 -8.40 0.93 200 406 344 393 214 
4.63 -6.46 0.90 -0.7600 1.7600 0.3600 -1.5822 0.6078 -0.6711 5.54 -8.09 -0.06 194 382 265 263 215 
3.88 -8.20 -3.58 -2.9500 -1.1600 -2.4000 -0.7967 -1.6967 -0.8789 6.70 -6.55 -2.88 171 351 174 184 164 
10.25 -8.69 -5.81 4.5900 -1.2600 -1.7900 2.1233 0.0000 -0.3356 5.97 -7.17 -2.99 162 363 176 188 168 
6.66 -5.61 -1.84 -1.0600 1.6700 -1.1700 1.9700 1.3922 -0.3222 6.39 -7.43 0.19 161 353 181 191 169 
5.29 -3.06 7.40 -0.2300 4.0900 6.8100 -0.7867 -0.7756 0.3789 6.34 -7.39 1.14 154 357 188 192 169 
6.12 -8.06 -1.97 0.4500 -0.3900 -2.1000 -0.3878 -0.2011 0.2700 5.88 -7.81 -0.71 157 386 190 194 169 
5.77 -7.69 -1.14 -0.1200 -0.0700 -1.0300 1.1578 0.0333 -0.3744 6.07 -7.69 -0.07 153 357 191 196 169 
2.09 -3.58 5.48 1.6400 4.4100 7.0500 -0.7300 -0.2222 0.0489 6.63 -7.05 1.53 168 313 181 202 181 
9.90 -8.24 3.03 3.0800 -2.6000 0.4200 -2.3656 6.7200 -2.4311 6.93 -6.07 3.32 180 199 197 208 186 
2.61 -5.52 0.48 0.7000 -0.8400 -7.9300 2.0500 10.6078 0.5144 -3.27 -3.26 8.65 189 157 190 188 167 
-5.64 2.61 4.73 2.2500 2.9400 -0.9000 1.4633 2.2556 3.5311 -8.29 1.99 4.84 191 159 189 189 169 
-8.21 3.00 4.34 0.3300 0.3000 -0.4500 0.0000 0.0456 0.1333 -8.04 2.85 4.82 194 160 191 190 169 
-8.33 3.17 4.46 -0.0200 0.3500 -0.3300 0.1733 -0.0200 -0.1711 -8.10 2.80 4.75 194 165 192 191 170 
;
