3.66 6.58 6.28 -0.0300 0.0100 0.0200 0.0178 -0.0256 0.0122 3.71 6.56 6.26 183 340 365 395 225 
3.80 6.59 6.22 0.1100 0.0300 0.0300 0.0689 -0.0500 -0.0089 3.89 6.60 6.11 184 319 337 383 223 
8.71 6.42 1.35 0.0600 1.0800 -1.8800 0.9389 -6.7978 2.7389 9.12 3.58 -0.02 182 300 304 297 219 
3.23 0.35 -3.99 -3.7800 -0.0600 2.9400 -0.3500 -4.6900 0.8489 4.72 -0.08 -8.59 193 265 237 296 223 
5.15 0.02 -13.48 2.9100 -1.2900 -4.4100 0.2056 -1.1344 -0.1344 1.86 0.85 -9.58 201 275 258 331 228 
6.89 -3.04 -14.80 4.0100 -1.7700 -5.3000 3.9233 1.2733 0.7533 2.45 -3.17 -8.94 207 306 315 366 230 
1.76 -2.66 -4.32 -3.1600 5.4800 0.5100 4.2644 1.8200 0.2300 4.33 -8.32 -2.84 217 392 355 393 228 
0.73 -2.13 -0.56 -2.9600 5.4800 0.6500 -0.6978 0.2667 -0.3089 5.01 -8.27 -1.61 213 386 342 357 228 
12.33 -11.83 -3.46 4.8200 -5.1100 -2.0500 -0.2056 1.4233 1.0689 5.72 -7.73 -1.87 182 294 172 190 185 
0.83 -7.69 -1.03 -5.3500 1.5900 -1.3100 3.8389 -0.7356 2.1567 3.36 -8.98 2.01 161 297 169 178 154 
2.32 -8.31 1.43 0.5500 0.0000 -1.3700 0.7378 -0.4700 0.6922 2.20 -8.97 3.26 147 307 172 179 155 
3.92 -13.17 3.18 1.0800 -3.8100 -1.7200 2.7122 0.8922 -0.6900 2.13 -7.37 6.09 154 319 174 183 159 
0.41 -5.75 4.62 -1.9700 -0.6700 -3.8300 3.1222 1.6000 -1.8911 1.46 -2.99 9.22 161 329 175 185 161 
-1.67 0.56 6.32 -2.1400 1.7200 -3.3800 2.0200 1.5611 -1.6411 -0.51 0.30 9.78 162 337 178 187 162 
-6.54 5.58 10.20 -5.3900 4.5900 1.1600 0.4422 0.2200 -0.5844 -1.81 1.62 9.49 164 342 179 188 162 
-3.13 3.81 8.50 -1.7000 2.8800 -1.9300 -1.5689 -1.5633 0.6633 0.04 -0.12 9.80 165 339 181 188 162 
-0.60 0.13 5.34 -2.3600 2.3400 -5.4000 -3.2389 -2.6844 0.9100 3.50 -3.93 8.26 163 337 181 191 165 
3.58 -9.05 1.15 -0.4600 -3.7200 -3.9700 -2.3844 -2.6833 2.3978 4.40 -7.79 3.99 171 322 183 194 178 
3.63 -11.96 1.60 -3.3900 -4.1700 0.2100 -3.0744 1.4233 -3.3156 5.94 -7.77 0.53 179 194 213 228 213 
6.10 -7.21 -2.49 0.8200 1.5000 -3.6300 3.1644 -0.9367 -3.2989 9.36 -2.00 2.11 197 163 170 192 183 
8.63 3.90 1.56 -0.3100 4.1900 -0.0600 2.3822 -1.1589 -0.8200 9.71 0.87 1.01 200 165 169 185 170 
13.20 4.52 0.08 4.0300 2.6200 -1.1200 0.7011 -1.1533 -0.3444 9.64 1.61 -0.70 202 164 171 187 171 
9.32 2.84 0.12 -0.1900 0.9700 0.7600 0.0022 -0.0122 -0.1922 9.58 1.98 -0.54 202 167 175 189 170 
;
