4.28 5.22 7.07 -0.0900 0.1400 -0.0500 -0.0056 0.0022 0.0022 4.37 5.12 7.12 183 326 361 378 227 
4.22 5.22 7.09 -0.1700 0.0900 -0.0600 0.0611 -0.0033 -0.0456 4.37 5.17 7.08 185 328 357 384 226 
11.16 14.92 6.32 0.8900 2.1000 -1.1700 0.7678 -3.1744 4.0322 8.15 5.22 1.55 184 261 308 343 225 
4.80 0.61 -0.32 -3.0800 1.8600 4.3900 -1.3922 -6.6167 3.0056 5.53 -1.29 -7.99 184 253 236 314 232 
3.80 -0.47 -13.54 0.9800 -0.7700 -4.1200 -0.0244 -2.6300 0.0800 0.34 0.07 -9.80 188 273 260 345 235 
3.73 -3.05 -14.06 3.3400 -1.0600 -3.9600 3.0711 1.0778 -0.1744 0.91 -3.54 -9.09 187 284 275 363 235 
1.50 -3.60 -8.60 0.9100 3.6900 -0.1300 5.3733 3.2156 0.6189 2.75 -8.38 -4.27 201 383 338 404 233 
0.60 -3.94 -0.63 -2.5200 4.8200 0.7300 0.1422 0.1244 -0.1767 3.35 -9.08 -1.52 208 392 357 411 236 
4.09 -6.80 -2.02 1.8100 1.6400 -0.8000 -2.8311 2.3833 -1.4389 5.03 -7.77 -3.20 196 225 198 220 219 
6.96 -11.78 -6.19 0.7300 -2.7700 -5.2500 0.8956 10.3489 0.0633 5.54 -6.58 4.69 197 173 169 184 177 
-3.88 -2.47 1.04 -3.9900 2.7600 -5.2900 1.7600 4.9911 3.0789 -5.01 -4.21 7.30 199 173 165 184 173 
-6.84 1.54 1.30 -0.5000 2.0200 -4.3600 1.9056 1.5389 3.3122 -8.47 1.12 4.80 206 182 175 191 177 
-10.90 7.58 9.39 -2.4400 3.6500 4.0000 0.2322 -0.4833 0.2778 -8.36 2.85 4.25 210 186 181 196 183 
-9.93 3.85 4.84 -2.3900 1.4300 0.6100 -0.3556 -3.2656 -0.3467 -7.06 2.47 6.32 210 227 200 218 208 
5.00 6.45 6.53 5.5800 0.9600 -0.5900 4.0378 -8.9000 5.2767 5.53 5.80 5.64 207 372 341 363 236 
8.35 2.48 2.02 0.1600 -0.4800 -0.5100 0.2622 0.1700 3.5844 9.21 1.18 3.12 207 399 346 387 239 
5.37 0.76 2.49 -3.0700 0.4500 -1.6100 0.2233 0.7156 -0.3856 8.69 0.71 4.48 208 412 356 394 240 
8.25 4.20 3.09 0.0000 3.1600 -1.8600 -0.7544 0.2878 -0.7967 8.25 1.34 5.12 214 405 359 392 241 
9.19 4.49 2.77 1.4800 3.0800 -2.7800 -2.3122 -0.0767 -0.4456 8.13 0.82 5.41 214 384 358 395 241 
8.81 -0.26 2.09 1.2700 -0.1800 -3.6000 -2.8644 0.6578 0.2800 8.04 -1.88 5.28 208 293 339 404 241 
7.18 -7.66 3.71 -0.5800 -5.1900 -1.4200 -2.2222 0.3489 -0.9422 8.13 -3.91 3.83 207 298 339 410 244 
9.18 -3.19 3.04 0.2200 0.8900 -0.6000 0.0756 -0.1178 -0.0767 8.36 -3.67 3.56 206 306 345 410 245 
6.36 -1.61 2.31 -2.6700 1.5100 -2.1800 0.8622 0.1111 0.5811 8.10 -3.80 4.01 202 317 340 396 242 
5.80 -2.83 2.64 -1.7100 0.8200 -2.4800 0.8667 0.3889 -1.0189 7.71 -2.62 5.45 203 320 345 402 244 
;
