0.60 0.67 9.79 -0.1000 -0.0900 0.0000 -0.0067 -0.0100 -0.0022 0.72 0.75 9.75 168 350 335 362 215 
0.58 0.63 9.72 -0.1100 -0.1000 0.0100 -0.0167 -0.0178 0.0067 0.73 0.75 9.74 170 347 335 363 215 
-1.54 0.32 11.34 -2.6500 -0.0700 2.1100 -0.8011 -3.5978 0.5144 2.47 0.48 9.47 168 283 269 334 215 
6.13 -0.93 3.95 -0.9100 -0.5500 -2.8700 0.3933 -9.1011 1.1356 9.40 -1.23 2.46 166 230 230 267 219 
8.35 -0.51 -4.02 -0.8800 0.4600 0.3800 -1.2922 -5.4167 -0.5778 5.93 -0.57 -7.78 178 245 232 302 224 
5.72 -0.35 -9.84 1.9600 -0.5200 -1.0300 0.1233 -0.5556 -0.1889 3.79 0.07 -9.04 181 263 252 314 225 
8.26 -1.22 -14.24 4.1900 -1.2700 -4.7100 4.8756 2.8178 1.0256 4.99 -4.67 -7.02 190 357 309 345 218 
3.43 -5.59 -4.88 -0.8300 2.0200 -0.1300 1.8367 1.2622 1.0256 4.74 -8.09 -2.85 192 367 334 364 218 
2.61 -5.05 -0.84 -1.6000 2.9800 1.1000 0.0589 0.2644 -0.2311 4.94 -8.29 -1.69 193 368 340 368 218 
5.39 -7.49 -1.35 0.4600 0.3800 0.5200 -0.4744 0.0922 -0.0156 5.08 -8.09 -2.16 193 371 338 362 217 
6.56 -7.20 -1.28 0.6400 -0.4500 0.1000 -0.9789 2.6400 -1.5611 6.51 -7.12 -1.71 184 346 331 358 218 
10.08 -8.27 -0.86 1.7900 -2.2500 -1.2800 1.0900 2.8333 -1.6311 8.27 -4.91 1.88 180 352 331 361 219 
8.45 -1.91 3.40 -0.2600 1.4200 -0.8300 1.8444 1.7000 -1.1544 7.95 -2.03 5.35 181 364 334 361 218 
6.30 1.47 6.41 -1.3700 2.0000 0.2500 0.4289 0.4756 -0.2300 7.36 -0.43 6.45 181 356 336 359 220 
5.98 1.22 6.95 -0.9000 1.8800 0.8200 -0.6578 -0.1356 -0.4422 7.41 -0.44 6.40 180 305 313 355 220 
7.60 1.40 6.41 0.2200 2.3200 -0.1200 -1.7944 -0.1500 -0.3933 7.67 -1.39 5.94 181 270 295 349 222 
7.68 -2.02 4.00 -0.2000 0.6700 -1.0900 -2.3067 -0.4722 0.2111 7.92 -3.34 4.70 178 246 243 315 224 
8.20 -7.72 2.38 0.3900 -3.2500 -1.5200 -0.9256 -0.2911 0.1467 7.91 -4.92 3.04 176 250 236 334 228 
8.09 -5.12 2.36 -0.1000 0.1100 -0.2700 0.4367 0.1200 0.1956 7.85 -4.94 3.14 177 256 250 342 228 
7.55 -3.38 3.07 -1.8700 1.8500 -0.8200 0.0933 3.4778 0.2789 7.09 -4.95 4.61 173 269 280 340 221 
5.74 -3.01 4.25 -1.4000 1.0200 -2.2800 1.2778 1.5933 -0.9189 5.65 -3.59 7.15 169 291 296 342 218 
3.57 -0.43 10.56 -0.2700 0.3100 0.6300 1.5700 6.2089 -1.3289 -0.21 -0.49 9.79 176 344 324 358 212 
;
