2.86 2.71 8.91 -0.1700 -0.0500 -0.0700 -0.0078 0.0011 -0.0133 2.88 2.81 8.94 184 304 334 351 213 
3.15 2.65 8.75 0.2100 -0.1000 -0.1200 -0.0067 -0.0067 -0.0222 2.92 2.80 8.93 184 304 333 352 214 
-0.23 2.43 10.61 -6.3100 2.5000 4.5500 0.7811 -7.4444 3.7822 7.05 1.99 6.50 181 220 230 300 214 
6.32 -1.79 -2.94 -5.7000 -1.3700 -3.5500 -0.6444 -9.4844 3.4411 7.66 -2.88 -5.39 187 256 241 303 217 
2.19 -2.41 -7.07 -0.1400 -1.3400 1.1900 -1.7033 -1.6689 0.0456 1.79 -1.04 -9.58 195 270 254 327 222 
4.44 -3.68 -14.00 3.8800 -2.7500 -4.0900 1.5222 0.5156 0.2122 1.23 -1.93 -9.53 195 275 262 349 223 
3.93 -5.31 -12.66 0.7000 -0.1500 -4.2200 5.1633 3.8389 0.0933 4.11 -6.62 -5.94 204 349 333 398 222 
-0.23 -3.15 -0.27 -4.5000 6.2200 1.7900 0.9378 1.0378 0.2089 5.02 -8.33 -1.22 205 364 343 403 221 
3.79 -5.66 -0.37 -1.4400 2.0400 0.5600 -0.5033 -0.6389 -0.4522 5.52 -7.93 -1.62 204 344 335 390 218 
8.85 -12.66 -1.42 2.8800 -6.2200 0.1900 1.3422 0.7911 -2.6267 7.61 -6.03 -1.31 190 355 335 394 220 
10.40 -5.23 -1.80 0.8700 -0.7000 -2.0200 2.1389 1.1978 -2.5144 9.42 -2.42 1.17 183 366 332 391 219 
7.38 2.07 0.40 -1.9900 2.9300 -1.5800 1.5122 0.6778 -1.4511 9.45 0.61 2.53 183 382 337 389 218 
7.08 6.44 2.54 -1.9600 4.4200 -0.3600 -0.5756 0.3444 -0.9400 9.02 2.23 3.11 183 348 326 385 220 
9.80 4.97 2.61 0.6700 2.3500 -1.2600 -3.1067 0.2778 -0.2889 8.74 1.51 4.16 181 307 308 391 221 
7.91 0.53 2.50 0.5400 1.1700 -1.4900 -4.1144 0.4078 -0.0744 8.47 -1.03 4.81 181 256 295 386 224 
6.61 -9.72 2.28 -0.9400 -5.6100 -1.6600 -1.3289 -0.0444 0.0378 8.31 -3.57 3.78 185 260 291 368 227 
8.43 -3.87 3.99 -0.2500 -0.0500 0.1200 0.2822 -0.0422 0.0556 8.37 -3.45 3.76 186 267 291 367 226 
7.99 -3.26 3.33 -0.4900 0.1300 -0.2700 0.2278 -0.5256 0.0178 8.52 -3.40 3.45 183 267 294 365 227 
8.66 -5.65 2.20 0.2000 -3.1400 -2.5600 0.6089 2.9478 -0.5711 7.78 -2.87 5.22 178 256 190 208 174 
7.28 -4.70 6.32 2.4400 -0.8000 -1.1500 2.4367 0.8011 1.7878 5.65 -1.73 7.82 176 332 169 175 153 
7.06 2.14 7.13 1.5400 2.6600 -1.6000 2.8933 0.3189 1.2367 4.89 0.62 8.47 166 364 180 179 157 
4.74 5.88 7.85 -0.5900 4.0000 -0.3100 0.7889 0.0433 1.1289 5.29 1.54 8.10 167 359 181 179 158 
4.66 3.98 8.53 -0.2200 2.6000 0.3400 -0.6433 0.0500 -1.0722 5.05 1.51 8.26 164 359 184 185 160 
6.87 3.41 6.90 2.7200 2.1200 -1.2500 -1.5833 0.4222 -1.9567 4.48 1.06 8.65 165 366 187 186 161 
6.83 -1.54 5.99 2.5200 -1.9600 -2.8300 -1.1600 0.6322 -1.2022 3.50 0.11 9.15 170 370 189 189 163 
0.78 -4.19 10.29 -2.1400 -3.9200 0.7400 -0.1378 0.1900 -0.6033 2.84 -0.12 9.38 169 372 189 190 164 
2.42 -0.17 9.56 -0.4200 -0.2000 0.0600 0.1489 -0.2267 0.3411 2.98 0.15 9.34 170 369 191 189 164 
;
