2.80 5.14 7.90 -0.2400 0.1500 0.0200 -0.0311 0.0044 -0.0133 3.04 4.99 7.87 184 318 365 383 223 
3.21 4.97 7.86 0.1500 -0.0200 0.0100 -0.0244 -0.0011 -0.0078 3.06 4.96 7.88 184 319 367 383 224 
3.07 5.00 7.89 0.0000 0.0500 0.0000 -0.0022 0.0767 0.0044 3.01 4.94 7.91 185 319 366 381 223 
2.89 5.03 7.92 -0.0200 0.0000 0.0000 0.1156 0.0956 -0.0156 2.88 5.05 7.89 184 323 362 386 223 
5.10 14.32 10.01 0.6700 6.8800 1.5200 -1.7789 -6.0489 4.5189 8.26 4.23 3.14 182 237 257 304 220 
4.59 -1.35 -3.68 -2.8100 0.5400 3.5200 -0.9678 -6.8522 1.8978 4.87 -1.37 -8.39 187 262 253 335 231 
3.30 -2.01 -12.20 2.5000 -1.7700 -3.2200 -0.2356 -0.9889 -0.0589 1.52 -0.35 -9.68 194 273 265 359 235 
5.24 -4.13 -14.76 3.7300 -1.8000 -5.1500 4.0956 0.8944 -0.1011 1.38 -4.06 -8.81 204 311 310 402 232 
0.61 -4.12 -6.63 -1.7800 4.7000 -0.1700 3.8789 2.4667 0.4167 3.56 -8.58 -3.11 213 359 351 415 229 
1.28 -3.03 0.10 -3.0200 5.6400 1.1100 -0.6811 0.6367 -0.1178 4.25 -8.69 -1.56 211 368 357 411 228 
6.32 -6.95 -3.25 3.7700 0.9800 -1.7800 -3.5189 4.3956 -0.6444 5.60 -7.39 -3.17 198 343 338 382 223 
13.93 -9.17 1.47 5.1600 -0.7000 2.6600 -1.3811 5.8222 3.2667 5.14 -8.30 0.83 200 360 347 393 225 
-2.28 -8.04 -2.73 -3.8800 1.7900 -3.7000 -0.7911 1.6044 1.1933 1.18 -9.72 0.38 202 376 359 404 226 
1.37 -7.12 -4.63 0.1700 2.4900 -6.1900 4.0656 0.0367 -0.5889 1.24 -9.07 3.50 200 379 359 402 227 
4.35 2.68 10.57 2.2500 7.9600 4.2300 5.6711 0.2700 -0.6489 2.43 -2.65 9.12 203 381 359 393 225 
5.71 1.87 16.10 2.1500 4.3300 4.3700 -5.5467 -0.3433 1.2878 2.52 -6.14 7.21 203 376 357 398 225 
1.84 -7.52 -3.27 -0.4700 0.0100 -6.8000 -3.2389 2.5556 0.1189 0.78 -9.71 1.07 203 371 354 405 226 
0.95 -8.35 -6.09 -0.2200 1.3400 -7.3600 4.1378 -0.2767 -0.4256 1.09 -9.24 3.09 200 339 352 389 228 
7.44 2.18 15.48 5.7200 6.8100 9.9100 1.2578 -2.2756 -0.1333 4.42 -4.43 7.54 152 259 267 280 219 
7.47 -6.21 2.87 2.2300 1.3300 -1.5800 -5.2367 -1.1000 3.3511 4.15 -8.75 1.46 138 210 222 236 203 
1.05 -7.99 -1.85 -1.3600 1.0700 -1.2600 -1.0700 1.2556 2.4567 0.24 -9.64 -1.73 149 211 207 233 195 
-3.22 -9.81 0.22 -2.3900 -0.6200 1.8100 0.0256 -0.1989 0.0444 -0.75 -9.55 -2.06 148 220 215 243 194 
-3.29 -9.89 -3.11 -3.1900 0.3400 -1.6300 0.3156 -3.9300 -2.1222 0.19 -9.61 -1.92 146 222 220 242 195 
1.20 -6.46 -5.83 -1.3100 4.0000 -4.6900 1.3389 -7.9811 -4.0300 3.52 -8.88 -2.19 145 221 216 235 193 
9.68 -7.09 -5.28 6.3300 1.0300 -0.5700 0.4544 -2.3067 -1.1100 4.26 -7.69 -4.32 146 221 218 236 195 
5.84 -6.45 -3.08 1.5400 1.1700 1.2700 -0.6978 0.5311 0.2044 4.48 -7.41 -4.57 149 225 228 250 200 
;
