2.55 0.17 9.42 -0.0300 -0.1300 -0.0200 -0.0100 -0.0233 -0.0256 2.60 0.30 9.45 180 363 344 367 216 
2.66 0.20 9.50 -0.1100 -0.1500 -0.1300 0.0044 -0.0022 -0.0144 2.60 0.30 9.44 180 364 344 366 217 
2.17 0.07 9.66 -0.8900 -0.2800 0.5400 0.5200 -0.5600 0.2867 3.03 0.46 9.31 181 323 328 364 216 
9.22 1.16 4.34 1.2500 2.1700 -0.1100 -0.0567 -7.0622 2.3589 9.17 -1.05 3.29 166 221 228 287 219 
4.73 -0.45 -2.84 -3.6500 1.1700 1.2900 -1.2478 -5.2567 -0.9022 7.18 -1.15 -6.57 176 223 216 286 225 
6.63 -1.12 -11.67 4.4200 -1.9200 -3.1400 -0.7678 -1.6789 -0.1922 3.02 1.25 -9.24 185 252 236 304 228 
8.06 -2.05 -15.01 5.3600 -2.2700 -5.6200 2.9944 0.4578 1.0033 2.83 -1.91 -9.19 190 287 274 368 224 
1.14 -2.18 -2.93 -3.4800 5.4300 1.2400 3.7178 3.4578 0.6800 4.84 -8.25 -2.15 197 376 352 379 220 
3.05 -3.08 0.38 -1.5200 4.3300 1.3500 -0.3456 0.6878 -0.4456 5.40 -8.16 -0.49 196 383 343 381 218 
11.68 -5.56 -1.04 6.1300 2.3000 -2.1300 -4.2722 11.9200 -1.4489 5.88 -7.41 2.55 189 363 345 382 214 
0.76 -10.66 3.58 -3.0800 -2.5200 -0.5600 -1.7411 0.5744 0.9056 2.81 -9.10 2.31 190 374 350 391 215 
2.30 -8.89 -1.37 0.1000 0.8200 -4.1300 1.0722 0.0344 0.1533 2.28 -9.14 2.71 190 370 352 392 215 
2.13 -0.29 5.34 -0.5800 7.1300 8.2800 4.8100 -0.4833 0.3500 2.50 -5.26 7.88 191 372 355 388 216 
3.99 -4.05 12.94 0.6800 1.7900 4.3200 -3.3233 0.4611 0.0833 2.67 -6.74 6.59 190 376 355 386 216 
2.18 -7.84 0.08 -0.4400 0.2200 -5.2400 -1.6756 0.9078 -0.1489 2.10 -8.86 3.61 191 376 353 388 215 
2.32 -4.99 -5.41 0.8100 4.4200 -8.9500 6.7311 -1.3844 0.4544 2.15 -5.80 7.60 191 366 351 381 216 
0.55 -1.97 19.00 -1.0800 0.7700 5.8000 -1.9078 -0.5733 -0.3644 2.53 -4.37 8.40 189 373 352 375 217 
1.43 -4.29 1.50 -1.0800 1.1400 -5.2900 0.9467 0.9822 -1.8089 2.57 -4.41 8.36 168 369 338 366 217 
3.32 -1.80 9.02 1.6300 0.6500 0.8200 2.1622 1.8078 -1.6756 1.83 -0.80 9.59 183 368 342 379 217 
1.21 0.39 11.83 -0.5800 -0.1700 1.9100 0.9622 1.0444 -0.4733 0.79 1.52 9.65 179 374 350 385 216 
-0.11 0.42 7.30 -0.1200 -0.3300 0.1300 -0.0589 0.0189 0.0389 0.99 1.46 9.64 179 373 348 392 217 
;
2.56 0.94 9.45 0.1000 0.0500 0.0200 0.1444 -0.0033 -0.0056 2.45 0.94 9.44 176 323 290 301 210 
3.86 7.58 9.49 1.8000 2.5600 -1.0400 0.4333 -3.1211 2.7656 5.45 1.56 7.99 178 268 276 329 215 
3.70 -1.84 -0.38 -5.5000 -0.0900 -2.4300 0.0322 -8.9244 1.8189 9.43 -1.97 -1.78 177 215 213 252 214 
7.38 -1.89 -8.22 1.8000 -1.5100 -2.5300 -1.1289 -2.2522 -0.0344 5.92 -0.82 -7.76 187 235 211 289 217 
6.96 -3.24 -11.83 2.5800 -2.3700 -3.6800 1.5078 -0.1567 0.8156 4.62 -2.13 -8.37 192 249 225 281 218 
5.04 -4.53 -10.39 0.2400 0.7100 -3.5500 5.4100 2.4311 -0.0456 5.36 -6.46 -5.05 194 366 322 326 220 
0.59 -3.35 -0.55 -3.9900 4.5300 0.8700 0.6200 0.4333 0.3389 5.33 -8.18 -0.83 198 389 341 333 220 
5.18 -5.69 -0.64 0.3100 2.3800 -0.0900 -1.8211 2.7111 -0.9878 6.03 -7.70 -0.62 198 363 333 341 219 
11.24 -9.23 0.71 4.7700 -1.6000 0.0100 -1.1500 3.9156 2.9722 4.69 -8.52 1.24 190 354 322 344 216 
-2.77 -9.90 -1.94 -3.2800 -0.0300 -3.5300 -0.6144 -0.6644 1.0789 1.20 -9.69 0.86 191 369 328 359 217 
1.74 -7.55 -3.84 0.5300 2.1600 -7.3800 4.3956 1.1667 -1.6867 2.56 -7.91 5.19 192 374 335 363 218 
2.59 4.96 6.11 2.9400 9.0300 3.0500 6.4122 -2.0144 -1.8544 5.06 0.24 8.39 194 378 333 356 216 
8.99 5.03 13.55 3.7600 5.5900 3.1400 -6.0000 0.5411 2.4500 4.60 -3.69 7.82 194 373 327 361 216 
-0.25 -6.47 -1.06 -3.3600 1.2500 -6.4000 -4.2222 1.2678 0.2811 1.63 -9.31 2.61 192 375 340 364 217 
1.22 -8.23 -4.79 0.5800 2.1600 -7.9900 5.0511 -0.1311 -1.6778 3.20 -6.93 6.14 193 381 340 363 217 
8.00 7.45 14.08 3.8300 8.6400 7.1800 4.7667 -0.4256 -1.1433 4.90 1.04 8.42 194 382 339 356 218 
6.22 2.11 11.11 0.6400 1.8800 1.0200 -4.1244 -0.4778 1.2944 5.32 -2.53 7.83 194 385 338 364 218 
2.20 -4.73 2.71 -1.7600 -0.3400 -4.7500 -1.1867 2.1744 -2.7067 3.98 -4.51 7.74 189 316 322 345 217 
3.54 -0.91 5.59 -1.4800 0.8600 -2.6500 2.2678 1.1367 -3.4944 3.77 -0.52 9.03 188 302 320 337 217 
;
