0.67 0.49 9.77 -0.1000 0.0800 0.0000 -0.0133 -0.0033 0.0078 0.76 0.41 9.76 175 352 344 372 215 
0.77 0.45 9.83 -0.0100 0.0700 0.0400 -0.0044 -0.0111 -0.0011 0.78 0.40 9.76 174 351 342 371 216 
0.67 0.42 9.74 -0.2400 0.0000 0.0500 0.0289 -0.0900 0.0767 0.94 0.43 9.75 171 294 328 370 214 
9.49 3.07 4.14 3.2800 0.8600 -3.8300 0.5833 -7.3233 2.2589 8.49 -0.17 4.89 166 238 252 285 221 
8.28 1.70 -1.21 -1.3600 1.0700 1.1000 0.5578 -4.8178 -2.0122 8.69 1.10 -4.40 171 227 217 278 221 
9.72 1.89 -7.85 3.3500 0.0600 -1.8300 -0.2022 -2.2222 -0.6267 5.46 2.76 -7.65 183 240 225 300 224 
10.91 1.59 -12.56 5.8500 0.5500 -3.6800 2.4056 0.3644 2.6733 4.96 -1.14 -8.38 188 283 258 367 222 
4.19 -1.27 -3.82 -2.9500 4.9600 1.4600 3.6989 2.2500 0.9811 5.19 -7.64 -3.28 194 385 340 372 219 
4.13 -4.11 -0.69 -1.4500 2.8700 1.0500 -0.4189 -0.0689 -0.1033 5.62 -7.69 -2.28 195 383 347 379 218 
4.53 -5.45 -2.59 -1.0700 2.1200 0.6900 -1.3622 -1.0089 -0.3678 5.64 -7.05 -3.80 192 335 335 356 217 
5.78 -5.16 -6.31 1.5400 0.7000 -0.2900 -2.2156 -1.7011 -0.5822 4.61 -4.65 -7.29 186 266 265 316 220 
5.29 -3.94 -9.92 2.0400 -0.9300 -0.8200 -0.9800 -0.5344 0.2189 2.90 -2.82 -8.93 184 252 238 295 222 
2.99 -1.63 -8.82 0.6800 -0.0500 0.3500 -0.7644 -0.2922 0.2789 2.06 -1.73 -9.42 187 245 216 294 225 
2.87 -1.40 -10.08 0.7400 -0.2600 -0.6100 -0.1711 0.0544 0.0478 2.06 -1.29 -9.49 188 253 225 301 224 
2.34 -1.29 -9.06 0.2000 0.0300 0.4300 0.0522 0.0022 0.0356 2.15 -1.34 -9.47 187 256 228 303 225 
2.51 -1.47 -9.06 0.4700 -0.0700 0.3500 0.1144 -0.0822 0.0100 2.17 -1.41 -9.45 188 257 232 305 225 
2.32 -1.65 -9.12 0.6000 0.0300 0.3300 0.0189 0.0044 0.0067 2.24 -1.42 -9.43 187 255 235 305 226 
;
1.13 -0.45 9.72 0.1200 -0.0700 -0.0200 0.0022 -0.0056 -0.0033 1.00 -0.43 9.74 180 349 343 366 216 
-1.44 -0.87 12.23 -1.0500 0.7700 1.6700 0.1600 -5.8078 0.9256 4.40 -0.91 8.71 162 245 261 298 216 
7.54 0.90 0.10 -2.0400 0.5600 -5.1000 2.5044 -11.2233 -1.4211 9.23 0.69 -3.23 168 244 223 273 223 
10.17 1.01 -5.88 2.6600 -1.4800 -0.2000 0.1033 -1.9600 -0.8178 6.14 2.01 -7.37 183 255 229 294 225 
10.49 0.02 -13.49 5.8000 -0.1300 -4.9000 3.7400 -0.1589 2.0900 4.35 -1.89 -8.58 186 293 285 343 221 
4.02 -2.82 -5.69 -1.8400 4.0300 0.2700 3.4789 2.9167 1.4256 5.45 -7.48 -3.21 191 370 346 366 218 
2.75 -3.69 0.26 -2.3300 3.8200 1.5900 -0.3022 0.2211 -0.5744 5.89 -7.64 -1.73 196 356 341 363 222 
4.67 -5.35 -2.10 -1.8800 1.6200 0.2600 -2.0467 0.1111 -1.1567 6.73 -6.39 -3.15 182 293 286 299 218 
6.39 -4.53 -5.77 0.9800 -0.2000 -0.4800 -1.7711 -2.5656 -1.0022 5.90 -3.73 -6.88 179 254 259 277 216 
5.85 -3.52 -9.22 1.3700 -0.9200 -0.3400 -1.3433 -1.9789 0.4722 3.18 -2.27 -8.98 181 251 226 273 222 
3.77 -1.10 -10.06 0.2500 0.1700 -0.8100 -0.2378 -0.0889 0.0511 2.65 -1.28 -9.35 185 255 240 290 223 
2.90 -0.99 -9.21 0.2400 0.1400 0.2000 0.0311 0.0144 0.0522 2.67 -1.27 -9.34 185 259 240 295 223 
2.85 -1.06 -8.83 0.4000 0.4100 0.5900 -0.2200 0.4767 0.0611 2.94 -1.21 -9.27 183 256 250 296 224 
;
