0.87 0.25 9.77 0.0700 0.0000 -0.0400 -0.0022 0.0011 0.0022 0.77 0.24 9.77 174 338 338 361 214 
0.53 0.07 10.08 -0.0700 -0.0700 0.3800 0.0067 0.0033 0.0044 0.77 0.24 9.77 175 341 339 360 215 
0.88 0.12 9.80 0.2000 -0.0500 0.0000 -0.0011 0.0000 0.0000 0.77 0.24 9.77 175 340 339 359 215 
0.91 0.10 9.91 -0.1100 -0.1300 0.0600 -0.2111 -0.2167 0.0922 0.91 0.16 9.76 172 315 337 361 214 
4.03 4.39 11.32 0.5800 3.9700 1.5600 -0.7522 -5.4311 0.6167 6.34 -0.10 7.47 164 256 286 324 217 
4.96 -0.69 -0.89 -4.6800 -0.6300 -2.3100 0.2089 -8.4078 -1.0211 9.36 0.56 -2.85 167 226 222 257 219 
35.14 3.17 -22.38 -2.4500 -4.2100 -5.4800 1.5033 -4.0044 -0.3244 5.48 1.33 -8.01 182 255 224 291 223 
9.47 -1.73 -15.69 4.6400 1.1400 -7.9300 6.0556 2.3178 1.4878 4.59 -3.95 -7.70 192 356 327 356 219 
-0.19 -1.19 -0.78 -5.5800 6.2300 2.4600 0.9022 0.5322 -0.0422 5.13 -7.93 -2.61 194 371 344 366 216 
5.79 -4.80 -1.83 0.7800 2.3800 0.8500 -1.6100 1.2700 -1.1611 6.11 -6.99 -3.12 180 324 316 319 218 
12.19 -3.77 -4.10 2.0500 -0.0800 -2.8900 -2.6256 8.7933 -1.1656 8.56 -3.89 2.75 171 269 258 278 217 
2.35 -4.66 8.57 -2.7100 -0.9100 1.3800 0.9756 0.5311 -0.2989 4.24 -3.01 8.30 172 276 279 287 217 
5.79 -2.83 6.78 -0.8400 -0.4000 -2.0800 -0.1778 -5.4022 -1.2389 8.19 -2.12 4.94 174 216 202 265 218 
9.27 -0.67 -6.11 1.4700 1.4200 -2.3600 0.8189 -5.1767 -1.7844 7.96 0.51 -5.69 186 247 238 287 224 
10.34 -3.75 -14.88 8.9800 -2.1300 -7.4400 4.0778 -1.8167 1.0911 4.58 -2.56 -8.28 189 337 305 335 218 
0.34 -1.86 -2.95 -4.9100 5.3600 1.2400 1.7900 1.5922 0.3867 5.36 -7.83 -2.46 193 381 353 368 217 
3.92 -3.30 -0.06 -1.1900 4.3800 1.6500 -1.1456 2.4822 -0.8944 6.35 -7.38 -1.10 191 379 353 361 216 
7.40 -4.79 -1.39 -0.1800 0.1500 -3.0700 -1.4011 5.5033 -2.2433 7.51 -4.94 3.90 137 311 311 340 217 
6.60 -3.29 6.38 0.8400 -0.6100 -0.7900 1.2844 6.4756 -2.7344 3.02 -1.55 9.19 176 324 321 336 212 
2.01 0.66 12.21 0.8300 0.8000 2.9900 0.8667 1.1800 -0.8011 0.53 0.89 9.75 179 360 331 360 215 
0.28 -0.56 12.79 0.0500 -0.8400 0.8000 -0.0622 -0.2033 -0.0356 0.38 0.06 9.79 177 358 338 358 216 
0.97 0.01 9.85 0.5200 0.0600 0.0300 -0.0367 -0.0333 0.0033 0.57 -0.01 9.78 177 355 340 358 216 
;
0.93 -0.70 9.74 0.1000 -0.0200 0.0400 -0.0033 -0.0033 -0.0011 0.88 -0.69 9.74 177 328 335 364 216 
0.97 -0.67 9.62 0.0000 0.0100 0.1000 -0.0011 0.0011 -0.0011 0.88 -0.69 9.74 177 329 334 364 217 
0.99 -0.77 9.68 0.2500 -0.0100 0.0100 0.0111 -0.0644 -0.0044 0.96 -0.70 9.73 176 328 336 366 217 
0.42 -0.77 10.06 -0.8000 -0.2700 0.2800 0.6344 -0.0411 0.2922 1.12 -0.29 9.73 175 302 327 365 216 
5.28 2.66 7.86 0.1100 0.5900 -5.5000 0.5211 -5.8911 1.0856 6.97 -0.96 6.82 164 238 231 264 216 
7.00 -0.54 -0.86 0.0500 -1.0400 0.3100 -0.6289 -7.0667 -2.0533 7.57 1.39 -6.07 175 233 188 275 224 
10.22 -0.32 -10.72 6.5900 -2.1300 -3.0300 1.8889 -1.2800 0.6822 4.92 0.57 -8.46 185 254 216 292 223 
3.40 0.18 -10.16 -2.6700 5.0800 1.3500 5.1856 1.9167 2.1333 5.15 -6.41 -5.33 191 366 337 363 220 
3.11 -2.92 -0.69 -1.9800 4.2300 1.7900 0.1278 0.6800 -0.3478 5.60 -7.58 -2.67 192 371 325 362 217 
5.31 -5.65 -2.62 -1.1600 1.4600 -0.0800 -1.8133 0.1100 -1.1656 6.68 -6.14 -3.70 175 280 286 292 217 
6.71 -3.80 -5.28 -0.5600 0.2200 -0.3400 -1.5889 -1.7200 -1.4867 6.91 -3.11 -6.21 171 260 267 286 218 
7.33 -2.83 -9.17 1.4000 -0.7500 -1.0800 -0.7167 -1.5811 -0.3122 5.19 -1.45 -8.19 173 226 228 274 220 
5.09 -0.91 -8.42 0.4900 -0.7000 0.0100 -0.4778 -0.7822 -0.1411 3.78 -0.29 -9.04 181 247 239 287 224 
11.40 -4.68 -17.12 8.3300 -2.4500 -9.3100 3.2944 1.6956 1.8856 4.02 -2.44 -8.60 189 311 290 341 220 
2.12 -1.23 -2.92 -4.4700 5.2600 2.2200 2.3956 1.6678 0.2911 5.26 -7.74 -2.92 193 381 348 370 218 
4.05 -4.27 -0.69 -1.2500 3.2800 1.3900 -0.6467 0.2444 -0.1000 5.45 -7.76 -2.48 192 379 349 367 220 
6.54 -4.72 -2.35 0.0800 1.9700 -0.4600 -3.0067 5.5322 -2.2511 8.34 -5.08 -0.76 171 303 321 344 218 
8.42 -3.56 0.75 0.1400 -0.5500 -2.1200 0.9633 6.4878 -2.4478 7.29 -1.70 6.32 175 312 318 334 214 
0.37 -0.16 11.39 -1.8200 -0.4800 1.8900 0.9233 1.9067 -0.8444 1.29 0.82 9.68 178 347 326 361 214 
0.82 0.12 10.25 -0.2800 -0.0500 0.5200 -0.3100 0.1211 -0.1189 0.86 0.10 9.76 173 346 334 361 216 
;
