1.44 5.08 8.18 0.0000 -0.1700 0.0600 0.0056 -0.0056 0.0067 1.42 5.24 8.15 166 328 353 369 212 
1.59 5.19 8.19 0.1400 -0.1300 -0.1000 0.0122 0.0011 0.0000 1.42 5.26 8.15 166 329 356 370 212 
0.53 5.38 9.41 -1.7900 0.5100 2.1100 1.2800 -2.4100 1.0056 2.75 5.72 7.47 169 292 312 371 213 
6.52 3.60 0.68 -0.1900 -1.8100 -4.6500 2.1522 -8.6278 4.3478 9.29 2.63 -1.69 167 216 207 274 217 
5.79 1.61 -3.95 -1.0400 -0.2700 2.2500 -1.4300 -3.5889 0.2244 4.54 0.83 -8.65 178 202 203 260 220 
5.08 1.17 -11.30 1.4200 -0.8900 -2.4600 -0.0256 -0.6678 0.0511 2.95 2.05 -9.12 189 219 218 299 224 
6.35 -0.34 -14.21 2.8000 -1.6100 -5.8900 3.7933 -0.1800 0.8333 2.86 -1.21 -9.29 189 257 251 346 222 
4.43 -4.27 -4.97 -1.1800 2.5500 1.0000 4.5356 2.5322 1.2889 5.02 -7.42 -3.96 193 365 345 381 219 
1.19 -3.13 0.07 -3.2400 4.7700 0.8400 0.7122 0.4444 -0.0644 5.22 -8.29 -0.21 197 374 346 384 219 
4.93 -6.41 -0.35 -0.2200 1.5000 -0.0100 -0.8300 -0.3022 -0.1433 5.48 -8.07 -0.92 196 359 335 372 221 
3.78 -5.90 -2.45 -1.0100 1.8600 -1.0300 -1.5300 -1.1033 -0.6244 5.87 -7.05 -3.44 188 283 285 284 217 
5.95 -3.93 -5.80 0.2400 1.8300 0.0700 -2.8322 -2.7256 -0.3389 4.20 -4.29 -7.74 186 231 218 251 215 
5.67 -2.98 -10.23 2.9600 -1.4300 -1.2500 -2.4367 -1.5389 -0.0433 2.32 -0.53 -9.51 183 221 220 286 220 
1.63 -0.15 -11.74 0.6200 -0.5600 -1.4900 -0.1378 -0.0189 -0.1367 1.73 0.74 -9.62 190 238 235 311 224 
2.44 -0.96 -13.93 2.4300 -1.4700 -5.5100 1.5422 -0.0367 0.4400 1.42 -0.61 -9.68 190 248 245 320 226 
4.63 -2.01 -12.73 -0.9800 1.7600 -2.8300 6.5822 3.8333 -0.2611 4.78 -6.50 -5.56 195 379 327 374 221 
1.70 -3.32 -1.04 -3.0800 4.4200 0.0400 1.1322 1.1644 -0.0600 5.70 -7.91 -0.93 198 395 347 383 222 
4.53 -5.77 -0.22 -1.0500 1.9500 0.3400 -0.2100 0.1000 0.0156 5.69 -7.96 -0.49 200 393 352 385 221 
5.64 -7.00 -1.28 0.1400 0.9200 -0.2200 -0.8489 -0.2156 -0.0889 5.85 -7.72 -1.47 198 375 345 360 223 
6.20 -6.04 -2.36 0.0800 0.9900 -0.4400 -2.8033 2.4833 -1.5900 7.35 -6.10 -2.18 184 238 192 220 212 
13.22 -7.79 -2.23 4.2500 -3.9400 -3.5900 -0.4789 10.4867 -0.2800 6.21 -4.09 6.39 190 151 148 162 149 
0.05 -0.53 6.70 3.4300 4.0800 -1.8800 0.8978 3.8178 4.5300 -5.70 -2.18 7.67 192 150 150 165 146 
-6.88 2.62 3.86 -1.7900 2.5300 -1.2500 1.1556 0.7378 2.0978 -7.25 2.51 6.09 193 153 146 168 150 
-6.75 3.43 5.95 -0.0800 0.8400 0.3700 0.3978 0.3311 0.4133 -7.02 3.01 6.14 193 156 156 171 152 
-5.94 3.42 6.29 1.1400 0.4600 0.4100 0.0244 -0.0922 -0.4322 -7.17 2.87 6.03 192 157 158 174 154 
-7.18 2.49 6.09 0.1000 -0.1600 0.1100 0.0733 -0.0467 -0.0056 -7.16 2.82 6.07 194 157 157 175 155 
-6.68 2.85 6.31 0.4000 0.1000 0.2200 0.0044 -0.0489 -0.0222 -7.08 2.83 6.16 192 160 161 175 155 
;
