4.62 -1.14 8.42 -0.1000 0.0900 -0.2200 0.0044 -0.0144 -0.0122 4.62 -1.18 8.56 178 336 336 354 216 
4.59 -1.11 8.54 0.0800 0.0400 -0.0900 -0.0100 0.0122 -0.0022 4.60 -1.18 8.57 177 336 333 353 216 
4.63 -1.14 8.58 0.0800 0.0600 -0.0600 0.0089 0.0156 0.0133 4.58 -1.19 8.58 176 336 336 355 216 
4.47 -1.11 8.33 -0.1100 0.1400 -0.4000 -0.0144 0.0256 0.0211 4.55 -1.18 8.60 177 338 333 355 217 
4.43 -1.12 8.68 -0.0300 0.0300 0.0300 0.0178 0.0644 0.0444 4.45 -1.18 8.65 158 337 337 356 216 
3.57 -1.28 9.40 -0.2300 -0.1600 0.6800 1.0122 0.1411 0.0889 4.05 -0.59 8.90 8 343 335 366 217 
5.60 3.79 11.18 2.4400 4.5300 3.1900 -3.7689 1.8856 1.1733 2.93 -2.44 9.03 172 257 261 279 215 
-1.97 -5.37 1.89 -1.4500 1.3400 -6.4100 -2.4144 -3.9533 -0.8000 3.53 -7.02 5.86 176 209 225 256 224 
9.98 2.51 -4.28 2.7400 5.2400 -2.5700 0.3167 -8.1322 -5.1044 8.59 -1.05 -4.60 179 231 241 288 228 
15.68 -0.95 -12.35 8.2300 -2.7100 -5.5500 1.8722 -1.4411 0.5978 5.83 -0.07 -7.88 184 242 243 301 228 
7.47 -3.22 -12.02 -1.1500 2.5500 -4.7800 7.7144 1.8278 1.5289 5.47 -6.89 -4.31 191 381 347 370 224 
-0.15 -0.85 0.58 -4.3200 6.8200 0.9400 0.7822 0.5400 -0.0033 5.33 -8.23 0.08 197 386 357 380 224 
6.08 -5.77 0.61 1.2700 2.2900 0.1300 -1.6867 3.6444 -0.6544 5.71 -7.95 0.52 190 328 328 351 221 
5.98 -7.39 0.76 5.3500 -0.1600 0.7000 -2.4678 4.4867 1.2300 4.44 -8.64 1.30 121 231 219 232 216 
2.08 -10.82 -0.10 1.0900 -0.9400 0.1500 -1.4656 1.5178 2.3578 0.47 -9.78 -0.46 104 235 221 231 215 
-1.95 -9.00 -0.48 -1.2200 0.3000 0.6800 0.1044 -0.7900 -0.0544 -0.38 -9.77 -0.70 109 240 227 237 216 
-3.12 -10.74 -4.31 -2.4700 -0.1200 -3.9000 1.6544 -8.8200 -2.7900 1.77 -9.64 -0.11 110 245 226 234 215 
8.35 -4.40 -3.52 3.5600 4.2100 -1.8500 1.8789 -5.5033 -2.6456 5.41 -8.06 -1.30 109 248 233 239 215 
8.13 -6.96 -1.48 0.6200 0.5000 0.5000 0.0378 -0.8378 0.1900 5.48 -7.80 -2.27 110 250 232 240 217 
10.74 -4.45 0.93 5.1800 3.7800 2.4000 -3.3767 9.8911 0.2900 6.26 -7.54 -0.19 151 272 265 275 218 
3.01 -6.87 -1.76 -3.1800 -0.3800 -5.3700 2.3433 8.4078 -2.5533 2.38 -6.17 7.23 167 342 308 349 215 
5.72 -1.05 11.35 2.3300 0.5200 1.8600 1.7433 1.1156 -1.7044 2.36 -0.89 9.47 174 376 327 369 212 
;
