7.59 4.43 4.53 0.0200 0.0000 0.0600 -0.1133 -0.0156 0.0622 7.56 4.31 4.50 183 250 291 311 203 
7.84 4.37 4.70 0.2800 0.4000 0.4300 0.1011 -0.2389 0.0356 7.65 4.21 4.46 183 277 299 320 208 
10.09 10.45 4.32 1.7500 5.9300 1.3800 -1.7033 -0.1044 0.6389 8.49 3.70 3.21 165 340 241 256 213 
6.24 -1.38 1.60 -3.9700 -4.2000 -1.8900 -2.0600 0.7556 -0.6467 9.00 2.13 3.25 106 328 179 184 166 
5.33 1.16 1.50 -0.2700 -1.4300 -1.8900 2.2311 -0.4578 -1.1644 7.59 4.98 3.67 107 343 182 190 171 
12.67 8.02 4.85 4.4300 2.8300 3.0900 1.0767 -0.2233 1.5133 8.36 4.74 1.92 108 353 190 195 173 
9.79 4.12 3.00 0.2900 1.2500 1.5000 -0.4533 1.1322 2.7978 9.42 1.07 2.47 113 361 192 197 172 
5.40 -0.22 3.81 -3.9300 1.3000 0.4000 -1.5256 0.4300 1.2211 8.90 -2.33 3.36 116 376 194 199 172 
4.32 -0.86 1.57 -4.4200 1.8200 -1.6700 -1.4389 -1.5222 -1.6500 9.51 -1.43 1.90 117 387 198 201 168 
10.02 2.13 -3.49 1.0400 1.6000 -4.2300 0.4078 -0.9544 -2.2711 9.55 2.19 0.33 117 384 199 200 169 
11.39 4.50 -1.37 1.8900 0.4000 -0.7100 1.7189 0.3178 -1.7256 8.55 4.73 -0.72 119 387 200 203 171 
14.44 7.71 2.11 5.4300 2.6800 2.9700 0.8444 1.1278 1.6678 8.84 4.20 -0.51 120 374 198 205 174 
7.08 3.67 1.47 -1.7500 1.7700 1.6700 -0.2511 1.3300 0.8022 9.58 1.86 0.89 121 356 201 207 180 
13.68 -0.61 0.26 3.5000 -0.9400 -1.6100 0.4211 0.9189 1.7633 9.59 -0.22 1.99 119 350 196 204 180 
6.33 -1.50 0.04 -3.1800 -0.2800 -3.5600 1.5522 1.3533 0.4956 8.78 -0.93 4.25 119 330 195 204 178 
6.00 1.95 5.13 -2.3500 2.3600 0.0400 0.0844 0.6967 -0.4078 8.06 -0.17 5.57 117 335 198 206 178 
7.96 1.82 5.41 0.1500 1.5900 -0.9100 -1.2700 0.4311 -1.0211 7.55 0.02 6.25 119 338 200 207 177 
8.06 -0.41 5.60 0.0900 -1.3500 -2.0400 -1.1656 0.8744 -0.5422 6.57 -0.52 7.25 120 362 204 209 178 
3.92 -2.51 7.87 -2.4700 -1.6200 1.1200 -0.2267 0.7922 -0.1056 5.59 -0.90 8.00 119 386 203 210 178 
3.89 -1.45 10.25 -1.9200 -0.4700 2.3700 -0.5756 -0.8100 0.3767 6.01 -1.55 7.58 120 335 202 210 183 
8.02 -4.24 4.79 0.6300 -2.7000 -1.8100 1.0567 -2.3500 0.3133 7.87 -1.39 5.67 119 328 201 210 184 
9.50 0.57 1.81 1.4400 1.9800 -1.8200 2.5411 -1.8344 1.2633 9.19 -0.94 3.28 119 302 197 209 186 
10.10 1.22 2.48 0.5300 2.3900 -0.2100 0.7778 0.1589 0.0100 9.26 -1.06 3.02 120 316 199 211 186 
10.04 0.95 2.38 0.8500 1.6500 -1.1800 -1.7333 0.6967 -0.9067 9.08 -0.64 3.64 120 328 202 211 182 
10.34 0.15 3.63 1.6800 0.4800 -1.3500 -2.5122 2.3900 -1.2000 7.80 -0.77 5.88 121 338 203 210 179 
5.47 -3.28 6.02 -1.1800 -1.8400 -1.3600 -1.6856 3.2089 -0.7478 4.76 -2.07 8.31 121 350 203 213 178 
2.20 -3.23 9.78 -1.7200 -0.6700 0.7000 -0.1833 -0.3567 -0.0167 4.35 -2.40 8.44 122 357 203 214 178 
1.31 -3.88 5.26 -4.4900 -1.5800 -4.2500 -0.8756 -1.4089 0.7500 5.55 -3.55 7.25 132 328 203 216 191 
;
