2.66 7.02 6.33 0.1700 -0.0900 0.1100 0.0367 0.0311 -0.0078 2.48 7.21 6.15 188 347 366 395 224 
4.04 14.96 7.98 0.5800 3.0200 0.7000 0.3589 -1.4589 3.3533 4.95 7.13 4.56 194 360 273 298 221 
4.96 3.64 4.29 -3.2600 -2.0200 -1.2800 -1.1467 0.0711 2.8667 7.72 3.16 5.14 188 319 163 185 193 
3.73 2.35 0.79 -4.5800 -0.6900 -2.5700 1.0400 -0.3622 -0.2811 8.24 2.03 4.89 169 328 161 196 192 
11.35 5.07 1.67 3.0400 1.6800 -2.0600 1.9633 0.0222 -0.4878 8.13 4.02 3.71 172 343 172 198 191 
15.10 7.73 5.37 6.1400 3.5200 2.2600 1.1067 0.3967 2.1244 8.69 3.27 3.14 176 354 175 200 192 
5.78 2.54 6.81 -2.8200 0.7900 1.5600 -1.2056 1.5967 2.5300 7.90 -0.07 5.80 176 357 177 203 189 
-0.19 -0.78 3.70 -8.2000 1.4000 -2.9300 -1.7244 -0.0144 -0.9644 7.50 -2.39 5.83 177 370 179 202 187 
5.45 0.77 -1.29 -2.4200 1.8800 -6.0100 0.3133 -1.1478 -3.1822 8.87 0.62 4.11 175 378 182 203 187 
12.16 6.26 0.82 4.0500 2.4900 -2.2300 2.5344 0.0900 -2.1611 7.76 5.27 2.83 172 380 187 204 189 
12.29 10.36 4.52 4.9000 3.8100 2.8000 1.8456 0.8411 0.8011 7.22 6.43 1.60 172 378 189 205 189 
5.43 5.48 2.55 -4.3600 0.1700 0.0500 -0.8944 0.5933 2.1256 8.84 3.51 2.35 172 374 184 205 189 
11.23 10.48 6.39 5.2200 5.8900 2.7600 -1.9644 0.2444 1.3211 8.49 2.38 4.27 179 254 262 310 215 
5.83 0.36 0.10 -0.6100 2.7200 -5.5800 -6.5978 1.5867 5.5022 4.82 -6.82 5.12 124 225 262 280 211 
-2.48 -7.65 -5.28 -4.1300 1.7200 -3.6200 -2.3889 2.0956 2.0278 -0.76 -9.77 -0.15 129 234 246 268 211 
-3.60 -10.44 0.11 -2.5500 -1.1700 1.2700 -0.8389 -0.4456 0.1433 -1.45 -9.51 -1.87 131 236 242 261 206 
-3.23 -9.19 -3.00 -2.2300 0.7600 -1.4100 0.6522 -4.2233 -2.1589 -0.11 -9.75 -1.03 134 235 237 259 207 
3.19 -7.16 -4.15 -0.4100 2.8800 -5.2900 1.9300 -7.1878 -3.2811 4.03 -8.91 -0.68 135 232 233 259 208 
8.30 -6.37 -2.60 0.9100 1.1000 -1.6400 2.0444 -2.7900 -1.8378 6.44 -7.31 -1.05 137 234 235 256 207 
8.54 -6.16 0.13 2.3700 0.6700 1.2300 0.0656 -0.5578 -0.0678 6.96 -6.74 -1.47 139 240 234 258 207 
8.18 -5.72 0.83 1.5800 0.2600 2.0300 -0.6267 2.5600 -0.7333 7.41 -6.39 -0.59 155 229 215 211 171 
7.35 -5.90 -0.14 -1.0200 -2.4300 -4.2000 -0.2378 7.8233 -4.5100 6.79 -2.29 6.68 176 189 174 204 180 
-0.22 0.29 5.20 0.9500 1.3300 -4.4600 1.2867 9.4567 -2.0522 -5.76 -0.05 7.93 192 181 174 201 183 
-11.50 1.68 6.29 -2.5800 0.7600 2.2200 0.5767 0.3156 1.0789 -8.60 1.76 4.37 194 185 174 202 178 
-11.14 4.60 7.47 -2.5600 1.9600 2.8200 -0.0167 -0.3156 0.1878 -8.07 2.60 4.91 193 186 175 205 178 
-8.59 2.60 5.48 -0.8000 -0.1800 0.5500 -0.0644 0.0244 -0.0222 -7.92 2.70 5.10 195 188 178 205 179 
-6.68 2.65 5.50 1.2000 0.3800 0.3700 -0.2256 -0.6044 0.3533 -7.65 2.69 5.50 191 195 178 206 179 
;
