-2.03 3.63 8.83 -0.0400 0.0700 -0.0800 0.0078 0.0033 -0.0022 -2.02 3.54 8.91 187 403 378 414 232 
-2.17 3.54 8.77 -0.1100 -0.0100 -0.1800 0.0089 -0.0033 -0.0178 -2.02 3.54 8.91 185 405 378 412 233 
-2.19 4.40 9.82 -0.3700 0.7900 0.9600 0.4856 -0.7178 0.8833 -1.37 3.85 8.90 185 372 360 407 233 
1.91 3.51 9.73 -0.8000 0.5800 0.7600 -1.6222 0.0500 1.1811 2.82 2.37 9.08 167 357 253 229 225 
2.96 0.45 5.52 -2.2400 -0.3700 -2.6600 0.9522 -1.2778 0.3078 5.82 1.91 7.65 126 354 183 186 170 
12.26 5.71 6.59 6.0200 2.4900 0.1800 1.7322 -0.2144 0.7867 6.74 3.44 6.23 129 358 186 188 172 
8.51 5.78 10.64 0.3900 2.2800 4.2600 -0.4978 1.0978 2.3244 7.14 1.97 6.41 134 361 194 195 176 
2.17 0.38 5.69 -5.6200 0.9500 -1.6900 -2.1267 -0.2067 1.2444 6.89 -1.94 6.69 136 365 196 199 179 
3.52 -1.71 0.95 -3.2000 1.1900 -4.8900 -0.1911 -1.3178 -1.6800 8.29 -1.96 4.84 138 371 199 202 180 
9.27 1.69 -0.40 0.5500 1.8900 -3.9700 1.3578 -0.4667 -2.4544 8.97 1.66 3.59 140 375 202 205 179 
10.25 5.99 2.84 1.9800 2.2700 0.1500 1.7256 0.0411 -1.3389 8.21 4.71 2.55 140 376 199 204 180 
11.71 7.78 4.30 3.7100 2.6400 2.3600 0.6111 0.6289 0.5544 8.19 4.97 2.07 142 374 201 206 183 
9.15 5.32 3.95 -0.3600 1.1500 0.4400 -1.2133 1.0778 1.9067 8.71 2.50 3.74 143 371 203 207 183 
3.20 0.03 1.23 -5.3500 -0.8700 -3.1400 -0.8556 0.9122 -0.3800 8.39 1.15 4.93 154 357 212 212 189 
17.52 6.60 10.52 8.8100 5.2600 4.4100 -4.4833 2.1067 3.0633 6.80 -3.17 6.30 177 302 304 334 222 
1.49 -5.47 2.27 -2.5200 3.1900 -2.6000 -3.6222 4.0678 1.7056 1.10 -9.04 3.63 194 377 357 385 225 
-0.49 -10.24 -6.00 0.0600 -0.1500 -8.7100 2.1400 -0.3900 -1.0078 1.47 -9.01 3.55 199 385 361 391 228 
3.97 1.41 4.88 0.1100 7.4800 1.2500 6.0267 -1.1411 -0.8478 3.89 -2.86 8.53 200 386 360 390 228 
7.89 3.13 15.71 2.8800 4.3100 4.3700 -4.4100 -0.1078 0.9856 4.01 -4.26 7.86 200 389 362 390 229 
0.87 -8.15 0.17 -1.5900 -0.6000 -5.5000 -2.3944 1.0867 0.0689 2.41 -8.30 4.62 200 388 363 389 228 
1.28 -7.80 -3.07 -1.2100 0.7000 -8.9100 4.8900 -0.9322 -0.6422 3.01 -6.12 7.03 200 377 359 388 229 
6.52 3.79 20.02 2.7200 6.0400 10.4000 -1.1767 -2.2300 0.6656 4.74 -3.29 7.92 197 317 316 327 224 
1.78 -3.36 -5.18 -5.8300 3.8000 -4.1400 -0.5211 -9.8978 0.6267 7.40 -6.03 -2.20 183 232 230 266 220 
8.98 -3.81 -9.19 4.5900 0.0400 -3.5900 -4.8178 -4.1044 0.2433 2.50 -1.77 -9.31 192 238 238 293 230 
3.72 -0.96 -14.86 2.6300 -1.4000 -4.7900 0.2989 -0.2989 -0.4233 1.78 0.25 -9.63 200 256 252 312 232 
6.01 -3.40 -14.73 1.5600 -2.5000 -6.5200 4.6022 0.9667 0.0622 2.31 -3.67 -8.79 205 325 331 362 236 
0.07 -1.38 -4.06 -4.4200 6.0000 2.1900 2.7511 1.7189 0.3344 4.28 -8.04 -3.61 212 389 361 382 237 
3.35 -4.17 -1.39 -0.9100 3.4800 1.0400 -0.3211 0.0689 0.1111 4.45 -8.27 -2.80 211 387 361 377 236 
4.32 -5.27 -3.16 -0.5200 2.5900 -0.0800 -2.3489 2.2011 -1.3711 5.73 -6.89 -3.96 196 305 307 330 234 
;
