2.12 3.07 9.19 -0.3400 0.2000 0.1800 -0.0089 -0.0156 0.0089 2.39 2.88 9.05 182 290 308 333 206 
2.25 2.98 9.08 -0.1900 0.0800 0.0200 -0.0022 0.0122 -0.0078 2.40 2.88 9.05 181 289 308 333 207 
2.32 2.94 9.03 -0.0600 0.0400 -0.0100 0.0156 0.0678 -0.0156 2.37 2.89 9.06 179 290 308 330 205 
1.07 4.00 10.98 -1.6000 1.0800 2.3400 0.9878 -1.4178 0.9644 3.30 3.28 8.62 180 313 229 282 205 
5.12 2.75 8.32 -0.6600 -0.4100 -0.0800 -1.2022 2.4011 0.5889 3.55 1.84 8.94 172 307 158 165 187 
1.17 1.53 7.57 -1.5500 -0.2700 -2.7700 -0.0133 0.7422 -0.0256 2.29 1.75 9.37 171 319 155 164 150 
1.43 2.96 9.00 -1.0700 0.0000 -1.1300 0.9722 -0.7044 0.7033 1.93 3.03 9.12 175 337 155 169 167 
3.65 4.82 12.07 1.1500 1.6700 3.4700 -0.3756 -0.3322 1.4911 2.98 2.92 8.86 178 348 158 163 168 
1.21 2.31 11.46 -2.2300 1.0600 1.9200 -2.4200 0.2800 1.2733 3.53 -0.42 9.13 179 349 162 171 169 
-0.22 -1.99 5.89 -3.5300 0.1500 -3.4700 -1.2178 0.2856 -0.9056 3.13 -3.09 8.76 177 352 158 172 171 
2.73 -0.82 3.97 -0.2700 1.8500 -4.6000 1.6400 0.4544 -2.2411 3.34 -1.15 9.14 179 355 157 173 170 
5.51 4.20 8.34 3.2300 2.6400 -0.7200 2.4289 0.2622 -0.6789 2.97 2.73 8.93 178 353 160 177 171 
4.47 5.19 9.28 1.8200 0.5800 1.2200 1.3356 0.5289 1.0089 2.74 4.82 8.08 181 353 162 177 172 
2.68 7.13 12.32 -1.1300 2.1800 4.6900 -0.7800 -0.3267 1.6367 3.76 4.45 7.88 179 353 161 178 174 
1.80 1.91 5.09 -3.1200 -0.8900 -4.4200 -1.1278 0.2600 0.0533 4.50 1.49 8.57 187 358 163 178 175 
4.69 6.43 10.26 0.2900 3.0100 0.6000 -3.2067 2.6556 -1.0189 2.22 -0.02 9.54 182 213 170 195 191 
-6.91 -8.96 4.86 -3.3000 -3.6100 -3.3400 -0.9744 2.9444 -3.2344 -2.57 -6.68 6.69 184 390 182 197 171 
2.53 -3.61 6.41 3.5000 2.8200 -0.5400 0.6500 1.2933 -0.3244 -2.12 -6.33 7.17 187 395 184 201 170 
-0.78 -8.73 11.48 0.1100 -2.9300 4.3500 -0.4100 -1.0911 1.0089 -1.76 -5.84 7.67 188 397 185 202 170 
-5.26 -6.70 7.90 -4.1200 0.4900 0.5900 -2.4500 0.3667 -0.6589 -1.46 -7.96 5.53 189 399 187 204 170 
-3.06 -5.85 4.17 -2.2900 3.0500 -0.4000 -1.3867 1.1756 -1.7444 -0.02 -9.29 3.12 190 399 186 204 171 
0.54 -5.31 1.31 -0.5800 3.8200 -1.5400 1.0922 1.7889 -1.3367 1.45 -9.02 3.55 190 400 185 206 173 
5.67 -3.96 6.71 3.9600 3.6800 0.9300 2.9111 1.1167 0.1067 0.81 -7.09 6.72 187 398 189 208 170 
2.99 -6.60 13.32 2.8800 -2.1600 5.1400 1.8522 -0.4933 2.6411 -0.56 -3.76 9.03 195 397 189 210 171 
-4.04 -5.28 11.20 -3.4900 -0.2800 1.3400 -2.0978 -0.6322 1.3889 -0.93 -5.16 8.28 194 398 191 206 171 
;
-2.93 -3.43 5.33 -1.4200 2.2300 -2.5600 0.2822 -0.2211 0.0089 -0.69 -5.94 7.77 192 398 191 209 173 
-1.07 -6.20 8.94 -0.8600 -1.2500 -0.0300 3.0400 -3.4011 3.1678 0.48 -3.47 9.15 189 383 202 210 196 
4.94 2.20 5.60 0.8700 2.8200 -1.7700 3.1867 -2.1044 0.5711 5.66 2.10 7.72 188 366 261 249 206 
3.99 3.15 8.13 -0.0400 0.3300 -0.2500 -0.3867 2.0267 -1.0811 3.74 3.01 8.54 183 354 177 182 180 
6.26 5.96 7.20 2.4500 1.6700 -0.6400 1.7356 -0.4300 0.5867 3.81 4.82 7.63 191 362 161 187 173 
5.08 6.56 12.77 0.4500 1.4900 5.1000 -0.2467 -0.8767 1.8078 5.23 4.26 7.10 198 364 169 190 174 
4.50 3.74 8.20 -2.1200 1.1300 -0.2000 -2.4189 1.0200 1.2856 5.26 0.51 8.25 195 371 175 191 171 
0.01 -1.15 4.39 -4.1400 0.1300 -4.5100 -0.9567 0.0756 -1.4622 4.56 -1.20 8.59 198 373 174 192 171 
5.89 3.23 3.98 1.4900 2.9500 -4.2800 1.4556 -0.0400 -2.0711 4.73 1.56 8.44 200 375 177 193 173 
6.26 5.84 8.55 2.1300 2.1100 0.1200 1.5800 0.8033 -0.4844 3.59 4.32 8.03 203 381 176 198 175 
3.56 4.95 8.66 -0.0800 0.0800 1.5400 1.7100 -0.0233 0.4889 3.30 5.90 7.09 200 381 176 197 177 
3.74 8.73 10.57 0.5500 2.8400 3.9400 -0.0867 -0.2522 1.3878 4.51 5.91 6.38 199 381 180 198 177 
3.72 5.33 7.30 -1.5800 0.3300 -1.0600 -2.0444 0.7067 1.0133 5.15 3.17 7.71 195 379 184 197 177 
3.80 3.17 6.27 -0.7300 0.9500 -0.7400 0.2767 -0.1378 0.0167 4.79 2.98 8.01 199 375 176 201 186 
4.95 4.72 9.99 1.0500 2.2700 1.6200 -2.7156 4.5722 -1.1156 1.64 1.45 9.55 193 397 204 224 205 
-3.95 -5.58 5.82 2.3600 -2.1700 -2.7400 -2.2644 3.5056 -1.8800 -5.12 -4.40 7.10 188 398 183 193 190 
-4.43 -4.67 6.36 0.4400 0.3600 2.3500 -0.5267 -0.2189 -0.0722 -5.74 -5.36 5.86 193 401 188 204 191 
-9.63 -5.70 5.28 -3.9500 1.2800 0.2400 -1.4744 0.2733 -2.3422 -4.39 -7.64 4.28 190 406 190 208 191 
-3.87 -3.43 2.50 -1.2700 5.0500 -1.1500 -0.2133 0.7000 -2.8878 -0.92 -9.32 2.89 195 405 191 205 191 
2.92 -4.79 0.90 3.4900 3.6800 -1.8600 1.9422 1.0589 -1.5522 1.25 -8.55 4.63 194 402 192 212 192 
6.61 -6.80 6.24 5.2100 -0.3000 0.6800 3.0844 -0.4178 0.6333 1.35 -6.08 7.56 194 404 193 212 192 
3.09 -6.10 12.90 1.5400 -1.5000 4.4800 0.5544 -0.0711 2.6400 0.38 -4.27 8.81 196 404 192 211 192 
-3.47 -5.51 10.47 -3.2500 0.0800 1.3700 -1.5422 -0.3222 0.5411 -0.24 -5.81 7.89 197 402 194 212 192 
-0.69 -4.06 5.77 -0.3600 2.1100 -1.5800 0.1211 0.1678 0.0078 -0.33 -6.38 7.43 192 402 192 211 189 
0.38 -5.02 7.53 0.4900 0.9600 -0.3000 0.7633 -0.4056 0.4133 -0.14 -5.75 7.93 196 402 214 231 199 
;
