4.63 3.57 7.96 -0.1300 0.4600 -0.0600 -0.0044 0.0067 -0.0011 4.73 3.16 7.98 176 343 337 364 215 
4.53 3.59 8.03 -0.1300 0.3800 0.0000 0.3933 0.6156 0.0156 4.33 3.41 8.11 177 353 335 365 214 
2.85 5.35 10.18 -1.6700 1.7900 3.5200 2.2433 -1.5133 1.3244 4.75 5.04 6.93 177 370 347 390 215 
6.27 3.08 6.95 0.3800 -0.7300 -0.4000 -2.2878 1.2689 1.5478 5.78 1.85 7.69 122 342 232 251 212 
4.22 0.83 3.71 -1.4700 -0.3600 -4.1000 1.7156 -0.9133 -0.3122 6.86 1.96 6.72 98 345 181 200 178 
9.54 4.33 4.65 3.1700 1.4900 -0.4500 2.1344 -0.2244 0.7078 7.34 3.70 5.34 103 349 188 206 181 
12.52 5.99 8.35 4.0500 2.6700 3.2100 0.1833 0.6511 2.8467 8.25 1.92 4.92 105 356 191 211 181 
3.94 0.87 7.21 -4.1300 0.9400 0.1100 -1.2844 0.7656 1.8111 7.18 -1.75 6.43 105 367 193 211 184 
2.42 -0.83 3.77 -5.7600 2.1300 -2.4000 -0.9011 -1.1522 -1.4456 7.98 -2.59 5.06 106 374 193 213 184 
7.54 0.54 -0.69 0.2600 1.7800 -4.9200 -0.0489 -1.2322 -2.4778 9.31 0.06 3.06 105 381 194 216 184 
11.24 3.30 0.41 2.8500 1.4200 -1.2900 1.5022 -0.5967 -1.6678 9.13 3.19 1.57 108 380 196 219 185 
12.78 5.91 2.97 3.3300 1.6300 2.2100 1.2022 0.0089 0.2356 8.91 4.04 0.59 109 373 196 220 185 
9.39 4.35 2.58 -1.3300 0.6700 1.2600 -0.2578 0.4022 1.5300 9.46 2.34 1.02 109 370 195 219 187 
8.01 2.72 0.37 0.4500 0.8800 -0.8000 0.1378 -0.0867 -0.5567 9.38 2.54 1.29 111 369 200 220 186 
15.43 4.13 1.63 5.0500 1.6500 1.2200 0.3300 1.4344 1.1211 9.33 2.09 2.14 112 369 201 223 185 
7.71 1.39 5.39 -1.6900 0.9100 1.1900 -1.1733 1.5978 1.8789 8.48 -0.80 4.85 113 370 202 222 187 
1.83 -1.12 3.03 -5.9900 1.1600 -2.2100 -1.3500 0.3111 -1.5278 8.08 -1.97 5.18 114 375 201 225 187 
7.05 2.12 0.39 -0.5200 2.8000 -4.2000 -0.1411 -0.0233 -3.1489 8.75 1.27 4.23 116 374 201 224 188 
10.62 5.45 2.13 2.9500 1.9700 -0.8600 1.9444 0.4111 -1.5967 7.82 4.79 3.46 114 374 205 225 188 
10.87 7.54 5.87 3.6000 1.8900 3.4000 1.3167 0.7478 0.6444 7.41 5.79 2.75 117 374 203 225 189 
7.98 6.24 6.15 -0.2500 1.7200 2.6200 -1.5389 0.4889 2.1256 8.40 3.30 3.82 117 371 205 225 188 
4.78 2.37 2.64 -5.0200 -0.0200 -2.7000 -0.9011 -0.0689 0.4044 8.52 0.98 4.74 119 365 206 225 189 
6.75 2.86 3.18 -3.2100 2.2700 -0.6700 -0.9744 -4.6233 2.1211 9.71 -0.57 1.19 163 237 276 340 210 
7.31 -2.60 -5.98 0.9800 -0.5700 -0.9800 -3.5256 -6.2633 2.8233 4.55 -2.48 -8.32 179 223 256 343 220 
4.43 -3.13 -13.07 2.1800 -1.5500 -3.9100 -0.3489 -0.0067 -0.1200 2.91 0.02 -9.36 189 251 271 367 223 
7.92 -2.47 -14.30 4.5400 -1.0300 -4.8400 3.0411 1.2311 1.0544 3.59 -3.15 -8.56 192 287 309 398 223 
2.50 -2.29 -3.25 -4.0700 4.8700 2.1900 3.6822 2.1522 0.7533 5.28 -7.93 -2.29 203 382 359 394 221 
4.00 -4.52 0.38 -1.4700 3.0900 0.9400 -0.1133 0.0133 -0.0356 5.46 -8.10 -0.77 206 383 364 400 221 
;
