-0.03 2.08 9.28 -0.5700 -0.5200 0.1000 -0.0378 0.1411 -0.0478 0.59 2.52 9.45 177 340 208 221 205 
1.29 2.72 9.50 0.4000 0.1800 0.1000 0.0744 -0.5678 0.1056 1.24 2.61 9.36 182 344 216 221 209 
0.94 4.22 11.76 0.9300 2.6700 3.5600 -0.9311 -3.4733 0.5056 4.51 2.35 8.38 160 366 212 212 201 
5.50 -0.41 -1.38 -6.0300 -3.1400 -5.6400 0.6311 -1.1722 1.0956 4.93 0.40 8.46 154 380 199 211 200 
13.18 5.05 6.73 7.5300 2.9400 0.3000 2.1544 0.3033 1.6178 5.46 2.26 7.82 144 389 202 206 198 
6.27 4.06 13.11 -0.8700 3.0400 5.4600 -0.7489 1.7156 2.5578 5.39 -0.22 8.18 145 393 205 203 191 
0.20 -0.59 7.97 -3.9400 2.0900 -0.6700 -2.4633 0.5789 0.0800 3.65 -3.71 8.30 149 391 213 204 186 
0.07 -1.07 1.53 -3.8800 3.5900 -6.1100 -1.1856 -0.5844 -2.9944 5.35 -4.40 6.94 144 391 214 199 184 
8.89 -1.36 0.60 2.1300 1.1200 -5.6700 1.5978 -0.6944 -2.0256 7.44 -1.55 6.18 147 390 211 200 184 
14.14 2.42 3.26 6.8400 2.0300 -0.8700 2.3789 -0.3422 0.6478 8.07 1.11 5.45 148 391 212 205 190 
3.59 0.68 7.38 -3.2400 -0.3500 1.2800 -0.6833 2.9100 -0.4756 5.73 0.90 7.89 184 345 221 236 220 
0.89 2.04 9.44 -1.3800 0.3100 0.0700 1.3467 1.1478 -1.2889 2.47 2.36 9.18 180 354 299 326 222 
;
3.75 5.54 11.59 0.7000 -0.1100 0.7500 -0.2578 -0.3800 -0.3600 2.01 4.06 8.69 180 367 318 340 219 
2.13 4.57 9.27 -0.2200 0.1500 -0.2000 0.0100 0.2144 -0.1344 1.47 4.13 8.76 180 370 317 337 220 
2.25 5.80 10.98 1.7500 2.4200 2.6700 0.3156 -1.0633 0.2067 2.16 4.26 8.56 177 371 247 260 223 
2.66 1.05 8.85 -0.5400 -2.0400 -1.6600 -1.4411 -0.4867 1.1167 3.05 1.47 9.20 182 369 176 198 204 
6.78 2.23 5.37 5.5900 2.2500 -2.1100 2.0611 -0.7722 1.1533 3.38 2.11 8.95 146 372 198 196 197 
5.03 4.28 14.15 -0.9600 1.9100 5.5300 -0.5944 0.0622 2.2222 4.64 1.37 8.52 150 377 196 197 196 
2.91 -0.38 8.55 -1.8500 0.1300 -1.5000 -1.9878 0.2578 1.3878 3.76 -2.38 8.73 145 379 197 200 195 
0.14 -1.18 5.52 -3.8100 2.7000 -3.2000 -1.9500 -0.2767 -1.1178 4.38 -4.64 7.44 143 380 198 198 194 
5.80 -1.97 2.32 -1.4000 1.6000 -4.3800 -0.4344 -1.3644 -1.4311 6.59 -4.47 5.71 144 374 200 197 195 
7.76 -1.66 1.54 0.0600 0.9600 -3.9600 1.1556 -1.5467 -1.5544 8.33 -1.94 4.78 146 379 203 199 195 
14.09 1.11 1.06 4.0700 1.1800 -1.3500 2.1467 -1.0422 -0.4889 9.22 0.51 3.29 146 373 200 199 197 
9.53 1.89 7.63 0.4900 1.1100 3.7000 -1.2289 1.2733 0.7011 9.09 -0.35 3.64 184 360 218 247 231 
7.30 -0.28 6.41 0.6600 -0.3800 -0.3700 0.2644 2.7767 -1.3911 5.60 1.07 7.97 179 367 320 367 226 
5.88 1.77 8.76 0.5700 0.3200 -0.2100 -0.0611 -0.0411 -0.2211 5.04 1.65 8.24 182 362 323 367 225 
;
5.69 2.07 8.25 0.3100 0.0800 -0.0700 0.0433 0.3878 -0.1878 4.78 1.88 8.35 177 363 323 358 228 
5.27 1.90 8.03 0.2100 0.0600 -0.4100 -0.0911 -0.0522 -0.0156 4.91 1.84 8.27 179 363 326 352 225 
5.16 1.69 8.92 -0.0600 -0.0400 0.8400 -0.9989 -0.8789 0.3211 5.62 0.91 7.98 177 346 192 208 215 
8.49 1.61 2.11 8.5000 1.5700 -0.2800 2.3467 -2.2222 0.7311 7.52 0.73 6.24 152 359 193 196 193 
8.49 3.87 12.42 -1.3200 2.2600 4.2400 0.4044 1.5878 2.5044 6.64 -0.16 7.20 151 366 194 200 194 
2.48 -0.23 7.74 -5.2700 1.1200 -1.3100 -1.8289 -0.2811 1.0189 5.32 -3.09 7.62 147 375 202 206 189 
-0.76 -0.75 3.99 -6.7000 3.6300 -3.0700 -2.4067 -1.2111 -1.8556 6.86 -4.64 5.23 147 372 199 204 192 
7.50 -1.67 -2.64 -0.6900 1.9900 -5.9100 -0.3211 -0.9700 -2.6811 9.15 -2.29 2.67 145 368 204 206 195 
12.60 1.97 -2.23 2.5400 1.7500 -4.0800 1.2356 -1.6000 -1.5578 9.74 0.80 0.68 144 362 205 207 192 
16.63 1.85 -2.90 5.7000 -0.0700 -1.1500 2.1744 -1.1944 0.3578 9.59 1.27 -1.55 154 365 207 208 195 
9.70 1.95 3.50 -0.0100 1.5300 3.3300 -1.5022 2.5122 0.6611 9.80 0.00 -0.06 179 363 217 269 226 
10.11 0.02 0.91 0.0500 0.0300 -1.2400 -0.7622 2.6533 -0.3011 8.72 0.17 4.47 183 351 301 347 226 
;
5.18 -0.58 5.39 -1.5500 -1.0500 -1.6000 1.3411 3.4589 -1.2000 4.94 1.70 8.29 177 356 324 361 224 
5.83 4.08 10.36 1.2600 0.7500 1.6200 -0.0489 -0.1067 -0.0956 4.38 2.99 8.24 180 356 331 364 225 
5.26 3.42 8.55 0.3800 0.6100 0.4800 -0.6156 -0.8322 0.5889 5.20 2.24 8.00 181 361 319 332 226 
3.11 -0.66 7.77 -2.1200 -1.1300 -0.8300 -1.0956 -0.6567 -0.1800 5.09 -0.30 8.37 179 332 186 192 201 
13.32 1.65 8.98 6.5400 2.4500 1.3900 2.5300 0.9222 2.4556 5.24 0.22 8.28 169 360 192 191 199 
3.24 1.54 12.09 -2.0800 1.6700 3.6300 -1.2311 -0.0133 2.0800 5.07 -1.30 8.28 154 365 195 194 200 
-0.53 -1.78 5.15 -5.1400 2.3800 -2.3700 -2.3511 -0.5533 0.2944 4.62 -4.93 7.10 149 362 196 196 193 
0.37 -2.06 0.78 -3.5900 3.5300 -4.6300 -0.9544 -0.5411 -2.8711 6.91 -4.58 5.23 149 361 196 196 192 
11.56 1.39 0.63 3.1400 3.8100 -3.6900 1.1089 -1.0433 -2.3878 8.91 -0.83 3.99 148 364 200 198 194 
13.27 2.68 0.31 5.2300 1.5200 -2.1400 1.6511 -1.0022 -0.6667 9.42 1.66 2.15 147 359 206 199 194 
7.55 1.38 8.29 -3.5000 0.5500 4.6700 -1.1000 3.5911 0.6922 8.74 0.67 4.38 179 343 209 228 221 
;
6.28 0.67 6.49 0.0000 0.0200 -0.7700 0.4044 3.0500 -0.6478 4.75 0.85 8.53 184 345 328 352 225 
3.71 1.44 9.17 -0.2000 -0.2900 1.2400 0.9600 0.2744 -0.8111 3.90 1.88 8.79 183 337 348 376 226 
5.07 2.05 7.55 1.7800 0.1100 -0.6200 0.1856 -0.1100 -0.1789 4.13 2.34 8.57 182 344 344 367 224 
4.27 2.64 8.98 0.0700 0.1700 0.3200 -0.2989 0.0767 0.0678 4.19 2.31 8.55 181 336 254 273 224 
2.87 0.28 8.20 -1.4800 -1.3200 -1.0500 0.2067 -0.5256 -0.2700 4.17 1.68 8.71 180 316 193 191 207 
13.75 6.21 8.20 6.3500 3.8300 0.3400 1.9311 1.2933 2.1111 5.31 2.55 7.83 148 364 183 197 205 
3.93 3.77 12.09 -2.3800 2.4000 3.5400 -1.8467 0.8733 2.4933 5.54 -0.37 8.08 147 369 185 202 203 
-1.75 -2.33 5.72 -7.4400 0.7800 -1.7300 -2.2933 -1.2400 0.3744 5.83 -4.14 6.70 149 369 201 205 198 
1.55 -1.63 0.17 -4.7300 3.3000 -5.1200 -1.8178 -1.7556 -2.1000 8.23 -4.06 3.44 147 369 204 206 197 
8.65 -0.60 -2.05 -0.3300 1.5200 -4.1200 0.2556 -1.4511 -1.9856 9.64 -1.13 1.34 142 366 206 210 198 
14.11 2.22 -4.67 7.4400 2.1800 -4.2200 0.7867 0.1078 -0.8456 9.77 0.80 -0.01 142 359 209 210 200 
12.11 -0.21 5.45 -1.4800 -0.4500 3.7200 -0.8389 3.9344 0.9467 9.27 -0.68 3.10 176 344 222 253 225 
;
5.21 -1.73 2.31 -2.0200 -0.7200 -2.8400 1.1322 3.1867 -1.1600 6.30 0.09 7.50 176 350 334 367 225 
2.99 1.88 9.66 -1.0600 0.4300 1.0800 0.4322 0.1589 -0.7711 4.19 1.97 8.64 180 360 335 385 224 
3.28 2.45 9.16 -0.3200 -0.3300 0.1700 -0.4500 -0.8044 -0.0056 4.16 2.37 8.55 177 362 339 375 224 
5.31 2.31 8.92 0.8100 0.1900 0.5800 -0.6556 0.3544 0.3578 4.32 1.79 8.61 177 369 331 338 226 
4.31 -1.37 8.19 0.9800 -1.4400 -0.4400 0.8156 1.1867 -0.3533 3.06 1.52 9.18 178 368 191 204 207 
9.44 6.10 11.53 5.1100 2.7700 4.3400 0.8722 1.0322 2.0233 4.43 2.95 8.23 177 370 184 200 208 
3.76 4.23 9.75 -2.5100 2.3300 2.5400 -0.3967 -1.4456 3.2767 6.60 0.44 7.23 151 371 198 204 200 
-0.74 -1.10 5.75 -7.2400 0.9500 -1.6300 -2.1156 -0.6889 0.4033 6.83 -3.01 6.34 148 375 206 205 197 
2.45 -0.76 0.69 -4.8600 2.3600 -4.3900 -1.4978 -1.4889 -2.3900 8.60 -2.66 3.87 150 376 204 207 198 
12.36 1.55 -3.36 2.6700 2.0600 -5.3100 0.5878 -1.0822 -2.1478 9.66 0.86 1.41 149 376 204 208 198 
14.21 3.35 -2.02 5.1500 1.2100 -1.1800 1.1844 -0.7333 -0.8956 9.44 2.45 -0.95 149 373 209 208 199 
11.55 2.31 1.34 1.3900 0.8400 1.7400 -1.3944 2.3500 1.2256 9.75 0.95 -0.17 176 364 197 211 217 
;
3.17 -0.96 1.37 -3.8500 -2.0800 -4.7200 1.0989 5.6389 -0.8278 4.75 1.62 8.42 180 353 317 342 225 
4.04 2.65 10.18 0.3900 0.5400 1.5900 -0.6544 -0.2933 -0.2767 4.23 2.07 8.59 177 346 332 355 225 
2.35 1.26 8.78 0.2500 -0.5300 -0.2400 -0.4667 -1.2022 0.2522 5.00 1.68 8.26 178 344 332 328 225 
4.65 0.31 8.42 -0.9400 -0.7500 0.0500 -0.8667 0.2044 -0.1678 5.30 0.50 8.22 177 344 299 301 226 
5.92 0.10 5.84 1.3800 -0.3300 -2.3100 1.2233 -0.5089 -0.1778 5.54 1.27 7.99 179 347 173 192 207 
13.19 2.82 10.01 5.4500 2.1500 4.4100 1.6589 -0.2056 2.6678 7.83 0.31 5.88 157 361 197 202 198 
3.13 0.12 8.93 -5.6100 1.7900 2.4700 -1.4189 0.0500 2.2156 7.46 -3.22 5.47 146 364 191 205 196 
-0.90 -2.23 2.70 -9.2200 1.9900 -2.1200 -1.7122 -0.4756 -1.8289 8.00 -3.92 4.07 146 364 200 210 201 
6.74 0.95 -2.41 -0.6000 3.1800 -5.6700 0.0544 -1.2967 -2.8267 9.48 -0.40 2.46 145 363 200 208 201 
14.05 3.05 0.48 4.7600 1.4200 0.1100 0.9400 -1.1100 -1.0833 9.55 2.18 0.01 148 362 202 213 201 
14.56 2.90 1.98 5.1600 0.9500 2.5000 -0.5644 2.1200 0.7011 9.59 1.77 0.96 165 354 192 210 214 
3.56 -0.37 2.14 -5.4600 -1.6900 -4.3100 0.3033 5.2522 0.0167 4.04 0.86 8.89 176 353 326 357 224 
2.42 1.65 9.67 -0.7000 0.0300 0.6900 0.1133 0.0222 -0.2722 3.43 1.77 9.01 179 358 348 379 224 
;
3.48 1.55 7.96 0.2000 -1.0600 -1.0100 -0.3467 -0.7233 -0.2067 4.58 2.30 8.35 176 362 344 370 224 
3.80 1.81 8.43 -0.8400 -0.3800 0.0500 -0.2700 -0.1533 0.2456 4.73 2.00 8.35 175 355 321 317 225 
1.93 -0.10 8.43 -3.5500 -1.3800 -0.4500 -0.7467 -1.3822 -0.0833 5.40 1.00 8.12 177 361 178 199 213 
11.98 5.11 5.48 9.9200 3.9600 -0.1200 1.8822 -1.1478 0.0278 6.12 2.69 7.16 148 362 195 204 200 
9.78 4.98 11.34 0.6700 1.5200 5.3100 0.7178 -0.9911 2.8089 7.86 1.89 5.53 152 362 202 211 200 
5.60 0.13 6.89 -3.0000 0.9900 2.2300 -0.7522 -0.1278 2.6667 8.15 -2.11 5.02 153 365 206 219 199 
0.24 -2.51 5.30 -7.8800 1.6800 0.0900 -2.4211 -0.3500 -0.7000 7.89 -4.38 3.82 153 363 210 215 199 
4.69 0.03 -2.37 -2.5200 3.4100 -4.8500 -0.8344 -0.4178 -2.8289 9.44 -1.76 1.94 143 363 207 215 199 
11.53 2.63 -2.12 2.1700 2.1600 -3.2200 0.9356 -1.2244 -1.5989 9.65 1.62 0.53 145 362 207 216 200 
;
