2.24 -0.51 9.35 0.0000 -0.0900 -0.2100 -0.0022 0.0022 0.0056 2.24 -0.40 9.53 181 337 343 359 220 
2.14 -0.58 9.37 0.0500 -0.1200 -0.1800 0.0022 -0.0300 0.0078 2.27 -0.41 9.53 181 337 342 360 219 
2.31 -0.54 9.30 0.0000 -0.1000 -0.2600 0.0056 0.0067 -0.0044 2.29 -0.40 9.52 182 336 341 359 220 
2.38 -0.52 9.32 0.0000 -0.1000 -0.1700 -0.0211 0.0767 0.0167 2.25 -0.42 9.53 182 336 344 358 221 
2.12 -0.63 9.42 0.1800 -0.2600 -0.0900 0.1667 0.3833 0.1178 1.88 -0.31 9.61 181 345 344 358 220 
-0.40 0.60 12.11 -0.8700 1.3600 2.8400 1.7156 -0.9422 1.4678 1.47 1.46 9.58 156 342 321 329 218 
1.08 -1.62 7.04 -0.8300 -0.3100 -4.8900 -1.3611 -0.1411 1.2200 1.06 -2.33 9.46 158 314 161 163 191 
3.42 -0.15 7.07 2.2400 1.1700 -1.5300 2.1411 -0.7167 0.7822 1.60 -0.34 9.66 162 333 166 182 186 
3.22 0.24 16.90 -0.3400 -0.4200 7.7600 -0.9356 -1.3589 1.9578 3.73 -0.35 9.05 155 339 172 183 187 
0.34 -2.31 8.34 -3.6900 0.7100 -0.4500 -2.2511 0.1333 0.2633 4.23 -3.91 7.93 164 341 179 184 187 
1.34 -0.54 2.62 -2.6100 3.3400 -5.1300 0.6600 -0.0556 -2.7656 5.25 -2.82 7.78 165 343 181 187 188 
9.28 2.03 6.50 3.0700 1.7200 -1.4600 1.9667 -0.2056 -1.0189 5.61 0.73 8.00 158 347 179 188 189 
8.72 2.32 10.55 3.2700 -0.1700 4.4100 1.5444 0.1222 0.8478 5.69 2.89 7.44 159 348 181 187 189 
3.39 1.44 8.26 -4.1500 0.1200 -0.6000 -1.3333 -1.6822 1.8544 7.18 0.15 6.66 5 343 180 187 188 
7.08 1.48 5.88 0.2300 1.9400 -0.3200 -0.4344 0.7367 -0.1011 6.90 -0.42 6.94 169 345 251 272 209 
8.02 0.62 11.96 1.8200 1.5200 3.3400 -2.8533 1.3989 1.8322 4.54 -2.46 8.33 166 289 295 309 209 
0.97 -4.21 4.77 -1.8200 2.3300 -2.1300 -4.1122 2.9689 1.4989 0.74 -8.03 5.56 171 326 314 348 210 
-2.76 -7.98 -0.42 -1.6800 2.0800 -2.2700 -2.5311 0.9056 -1.3511 0.11 -9.78 0.71 170 367 342 379 208 
5.57 -10.81 -3.30 3.5300 -1.2400 -3.2600 0.6900 -0.5211 -0.3589 1.87 -9.62 0.06 172 359 347 377 211 
2.34 -6.57 -3.02 0.9600 4.4100 -5.3500 5.5800 -0.2533 0.8422 1.02 -7.80 5.85 173 361 343 379 212 
-4.33 8.37 8.54 -2.5600 11.8400 7.7300 6.8811 1.5811 1.5244 -1.65 1.82 9.49 180 373 342 382 210 
-1.65 2.85 11.47 0.1200 0.0500 0.2800 -0.9056 -0.2800 -0.3067 -1.07 1.57 9.61 181 373 344 378 212 
-1.05 1.71 8.93 -0.1700 0.6700 -0.7000 -0.3489 -0.2622 -0.2211 -0.77 0.83 9.74 178 360 330 339 212 
0.09 0.29 8.92 -0.0900 0.2400 -0.8600 -0.7344 -0.6644 -0.5444 0.40 -0.33 9.79 173 338 321 328 212 
;
-0.14 -0.39 10.05 -0.4200 0.3900 0.2300 -0.1878 -0.2911 -0.1189 0.63 -0.77 9.75 177 335 322 328 211 
0.46 -0.15 9.42 -0.4000 0.4100 -0.4200 0.1200 0.0456 0.0256 0.69 -0.67 9.75 175 334 321 328 212 
-0.92 0.10 11.50 -0.4900 0.2100 1.5200 -1.1033 0.4467 -0.6200 0.09 -1.12 9.74 176 331 197 197 203 
-0.26 -1.01 8.06 0.3100 0.6700 -0.8400 0.3489 -0.0067 0.1478 0.33 -1.63 9.66 176 327 155 160 188 
5.79 1.14 10.64 4.5700 2.0200 1.2000 0.8011 -1.1300 1.4133 1.78 -0.61 9.62 160 333 167 174 187 
-0.31 -1.49 13.96 -4.2600 0.2400 3.2700 -2.4922 -1.0011 1.6100 3.25 -3.04 8.73 160 339 177 177 188 
-1.97 -2.66 3.57 -4.3700 2.4500 -4.6700 -0.2322 -0.0078 -2.0400 3.78 -4.35 7.92 159 341 173 179 188 
6.15 1.64 5.01 2.4500 3.9900 -2.4100 1.8500 -0.3033 -2.1244 5.08 -0.96 8.33 150 343 176 180 189 
8.18 1.94 9.23 3.0000 0.5600 1.1300 2.1389 -0.1189 0.2356 5.29 1.92 8.02 154 344 178 183 191 
6.91 3.05 13.38 -1.1800 1.1300 4.9800 -0.7278 -0.5678 2.2267 6.20 0.77 7.55 157 345 180 183 190 
2.81 -0.49 3.87 -3.4000 0.2900 -3.4300 -0.1244 0.1856 -0.0844 6.57 -0.86 7.22 157 343 181 182 190 
7.66 0.85 8.37 0.5600 1.7000 1.4800 -0.3511 0.2444 0.0489 6.58 -0.85 7.22 171 359 217 226 207 
9.75 1.46 9.50 3.2800 1.9100 1.5100 -3.7833 3.0089 0.9078 4.69 -2.51 8.23 171 291 301 301 209 
1.04 -4.54 5.34 -0.7200 1.7600 -1.8200 -3.5311 1.5189 1.1478 1.42 -7.73 5.86 171 335 339 357 207 
-3.37 -8.98 0.24 -3.3400 0.4100 -2.5700 -2.4067 0.5767 -0.5256 0.46 -9.67 1.51 168 364 330 364 207 
2.24 -9.42 -0.78 1.7900 0.1400 -1.7800 0.0811 -0.7278 -1.2856 2.63 -9.41 0.73 168 368 335 370 209 
4.35 -10.31 -2.78 1.0100 -0.8300 -4.5400 2.6244 -0.7200 0.7822 2.36 -9.18 2.48 172 364 344 372 211 
-1.78 0.12 -3.23 -3.3400 8.5800 -8.4200 10.3044 -0.0900 -1.1678 2.48 -2.28 9.20 178 358 343 379 210 
3.99 9.08 19.60 0.9500 4.4200 9.4700 -0.0267 -0.3456 -0.0911 2.01 3.37 8.98 179 367 344 382 212 
2.03 1.93 7.63 -0.2600 -0.3100 -1.4900 -0.8389 0.0244 -0.0878 2.15 1.80 9.39 178 366 341 376 214 
0.08 1.78 8.47 -1.6000 0.0700 -1.5300 -0.7178 1.4911 -2.2067 0.25 1.18 9.73 178 358 336 362 212 
;
