-0.61 2.05 9.30 0.1200 -0.1000 -0.0800 0.0178 0.0067 0.0122 -0.66 2.18 9.53 175 381 339 368 215 
-0.57 2.10 9.52 0.0600 -0.0700 0.0800 0.0933 0.0378 0.0233 -0.68 2.27 9.51 176 383 337 370 215 
-1.59 2.87 10.54 -0.1600 2.1800 5.8400 0.3567 -2.6544 0.9844 1.01 2.83 9.33 176 359 312 345 214 
2.13 -1.06 8.80 -0.9900 -1.5100 -4.6100 -2.2111 -2.2467 1.8956 2.81 -1.98 9.18 165 315 172 191 208 
1.20 -0.48 6.40 -3.0700 0.7900 -2.1300 1.3633 -0.8144 -0.9800 4.72 -0.43 8.58 123 327 166 194 204 
8.61 1.89 9.30 3.6400 0.4700 1.6300 1.5933 -0.7911 0.5767 5.45 1.72 7.96 120 329 167 196 202 
7.41 2.35 14.73 -0.8200 0.9500 6.5400 -1.6522 0.9856 2.8444 6.23 -0.49 7.55 128 336 175 201 193 
-0.32 -1.73 4.89 -6.0500 1.9400 -3.7400 -1.6256 0.9644 -0.6322 4.73 -3.78 7.71 124 347 181 202 188 
4.44 1.24 2.38 0.5600 4.3300 -4.7200 1.1278 -0.1811 -2.6156 5.80 -1.50 7.75 119 347 187 203 189 
10.95 2.25 6.56 4.0800 1.1200 -0.6900 2.0333 0.0489 -0.7189 6.11 1.72 7.47 116 349 192 209 193 
8.95 2.85 12.85 2.4400 0.6500 6.6700 0.2778 -0.2278 1.9633 6.63 2.24 6.86 124 353 197 212 195 
1.54 -0.71 1.64 -5.5500 -0.8900 -5.7900 -0.2156 -1.0811 0.8222 8.01 -0.78 5.59 133 345 188 213 195 
8.94 -0.19 4.57 0.2300 0.6900 -0.2400 -0.9567 -3.1044 1.0833 9.27 -1.92 2.55 162 328 195 232 210 
11.03 -6.59 -0.97 3.1500 -2.4400 -0.2200 -0.1800 -1.8689 2.2789 8.09 -5.21 -1.87 7 353 192 202 205 
6.52 -5.37 -3.30 -0.9700 1.3600 -1.2800 1.8033 -0.4244 0.8522 6.79 -6.94 -1.30 154 345 187 200 201 
5.97 -4.83 3.31 -1.1400 1.7300 5.0500 -0.4233 -0.3033 0.0922 6.55 -7.28 -0.26 141 340 196 207 202 
5.80 -7.64 -3.34 -0.7500 -0.3300 -1.8600 -0.6900 -0.2178 0.0478 6.33 -7.24 -1.89 150 353 196 206 202 
6.71 -7.05 -4.14 0.4500 -0.0100 -2.3100 1.4789 -0.3156 0.0300 6.40 -7.32 -1.25 145 324 201 208 203 
6.11 -4.80 7.20 -0.4400 2.0700 6.2000 -1.6044 0.4922 -0.0867 6.50 -7.32 -0.46 149 328 202 210 205 
7.83 -4.69 -2.89 1.1400 0.9400 -2.4900 -3.6956 8.3822 -2.4178 8.05 -5.13 2.20 161 329 245 253 211 
1.02 -4.65 4.65 -2.4400 -0.7300 -2.9300 2.8411 3.4589 -1.4200 1.11 -1.72 9.58 170 367 310 335 210 
;
