3.94 6.47 10.87 2.7900 4.6000 3.0100 0.6056 -2.2000 1.9756 6.08 2.06 7.41 152 366 353 393 226 
3.99 0.36 7.22 -1.5300 -0.3800 -2.5900 -0.0267 0.0522 1.3200 5.16 -0.07 8.33 117 368 199 230 211 
3.34 1.51 5.99 -1.5000 1.2100 -2.5600 1.2833 -0.3833 -0.5467 5.15 1.77 8.15 99 362 174 191 168 
9.69 6.41 5.73 4.6900 3.4600 -1.4700 1.9244 0.5778 0.6700 5.13 3.74 7.46 100 372 177 196 172 
7.36 8.78 13.84 0.6600 6.0500 7.8700 -0.8478 0.3267 2.9100 6.24 2.53 7.12 104 384 179 200 173 
2.11 1.29 6.10 -4.0600 1.9800 -2.2800 -2.8833 0.6733 0.9189 4.90 -2.98 7.95 106 387 181 199 172 
-0.12 -2.02 2.54 -5.3500 1.9700 -5.0500 -0.1467 -1.1833 -2.3333 6.10 -3.43 6.86 105 386 182 201 172 
7.53 2.76 1.17 0.1400 3.4400 -5.3500 2.0900 -0.9789 -2.7544 7.72 0.90 5.97 105 385 184 202 173 
11.56 7.96 2.34 4.9000 4.9200 -0.8600 2.9678 0.1133 -1.2300 7.60 4.98 3.66 108 388 187 205 173 
10.84 10.64 6.16 3.6400 5.0400 3.9300 0.8056 1.2222 1.0500 7.45 5.60 3.02 108 386 189 207 176 
6.43 6.61 4.80 -2.3100 2.8900 0.0500 -2.3189 0.8800 2.5056 8.13 1.80 5.17 109 385 191 208 177 
4.49 1.49 1.93 -3.3100 1.2700 -3.8000 -1.2356 -0.9367 0.6167 8.17 -0.55 5.39 109 374 192 208 177 
10.34 -2.41 1.82 1.1500 0.0600 -1.2600 -0.9100 -2.7600 2.9378 8.64 -4.18 1.97 110 389 190 210 178 
9.00 -7.24 -1.58 2.3000 0.4100 -1.5500 0.6422 -2.2467 2.0456 6.20 -7.53 -0.94 110 396 193 211 178 
6.73 -5.50 -0.11 0.2900 2.2300 0.3600 2.0244 0.0489 -0.5300 5.99 -7.70 0.89 107 355 193 211 179 
7.12 -5.51 3.03 0.4000 1.6000 1.8400 -1.6956 -0.6789 0.6300 5.87 -7.84 -0.02 110 365 194 211 177 
6.32 -7.38 -3.71 0.6000 0.5700 -2.6800 -0.0844 -0.1989 0.2689 5.22 -8.21 -1.19 110 371 195 211 178 
6.19 -7.28 -2.34 1.2600 0.9500 -2.6200 1.9289 0.3533 -0.9478 5.72 -7.95 0.26 109 333 194 211 179 
7.74 -5.42 2.33 -0.1700 1.1200 -0.0400 -1.8911 -0.0922 0.2800 5.90 -7.82 0.00 110 354 198 214 179 
8.23 -6.02 -1.56 1.3900 1.6600 -0.8900 -1.6656 4.5233 -2.0733 7.19 -6.63 0.54 111 360 198 215 182 
5.97 -2.84 3.41 -2.1900 1.5500 -0.9200 1.4167 4.5122 -3.5622 7.07 -2.01 6.48 112 384 201 215 182 
9.41 5.19 5.59 3.1100 3.8200 -1.6300 3.3022 0.6289 -1.0878 5.99 3.00 7.15 113 398 199 217 182 
9.29 9.39 8.83 3.5500 4.8100 3.1900 2.2767 0.1533 1.7122 6.30 4.87 5.71 112 399 201 217 182 
5.06 8.17 8.38 -2.9400 4.6000 1.0700 -3.2189 1.7956 2.0522 6.49 1.10 7.26 114 398 202 217 183 
1.00 0.40 5.18 -5.8200 1.7000 -2.8200 -2.6767 -0.3544 -0.0644 6.16 -3.28 6.88 114 399 198 219 183 
4.73 0.46 0.22 -2.8500 3.5800 -5.6500 0.0389 -1.4578 -3.0367 8.47 -1.52 4.68 113 399 202 218 182 
11.84 6.03 -0.36 2.7800 4.2400 -4.2400 2.7078 -0.3011 -2.1589 8.61 3.22 3.41 113 399 202 217 183 
13.82 10.11 4.14 4.8900 5.2700 2.7700 2.5322 1.2333 0.3133 8.08 5.09 2.20 114 399 202 218 184 
6.97 6.97 4.41 -2.4300 3.0700 0.3600 -1.5267 0.5222 2.5800 9.08 1.95 3.12 113 394 204 217 183 
;
