3.65 1.76 9.07 0.0500 -0.0300 0.0100 -0.0167 0.0044 0.0167 3.48 1.73 8.99 208 305 336 343 235 
3.60 1.62 8.94 0.1000 -0.1000 -0.0300 0.0200 0.0267 0.0000 3.48 1.74 8.99 206 306 338 342 234 
3.57 1.79 8.85 0.2700 0.0000 -0.1400 0.1200 0.5967 -0.0878 3.02 1.88 9.13 196 311 338 349 234 
1.46 4.06 11.50 0.6000 2.4800 3.0200 1.4089 0.1733 0.7256 1.88 3.20 9.07 180 301 310 296 230 
5.14 1.23 10.73 2.5200 1.6900 0.7800 -5.7367 2.2078 2.0822 1.81 -3.28 9.05 151 243 232 231 223 
0.45 -4.75 1.07 1.4700 2.3900 -5.3800 -3.8633 3.9589 1.1444 -3.15 -8.28 4.19 146 254 233 232 223 
-6.19 -7.53 1.84 -1.9100 1.1800 0.2100 -0.4267 -0.7756 -0.3267 -3.68 -8.75 2.42 148 261 240 236 225 
-5.20 -10.17 0.92 -1.8200 -0.7200 -2.6800 -0.5911 -7.6533 -0.9533 -0.24 -9.27 3.17 149 252 235 244 223 
5.28 -7.72 -0.26 0.9700 1.5000 -2.2800 0.9322 -4.9067 -0.8578 3.91 -8.69 2.26 149 249 234 252 218 
12.07 -5.73 -0.02 5.5600 1.3200 0.0400 0.7644 -2.4789 -0.8656 5.91 -7.81 -0.25 150 253 238 255 219 
7.20 -7.42 -0.01 1.2000 0.5300 0.2000 -0.1756 0.5722 -0.2133 6.05 -7.70 -0.36 152 250 237 255 219 
6.24 -7.09 0.07 -0.2100 0.4300 0.3800 -0.1789 0.6433 -0.2800 6.29 -7.52 -0.05 154 259 240 257 220 
7.50 -6.29 -0.26 1.3200 0.9100 -0.4500 -0.5900 4.5778 -1.4633 6.98 -6.51 2.23 183 298 284 292 231 
-0.61 -4.06 -0.06 -5.4800 0.6700 -4.6400 -0.8544 7.1300 -2.5011 -0.22 -6.47 7.35 194 366 194 193 182 
-1.57 -8.01 6.62 -1.4900 -1.1500 -2.1600 2.8678 1.0711 -2.9467 0.65 -4.68 8.59 204 415 199 202 192 
3.36 -4.09 11.08 3.3400 -1.4000 1.9800 1.2756 0.0700 0.6333 -0.18 -2.21 9.55 210 414 203 209 196 
-1.41 -6.29 15.72 -1.9300 -2.0100 6.5500 -2.4789 -1.1322 1.4156 0.48 -3.84 9.00 211 424 207 213 203 
-3.76 -1.65 8.76 -3.3700 4.5900 0.9700 -2.9656 1.5733 -0.9778 -0.04 -7.30 6.54 212 425 216 217 204 
1.09 -3.38 1.75 0.9500 5.0400 -3.4200 -0.4022 1.6722 -1.5178 0.54 -8.39 5.03 212 424 220 218 203 
3.31 -5.55 2.72 2.4900 1.5800 -3.2700 2.7467 0.8000 -0.5678 0.83 -6.50 7.29 214 425 217 219 205 
5.10 -5.70 10.58 4.6200 -1.9400 2.7000 2.6089 -0.7189 1.3711 0.61 -2.70 9.40 214 425 217 222 207 
-0.88 -5.19 13.29 -1.6600 -0.8200 3.1600 -1.3211 0.0056 1.4522 0.21 -3.09 9.30 213 424 218 223 207 
-1.10 -1.56 7.54 -1.3400 1.9700 -1.7200 -0.1011 -0.1700 -0.0144 0.32 -3.92 8.97 213 424 222 223 207 
;
