1.73 1.65 9.52 0.0000 -0.3200 0.0500 -0.0156 0.0389 -0.0156 1.58 1.90 9.48 172 301 333 360 210 
1.59 1.57 9.55 0.0000 -0.2000 0.0700 0.0033 -0.0011 0.0122 1.57 1.85 9.49 172 299 334 360 211 
1.68 1.73 9.52 0.0900 -0.1300 0.0300 -0.0233 -0.0067 0.0133 1.60 1.83 9.49 171 300 334 364 210 
1.31 1.44 9.84 -0.5100 -0.4900 0.3300 0.7467 -0.4411 -0.0578 1.82 2.16 9.38 171 311 334 367 210 
9.68 4.96 11.84 3.9800 1.6100 0.8600 -3.0578 -2.0400 2.6844 5.74 0.53 7.92 106 239 226 256 209 
3.71 -3.54 7.26 0.8600 2.0500 -1.2900 -5.9944 3.7278 2.2700 1.60 -7.13 6.53 105 229 217 236 207 
-1.19 -6.63 0.47 -0.3700 2.0400 -3.2600 -1.7644 0.3511 0.7089 -0.86 -9.49 2.31 110 234 214 229 207 
-3.77 -10.03 2.05 -2.0000 -1.3200 -0.2300 0.0533 -2.5633 -0.6022 -0.28 -9.59 2.02 113 230 212 237 205 
2.19 -7.89 0.15 0.4600 0.3600 -3.7000 3.0344 -6.7800 -0.7500 3.59 -8.30 3.79 100 226 200 236 201 
5.77 -4.45 -3.05 1.0000 2.4600 -6.4200 3.7667 -8.6244 0.1967 7.42 -6.29 1.16 112 228 196 225 194 
9.40 -4.21 2.81 1.2400 1.2700 2.2900 -0.0533 -0.1656 -0.4878 8.22 -5.30 0.59 115 225 201 231 192 
11.36 -4.15 1.63 0.5400 -0.5600 1.0100 1.0378 0.5633 -0.7678 8.70 -4.29 1.39 144 334 292 328 210 
9.17 -5.60 1.94 0.4100 -2.8100 -1.9400 1.3778 0.9056 -1.7533 9.00 -1.46 3.58 165 406 343 376 214 
7.37 1.26 2.46 -1.4300 1.2700 -1.5800 0.7467 0.8300 -1.5500 8.43 1.97 4.59 172 412 355 381 214 
6.16 6.66 4.23 -1.3900 3.5000 -0.7000 -1.0044 0.2078 -0.2389 7.84 2.64 5.26 173 401 345 364 217 
8.21 4.69 4.34 0.9400 2.5200 -1.4000 -1.9644 0.3578 -0.9522 7.47 1.86 6.06 173 331 335 370 217 
8.09 1.42 6.43 0.4700 -0.6600 -0.7500 -3.5900 0.7000 -1.4256 6.70 0.44 7.14 174 283 312 362 219 
5.85 -3.96 4.82 -1.4800 -1.2700 -1.3000 -3.4311 -1.2622 0.2633 7.19 -2.99 5.94 177 231 249 328 217 
6.68 -7.89 5.58 -0.3400 -3.8800 -0.5600 0.1533 -0.2311 -0.4133 7.30 -3.69 5.39 176 244 267 337 218 
7.07 -3.12 5.48 -0.8500 0.2700 0.3900 1.0378 -0.9167 0.4078 7.66 -3.12 5.25 175 237 263 289 214 
6.70 -3.11 5.13 -0.7600 -0.5100 -0.2200 1.6022 0.7811 -1.2211 7.84 -1.79 5.60 168 198 189 198 158 
10.88 -0.28 6.67 2.3800 -1.8600 0.0600 1.4789 1.3233 -1.5244 6.93 1.46 6.77 147 199 168 181 138 
7.57 4.06 6.23 1.6900 1.2000 -1.6900 1.3589 2.5611 0.0444 4.40 3.76 7.91 145 207 158 184 140 
1.83 6.12 6.58 -0.9600 1.6100 -1.6200 0.5211 2.0756 0.1533 2.05 4.76 8.31 152 213 174 182 139 
-2.26 6.25 8.44 -3.0900 1.1600 0.0100 -0.1478 0.0767 -0.5367 0.92 4.96 8.40 157 215 176 189 142 
-0.03 6.43 7.56 -0.9300 1.7800 -0.8400 -0.4144 -2.0333 -1.4989 1.63 4.72 8.43 150 203 178 191 145 
4.03 4.50 5.73 3.3100 0.4700 -2.2800 -0.4944 -1.0944 -2.2122 1.46 4.33 8.67 144 211 172 193 144 
2.64 1.12 10.20 0.9700 -3.8900 1.7600 0.6911 -0.2111 -0.2556 1.18 4.61 8.57 145 222 183 195 143 
0.33 3.55 10.52 -0.2300 -1.0700 1.3500 -0.1522 -0.1122 -0.3144 0.78 4.68 8.57 143 228 182 194 144 
0.08 3.95 8.51 -0.2900 -0.1900 0.2200 -0.0211 -0.0433 0.3200 1.10 4.67 8.55 141 226 184 197 143 
0.55 2.85 7.76 -1.5500 -1.6000 -1.4000 -1.3611 0.1422 1.1456 1.89 3.32 9.03 150 226 180 201 152 
;
