2.78 2.49 9.12 0.3000 -0.2600 0.0100 0.0522 0.1222 0.0333 2.42 2.70 9.10 176 302 310 314 219 
2.18 2.94 10.10 -0.2000 0.1700 1.0600 0.4789 -0.4400 0.3144 2.43 3.05 8.99 150 237 248 265 215 
11.52 1.63 12.46 5.7600 1.6500 3.4900 -4.1933 2.7367 2.7167 4.11 -2.49 8.54 135 211 209 233 212 
-0.73 -4.22 0.13 -0.6000 2.0900 -7.3500 -3.5767 2.7567 1.9256 -2.44 -8.29 4.61 137 216 216 232 212 
-4.96 -7.20 1.35 -0.6700 0.7200 0.3100 -0.7722 -1.0700 -0.0267 -3.35 -9.02 1.85 139 230 221 242 215 
-3.98 -9.59 0.98 -1.0500 -0.7400 -2.0900 0.4589 -5.5933 -1.9111 0.00 -9.41 2.73 139 228 199 251 219 
3.60 -8.72 0.23 1.2900 2.3600 -6.3100 2.6767 -7.6444 -1.0022 5.09 -7.97 2.55 139 228 219 260 221 
6.86 -6.86 -3.17 3.7100 1.9500 -3.9700 2.2589 -3.6189 -0.2778 6.91 -6.95 -0.14 139 231 226 265 221 
8.43 -6.06 -1.17 1.8000 1.1000 -0.9100 -0.3889 0.3067 -0.0578 6.88 -6.94 -0.73 141 229 228 262 221 
6.29 -3.80 -1.82 -0.5300 2.9700 -0.7900 -0.9633 -0.8278 0.1111 6.80 -6.80 -1.87 175 261 251 276 224 
3.73 -4.87 -3.86 -2.2600 2.1600 0.3400 -3.2200 -2.3700 1.5411 4.64 -6.26 -5.94 187 263 278 314 235 
1.12 -5.96 -10.40 2.7600 -2.3000 -2.8900 -4.1578 -0.2933 0.8856 0.92 -1.85 -9.58 202 269 263 330 243 
1.51 -3.14 -11.99 0.8400 -1.3100 -1.6800 0.2411 0.4022 0.4500 0.95 -1.09 -9.69 205 286 271 341 245 
4.43 -2.70 -14.24 3.2600 -0.0100 -5.3500 2.6000 2.0511 0.2033 2.29 -3.91 -8.69 207 295 282 357 245 
2.95 -5.10 -8.51 -3.4600 2.0000 -0.3400 4.8989 3.0033 -0.4489 4.65 -7.77 -3.74 217 391 341 399 241 
1.58 -3.83 -0.49 -2.8900 3.6500 0.6000 0.0678 0.4700 -0.2467 5.34 -8.13 -1.20 219 401 361 403 241 
5.80 -5.22 -1.23 0.6000 2.6800 0.4600 -1.9644 3.2133 -2.2900 6.78 -6.97 -1.18 206 305 322 343 238 
;
5.66 -3.96 -1.25 -3.3000 0.1900 -3.2900 1.0744 4.3433 -2.8900 8.27 -2.94 4.35 198 296 320 317 234 
-0.71 0.32 10.36 -6.1500 -0.1800 2.6700 2.1433 5.0589 -1.6733 1.31 1.45 9.60 203 318 340 364 228 
-0.58 4.16 13.55 -1.2200 1.2500 3.3100 0.6033 -0.8656 -0.6811 0.77 3.25 9.21 205 344 358 380 229 
1.63 4.58 11.94 0.8100 1.7800 3.4700 -1.3611 -1.9411 0.9956 2.58 2.05 9.23 194 312 306 309 226 
4.21 -0.56 10.31 1.1000 1.4900 1.0500 -4.3933 0.5667 1.9533 2.91 -3.92 8.49 133 247 244 251 217 
1.69 -4.28 2.46 1.8700 3.9100 -3.0200 -4.7544 3.1044 2.2600 -1.43 -9.05 3.46 133 255 239 247 214 
-4.64 -7.25 -0.30 -1.6500 1.7300 -0.3900 -0.5078 -0.5789 0.1967 -3.26 -9.22 0.60 133 269 241 259 220 
-3.12 -10.33 0.44 -1.6400 -1.4600 -1.9200 0.3833 -5.7100 -1.1933 -0.79 -9.57 1.98 135 270 242 264 225 
2.45 -8.23 -0.41 -0.8900 0.3500 -3.8900 1.8533 -9.0133 -1.1933 3.44 -8.86 2.38 137 261 252 277 227 
8.22 -5.55 -2.99 3.1600 2.5900 -2.1200 0.7533 -4.6356 -0.6656 5.46 -8.08 -0.98 139 268 254 280 225 
7.66 -8.21 -1.29 0.7800 -0.2000 0.3100 -0.0211 -0.0867 0.1167 5.52 -7.94 -1.58 139 269 255 282 225 
5.77 -6.29 -1.72 -0.0100 2.1800 0.3200 -0.6667 0.1044 -0.1922 5.74 -7.68 -2.03 170 305 266 271 224 
3.15 -4.23 -0.46 -1.6000 3.0400 0.5400 -2.5467 -3.0656 1.2711 4.80 -7.11 -4.73 185 282 288 283 224 
0.65 -6.76 -10.20 -3.0000 -0.7700 -1.0700 -3.3056 -1.3511 1.4089 1.93 -4.39 -8.54 195 279 283 336 232 
1.96 -4.35 -14.30 1.2100 -2.9200 -3.8800 -0.8456 0.2111 0.2322 0.96 -1.37 -9.66 204 289 277 345 238 
3.95 -2.71 -13.02 2.9900 -1.2700 -3.9800 1.4744 1.1689 0.1422 1.78 -2.49 -9.31 204 304 284 351 240 
3.48 -3.75 -11.80 -2.0700 0.3800 -4.3600 4.3922 1.8200 0.0700 4.27 -6.62 -5.84 209 364 353 394 240 
0.80 -3.55 -0.64 -4.2200 4.4500 1.1000 1.3244 1.5167 0.0033 5.64 -8.00 -0.49 216 410 367 401 238 
;
