4.75 6.14 5.93 0.1300 -0.0200 -0.1400 0.0022 0.0522 -0.0056 4.53 6.17 6.12 179 332 355 368 223 
4.42 6.23 6.04 -0.0900 0.0300 -0.0500 0.0067 0.0456 -0.0011 4.50 6.17 6.15 181 334 358 368 221 
4.43 6.15 5.99 -0.0100 0.0000 -0.0800 -0.0133 -0.0156 0.0100 4.48 6.17 6.14 173 333 358 371 222 
5.68 9.01 7.75 -0.8400 5.4500 4.0200 0.0678 -1.9533 1.2944 4.57 6.90 5.24 153 255 252 247 225 
12.65 7.55 6.79 1.5400 3.8100 1.3200 -4.3322 2.2900 5.6400 7.61 -0.85 6.12 123 219 202 210 210 
1.45 -0.73 -1.48 -2.4000 5.2600 -6.7000 -5.3322 3.9500 2.7278 0.35 -8.99 3.89 124 233 207 226 214 
-4.55 -8.18 -0.81 -3.0100 1.1400 -1.5300 -0.5911 -0.7978 0.1444 -0.95 -9.64 1.48 124 235 212 230 213 
-1.70 -11.26 -0.68 -2.2400 -0.8900 -2.7500 1.3611 -6.6878 -1.2144 1.34 -9.48 2.10 127 240 214 235 212 
4.59 -5.37 -5.49 -0.2800 2.3000 -7.7200 3.7267 -11.1189 -1.3489 6.00 -7.74 0.18 128 238 218 235 212 
11.06 -4.80 -3.08 4.3600 1.7900 -0.2700 1.4000 -1.5767 -1.1878 7.20 -6.45 -1.58 128 238 220 233 213 
9.86 -3.81 -0.56 2.5600 2.2600 0.6100 -1.3956 1.1267 0.3522 7.26 -6.35 -1.75 147 243 228 235 213 
9.90 -5.33 -3.97 1.6600 1.5800 -2.9200 -1.2422 3.1822 2.2556 6.35 -7.46 -0.30 159 266 188 188 204 
-0.25 -8.92 1.34 -5.7100 1.5500 0.2900 -1.0056 0.6522 1.1433 4.12 -8.87 0.58 170 263 160 177 175 
2.31 -13.76 -3.22 1.7200 -4.8200 -3.1500 0.2222 -0.5500 0.1978 2.85 -9.38 -0.12 147 290 165 179 176 
3.88 -11.31 -1.48 0.2100 -1.2500 -2.7300 2.6744 1.9178 -1.0222 3.11 -8.64 3.41 147 300 169 181 176 
2.63 -5.60 3.42 -0.4600 1.6600 -2.9800 1.9589 2.4556 -1.4333 3.01 -6.00 7.14 146 302 170 182 177 
0.40 -2.24 6.48 -1.9000 2.0800 -1.3300 2.0889 1.8078 -0.6100 1.26 -3.11 9.21 151 309 177 188 182 
-1.59 1.17 11.24 -1.4800 3.4900 1.7800 0.7344 0.6100 -0.2433 0.08 -1.26 9.72 170 324 189 200 193 
-0.42 0.20 10.37 -0.2700 1.7000 0.0800 -1.2133 -0.5089 0.4311 0.49 -2.37 9.50 180 331 203 212 205 
-0.30 -2.02 7.82 -1.0600 1.5300 -1.2500 -2.1289 -0.6589 0.5911 1.16 -4.82 8.45 179 327 204 214 209 
-0.38 -6.04 3.94 -2.0300 0.7700 -2.9500 -3.0289 -2.1367 0.4100 2.34 -7.97 5.20 182 294 200 214 208 
4.91 -10.19 -2.65 1.8800 -0.6600 -4.4700 -1.9700 3.9067 -0.0111 1.81 -9.56 1.19 169 218 226 250 230 
0.89 -13.62 -1.32 -1.0400 -2.1800 0.4700 -2.2489 4.4567 2.6556 -1.00 -9.61 -1.67 148 234 265 278 224 
-4.45 -10.37 -1.80 -2.1500 -0.0900 0.4300 0.0811 -0.1933 0.0122 -2.12 -9.30 -2.24 150 244 260 269 223 
-4.33 -8.29 -4.53 -0.2700 0.6700 -3.4800 1.4400 -6.9289 -4.3867 1.10 -9.71 -0.75 149 249 248 262 221 
3.08 0.61 -12.65 -0.4300 6.2000 -7.8600 1.1100 -10.0644 -5.4544 5.36 -6.87 -4.49 147 250 243 254 219 
12.91 -4.12 -6.10 5.4400 1.1900 -0.5000 -0.0200 0.0089 -0.4722 6.15 -5.35 -5.44 149 245 241 246 213 
8.24 -3.54 -4.99 2.6900 1.4400 0.6700 -1.1700 1.8256 0.8811 6.72 -5.03 -5.05 157 240 244 250 216 
9.84 -2.04 -3.17 0.7600 1.8900 -2.8400 -3.6822 9.2089 -0.2222 8.61 -4.60 0.90 177 268 271 284 229 
5.75 -4.72 2.49 -0.3700 -0.4200 -3.7000 0.0444 7.7422 -1.4467 3.27 -3.67 8.48 185 294 289 306 229 
;
