3.51 4.26 7.99 -2.3600 1.8000 0.6200 -0.0011 -0.1811 0.0333 6.11 2.43 7.27 187 332 349 347 218 
3.59 4.27 8.07 -2.5100 1.8600 0.7100 -0.0256 -0.0511 -0.0322 6.00 2.49 7.33 183 332 347 347 217 
2.81 5.02 9.13 -3.4200 3.2000 3.1600 -0.5689 -6.4778 1.6189 8.68 1.38 4.33 118 267 277 283 216 
15.84 1.71 2.96 5.0700 3.5200 3.1600 -2.4400 -1.0689 4.4556 8.72 -4.47 -0.11 117 238 240 245 206 
4.39 -3.69 -0.33 -2.3800 4.6400 1.0300 -1.8311 0.4456 4.4811 3.63 -8.73 -2.57 118 237 238 243 200 
-1.42 -6.81 -1.48 -3.1100 1.2500 3.0100 -0.8589 0.4644 1.7500 -0.12 -8.79 -4.33 121 234 239 241 196 
-1.28 -10.38 -1.64 -1.7200 -1.6300 1.8800 0.6222 -2.6867 -1.4067 -0.06 -8.98 -3.93 122 234 239 241 196 
1.38 -8.38 -3.69 0.3900 0.9400 -1.1000 2.3222 -6.4956 -3.3867 1.62 -9.40 -2.23 120 232 236 239 196 
6.35 -4.55 -6.39 1.7200 3.9300 -4.9800 1.9567 -4.9622 -2.7056 4.31 -8.58 -1.96 122 232 236 235 198 
10.56 -5.35 -3.36 5.2600 2.7200 -0.9900 0.3622 -0.6444 -0.3133 5.33 -7.93 -2.18 123 231 234 234 196 
7.10 -4.95 -3.72 2.4800 3.4000 -1.4000 -0.7778 1.6778 0.0856 5.36 -7.94 -2.06 142 245 257 267 204 
5.85 -1.77 -2.54 -0.9200 5.1400 -1.9100 -0.9289 0.9056 0.5111 5.36 -7.96 -1.95 171 249 264 289 210 
2.61 -3.30 -6.42 -1.1100 3.8800 -1.8500 -3.9200 -2.5000 0.0433 3.51 -6.08 -6.83 189 242 246 300 216 
2.86 -2.01 -15.82 2.3900 -1.1700 -5.9700 -1.6156 -0.9511 0.2100 -0.76 -1.35 -9.68 198 245 236 302 221 
3.73 -0.64 -12.43 5.0400 1.5500 -3.0300 1.6200 0.7333 0.3822 -0.39 -2.69 -9.42 198 255 244 313 222 
4.73 -2.02 -13.81 4.1200 2.7300 -4.9000 3.6389 3.1444 0.6789 1.86 -6.57 -7.03 202 286 272 344 225 
2.12 -5.66 -4.65 -0.3100 4.2400 -1.7100 3.0356 2.5689 0.6589 3.17 -9.27 0.34 212 407 357 389 224 
2.42 -3.95 1.00 -0.3700 5.0800 -0.9900 0.2689 0.5289 -0.1978 2.79 -9.14 2.18 213 411 362 390 224 
4.94 -5.75 2.05 1.9100 3.2700 0.1600 -0.7656 0.2167 -0.3100 3.12 -9.14 1.66 208 396 354 373 225 
7.11 -7.31 1.97 4.7700 1.9600 1.1900 -3.7589 5.2122 -1.9489 4.72 -8.57 0.44 202 222 195 212 200 
5.90 -8.23 -3.18 1.6100 0.3900 -5.0200 2.6700 8.3078 0.7200 2.09 -7.38 6.10 202 181 166 191 164 
-8.66 1.06 3.70 -3.4200 6.3300 -2.7300 1.2978 3.7644 4.1844 -7.28 -3.43 5.58 201 174 160 186 154 
-18.05 7.13 10.76 -10.0300 6.8400 7.6200 0.3589 -0.5611 -0.2467 -8.72 0.07 4.48 199 176 165 188 155 
-8.71 3.38 5.08 -0.6900 3.2300 0.2500 -0.0156 0.0922 0.0033 -8.59 -0.21 4.71 201 181 170 192 157 
-6.69 2.49 4.69 1.6200 2.6700 -0.1500 0.1067 0.0856 0.1089 -8.56 -0.11 4.77 201 185 172 194 159 
;
