3.62 5.46 7.20 0.1800 -0.1200 0.0000 -0.0144 -0.0089 -0.0078 3.43 5.66 7.23 169 358 338 337 207 
3.40 5.49 7.30 0.0000 -0.1100 0.0400 0.0022 -0.0167 0.0156 3.44 5.65 7.23 170 359 337 340 205 
6.85 15.86 14.78 4.4300 8.7500 5.5700 -2.3367 -1.5511 3.4156 5.25 5.47 6.21 116 238 231 236 201 
6.22 2.18 6.37 -2.3600 3.1400 -0.7300 -2.9522 0.6433 5.7433 6.86 -4.30 5.52 107 213 206 230 186 
0.96 -3.24 -0.92 -2.1900 4.1400 -4.9100 -3.2667 2.2589 2.5744 1.13 -9.56 1.82 115 230 198 226 183 
-1.85 -10.00 0.59 -2.4300 -0.6800 -0.4000 -0.1111 -0.9222 -0.0744 0.42 -9.77 0.70 116 235 207 239 189 
-3.18 -11.40 -2.41 -1.9500 -0.5000 -3.8600 3.5233 -5.6722 -1.7911 3.04 -8.98 2.47 110 234 201 238 195 
4.30 -6.83 -5.50 -0.4900 1.5900 -8.4900 4.5600 -8.1089 -0.4911 6.84 -6.93 1.15 109 239 207 238 199 
11.78 -3.11 1.64 3.8200 2.8400 2.3300 0.9367 -0.4667 -0.4111 7.49 -6.32 0.15 113 238 209 238 198 
8.13 -4.65 1.66 0.6100 1.6500 1.8100 -0.8967 0.8156 -0.5311 7.69 -6.07 -0.12 108 255 237 263 204 
7.93 -3.64 2.89 -2.1400 -0.0500 1.0700 -4.1922 3.5733 -3.5678 8.99 -3.33 2.02 118 265 298 332 212 
8.24 -1.84 -0.30 -0.1200 -0.4300 -3.2300 1.2011 0.6900 -1.8222 8.83 -0.70 4.18 106 173 176 179 168 
11.31 2.19 4.42 1.6000 1.7100 0.9400 1.4289 -0.1556 0.2067 8.98 0.75 3.86 108 176 176 186 167 
8.40 1.97 5.19 -0.6700 2.1300 4.1100 0.2444 -0.7800 0.6911 9.51 0.16 2.36 110 180 178 186 169 
9.23 3.31 4.74 -0.1100 3.7000 2.6400 -1.9922 -0.4500 -0.0344 9.71 -0.27 1.30 112 181 182 189 170 
9.90 1.92 0.21 0.0500 2.0400 -0.9800 -2.2422 0.2900 -0.0122 9.74 -0.68 0.85 110 182 181 189 169 
9.53 -3.28 -3.12 1.0600 -2.4300 -2.8900 -0.8367 0.2322 -0.2156 9.76 -0.80 0.29 111 181 181 190 170 
9.92 -2.22 1.11 -0.9200 -1.4600 0.8300 0.8067 1.0511 0.1333 9.60 -0.49 1.89 112 177 179 187 169 
9.95 -2.10 0.79 -0.1400 -1.7200 -1.2700 -0.6589 0.2378 -0.1633 9.68 -0.70 1.35 113 183 183 191 172 
10.31 0.33 3.15 1.2000 0.6800 1.4600 -1.4489 3.3289 -1.0044 9.05 -0.16 3.76 141 247 244 248 196 
1.88 0.94 6.04 -2.4200 0.2700 -3.0400 -3.6433 4.6678 -2.9111 2.03 -1.38 9.49 173 306 244 291 205 
8.41 0.90 -7.03 -1.0800 1.6200 -6.2600 -0.3878 -16.3211 0.8300 8.02 1.68 -5.37 188 253 238 286 205 
3.47 1.14 -13.13 3.9500 -1.6700 -4.8300 -0.0111 -1.7433 -0.6411 2.32 3.46 -8.87 193 266 245 312 213 
5.70 -0.01 -17.49 4.4100 -1.0400 -6.8100 5.2122 0.9411 0.4356 2.18 -1.42 -9.45 193 277 260 345 215 
2.00 0.00 -4.54 -0.4000 6.9700 2.9800 4.4478 2.8289 -0.1944 4.31 -7.97 -3.73 198 393 349 389 216 
2.09 -3.38 -0.39 -2.4200 4.6600 1.5300 -0.0456 0.1211 -0.2011 4.98 -8.18 -2.06 199 394 355 391 216 
4.27 -4.33 -0.94 -1.0900 3.2600 1.4500 -2.0578 1.4300 -1.6778 6.27 -6.83 -3.17 190 374 349 368 214 
;
