5.62 6.20 5.29 -0.0200 0.0000 0.1700 -0.0011 0.0122 -0.0022 5.53 6.20 5.20 182 303 302 317 214 
5.61 6.10 5.26 0.1200 -0.0600 0.0400 0.0011 0.0000 0.0011 5.55 6.19 5.19 179 305 303 319 216 
5.10 6.52 5.61 -0.6500 0.9600 1.5900 -1.0256 -0.9167 -0.0422 5.65 5.90 5.41 132 255 240 283 213 
12.94 7.91 8.82 4.4000 3.0800 2.2300 -4.5378 -1.2411 2.9922 7.95 1.29 5.59 112 237 220 264 214 
5.24 -0.25 3.28 -1.3600 3.8900 -3.9200 -4.9711 2.2789 3.9522 4.05 -7.05 5.47 115 250 219 256 213 
-0.80 -6.69 -2.14 -1.1100 2.8400 -3.6700 -1.8256 1.4744 1.6611 -0.66 -9.68 1.39 119 252 215 247 212 
-3.26 -10.15 0.50 -2.8900 -0.8400 -0.3100 0.3867 -1.8222 -0.3767 -0.86 -9.67 1.32 116 259 219 252 211 
-0.98 -9.47 -0.50 -0.8800 0.5900 -2.3700 1.6333 -5.3956 -1.0589 1.82 -9.25 2.67 121 261 216 264 212 
5.10 -7.64 -1.16 2.6300 2.4300 -3.7100 2.5056 -5.3611 -0.8811 5.52 -7.77 2.27 121 258 213 265 210 
11.81 -5.91 2.83 3.4600 1.5800 2.6500 1.0900 -1.2956 -0.1367 6.86 -6.87 1.31 123 259 218 266 211 
6.69 -6.08 1.75 0.1600 0.9300 0.3100 -0.6267 0.6578 -0.2422 6.85 -6.91 1.20 138 265 229 273 212 
12.31 -3.60 2.73 5.9900 2.9100 0.2600 -3.4656 6.7356 -0.1256 5.48 -7.49 3.15 159 284 265 298 214 
2.02 -9.80 0.10 -0.6600 -0.3000 -3.2300 -1.9578 5.9978 1.9911 0.01 -9.54 2.24 167 363 319 367 219 
-1.96 -9.76 -3.21 -0.7500 0.0100 -4.0000 0.8844 0.3911 -0.3478 -0.48 -9.69 1.36 184 387 324 385 217 
0.70 -8.87 -4.06 2.2400 1.8100 -7.2000 5.0322 -0.5722 -0.7711 0.88 -7.70 5.99 190 403 351 397 221 
4.69 5.08 13.30 1.7800 9.8300 11.5500 2.5722 0.2889 -0.1089 1.89 -1.39 9.52 191 406 351 396 217 
3.93 -1.37 8.45 0.8500 2.4300 -1.4400 -5.0067 1.0178 0.7533 1.18 -6.86 6.90 194 406 357 399 219 
-0.83 -10.04 -1.15 -1.2900 -1.6000 -5.6100 -1.1289 -0.2178 0.2444 0.29 -9.24 3.25 192 404 349 400 219 
-0.54 -7.73 -2.25 -1.2500 1.0400 -7.2300 5.0556 -1.2133 -1.0244 1.63 -6.74 6.92 192 404 360 403 218 
5.64 3.83 19.23 3.1700 5.3800 10.9000 0.9311 -0.1822 -0.0444 2.92 -1.55 9.22 192 402 358 398 217 
2.90 -2.50 9.05 -0.6700 0.9100 -0.3700 -3.4211 -0.2667 0.7989 2.91 -5.19 7.79 192 395 354 390 218 
0.33 -6.93 1.13 -2.2200 0.1600 -4.7800 -1.8267 -3.0000 0.4433 3.86 -7.88 4.35 186 343 327 342 218 
;
