1.56 1.43 9.39 0.1100 -0.1700 0.3500 0.0189 -0.0178 0.0144 1.59 1.64 9.53 187 373 354 373 213 
1.54 1.55 9.52 -0.0400 -0.1300 -0.0100 -0.0211 0.0089 0.0544 1.54 1.66 9.54 184 373 335 369 212 
3.28 2.59 13.06 3.5500 4.5500 4.0000 -5.9489 -2.7578 2.4089 4.55 -3.04 8.13 107 223 235 253 209 
3.95 -7.47 3.01 -0.2900 0.9500 -2.2400 -4.6533 -0.6944 2.1511 3.37 -9.03 1.79 106 204 207 228 206 
-0.30 -7.16 -3.10 -1.7600 2.8100 -0.9600 -1.4644 -0.7667 1.3767 0.81 -9.54 -2.09 106 217 216 238 208 
-1.17 -9.24 -2.22 -1.5100 0.0300 0.0800 0.1322 -0.7367 -0.6967 0.84 -9.47 -2.39 108 216 213 236 208 
-0.89 -9.44 -4.55 -2.2300 0.3600 -2.3700 1.7067 -4.5333 -3.3311 3.19 -9.07 -1.90 108 218 210 230 208 
4.55 -4.10 -6.83 -0.3600 4.1100 -4.2100 2.9367 -6.0011 -3.8878 6.10 -7.13 -2.82 111 218 214 235 208 
11.39 -4.67 -2.41 5.2700 1.0800 2.1600 0.8044 -1.6322 -0.5311 6.19 -6.35 -4.15 111 219 214 232 207 
6.13 -5.55 -3.39 0.0600 0.8700 0.8400 -0.3744 1.0733 -0.2033 6.47 -6.23 -3.92 119 230 225 246 208 
9.71 -5.02 -0.69 2.6300 -0.0300 2.1200 -0.1700 5.5067 -1.5389 8.48 -4.86 0.65 153 236 228 256 209 
9.70 -5.52 2.53 1.7300 -1.8300 -3.5000 1.0622 7.9856 -2.4878 4.00 -1.59 8.80 179 183 170 194 196 
-1.81 0.93 6.11 1.5300 0.9600 -3.6000 -0.0022 7.6156 2.5522 -6.60 0.31 7.23 183 147 149 182 180 
-11.81 2.94 7.10 -4.3900 0.7100 2.0900 0.0867 0.2622 -0.0833 -8.25 2.12 4.84 188 153 150 182 174 
-9.48 2.38 6.26 -1.2200 0.4200 0.9400 -0.3711 -0.5667 -0.2800 -8.02 1.56 5.41 186 160 160 189 179 
-7.32 1.41 4.66 -0.8300 0.9800 -2.9600 -0.2144 -3.3022 -2.7844 -5.53 -0.55 8.07 179 258 234 272 203 
0.04 -1.36 8.45 2.5700 -0.2900 -1.5400 0.7633 -0.8389 -3.1556 -1.30 -1.18 9.64 181 355 318 356 204 
0.25 -0.51 10.57 0.0600 -0.8600 0.3400 1.9922 0.2122 -0.5622 -0.29 1.32 9.71 177 368 328 376 211 
;
-0.76 0.30 8.25 -0.2700 0.0000 1.2400 -0.1422 -0.1878 0.0622 0.19 0.82 9.77 176 366 333 375 212 
0.40 0.84 9.96 -0.0400 -0.0900 -0.2500 -0.0267 -0.0989 -0.0189 0.31 0.81 9.76 179 364 327 372 213 
2.37 3.02 12.97 1.7500 4.2000 5.6600 -3.4356 -3.9911 1.6200 3.69 -2.33 8.77 119 248 251 265 210 
5.43 -3.20 5.95 -0.5000 1.6900 -1.1000 -4.8911 -0.7100 1.8700 4.38 -8.28 2.88 105 227 220 234 208 
1.39 -6.97 -2.56 -1.6000 2.2900 -2.5100 -1.3278 0.1389 1.7556 1.83 -9.60 -0.74 104 232 224 238 207 
-1.68 -9.92 -1.32 -2.5400 -0.4800 0.0300 -0.1700 -0.3367 -0.0922 1.03 -9.61 -1.65 107 239 220 237 204 
-0.99 -9.53 -3.27 -2.6600 0.0500 -1.7200 1.4489 -4.9600 -3.1622 3.00 -9.21 -1.50 110 232 217 235 203 
4.65 -5.06 -6.60 1.9300 4.2300 -2.8800 2.2500 -5.5578 -3.0056 5.67 -7.49 -2.80 111 228 220 229 202 
11.48 -4.75 -2.32 5.2500 1.7500 1.4400 0.6533 -0.9178 -0.6189 6.18 -6.64 -3.72 108 220 215 218 196 
5.75 -5.81 -3.44 -0.2500 0.8100 0.5000 -0.3233 0.1000 0.0622 5.88 -6.66 -4.13 109 223 215 221 193 
8.52 -5.17 -2.16 2.2300 0.7400 2.1000 -0.6156 2.3267 -0.5544 7.18 -5.98 -2.93 148 223 199 207 201 
9.65 -6.47 -2.32 1.0000 -1.7300 -2.5800 0.1389 5.6156 -2.4889 8.74 -3.24 3.02 170 178 172 189 195 
4.76 -1.04 2.30 0.8500 -0.6000 -7.1500 2.1022 12.3433 -0.9122 -2.55 0.47 9.45 186 148 146 176 185 
-10.36 2.63 5.96 -3.3400 0.2900 0.9600 0.2589 1.6956 1.1144 -8.72 2.13 3.94 190 151 160 180 185 
-9.78 2.79 4.40 -0.2000 0.3500 0.2300 -0.3333 -0.3400 -0.1533 -8.66 2.19 4.03 191 160 164 183 184 
-9.34 2.32 4.04 -1.3000 0.4600 -0.3900 -0.2856 -2.0222 -0.6267 -7.97 1.48 5.51 187 166 169 181 191 
-6.42 0.70 5.75 0.8000 0.9100 -2.9800 0.1856 -5.5056 -2.9089 -2.52 -0.55 9.45 176 261 250 276 207 
2.35 -0.95 8.33 1.8200 -0.4300 -1.5900 0.3567 -0.9400 -2.5311 1.22 -0.45 9.71 182 348 303 353 208 
;
