4.03 4.55 7.60 -0.1300 0.0900 -0.0400 -0.0056 0.0156 0.0022 4.15 4.49 7.66 195 327 362 348 239 
4.07 4.56 7.60 -0.0700 0.1100 -0.0100 -0.0056 -0.0067 -0.0200 4.15 4.50 7.65 175 325 361 351 239 
8.53 6.47 10.48 5.4700 1.8500 2.9200 3.5589 -4.2956 1.3878 6.91 5.71 3.95 154 277 298 314 237 
10.05 5.72 5.37 1.1800 4.2800 1.3300 -3.5333 2.3889 5.5311 8.54 -1.80 4.45 141 240 226 266 230 
3.15 -0.98 -1.35 -0.0700 4.8900 -6.8400 -5.6211 4.5256 3.1278 1.49 -9.43 2.22 140 227 215 258 227 
-3.15 -7.94 -1.08 -2.8000 1.4100 -0.0500 -0.9244 0.3389 0.2600 -0.23 -9.77 -0.78 139 232 218 252 225 
-1.67 -11.51 -3.03 -1.2600 -0.3500 -2.2100 1.9678 -4.3978 -1.5944 1.18 -9.72 0.38 143 234 223 262 226 
6.05 -7.32 -4.85 1.3200 1.9600 -6.4100 4.0244 -9.5733 -1.6244 5.28 -8.21 0.84 142 242 224 269 227 
11.69 -2.46 -3.61 3.9800 2.7600 -1.8000 2.4022 -2.9733 -2.2611 7.50 -6.16 -1.36 145 246 222 266 230 
10.21 -3.63 0.48 0.3500 2.0700 0.6900 -1.3956 0.4400 0.2989 7.70 -5.81 -1.70 152 247 233 269 229 
13.87 -2.18 -4.42 6.2000 2.8600 -3.0000 -4.1089 8.8489 3.6967 6.56 -7.16 1.33 180 293 269 307 237 
-1.23 -7.36 -3.92 -3.5200 0.4500 -4.5900 -3.0367 7.7356 1.9022 -0.27 -9.78 -0.54 191 370 331 377 242 
2.03 -9.41 -4.38 1.1000 0.2100 -4.2900 1.6056 -1.0378 -0.7689 1.01 -9.74 0.30 198 397 357 392 244 
2.28 -6.47 -2.90 -0.3300 3.4200 -6.9000 6.0533 -1.5222 -0.6511 2.49 -7.24 6.12 206 406 368 395 244 
6.40 2.90 18.23 4.5400 8.9200 11.5900 -0.1978 0.3167 -0.1456 3.83 -2.39 8.70 209 417 371 399 243 
3.92 -2.88 6.50 0.9800 2.7100 -1.4900 -5.2989 1.6644 0.8989 2.32 -7.98 5.19 207 419 368 403 245 
0.25 -11.13 -3.40 -0.5400 -2.1600 -6.6400 0.4411 -0.6044 -0.1211 1.96 -9.24 2.59 207 421 368 410 245 
1.03 -4.52 -2.44 -0.1800 5.4100 -6.9500 7.3533 -1.7311 -1.6378 4.21 -3.86 7.96 211 421 374 402 246 
8.08 2.71 16.07 3.7100 3.6000 7.0600 -1.1478 -0.0678 0.1967 4.71 -1.85 8.39 207 394 360 383 243 
3.87 -3.01 6.65 0.2200 2.5200 -0.6000 -4.6478 0.9056 1.6444 2.80 -7.40 5.79 204 358 343 358 240 
-0.72 -8.65 0.87 -2.2400 0.6500 -1.7900 -2.6356 1.5778 -0.0722 1.19 -9.62 1.47 203 393 358 381 242 
3.27 -9.57 -2.32 1.0600 0.0800 -2.2200 0.1367 -0.2333 -0.2722 1.74 -9.64 0.30 205 399 359 387 245 
1.70 -10.54 -2.54 -0.3900 -1.3700 -5.0300 1.7567 -0.9189 0.2911 1.47 -9.59 1.36 208 413 366 398 246 
0.37 -3.83 -7.92 -1.2400 6.6400 -12.9400 7.8800 -1.2233 -2.2989 3.99 -4.78 7.57 210 418 377 410 245 
10.15 16.01 14.89 4.4800 11.6600 6.8700 3.8111 1.5567 -1.7589 3.52 5.05 7.62 209 420 378 410 245 
3.42 7.61 9.23 -0.0400 1.2500 0.8200 -0.5900 0.0200 -0.1589 3.32 5.40 7.47 210 422 380 412 245 
;
