3.31 -0.51 9.23 0.0400 0.0300 -0.1700 -0.0167 -0.0089 -0.0011 3.26 -0.44 9.23 174 327 333 353 216 
3.27 -0.52 9.34 0.0000 -0.1000 -0.0400 0.0011 -0.0056 0.0022 3.26 -0.44 9.23 172 330 334 353 215 
3.00 -0.59 9.47 -0.2000 -0.3100 0.5900 -0.5033 -1.3567 0.8256 3.87 -0.79 8.97 165 265 277 303 212 
5.03 -5.57 7.65 1.0500 -0.1100 1.2700 -6.3633 -0.1289 1.8522 3.37 -8.10 4.37 140 217 218 241 211 
0.55 -7.30 -1.34 -0.5700 2.6100 -1.4400 -2.8067 -0.4578 1.3422 0.75 -9.68 -1.32 122 230 225 237 203 
-0.77 -8.57 -2.16 -0.8900 0.5500 0.2400 0.1078 -0.3500 0.1378 -0.23 -9.54 -2.24 121 231 224 240 202 
-1.54 -10.28 -3.35 -2.4200 -0.2500 -1.7100 0.6944 -3.3411 -3.1933 1.49 -9.49 -1.95 115 229 230 235 206 
2.64 -4.83 -5.65 -1.6900 3.1400 -5.6800 5.0544 -8.1056 -6.0733 6.60 -6.86 -2.33 112 220 227 227 209 
12.98 -2.23 -5.75 5.3900 1.8400 -0.4100 0.9678 -1.5778 -1.3244 6.03 -4.73 -6.11 112 224 225 229 210 
7.16 -3.98 -6.03 1.6000 0.7800 0.7000 0.0489 -0.2822 0.5189 5.04 -4.97 -6.77 143 231 241 238 216 
4.90 -3.58 -6.19 0.2400 1.5100 1.2400 -0.2533 0.0322 1.0622 4.35 -5.60 -6.76 158 270 297 311 220 
1.74 -3.93 -6.68 -0.9800 0.9700 0.9700 -2.9733 -0.7344 0.7489 2.27 -3.92 -8.69 177 256 263 321 219 
2.88 -3.41 -12.29 0.5200 -2.1300 -2.8700 -0.6078 -0.3267 0.1333 1.23 -1.16 -9.65 185 272 268 331 222 
1.91 -1.16 -9.28 0.7500 0.1200 0.5200 0.2033 0.0778 -0.0267 1.28 -1.35 -9.62 182 275 270 328 220 
2.60 -1.27 -8.63 1.9300 0.3400 1.1200 -0.3044 1.3189 0.3167 2.15 -1.30 -9.47 176 269 262 318 220 
10.15 0.99 -8.02 -0.0900 1.9000 -2.4600 -2.3278 10.0578 1.6667 9.64 -0.94 -1.48 168 283 292 319 216 
7.96 -1.84 2.05 -1.0300 0.2700 -3.3700 1.7900 7.4833 -0.2867 4.84 -0.94 8.47 171 336 331 349 214 
;
