3.44 4.83 7.73 -0.0400 0.0400 -0.0600 0.0078 -0.0144 0.0111 3.47 4.78 7.82 183 314 353 386 226 
3.44 4.80 7.72 -0.0600 0.0400 -0.0300 0.0000 -0.0011 -0.0044 3.48 4.78 7.82 184 315 354 384 228 
4.11 5.38 8.31 0.7700 0.4600 0.5600 0.5800 0.2322 -0.1189 3.40 5.17 7.60 185 321 352 392 228 
6.93 10.43 4.66 0.6800 2.2400 -1.2600 0.8278 -3.0289 3.6767 7.67 5.62 2.36 174 299 309 334 227 
15.78 0.69 0.03 -1.3900 3.2300 2.0700 -3.4233 3.8333 5.6867 9.08 -2.61 2.59 121 226 217 239 220 
2.47 -5.81 -1.25 -0.1300 2.7300 -6.0500 -4.2956 4.9089 2.9733 1.44 -9.42 2.29 121 222 212 235 215 
-3.87 -8.25 0.55 -5.4000 -0.4500 1.0100 -0.6811 -0.8989 -0.3644 0.01 -9.79 -0.44 124 222 217 237 210 
-0.67 -10.67 -1.72 -1.7700 -0.7200 -2.6100 1.8344 -4.7156 -1.8222 1.99 -9.59 0.44 127 225 219 242 209 
4.98 -7.53 -3.22 2.0700 3.8900 -4.1000 2.1733 -6.3956 -2.0056 5.52 -8.10 -0.26 127 227 215 242 207 
6.76 -5.68 -6.95 3.5200 2.8300 -3.3300 2.6133 -3.9767 -1.6867 6.47 -7.01 -2.25 125 228 216 238 209 
10.91 -3.82 2.57 1.6000 3.9300 7.0300 -0.3111 -0.0122 -0.0344 6.82 -6.90 -1.37 128 232 220 245 210 
5.82 -3.03 -1.99 -1.8000 3.8100 0.5700 -1.6133 -0.1033 0.5544 6.32 -6.87 -2.99 161 234 247 274 220 
0.88 -4.07 -5.71 -4.8200 3.8500 1.6600 -3.0778 -3.5211 1.1633 3.46 -5.53 -7.31 174 236 242 286 226 
1.46 -2.78 -14.07 0.7000 -1.4400 -4.9100 -3.5611 -0.9444 1.4189 -0.35 0.34 -9.79 193 258 255 318 237 
0.30 -0.72 -15.23 0.7400 -1.8300 -5.0400 1.3433 0.1856 -0.1244 -0.35 0.41 -9.79 196 268 262 325 236 
4.56 -1.64 -13.53 3.1200 1.9100 -3.4400 4.7267 3.9911 -0.3622 2.15 -4.64 -8.36 199 345 326 354 232 
2.18 -4.72 -2.20 -3.3000 2.6500 0.6300 2.0522 2.7933 -0.0967 5.16 -8.14 -1.77 206 398 365 388 232 
2.72 -4.44 -0.55 -2.4400 3.4700 -0.0300 -0.0100 0.2522 -0.1444 5.27 -8.25 -0.46 205 395 363 387 230 
7.39 -5.28 -0.35 1.6400 2.4900 -0.4400 -3.0100 5.4944 -2.3089 6.83 -7.02 0.22 197 375 244 235 228 
3.98 -3.97 0.05 -1.1900 0.8400 -2.8500 -1.4422 5.3233 -1.8933 6.74 -5.32 4.71 194 368 175 183 188 
6.23 -5.98 7.36 1.9800 -1.4900 -0.4200 -0.3311 9.5311 -2.9833 0.36 -3.98 8.95 195 379 171 181 171 
-3.39 -4.45 14.53 -0.9200 -0.7500 4.4700 1.0556 0.4078 -0.2689 -2.41 -2.19 9.24 198 384 175 183 172 
-2.21 -5.16 12.51 0.2800 -2.0600 4.1600 -1.1422 -0.4811 0.9833 -2.65 -2.82 9.00 195 386 178 186 175 
-5.64 -4.87 9.06 -3.6300 1.4900 0.6000 -2.2978 -0.9789 -1.4811 -1.09 -6.29 7.43 197 391 181 190 176 
-2.35 -4.08 3.45 -2.0800 3.5000 -2.8800 -1.2911 0.6811 -1.9978 0.84 -8.20 5.30 200 391 183 190 176 
1.88 -3.26 3.68 0.4400 4.9000 -1.8200 1.1022 1.6700 -0.8933 1.32 -7.49 6.18 200 391 182 190 177 
2.53 -4.06 8.48 1.7700 1.8400 0.4400 2.1356 1.2267 0.6422 -0.39 -5.29 8.24 200 392 184 191 178 
1.33 -6.05 10.70 2.7500 -2.7200 1.6100 2.1500 -0.5533 2.3778 -1.65 -2.37 9.36 198 393 183 192 178 
-3.67 -4.54 13.12 -2.3500 -2.1300 3.4400 -1.2311 -0.5667 1.5178 -1.50 -2.35 9.39 199 391 185 194 179 
-3.24 -1.46 6.43 -1.7300 2.1800 -2.4700 -0.5822 0.0300 0.3267 -1.62 -3.76 8.91 199 390 184 193 177 
;
