3.41 4.76 7.77 -0.0900 0.0100 -0.0200 -0.0056 -0.0356 0.0189 3.54 4.77 7.79 188 348 359 397 227 
3.37 11.78 10.76 0.0700 8.1900 2.3300 0.9156 -3.4100 1.2289 4.65 5.72 6.45 181 310 274 355 229 
12.09 2.25 4.15 3.0600 1.6300 0.1300 -1.6211 -1.9989 7.7556 8.62 -3.05 3.53 139 262 244 275 222 
4.33 -5.31 3.34 -1.3600 2.4400 0.4000 -0.3578 1.4211 3.0222 3.68 -8.48 3.25 125 219 219 245 202 
-0.36 -7.15 3.72 -1.4500 1.8500 0.7700 -0.3889 0.6711 0.7311 1.06 -9.32 2.83 127 219 217 250 201 
-0.29 -9.64 2.10 -1.2700 -0.1200 -0.4900 -0.1822 -0.7278 0.3378 0.64 -9.47 2.46 131 225 229 253 205 
-0.19 -8.69 2.87 -1.4500 0.8600 0.3200 -0.5378 -1.7700 -0.5633 1.57 -9.50 1.83 137 225 222 252 204 
2.48 -8.96 -1.65 -0.4000 0.6000 -2.4000 -0.5089 -4.5522 -0.9633 3.21 -9.25 -0.33 134 230 212 260 205 
7.62 -8.52 -0.73 2.9600 0.3300 0.7100 0.1478 -0.8422 -0.4589 3.98 -8.85 -1.37 140 229 222 259 204 
7.26 -7.10 0.50 3.9100 2.2900 1.1600 0.1633 6.0944 -1.7944 5.32 -8.18 0.89 141 257 248 285 220 
;
-1.72 -6.15 1.17 -5.8900 -0.0700 -4.3100 4.3356 4.6256 -3.2433 1.46 -3.23 9.13 143 305 294 344 223 
-0.15 1.75 8.62 0.6200 1.8700 -0.3500 3.3133 -0.0889 -2.3689 0.51 2.38 9.49 153 331 334 376 223 
-0.37 6.71 10.75 0.6900 2.3600 2.1800 3.0156 -2.6256 -0.6267 1.42 5.68 7.86 150 339 339 376 225 
0.56 4.72 5.92 -0.3200 0.2900 -0.9600 0.1711 0.7522 -0.3067 0.82 5.18 8.28 153 329 334 383 228 
2.41 8.65 9.85 2.0700 3.7000 1.7300 0.0267 -1.2933 0.8233 1.90 5.54 7.86 148 336 339 384 229 
3.71 2.80 9.63 0.1700 0.5700 0.8700 -3.6789 -3.7833 5.5567 5.95 -1.75 7.59 133 271 275 303 224 
2.87 -4.81 3.41 -2.3800 2.2700 -1.3000 -1.4267 -3.6333 5.0367 3.54 -8.63 3.01 130 235 240 271 205 
-2.83 -6.72 1.82 -2.3100 2.0900 -0.2600 -0.3811 -0.2567 0.7422 0.95 -9.54 2.01 131 230 229 259 193 
0.13 -10.29 2.47 -1.3100 -0.7600 0.6100 0.0667 -0.4600 -0.8144 1.66 -9.50 1.72 133 230 232 262 199 
2.04 -8.83 1.41 -1.3600 0.7000 -0.5400 0.2422 -0.6311 -1.4378 3.61 -8.92 1.86 134 236 234 267 201 
5.14 -7.08 1.47 1.7800 1.1400 0.0100 0.8778 0.5100 -1.4100 5.52 -7.57 2.86 133 245 239 277 203 
6.82 -6.13 3.90 0.8300 1.4000 0.1200 0.7622 2.6100 -0.9722 5.63 -6.66 4.47 137 284 276 300 222 
2.73 -3.04 5.30 -3.4400 0.0500 -2.7200 2.2678 5.1156 -4.3311 3.26 -1.72 9.08 158 319 315 360 222 
-1.73 2.04 8.33 -1.4500 0.1800 -0.8800 2.9356 -0.3622 -2.9389 0.49 3.61 9.10 172 361 334 397 226 
;
3.27 7.58 9.89 -4.1700 6.5600 1.7000 3.3067 -3.7889 0.1922 1.81 6.45 7.15 168 371 338 397 226 
-0.06 4.98 6.62 -1.7400 0.8300 2.4900 0.6100 0.0089 0.0056 0.74 5.98 7.73 167 350 349 406 226 
2.90 8.86 10.59 2.0500 2.4100 1.8900 0.3589 -2.9622 1.0444 2.90 6.12 7.08 177 333 331 394 228 
7.96 2.06 7.70 1.5300 -0.3600 0.5500 -3.4800 -4.5400 5.3456 8.16 -1.14 5.30 147 281 266 297 224 
5.88 -6.57 1.48 -1.8200 0.8200 -0.0700 0.0900 -1.5367 4.9078 5.06 -8.13 2.06 128 220 223 252 209 
-0.57 -6.31 3.27 -4.4000 3.6500 -0.0500 0.4778 -0.5000 1.9711 1.27 -9.37 2.58 126 225 226 252 203 
0.87 -9.34 2.99 -1.3600 -0.0400 0.3800 -0.2589 -0.9022 -0.2378 1.45 -9.47 2.07 127 228 228 256 207 
0.95 -8.88 0.35 -1.6100 0.5100 -1.4300 0.0167 -1.2856 -1.8411 3.72 -8.97 1.33 127 231 232 259 210 
7.48 -6.97 1.79 3.5400 0.9300 0.9100 0.2611 -0.3978 -0.9622 5.66 -7.91 1.21 130 236 234 264 213 
6.81 -6.13 1.75 0.6300 1.8900 0.6800 0.6789 4.0756 -1.9211 6.17 -7.03 2.93 152 282 275 300 227 
1.17 -4.78 4.03 -4.1700 -0.0100 -3.1200 3.1456 4.2333 -4.6200 3.80 -1.87 8.84 176 313 316 348 227 
0.08 2.25 9.16 -1.5300 -0.3300 0.1200 1.5644 0.5956 -2.8000 1.22 3.91 8.90 176 343 339 389 224 
;
2.33 5.80 7.02 0.1500 1.0700 -1.0600 2.8644 -0.9089 -1.3611 0.48 6.56 7.27 168 360 345 396 224 
0.87 4.13 3.24 -1.8800 -0.5500 -0.4000 0.3189 -0.1500 0.1089 1.48 6.32 7.34 173 349 345 402 226 
4.31 8.92 9.93 4.3000 4.3800 3.2700 -0.3833 -1.4489 0.8978 2.77 6.40 6.88 179 321 339 363 232 
8.23 5.61 8.18 0.3300 3.1300 -0.9600 -4.2700 -0.2000 7.3956 6.19 -2.56 7.15 140 241 232 262 214 
-1.23 -4.30 -1.48 -4.4000 5.2300 -6.0900 -3.5911 1.2922 3.4578 -0.64 -9.40 2.71 134 234 220 260 210 
-5.94 -9.49 3.32 -3.0700 -0.4300 2.3500 -0.9267 -1.8700 -0.2100 -1.54 -9.63 0.93 135 242 216 266 212 
-1.71 -8.73 -3.14 -1.3600 2.3400 -2.7100 -0.9567 -8.5167 -2.9122 2.22 -9.44 -1.39 130 244 235 267 216 
5.64 -7.44 -4.45 3.0600 1.4600 -1.4300 0.5244 -2.8533 -1.5267 3.70 -8.55 -3.04 130 245 226 265 213 
7.01 -7.42 -1.14 3.5800 1.0600 1.8700 -0.4289 2.1367 -0.3756 4.53 -8.29 -2.60 136 258 250 277 222 
5.87 -5.30 -2.26 -3.1300 0.3400 -7.0100 1.9989 10.6844 -4.6433 5.09 -5.01 6.71 158 301 295 323 226 
;
0.30 1.12 6.76 -2.5700 0.3400 -1.9000 3.6489 1.0756 -3.3633 2.20 3.12 9.03 183 343 339 399 226 
2.28 6.44 8.57 1.3900 1.3300 -0.6200 2.1556 -0.9478 -0.8489 0.26 5.80 7.89 165 359 343 370 226 
-1.73 3.76 3.84 -1.6100 -0.1100 -0.4600 -0.0478 0.8578 0.0644 -0.16 5.66 8.00 173 342 333 360 229 
5.37 10.39 11.93 3.4800 3.7900 4.7300 -1.6133 -2.9878 1.9944 3.41 5.05 7.67 160 286 304 308 222 
4.78 2.82 7.33 -1.6600 2.9800 -1.3200 -5.7244 1.5389 5.1244 4.18 -3.98 7.92 137 239 235 269 214 
0.93 -3.09 0.68 -0.8500 5.2900 -2.9500 -4.0233 -1.5178 3.6933 0.37 -9.60 1.93 132 217 217 253 208 
-5.17 -10.62 1.70 -2.5600 -0.8400 1.3200 -0.2056 -0.3456 0.3000 -1.64 -9.66 0.21 128 231 225 266 211 
-5.59 -9.51 0.17 -4.7500 0.7500 -0.6300 -0.8311 -7.4156 -3.0611 0.85 -9.76 -0.30 129 243 233 273 213 
3.79 -7.04 -4.80 -0.9000 1.8800 -2.8000 -0.1578 -4.0978 -2.0378 3.36 -8.63 -3.20 130 240 232 270 213 
7.89 -8.92 -3.05 3.3800 -0.6400 0.7800 0.0633 0.2100 -0.1133 3.71 -8.28 -3.70 134 241 240 273 217 
;
8.37 -6.16 -1.06 3.1400 2.2900 1.9700 -0.7122 8.1633 -0.8200 5.96 -7.71 -1.01 132 278 262 293 224 
-0.47 -6.78 -2.92 -5.6000 0.0200 -7.5700 5.1122 4.4556 -2.8156 1.58 -3.56 8.99 166 301 313 331 224 
-5.47 0.43 8.99 -5.1200 -0.5900 -0.3300 4.0433 -0.2044 -1.9100 -1.08 2.76 9.34 168 376 337 396 224 
18.07 18.44 29.56 7.4100 5.7700 7.4200 -0.6111 0.3278 0.4744 0.68 5.26 8.24 161 369 348 393 225 
-0.99 7.63 12.13 -1.1000 1.9100 4.2200 -0.4933 -1.6833 0.1922 0.86 5.31 8.19 169 342 336 367 226 
4.13 4.32 13.61 2.0400 2.0900 3.5500 -4.6256 -2.1400 3.9322 3.43 -0.49 9.17 148 277 278 284 216 
-0.36 -1.17 5.76 -2.4000 4.8700 -2.4600 -5.1633 -0.5267 3.6567 1.30 -8.30 5.05 133 225 227 268 207 
-3.97 -6.65 -1.47 -2.1700 2.6300 -2.7300 -2.1011 1.4878 1.2611 -1.82 -9.63 0.30 130 226 212 281 211 
-3.98 -10.71 0.18 -2.0000 -0.5300 0.2600 -0.3456 -1.5322 -0.8244 -1.42 -9.69 -0.31 132 244 230 285 208 
-1.13 -6.30 -4.05 0.1100 2.7500 -3.5200 0.3056 -5.5200 -3.7833 2.89 -9.31 -0.97 128 254 239 289 212 
8.02 -5.73 -0.75 4.2600 2.4700 1.2000 1.1011 -1.0433 -0.8767 5.57 -8.02 -0.83 130 248 235 290 211 
;
