2.35 7.31 8.91 -1.8700 2.2700 2.8600 -0.4844 -1.6200 0.8144 4.81 5.25 6.73 159 285 251 322 225 
6.92 3.24 9.89 1.8100 2.5800 -0.1200 -6.4356 1.4111 3.3911 3.72 -3.86 8.21 131 238 215 257 221 
0.53 -3.71 1.39 0.1900 4.3100 -3.9100 -5.0478 0.9078 3.9011 -2.04 -9.38 1.97 131 240 211 255 213 
-7.19 -5.33 -1.89 -3.0300 2.9800 -0.3500 -1.3744 -0.7589 0.4000 -4.75 -8.46 -1.34 138 241 212 257 207 
-4.86 -9.26 -1.94 -1.8600 0.1500 -1.4200 -0.8200 -5.6856 -3.1900 -1.55 -9.67 -0.46 138 241 220 256 209 
2.23 -6.43 -4.17 0.6700 2.6300 -2.7100 -0.1222 -7.5944 -3.3056 3.36 -9.10 -1.40 132 234 223 250 210 
9.25 -7.93 -5.80 3.4500 0.3300 -1.5600 0.8856 -0.8689 -0.9589 4.33 -8.25 -3.04 135 234 220 252 208 
7.59 -7.42 0.13 2.5100 0.0600 2.5500 -0.6044 2.6089 -1.6444 5.97 -7.46 -2.17 167 292 253 270 224 
9.73 -7.46 0.31 1.7500 -1.7600 -0.9800 1.2700 1.5867 -3.1400 8.71 -3.89 2.25 180 374 141 183 202 
8.38 -1.35 0.76 -2.8500 1.4900 -4.4900 2.8300 0.3344 -1.0700 8.91 -1.01 3.94 181 370 160 174 179 
7.43 2.21 5.16 -1.2000 2.2100 0.9900 -0.2556 0.9922 -0.7089 8.47 0.26 4.92 176 370 163 176 178 
8.54 3.54 5.16 0.4900 3.3200 -0.1300 -1.6933 0.4333 -0.8956 8.08 0.30 5.53 174 378 170 178 176 
7.50 0.72 4.17 0.5200 0.3800 -1.7600 -2.1344 0.7656 -1.2333 7.43 -0.02 6.39 176 379 163 179 180 
6.62 -2.42 4.37 0.2700 -1.4900 -1.6900 -0.4767 0.8900 -0.0178 6.18 -0.57 7.58 171 384 180 182 179 
2.97 -2.08 11.08 -2.8800 -1.3100 2.9800 0.1889 -0.0556 0.2922 5.66 -0.54 7.98 172 384 182 188 180 
0.66 0.31 8.52 -5.7700 0.9000 0.6200 -0.6678 -1.6644 0.1011 6.84 -1.13 6.92 182 402 194 220 222 
2.72 -2.35 2.59 -3.7700 -1.9000 -3.8400 -0.0100 -0.9856 -2.0544 7.33 0.01 6.50 181 331 287 302 226 
13.87 6.18 3.87 5.9400 2.6200 -0.0200 -0.5522 1.0856 -2.9033 7.51 3.87 4.96 179 331 338 402 228 
;
