2.71 1.28 9.36 0.1200 0.0100 0.0000 0.0033 0.0178 -0.0100 2.60 1.30 9.36 158 371 346 428 225 
2.75 1.36 9.36 0.0700 0.0000 0.0000 0.0033 0.0256 -0.0089 2.57 1.30 9.37 161 372 346 428 225 
2.63 1.26 9.28 0.3900 0.0200 0.6300 0.4533 0.2211 -0.1789 2.44 1.62 9.35 152 358 344 423 227 
7.99 5.01 9.33 5.5500 3.5600 3.1900 -4.7656 -5.0644 4.9767 8.10 -1.31 5.36 113 261 244 277 223 
6.51 -4.79 0.71 -2.2000 1.6000 0.1200 0.2722 -4.9856 5.0478 4.93 -8.34 -1.47 118 221 210 229 193 
-0.14 -5.57 -0.99 -2.1700 3.2500 1.0500 0.0256 -2.9622 1.3689 -0.10 -9.56 -2.15 121 218 219 233 192 
0.31 -9.77 -2.04 -0.9800 -0.5700 -0.1700 -0.5211 -1.7678 -0.9678 0.11 -9.39 -2.81 124 219 216 234 192 
0.62 -8.30 -3.67 -0.6500 1.2300 -0.3600 -0.5622 -2.7589 -2.0900 1.29 -8.97 -3.72 125 222 216 235 195 
2.94 -6.29 -5.12 1.0100 2.1800 -0.6000 0.1044 -1.4411 -2.6233 3.57 -8.00 -4.39 127 224 216 238 200 
6.54 -6.61 -3.51 2.0400 1.1100 1.0100 0.0111 2.5389 -1.5589 6.04 -6.83 -3.58 144 257 248 286 216 
10.79 -7.02 0.99 1.1400 -2.3400 0.0500 0.3367 2.7233 -1.9500 8.93 -4.03 0.28 176 349 342 420 229 
9.27 -3.65 -0.53 0.8500 -0.2000 -1.7500 1.3056 0.5311 -0.8756 9.37 -2.08 1.97 184 347 331 424 229 
7.77 2.58 2.72 -1.2700 4.4500 0.7900 0.0822 1.5400 -1.2411 9.08 -0.54 3.64 188 328 336 423 230 
8.72 1.66 2.77 0.3600 2.0700 -1.3500 -1.5300 0.5878 -0.4600 8.70 -0.67 4.46 188 332 336 421 230 
8.97 -0.52 3.13 0.5700 0.0800 -2.1600 -1.5578 0.9544 -0.4222 8.07 -1.25 5.42 193 323 337 421 231 
8.75 -1.78 5.09 0.7100 0.3100 -0.8200 -3.3333 1.9044 1.0867 6.55 -3.74 6.26 190 303 316 395 232 
4.21 -4.75 7.36 -1.8200 0.0000 0.7100 -1.8333 0.7611 0.8067 4.74 -6.57 5.52 185 319 320 393 233 
4.73 -9.12 3.84 0.0600 -2.0000 -0.9800 -0.4078 0.2044 -0.2189 4.55 -7.27 4.75 185 323 320 397 237 
3.74 -7.20 4.65 -1.0800 0.2100 -0.2200 0.4833 -0.3933 0.0322 4.72 -7.03 4.92 189 311 306 384 233 
-0.15 -5.10 3.41 -4.3400 1.3800 -3.3500 1.0289 2.1322 -1.4278 3.90 -5.75 6.91 170 326 329 382 228 
;
