4.10 4.19 7.81 -0.4100 0.3900 0.0100 -0.0244 0.1044 -0.0289 4.10 3.77 8.06 186 340 349 351 221 
4.66 4.56 7.51 0.7600 0.6500 -0.3400 -0.1956 0.4689 -0.1933 3.92 3.73 8.17 184 337 349 349 222 
0.94 4.38 9.98 -2.9000 1.8900 3.2000 0.7322 -5.9778 1.2333 6.66 3.70 6.16 137 297 329 377 221 
14.04 4.82 0.67 3.9900 2.4500 -0.3100 -1.1167 -2.1789 5.9222 9.26 -3.13 0.65 121 249 236 252 211 
3.75 -0.52 -1.38 -3.8000 6.7500 -3.4600 -4.2511 1.9533 5.0444 3.53 -9.13 -0.47 118 232 213 232 188 
-2.70 -8.76 -0.13 -3.5000 0.4800 1.5900 -0.2856 -0.5322 0.3900 0.88 -9.60 -1.78 119 234 213 230 188 
-1.44 -11.16 -2.34 -2.2600 -0.8900 -0.9400 1.4556 -3.0100 -1.0656 1.05 -9.70 -0.96 121 236 217 232 189 
1.88 -7.24 -4.27 -0.3200 4.4400 -6.5500 3.2511 -8.7944 -2.8156 4.55 -8.68 0.24 120 240 222 232 190 
6.38 -5.45 -6.40 4.0800 3.0400 -3.6200 1.7222 -3.6378 -1.7467 6.43 -7.08 -2.11 116 242 224 233 189 
9.05 -5.67 -1.37 1.9500 1.0400 0.6600 -0.3100 0.1378 0.1756 6.48 -6.95 -2.39 119 245 226 236 191 
10.00 -2.78 -1.83 5.5900 4.8200 0.0600 -3.0511 7.0322 -1.0367 7.56 -6.22 -0.37 159 300 277 294 214 
5.30 -5.33 -0.06 0.0200 1.5400 -2.5200 -3.5344 9.2722 0.7900 1.25 -8.91 3.88 177 349 328 372 221 
1.52 -9.95 0.34 -0.1900 -0.1900 -2.6600 -2.0322 3.4733 -0.0689 0.12 -9.74 1.12 186 406 354 398 225 
2.18 -8.78 -6.05 1.4000 1.3800 -7.1900 3.2378 -0.9333 -0.7611 1.19 -9.34 2.73 196 404 361 397 228 
3.23 2.36 2.00 1.3200 10.1300 -2.1500 6.4533 -1.1333 -1.6056 3.62 -3.19 8.53 197 409 363 398 226 
6.38 4.08 19.56 2.5200 4.7900 7.5100 -4.5900 0.7033 0.2833 3.55 -3.78 8.31 198 405 365 401 227 
1.21 -5.60 1.99 -2.0700 1.8400 -4.2900 -4.4200 1.5411 0.1089 1.65 -9.08 3.29 194 402 357 399 228 
1.79 -10.29 -6.33 -0.2000 -0.0500 -7.7400 2.6944 0.3344 -0.3856 1.84 -9.17 2.91 196 393 358 401 228 
3.20 6.60 7.28 -0.0600 12.4900 4.0900 7.1422 -0.1200 -1.1889 3.20 -1.77 9.09 194 370 358 387 227 
8.68 0.59 6.56 0.5800 1.7900 -2.4100 -1.2033 -7.4356 0.9400 8.68 -2.20 3.98 176 256 253 271 214 
11.84 -1.46 -2.79 0.0800 0.0700 1.8500 -2.2389 -6.3144 1.7489 5.20 -3.35 -7.60 187 250 235 265 214 
2.47 -3.23 -11.35 0.1300 -1.4800 -3.2000 -0.9833 -0.5356 -1.2289 2.87 -0.21 -9.37 199 263 239 294 230 
6.09 -1.04 -12.88 3.7200 -0.1600 -3.6900 1.7878 0.6933 0.7244 3.20 -1.74 -9.10 198 286 271 342 230 
4.56 -3.63 -9.98 -1.0800 3.1500 -2.2400 5.3700 2.9633 0.4056 5.21 -7.17 -4.18 212 399 365 411 230 
1.37 -3.83 -0.42 -3.9100 4.4700 -0.4700 1.3611 1.0178 0.1033 5.46 -8.09 0.86 213 414 374 416 229 
4.09 -3.88 0.69 -1.2400 3.8500 -0.1900 -0.7356 0.3567 -0.6456 6.00 -7.68 1.06 211 403 371 403 230 
;
