3.03 4.51 8.18 -0.0400 -0.0500 0.0600 -0.0033 0.0111 -0.0133 3.07 4.55 8.12 189 316 344 375 224 
2.11 4.54 8.87 -1.5000 -0.0600 1.3000 0.8533 -2.7644 0.1389 4.27 4.90 7.33 165 286 287 305 221 
16.49 8.54 9.27 7.4300 3.5500 3.6100 -3.2800 -2.2533 4.8167 8.77 0.02 4.37 123 249 234 242 209 
4.98 0.09 1.39 -2.5000 5.5500 -1.7500 -1.9111 0.2933 6.0689 4.81 -8.11 2.66 120 243 216 219 206 
-2.05 -4.93 -0.20 -2.9900 4.5700 -2.1500 -0.4767 0.8722 2.0944 -0.32 -9.56 2.13 120 248 221 228 207 
-2.89 -9.78 2.62 -2.0300 -0.2400 0.5800 -0.4222 -1.1000 -0.1956 -0.54 -9.65 1.61 123 248 225 231 207 
-0.36 -8.68 -1.88 -1.7500 1.0100 -3.8600 0.9200 -6.7900 -1.7889 2.87 -9.27 1.33 123 253 229 237 210 
8.69 -5.95 -3.96 3.8000 2.0400 -3.8000 2.0356 -4.7311 -1.2978 5.63 -8.00 -0.56 124 256 233 240 210 
8.94 -6.28 2.71 1.4700 1.4300 2.6900 0.2278 0.0744 -0.0956 6.08 -7.69 -0.13 124 261 235 243 211 
14.74 -3.81 2.51 10.0700 3.5400 1.7500 -3.0244 9.4733 -0.2789 5.82 -7.61 2.08 154 275 260 256 208 
-0.04 -8.42 -2.01 -1.7900 1.3500 -2.9600 -2.1467 4.6256 1.1644 0.44 -9.63 1.77 177 359 324 352 221 
-3.85 -8.65 -2.43 -2.7400 1.7100 -2.3800 0.0067 -0.1089 -1.7189 1.32 -9.70 0.49 189 407 358 402 226 
3.90 -10.70 -2.61 1.5300 -1.3200 -2.8800 0.0800 -0.6989 0.4356 1.80 -9.63 0.06 199 412 360 405 227 
0.85 -8.79 -2.67 -0.7200 0.7800 -4.6800 4.3011 -0.9022 0.4600 1.17 -8.89 3.95 199 411 359 401 227 
2.48 1.05 1.32 -0.8700 7.4000 -5.4300 7.0722 -0.1022 -0.1900 1.63 -1.84 9.49 198 409 362 400 226 
5.12 11.43 7.07 0.9000 6.9900 1.0400 5.5989 2.5944 -1.1733 0.23 6.80 7.05 199 413 367 404 225 
-3.12 14.09 11.20 -2.5300 5.9500 4.0000 -1.0467 -0.5311 -0.3178 -0.43 7.08 6.76 196 411 364 391 224 
0.41 7.91 4.86 -2.8100 1.5800 -3.9900 -3.2022 -6.9867 2.3167 6.01 3.55 6.87 187 277 281 305 222 
1.70 -3.65 -9.97 -2.8800 -0.4100 -4.2900 -1.7622 -12.2378 4.4489 5.19 -3.02 -7.74 195 223 202 262 221 
5.97 -4.39 -13.78 4.0700 -2.8800 -3.9100 -1.4344 -0.7844 0.5744 1.18 -0.29 -9.73 205 240 235 298 232 
4.01 -3.07 -15.86 4.7200 -2.4900 -6.7000 3.2178 0.8578 0.0522 1.20 -2.43 -9.42 210 345 314 367 231 
6.18 -5.81 -9.36 0.9900 1.2000 -2.3100 4.9567 4.2011 0.1200 4.57 -8.08 -3.15 215 391 359 397 231 
0.20 -1.86 0.13 -4.9600 6.1500 -0.8600 0.9633 1.2789 -0.0144 4.78 -8.42 1.53 214 399 359 401 232 
3.71 -5.22 1.81 -0.9600 2.9000 0.1900 -0.7956 -0.3044 -0.4033 5.04 -8.32 1.18 215 394 366 400 231 
4.81 -5.19 -0.23 -0.4400 2.9300 0.0000 -2.4156 1.8078 -3.3700 7.28 -6.55 -0.28 201 321 304 340 227 
;
