5.20 -2.84 11.71 -0.4100 -1.0500 3.2600 0.8278 -5.3811 -1.8022 7.39 -0.82 6.38 135 255 238 250 221 
10.35 -0.28 5.55 1.2200 2.8500 -1.6400 -4.3533 2.7656 3.7044 6.07 -5.70 5.16 125 237 217 229 218 
0.49 -5.12 -1.35 -1.1300 4.3400 -4.5500 -3.7122 2.0389 2.4067 0.51 -9.74 0.91 127 235 213 229 213 
-1.66 -8.73 0.09 -1.4600 0.4800 0.4100 -0.2489 -0.4411 -0.1933 -0.15 -9.80 -0.19 126 236 214 228 209 
-1.13 -10.86 -1.31 -2.4900 -0.8100 -1.7100 1.7222 -5.6789 -1.5811 1.62 -9.64 0.68 129 231 211 230 203 
2.76 -7.33 -2.22 -0.8400 1.8100 -3.5500 2.7267 -8.4711 -1.7567 4.97 -8.44 0.36 129 234 209 228 201 
6.88 -5.41 -5.49 3.0200 2.4900 -3.0100 1.9556 -3.6500 -1.4478 6.21 -7.30 -2.03 129 230 209 215 200 
8.34 -6.35 -1.19 0.7000 0.5700 1.4700 -0.4989 0.4178 0.2544 5.84 -7.41 -2.65 130 244 217 231 205 
8.40 -5.36 -1.76 -0.6500 -0.1400 -1.6300 -2.8622 3.1689 0.9567 6.03 -7.42 -2.14 133 315 190 196 183 
6.70 -8.16 -2.01 0.1300 -0.8500 -0.2700 0.1067 2.0122 -0.1644 6.02 -7.73 -0.14 139 396 193 211 192 
6.20 -6.57 2.05 -0.5000 1.4200 1.3900 1.5000 -0.0033 -0.3533 6.56 -7.03 1.89 135 378 195 208 191 
7.03 -7.35 0.41 0.8100 -0.3300 -1.4400 -0.9656 -0.5867 0.4289 6.18 -7.60 0.00 137 402 195 208 190 
6.22 -7.57 -1.13 0.0500 0.2700 -0.8900 0.6067 0.0878 -0.1311 6.14 -7.63 0.15 137 398 200 208 189 
6.65 -6.67 1.54 -0.1100 2.0000 1.1700 0.7100 0.3422 -0.7244 6.67 -6.92 1.90 150 390 206 215 199 
6.95 -3.21 1.82 2.4600 1.9200 -0.8800 -5.1600 14.5900 -6.3411 5.31 -5.82 5.83 189 394 183 192 167 
2.58 -5.04 7.45 0.7100 0.3300 -2.0900 1.1556 1.8500 -1.6089 0.56 -5.05 8.38 199 399 177 191 165 
2.17 -6.75 14.82 1.3800 -3.3000 5.2200 -0.4267 -0.6811 1.0444 0.28 -3.83 9.02 201 407 177 190 165 
-2.14 -4.86 11.22 -3.5800 0.9800 2.2100 -3.4289 0.4833 -0.6944 0.53 -7.18 6.65 203 411 180 192 164 
-0.93 -3.69 3.33 -2.0900 5.1600 -1.2300 -1.0011 0.8178 -2.0033 2.02 -8.45 4.52 203 411 183 197 167 
3.04 -2.82 3.88 0.0900 4.7300 -1.1400 1.7433 1.3944 -1.1533 3.03 -7.20 5.91 203 412 182 197 165 
7.10 -3.52 7.60 3.9700 -0.6100 0.5100 3.4467 1.7267 1.3756 1.00 -3.75 9.00 203 414 185 197 166 
-0.25 -4.72 15.90 -1.4100 -2.4200 5.3100 -1.0000 -0.4200 2.0956 0.15 -2.66 9.43 203 415 185 198 167 
-3.88 -1.50 5.94 -3.1000 2.5300 -2.8900 -0.2767 0.0878 0.2878 -0.17 -4.25 8.83 206 411 187 200 167 
;
