9.88 -0.39 -1.12 0.2300 0.0500 0.0000 -0.0400 0.2644 0.0100 9.74 -0.29 -1.07 173 241 197 213 159 
11.98 0.63 -1.01 3.7000 1.7900 -0.6900 -0.3200 3.1433 0.3189 9.63 -0.44 1.78 112 244 242 247 177 
12.80 -1.25 7.16 -0.5900 1.4900 2.0200 -2.9978 3.1878 4.7089 6.34 -5.17 5.39 101 238 266 278 187 
0.33 -5.88 0.15 -2.2800 3.0600 -3.9500 -2.6856 1.6422 2.8378 0.21 -9.55 2.19 103 240 246 267 180 
-3.11 -8.90 0.61 -2.5500 0.6300 -0.1400 -0.1878 -1.3867 -0.3478 -0.50 -9.74 0.93 105 239 234 251 172 
-2.63 -10.64 -1.35 -2.3400 0.0100 -2.2900 1.2389 -5.4200 -2.4533 2.47 -9.43 1.02 3 237 229 253 171 
4.43 -7.58 -3.85 -0.5000 2.6100 -5.4700 2.3722 -8.6267 -1.8289 5.57 -7.95 -1.31 105 241 234 253 171 
8.26 -6.47 -5.13 3.0100 0.8700 -1.1700 0.7544 -1.5500 -0.9544 4.99 -7.56 -3.72 106 244 233 254 174 
5.67 -6.73 -2.69 1.1500 1.3000 1.5800 -0.5200 0.8478 -0.7444 5.74 -7.11 -3.54 114 250 239 249 185 
12.66 -6.25 0.05 4.2300 -2.1300 0.3400 0.1022 5.3122 -4.9300 9.27 -2.84 1.42 155 286 243 269 194 
10.81 -1.72 3.64 1.3600 -2.3200 -0.7000 0.6500 2.4244 -2.3356 7.36 1.95 6.17 162 262 172 208 155 
5.11 1.91 3.42 -1.8100 -0.8700 -3.8200 1.7133 2.2433 -1.8067 3.89 4.97 7.49 158 244 178 202 146 
0.25 6.18 6.56 -2.4900 0.5100 -0.6900 0.6167 1.1800 -0.3356 1.36 6.24 7.43 154 231 179 202 145 
-1.59 6.73 6.77 -2.0900 0.4700 -0.6600 -0.0556 -0.6144 -0.8156 0.92 6.42 7.35 153 230 181 204 145 
0.71 8.06 6.17 -0.2100 1.5600 -0.8200 -0.3078 -1.4544 -1.1544 1.30 6.55 7.17 148 222 181 206 148 
4.35 7.12 6.65 1.4700 0.8400 -1.3000 -0.9100 -1.8956 -1.3267 1.71 5.46 7.95 145 201 178 205 147 
2.70 4.03 7.80 0.7900 -2.2800 -0.1500 -1.3867 0.1844 -1.5578 1.31 4.88 8.40 141 208 179 208 145 
2.10 3.90 10.18 0.4100 -1.4400 2.3600 0.2689 -0.1211 -0.1378 1.13 5.03 8.33 142 208 182 210 146 
1.03 4.09 9.08 -0.2600 -1.2700 0.5300 -0.1289 -0.1044 0.0989 1.23 4.99 8.34 143 207 183 211 147 
0.99 3.53 7.53 -0.7800 -1.5600 -0.9400 -0.7133 -0.8456 1.1122 2.72 4.38 8.33 158 218 178 214 158 
;
