4.08 4.77 7.69 -0.1000 0.4500 -0.1000 0.0011 0.0011 0.0133 4.12 4.32 7.77 180 344 337 333 210 
4.06 4.72 7.71 -0.0600 0.3700 -0.0800 0.0178 0.0200 0.0211 4.10 4.38 7.75 180 343 338 334 210 
4.21 4.70 8.36 0.3700 0.0100 1.0800 1.3911 -0.2544 0.1856 4.22 5.01 7.29 183 360 336 351 211 
13.20 10.56 7.15 5.6900 2.6100 0.0700 -1.1700 -0.7622 4.3844 7.28 4.16 5.07 181 332 309 327 216 
9.90 1.40 3.27 1.1800 0.3000 -1.7400 -0.3656 3.5622 3.1600 6.93 -0.33 6.92 149 205 179 203 195 
3.92 1.91 3.71 -1.1000 1.5100 -4.4100 1.8956 2.5589 0.3456 3.98 -0.13 8.96 168 198 180 194 189 
0.25 2.93 7.70 -2.3900 0.9900 -1.4800 1.8433 0.6278 0.2667 2.22 2.87 9.10 172 191 178 195 189 
0.10 5.46 8.99 -1.2300 2.2300 0.0700 -0.0611 -0.2378 -0.8433 1.81 3.53 8.96 169 187 183 201 192 
2.01 5.02 7.90 0.8200 1.1400 -1.3900 -0.1922 -0.4889 -2.4878 0.92 3.32 9.17 168 203 186 206 194 
1.96 2.39 8.78 1.3600 -0.2700 -0.8600 -0.7711 -0.1578 -1.7356 0.37 2.36 9.50 164 212 185 208 194 
0.15 1.30 10.11 -0.1000 -1.0500 0.5500 -1.3222 0.8167 -1.0033 -0.91 0.77 9.73 165 219 187 208 194 
-0.94 -2.13 10.56 -0.0300 -1.7800 0.4500 0.0244 0.0800 -0.1622 -1.09 0.35 9.73 165 225 187 210 194 
-3.91 -1.39 6.07 -2.5200 -1.0100 -3.8500 -0.1089 -3.7767 2.2844 2.19 0.03 9.55 176 224 245 304 210 
5.38 -2.43 0.80 -5.2400 -2.9000 -7.9900 -0.0378 -8.3133 2.2300 8.82 -1.79 3.87 176 252 298 363 218 
9.66 -4.88 -8.70 -1.6800 -0.5400 -4.1900 -2.4722 -9.5789 1.5278 3.44 -3.62 -8.43 184 249 271 371 222 
3.01 -3.36 -14.61 2.2200 -0.6100 -3.2300 -0.0322 -0.4656 -0.3544 0.59 -2.05 -9.57 186 264 285 382 225 
1.33 -2.26 -9.45 0.6400 -0.3300 -0.1400 0.3311 0.2800 -0.3478 0.81 -2.40 -9.47 185 256 289 381 225 
7.71 -6.83 -13.41 3.8100 -3.4100 -3.8100 3.1089 5.2911 -3.1489 6.44 -3.53 -6.49 169 317 322 384 218 
6.28 -3.63 -3.62 -4.0500 -0.6200 -1.9200 2.7044 3.3556 -2.1067 9.60 -1.66 1.06 175 374 348 388 217 
6.07 2.87 0.06 -4.0900 3.5400 -2.7600 0.9778 1.2744 -1.0722 9.11 0.67 3.56 178 375 356 392 219 
7.85 5.90 3.94 -1.2500 4.5200 0.0400 -2.1878 0.0978 -0.3411 8.83 0.76 4.18 180 276 326 391 223 
9.25 2.53 0.89 -0.1500 2.9000 -1.4800 -2.7256 0.3600 0.0233 8.89 -1.15 3.97 181 254 298 391 225 
5.98 -3.91 1.26 -1.8200 -1.4600 -1.8700 -2.3556 -0.1167 0.2989 8.68 -3.05 3.38 181 264 303 393 226 
8.60 -7.45 2.76 0.0600 -3.4800 0.0400 -0.5778 -0.1756 -0.0611 8.69 -3.73 2.56 179 269 301 394 227 
9.16 -3.62 2.62 0.1900 0.0700 0.1400 0.3122 -0.0500 -0.0267 8.77 -3.51 2.60 179 272 304 394 226 
;
