6.03 1.13 7.51 -0.2700 -0.0600 -0.1500 0.0489 0.0189 0.0333 6.14 1.52 7.48 184 294 310 330 209 
5.54 1.05 7.91 -0.6000 -0.8100 0.8700 2.5644 -0.8767 -0.3600 6.42 2.63 6.92 186 311 313 338 209 
14.52 9.37 8.27 8.2100 5.3000 3.6900 -0.0456 1.0022 2.8256 7.43 3.72 5.20 178 251 258 279 212 
4.16 1.21 3.37 -1.3900 -1.0500 -4.9200 -0.4167 3.5478 1.2522 4.07 1.71 8.75 165 207 173 190 173 
0.81 1.82 3.49 -1.7300 -0.4300 -5.8500 0.8922 1.7278 -0.5800 1.42 3.03 9.21 145 203 174 201 179 
-2.20 3.54 7.19 -2.0200 0.5400 -1.5100 0.2056 0.1144 -0.7133 -0.05 3.40 9.19 153 194 180 206 181 
-0.26 4.05 7.93 0.1200 1.0100 -0.9200 0.0422 -0.9544 -1.0033 0.13 3.48 9.16 156 201 180 208 183 
2.67 3.73 9.12 2.2500 0.4400 -0.1500 -0.8322 -0.4867 -0.9278 0.65 2.77 9.38 155 212 182 210 187 
0.88 -1.18 9.76 0.8000 -3.1700 -0.1200 -0.5956 0.9867 -0.3956 -0.42 1.59 9.66 162 220 185 211 187 
-3.00 1.10 9.55 -2.2200 -0.2400 -0.2600 -0.4700 -0.3256 0.5722 -0.58 1.21 9.71 148 216 178 214 187 
-1.90 -0.69 6.65 -1.4300 -0.4600 -3.7300 -1.0922 -1.9200 1.1556 1.26 -0.71 9.69 175 200 194 235 197 
3.28 -4.20 5.71 -0.6500 -2.2900 -4.0400 0.3033 -5.3444 0.9833 6.28 -1.55 7.36 189 192 202 231 199 
12.51 -0.26 2.66 -0.0100 0.6200 0.0000 -1.0167 -3.5178 -0.7800 9.68 -1.43 0.47 193 177 181 205 188 
18.19 3.26 -5.18 8.9600 3.4300 -3.3000 -0.2244 0.0378 -1.9156 9.38 1.09 -2.63 195 177 184 212 191 
9.76 2.13 -2.33 0.0000 1.1400 0.3200 0.3822 -0.0656 0.2256 9.30 0.86 -2.96 196 184 190 219 193 
17.37 4.53 -3.77 6.0900 3.9600 -1.6000 -2.1089 3.5600 2.8822 9.68 -1.49 -0.34 198 277 264 288 211 
1.47 -3.08 2.70 -5.5700 2.0800 -3.0800 -2.7878 4.6044 3.7600 4.56 -7.06 5.03 200 369 330 377 213 
-0.82 -6.67 3.86 -3.0100 1.5900 -1.4500 -2.7789 2.3122 0.0433 0.79 -9.20 3.28 198 406 348 391 215 
0.21 -10.92 -4.73 -1.2900 -1.3200 -6.7700 0.7856 -1.9111 -0.0344 1.10 -9.54 1.98 201 409 344 393 217 
2.69 -1.76 -2.39 -0.4900 6.7900 -5.3400 7.8311 -2.5600 -1.9322 4.57 -4.05 7.66 202 408 358 392 217 
9.67 4.56 19.84 4.0100 5.5500 11.0900 -3.3100 0.6144 0.7911 4.73 -2.95 8.06 203 403 359 397 219 
1.19 -4.73 3.29 -1.7100 2.0500 -3.2700 -4.9833 2.1278 0.5967 2.18 -8.54 4.27 199 406 356 400 219 
-0.53 -10.13 -5.25 -2.4900 0.0400 -7.7400 3.6578 -1.1244 -0.6678 2.63 -7.88 5.20 201 403 355 396 217 
6.88 2.24 15.06 2.8300 5.5500 7.4300 2.1500 -1.2300 -0.5933 5.22 -2.76 7.82 202 399 356 393 218 
5.18 -3.19 6.90 -1.0100 0.1800 -0.9200 -1.1744 -0.4433 0.4844 5.74 -4.15 6.77 199 389 352 388 218 
;
