3.41 4.32 8.14 -0.0500 0.0900 0.0000 -0.0089 -0.0011 0.0011 3.49 4.20 8.14 192 370 362 367 221 
3.62 4.55 8.44 -0.1000 0.1700 0.6200 1.0622 -0.8967 0.2889 4.17 4.67 7.53 193 355 356 381 221 
16.18 5.84 10.06 6.8200 1.8900 4.8700 -1.7144 0.9611 4.0611 7.64 0.83 6.08 182 278 214 269 218 
8.42 -2.78 2.40 0.7800 -0.1000 -3.8100 1.1011 2.2778 3.2633 5.21 -2.78 7.82 186 222 157 186 195 
3.49 1.61 3.86 -1.1900 2.3200 -5.0200 2.2156 2.7278 -0.2011 2.48 -0.61 9.46 171 213 149 179 168 
-0.64 4.55 7.69 -1.7700 2.8200 -1.2400 0.9189 0.6044 -0.7033 1.15 2.56 9.39 157 209 155 181 167 
-1.24 4.49 9.19 -1.3200 1.9400 0.0900 -0.0311 -0.2667 -1.7100 0.73 2.94 9.32 159 210 164 188 173 
4.40 5.76 8.65 2.0200 1.2900 -1.3000 -1.1278 0.2267 -2.8611 0.38 2.04 9.58 159 221 167 192 180 
2.52 1.93 9.11 2.3400 -0.2100 -0.9000 -1.0200 -0.2111 -1.3089 0.29 1.31 9.71 157 225 170 194 180 
-0.51 -2.57 11.34 -0.8900 -2.9100 2.1500 0.1956 -0.0078 -0.2411 0.20 1.22 9.72 158 222 174 195 180 
-2.06 0.90 8.33 -2.8500 -0.5400 -1.4600 -0.1389 -1.1800 0.4056 1.26 0.99 9.67 172 258 173 213 197 
-2.40 -3.75 2.81 -3.6400 -2.8500 -7.2100 0.6356 -4.3344 1.1400 5.22 0.34 8.29 139 309 310 349 217 
12.41 -3.03 1.12 2.8800 -3.3300 -3.5800 -0.6967 -4.7033 1.7100 9.52 -1.11 2.06 115 224 235 294 217 
11.34 -3.36 1.59 3.6500 0.6000 0.3000 1.6511 -2.1744 -0.1656 9.57 -2.08 -0.26 99 178 177 197 164 
12.25 2.34 -4.73 1.9900 3.8800 -4.5500 3.0444 0.8278 -0.4789 9.75 -1.00 0.18 101 183 180 203 167 
8.47 3.68 0.99 -1.5100 3.9000 0.9200 2.7878 0.0889 0.0122 9.73 -0.56 0.99 100 185 186 205 169 
10.76 4.73 9.74 0.2500 5.1100 7.0900 -1.8433 0.1344 0.4111 9.71 -0.67 1.16 104 188 188 205 169 
10.48 2.72 -2.72 1.5100 2.7700 -4.2500 -2.5289 -0.4033 -0.3422 9.77 -0.69 0.31 104 188 191 205 170 
9.62 -1.84 -4.00 -0.6700 -1.9400 -3.8300 -0.9011 -0.4867 0.0033 9.78 -0.50 -0.46 105 186 192 207 172 
9.09 -2.51 -1.88 0.5400 -1.6100 -1.0400 0.4767 -0.0456 0.1744 9.76 -0.63 -0.60 105 190 194 209 173 
12.86 2.84 6.98 4.1600 3.3700 6.5100 -1.1878 0.6622 0.2944 9.73 -0.87 -0.78 108 197 197 208 179 
15.06 2.19 1.69 5.4900 4.1900 -1.9200 -5.1178 8.3533 0.9600 6.43 -3.82 6.33 166 280 289 309 210 
3.75 -3.58 3.93 1.2600 3.9000 -1.6900 -6.8156 3.1300 2.1456 -0.79 -9.56 2.01 170 285 303 334 211 
-3.37 -6.50 -10.01 -0.7700 3.1800 -4.3900 -2.1300 -0.0789 -1.5844 -1.21 -8.26 -5.14 179 302 317 352 214 
-1.83 -7.20 -3.43 -2.0300 1.6400 -0.5300 7.0744 0.1567 -1.9811 0.48 -9.63 1.75 181 291 308 337 210 
2.92 -6.91 8.62 0.6800 1.1700 3.4400 -4.4056 -0.3011 1.6489 0.04 -9.79 0.49 181 301 311 338 214 
-3.06 -7.79 -8.73 -1.5600 0.6200 -4.1800 -2.8711 0.5622 0.1200 -0.84 -7.38 -6.39 177 303 320 346 215 
-2.67 -7.78 -5.70 -3.2500 2.5400 -0.8900 8.2356 -0.2811 -3.0744 1.31 -9.66 0.98 181 297 311 334 212 
1.26 -10.05 1.90 -1.4200 -0.4400 -1.1500 -0.7856 -2.9144 0.6456 1.36 -9.70 0.41 179 299 309 317 216 
;
