0.09 0.37 10.22 -0.1000 0.0200 -0.1600 -0.0411 -0.0067 -0.0056 0.06 0.29 9.80 168 344 341 368 212 
-0.07 0.32 9.72 -0.1400 0.0700 0.0400 -0.0067 0.0011 0.0022 0.05 0.27 9.80 169 345 342 369 213 
-0.08 0.32 9.74 -0.1500 0.0500 0.0200 0.0044 0.0044 0.0011 0.04 0.28 9.80 170 344 338 370 213 
-0.16 0.29 9.86 -0.8000 -0.1700 0.1300 0.2311 -0.0389 0.2111 0.09 0.44 9.79 169 338 344 373 212 
4.35 4.10 16.34 2.2000 3.3100 6.3700 -1.4656 -3.6522 1.4256 5.19 0.56 8.29 168 330 242 256 212 
7.17 -3.05 5.77 -0.2600 0.0900 -4.1600 -0.9067 -0.0556 2.9867 4.07 -3.74 8.09 163 261 166 175 210 
3.00 -2.76 2.35 -1.6900 2.6100 -5.0400 3.4222 -1.2422 0.9278 4.53 -2.34 8.37 144 215 158 168 187 
1.66 2.95 8.47 -1.9700 3.3500 0.1600 0.9844 0.4256 -0.7611 3.77 0.52 9.03 129 223 165 170 183 
3.13 2.76 9.72 -0.5300 2.1000 0.4400 -0.8722 0.3844 -1.3344 3.42 0.51 9.17 126 228 167 174 185 
4.33 1.99 8.52 1.2200 1.7900 -0.7100 -1.3656 0.2489 -1.1322 3.12 -0.38 9.28 127 233 169 175 185 
3.40 -3.11 7.93 0.4100 -1.9600 -1.2100 -1.0633 -0.0811 -0.1144 3.15 -1.92 9.08 126 232 172 176 184 
2.53 -2.90 8.36 -0.6000 0.7100 -0.4800 -1.6422 0.1300 0.9411 3.05 -3.70 8.54 149 220 171 182 198 
1.32 -4.13 4.58 -0.8500 1.3000 -2.7500 -2.6889 0.0533 0.7967 2.27 -6.96 6.51 154 222 245 253 211 
1.91 -9.30 4.03 1.0100 -1.9500 -0.9100 -6.9011 1.8967 -0.2378 1.40 -9.69 -0.53 162 206 228 272 211 
1.99 -12.13 -5.23 -0.2900 -2.8000 1.7900 -1.0533 -1.4633 -0.8111 1.74 -8.25 -5.00 167 196 205 236 200 
0.74 -8.74 -4.64 -0.8800 -0.0800 0.4500 0.3633 -1.4800 -1.5289 1.91 -8.11 -5.16 169 202 205 228 198 
1.19 -6.51 -6.90 -1.6400 1.4000 -2.1300 2.4544 -4.4733 -5.7078 4.49 -7.10 -5.04 170 199 204 224 194 
4.93 0.21 -7.76 0.4100 7.2100 -0.5900 1.6256 -3.7444 -4.8033 5.42 -4.98 -6.46 170 192 199 220 192 
8.08 -3.55 -6.47 2.2300 0.7600 0.1700 -0.0811 -0.1133 -0.0067 5.31 -4.57 -6.85 168 191 201 219 186 
9.34 -2.92 -4.51 3.9700 1.8200 2.2600 -2.0067 6.0433 2.1411 7.26 -4.62 -4.70 171 210 229 253 205 
6.63 -2.68 -4.97 -2.2500 1.0900 -5.6000 0.0522 9.3211 -0.3056 6.04 -5.56 5.35 167 279 292 321 208 
-0.63 -2.80 10.03 -0.5700 0.7000 2.3300 3.2844 0.7567 -1.0556 1.14 -0.93 9.69 172 364 330 365 208 
;
