7.26 2.66 5.94 0.1300 0.1300 -0.0400 0.0044 0.0300 -0.0033 7.30 2.55 6.02 178 307 331 341 217 
7.10 2.72 6.09 -0.0800 0.0600 0.0500 0.0978 0.0367 -0.0389 7.25 2.64 6.04 180 308 336 352 219 
14.29 8.45 10.24 6.6300 6.0000 5.3100 0.7422 -0.2856 1.6867 8.26 3.67 3.79 12 225 263 294 217 
10.56 2.75 2.12 1.2300 1.4000 -2.6100 -1.2422 3.3944 3.0022 7.53 -0.36 6.26 184 209 172 219 206 
3.56 -1.79 4.16 -1.4800 -0.7700 -4.2400 1.8956 1.9333 0.2789 4.51 -0.18 8.70 170 219 173 212 196 
0.34 1.92 4.97 -2.7100 0.3000 -3.8600 1.4722 1.7767 -1.1311 0.94 2.35 9.47 169 206 180 217 196 
-2.41 4.20 8.44 -1.5400 1.2900 -0.8700 0.0956 0.2589 -1.1700 -1.03 3.00 9.27 170 193 183 222 198 
0.15 4.65 8.86 1.3500 1.8700 -0.6500 -0.2567 -0.5644 -0.9656 -1.17 2.63 9.37 171 190 182 226 199 
0.42 1.80 8.14 0.9800 -0.4300 -1.3900 -0.2778 -0.7844 -0.8667 -0.35 1.87 9.61 170 197 169 230 199 
0.03 -1.36 10.55 0.2000 -3.2300 1.2200 -0.0456 -0.1022 -0.8267 0.00 1.11 9.74 168 198 187 230 199 
-1.06 1.21 9.21 -1.8700 0.5800 -0.9000 -0.4633 -0.3600 0.4889 0.28 0.96 9.75 170 198 184 233 203 
1.10 -1.04 5.43 -0.1500 -1.5200 -5.6200 -3.7333 -0.0744 1.9878 0.17 -2.82 9.38 180 243 181 246 212 
-2.37 -6.87 7.28 1.8800 0.5000 0.8100 1.7856 -0.3178 -0.9911 -0.28 -4.11 8.89 169 338 196 260 218 
0.82 -0.81 10.52 2.7300 3.5600 3.4700 0.7622 1.7344 -1.6489 -0.21 -1.35 9.70 179 412 177 224 205 
1.65 -3.43 16.59 1.7600 -3.5200 6.5600 -0.5600 -1.0444 0.7544 0.09 -1.51 9.68 188 414 179 232 206 
-4.74 -2.37 14.47 -4.6700 1.6700 4.4500 -3.6256 0.3967 -0.4411 -0.41 -5.51 8.09 195 414 181 226 203 
-2.24 -2.70 3.14 -1.2200 5.4000 -2.5300 -2.2100 1.1211 -1.6389 0.44 -8.58 4.71 198 416 182 228 203 
1.75 -4.02 1.12 0.7000 4.6000 -3.1000 0.9711 1.7411 -1.6322 1.63 -8.44 4.70 199 413 182 230 203 
5.38 -3.98 5.14 4.5800 1.8900 -1.5700 3.7133 0.8344 -0.3133 1.52 -5.25 8.13 198 413 183 230 204 
5.03 -4.64 14.78 3.6900 -2.4200 5.2600 1.3844 -0.6444 2.0078 1.51 -1.61 9.55 198 414 188 231 205 
-0.33 -3.54 13.25 -2.5400 -0.9200 3.0900 -1.2411 -0.6067 1.8178 1.73 -3.08 9.14 199 413 188 232 205 
-1.16 -0.86 6.79 -2.9000 3.0700 -1.6900 0.2944 -1.0389 0.1211 2.49 -3.72 8.72 197 388 189 233 205 
7.21 1.47 3.51 -0.4400 2.6100 -3.0900 3.5278 -10.4822 0.1800 9.56 -1.71 1.34 177 218 256 331 217 
6.84 -2.48 -7.17 1.2000 -0.8800 -0.4300 -2.4244 -4.7889 1.4644 1.32 -2.30 -9.43 190 244 268 359 229 
-0.14 -2.44 -12.87 0.2500 -2.2000 -2.9000 0.0478 -0.3633 -0.1811 -0.29 -0.58 -9.78 197 269 276 374 232 
2.37 -3.60 -15.26 1.3500 -2.1600 -5.7300 3.5400 1.4544 0.0800 0.38 -3.80 -9.02 200 329 326 380 224 
2.32 -5.57 -5.90 -0.3300 1.8100 -0.5300 3.8189 1.9800 -0.1922 3.21 -8.33 -4.04 206 384 357 394 222 
2.22 -5.17 -1.29 -2.2000 3.8700 0.3000 0.9778 1.1500 -0.5500 4.41 -8.71 -0.82 207 392 361 397 221 
3.09 -4.98 -0.51 -1.6200 3.3800 0.4100 -0.3922 0.0244 -0.1289 4.77 -8.53 -0.67 205 386 360 390 223 
2.94 -5.15 -1.44 -2.5600 2.4300 -0.6200 -3.4056 5.2711 -3.3989 7.55 -6.22 -0.60 190 302 318 349 221 
;
