5.40 4.11 7.04 1.5100 -0.3300 -0.6000 0.9311 1.9856 -1.0700 3.68 4.77 7.73 183 335 325 349 214 
-1.15 4.95 9.00 -3.2100 -0.6700 1.3200 2.1578 -0.2956 0.8656 2.23 6.51 6.98 187 345 330 352 216 
15.19 11.38 7.31 10.8000 5.5000 2.6600 -1.8267 -0.0656 4.0044 6.55 4.19 5.96 182 321 279 324 216 
6.95 -0.15 3.44 0.2400 -1.6500 -4.0000 -1.2878 1.9511 4.1200 4.92 -1.25 8.38 183 237 169 193 210 
0.98 -0.13 1.71 -2.5700 2.2300 -5.3900 2.8800 2.2178 -0.4489 2.67 0.21 9.43 141 210 165 186 184 
-1.89 5.83 9.37 -3.2600 2.8500 0.0600 0.6456 0.3678 -1.2200 0.87 3.23 9.21 146 212 172 191 189 
0.07 5.13 9.28 -0.4900 1.6800 0.0700 -0.4911 -0.7489 -2.2100 0.75 3.08 9.27 144 206 176 196 193 
2.09 2.99 8.33 1.4000 0.3900 -1.1300 0.0000 -0.4100 -2.4100 -0.07 2.69 9.42 143 213 178 203 195 
1.63 0.93 7.21 2.0700 -1.2900 -1.3300 -0.8089 -0.0056 -1.2944 -0.13 1.32 9.71 145 215 180 204 193 
0.49 -4.20 10.50 0.6200 -4.2400 0.7100 0.0600 0.0567 0.0744 -0.09 0.29 9.80 143 212 182 202 190 
-2.37 0.64 8.82 -2.1000 1.1000 -1.4900 -2.4378 -1.4844 2.0867 0.92 -1.40 9.66 167 221 167 216 205 
1.92 -5.12 4.52 2.2700 1.0800 -1.7200 -5.2644 1.9789 1.5789 -0.78 -8.22 5.27 176 283 314 340 210 
-1.24 -12.97 -0.48 1.4900 -0.7400 -0.4200 -4.0156 1.1000 0.4700 -2.18 -9.12 -2.85 179 293 328 346 211 
-4.38 -8.61 -10.88 -1.0900 0.3300 -6.7100 5.1800 -1.0667 -1.3878 -2.11 -9.50 -1.11 175 281 317 336 212 
8.98 -2.80 16.02 6.5800 4.8900 11.2700 -1.9778 0.6711 0.9844 -1.20 -9.35 2.68 176 293 323 345 213 
-4.36 -6.39 -5.91 -2.0500 2.8400 -4.5500 -5.1122 0.7222 1.4622 -3.46 -7.75 -4.90 169 293 319 337 213 
-5.58 -6.20 -9.76 -2.3200 1.3700 -4.3100 5.9444 -0.3822 -2.3689 -2.41 -9.27 -2.08 169 277 309 333 213 
8.72 -6.32 11.47 4.0500 1.9500 6.0000 0.7722 -1.0078 -0.2267 0.82 -8.98 3.83 168 267 301 331 215 
-2.84 -7.53 -2.03 -3.5200 2.2800 -6.1500 3.9700 -8.2056 -0.4689 4.56 -7.55 4.26 173 253 277 316 213 
4.82 -2.47 -3.29 -3.2400 4.5700 -2.4300 -1.3811 -9.0122 -0.7233 5.99 -6.03 -4.87 179 237 259 366 221 
9.57 -3.14 -20.12 4.5400 -3.3900 -12.1900 -1.3700 -1.6456 -0.0011 1.01 -2.26 -9.48 188 256 287 385 226 
1.59 -1.91 -8.35 0.5200 0.5600 1.0200 0.1367 0.1000 -0.0156 0.93 -2.64 -9.39 189 259 290 387 228 
1.02 -2.69 -8.44 0.0700 0.1400 0.9300 -0.0711 0.0878 0.0300 1.02 -2.67 -9.37 190 263 290 389 229 
;
