1.50 1.69 9.61 -0.1700 -0.3600 0.2000 0.0389 0.0267 -0.0389 1.68 2.09 9.43 181 324 347 354 207 
0.69 2.60 11.17 -0.0800 0.3600 2.4200 2.3344 -2.5578 1.4022 2.82 3.44 8.73 182 329 328 364 209 
13.09 7.37 9.02 7.2800 2.8200 4.8100 0.7878 0.8211 3.4378 7.11 3.41 5.82 182 289 259 289 207 
4.56 0.26 4.73 -1.6600 -1.6700 -2.7300 1.1211 1.5489 1.1822 5.20 2.30 7.98 171 213 166 185 182 
4.24 3.10 1.97 0.2600 0.9700 -4.8500 1.4844 1.4211 -0.4167 3.71 3.69 8.29 147 211 161 184 167 
-0.30 5.81 7.37 -3.2900 0.8800 -0.6400 0.1467 0.5711 -0.8122 2.06 4.89 8.24 144 217 163 188 166 
1.09 6.77 7.94 -0.7300 2.0100 -0.4300 -0.6778 -0.8078 -1.5878 1.66 4.72 8.43 148 217 169 191 172 
1.99 5.40 7.63 0.9800 0.2700 -1.0100 -0.3944 -0.9567 -1.4678 0.96 4.58 8.61 151 227 171 193 174 
2.36 4.30 7.50 2.1200 -0.0100 -1.1000 -0.7611 -0.6467 -1.2444 1.05 3.96 8.90 151 228 175 193 172 
0.96 -0.76 10.95 -0.1700 -5.0700 2.5400 0.1944 -0.3822 0.0144 1.35 3.45 9.07 155 232 175 194 172 
1.11 3.47 8.86 -0.3200 -0.3400 -0.5000 -0.0078 0.0156 0.4789 1.22 3.57 9.04 155 230 171 195 173 
0.98 1.39 7.62 -0.8700 -1.5600 -1.6800 -0.4100 0.0422 1.6744 2.34 3.01 9.03 171 231 209 244 206 
3.17 -0.19 9.36 0.8800 -2.6700 0.7100 0.1856 -2.0156 3.5278 4.13 2.33 8.58 179 195 195 216 196 
8.12 -1.03 0.69 3.3600 2.1000 -3.4000 1.7700 -5.1189 2.2011 9.10 -0.05 3.64 188 165 165 185 184 
10.88 3.57 0.38 3.2200 3.9200 -0.7300 0.2189 -1.7733 -0.6922 9.79 0.45 -0.10 190 166 167 191 184 
13.67 1.98 -0.38 2.4900 0.7100 0.5100 -0.0933 0.0356 0.1622 9.72 0.69 -1.03 189 170 171 194 184 
8.60 1.07 -1.25 -1.1100 0.4400 -0.6000 -0.2589 0.3922 -0.2100 9.75 0.86 -0.51 189 172 170 197 186 
;
10.01 1.49 -0.60 0.4500 0.5500 -0.0800 0.0144 0.1667 -0.3022 9.70 1.38 -0.26 191 173 172 198 186 
9.95 1.57 -0.58 0.1100 0.0000 -0.3300 0.0044 0.0033 -0.0422 9.69 1.48 -0.27 190 175 172 199 184 
10.17 2.02 0.03 0.1700 0.4800 -0.1800 -0.6922 1.6933 -0.5978 9.51 1.99 1.29 192 184 178 202 193 
10.74 3.34 3.88 1.4800 0.6900 -0.5600 0.7689 3.6222 -0.9911 7.16 3.49 5.71 184 285 258 285 204 
10.12 5.00 9.92 3.4800 0.5900 1.9900 -0.3944 2.8444 0.0433 4.80 3.67 7.72 170 304 212 246 203 
4.64 3.10 3.89 0.0900 -0.6100 -4.1800 0.1889 1.5144 -0.3233 2.68 3.75 8.65 167 231 172 193 195 
0.26 3.67 6.65 -1.8200 -0.0600 -1.9400 0.0056 0.7989 -0.6056 1.23 4.20 8.77 148 230 167 194 184 
-0.27 4.39 7.58 -0.4500 1.2700 -0.7400 0.0422 -0.2700 -1.3044 0.34 4.18 8.86 143 229 171 198 182 
2.96 6.41 7.80 1.9800 1.5800 -1.7100 -0.7167 0.1389 -3.3878 -0.31 3.44 9.17 142 224 175 205 183 
2.43 3.99 8.92 2.5100 0.0500 -0.8000 -0.9200 -0.1289 -2.1000 -0.76 2.67 9.40 141 223 176 206 183 
-0.83 -2.21 9.64 -0.9100 -4.9000 1.1600 -0.7222 0.7078 -1.1422 -1.59 1.29 9.58 143 224 174 206 180 
-1.58 0.05 9.90 0.6300 -0.1200 -0.2500 -0.0767 -0.2544 0.0778 -1.49 0.92 9.64 142 222 175 207 181 
-1.34 -0.41 8.09 -0.0300 -0.7300 -1.7700 -0.4778 -0.4911 1.7844 -0.65 0.83 9.74 163 211 183 221 195 
-1.24 -4.40 6.40 0.3900 -3.9900 -4.8500 -0.0167 -3.7856 2.0422 2.64 -0.41 9.43 177 204 189 218 198 
10.45 -1.31 3.84 1.6700 -1.6200 -4.3200 1.0822 -5.7400 1.2089 8.59 -1.20 4.57 187 183 186 208 195 
15.43 4.90 -1.46 3.8300 4.8000 -1.6100 0.8922 -3.0800 -1.4544 9.70 0.11 -1.41 188 181 184 202 191 
11.68 1.41 -2.50 1.3000 0.5900 -0.1100 0.2444 0.1844 -0.4089 9.56 0.87 -1.98 189 183 185 202 191 
9.38 1.31 -2.10 -0.2800 0.2000 -0.3100 -0.0078 0.2133 -0.1800 9.56 1.07 -1.86 189 185 183 204 191 
;
