3.66 2.78 8.61 0.2700 -0.1500 -0.0500 0.0078 0.0344 -0.0033 3.33 2.97 8.72 178 330 353 372 216 
3.51 2.82 8.83 0.2200 -0.1400 0.0700 0.0078 -0.0122 0.0067 3.34 2.95 8.73 179 330 352 371 216 
3.45 2.78 8.71 0.1300 -0.2000 -0.0700 0.0633 0.0133 -0.0333 3.31 2.98 8.73 180 327 352 371 217 
4.60 6.37 12.19 1.0100 2.5600 4.9800 -0.4822 -4.3978 2.4167 6.65 3.03 6.52 181 351 300 318 216 
12.81 -1.48 6.63 3.5400 -1.0700 0.8000 -0.8844 1.5644 3.6211 7.43 -2.27 5.98 178 299 180 208 208 
6.09 -2.62 4.43 0.0100 0.6100 -4.1700 2.4622 1.1711 1.7133 4.77 -3.66 7.74 165 221 163 192 170 
3.21 0.94 4.05 -0.4100 2.0500 -4.6200 2.7944 2.3644 -1.3611 2.16 0.42 9.55 151 211 171 196 176 
-1.73 5.21 8.32 -2.3200 2.9800 -1.3000 0.5356 0.1756 -2.0178 0.68 2.99 9.31 151 198 166 202 180 
1.39 5.70 8.84 1.8800 2.3500 -0.0500 -0.7222 -0.6056 -2.9444 -0.10 2.60 9.45 150 182 174 210 183 
4.23 1.66 8.96 4.6900 -1.0700 0.0600 -1.4967 0.5200 -1.8889 -1.20 0.86 9.69 160 196 177 212 182 
-1.35 -2.36 11.04 -0.3600 -1.5800 1.3700 0.0878 0.1356 -0.2222 -1.20 0.73 9.70 159 195 179 210 183 
-1.47 0.38 8.91 -0.5100 -0.0800 -1.1400 -0.8344 -0.7378 0.8667 -0.69 0.03 9.78 160 198 173 211 185 
3.39 5.60 9.26 2.9000 8.0100 -0.4100 -4.0656 0.5400 1.5078 0.09 -3.78 9.04 176 297 282 317 206 
0.74 -6.58 6.81 3.2900 -0.1600 -0.6200 -8.3000 4.7478 0.6833 -2.58 -9.37 1.25 179 305 336 375 212 
-5.61 -9.79 -14.69 -3.3000 0.6400 -8.7500 -0.7200 0.0789 -1.1533 -2.45 -7.27 -6.09 178 297 331 374 214 
-2.52 -3.99 -2.00 0.4300 6.7700 3.1800 6.1767 0.0433 -2.0144 0.07 -9.62 1.89 175 301 338 361 214 
0.73 -7.68 1.49 0.9500 2.6000 1.0300 -6.3311 0.6344 1.4544 -1.48 -9.14 -3.20 176 303 339 370 215 
-4.22 -6.15 -12.81 -2.3800 1.1600 -6.2000 0.9122 0.3611 0.2811 -2.23 -7.14 -6.33 174 297 334 359 216 
4.19 -7.69 6.32 5.0400 2.6700 8.2500 5.1200 -0.4767 -2.2544 0.56 -9.71 1.19 175 293 332 346 215 
-0.10 -8.43 -5.40 -1.2100 1.9700 -7.5900 5.0822 -9.7778 -0.4322 3.51 -8.44 3.52 175 250 254 294 207 
0.83 -1.28 -0.04 -7.8300 5.6000 -3.8500 -2.0956 -8.8667 -2.1500 7.71 -5.19 -3.11 175 205 218 288 210 
11.51 -4.40 -13.67 2.4400 -2.0000 -5.2000 -2.9700 -4.1856 0.8811 2.28 -1.16 -9.46 181 235 239 318 218 
4.80 -2.40 -14.56 4.4000 -1.6400 -4.5200 0.8933 0.0233 -0.0400 1.17 -0.92 -9.69 186 252 256 334 220 
3.65 -6.00 -15.52 1.6000 -0.8100 -5.1700 6.0867 3.1911 -0.0800 3.90 -6.34 -6.37 200 361 339 371 218 
1.29 -2.62 -0.73 -5.0200 5.4200 0.7900 1.5600 1.2011 0.3956 5.28 -8.23 -0.60 202 377 357 382 216 
4.07 -4.64 0.31 -1.2900 3.1600 0.2400 -0.2067 0.1267 -0.0378 5.33 -8.22 0.01 203 377 358 378 217 
4.16 -6.17 -1.16 -2.1000 2.3000 -0.9500 -1.4556 -0.2833 -0.3411 5.44 -8.00 -1.56 193 334 321 309 217 
;
