2.61 3.82 8.49 0.6000 0.0400 -0.1700 0.3400 0.6833 -0.0344 1.80 3.86 8.82 167 354 350 387 211 
2.66 6.44 10.80 2.0900 3.9300 4.2100 6.3922 -1.4878 0.7867 2.04 7.93 5.38 178 351 304 385 218 
11.98 13.08 2.86 3.9200 3.8500 0.8600 -0.6589 1.9844 5.3967 7.45 4.98 3.95 177 298 195 244 214 
5.06 -0.60 3.48 -1.6200 -1.2200 -3.9900 -0.9522 3.1167 2.1833 5.45 0.46 8.13 156 198 161 181 187 
3.25 2.36 2.79 -1.3100 1.5300 -5.5200 2.0044 1.2644 0.0856 3.59 2.13 8.87 145 198 163 184 182 
-1.03 4.60 8.12 -3.6800 1.4200 -1.0500 0.2611 -0.0244 -0.3511 2.34 3.12 8.99 151 197 168 188 184 
3.30 6.55 8.59 -0.0600 2.4700 -1.0900 -0.7544 -0.7722 -2.1656 2.02 3.40 8.97 146 192 169 195 189 
2.19 3.39 8.11 0.8900 0.6000 -1.2200 -1.3289 -0.0878 -1.8444 1.30 2.35 9.43 132 202 172 197 190 
1.15 0.69 8.78 0.5700 -1.3000 -0.2700 -0.5889 0.3078 -0.2789 0.67 1.54 9.66 130 207 172 196 189 
-0.13 0.29 11.55 -0.9200 -0.4800 1.4400 -0.0811 -0.1011 0.4067 0.55 1.31 9.70 145 206 172 199 189 
-1.00 1.01 7.26 -1.7500 0.6200 -2.6700 -2.1833 -1.3056 1.8711 1.49 -0.85 9.65 166 231 176 224 209 
-3.07 -2.67 7.78 0.5500 1.3000 0.2700 -5.4456 -0.0867 1.1922 0.24 -7.23 6.61 172 286 295 331 209 
-0.49 -14.30 5.33 -0.8600 -5.1100 2.8400 -1.7400 0.7211 -0.3967 0.00 -9.52 2.33 182 397 356 404 215 
0.32 -8.18 -0.15 -0.4200 1.1900 -1.9000 -0.2667 -1.0156 -0.7000 1.26 -9.60 1.51 191 407 359 408 215 
1.90 -11.42 -0.82 0.2500 -1.9700 -2.7300 1.4422 -0.6633 0.7244 0.88 -9.46 2.41 194 408 357 411 215 
1.40 -6.19 0.52 0.3600 2.3300 -4.8300 5.0278 -0.5322 0.5411 0.51 -6.51 7.30 194 403 360 411 216 
2.37 5.64 2.68 0.3700 7.2000 -5.9800 6.6956 0.7144 -0.2556 0.85 2.46 9.45 194 408 365 411 216 
2.70 19.46 11.47 -1.8000 13.0600 8.9500 2.4533 -0.6000 0.4256 0.74 7.90 5.75 195 408 362 408 214 
1.60 8.20 5.46 -0.3600 0.3200 -1.1300 -0.2889 -0.1189 0.0767 1.26 7.28 6.43 196 408 363 408 215 
0.79 6.83 5.97 -0.1700 -0.4100 -0.7600 -0.0067 -1.2778 0.1467 1.99 7.12 6.43 193 400 349 391 215 
3.25 8.92 7.43 0.0000 1.4100 0.2900 -0.9900 -1.5678 0.1844 3.49 6.62 6.33 186 375 281 287 214 
8.31 7.48 8.29 5.3700 1.9800 2.8800 -1.0856 -1.7000 1.5933 6.12 4.86 5.91 180 358 162 186 195 
6.54 2.46 1.80 -0.6900 -0.1100 -5.0500 1.8611 -2.0500 2.8389 8.56 1.76 4.43 175 339 162 184 170 
5.82 4.51 3.03 -3.9800 3.2900 -0.0300 1.2444 0.9400 -0.3167 8.98 1.91 3.43 161 348 172 187 169 
7.63 6.25 3.91 -0.9500 4.2400 0.0100 -1.4433 -0.1422 -0.4800 8.79 2.11 3.78 166 352 173 188 172 
9.67 3.89 0.96 0.7100 1.8800 -3.4000 -3.6189 0.2322 -1.8800 8.40 2.00 4.62 168 356 174 190 174 
8.83 0.50 2.54 -0.4300 -1.9200 -2.6400 -2.2756 0.0056 0.1367 8.35 0.95 5.03 168 364 179 191 172 
8.81 -2.13 9.00 1.2000 -2.3500 3.8000 -0.6978 0.0589 -0.0822 8.37 0.50 5.08 168 367 181 191 172 
7.05 -0.61 4.75 -3.8400 -1.8500 -0.3000 0.6833 -1.0844 0.4456 8.87 0.43 4.15 168 317 175 193 178 
1.84 0.59 0.00 -6.7700 0.1000 -4.3400 0.4056 0.8711 -1.2544 8.52 0.55 4.80 174 291 185 208 192 
;
