-0.31 4.68 8.61 0.1000 0.0900 -0.0200 -0.0078 -0.0022 0.0100 -0.39 4.65 8.62 198 422 384 417 242 
-0.43 4.62 8.58 -0.0700 -0.0100 0.0300 -0.0111 -0.0089 0.0022 -0.38 4.65 8.62 201 421 383 418 242 
0.38 7.57 12.04 1.4700 4.4500 6.1000 1.7589 -2.4278 2.0122 1.64 5.34 8.05 200 374 333 408 243 
11.86 3.69 10.75 4.1100 0.1000 1.7500 -1.3822 0.9789 4.8611 6.63 -0.02 7.21 192 344 207 235 231 
4.57 -3.01 5.72 -0.2000 -2.4500 -4.5000 -0.8756 0.9222 2.8122 3.46 -3.97 8.26 183 237 155 175 180 
2.62 -0.62 1.59 2.1400 3.1000 -6.9500 4.2867 1.0744 0.3044 1.94 0.32 9.60 146 205 165 173 183 
-1.29 7.14 8.30 -2.8700 3.6800 0.0900 0.9300 0.7733 -0.4367 0.38 4.00 8.94 151 200 168 173 189 
-0.88 7.54 8.98 -0.4900 3.3700 0.3000 -0.0867 -0.9267 -1.1744 0.18 4.30 8.80 151 189 171 174 189 
2.11 4.94 7.53 1.4200 0.5000 -1.2900 -0.6567 -0.8167 -1.8256 0.14 3.66 9.09 150 194 173 176 189 
3.66 4.26 9.01 3.3600 1.2700 -0.4900 -1.5556 0.7244 -2.3533 -0.66 2.11 9.55 156 200 171 176 192 
-0.37 -3.12 10.01 0.4000 -4.6300 1.1200 -0.0778 -0.2367 -0.2600 -0.46 1.10 9.73 159 205 174 179 193 
-1.54 0.28 9.16 -0.9000 -0.5800 -0.6600 0.1144 -0.3311 0.4200 -0.16 1.23 9.72 164 203 173 179 194 
-3.34 -1.44 4.30 -0.6700 -2.3800 -6.1000 -0.1522 -1.3722 0.7400 0.96 0.23 9.75 182 259 198 211 226 
5.10 1.78 8.48 3.0600 1.2600 1.7800 1.0989 -1.0489 -0.1378 2.86 1.26 9.29 184 233 221 240 222 
8.22 1.25 12.89 2.3700 -0.2200 3.8000 -0.8333 -2.9600 1.8633 6.69 0.10 7.16 194 187 187 206 218 
9.62 0.92 3.14 1.0700 2.1400 -0.6100 1.4656 -3.9400 0.4111 9.56 -1.18 1.79 199 174 172 201 202 
8.48 3.96 1.72 9.5500 6.7000 -4.8500 -1.1933 1.5589 -1.5933 9.77 0.35 -0.68 201 175 173 203 200 
9.71 1.16 -0.53 0.2300 0.8500 -0.4100 -0.0867 0.2967 -0.0633 9.77 0.58 -0.58 205 182 180 208 204 
9.90 2.46 -0.04 0.4700 1.7800 -1.1600 -1.6711 3.3878 -0.5844 9.41 0.95 2.55 203 254 235 266 229 
7.89 0.81 3.21 1.5300 0.0200 -3.7000 -0.3622 7.5533 -1.5978 2.89 1.48 9.25 196 275 288 302 226 
-0.84 2.12 11.11 -0.8100 -0.3700 1.3600 0.5833 0.0956 0.0822 0.61 2.68 9.41 199 278 297 305 224 
0.74 3.46 10.96 -0.5800 0.5600 2.0400 0.0400 -2.1000 0.7078 2.02 2.90 9.14 203 270 294 295 225 
8.05 1.03 8.17 0.9300 -0.0300 0.3200 -1.4089 -3.8000 2.8700 8.15 -0.17 5.44 199 180 179 198 206 
6.43 3.29 5.65 0.9300 4.3600 -6.3800 -1.4367 1.4489 -2.4356 9.72 -0.32 1.18 204 174 183 208 193 
10.34 0.56 0.79 0.3400 0.3800 0.1300 -0.2867 0.0422 -0.3378 9.78 0.14 0.57 207 179 188 214 197 
;
