2.45 -0.01 9.44 -0.0800 -0.0400 0.0000 0.0744 0.0378 -0.0067 2.45 0.08 9.49 179 355 352 359 219 
2.43 0.02 9.42 0.0000 -0.0500 -0.0200 0.0522 0.0567 0.0022 2.38 0.15 9.51 177 358 350 361 219 
2.31 0.09 9.51 -0.0100 -0.0400 -0.0300 0.0078 0.0556 -0.0011 2.29 0.17 9.53 180 358 351 359 218 
1.61 -0.09 9.18 0.5300 -0.1800 3.0400 1.3400 0.5289 0.3178 1.81 1.01 9.58 180 373 350 365 217 
6.23 7.63 10.99 4.2900 2.6600 4.0900 -0.3444 -1.0000 2.3089 3.31 4.98 7.77 145 373 320 337 222 
6.36 2.34 7.22 0.4800 -0.5500 -1.9100 -2.3289 2.4678 2.0911 3.04 1.18 9.24 98 214 193 178 223 
0.63 1.79 5.07 -1.8500 1.3900 -4.2900 1.2700 0.2211 0.5744 1.71 0.68 9.63 53 190 163 172 198 
-1.63 2.69 7.97 -2.9000 1.1800 -1.2000 0.2433 -0.3378 -0.5500 2.01 1.81 9.42 94 196 180 178 200 
2.05 4.12 9.56 0.4900 2.5200 0.1800 -0.6567 0.1733 -2.1144 1.75 1.87 9.46 92 194 181 185 199 
3.21 2.75 8.70 2.8500 1.6200 -1.3000 -1.5089 1.5100 -2.4422 -0.28 0.32 9.79 92 198 180 189 200 
-0.97 -7.47 8.54 0.1000 -7.0000 -0.7900 0.0411 0.2444 -0.4333 -1.45 -1.17 9.62 92 195 182 192 201 
-1.19 -0.79 9.47 0.3400 0.2800 -0.7800 -0.0722 -0.2144 -0.0611 -1.35 -1.22 9.63 93 195 188 194 202 
-0.94 -1.32 8.00 -0.5800 0.4000 -1.3800 -0.3789 -1.3833 2.6544 0.07 -1.24 9.72 145 251 246 264 221 
0.23 -4.34 6.65 -0.2100 -1.4900 -1.9200 -0.0756 -1.2400 1.5200 1.71 -1.71 9.50 129 280 314 340 214 
6.65 -3.28 9.14 2.7300 0.0100 -0.6000 -0.2344 -1.0956 0.4689 3.75 -2.83 8.60 111 182 205 190 206 
6.82 1.59 13.66 2.2200 3.1500 4.0800 1.2900 1.5422 0.6778 2.86 -1.60 9.23 101 152 175 161 160 
4.12 -0.52 10.21 2.7500 0.5400 -0.2300 0.3511 1.5678 0.2978 1.35 -0.94 9.66 102 157 178 171 164 
6.00 1.37 9.38 3.2700 1.9300 -0.1400 -0.1322 1.3322 2.5233 -0.76 -0.80 9.74 104 159 181 170 168 
-10.29 1.26 8.13 -7.0400 2.4400 -1.7600 0.2711 0.3489 -1.7911 -1.18 -0.78 9.70 107 160 182 172 168 
0.63 3.02 10.28 1.2800 2.7500 0.8400 1.0444 -0.0778 -1.9500 -1.16 0.08 9.73 107 161 183 173 170 
4.64 1.02 11.67 6.3600 0.3400 1.8900 0.1622 0.1111 -0.5011 -1.33 0.56 9.69 104 161 184 182 171 
-14.71 -2.44 7.12 -14.5300 -2.6300 -2.5000 -0.3878 -0.2656 0.4633 -1.47 0.00 9.69 107 164 186 183 172 
-0.99 -1.86 8.41 -1.3000 -1.2800 -1.6000 -0.6389 -0.1400 -0.8567 -1.18 -0.88 9.69 110 167 189 185 181 
0.88 -0.05 7.35 1.5500 1.5600 -2.2800 0.3378 -0.4944 -2.4611 0.32 -1.31 9.71 161 309 297 331 205 
0.50 1.90 9.95 -1.2100 2.9400 0.0000 1.8611 0.1167 -1.1833 0.84 1.05 9.71 148 369 343 389 212 
0.40 0.88 11.63 -0.2100 -0.1300 -0.7800 0.0467 -0.3589 0.1067 1.08 0.61 9.72 151 372 332 396 213 
;
