5.01 4.97 7.19 0.1200 0.5200 -0.2100 0.0222 0.2511 0.2111 4.67 4.36 7.42 182 342 345 354 217 
4.52 4.23 7.56 -0.0500 -0.0800 0.2600 0.0200 0.0956 -0.0267 4.59 4.36 7.48 179 343 344 352 215 
5.81 6.32 11.37 1.5500 1.9600 6.3700 4.2911 -1.6711 1.2367 5.29 6.40 5.20 185 378 335 370 218 
11.59 5.89 4.53 3.4900 1.5200 -1.4700 -0.2556 2.9767 3.8178 7.00 1.82 6.61 182 305 228 262 215 
3.27 -0.22 3.43 -1.6200 0.2300 -5.7900 0.3178 2.1544 2.1867 3.57 -0.47 9.11 172 203 156 182 174 
-0.50 2.53 6.02 -1.8500 2.1000 -2.6900 1.7467 1.2678 -0.6456 1.75 2.20 9.39 151 206 160 185 174 
-0.30 5.70 8.98 -0.8900 2.5100 -0.0700 -0.0411 -0.5133 -1.2000 1.36 3.18 9.17 150 216 164 188 180 
0.54 6.15 8.58 1.5700 1.5000 -1.2500 -0.2078 -0.4067 -2.7633 1.13 3.28 9.16 153 228 170 196 184 
2.21 2.88 8.59 1.7300 -0.9500 -0.5300 -0.9967 0.1022 -2.2544 0.38 2.54 9.46 155 232 174 200 184 
1.16 -0.86 10.18 0.5900 -3.2200 0.7800 -0.5256 0.4867 -0.4111 -0.32 1.94 9.60 156 234 176 199 183 
-3.16 1.15 8.51 -2.7200 -0.6800 -1.3000 -1.1889 -0.8544 0.9478 0.04 1.26 9.72 171 265 176 219 199 
3.70 1.63 6.56 2.3900 2.4600 -2.7600 -4.7200 -0.7211 2.1722 0.92 -3.84 8.97 183 308 308 344 209 
0.49 -11.50 4.86 0.9900 -2.6900 0.6000 -5.6356 2.6000 -0.0900 -1.41 -9.54 1.76 178 309 328 368 211 
-2.54 -10.71 -3.13 -0.4600 -0.8400 -2.2400 -2.2111 1.0000 0.4589 -2.10 -9.19 -2.68 183 306 332 371 213 
-4.15 -6.36 -5.53 -0.7100 2.4100 -2.4600 5.2333 -0.4733 -1.3156 -0.74 -9.50 2.30 183 284 324 355 212 
4.14 -5.20 11.61 2.4000 2.6200 4.7400 -3.9911 0.5944 0.8533 -0.79 -9.70 1.19 183 289 316 355 213 
-0.20 -6.31 -8.66 0.0600 1.1100 -5.1100 -3.5378 0.9344 1.1200 -2.07 -7.43 -6.04 185 314 329 368 215 
-5.10 -5.55 -10.09 -1.8400 2.4800 -3.6700 6.5144 0.2856 -1.9733 -1.18 -9.61 -1.50 185 311 331 379 213 
5.89 -6.96 6.33 4.0200 1.6700 1.4800 2.7489 -3.3489 1.7989 0.48 -8.53 4.81 185 346 242 250 209 
0.63 -5.91 0.07 -3.7000 0.0900 -8.7700 6.5489 -4.9522 -0.7600 4.19 -3.10 8.30 179 361 155 189 180 
6.68 5.48 8.47 1.4800 4.7500 1.2400 2.9789 -0.4244 -1.9544 6.02 2.56 7.29 161 381 166 195 181 
14.24 9.24 5.09 6.9100 4.2900 0.6100 2.6044 -1.0489 0.6856 7.08 4.96 4.61 8 383 178 199 180 
11.51 8.20 9.21 1.8400 3.8300 4.2800 -0.6978 0.8233 3.3244 8.50 2.22 4.35 13 384 181 199 180 
0.15 2.79 7.29 -9.0800 2.8400 1.4200 -2.3456 0.4267 -0.1556 8.30 -1.02 5.12 140 391 183 202 182 
4.50 0.59 -4.90 -2.7300 0.9900 -9.4600 0.1600 -1.1667 -3.0611 9.13 1.39 3.27 157 394 186 205 179 
12.28 6.25 -0.68 3.8400 1.9600 -2.6300 2.1922 -0.7978 -2.0189 8.20 5.30 0.85 8 396 189 203 175 
14.48 9.87 2.62 6.6600 4.2400 2.9300 0.8622 0.7944 1.0756 8.20 5.36 -0.03 9 396 188 203 177 
;
