0.90 1.12 9.56 0.0000 -0.1200 -0.0500 0.0033 -0.0011 0.0033 0.84 1.24 9.68 166 338 336 373 214 
0.87 1.12 9.70 0.0100 -0.1300 0.0200 0.0011 -0.0033 -0.0022 0.84 1.24 9.68 169 339 336 375 215 
0.86 1.10 9.71 0.0100 -0.1200 0.0400 0.0000 0.0011 -0.0011 0.84 1.24 9.68 168 335 336 373 215 
0.69 1.04 9.73 -0.2900 -0.1800 0.0400 0.1011 -0.4833 0.3356 1.14 1.30 9.65 169 349 315 362 215 
6.04 1.52 14.26 4.7600 1.4100 6.3200 -2.9822 -1.2689 0.5844 4.77 -0.95 8.51 168 365 299 289 213 
7.03 -4.24 5.38 2.2500 0.0000 -2.1000 -1.7511 -0.1089 2.8378 3.86 -5.45 7.17 165 346 192 209 215 
3.49 -3.45 3.90 -0.2800 1.5100 -3.2300 2.8689 -2.7511 1.5744 4.37 -4.75 7.37 133 233 153 166 201 
2.98 0.32 6.58 -1.9400 3.5600 -0.8200 2.2878 0.4089 -0.5900 4.70 -1.26 8.51 101 196 160 168 191 
4.21 2.30 10.09 -0.2900 2.2500 1.5800 -0.0889 0.2744 -0.5989 4.74 0.12 8.58 110 202 165 172 191 
4.43 1.91 8.83 0.2400 1.7600 -0.0700 -0.7156 0.3267 -1.4356 4.27 0.18 8.82 0 206 167 174 192 
5.03 0.25 8.02 1.1100 0.1400 -1.2700 -0.9889 0.3056 -1.1467 3.76 -0.35 9.04 109 208 168 175 191 
3.78 -2.90 8.55 0.4000 -2.7200 0.0000 -0.1344 0.0678 -0.3589 3.62 -0.52 9.09 107 209 170 176 191 
3.15 -0.75 9.45 -0.1700 0.0900 0.1400 -0.1111 0.0756 0.1033 3.39 -0.53 9.18 109 214 172 179 191 
2.05 -0.71 8.44 -1.0400 0.3000 -0.4600 -0.8411 -0.1589 0.5967 3.46 -1.48 9.05 135 215 167 184 204 
4.66 -2.49 8.84 1.0900 0.2000 0.1000 -1.5589 0.3611 1.0278 2.88 -3.62 8.64 3 287 278 299 209 
1.64 -6.26 9.28 0.4100 -0.6800 0.4900 -3.8278 1.3156 0.5100 0.66 -7.23 6.58 165 353 316 357 208 
0.51 -10.10 1.28 0.5800 -0.7700 -3.4700 -0.8600 -0.3411 0.5589 -0.06 -9.17 3.46 167 367 332 363 208 
0.67 -6.81 -2.03 1.1300 2.3500 -6.7800 4.7667 0.2167 0.0178 -0.02 -6.99 6.87 168 373 337 375 208 
-2.10 9.47 10.48 -0.8700 10.3200 4.3200 5.6733 0.3278 0.6756 -0.62 2.30 9.51 174 378 341 380 207 
-1.21 5.09 14.07 -1.0500 0.9800 4.0600 -0.1600 -0.1333 -0.0978 -0.02 3.77 9.05 176 381 340 378 206 
1.00 2.66 6.25 0.7000 -0.8800 -3.1700 -0.2789 -0.2422 -0.2622 0.26 3.29 9.23 168 369 341 374 209 
;
