3.20 4.63 8.03 0.2100 -0.0300 -0.0700 0.0078 0.0144 0.0033 2.95 4.63 8.12 168 302 332 337 221 
3.15 4.67 7.99 0.2000 0.0200 -0.1300 0.0011 0.0133 -0.0111 2.94 4.64 8.11 170 301 333 336 220 
3.13 4.60 8.00 0.2000 -0.0200 -0.1000 -0.0033 0.0233 -0.0044 2.94 4.64 8.11 170 301 331 336 221 
3.05 4.60 7.96 0.1000 -0.1600 -0.0900 0.6122 0.0922 -0.0256 2.94 4.94 7.93 171 309 335 341 219 
15.04 15.27 8.08 4.3700 4.7400 4.2700 1.1222 -0.7333 3.4256 7.04 6.26 2.69 178 357 311 309 220 
7.40 4.64 2.50 -2.2100 0.2900 -0.6000 -3.2933 4.9511 2.3822 7.61 1.11 6.07 174 223 170 178 211 
5.07 -2.83 4.26 -0.7400 -0.9100 -4.1400 0.1789 2.9200 0.9233 3.87 -1.93 8.79 170 197 162 184 188 
1.97 1.21 4.81 -0.6700 1.7600 -5.5300 2.1611 0.7144 0.1722 2.34 0.52 9.50 175 200 167 188 188 
-1.08 2.89 9.13 -2.3500 1.4600 -0.6700 0.1522 0.0078 -0.6278 1.48 1.43 9.58 173 199 170 192 190 
1.35 3.28 9.52 0.7000 2.0500 -0.1000 -0.7478 -0.4056 -1.4822 1.75 1.17 9.57 169 196 172 193 192 
3.58 0.97 8.39 2.7700 0.5100 -1.6200 -0.9811 0.6678 -1.6567 1.20 -0.11 9.73 166 217 173 195 193 
1.86 -1.34 9.20 1.7300 -0.6100 -0.7200 -0.6222 0.6078 -0.9389 0.42 -0.95 9.75 161 228 171 195 194 
-0.49 -3.81 9.84 -0.7000 -1.5300 0.5400 0.2056 0.2822 -0.1700 0.14 -0.84 9.76 160 236 173 192 192 
-0.66 -0.83 8.24 -1.4100 -0.5300 -2.1600 -0.4144 -0.8344 0.5133 0.85 -1.23 9.69 165 240 173 195 198 
2.54 -1.24 6.31 1.2400 1.2200 -3.0400 -1.4533 0.1322 1.3400 1.35 -3.04 9.22 175 276 231 262 214 
7.20 -3.57 6.96 1.9500 -1.1100 -1.1700 2.7744 -6.4578 1.0700 6.80 -1.39 6.92 174 297 318 346 215 
14.37 -0.55 8.65 5.1900 1.4200 6.5000 -2.4700 7.8156 -2.0000 5.33 -0.85 8.18 126 203 221 234 206 
4.26 2.11 6.88 1.7800 3.7400 0.0100 0.8344 -3.0156 1.1144 5.02 -0.37 8.41 97 192 184 222 212 
10.75 -0.39 0.66 3.8000 0.4400 -6.4900 0.4811 -2.7967 0.3200 9.22 -0.67 3.26 99 182 177 198 181 
11.98 4.27 12.26 -0.5200 5.2300 19.5100 0.0067 -1.0200 0.3244 9.73 -0.29 1.17 101 184 182 195 169 
10.60 2.48 -0.07 0.5500 3.0200 -1.6600 -2.1122 0.0067 0.5056 9.66 -1.33 1.00 103 186 182 197 170 
9.52 -1.28 -1.67 0.1900 -0.0800 -2.9900 -1.0200 0.1800 0.0389 9.61 -1.83 0.61 104 188 181 198 173 
9.17 -3.89 -1.95 -0.8100 -2.1900 -2.4700 0.1944 0.3767 -0.3300 9.63 -1.50 1.02 103 187 180 192 148 
11.43 0.02 7.66 2.0900 0.9000 2.0900 -2.1822 1.0767 0.7644 9.43 -2.07 1.70 104 194 193 202 183 
10.68 -3.09 1.88 1.8400 0.5100 -1.8900 -3.1033 7.3122 -0.0022 6.41 -4.55 5.84 159 350 233 200 182 
0.85 -9.10 1.82 0.1700 -0.4100 -3.8500 0.8344 4.0300 -1.6311 -0.10 -5.00 8.43 185 405 177 186 155 
4.43 -3.26 11.29 5.8600 1.2500 4.0300 0.7833 -0.5044 1.6000 -0.64 -3.23 9.23 190 407 182 191 160 
-1.74 -5.59 14.45 -2.9500 -2.8400 3.8700 -1.5667 -1.0189 2.1378 -0.95 -4.54 8.63 191 410 183 189 169 
-4.67 -2.65 8.52 -2.8200 4.4200 0.6900 -2.5689 1.5311 -1.4578 -1.37 -7.36 6.32 192 411 191 198 172 
-1.99 -2.49 2.01 -1.3000 6.5500 -3.2500 -0.7244 0.9100 -2.4189 0.98 -8.74 4.32 192 410 192 199 173 
5.71 -3.38 2.81 5.5900 4.0500 -2.0600 3.3100 1.4389 -1.4244 2.03 -6.53 7.02 191 407 192 201 173 
6.51 -5.30 12.83 5.3700 -1.2800 4.4300 3.1500 -0.0300 1.9156 0.66 -2.03 9.57 196 407 193 204 173 
1.02 -4.40 13.49 0.4800 -1.8000 2.6700 -1.4333 0.8433 2.3511 -0.84 -2.67 9.39 195 407 192 201 171 
-2.75 1.18 7.88 -1.1500 3.8800 -1.7300 -0.3244 -0.0511 0.2689 -0.96 -3.38 9.15 197 402 191 203 169 
;
