0.64 5.37 8.10 -0.0900 -0.1400 0.0400 -0.0011 -0.0600 -0.0022 0.77 5.53 8.06 181 329 346 306 218 
0.78 5.37 8.09 -0.0700 -0.1400 0.0300 0.0011 0.0111 -0.0167 0.75 5.52 8.06 176 329 344 306 219 
0.10 5.36 8.27 -1.5200 -0.0400 0.7600 0.1178 -0.9544 0.4311 1.41 5.52 7.97 176 330 240 276 218 
11.40 7.65 13.20 5.4500 0.8500 4.9200 0.1022 -3.2922 2.1211 6.14 4.11 6.44 180 268 170 186 180 
7.93 3.35 3.81 -0.3500 0.3200 -3.9900 1.7689 0.5000 2.1744 7.15 1.95 6.41 178 322 158 178 165 
4.15 2.12 4.02 -2.6900 0.1000 -2.6800 0.5778 1.4978 0.5156 6.06 2.15 7.39 154 286 160 182 168 
3.04 1.71 7.01 -2.2500 -0.8100 -0.8100 0.5000 1.4911 -0.3900 4.54 2.85 8.20 150 248 165 181 167 
2.51 4.13 8.85 -1.0700 0.9600 0.3700 -0.0733 0.6478 -0.2356 3.30 3.29 8.62 152 235 169 181 168 
2.51 3.68 8.70 -0.2200 0.4700 -0.2300 -0.6111 0.4089 -0.6222 2.39 2.88 9.06 145 234 172 182 170 
2.24 2.32 8.96 0.2300 -0.2900 -0.4800 -0.5500 0.3744 -0.7311 1.60 2.23 9.41 146 225 173 184 170 
1.67 1.72 8.58 0.4700 -0.2200 -0.7600 -0.3989 0.4733 -0.0800 0.93 1.68 9.61 148 217 173 184 172 
-0.10 -0.91 10.28 -0.7000 -1.8400 0.2700 -0.1922 0.3111 -0.0567 0.50 1.19 9.72 154 228 171 186 178 
-2.13 -0.80 4.66 -1.5200 -1.0300 -5.3800 -1.7811 2.7089 -1.3833 -2.82 -1.54 9.26 181 313 206 238 222 
-2.20 -2.91 6.55 1.9400 -1.5200 -2.7500 1.9067 -1.0533 -0.6867 -1.75 -0.26 9.64 176 327 301 332 220 
0.12 3.86 11.52 5.1700 1.8700 3.5600 2.7556 -0.7244 -0.7967 -0.19 3.34 9.21 178 322 340 366 221 
1.06 7.84 12.07 0.6300 3.5900 2.8300 0.6900 -0.8322 -0.2322 0.57 4.96 8.43 183 331 344 378 223 
;
2.16 4.74 6.54 1.4400 -0.8500 -1.3900 0.2111 -0.2356 0.2100 0.94 5.59 8.00 181 331 343 379 221 
0.71 5.47 7.18 -0.3200 -0.2200 -1.0200 0.0478 0.0456 -0.1011 0.89 5.70 7.92 178 329 343 379 222 
1.08 5.41 7.78 -0.2000 -0.0700 0.0100 0.0411 -0.7744 0.1067 1.51 5.78 7.77 182 328 343 384 226 
6.96 11.35 11.55 3.9500 3.8300 5.4100 0.8133 -1.1144 1.0922 4.03 6.46 6.16 180 330 307 333 226 
6.14 4.74 4.36 -0.6200 -1.4400 -1.2600 1.5933 -0.2789 2.3578 6.54 5.12 5.20 183 317 203 248 225 
3.72 4.00 3.55 -2.0300 -0.8100 -3.5100 -1.1022 1.9367 0.0222 4.84 4.63 7.15 177 298 170 199 217 
2.19 2.56 5.98 -1.4500 -0.5100 -1.6600 -1.3433 2.1522 0.5567 2.89 2.67 8.98 175 246 156 181 191 
-0.31 2.46 9.02 -2.2300 0.2200 -0.1900 -0.0667 0.2222 0.2022 1.79 2.25 9.37 158 248 160 177 188 
0.48 2.70 9.64 -1.0700 0.4300 0.3200 -0.1900 0.0700 -0.5056 1.29 2.28 9.44 146 253 166 178 187 
1.32 2.14 9.21 -0.0100 0.1700 -0.2900 -0.2722 -0.3233 -0.5344 1.21 2.01 9.52 143 258 168 180 189 
2.46 1.63 9.00 1.1200 -0.1900 -0.5400 -0.5411 0.5356 -0.3589 0.60 1.31 9.69 141 259 173 181 189 
-0.73 -0.72 9.87 -1.4000 -2.2300 0.2400 -0.2144 0.1433 0.1400 -0.02 0.76 9.77 141 247 173 181 190 
-1.06 0.14 9.33 -0.8000 -0.3000 -0.6100 -0.4700 0.4789 -0.2400 -0.42 0.45 9.78 163 231 166 187 207 
-2.84 -2.00 3.82 -1.1100 -1.5700 -5.1600 0.3489 0.4756 -0.8400 -1.68 -0.13 9.66 179 298 237 284 228 
-0.90 -1.60 6.98 0.8000 -2.2500 -2.5900 1.3689 -0.4067 -0.4989 -0.67 1.81 9.61 179 314 302 349 224 
;
2.88 6.85 11.01 2.3600 4.2300 2.8700 2.0789 -1.0300 -0.3244 0.92 4.39 8.71 177 304 321 362 224 
1.39 6.33 7.77 -0.1700 1.1100 -1.1200 0.8822 -0.6067 -0.6567 1.14 5.79 7.83 178 312 332 356 218 
2.27 4.69 5.32 0.7800 -1.0300 -1.8800 0.1156 0.3267 -0.1800 1.22 5.80 7.81 177 318 331 357 216 
2.83 7.40 8.74 0.7800 1.8900 1.7900 2.6322 -2.6467 0.1667 2.81 6.94 6.32 184 325 342 391 232 
9.49 11.51 8.88 4.9200 4.3000 2.8800 -1.2811 1.2944 3.8311 4.96 5.17 6.68 187 312 249 278 230 
1.82 -0.01 4.71 -3.3700 -2.5200 -5.0600 0.0689 1.4111 1.3511 5.01 2.43 8.06 170 228 172 189 198 
0.46 2.58 4.86 -3.0900 1.0500 -2.6700 -0.3178 1.4233 0.0022 3.40 2.40 8.87 151 206 167 179 191 
2.00 3.33 9.23 -0.4400 0.9600 0.6300 0.1078 0.4322 -0.5656 2.55 2.76 9.05 144 214 169 181 188 
1.12 3.17 9.22 -0.7000 0.2100 -0.4500 -0.4611 0.2956 -0.8567 1.43 2.44 9.38 146 215 173 181 189 
2.05 1.71 9.08 0.6100 -0.6400 -0.4700 -0.3700 0.3311 -0.7167 0.67 1.91 9.59 145 207 177 184 187 
0.47 1.36 9.63 0.0200 -0.5500 -0.1200 -0.4911 0.5522 0.1589 -0.02 1.25 9.72 143 201 181 185 186 
-2.11 -1.57 9.24 -1.6700 -2.0600 -0.6900 -0.0144 0.1578 -0.2189 -0.33 0.91 9.75 150 199 180 187 193 
-3.27 0.79 7.01 -1.8900 -0.1100 -3.7200 -1.3811 0.8600 -0.7333 -1.57 -0.82 9.64 174 225 214 242 224 
-0.66 -3.34 4.81 0.8000 -2.3700 -4.7200 1.1022 -1.4267 -1.3911 0.11 -0.03 9.80 177 289 289 339 226 
1.85 3.24 10.95 -0.4100 1.9700 1.1300 2.9111 -1.0367 -0.8611 0.75 3.65 9.07 183 313 342 378 225 
;
2.40 10.45 10.58 2.3700 3.5700 3.0200 0.4778 -0.1933 -0.7011 1.59 6.20 7.42 169 318 343 360 215 
1.72 4.40 4.16 0.2800 -0.8500 -2.5300 0.1944 0.8567 -0.2578 1.30 6.03 7.62 167 324 339 352 217 
1.37 5.87 7.37 -0.8300 -0.2600 0.2000 0.2867 -1.4100 0.5989 2.60 6.14 7.18 180 301 339 361 218 
13.44 14.72 4.54 7.8100 5.7900 3.3800 1.5189 0.3489 1.2878 5.53 6.90 4.22 180 266 237 312 230 
7.68 4.71 3.25 0.9800 -1.2400 -2.3900 -1.2533 2.1078 2.1011 6.55 4.12 6.01 182 214 177 210 224 
1.79 1.47 3.29 -4.2200 0.2000 -4.2700 -0.6344 2.9811 0.4222 4.48 2.81 8.25 176 209 170 185 192 
0.18 3.21 8.36 -3.9400 0.3400 -0.2500 0.0078 0.5356 -0.3300 3.58 2.82 8.67 145 222 177 183 187 
3.59 4.16 9.04 -0.2300 1.3100 0.2700 -0.4278 0.3678 -0.6778 2.77 2.86 8.95 144 226 180 184 188 
2.28 1.70 8.33 0.2800 -0.6800 -0.7800 -0.5644 0.4944 -0.7656 1.79 2.20 9.38 144 226 187 185 189 
1.81 0.52 8.65 0.5500 -1.3000 -0.4700 -0.4956 1.0122 -0.1011 0.51 1.61 9.65 151 221 186 188 190 
-0.81 -0.13 9.88 -1.1100 -1.3900 -0.0500 -0.1433 0.1378 -0.0544 0.09 1.24 9.72 148 220 193 188 192 
-2.40 -0.45 8.49 -2.5200 -1.7700 -2.1900 -0.9511 1.3544 -0.8144 -1.10 0.05 9.74 180 285 197 239 227 
-1.23 -0.36 5.61 -0.8400 -0.7000 -3.3900 2.1233 -1.8456 -0.9856 0.03 1.73 9.65 178 339 289 336 229 
2.86 4.07 7.27 2.1500 1.5500 -0.8100 2.4278 -0.0211 -1.7100 0.31 4.64 8.62 179 345 330 371 224 
;
-0.98 8.20 11.38 -0.2300 2.3900 2.7900 -0.1856 -0.2822 1.1400 -0.28 5.81 7.88 178 342 340 381 225 
-0.56 8.00 6.40 0.2500 4.4700 0.9600 3.0344 -3.2911 0.0378 0.94 6.66 7.12 169 324 343 393 221 
1.44 5.43 5.55 -0.2300 -0.3400 0.2700 0.1144 -0.4911 -0.1500 1.10 6.38 7.35 173 327 344 402 219 
8.17 14.70 8.84 6.3300 7.2300 5.4900 2.0478 -1.0333 0.2733 2.83 8.00 4.90 182 331 323 359 228 
4.88 5.88 4.26 -1.2600 -1.2200 -0.7100 -0.4033 1.5478 3.2300 5.66 5.58 5.73 182 321 224 245 212 
0.86 1.92 1.32 -4.1100 -2.0900 -6.0400 -0.8989 2.1433 0.0367 4.31 3.48 8.08 178 293 172 196 182 
1.20 3.96 6.99 -1.9300 1.2900 -1.5700 -0.8322 1.6300 0.9400 2.65 2.35 9.14 143 243 178 188 178 
0.48 3.13 11.24 -1.3100 1.0800 1.9600 -0.1867 0.3844 -1.0733 1.82 2.43 9.32 146 245 182 191 180 
1.41 0.85 7.55 -0.0100 -1.0800 -2.0700 -0.7622 -0.0822 -0.5822 1.54 1.54 9.55 142 220 182 197 185 
1.70 0.19 7.78 0.3900 -1.4200 -1.5600 -0.0944 0.1322 0.2878 0.78 0.83 9.73 142 226 187 198 183 
-0.31 -1.24 9.84 -0.8200 -1.2900 -0.0200 0.2522 -0.0022 -0.1833 0.87 1.06 9.70 144 231 189 199 181 
-0.95 0.96 8.85 -2.7200 0.0600 -1.8200 -0.7489 0.5222 -0.3022 0.68 0.40 9.77 171 257 195 223 209 
-1.46 -2.40 3.97 -1.2800 -2.0400 -6.2400 0.7567 -0.2222 -1.6433 0.70 0.88 9.74 175 308 278 327 221 
2.39 1.79 6.88 1.2900 -0.1100 -0.6600 3.0756 -1.0656 -0.9500 1.37 4.31 8.69 176 313 337 412 223 
;
