5.62 4.43 6.58 0.0400 0.0500 -0.0400 0.0378 0.0733 -0.0844 5.67 4.41 6.67 179 273 250 213 175 
5.47 4.65 6.81 -0.1500 0.1200 0.0200 -0.0067 0.0778 -0.0822 5.56 4.46 6.72 179 277 250 218 182 
4.92 6.03 8.68 -0.6700 2.5700 3.8100 -0.8100 -0.3567 -0.4589 5.65 4.17 6.83 182 339 183 153 140 
5.39 3.88 9.53 -1.6000 2.9000 -1.1000 -6.4889 1.1500 -1.7144 5.07 -2.48 8.01 169 336 158 146 126 
5.08 -1.33 -2.10 2.5800 3.7900 -8.7900 -0.1333 1.8700 -1.2644 4.00 -4.34 7.82 166 330 160 155 127 
11.15 -0.22 10.88 7.4600 1.3800 3.7900 1.9789 -0.3033 3.0056 2.79 -2.65 9.01 164 331 164 166 139 
-0.39 -5.77 18.90 -3.3800 -1.2400 8.2200 -2.5211 -0.0944 2.6178 1.74 -5.41 7.98 167 353 176 162 136 
-2.98 -2.59 8.45 -4.5400 4.7000 1.6700 -2.3567 0.3789 -0.2667 1.36 -8.09 5.35 165 346 179 163 141 
1.03 -2.00 5.26 -1.0100 6.3300 0.2700 -1.0356 0.1489 -1.7889 3.60 -8.32 3.71 163 342 183 164 141 
5.91 -4.04 1.89 1.9400 3.7100 -1.4400 -1.0744 0.8411 -1.1922 4.95 -7.96 2.86 167 345 188 166 155 
7.52 -5.46 -0.30 2.0500 1.3600 -3.4000 0.4322 1.3767 -0.7611 5.50 -7.27 3.60 162 342 190 171 144 
11.01 -4.38 0.57 5.7200 1.6800 -4.4100 3.2189 -0.2056 0.1489 5.56 -4.94 6.38 163 353 187 175 142 
6.47 -3.05 15.14 -0.8100 -0.2500 9.0000 2.0956 -1.6044 3.2544 5.20 -3.24 7.64 166 353 196 177 145 
4.96 -2.52 11.92 0.2200 2.6200 3.9500 2.9267 -2.7856 4.2011 6.03 -4.03 6.59 151 166 160 156 132 
10.06 -3.83 3.74 3.7600 -1.1600 -2.8000 1.3778 1.5400 0.8900 5.89 -1.82 7.62 147 160 164 150 137 
1.76 -0.41 4.54 -2.6800 1.0800 -3.6600 1.3878 0.8633 0.8778 4.04 -0.59 8.91 155 166 167 154 139 
0.83 1.39 9.54 -1.6300 1.6000 -0.0600 -0.5333 -0.2433 -0.3878 3.31 -0.41 9.21 155 167 169 156 135 
3.58 0.06 9.46 0.8100 1.1200 0.0100 -0.8100 0.8167 -1.1689 2.43 -1.04 9.44 154 167 174 159 139 
2.94 -2.05 8.74 0.5000 -0.7900 -0.6200 -1.0844 1.0722 -0.9589 1.47 -2.13 9.45 155 166 169 166 138 
0.75 -3.38 8.26 -0.9100 -0.4400 -1.0100 -1.0489 -0.6767 1.1411 1.22 -3.48 9.08 156 188 182 166 144 
-5.91 -4.83 5.57 -8.1300 1.6700 -3.0500 -5.0878 -5.4511 1.5289 3.87 -7.97 4.18 161 303 157 163 142 
9.10 -11.37 -7.06 2.8000 -2.2900 -6.0400 -0.9744 -3.7544 -1.0156 5.50 -7.81 -2.17 155 349 171 168 145 
7.91 -7.39 -3.00 1.8600 0.5500 -0.8300 1.4844 -0.4544 -0.5422 5.76 -7.75 -1.66 160 359 174 176 149 
6.11 -7.70 -2.77 -0.2300 0.5300 -3.0200 4.9456 1.4611 -1.5656 6.36 -7.28 1.62 165 367 172 172 146 
3.22 -8.05 1.03 0.7000 -0.4900 -1.2900 -2.3367 -1.8011 0.3989 5.82 -7.86 -0.59 153 360 178 170 142 
6.43 -2.00 12.02 3.9800 3.7400 8.2500 -1.4256 0.8067 0.4289 6.47 -7.26 1.21 152 360 175 167 139 
7.82 -6.38 5.30 -0.9200 -0.1500 3.6800 -2.6378 0.7589 -1.4300 7.44 -6.33 -0.72 201 349 153 153 143 
8.76 -0.32 -2.81 -1.6600 1.7200 -6.6000 -2.7556 -0.8467 -2.1489 9.33 -2.35 -1.87 151 345 162 157 128 
9.01 1.68 -6.68 -0.4800 1.6500 -3.9100 1.1433 -0.3411 -2.5878 9.42 1.35 -2.35 122 335 174 163 130 
20.54 3.44 -5.24 10.7400 2.1500 -1.5400 3.3433 1.2344 1.0833 9.44 0.79 -2.51 139 359 179 159 141 
9.80 2.02 2.21 -1.1300 3.5700 1.0000 0.9589 4.2522 2.2589 8.99 -2.65 2.87 146 341 185 165 136 
0.26 -2.11 6.81 -6.9500 1.8100 0.9600 -1.7222 0.9878 1.2522 6.47 -5.27 5.13 148 347 182 162 137 
1.21 -3.62 2.77 -5.1900 3.1500 -1.4400 -2.5078 -1.2911 -0.9178 7.11 -6.35 2.25 146 344 182 165 133 
6.57 -1.89 -3.23 -2.3900 2.5100 -4.2400 -1.1944 -1.1711 -2.7400 9.22 -3.33 -0.23 144 337 185 166 145 
13.63 0.77 -5.48 3.6000 1.3000 -4.5900 0.8078 -0.8467 -1.3089 9.61 -0.49 -1.88 147 336 193 169 139 
18.72 1.29 1.95 9.6200 2.7500 4.5400 -1.3711 1.6689 1.3722 9.58 -1.61 -1.34 158 287 183 167 148 
10.47 -1.30 0.10 1.6600 3.3700 -2.9200 -5.5400 4.9644 3.9900 6.14 -6.73 3.60 160 231 255 280 186 
-1.50 -5.85 -6.29 -1.7200 2.7300 -6.0900 -4.5900 3.5578 1.4944 0.00 -9.59 -2.00 7 239 265 272 189 
-1.23 -7.49 -6.41 -0.6200 2.2700 -2.2700 -0.5544 0.2689 0.0044 0.06 -8.73 -4.45 156 241 260 264 186 
-3.22 -4.53 -5.79 -2.4200 3.5800 -0.8800 5.4756 1.9833 -0.4733 1.13 -9.60 1.60 154 263 256 253 189 
3.74 -10.14 10.21 1.7800 0.6500 5.8200 -3.1967 -1.5256 -0.0233 1.49 -9.69 0.00 143 245 256 248 185 
-2.97 -7.58 -13.36 -3.3700 1.8800 -10.8000 1.0189 0.7444 -0.2378 1.02 -9.53 -2.04 142 242 258 250 193 
-0.16 -6.66 1.62 -0.6400 2.6800 4.9100 4.3689 0.9267 -1.0511 2.15 -8.70 3.97 3 259 265 261 194 
4.97 -7.42 4.80 2.3700 0.9600 -0.7900 1.8878 -3.5178 -0.5722 4.44 -7.32 4.76 13 279 271 254 191 
6.73 -3.69 -0.99 2.5300 -0.2800 -6.1800 1.7533 -5.8367 1.9278 6.39 -6.39 3.79 106 174 178 167 147 
9.26 -2.42 0.99 3.6900 -0.4200 0.8600 3.2511 -2.9044 -3.1956 9.36 -2.78 0.78 88 157 147 144 111 
12.19 2.33 0.13 2.7400 3.9600 -0.7200 2.6178 -1.1444 -0.9367 9.76 -0.64 -0.57 98 160 155 153 119 
8.24 -14.28 15.33 -3.9000 0.0000 2.7000 -0.3989 0.1044 0.5300 9.76 -0.91 -0.05 105 170 165 152 117 
9.58 2.55 -1.41 0.0600 3.3400 -3.7200 -3.1489 0.2867 0.2456 9.73 -1.13 -0.42 103 169 166 157 120 
6.91 -3.23 -5.40 -1.3900 -2.4300 -4.4700 0.4344 -0.1067 -0.1656 9.74 -1.04 -0.38 103 165 165 157 110 
12.05 -3.89 5.24 3.9400 -1.3400 0.8400 0.6878 0.4689 0.5567 9.50 -2.22 -0.96 105 163 176 165 121 
5.69 -3.58 1.28 -2.7300 -0.4800 1.1500 -1.4844 0.2344 0.8011 9.11 -3.59 -0.44 5 200 193 171 146 
;
