2.01 7.25 7.03 0.3000 0.2700 0.3400 0.2056 0.1811 -0.1622 1.57 7.02 6.65 167 284 273 248 180 
1.48 6.81 6.49 -0.1200 -0.1500 -0.1600 0.0067 -0.0178 -0.0778 1.60 7.01 6.66 164 290 280 258 183 
1.75 6.92 6.53 0.2200 -0.0700 -0.1300 0.0022 0.0022 -0.0533 1.54 7.03 6.65 169 292 273 253 179 
1.44 6.90 6.58 -0.1200 -0.1300 -0.0600 -0.0444 -0.0133 0.0767 1.59 7.00 6.67 168 288 278 256 179 
1.09 6.72 7.26 -0.8900 0.0900 0.3200 -0.6167 -0.5844 0.3433 2.09 6.41 7.11 163 289 266 250 181 
1.26 6.81 8.45 -1.7100 1.5800 1.6100 -1.2256 -2.0111 0.6600 3.68 5.24 7.42 171 288 267 246 182 
10.29 8.96 9.89 5.2400 5.2500 2.4600 -7.2400 -1.4644 2.8722 7.88 -1.86 5.53 171 300 247 249 185 
8.23 -1.36 0.56 2.2400 5.6300 -3.2800 -4.5356 1.3267 3.9211 4.04 -8.75 1.77 172 320 203 255 187 
-2.35 -5.12 -6.66 -3.7100 4.3500 -5.0100 -2.1456 -1.1344 1.9344 -0.47 -9.30 -3.04 169 306 257 261 188 
-2.56 -5.52 -7.26 -2.1300 4.6300 -5.3800 4.0222 -0.3356 -1.6189 0.28 -9.80 0.14 162 285 245 260 187 
3.63 3.19 0.96 1.8500 11.2800 -7.5800 8.8756 0.4356 -1.0900 1.82 -2.92 9.18 181 298 241 291 195 
0.42 12.46 15.31 -0.8800 7.1000 8.0700 2.4144 -0.3656 1.5867 1.67 5.22 8.12 196 316 260 305 197 
1.87 9.74 15.06 0.4900 5.4700 7.6300 -3.6289 -3.0944 0.6067 4.33 3.29 8.15 194 305 255 252 187 
5.26 1.09 3.54 -2.6400 3.6500 -1.7100 -3.8289 -7.9967 6.7411 7.39 -6.38 0.84 147 235 127 133 116 
-3.03 -4.88 -0.20 -7.1200 2.4500 0.7000 0.5689 0.4100 1.7456 1.97 -9.52 -1.26 116 251 141 137 117 
-0.72 -8.29 -2.24 -3.3300 0.1600 -3.4400 -0.9500 0.0467 -0.5144 2.04 -9.45 -1.63 120 261 139 142 116 
7.12 -10.61 -13.97 5.2900 -1.2000 -13.0800 3.3889 -0.4933 0.8844 2.20 -9.52 0.76 123 263 144 149 113 
1.33 2.14 11.98 0.0100 11.1400 13.2500 3.2811 1.0578 -0.1289 0.62 -7.01 6.82 123 275 150 154 119 
-0.04 -7.18 4.82 -0.2100 -0.2300 -2.2100 -1.7678 0.0022 -0.7289 1.15 -8.30 5.08 127 277 168 159 120 
2.05 -8.72 3.11 0.5600 0.3200 -0.7500 -0.2056 0.2256 -0.5467 1.72 -8.58 4.42 138 279 160 159 128 
0.94 -6.03 6.03 -1.9700 2.1300 1.2100 -1.1544 0.3100 -1.4644 3.01 -8.55 3.73 150 291 161 166 133 
4.45 -11.22 0.34 2.7500 -4.2300 -3.8400 -0.9033 -1.4044 -3.2089 6.84 -6.91 1.19 141 340 146 156 122 
9.26 -6.99 -1.35 1.5300 -0.0500 -2.4800 3.5756 -0.0733 -0.6322 7.96 -5.01 2.75 138 355 163 166 132 
8.17 0.35 3.39 0.2300 4.8400 -0.4500 1.9656 0.1167 0.4878 7.65 -3.86 4.75 130 336 160 162 127 
5.58 0.37 5.50 -0.0800 3.2900 -0.7400 -1.5689 2.2333 -0.4422 6.71 -4.55 5.51 126 335 170 162 129 
9.86 -5.98 2.66 3.3700 -0.8500 -2.6500 -1.8544 2.3244 -0.3033 5.68 -5.87 5.42 123 349 166 161 130 
0.88 -9.81 2.29 -3.8300 -2.6200 -1.9100 0.9544 2.3611 -0.4733 3.72 -5.58 7.14 138 344 179 182 142 
0.11 -1.79 9.21 -3.1600 4.1300 1.6700 -3.6733 -0.9278 -0.8678 4.10 -7.02 5.46 149 231 245 208 169 
1.26 -11.09 -5.11 -0.0100 -2.0600 -5.7200 0.0756 4.5156 -2.2878 3.99 -7.39 5.05 111 168 209 181 157 
8.67 -1.88 5.43 0.7600 1.5100 0.9900 1.2400 -2.9644 -3.6933 8.66 -3.66 2.75 103 158 159 149 121 
16.16 3.42 -6.53 5.2600 4.2700 -6.9600 5.2800 -2.2033 -1.2144 9.79 0.16 -0.42 104 159 158 149 109 
12.37 -1.62 7.72 0.4600 5.1900 6.6900 0.0811 0.8267 1.4189 9.73 -0.91 -0.71 111 170 165 150 120 
12.02 2.82 -2.38 1.6200 3.2300 -2.4400 -2.8033 1.0544 0.0600 9.77 -0.76 0.11 108 166 171 160 122 
8.30 -0.29 -6.38 -1.9500 0.3200 -5.8600 0.4244 -1.6011 0.3667 9.65 -1.02 -1.34 111 166 165 150 123 
4.78 -4.54 -6.98 -0.7400 0.8100 15.2400 -3.3467 -1.3544 0.3167 8.99 -2.45 -3.04 104 170 169 164 123 
9.29 -4.42 -3.89 -0.0700 -1.1500 -0.0600 0.1978 1.6300 0.3733 9.03 -2.87 -2.49 122 184 185 181 139 
10.93 -2.33 -1.02 1.5600 1.1600 0.3200 -0.6556 2.9878 0.2978 9.24 -3.26 0.20 132 210 209 194 152 
6.91 -3.97 1.53 1.9000 -0.7100 -1.9800 -0.3089 0.8911 0.0267 8.72 -3.76 2.43 148 250 222 194 166 
10.35 -1.24 5.79 2.9900 1.5900 -0.3000 -5.2156 1.0756 3.2356 5.68 -7.64 2.32 152 244 225 213 164 
-1.38 -6.71 -1.69 -3.2400 2.8900 -0.9300 -0.5567 -1.0744 3.6244 -0.31 -9.79 0.32 138 223 230 214 165 
-3.04 -7.77 2.69 -0.9300 1.6400 3.3900 -0.7278 -0.4711 -0.2233 -1.40 -9.70 0.01 143 220 213 212 164 
0.46 -8.46 -0.37 -1.2700 0.9500 0.2900 -0.5222 -2.2833 -2.0256 1.83 -9.61 -0.63 148 211 216 220 165 
1.17 -6.29 -7.87 -2.0900 3.7200 -6.4300 -0.1078 -6.7789 -3.5267 4.36 -7.79 -4.03 131 210 216 217 160 
9.39 -5.92 -4.97 4.2000 1.2000 0.3600 0.2489 -2.3144 -0.8544 3.63 -6.94 -5.88 150 213 218 206 161 
12.45 -5.47 -4.07 7.5000 2.3200 2.7400 -1.0489 2.9344 1.2044 4.33 -6.61 -5.79 146 233 223 214 172 
10.48 -2.71 -13.43 5.0200 3.1300 -9.1100 -2.2144 2.4233 3.8344 5.00 -6.17 -5.75 156 263 254 251 186 
0.85 -1.81 -8.95 -3.0600 5.8100 -4.8400 -0.5367 5.5667 5.8333 0.79 -9.14 -3.45 161 306 277 279 187 
-2.90 -6.80 -5.03 -1.9600 1.8400 -1.3500 -0.4656 0.2333 1.1500 -1.35 -8.86 -3.97 165 306 293 280 188 
-2.82 -7.38 -6.78 -1.3300 1.7800 -2.3800 1.1989 -0.1778 -0.4778 -1.29 -9.09 -3.42 164 308 294 287 187 
0.01 -6.29 -4.61 1.7800 2.0100 -1.9700 4.8156 0.5322 -1.1456 0.26 -9.71 1.33 169 305 251 284 191 
3.01 -1.84 2.54 4.1300 6.9700 -3.9800 5.8967 -0.9011 -0.4900 0.88 -5.76 7.88 155 299 270 283 188 
3.34 9.27 14.65 1.4000 7.4800 7.2400 6.1889 -0.4833 0.6267 1.49 3.65 8.97 181 320 280 303 193 
2.81 7.07 13.47 0.2200 2.3400 4.9400 -1.1122 -2.0478 -0.1833 3.44 4.04 8.24 180 325 276 304 198 
6.83 3.38 12.96 1.7700 1.6500 4.4500 -3.3311 -1.3367 0.0089 5.13 1.05 8.28 178 251 188 175 149 
8.17 -3.20 4.16 3.7100 -0.9800 -4.1900 -4.2667 8.4389 0.7667 1.26 -4.40 8.66 204 168 141 151 107 
-2.51 -5.51 3.18 3.9600 0.6000 -4.3200 -0.1733 2.6989 2.0789 -4.83 -5.64 6.40 201 163 149 148 106 
-2.19 -0.37 3.96 4.7800 3.8000 -1.8100 1.7056 -0.9589 3.4256 -6.86 -1.42 6.85 202 171 159 150 118 
-10.46 1.68 14.12 -5.1000 0.2800 6.5000 0.6433 -1.5511 0.1689 -5.14 1.32 8.24 202 178 165 157 115 
-4.94 1.08 11.77 -0.2500 0.0600 2.6100 -0.4933 -0.5122 -0.7689 -4.19 0.56 8.84 202 201 157 175 130 
-2.33 -1.13 10.95 -0.9300 -0.8800 3.3100 0.4811 -4.6589 -2.0833 -0.54 0.60 9.77 6 303 267 276 184 
3.05 -1.23 0.73 -0.8400 -0.4100 -7.3200 -1.1100 -9.9911 -0.5089 9.21 -1.22 3.13 110 181 186 181 148 
10.11 -2.27 -4.49 -0.9700 -0.4100 -6.0800 1.4056 -5.0589 -1.3233 9.03 -1.40 -3.54 101 153 160 144 111 
9.23 -1.98 13.75 1.0300 4.1800 6.2100 -0.6756 1.7756 0.5778 9.60 -1.84 -0.67 106 163 159 155 121 
9.12 1.12 -2.65 -1.4100 2.9000 -2.6300 -1.7867 0.5311 0.2133 9.51 -2.23 -0.79 103 164 164 156 120 
8.03 -2.67 -5.15 -0.4400 -1.5700 -5.5300 0.2289 -0.4167 -0.9767 9.75 -0.93 -0.44 107 163 171 164 119 
9.60 8.65 31.25 -1.7800 12.7300 34.2000 -0.6744 -0.4467 1.0044 9.70 -1.39 -0.17 116 164 165 172 128 
7.43 -1.53 2.69 -1.8400 -1.0800 1.0100 -1.7189 0.2211 0.7333 9.54 -1.97 1.06 131 195 188 188 156 
7.89 -3.13 -0.55 -2.4600 -1.9500 -2.7700 -0.7222 1.9289 -1.7978 9.35 -0.69 2.85 142 248 179 231 187 
6.76 2.38 3.76 0.5800 2.8200 -1.2200 -0.1544 -0.3144 -0.7633 8.28 0.62 5.20 170 271 246 249 182 
;
