2.86 3.01 9.55 -1.5200 0.3100 1.3100 0.0078 -0.2578 -0.0600 5.15 2.96 7.80 158 274 270 266 195 
5.56 3.02 7.90 0.2200 0.0600 0.3200 -0.0133 0.0133 -0.0378 5.26 2.98 7.71 173 277 275 267 198 
5.22 3.19 7.95 0.0300 0.3100 0.5300 0.0200 -0.2800 0.1422 5.42 2.95 7.61 173 264 263 269 202 
10.60 2.34 8.06 2.1900 -0.2600 0.2700 -1.6067 -7.9767 2.9378 9.69 -0.39 1.45 174 272 172 140 146 
9.87 -4.08 -4.16 0.2200 0.3300 -0.6500 1.0789 -1.6078 3.0356 6.98 -5.44 -4.20 160 296 147 139 126 
2.13 -5.01 -2.79 -3.4000 1.9600 1.9600 0.4489 -0.3422 0.4311 5.00 -7.17 -4.43 127 315 142 140 125 
6.37 -7.38 -10.37 2.0200 -0.5100 -6.5000 4.3500 3.1567 -0.2167 5.64 -7.88 -1.42 129 325 159 154 134 
5.78 -7.20 0.16 -0.9600 0.3700 0.5300 -2.0111 -0.1278 -0.0189 5.54 -7.82 -2.06 131 332 157 152 136 
-6.08 -3.90 8.46 -1.1300 3.3100 8.7200 -0.2811 -1.2567 0.3622 5.87 -7.81 -0.76 123 333 156 152 134 
6.05 -7.66 -0.75 -0.2100 0.1200 0.3600 -0.1878 -0.1567 0.0744 5.84 -7.80 -1.02 128 321 160 159 139 
9.06 -6.97 3.92 3.6600 0.4200 4.9400 -2.0756 0.1900 0.3611 5.75 -7.65 -2.12 138 245 163 142 141 
4.44 -8.41 -6.99 -2.7700 0.1900 -3.9500 -0.4322 0.9200 0.7244 5.14 -7.90 -2.69 133 232 145 139 131 
3.63 -8.31 -3.42 -0.4700 -0.0600 -1.2600 0.7833 0.3356 1.1178 3.81 -8.84 -1.83 131 245 157 142 130 
2.11 -9.41 -2.07 -1.0500 0.1000 -0.1200 1.6833 1.0556 0.3033 3.01 -9.32 0.33 134 254 155 119 135 
2.69 -7.30 1.58 -1.2500 2.1300 -0.3800 2.0000 0.4167 -0.0489 2.77 -8.84 3.19 133 256 156 155 136 
1.44 -6.44 4.46 -1.4300 1.5700 0.0500 -0.1656 -0.0989 -0.1367 2.93 -8.41 4.09 137 259 157 156 137 
8.37 -12.15 -8.11 5.7400 -3.0300 -11.8600 3.4411 -0.0289 1.9778 2.07 -7.50 5.95 127 258 160 153 133 
-4.42 4.05 20.83 -5.4100 7.5100 11.8000 0.4400 0.2011 -0.0122 0.73 -4.32 8.76 129 270 159 159 145 
2.06 -6.42 5.25 1.1800 -1.0700 -2.8900 -0.7022 -0.2278 -0.3100 1.22 -5.88 7.74 128 272 165 166 139 
0.98 -5.58 7.43 -0.6400 0.6600 -0.2200 -0.1622 -0.3689 -0.3033 1.70 -5.99 7.57 133 268 155 164 137 
-0.82 -3.22 5.27 -3.8400 3.2400 -1.5200 -1.4533 -2.1033 -2.3767 4.68 -6.30 5.86 149 259 176 169 152 
9.77 -4.13 1.04 3.1200 0.2500 -3.5000 -0.7656 -0.3711 -3.2211 8.27 -3.56 3.88 165 271 203 201 176 
9.17 -1.63 1.06 0.7600 0.5200 -1.9300 3.6533 -3.9667 -0.0556 9.69 -1.05 1.07 196 285 259 279 200 
8.28 -3.06 0.09 -1.0300 1.1100 1.9200 -3.4700 -3.1811 5.1156 6.88 -5.76 -3.93 196 216 255 240 201 
0.67 0.59 -9.41 -0.7200 4.8000 -4.8400 -6.3033 -1.2667 0.5489 2.42 -0.77 -9.46 199 205 228 241 206 
3.83 -0.72 -11.83 0.2900 -0.7500 -1.9400 -0.3344 -0.0989 -0.0589 2.48 1.07 -9.42 198 229 248 268 213 
2.65 1.36 -9.20 -0.3000 0.2800 0.3500 0.1778 0.1411 -0.1833 2.68 1.01 -9.37 204 233 245 271 212 
3.22 0.99 -9.57 0.6300 0.0300 -0.1600 0.1689 0.2656 0.0311 2.83 0.96 -9.33 199 222 229 258 208 
3.10 0.92 -9.38 -0.1800 0.1300 -0.2400 0.5467 1.3656 -0.3856 3.87 0.55 -8.98 200 209 218 237 205 
7.02 1.05 -8.17 -1.7700 0.1800 -1.8400 2.0356 7.2022 -1.0100 9.36 0.19 -2.89 183 234 206 189 179 
4.73 1.52 0.62 -2.8400 0.6000 -1.6000 4.2400 2.7867 -0.7244 8.78 2.35 3.67 192 268 259 264 187 
8.70 2.41 5.07 -0.2500 -1.0000 -0.5800 -0.9389 -0.3522 0.0900 8.51 2.35 4.25 185 280 264 261 177 
9.41 1.72 4.77 0.7600 -0.5600 0.4600 0.1244 0.0100 -0.0222 8.69 2.15 3.98 175 278 265 268 178 
10.43 2.44 5.81 2.0500 -0.3700 1.6300 0.9744 1.1611 -0.1722 8.13 3.20 4.44 178 271 266 249 197 
5.03 3.16 4.27 -5.2200 0.9000 -0.9800 -2.7811 -9.2511 6.3122 9.72 -1.28 -0.19 189 242 263 212 207 
-2.59 -2.11 -8.64 -2.6800 1.5700 -0.7900 -3.9533 -0.4467 1.5267 2.15 0.45 -9.55 198 238 227 232 208 
2.36 1.74 -11.27 -0.5800 0.5600 -1.6000 0.1556 0.3067 -0.0111 2.69 1.27 -9.34 201 252 235 240 205 
2.60 1.53 -8.43 -0.3200 0.3400 0.5500 0.1822 0.3622 -0.1244 3.17 0.97 -9.22 200 260 252 246 206 
4.35 1.21 -11.67 0.9700 0.5300 -2.5000 2.7489 4.1300 -0.8267 6.11 -0.98 -7.59 200 255 222 224 200 
6.05 -1.63 -3.33 -2.9900 0.2500 -0.5200 1.7756 6.8633 -0.7822 9.58 -1.24 1.63 191 280 251 239 197 
;
