4.46 4.12 8.11 0.1100 -0.0800 -0.0600 -0.3622 1.0222 -0.3511 3.60 3.82 8.27 4 213 236 247 191 
1.91 4.21 10.45 -1.2000 0.9200 3.1700 1.0322 -1.6178 1.0589 4.24 4.20 7.78 183 247 280 264 191 
11.74 8.28 9.05 4.2100 2.0000 1.3700 -1.0389 -8.1256 6.8433 9.73 -0.61 1.05 173 285 144 120 116 
3.66 -4.77 -4.46 -1.6500 2.5300 -1.0600 1.7500 -0.8633 4.3811 3.98 -8.62 -2.43 149 274 144 134 111 
-2.01 -6.33 -0.52 -4.2200 2.9600 0.2700 0.3489 0.6111 0.0989 2.59 -9.45 -0.21 140 283 141 138 115 
3.39 -9.13 -2.99 0.4100 -0.3000 -3.2400 0.5256 0.2278 -0.6511 3.48 -9.16 0.32 135 283 153 144 123 
7.03 -9.31 -6.64 3.5000 1.9700 -6.7000 4.5500 0.2278 1.6022 2.30 -8.47 4.36 153 283 147 147 122 
-1.70 4.43 17.96 -4.5600 8.9400 10.2500 0.5011 0.7689 0.2167 0.68 -5.66 7.97 148 287 162 148 122 
2.27 -6.56 5.22 1.4100 0.1000 -2.0000 -1.4744 -0.1922 -0.6144 1.32 -7.49 6.18 155 286 160 155 130 
3.42 -6.11 5.24 1.3800 2.4500 -0.0500 -2.7078 3.4067 -2.3633 2.08 -8.56 4.29 160 270 210 184 165 
14.02 -11.31 -3.62 8.6800 -1.1700 -4.6100 -5.9678 8.3833 0.5400 1.70 -9.65 -0.27 138 248 248 281 191 
0.68 -7.71 -7.28 -1.1400 1.8200 -2.5200 -2.4422 1.8922 1.5400 0.08 -8.38 -5.09 157 259 269 288 190 
-1.63 -6.48 -9.58 -2.5500 1.4600 -4.3000 1.6211 0.9067 0.1822 0.38 -8.56 -4.75 154 280 265 293 188 
-2.20 -5.47 -1.03 -3.3100 3.6100 1.9200 4.7344 1.8933 -0.1756 1.31 -9.60 1.50 160 297 279 286 194 
6.23 -9.13 9.42 4.5400 1.1500 7.1500 -3.9567 -2.6767 0.4556 2.15 -9.45 -1.49 152 294 279 285 187 
-4.04 -4.49 -14.24 -5.1300 3.6800 -10.6700 -0.3422 0.6744 0.8411 0.48 -8.57 -4.73 139 287 268 278 185 
-1.12 -6.25 -3.18 -0.8900 1.8100 2.1700 4.0800 2.3211 -0.6644 1.90 -9.57 0.93 151 294 277 296 189 
3.01 -9.39 5.61 0.4100 0.0100 2.4200 0.3844 -0.3756 -0.6667 2.65 -9.14 2.33 153 294 282 292 194 
-2.84 -11.85 -1.41 -5.3000 -0.2000 -0.0400 3.0378 -13.3856 1.1767 4.72 -8.54 0.95 152 272 140 122 118 
10.56 -6.94 -5.43 3.0100 -0.1900 -6.6200 1.2311 -0.9478 0.6900 3.86 -8.71 -2.28 125 265 131 119 109 
4.17 -8.93 -3.64 0.4900 0.2400 -4.0900 2.2433 0.1700 1.0078 3.14 -9.21 1.18 129 276 143 126 119 
4.32 -5.70 -2.17 3.1700 4.8500 -4.5600 4.5722 0.2022 1.7656 0.81 -7.76 5.93 125 285 143 140 117 
-5.15 0.71 17.69 -4.2800 5.0500 7.0900 -1.3733 0.0133 -0.7700 0.19 -6.40 7.42 131 282 158 139 118 
0.87 -5.12 6.39 -0.9700 3.3000 -0.1100 -2.2533 -0.3767 -0.9389 1.50 -8.24 5.08 151 244 170 157 128 
1.16 -2.44 -2.90 -1.7300 6.2600 -4.6400 -5.3300 -3.1289 -2.1111 4.46 -8.42 -2.29 155 226 187 181 163 
6.75 -4.94 -9.86 1.9800 0.8200 -3.6600 -3.0978 -1.4989 -0.6111 4.07 -3.99 -7.97 181 221 233 234 185 
3.01 -0.36 -14.06 2.2000 0.4500 -5.7100 -1.5067 -1.2256 -0.6600 2.15 -0.72 -9.54 194 251 218 235 198 
7.19 -3.04 -13.36 4.7700 -2.4800 -3.6200 1.1933 0.9133 0.3033 2.55 -1.04 -9.41 199 235 252 253 200 
5.78 -4.44 -16.21 1.5400 -1.1600 -9.5500 3.1867 1.4878 1.6733 4.12 -5.22 -7.19 201 304 252 277 200 
3.13 -3.41 -3.99 -1.6000 5.3600 -1.1400 4.1778 2.3767 2.6711 2.98 -9.19 1.65 202 357 295 295 201 
-1.58 -2.41 3.04 -2.8900 6.6100 -0.1300 0.0700 0.5811 -0.3200 1.71 -9.05 3.35 202 361 289 304 201 
0.46 -5.42 2.50 -1.9400 3.8300 -0.2400 -1.5233 -0.9956 -1.8633 3.76 -8.92 1.51 191 335 153 163 156 
7.94 -7.59 -3.03 0.0100 -0.6200 -4.1600 -0.5000 -0.8389 -1.1744 5.81 -7.86 -0.71 157 340 145 139 121 
11.01 -8.48 -4.03 3.0400 -1.1700 -1.8100 0.2522 -1.1733 0.0900 5.87 -7.59 -1.99 117 354 157 150 124 
7.45 -8.13 -1.72 1.3400 0.2600 0.0000 1.0500 -0.7500 0.1511 5.36 -8.00 -1.79 119 361 150 153 128 
6.05 -7.54 -3.38 -10.0100 5.8100 12.4000 1.3122 -4.4778 -0.3378 5.62 -8.00 -0.72 120 348 172 155 139 
6.05 -8.34 -3.71 2.0100 -0.5400 -2.9500 0.3778 1.2378 -0.1767 5.55 -8.03 -0.90 127 358 179 159 135 
4.93 -7.37 0.03 -1.0000 0.5400 0.8800 -0.8967 0.0511 -0.3378 5.91 -7.77 -0.81 133 355 175 162 143 
6.25 -4.69 0.44 -0.4100 2.2600 1.8200 -2.6378 3.3956 -1.7544 7.79 -5.88 -0.89 143 341 195 180 162 
9.33 -3.74 -2.30 3.5600 0.5400 -4.5500 3.8344 6.3978 -0.1956 5.18 -2.99 7.77 178 259 243 215 174 
1.98 2.84 11.13 -0.2500 0.6900 1.3400 1.2933 -1.4356 0.7544 4.12 1.30 8.80 191 282 252 227 180 
;
