4.78 1.95 6.86 0.9800 -1.0400 -2.1800 -0.2556 0.1100 0.2500 2.58 2.62 9.08 10 248 271 289 193 
2.09 3.11 9.13 -0.4000 -0.0900 0.1000 0.7378 0.3778 -0.0611 2.18 3.49 8.89 188 252 268 255 191 
0.66 4.08 9.98 -1.8700 0.6300 1.4900 -0.3233 -2.1100 1.2844 3.49 3.27 8.55 7 253 251 273 194 
10.60 1.06 7.84 2.4500 0.1700 3.2600 -2.7633 -8.6856 4.1211 9.45 -2.60 0.21 150 279 151 141 129 
6.56 -4.55 -6.08 -3.2100 1.4800 -3.3400 3.8033 0.4467 2.3544 6.06 -7.70 0.04 136 297 151 133 124 
0.71 -6.53 4.39 -3.6800 1.7500 2.1300 0.5278 0.6589 0.2389 4.77 -8.08 2.82 130 303 158 132 122 
2.98 -6.97 1.80 -1.2300 1.2900 -1.0600 -0.2044 -0.4333 -0.6011 5.11 -8.02 2.36 127 295 160 151 126 
10.03 -8.61 -4.90 7.2100 -2.3700 -11.5500 1.3600 -0.1267 2.3367 4.48 -8.16 3.06 119 288 157 159 129 
-1.00 5.51 12.45 -5.3400 10.8700 6.8500 3.0522 1.4833 1.6733 0.79 -5.13 8.31 134 293 171 153 129 
-1.88 -2.95 9.67 -0.0800 1.6500 0.2500 -1.2244 -0.9411 -1.6656 1.56 -5.67 7.84 145 287 173 161 132 
-0.01 -4.08 6.44 -3.0700 2.7200 -0.6900 -3.0400 -0.5800 -1.8078 3.86 -7.34 5.22 129 220 231 183 151 
8.28 -6.05 2.06 4.5600 0.0400 -3.0700 -1.7522 3.2956 -3.3867 5.99 -6.33 4.48 113 175 212 201 168 
8.36 -2.65 -0.76 1.0000 0.0700 -3.7600 0.9556 -2.5022 -1.9867 8.16 -4.85 2.45 86 161 149 157 119 
16.01 3.83 -2.12 2.7600 5.6700 -1.7600 3.4556 -1.5844 -0.2156 9.43 -2.37 1.23 102 166 156 156 120 
12.26 3.07 9.64 12.3200 5.2600 20.9200 0.2800 -1.3467 -0.6522 9.67 -1.34 -0.88 108 167 161 157 115 
7.50 -0.88 7.53 -2.6300 1.9200 8.2800 -2.1978 1.2067 0.2278 9.56 -2.17 0.10 105 174 168 165 124 
11.07 2.60 -8.30 1.4900 3.1900 -8.0500 -1.0711 -1.1600 -0.6233 9.71 -0.64 -1.16 110 171 169 162 121 
10.89 -1.47 -4.17 1.7500 -1.2700 -4.5200 0.9978 0.6567 -0.3811 9.79 -0.12 -0.45 114 169 161 164 115 
10.44 -1.28 1.83 -0.2400 -0.0800 0.8100 0.3600 1.3256 0.0956 9.75 -0.96 -0.37 110 166 169 160 131 
9.69 -1.45 2.02 -0.0600 0.0500 1.5600 -0.3000 0.8056 0.6222 9.60 -1.57 1.18 117 171 177 178 145 
9.93 -1.93 3.32 2.1700 0.1600 0.7600 -1.0767 1.0633 0.8144 9.01 -2.62 2.81 131 241 215 198 159 
9.49 -3.12 4.24 2.9600 1.9600 1.5400 -3.5211 2.8611 1.4389 7.07 -5.54 3.91 154 258 245 227 183 
3.74 -5.57 0.16 -0.1600 5.2100 -5.6400 -1.2311 7.4622 -0.7489 2.66 -7.66 5.50 196 335 172 147 150 
-1.69 -3.96 0.51 1.6000 4.0600 -4.0800 0.9444 0.8189 -1.1011 1.54 -6.65 7.03 198 350 143 158 135 
5.21 -1.85 5.79 5.1300 3.9300 0.2200 3.2956 -0.0678 0.3267 1.53 -3.86 8.88 198 329 162 165 134 
1.98 -4.12 17.46 -0.0900 -2.4700 8.4900 0.3556 -0.7344 2.6256 1.37 -2.10 9.47 187 349 166 166 137 
-2.66 -4.37 14.62 -3.6900 -0.0600 4.7100 -2.4700 0.0033 1.2878 1.13 -5.15 8.26 179 367 170 169 133 
-2.61 -2.50 7.87 -3.4100 4.4800 0.5000 -2.4800 0.7944 -0.6878 0.68 -7.80 5.89 169 366 157 166 135 
-0.39 -3.72 5.16 -1.2200 4.4000 -0.1400 -1.7189 1.2789 -1.4344 1.68 -8.93 3.66 168 366 168 169 137 
1.63 -4.81 0.16 -0.6000 4.4100 -3.3300 0.6567 2.1578 -2.0000 2.82 -8.55 3.86 172 358 177 168 141 
10.16 -0.01 4.94 8.3200 4.5900 -0.3700 3.6856 0.8411 -0.4178 3.30 -4.98 7.77 169 364 170 174 139 
7.37 -4.56 15.74 2.5300 -2.5600 7.6900 2.1444 -1.6756 2.0344 3.97 -1.91 8.75 164 367 173 170 141 
5.11 -2.55 12.91 0.1200 1.3500 5.7500 2.4822 -5.7956 4.6278 7.79 -2.71 5.29 159 346 153 162 134 
11.68 -1.59 -2.14 1.5400 2.5200 -3.2300 0.7033 -4.8511 1.6711 7.66 -5.53 -2.59 132 332 160 158 127 
4.40 -5.38 -2.24 -1.6600 1.4900 1.0900 1.8156 -0.9222 0.4356 5.81 -7.38 -2.78 135 347 156 158 126 
6.17 -7.26 -3.72 2.2500 0.0100 -2.2200 3.3022 0.3756 -0.2711 5.83 -7.86 -0.54 135 355 157 162 131 
9.75 -6.15 4.49 2.4000 1.0100 2.7000 -2.0211 1.7000 0.2333 5.68 -7.98 -0.41 139 349 163 163 133 
6.00 -9.74 -7.07 0.5600 -1.1500 -6.3200 3.5944 1.7511 -1.3700 5.87 -7.70 1.52 127 359 162 159 132 
6.07 -8.01 0.92 1.0100 -0.6400 -1.5900 -0.3433 -0.0022 0.1122 5.85 -7.73 1.44 129 353 158 157 127 
5.92 -6.43 2.49 0.1400 1.3500 0.7500 -0.6278 0.5222 -0.2533 5.89 -7.74 1.20 138 353 168 162 132 
5.33 -4.65 1.71 -0.3800 2.2000 0.8700 -2.2989 0.5733 -1.6500 7.05 -6.79 -0.45 150 346 170 169 141 
8.60 -3.84 -2.05 -0.1000 0.9900 -1.2600 -1.3878 1.7711 -2.1044 9.03 -3.80 0.03 152 344 175 168 140 
12.59 -1.83 -0.91 7.0100 1.5700 0.6700 -1.3644 0.4011 -0.4933 9.57 -1.95 -0.76 161 341 176 157 137 
8.80 -3.37 5.10 -0.9500 0.0900 4.3300 -1.7822 0.2656 1.6767 8.45 -3.35 3.66 172 339 242 250 190 
10.48 -5.04 3.00 3.3400 2.4900 0.1900 -3.9333 0.2489 3.6833 5.91 -7.80 0.57 165 348 255 279 197 
2.42 -5.09 -3.02 -1.4200 3.7000 -1.8800 -3.6378 1.2233 3.4500 0.84 -8.94 -3.92 169 341 268 271 190 
-2.58 -3.73 -8.81 -1.4400 3.6100 -2.5300 1.1978 -0.4767 -0.3900 -0.46 -8.28 -5.22 174 335 268 288 194 
1.22 -1.25 -6.05 1.4000 8.7100 -4.8800 7.5356 0.5456 -1.1367 1.38 -9.42 2.32 167 331 253 300 195 
-0.80 6.69 7.96 -0.3400 9.6700 -0.3800 9.1422 0.2456 0.5811 0.84 0.68 9.74 185 340 274 309 204 
-0.06 12.25 16.24 -0.4700 5.7300 8.2300 1.1222 -0.4889 0.8778 1.06 5.99 7.68 187 339 292 322 196 
1.42 6.35 9.87 -0.2900 1.1500 0.7600 -1.9222 -1.8111 -0.0167 3.31 4.14 8.24 188 349 292 309 195 
5.27 6.43 10.46 0.3600 3.5500 2.5200 -3.5889 2.1733 -1.5611 2.42 0.77 9.47 188 351 148 133 132 
-1.93 1.26 1.67 0.5400 3.3500 -9.1000 -4.1633 -0.6344 -2.8500 2.32 -6.37 7.07 189 360 140 146 128 
6.29 -2.63 2.89 3.6300 2.5000 -4.3900 1.9311 0.7244 -1.2511 2.26 -4.71 8.29 170 362 150 165 142 
6.04 -3.69 12.47 3.6900 -0.8300 6.7900 1.5767 -0.4789 2.2578 1.62 -2.62 9.30 171 366 163 168 142 
-1.59 -5.14 16.29 -3.7500 -1.6000 6.7000 -2.3078 -0.5989 1.8289 1.21 -4.58 8.58 169 370 158 172 141 
-1.81 -3.58 9.09 -2.9200 2.9700 1.4900 -2.3467 0.4867 0.0444 0.71 -7.33 6.46 172 370 165 170 139 
-1.09 -4.34 5.61 -1.7600 3.9000 0.5800 -1.5678 1.0778 -1.1978 1.20 -8.64 4.46 174 370 163 173 144 
1.61 -3.32 1.79 0.1700 5.6900 -2.0600 -0.6600 1.3056 -1.5622 2.58 -8.93 3.11 173 364 175 175 147 
6.05 -4.70 1.07 2.3700 3.7700 -2.4800 1.3833 1.4433 -1.1422 3.57 -7.83 4.68 175 366 171 172 146 
9.04 -4.47 4.64 5.2900 1.2100 -1.4100 3.4367 -0.3978 0.5633 3.47 -5.09 7.62 173 370 170 178 148 
4.88 -3.90 16.13 -0.6800 -1.4700 7.9200 1.5978 -1.1011 2.2856 3.74 -2.65 8.66 172 365 182 187 155 
-3.09 -3.57 10.86 -6.4600 -0.2400 2.2100 1.4267 -8.5744 2.3456 7.48 -3.47 5.29 182 187 140 162 157 
12.06 -3.95 -1.26 2.0000 2.7500 -2.2000 -2.7811 -1.2567 3.1800 7.00 -6.71 -1.41 156 180 202 205 155 
1.60 -4.72 -4.55 -4.3300 3.0900 -2.1200 0.2344 -0.1600 4.4267 1.36 -9.47 -2.11 117 186 201 199 160 
-4.99 -8.63 -1.69 -3.1400 0.8900 0.3000 0.0778 -0.8811 0.2156 -1.16 -9.54 -1.93 131 185 207 198 159 
-2.62 -9.28 -1.28 -1.6700 -0.0300 0.8400 -0.4789 -1.0478 -1.1400 -0.44 -9.54 -2.18 143 196 213 200 158 
-0.17 -7.32 -6.33 -0.9700 2.3600 -4.7500 0.1856 -6.3167 -4.3833 2.86 -8.73 -3.42 135 196 206 202 155 
6.36 -5.76 -5.70 2.9700 2.3300 -0.6600 0.8933 -2.8011 -1.7589 3.55 -7.97 -4.46 139 192 207 204 151 
4.77 -7.21 -5.27 0.8800 0.3800 0.0000 -0.1367 0.1444 0.1900 3.38 -7.77 -4.92 144 192 207 214 159 
4.69 -4.76 -1.84 1.4500 3.2300 3.3200 -1.1522 1.0056 0.1100 3.52 -7.43 -5.33 139 203 214 217 161 
7.13 -3.99 -5.41 1.1700 1.9900 -0.1200 -2.0111 5.5822 -1.4644 7.12 -5.20 -4.28 151 208 214 208 161 
9.76 -3.37 -2.31 0.5600 0.0100 -1.9400 -0.8078 4.2333 -1.6622 9.14 -2.07 2.88 5 222 233 212 176 
9.77 -1.41 3.84 0.6300 -0.6200 -0.4900 -0.3044 2.4444 -0.6556 7.54 -1.28 6.12 6 230 241 221 179 
;
