3.87 4.94 7.49 -0.2100 -0.0900 0.1400 0.0056 -0.0244 -0.0056 4.08 5.06 7.33 176 277 277 273 191 
4.10 5.10 7.42 0.0000 0.0300 0.0400 -0.0111 -0.0267 -0.0078 4.10 5.07 7.32 176 274 283 265 187 
4.11 5.07 7.39 0.0000 0.0000 0.1000 0.0156 -0.0356 0.0078 4.15 5.07 7.28 175 274 284 267 186 
4.97 8.68 11.53 1.5200 3.3600 3.8100 1.0633 -2.4622 1.1500 6.30 5.38 5.23 187 286 264 291 193 
11.28 2.31 6.61 4.0800 -1.1700 2.1100 -1.9411 -1.2389 3.5833 8.74 0.73 4.36 187 348 265 310 194 
8.93 -2.80 0.61 -0.0800 -0.7800 -3.3200 0.7744 0.4611 1.2611 8.65 -2.04 4.13 185 342 279 316 202 
6.38 -0.44 1.96 -1.5000 2.2000 -2.5100 1.1089 0.7633 0.4244 8.01 -1.86 5.33 187 369 293 314 199 
6.71 2.21 5.20 -1.2700 4.2500 0.4000 0.5889 0.4178 0.6611 7.63 -2.06 5.79 197 355 288 319 205 
7.66 3.63 8.03 1.7700 5.2300 0.3100 -3.0600 -0.9178 -0.9756 7.72 -2.90 5.29 190 289 279 299 204 
8.40 -5.23 -2.77 1.2400 0.7200 -6.1500 -1.7478 -2.1167 3.7033 6.59 -7.09 1.54 182 210 213 222 205 
1.04 -10.66 1.40 -4.6000 -2.1700 0.0600 -0.8056 1.6589 0.9822 3.75 -8.95 1.39 186 221 197 254 211 
0.70 -9.78 2.65 -3.1300 0.0500 0.7300 -0.0578 0.2978 -0.9611 4.32 -8.69 1.33 188 229 219 250 207 
1.50 -7.45 -0.41 -2.8800 0.5000 -2.5200 0.3789 1.4111 -1.1956 5.47 -7.64 2.80 109 200 216 213 184 
6.12 -5.56 0.57 1.0300 1.0900 -3.0200 1.7433 -1.9733 -2.2889 7.31 -5.66 3.24 92 150 147 134 113 
14.97 3.19 -0.33 6.2800 5.6900 -2.4400 3.7811 -1.4556 -1.3178 9.50 -0.88 2.25 99 155 156 144 125 
7.84 3.98 24.77 0.7200 2.0900 12.7900 -1.1678 -0.6556 0.3167 9.76 -0.53 0.67 105 161 147 156 116 
12.16 2.89 0.97 0.0900 2.8300 -0.5600 -2.1289 0.3344 0.1422 9.73 -0.99 0.70 109 162 154 154 121 
7.09 -3.00 -4.70 -2.9800 -2.9500 -5.3200 -0.2244 -0.4500 -0.3767 9.76 -0.82 0.20 105 157 155 155 114 
14.76 -1.89 6.37 4.8600 0.3900 1.6200 0.3211 0.2989 0.8411 9.72 -1.11 -0.56 103 162 158 155 118 
10.00 -1.31 5.10 -0.2900 0.0000 3.8900 0.3411 1.0911 1.7267 9.19 -2.69 2.08 6 219 185 178 162 
10.12 -7.49 4.07 2.0300 -5.4700 -0.0200 0.6200 -1.7244 2.6333 8.73 -3.47 2.80 152 333 110 148 121 
4.38 -5.74 -1.57 -2.7200 -0.4800 -4.6900 2.6611 0.4267 -0.3678 8.19 -3.79 3.82 126 329 129 151 126 
8.95 2.90 3.66 1.1700 6.0400 -1.0900 0.9422 0.7478 0.5589 7.62 -3.01 5.38 122 307 138 151 128 
4.28 -2.21 3.99 1.1900 1.7400 -1.1400 -1.5389 0.8067 -0.6344 6.45 -3.93 6.24 8 330 136 152 135 
5.23 -7.31 5.09 -0.4700 -3.0900 -1.4700 -0.8833 1.1589 -0.3156 5.62 -4.70 6.51 9 345 164 160 138 
4.31 -4.01 9.07 -0.8100 2.0500 2.7500 -2.3489 2.4322 -0.0578 4.05 -6.07 6.54 154 311 168 166 142 
0.39 -6.59 -1.49 -1.0600 1.7000 -6.2600 -2.7322 7.5489 -3.5978 1.43 -8.71 4.25 182 334 162 162 133 
4.99 -3.52 5.21 2.7500 3.8500 -0.3400 3.9444 1.8278 -0.7378 0.83 -5.28 8.22 181 348 168 162 136 
4.43 -2.09 16.10 3.2100 -1.0800 6.6600 1.5322 -0.9367 2.1456 0.29 -1.71 9.65 179 351 173 173 142 
0.08 -4.59 14.48 -1.4600 -2.2100 4.5600 -1.7244 -0.6867 2.0233 1.09 -3.20 9.20 175 358 178 172 143 
-3.17 -5.51 10.27 -2.7300 0.5200 2.3700 -2.4044 0.9744 0.2422 -0.29 -6.28 7.52 172 359 182 169 140 
-1.47 -3.79 6.50 -0.2500 4.2400 -0.3700 -2.1167 0.8267 -0.8744 -0.36 -8.52 4.83 168 359 181 172 138 
-0.42 -5.75 3.24 -0.6700 2.9400 -0.8000 -0.4156 1.0978 -1.1156 0.44 -9.04 3.75 171 358 185 178 146 
0.88 -5.00 2.53 -0.1400 4.1600 -1.5900 0.7500 1.6467 -1.7844 1.60 -8.64 4.34 174 360 189 174 142 
10.99 -2.85 4.24 8.6700 3.2800 -1.5300 3.0811 0.6344 -0.3978 2.50 -5.94 7.38 171 352 184 172 138 
5.26 -6.22 13.90 1.5800 -2.5600 6.0800 2.6000 -1.1689 1.8956 2.74 -2.56 9.05 173 352 190 175 148 
-2.40 -4.52 14.22 -4.2000 -1.2600 6.1900 -0.5433 -3.0689 3.1389 4.37 -2.89 8.28 176 337 220 187 177 
7.34 -5.77 12.13 1.7200 0.9500 4.5700 -3.1067 -0.6044 1.5833 4.74 -7.17 4.70 181 336 237 241 183 
6.28 -4.56 -0.10 1.1200 4.3300 -2.9900 -3.0644 0.5344 2.5456 1.64 -9.66 0.38 160 312 251 254 177 
-3.09 -5.29 -8.65 -2.8100 3.4500 -5.9700 -0.9122 -0.3833 0.6478 -0.61 -9.32 -2.98 158 312 259 259 180 
-1.02 -6.60 -8.35 0.6500 3.0000 -6.5700 4.5222 -0.6144 -1.1144 0.14 -9.78 0.69 178 314 253 279 189 
-0.47 0.74 7.74 2.7600 7.8600 0.6700 8.6878 -2.1367 1.4122 -0.24 -3.17 9.27 193 343 251 289 198 
-1.13 7.08 24.88 -0.7900 5.9500 10.7600 -4.7589 -0.1922 -1.0656 0.70 -2.19 9.53 185 349 198 303 198 
4.27 -0.92 -0.29 2.7700 6.2000 -6.9300 -7.1556 1.2800 0.5022 -0.32 -9.54 2.21 180 323 256 297 197 
-0.80 -8.25 -15.30 0.1300 2.1200 -13.1800 4.0467 -0.2544 -0.1756 -0.51 -9.74 0.96 177 302 261 304 199 
4.78 5.89 4.95 2.9900 9.6000 -3.4900 12.5778 -1.4178 0.2500 1.30 0.05 9.71 182 343 267 301 204 
4.09 5.99 18.57 1.0900 6.0400 7.8200 -6.1211 -0.1467 0.4256 2.48 -3.39 8.85 187 344 270 315 200 
1.21 -3.85 -4.09 -1.6800 4.2300 -9.9900 -6.2222 0.3089 1.7211 1.12 -9.72 0.55 10 311 266 268 192 
-2.93 -8.07 -8.71 -3.7900 1.7300 -7.3400 1.9022 -0.6356 -2.2856 2.22 -9.54 -0.18 175 236 235 234 185 
;
