9.31 2.30 2.15 0.0300 0.1400 0.0700 -0.0011 -0.0100 0.0011 9.32 2.12 2.15 179 283 279 281 199 
9.22 2.34 2.15 -0.0600 0.2500 -0.0500 -0.0211 -0.0233 -0.0078 9.32 2.13 2.14 182 282 283 288 192 
9.71 1.90 2.69 -0.2900 -0.0600 1.4500 -1.5822 -2.5344 0.7122 9.73 1.08 0.46 190 277 271 244 188 
14.65 4.07 4.26 3.6300 4.7200 3.7700 -3.1700 1.0511 2.4989 9.60 -1.92 0.32 186 277 265 251 189 
11.33 0.40 -2.55 2.3000 4.7900 -4.7800 -4.2633 3.3022 3.8867 6.83 -6.96 0.94 179 274 242 275 188 
3.57 -4.93 -4.05 -0.7900 4.0900 -3.6000 -3.1044 1.5767 2.8800 2.62 -9.26 -1.87 182 274 266 286 190 
-0.25 -6.79 -6.62 -0.9800 2.2700 -3.0400 -0.7178 0.5211 0.9000 0.82 -8.97 -3.87 181 271 270 282 192 
-0.06 -5.03 -8.74 -0.9000 6.8200 -5.9700 6.7156 0.3933 -0.3122 1.14 -9.47 2.25 177 288 264 300 199 
0.49 3.93 13.83 -1.5400 9.9000 12.3400 5.1711 -0.4689 0.5956 1.11 -1.91 9.55 181 337 291 292 204 
4.95 1.82 12.98 2.7400 7.3800 2.4900 -7.2422 -1.6556 0.5778 2.66 -7.90 5.14 176 313 252 307 208 
-0.72 -4.29 -13.48 -2.0500 5.0600 -12.0900 -4.0322 -1.5167 -0.6833 1.29 -9.03 -3.57 180 277 277 304 196 
2.09 -2.51 -9.87 0.8800 8.5800 -7.7400 8.4322 0.7322 0.5833 1.15 -8.56 4.63 188 279 272 303 203 
-0.47 11.28 17.79 -1.4200 10.6300 12.4800 3.5933 -1.1911 1.4244 1.10 0.91 9.70 193 282 292 312 206 
1.45 2.65 14.60 -0.6900 1.6200 4.2700 -1.5644 -1.6189 -0.2067 3.32 -0.01 9.22 189 278 290 309 207 
4.93 -0.34 8.98 0.8500 2.2700 -0.2800 -3.6144 -0.7600 0.3956 4.30 -4.35 7.65 192 274 283 285 202 
1.17 -8.06 2.41 -3.2100 -2.2600 -2.4600 -1.7522 -2.7900 -0.4111 5.27 -6.96 4.45 189 309 279 284 211 
6.26 -9.15 1.29 0.5700 -3.8600 -4.2800 2.9300 -3.5411 -0.7922 8.04 -4.58 3.21 186 354 278 326 208 
9.20 -0.90 -0.65 0.2300 2.6900 -3.5400 3.2100 0.2444 -0.3400 8.64 -1.99 4.17 189 363 292 333 216 
6.67 5.21 7.42 -1.7500 6.7900 2.6900 0.1456 -0.5789 0.7533 8.29 -1.49 5.00 186 349 253 321 208 
8.79 1.65 5.05 1.2700 4.1800 0.5000 -3.2889 -0.0978 0.2211 8.29 -3.60 3.79 173 277 263 290 205 
8.72 -2.97 -1.67 0.5600 1.6200 -3.6400 -2.9744 -0.3089 1.4522 7.61 -6.13 0.65 183 213 215 238 207 
2.98 -10.19 -2.62 -3.7900 -2.2300 -2.0700 -1.4022 1.1256 2.1867 4.71 -8.43 -1.69 191 220 206 240 217 
0.72 -10.07 -2.67 -3.1000 -1.3000 -0.8100 -0.0656 0.3689 -0.5256 4.69 -8.42 -1.79 193 233 214 252 212 
4.04 -7.43 -1.94 -2.2600 0.6600 -0.5100 0.1356 0.0844 -0.0844 5.01 -8.30 -1.46 192 231 213 250 211 
4.22 -5.78 -1.90 -0.1600 2.5100 -0.5700 1.9822 1.6733 -2.1022 6.60 -7.24 0.18 191 288 188 153 153 
7.29 -6.98 -2.84 -0.2200 0.1800 -4.3400 2.0622 -4.9611 -0.6133 7.85 -5.86 0.02 163 359 149 138 112 
11.28 -7.03 -2.75 4.1500 -0.1600 -1.6800 0.6378 -1.3789 0.8311 6.63 -6.84 -2.32 148 362 151 144 118 
7.53 -5.37 -1.43 0.8000 1.5300 0.4100 2.4244 0.3944 -0.0078 6.28 -7.51 -0.46 130 355 156 145 123 
7.91 -5.76 2.57 -0.6700 -0.0500 -0.1900 -1.5089 1.9222 0.3411 6.08 -7.69 -0.05 115 364 160 151 123 
6.83 -8.91 -6.79 1.1100 -1.0900 -5.2000 2.2089 2.4200 -0.4833 6.38 -7.44 0.11 126 364 164 158 128 
8.57 -6.61 1.15 0.6400 0.2200 -1.0500 -1.4344 2.2278 -0.3222 6.67 -7.12 0.86 124 358 163 155 131 
9.72 -6.08 1.71 3.6900 1.4400 0.1000 -4.3689 6.9700 1.0678 5.79 -7.79 1.34 146 195 204 197 166 
7.10 -10.26 -3.72 4.0900 0.8800 -2.4400 -1.7933 0.1189 2.5533 2.52 -9.32 -1.68 124 191 210 191 157 
-4.38 -7.78 -3.07 -3.2200 1.5100 -0.4200 0.2422 -0.3433 1.2033 -1.61 -9.43 -2.11 123 204 207 193 149 
-3.14 -8.86 -0.74 -1.3000 0.4400 0.9100 -0.5433 -1.4644 -1.2589 -1.16 -9.47 -2.23 132 201 203 189 146 
-4.51 -8.22 -3.88 -5.1700 1.8800 -2.1900 -0.5956 -3.4767 -4.8300 2.58 -8.80 -3.46 124 191 193 201 150 
7.88 -3.35 -10.11 4.6500 3.3900 -3.2200 1.4767 -3.7944 -3.4478 4.78 -6.33 -5.76 128 192 202 200 151 
5.68 -5.45 -5.95 -0.1800 1.1800 0.1600 1.1622 -1.7333 -1.4689 4.66 -6.20 -5.99 134 195 201 207 154 
7.34 -4.84 -5.24 3.7000 0.7300 2.1600 0.3878 -1.0256 -0.7978 4.55 -5.95 -6.32 136 198 205 205 158 
5.40 -5.90 -5.75 0.2200 0.4900 0.5400 -0.6767 1.6911 0.6522 4.82 -5.96 -6.10 143 211 222 214 159 
3.95 -3.18 -3.26 -1.3800 2.4900 1.4100 -0.9567 2.9744 -0.4400 6.84 -5.39 -4.49 150 239 218 220 168 
8.21 -2.70 -4.64 -0.3300 -0.2200 -2.7600 -1.7911 2.2100 -1.6933 9.14 -3.16 -1.58 153 274 178 159 144 
14.51 -3.47 -3.70 5.1300 -1.7300 -1.5200 -0.8422 -0.1356 1.1822 9.07 -2.94 -2.28 158 292 166 155 141 
10.08 -3.42 -2.13 2.5700 2.0100 -0.1300 -1.5778 3.6067 1.4533 8.36 -5.11 0.06 162 300 225 218 176 
4.98 -6.41 1.21 -1.0400 0.7300 -1.1800 -1.5422 -0.1511 2.8478 4.56 -8.54 1.51 158 309 171 158 138 
-2.22 -6.93 -6.66 -5.8900 2.9100 -5.1600 -0.4744 4.5689 -1.2344 3.38 -9.09 1.42 124 349 141 148 123 
-4.48 -3.74 0.67 1.4800 5.9600 -4.6100 3.9667 -4.9556 -3.2978 7.80 -4.41 3.97 106 340 153 145 123 
18.20 6.26 -4.77 9.7100 6.5100 -6.3200 8.1211 -0.5533 -0.9489 9.42 1.76 2.05 122 339 170 149 127 
10.72 5.11 7.09 0.3800 4.6800 2.9200 1.2233 3.3811 4.2100 7.96 -1.82 5.42 133 329 161 150 128 
-0.42 -1.63 8.95 -7.0500 1.7800 1.3900 -2.7311 -0.0722 1.7367 5.62 -5.55 5.80 134 336 166 156 132 
0.93 -2.38 0.93 -3.8700 5.1500 -2.1100 -2.2844 -0.6933 -2.3278 7.11 -6.49 1.85 134 351 178 161 131 
6.97 -0.73 -4.94 -1.1400 2.9900 -5.5100 -0.6322 -1.3122 -3.4567 9.56 -1.98 -0.85 130 361 175 161 133 
14.29 1.84 -6.00 5.5800 0.7000 -4.0800 1.4400 -0.7756 -1.2622 9.48 0.94 -2.32 134 325 182 167 136 
15.73 1.71 -1.23 4.8000 1.6100 2.9900 1.3911 0.9778 1.5444 9.61 -0.54 -1.83 147 323 178 170 159 
7.20 -2.16 0.23 -3.7700 -0.8400 -0.0500 -1.0978 -0.7956 4.1889 8.50 -4.85 -0.41 192 263 265 241 192 
0.81 -5.34 0.97 -5.1500 2.6200 3.7500 -2.3967 -1.4256 1.7844 5.29 -7.39 -3.65 200 251 274 269 207 
-3.10 1.62 -3.21 -5.3100 8.2100 2.7900 -6.2078 -2.1111 -1.3811 3.09 -2.02 -9.08 200 215 263 266 206 
8.36 2.44 -17.26 5.8000 -0.6600 -7.7700 -0.7356 -0.1622 -0.4356 2.75 2.66 -9.02 203 235 266 263 208 
3.85 2.47 -8.62 0.7400 0.0400 0.5300 0.5078 0.5578 -0.0600 3.33 1.89 -9.02 202 251 263 278 208 
3.08 2.23 -8.92 -0.4300 0.5800 -0.1400 0.3867 0.2700 -0.2633 3.76 1.45 -8.93 199 234 264 268 209 
6.69 1.05 -10.11 3.0600 -0.1000 -1.8200 0.4200 2.5378 0.3989 6.43 0.80 -7.35 189 292 242 232 198 
11.02 0.12 -5.86 1.8800 1.0100 -0.7000 0.6656 2.6422 2.8200 8.85 -2.36 -3.48 177 318 262 243 195 
8.36 -1.78 -4.50 -0.4000 3.0100 -2.7700 -0.3900 1.4756 3.7211 7.13 -6.55 -1.54 176 261 221 221 189 
2.87 -5.50 -4.80 -1.0700 3.9900 -2.8900 -0.8567 1.6867 4.5800 1.52 -9.47 -1.99 143 192 198 186 166 
-7.72 -7.44 -1.19 -6.9400 1.4300 0.7100 -0.2233 0.0078 1.2489 -2.43 -9.25 -2.14 139 200 211 155 174 
-5.03 -6.74 -2.01 -2.7500 3.7500 -1.6500 -0.9178 -4.4067 -5.1100 1.40 -9.38 -2.47 142 194 205 148 168 
5.38 -2.27 -12.94 3.6300 6.1300 -7.7600 0.9333 -7.6278 -5.6267 4.15 -6.46 -6.08 145 195 210 180 166 
10.05 -5.17 -2.49 6.1800 1.2200 3.8600 0.0733 0.2756 0.0822 4.19 -6.61 -5.90 153 205 219 199 176 
4.34 -4.98 -3.78 -0.0300 2.7500 3.7400 0.1956 2.2789 -0.2922 5.33 -6.44 -5.11 168 225 240 229 183 
8.51 -7.13 -6.81 0.2900 -2.1400 -3.9300 2.8011 6.1389 -3.2589 8.91 -3.89 1.24 200 218 208 172 173 
10.53 -3.78 5.71 0.3800 -0.0800 2.0200 -0.4267 1.3756 2.1811 8.02 -4.24 3.70 203 172 167 144 134 
-3.61 -3.91 2.89 -11.5500 2.2800 -0.8000 -1.7344 -1.4011 -0.7633 7.94 -5.34 2.10 202 169 156 139 120 
6.76 6.82 -5.07 2.5300 8.3400 -8.0900 -1.5244 -1.2367 -5.6611 9.71 0.87 -1.00 202 158 156 145 117 
15.14 3.24 2.57 3.8300 0.2100 3.4200 -0.2011 0.1722 -0.3522 9.28 3.01 -0.88 204 170 159 147 120 
9.44 3.19 -1.44 -0.1300 0.1800 -0.9900 -0.1578 -0.0056 0.2789 9.37 2.76 -0.79 199 177 168 149 132 
9.08 4.41 -0.84 -0.7800 1.3800 -1.0100 -0.8244 1.1300 0.2133 9.49 2.42 0.33 181 230 198 175 154 
9.91 2.21 1.39 -0.1700 -0.7600 0.1500 0.5911 2.9267 -0.2189 8.85 2.97 2.97 187 259 232 213 167 
;
