5.23 2.27 8.89 0.8100 -0.3700 1.3300 -0.1344 -0.3167 -0.1478 6.38 2.49 7.01 163 259 271 242 181 
5.66 2.70 6.97 -0.3100 0.1300 -0.0500 0.0133 -0.0267 -0.0133 6.34 2.48 7.04 158 259 277 245 188 
6.37 2.74 7.20 0.1200 0.2300 0.2400 0.0344 -0.1133 0.0122 6.45 2.49 6.95 167 259 277 250 193 
6.45 2.78 8.06 0.0500 0.4100 1.2800 0.0022 0.0878 0.0900 6.47 2.43 6.94 175 239 280 244 190 
8.84 2.10 10.74 4.0400 -0.3200 2.9500 -2.1856 -0.2344 0.3122 6.92 0.73 6.90 197 184 133 152 160 
6.47 -1.54 4.03 -3.4300 0.8300 -3.0400 -1.5878 -2.6533 2.2544 8.03 -2.90 4.81 199 161 138 142 137 
-2.06 -3.30 -0.12 -10.9700 0.1900 -2.2700 -0.1400 -2.6856 -2.2878 9.49 -2.33 0.69 197 154 124 142 127 
22.37 7.65 -3.91 12.4700 4.8800 -1.5900 0.6100 -0.4633 -1.3989 9.52 2.13 -0.89 196 167 151 154 135 
11.91 3.77 -0.33 1.4000 1.1500 0.8100 0.2344 0.6422 0.1933 9.52 2.14 -0.87 201 232 203 185 168 
16.83 0.38 2.87 7.1000 -1.4900 1.2500 2.9067 2.5733 -0.0189 9.62 1.82 0.33 199 352 293 294 203 
11.70 -0.67 -2.34 0.7000 -1.5500 -3.9100 0.7100 1.4789 1.7278 9.62 -0.06 1.89 201 366 300 317 209 
6.06 1.14 0.70 -3.6600 2.6500 -2.6000 1.4867 1.4233 0.9544 8.66 -0.90 4.49 199 364 297 325 202 
4.85 3.31 5.20 -3.0000 4.3900 0.4300 -0.0267 -0.0367 0.2367 8.25 -1.05 5.18 203 359 269 307 204 
9.99 2.92 4.79 1.4000 4.2100 0.2100 -2.8622 -0.5100 -0.7133 8.79 -1.71 3.99 201 288 281 241 205 
11.38 -0.52 2.36 1.8600 2.6100 -1.4800 -2.1778 0.0867 1.7478 8.54 -3.94 2.74 201 254 267 232 207 
5.82 -5.98 -0.28 -1.7800 -0.2000 -0.8600 -1.4944 0.8733 3.2844 5.79 -7.79 1.37 200 214 198 250 210 
-0.12 -11.66 0.21 -3.5800 -2.6000 -0.7200 -0.4778 0.2356 -0.1778 4.48 -8.70 0.59 203 237 202 257 201 
3.70 -7.39 0.29 -0.9500 1.5400 -0.1900 -0.2189 -0.5822 -0.6811 5.31 -8.24 0.03 200 244 219 243 200 
1.70 -5.56 -2.88 -4.6800 1.7500 -3.2100 2.4444 -0.4556 -2.8533 7.53 -6.20 0.94 198 243 233 211 198 
18.03 0.30 2.83 9.3800 2.6300 1.1100 6.6989 3.5300 -3.3511 8.00 1.81 5.36 202 282 240 287 209 
4.38 2.38 6.86 -5.5500 2.3300 2.5800 -3.5989 -5.3967 7.6589 8.79 -4.29 0.69 206 260 266 277 205 
2.11 0.81 -4.16 -5.7000 5.1300 0.4200 -5.3522 -1.5922 1.3111 2.94 -4.79 -8.03 202 219 232 242 210 
3.20 -0.44 -17.41 2.6400 -0.0900 -8.0100 -1.2522 0.3867 -0.3100 2.82 0.01 -9.39 203 227 231 249 205 
3.38 -0.43 -9.54 -0.7700 0.1600 0.8600 0.5511 0.8889 -0.0600 3.93 -0.49 -8.96 204 237 245 260 209 
5.40 0.32 -10.63 2.0300 1.0100 -2.7300 1.4878 3.2144 -0.4900 7.13 -1.13 -6.63 205 285 182 167 161 
7.85 -2.84 -3.38 -1.9800 -0.2600 -0.5700 2.6122 2.2122 0.1089 9.51 -2.37 0.07 202 347 157 130 125 
8.59 -2.19 -0.77 1.0200 1.0600 -2.7100 -2.8078 4.3689 0.9400 8.22 -3.68 3.86 201 337 153 135 119 
0.33 -5.31 2.25 -8.1300 0.5400 -2.8400 -1.9244 -1.5167 1.9067 3.72 -7.91 4.43 200 347 144 155 119 
-0.65 -6.69 -0.13 0.7600 2.9300 -4.8300 0.7889 2.3689 -1.7156 1.34 -7.65 5.98 203 339 152 156 125 
7.01 -3.28 9.03 7.9500 1.9800 3.2200 2.3067 -0.6778 1.0933 0.93 -5.03 8.36 198 307 152 155 123 
-0.64 -8.80 16.85 -1.5100 -4.0300 7.4100 -1.4733 -0.8833 1.8456 0.73 -5.65 7.97 172 357 136 152 129 
-3.47 -5.69 9.08 -3.0100 2.0200 1.6400 -2.4378 1.2600 0.2067 -0.80 -8.10 5.46 171 354 157 156 130 
-2.21 -4.72 4.87 -1.5600 4.2500 0.4000 -1.0722 1.2289 -1.3278 -0.36 -9.22 3.31 170 359 158 157 130 
1.62 -4.63 2.02 1.3000 4.9600 -0.6600 0.0022 1.7289 -1.3089 0.91 -9.34 2.81 166 363 149 159 129 
5.12 -4.05 1.71 3.6900 5.1100 -1.9100 1.6944 1.4400 -1.1000 1.75 -8.40 4.74 165 358 152 157 130 
9.46 -5.51 7.76 7.6800 0.8800 1.9000 3.3100 -0.8811 0.5633 1.89 -5.52 7.87 168 332 161 162 129 
4.67 -3.37 14.73 0.4300 -0.1500 5.6800 1.2367 -1.2900 2.5956 2.43 -3.17 8.95 167 363 164 170 136 
-1.28 -1.52 14.79 -4.0200 1.9600 5.3700 1.1689 -4.2056 1.7956 4.98 -2.73 7.99 190 296 198 187 158 
2.00 0.93 1.21 -6.0900 4.7000 -2.9900 -0.7933 -9.8911 1.3422 8.82 -4.17 -0.96 189 213 238 239 184 
-2.23 -1.40 -8.75 -9.7400 1.7700 -3.7100 -3.6278 -1.7311 0.5811 5.21 -2.59 -7.88 192 230 237 245 192 
5.25 -2.06 -12.01 -0.0700 -1.5000 -4.0300 -1.6111 -0.0411 -0.5822 4.98 0.66 -8.41 193 253 249 261 196 
7.30 0.52 -12.01 2.4300 -0.5700 -3.7800 0.9089 0.4322 0.0944 5.36 0.58 -8.18 197 256 255 265 195 
10.27 -1.45 -18.65 3.3200 1.8100 -10.7100 5.0378 3.1167 1.6744 6.54 -4.19 -5.98 202 323 257 271 203 
4.35 -1.21 -4.03 -2.1100 6.8800 -4.4800 3.7100 1.7933 2.9300 4.88 -8.12 2.51 205 365 290 243 208 
-1.08 -1.52 3.33 -3.8200 6.2400 -0.5300 0.3267 0.4556 -0.1089 3.17 -8.19 4.34 208 370 292 301 207 
2.83 -7.13 2.44 -0.5400 0.2900 -1.8800 -0.4233 -0.1100 -0.8044 4.21 -7.86 4.06 205 372 299 314 207 
5.30 -9.24 1.20 -1.2700 -3.7700 -2.8000 -0.9567 -2.9133 -1.8889 6.73 -6.93 1.65 132 305 136 143 119 
10.06 -6.34 -2.61 2.5500 -1.2300 -4.8200 3.6700 0.2800 -1.3144 8.31 -3.92 3.40 114 335 150 135 122 
7.57 0.26 4.65 -0.5000 2.5700 0.0300 1.9589 0.1033 -0.0978 8.33 -1.65 4.89 124 336 144 136 121 
8.47 -0.64 4.80 0.8200 0.3100 -0.6500 -0.4056 0.5422 0.1356 7.98 -1.52 5.49 109 316 145 144 127 
8.34 -1.39 4.82 1.4100 0.5900 -1.8200 -1.3733 0.8533 0.0200 7.09 -2.51 6.29 118 327 156 154 127 
6.48 -5.80 3.35 0.0300 -2.9900 -3.5000 -0.3644 1.0678 0.4922 6.10 -3.70 6.72 117 337 154 152 136 
3.84 -5.76 7.29 -1.1600 -1.8000 0.0400 -0.0856 0.2767 -0.3522 5.51 -3.52 7.29 124 336 161 158 131 
5.44 -2.98 6.65 -0.5000 1.1900 -0.5400 -1.0833 -0.0211 0.2767 5.48 -4.39 6.84 132 325 156 156 133 
0.52 -4.24 2.65 -6.0200 0.5400 -3.7800 -3.0011 -1.4033 -1.4511 6.90 -5.82 3.82 139 272 159 170 147 
;
