6.53 2.89 6.79 0.1100 0.0000 0.0300 0.0022 -0.0100 -0.0167 6.44 2.88 6.80 183 234 269 260 194 
6.45 2.93 6.72 0.0200 0.0000 0.0000 0.0211 -0.0144 -0.0289 6.44 2.92 6.78 189 224 267 263 194 
6.18 2.96 6.66 -0.2100 -0.0300 0.0200 0.0967 -0.1344 -0.1756 6.46 3.08 6.70 185 228 270 262 195 
4.04 4.26 9.01 -2.4900 1.5900 2.8800 -0.6600 -2.3678 -0.0556 7.46 3.16 5.52 10 226 266 247 194 
15.02 1.67 3.55 4.8600 -0.3500 -0.1900 -5.2633 0.5000 1.1689 9.06 -0.77 3.66 111 184 216 162 189 
9.04 -1.76 -3.06 -1.1100 1.7300 -4.3600 1.2178 -2.3278 0.1900 9.42 -2.66 0.46 107 151 161 135 104 
3.57 -1.44 2.60 -5.2800 0.8500 1.0700 1.5100 -0.1489 -0.7967 9.54 -1.77 1.38 98 156 154 129 109 
8.91 1.85 -3.42 -1.5800 2.9800 -3.5500 3.9189 -1.7578 -0.3156 9.75 -1.01 -0.08 107 151 158 128 103 
9.47 -1.37 -0.81 -0.6500 -0.4900 -0.8300 -0.4700 0.3689 0.4300 9.67 -1.59 -0.25 111 161 171 136 113 
10.76 0.27 1.80 1.1900 2.2300 2.2600 -0.6289 0.3222 0.1422 9.64 -1.76 -0.17 110 169 172 136 116 
12.08 3.03 -1.87 3.2500 4.8200 -5.0600 -1.4289 1.9156 0.4100 9.51 -2.16 0.94 111 164 167 129 115 
-12.95 8.66 39.78 -1.4100 14.0600 21.8700 -3.6300 -0.6500 0.2656 9.56 -1.28 1.75 118 154 157 152 117 
7.24 -3.02 0.71 -2.0000 -1.0800 -0.8200 0.1389 -0.1089 0.1478 9.47 -1.61 1.96 124 161 164 151 115 
10.54 -0.73 2.67 1.4600 0.7200 0.9400 0.2500 0.6056 0.0622 9.42 -1.63 2.17 119 168 169 156 123 
10.35 -0.28 5.29 1.9900 1.4400 1.5500 1.1100 2.3589 0.1867 8.29 -1.53 4.99 151 258 239 194 173 
3.76 -2.97 6.63 -3.3500 -1.0900 -0.3000 -3.4344 -0.5456 2.3633 6.81 -3.84 5.91 196 207 184 141 151 
3.00 -4.76 1.95 -1.9300 0.1400 -3.6500 0.5911 1.3889 -0.4767 6.06 -5.05 5.81 193 164 128 139 127 
1.09 -4.35 2.24 -8.4600 -0.1000 -5.1000 -0.0289 -4.1556 -0.0611 7.91 -4.53 3.59 199 152 144 134 115 
22.26 8.72 1.41 16.1900 8.9200 1.4600 1.4589 -1.1344 -2.7800 9.54 1.41 1.73 201 159 153 138 116 
10.08 0.63 1.42 -0.5200 -0.1600 0.5000 -0.1089 -0.1989 0.5044 9.79 0.48 0.25 198 163 156 134 118 
9.10 0.52 0.08 -0.3400 0.1200 -0.6200 -0.2000 0.0111 -0.0778 9.77 0.51 0.52 198 165 158 141 125 
9.70 0.67 0.16 0.1400 0.3500 -0.0600 -0.4456 0.0167 0.0856 9.78 0.45 0.52 200 176 155 156 132 
11.06 1.63 1.86 1.6700 1.4800 1.3800 -0.4444 1.6211 -0.2067 9.65 0.45 1.67 197 223 190 169 148 
6.69 -0.27 5.01 -1.5000 0.0800 1.6000 -0.0656 -3.1578 1.9033 9.37 -0.60 2.79 188 289 174 163 137 
11.50 -0.88 1.53 0.4200 0.6500 -1.4700 -1.6256 2.8922 0.8400 8.58 -2.90 3.73 172 303 153 148 129 
3.53 -3.17 4.82 -3.0300 1.4700 0.8400 -2.0789 1.1578 0.0867 7.30 -4.41 4.81 168 310 108 140 111 
1.99 -4.30 2.53 -3.3500 0.7900 -4.7900 -1.8033 4.1533 -1.8678 1.68 -5.38 8.01 201 338 145 139 120 
9.57 -4.26 5.96 5.7400 0.5300 -1.7700 1.3244 0.9778 0.7300 1.64 -4.72 8.43 189 360 131 151 123 
1.23 -9.02 15.78 -0.5400 -3.8000 7.9600 -0.8022 -0.8856 1.6678 1.51 -5.09 8.24 178 356 135 152 122 
-2.39 -5.45 10.54 -2.6100 1.6100 3.2400 -2.6033 0.7900 0.7967 0.30 -7.52 6.28 171 338 153 166 130 
-3.10 -5.32 5.76 -2.5000 3.5600 0.7700 -1.7033 2.0356 -1.1022 -0.40 -9.11 3.60 171 342 159 158 126 
0.81 -4.14 2.27 0.6800 5.2200 -0.4100 -0.1078 1.8756 -1.0378 0.44 -9.39 2.79 172 339 162 154 126 
3.55 -5.77 1.92 2.7400 3.0000 -1.4100 1.1922 1.3044 -0.8789 1.02 -8.92 3.92 172 337 166 155 127 
6.48 -6.12 1.52 4.9700 2.0300 -3.9900 2.9578 -0.7533 -0.1478 1.70 -7.02 6.62 171 346 170 156 130 
8.50 -4.27 15.07 6.1600 -0.1000 5.9000 2.4078 -1.6656 2.4133 2.72 -3.31 8.81 169 350 178 165 128 
-0.37 -3.53 11.97 -4.3900 0.7000 5.1300 0.0689 -1.5233 1.8533 3.72 -3.71 8.27 173 343 174 167 137 
1.68 -2.44 8.33 -1.7300 1.0800 1.7000 0.8189 -1.5978 1.8633 4.32 -3.94 7.86 179 237 198 171 150 
8.93 -5.59 7.39 1.7900 -2.8300 -1.6900 -0.3700 -3.6100 2.1678 7.20 -4.46 4.93 200 144 151 135 122 
-5.00 -4.28 -1.54 -13.3900 0.7700 -5.6400 0.7978 -1.8511 -2.3044 8.61 -3.23 3.39 199 155 153 142 121 
25.74 8.54 0.30 19.6600 7.7400 0.2700 1.0444 -1.0067 -1.7267 9.62 1.69 0.85 204 157 161 154 118 
8.85 2.06 1.57 -1.3900 0.8300 0.1900 -0.1600 -0.0078 0.4278 9.74 0.89 0.65 199 160 150 147 121 
9.19 1.47 -0.11 0.1700 0.5000 -1.4800 -0.1622 0.2356 -0.2344 9.68 1.12 1.06 202 163 145 161 127 
;
