0.23 3.36 9.12 -0.2100 -0.0300 -0.0100 0.1144 -0.0844 -0.0811 0.59 3.54 9.12 8 266 310 326 205 
1.15 3.45 9.10 0.4500 -0.1100 0.0400 -0.0411 0.0656 -0.0033 0.66 3.52 9.12 8 268 307 330 203 
0.62 5.12 12.78 0.3800 4.3300 10.1900 -0.7000 -3.4056 2.9833 2.97 2.91 8.87 9 275 208 161 210 
7.33 -0.98 6.63 -3.0900 -1.2500 -0.5000 -2.4456 0.1856 2.7000 7.42 -2.41 5.93 174 291 158 144 147 
5.29 -0.85 0.14 -2.7900 1.2000 -5.7400 2.3989 1.4744 -2.2867 7.40 -0.30 6.41 182 303 158 152 144 
12.30 6.70 3.66 4.9700 4.2800 -2.2800 4.5200 -0.3133 -0.2522 7.60 3.77 4.91 170 307 162 149 147 
12.13 10.56 10.58 1.7000 5.1800 5.0400 0.5000 1.5311 4.6789 8.40 2.24 4.52 146 299 141 145 139 
0.82 -0.66 6.81 -5.9400 -0.0700 0.0700 -2.0378 1.5144 2.3233 6.27 -2.27 7.18 152 301 162 153 145 
-0.67 -2.86 4.59 -6.6000 3.2100 -1.0000 -3.4400 -2.1233 0.7733 6.30 -6.67 3.45 148 322 159 154 142 
4.53 0.23 -5.37 -2.1300 6.1700 -5.3700 -1.7222 -0.8144 -4.4722 9.16 -3.34 -1.02 148 317 162 159 145 
16.76 2.99 -7.10 9.3100 3.0800 -5.8200 2.7144 1.1178 -2.4944 9.66 1.52 -0.57 149 291 173 163 154 
13.48 4.89 5.70 2.0600 4.0400 6.4500 1.1078 0.5522 2.2589 9.80 0.06 0.12 159 282 186 178 167 
10.74 2.23 2.58 2.9200 4.7700 1.5600 -4.3178 3.7800 1.5367 9.17 -2.89 1.88 167 288 241 191 179 
5.89 -3.98 -0.93 0.2600 3.1900 -1.8700 -5.1944 2.5533 4.4078 4.46 -8.63 1.29 169 316 238 249 187 
-0.56 -6.61 -4.96 -2.5500 2.3400 -4.7000 -2.0500 1.7856 2.3722 0.13 -9.54 -2.22 166 314 252 248 188 
-3.13 -8.67 -6.24 -2.7600 1.5500 -4.0900 2.4944 -0.6178 -1.3833 0.33 -9.76 -0.86 164 310 266 263 190 
4.29 -3.22 -3.01 3.7700 7.4300 -5.8700 7.0111 1.3656 -1.5333 2.70 -6.88 6.43 180 322 265 289 192 
-4.56 11.49 9.78 -3.9500 10.7800 1.6300 6.0989 -0.7144 2.0511 -0.04 3.91 8.99 182 311 288 293 194 
0.91 11.32 15.81 -0.6200 4.2200 8.2500 -0.1989 -0.9022 0.0622 1.79 6.34 7.26 183 316 307 299 188 
3.48 7.16 12.10 0.1700 2.5800 4.1500 -3.3644 -4.1244 0.7644 5.82 3.31 7.15 185 327 263 303 201 
10.95 -2.72 2.85 1.6700 -4.0000 -2.1100 -0.5122 -1.9356 3.5833 9.49 -1.09 2.17 184 342 285 326 205 
5.96 -1.61 -2.82 -3.5100 2.1500 -4.2000 2.6000 -0.3589 0.3889 9.23 -2.36 2.30 186 358 278 320 203 
8.57 3.44 4.34 -0.5000 5.6800 1.9500 0.0178 -0.3678 0.7500 9.14 -2.52 2.47 188 365 284 271 205 
10.88 1.37 0.87 2.2400 5.3000 -0.9800 -3.6267 0.3400 0.6800 8.80 -4.20 1.02 183 307 288 282 207 
8.94 -4.58 -5.10 0.2200 2.0200 -6.1200 -2.4267 2.1967 3.6611 6.62 -7.19 -0.69 185 192 192 170 210 
-3.45 -10.45 0.22 -8.4900 -1.8100 0.5100 -0.2244 1.4789 1.9578 2.82 -9.37 0.60 191 204 205 204 209 
2.24 -9.47 1.49 0.6300 0.3000 0.8300 -1.3589 0.6067 -1.2389 3.95 -8.96 -0.24 177 210 209 224 206 
8.83 -6.32 -4.69 3.5900 2.0000 -4.9700 -2.6378 10.4233 2.2200 2.74 -9.41 0.19 128 228 231 247 204 
-2.46 -10.61 -2.08 -3.4600 -0.6400 -3.3400 -1.9500 1.0856 0.9867 -0.12 -9.67 -1.59 4 276 264 275 203 
-0.61 -8.46 -5.08 -1.0200 1.2600 -3.4900 1.5211 -0.2633 -0.7111 0.57 -9.71 -1.20 160 276 259 261 202 
-4.48 -4.12 2.74 -4.5500 4.3400 3.1500 5.2933 1.3322 -1.3300 1.41 -7.80 5.75 170 285 275 277 207 
4.29 -3.96 3.14 1.9900 5.8100 -0.6400 -5.2478 -0.3378 0.6678 2.08 -9.57 -0.37 156 277 266 280 203 
-2.43 -7.23 -15.49 -3.6000 2.7500 -11.0400 4.0511 0.9611 -0.3778 1.76 -9.62 0.64 160 278 282 296 210 
6.34 -6.78 21.25 3.0000 -0.8700 10.5400 -2.5544 -1.7756 0.5167 2.22 -9.30 2.16 164 284 282 296 208 
0.85 -9.01 -1.94 -0.6400 0.7200 -1.5700 -0.4778 -0.0278 0.5889 1.37 -9.70 -0.04 166 281 280 298 210 
;
