5.57 2.90 7.34 -0.1400 0.0300 -0.0300 0.0222 -0.0033 -0.0300 5.73 2.90 7.40 159 262 288 293 184 
5.40 3.06 7.99 -1.0700 -0.0200 1.1600 -0.5278 -0.3256 0.2422 5.94 2.60 7.34 157 258 265 269 186 
10.90 3.82 12.67 5.1800 3.9000 7.9700 -4.1756 -3.2200 1.0678 8.80 0.00 4.31 124 212 233 215 177 
11.70 -0.28 1.52 3.2300 3.3300 -1.7100 -3.7944 -1.3700 3.6744 7.95 -5.73 0.32 105 187 166 165 147 
3.85 -3.47 -4.05 -1.8000 4.6300 -2.4300 -0.4600 0.7778 4.2322 3.15 -9.22 -1.07 7 195 190 184 156 
-2.81 -7.81 -0.78 -2.8500 1.8700 0.0300 0.5433 -0.4278 1.5000 -0.49 -9.78 -0.48 122 208 199 185 159 
-1.42 -8.89 0.89 -0.0800 0.4500 1.2700 -0.3000 -0.1378 0.3789 -1.44 -9.69 -0.37 128 214 209 195 160 
-3.45 -9.10 -0.31 -2.4300 0.4100 0.1200 -0.4944 -1.0022 -0.7567 -1.32 -9.66 -0.98 130 208 211 194 161 
-4.62 -6.67 -5.70 -3.2000 3.9400 -4.6300 -0.7111 -7.4889 -4.8978 2.71 -8.92 -3.02 128 197 201 193 149 
7.31 -4.64 -10.30 2.2200 2.6100 -3.3900 1.1544 -3.1333 -2.3644 3.17 -7.44 -5.54 128 198 204 199 154 
8.60 -7.01 -3.33 5.2200 0.1600 1.7500 -0.4167 1.1533 0.2456 3.72 -7.38 -5.26 133 201 212 200 157 
3.25 -6.16 -3.61 -1.1100 1.3300 2.1800 -0.0344 1.1389 -0.0433 4.54 -7.37 -4.59 142 209 225 211 167 
2.40 -2.01 -1.34 -2.1600 4.7900 2.2900 -0.9056 0.4544 -1.7589 6.25 -5.98 -4.61 179 230 242 247 196 
18.74 -13.10 -15.21 13.3700 -7.5000 -8.0200 2.0544 -0.7722 2.0144 6.37 -6.02 -4.38 200 258 269 291 204 
-0.80 -2.48 2.90 -5.2800 5.9800 7.2900 -2.5067 -0.6667 3.5744 1.61 -8.05 -5.35 202 245 265 284 205 
-1.50 3.58 -3.97 -2.6400 8.5700 3.7200 -6.8511 0.3789 -0.6667 1.02 -1.64 -9.61 200 230 232 261 212 
5.92 0.74 -21.76 3.9600 -2.2000 -8.2900 0.7200 0.6267 -0.3644 1.87 1.91 -9.43 192 250 241 261 207 
1.90 2.07 -7.37 -1.0000 1.1400 1.8100 0.3467 0.5944 -0.1311 2.92 1.00 -9.30 202 251 243 274 205 
6.05 0.74 -12.72 3.1300 -0.9200 -5.1800 1.3311 1.1989 -0.4644 4.35 0.59 -8.76 197 290 275 291 211 
8.93 -3.68 -8.59 0.4900 -1.3800 -2.3000 3.7533 4.7722 -0.6367 8.71 -2.59 -3.67 176 343 304 323 213 
5.77 -3.87 -3.97 -3.6100 -0.9000 -4.6600 3.0144 2.0867 -0.3522 9.28 -1.86 2.53 192 337 303 323 208 
6.06 2.42 2.04 -2.6800 4.0800 -1.9000 1.9589 1.0144 0.6778 8.42 -0.99 4.92 176 346 329 328 211 
5.50 3.31 7.12 -2.5300 4.6000 1.5800 -0.8311 -0.9067 0.5133 8.45 -1.67 4.67 197 357 282 318 210 
9.43 0.93 3.63 -0.1700 3.0500 0.2100 -2.9422 -0.6833 0.0878 8.94 -3.21 2.41 197 302 263 284 220 
12.05 0.12 -2.66 3.0800 2.9900 -4.1600 -2.9633 -0.1433 2.1744 8.19 -5.38 -0.11 197 234 240 275 210 
3.19 -8.52 -3.79 -2.8200 -1.4800 -2.2600 -1.4456 1.7078 2.3556 5.08 -8.21 -1.69 196 232 215 245 210 
1.43 -10.30 -1.82 -2.7300 -1.5500 0.2200 0.1878 -0.0233 -0.7233 5.07 -8.24 -1.56 198 246 213 261 207 
2.63 -6.26 -0.58 -2.2300 1.9200 1.1700 -0.6622 0.5367 -0.4522 5.49 -7.95 -1.64 190 258 231 240 205 
16.17 -7.93 3.72 9.5900 1.0700 3.7100 -0.1556 4.3989 2.1656 5.02 -8.41 0.26 186 315 264 290 205 
2.58 -5.79 -2.59 0.0300 3.6400 -2.2900 -4.3778 1.9633 4.3922 0.01 -9.04 -3.78 183 285 269 278 194 
-5.56 -5.79 -11.66 -4.3600 2.6600 -5.2800 2.8400 0.6611 -0.0522 -1.40 -8.55 -4.58 184 278 273 284 194 
0.00 -1.72 -5.15 -0.0700 9.2500 -3.2900 7.0800 -0.3000 -2.4844 1.29 -9.05 3.53 188 278 276 297 207 
6.15 0.46 29.26 3.2800 3.3900 23.2800 0.5511 0.1144 -0.0756 2.74 -4.00 8.52 192 316 298 304 207 
5.11 1.34 5.15 2.3700 9.2100 -2.3200 -7.5700 -0.9222 1.7678 2.41 -9.37 1.55 177 301 265 310 204 
-1.99 -4.47 -15.32 -2.4600 3.6700 -11.8400 0.7944 0.1800 0.3311 0.38 -9.13 -3.55 183 287 268 302 201 
0.25 -4.42 -6.39 -0.2700 5.4700 -5.8400 6.4267 -1.9922 -2.2489 2.40 -9.14 2.61 182 307 292 309 208 
9.12 1.67 9.71 3.0600 6.7400 5.1500 5.3844 -1.1744 -0.7344 4.82 -2.53 8.15 182 321 298 307 201 
6.42 2.62 13.59 1.1000 1.8100 5.5900 1.8167 -0.9111 -0.4300 5.60 1.54 7.89 192 294 281 282 203 
6.19 2.54 12.03 -0.3000 0.8700 -0.5100 -2.5744 -2.6456 3.4078 6.28 -0.14 7.52 199 164 143 141 132 
-4.33 -4.57 1.27 -12.0400 -0.7000 -2.9800 -1.4822 -2.3522 -0.2656 8.47 -3.70 3.25 204 157 134 146 117 
12.66 5.96 -2.59 4.5400 6.3500 -2.9800 -0.1089 -1.6089 -4.2744 9.70 1.36 -0.40 202 159 142 147 121 
18.26 4.18 -0.02 6.5400 0.3100 1.4100 0.3700 -0.2467 0.3833 9.31 2.80 -1.21 202 163 141 148 121 
8.95 3.34 0.51 -0.4200 0.7100 0.6700 -1.7211 -0.5344 0.8489 9.55 1.81 -1.24 198 190 158 165 139 
17.32 2.59 -0.69 7.9600 0.8800 -0.2200 -0.7311 1.3778 2.5711 9.80 -0.24 -0.16 166 243 213 206 167 
11.91 0.36 -2.04 1.4900 4.7700 -4.4200 -3.8933 3.3622 6.2789 6.67 -7.13 0.85 104 198 194 185 149 
-4.22 -3.99 -2.30 -5.3700 4.7700 -2.0200 -1.8122 0.1156 3.3256 -0.49 -9.56 -2.11 109 183 182 170 136 
-3.31 -8.70 -2.56 -1.9700 0.7600 0.2500 0.4911 -0.9089 -0.3744 -1.29 -9.42 -2.38 111 198 188 183 148 
-3.89 -9.13 -2.18 -3.6600 0.3300 -0.2000 -0.1944 -2.5756 -2.1656 0.02 -9.54 -2.24 115 210 196 189 147 
0.38 -5.88 -6.91 -1.0000 3.2100 -4.5300 0.1900 -5.1822 -4.1211 3.41 -8.40 -3.73 119 199 198 190 147 
7.05 -4.72 -6.20 2.6200 2.5600 -1.3100 1.1222 -3.5389 -2.4744 4.14 -7.12 -5.30 116 196 205 193 167 
8.13 -7.20 -2.08 2.1200 -0.1900 2.4600 -0.2200 0.3467 0.3311 3.94 -7.19 -5.36 105 201 210 207 161 
5.40 -5.29 -2.21 1.5900 2.7100 4.7700 -0.9967 2.5211 0.0433 4.96 -6.80 -5.02 128 220 215 216 166 
4.57 -3.50 -5.43 -4.5800 -0.1100 -5.0400 1.2289 8.1678 -4.4911 8.67 -3.25 3.21 5 219 206 220 172 
;
