6.56 2.98 6.65 -0.0400 0.0800 0.0400 -0.0122 -0.1044 -0.0633 6.65 2.93 6.57 165 255 288 280 188 
6.57 2.98 6.71 -0.1600 0.0000 0.2000 0.0433 -0.1967 -0.0267 6.78 2.99 6.41 165 252 283 279 192 
8.34 4.24 9.76 1.1300 2.5600 4.7600 0.9322 -0.6144 0.8589 7.32 3.32 5.60 168 281 210 179 181 
10.58 5.61 5.57 2.8400 1.2000 1.0400 -0.6044 0.2122 2.0856 8.64 0.78 4.56 140 195 137 126 120 
8.70 -2.37 2.40 0.1500 -2.7400 -3.9700 -0.8956 2.5933 1.6178 6.73 -1.12 7.03 128 171 139 131 120 
3.47 -1.19 4.02 -2.0300 0.3600 -3.7400 1.6011 1.7722 0.5044 4.57 -0.70 8.64 134 175 152 136 119 
1.92 1.55 7.80 -1.0700 1.7200 -1.3000 0.3878 0.5567 0.9089 3.01 0.06 9.32 138 175 150 138 118 
0.01 1.03 9.26 -1.1400 1.2100 -0.5500 -0.4778 -0.4989 -0.0711 2.47 -0.51 9.47 133 177 165 151 124 
3.37 1.08 10.26 0.7700 1.9800 0.6300 -1.2211 0.4222 -0.3233 2.04 -1.67 9.44 125 179 152 147 126 
3.59 -2.45 7.88 2.4400 0.0000 -1.5200 -1.3389 2.0378 -0.9233 0.12 -3.60 9.11 123 187 157 146 130 
0.33 -4.86 7.68 0.2500 -1.4800 -1.6800 0.0200 -1.5100 2.4989 -1.06 -4.29 8.75 121 180 161 150 129 
-8.72 -3.03 10.57 -5.6500 1.9700 1.5500 -0.9678 -0.3389 -0.1089 -1.83 -4.91 8.28 136 183 163 158 143 
-1.32 -3.91 4.58 -1.8700 1.7400 -3.2300 -0.5889 -2.7489 -1.8889 2.12 -5.89 7.54 168 194 181 160 160 
10.77 -7.33 3.02 4.0900 -1.6500 -0.6300 -0.3589 -3.0256 -2.1311 7.39 -5.13 3.89 199 179 173 144 136 
13.49 -6.06 6.41 5.1200 -0.2300 0.8400 -2.9911 8.7400 1.7800 3.30 -6.46 6.58 198 139 141 118 100 
-2.12 -5.43 2.04 2.7900 3.0100 -1.6100 0.5389 2.5144 3.2722 -5.83 -6.23 4.82 204 150 154 136 107 
-2.93 0.93 3.25 3.6300 6.1200 -1.5500 0.2489 -1.8689 1.4267 -6.84 -3.31 6.18 205 160 160 139 111 
-8.78 -1.11 13.22 -5.7100 -1.1200 6.7200 0.6178 -1.4044 0.4489 -4.83 -1.40 8.41 201 164 163 142 107 
-5.03 -2.20 12.50 -2.0200 -1.1000 2.2300 -0.0056 -0.1033 -0.3589 -4.04 -1.59 8.79 199 161 166 144 111 
-4.06 -1.72 9.43 0.9300 -0.0500 0.6600 -0.3300 0.2922 -0.2189 -4.55 -2.20 8.39 201 170 155 152 118 
-6.17 -4.13 8.38 -1.0900 -1.4700 1.2600 2.9056 -1.7889 -0.7400 -3.25 -0.21 9.24 188 244 160 134 112 
-3.54 3.40 9.52 -2.4800 1.0200 -0.5200 1.2711 -7.4333 0.8133 3.45 2.63 8.79 129 328 154 135 112 
2.60 -1.08 1.66 -5.0200 -1.4600 -4.2700 -1.4011 -2.7289 0.2367 8.56 0.00 4.78 124 335 163 139 118 
7.93 0.81 -3.53 1.3100 0.7200 -7.2000 0.8833 -2.8744 -1.0233 9.49 1.16 2.17 125 324 161 143 114 
22.87 6.69 2.95 11.7500 5.4800 4.3500 4.6722 0.4656 0.5111 9.56 2.07 0.63 151 333 163 138 119 
8.28 2.04 2.68 -2.5200 1.3700 -1.5700 -0.8956 5.0489 1.5900 8.11 -1.05 5.40 151 315 164 143 126 
0.04 -0.96 8.71 -5.7600 1.6000 1.6700 -1.4111 -0.1022 2.3611 5.56 -3.91 7.06 158 315 163 152 124 
3.16 -2.30 2.08 -3.2800 3.2400 -3.9200 -2.7400 -1.3178 -0.4656 6.42 -6.42 3.67 167 343 164 155 128 
3.40 -2.92 -0.58 -3.4000 3.2900 -2.8200 -1.4678 -1.7256 -3.5889 8.88 -4.13 0.45 169 340 178 160 126 
11.32 -0.14 -5.17 2.1300 0.5900 -4.3400 1.6489 -1.4800 -2.2300 9.72 0.49 -1.12 161 331 154 161 133 
17.48 3.59 -3.60 9.6400 4.7900 0.9000 2.9144 0.7133 1.2411 9.67 0.20 -1.59 168 295 185 176 155 
10.89 -1.10 1.56 -1.2000 0.1600 1.9700 -0.4467 1.7089 3.3389 8.97 -3.83 0.90 177 261 253 228 189 
0.44 -3.88 3.73 -5.0500 3.6200 4.2500 -2.9744 -2.1078 3.4033 5.19 -7.99 -2.31 199 241 279 267 203 
-1.02 4.36 -8.95 -4.5300 10.3700 -2.9300 -9.2800 -2.7656 -0.0878 1.65 -2.36 -9.37 198 227 274 248 210 
5.71 -1.54 -14.71 4.7400 -2.2000 -4.7200 -0.9922 0.7222 -0.7189 1.38 2.05 -9.48 201 240 274 268 213 
1.47 1.99 -8.62 -0.0600 0.7000 1.2700 0.4011 0.1756 -0.0700 1.92 1.46 -9.50 203 249 277 272 209 
3.79 2.06 -9.46 2.5800 0.1900 -0.4000 0.4144 0.2267 0.0767 2.15 1.16 -9.49 205 248 277 277 211 
2.04 0.37 -9.73 -0.9100 -0.4300 -0.3600 0.3600 0.4344 0.4178 2.77 0.44 -9.39 203 246 281 276 209 
2.29 -0.56 -9.07 -0.8000 -0.4000 0.1100 1.0400 0.6944 -0.1289 3.46 -0.63 -9.15 201 238 280 278 210 
5.48 -1.05 -8.93 1.3900 0.4000 0.0600 1.2489 2.2867 -0.0311 5.17 -2.45 -7.95 198 267 260 226 200 
5.89 -2.64 -4.54 -1.3600 0.8300 1.6300 0.8233 1.6978 -0.3556 7.61 -3.55 -5.05 194 290 229 201 179 
11.31 -3.46 -2.35 3.3500 -0.5500 1.1700 0.2156 2.5822 -0.4667 9.10 -2.90 -2.17 192 303 202 217 195 
16.15 -0.41 -1.11 9.8100 4.5800 -3.1100 -2.3244 9.3778 0.4422 7.76 -3.93 4.52 196 331 254 232 197 
1.28 -3.91 2.54 -0.2400 3.4600 -5.0600 -6.8311 0.7700 2.7344 1.88 -9.60 0.64 161 274 246 250 195 
-3.29 -6.96 -6.89 -2.8600 1.0500 -3.6300 -2.2811 0.6656 1.1967 -0.85 -8.64 -4.55 130 241 259 259 198 
-4.03 -6.63 -13.07 -1.8800 3.6000 -7.4800 4.2156 1.6744 -0.9667 0.38 -9.56 -2.12 133 250 258 266 200 
5.03 -3.29 23.02 4.8300 4.8700 21.5200 -1.4067 -0.3656 -0.0333 1.37 -9.36 2.55 139 285 272 275 204 
0.42 -6.33 -5.49 -1.2800 3.0500 -5.3600 -2.8467 -0.6544 1.1489 0.41 -9.37 -2.84 137 271 279 276 203 
-2.58 -5.24 -12.19 -2.7500 5.0000 -7.9400 5.6856 1.3444 -1.2467 1.47 -9.57 1.48 145 277 283 284 197 
5.67 -5.48 16.25 4.0600 1.9300 10.4800 1.8011 -2.2089 0.0756 3.26 -7.11 5.90 155 298 276 273 205 
4.76 -4.99 9.60 1.5400 3.5000 2.7000 -4.6567 -0.8656 1.7722 2.40 -9.18 2.47 161 302 281 293 201 
-2.43 -5.28 -4.22 -2.3900 4.0500 -2.7000 -3.9356 -1.6444 2.3789 -1.45 -8.70 -4.28 164 283 282 275 200 
-4.97 -7.74 -6.41 -2.6400 0.7600 -1.1300 0.0911 0.3089 0.0478 -2.35 -8.00 -5.15 168 291 288 282 197 
-2.94 -5.03 -9.80 -0.4600 4.0400 -5.9400 2.7222 -1.5878 -2.2556 -0.87 -9.40 -2.65 166 273 294 288 195 
2.74 0.31 -4.04 2.1600 10.9700 -4.9900 9.3889 -1.5500 -2.4389 2.93 -6.60 6.63 168 306 263 299 200 
7.45 4.68 29.42 3.1600 6.3900 21.0400 -2.2878 0.7611 0.4811 3.02 -2.35 9.02 168 328 287 296 202 
3.48 1.41 2.61 1.6000 9.0800 -4.1600 -7.4100 0.6922 1.7744 1.18 -9.39 2.55 155 302 279 299 196 
-3.56 -6.87 -14.08 -2.2400 1.4700 -9.3700 0.0556 0.5833 0.3422 -0.88 -9.46 -2.42 167 297 288 292 194 
-0.21 -6.85 -6.51 0.8500 4.2300 -5.8400 4.4122 -0.8389 -1.5967 0.80 -9.46 2.43 171 296 279 299 198 
3.99 2.66 8.27 3.2500 10.5900 6.0100 8.9444 -0.2567 -0.6378 2.17 -1.22 9.48 181 329 288 310 202 
5.00 3.28 15.19 1.3400 3.2600 4.0700 -1.4811 -0.6900 -0.0644 3.55 -1.19 9.06 175 327 305 311 201 
3.43 -0.84 7.33 -2.0800 0.8700 -1.7800 -3.3678 -1.9956 -0.1300 5.37 -4.28 6.99 161 226 243 206 190 
12.78 -4.83 -0.23 6.1900 -1.4600 -3.0100 -0.1822 -0.1278 2.5311 7.09 -5.28 4.24 96 141 149 121 112 
12.70 1.02 0.67 6.1000 6.4500 -4.0200 4.0100 -2.8833 0.3311 8.23 -3.96 3.56 94 143 145 124 108 
10.91 0.81 4.96 0.1100 3.9700 3.2400 -1.6122 0.4989 -0.1800 8.83 -3.97 1.55 99 157 161 133 109 
11.30 -0.38 -2.76 1.9700 2.8500 -4.5000 -1.6567 0.1022 -0.4733 9.18 -3.39 0.52 97 155 161 135 116 
6.75 -3.96 -8.40 -2.5000 -1.7800 -8.8700 2.8433 -1.5856 -0.8733 9.50 -2.37 -0.42 105 146 153 134 107 
15.56 -2.81 1.26 2.9500 -1.1800 1.7400 -0.2911 2.3422 0.0978 9.51 -2.38 -0.12 108 158 168 157 124 
8.94 -2.47 2.41 -0.3200 0.3200 0.7000 -2.3467 1.8967 0.5111 9.00 -3.58 1.48 121 184 195 174 150 
9.58 -4.09 1.20 1.3500 0.1800 -2.0600 0.1211 1.8778 -0.0389 8.16 -3.91 3.75 144 236 223 198 171 
6.76 -1.05 1.38 -1.9100 2.3800 -2.5500 1.4733 -0.0900 -0.9533 8.58 -2.68 3.89 147 238 236 205 174 
;
