3.25 4.62 8.06 -0.0800 0.0100 0.1000 -0.0178 -0.0067 -0.0122 3.38 4.61 7.96 173 240 234 212 180 
3.44 4.56 7.92 0.0500 -0.0200 -0.0200 -0.0600 -0.0211 0.0344 3.40 4.55 7.98 7 239 221 216 183 
3.45 6.52 11.52 -0.3500 2.9800 4.5300 -1.7378 -0.9122 0.0944 4.16 3.49 8.16 173 232 212 178 182 
9.92 1.54 8.90 4.3000 2.6500 1.7600 -5.3656 0.0067 1.6489 5.51 -3.07 7.50 175 302 139 144 142 
1.23 -3.36 0.93 -2.6000 2.8700 -5.3900 -1.5022 1.2633 0.0533 3.46 -6.71 6.24 172 335 130 145 135 
4.41 -1.71 3.25 0.4900 3.7900 -3.7600 1.4744 0.7989 -0.6200 3.32 -5.64 7.29 175 344 135 151 138 
6.34 -3.77 8.98 1.6800 -0.3800 0.9200 1.5767 -0.5978 -0.1033 4.18 -2.85 8.39 176 335 137 161 144 
6.62 -2.97 10.70 2.2300 -1.5700 2.0400 1.1489 0.1222 1.6533 4.21 -1.03 8.79 164 340 149 161 146 
4.97 -1.40 10.82 0.2500 -0.0800 1.9900 -0.2611 -0.2822 2.2667 4.02 -2.08 8.69 180 336 142 166 145 
2.60 -3.34 10.55 -1.1300 0.4100 2.1800 -1.3033 -0.0278 1.0900 3.52 -4.23 8.11 177 340 149 164 146 
2.15 -4.65 9.37 -0.7800 1.1400 1.4700 -1.7089 0.3200 0.5411 2.58 -6.44 6.92 174 344 147 166 157 
0.16 -4.59 5.97 -1.8200 2.9600 -0.0600 -1.6456 0.7356 -0.4744 2.12 -8.07 5.14 177 344 154 170 147 
1.66 -5.62 4.87 -0.4300 3.4000 0.2400 -1.1467 0.8767 -1.1378 2.71 -8.65 3.72 161 341 150 167 149 
3.26 -5.05 1.97 -0.3100 4.4800 -1.8000 -0.0467 1.0389 -1.5911 3.98 -8.18 3.65 158 342 141 170 149 
5.40 -2.99 1.89 3.5600 1.9500 -2.0700 3.3689 0.7878 -2.4489 5.42 -5.05 6.41 175 342 154 169 152 
11.97 -8.59 14.24 1.8500 -5.0800 5.6000 0.3022 -1.1356 0.3956 6.22 -3.69 6.61 171 296 168 179 161 
8.17 -3.80 5.24 1.5700 -0.0600 -0.4900 2.5744 -2.9967 1.6222 7.59 -3.45 5.14 176 224 177 171 154 
12.04 -3.89 0.37 2.6700 1.3500 -2.6800 4.2011 -0.2022 1.7422 7.85 -4.47 3.80 124 182 108 139 130 
2.90 -2.37 4.17 -4.9200 0.8800 -2.0800 3.5256 -0.3533 -0.0678 7.40 -1.86 6.15 115 180 127 143 125 
5.17 4.05 5.28 -1.6700 3.7500 -1.5000 0.7744 0.6922 -0.7178 6.51 1.33 7.20 115 174 140 144 136 
5.84 3.45 6.89 0.1900 1.5800 -1.2100 -0.9267 -0.0122 -0.5778 6.19 1.10 7.51 116 167 144 153 133 
7.28 1.99 6.62 2.0300 1.3400 -1.2400 -1.3178 0.8222 -0.7233 5.34 0.65 8.19 120 161 147 153 132 
4.70 -1.28 8.08 -0.6900 -1.2100 0.0000 -1.4133 0.4922 -0.0544 4.67 -1.14 8.54 115 152 144 150 133 
4.53 -3.68 8.88 0.6400 -1.0600 0.1400 -0.0167 -0.0556 -0.1544 4.68 -1.63 8.45 120 161 146 155 134 
3.63 -0.70 7.19 -0.4600 1.5200 -1.0500 -1.4244 1.2022 0.0222 3.94 -2.87 8.50 157 241 149 174 159 
2.84 -4.10 5.96 -1.9900 -0.1100 -2.8600 -2.7189 -0.5711 0.7578 3.42 -5.77 7.14 162 269 174 173 155 
6.91 -8.68 1.80 2.7100 -0.9900 -2.9300 -1.8067 -2.0233 0.4022 4.96 -7.82 3.20 159 301 175 184 157 
11.75 -9.53 -0.23 6.0700 -1.0900 -1.2600 1.8189 -1.4389 0.7222 5.22 -8.16 1.48 157 319 168 189 158 
7.22 -6.23 5.92 0.5000 1.5800 3.2700 -0.7411 2.1644 -0.6267 5.51 -7.80 2.19 159 316 163 191 161 
6.71 -7.72 -1.16 -0.2300 0.3800 -2.3000 -1.4144 -0.3367 -0.2667 6.12 -7.65 -0.14 162 317 164 183 156 
6.44 -6.73 -2.67 0.9400 1.2100 -1.2600 0.7378 -0.6678 0.0411 6.06 -7.70 -0.24 162 298 156 180 156 
-1.37 -4.76 11.28 5.2900 2.5000 8.0900 -0.6267 -0.8533 0.4233 5.59 -7.92 1.46 148 295 161 183 158 
5.28 -8.27 0.16 -1.3700 -0.2200 -0.6400 0.1944 0.2044 -0.1567 5.54 -7.82 2.05 162 300 172 189 162 
3.81 -6.26 3.86 -1.4200 1.6900 1.3400 -0.1633 0.0767 -0.9756 5.95 -7.30 2.70 164 301 174 191 159 
6.48 -5.06 2.54 -0.9300 1.3400 -1.9200 1.1233 6.4911 -1.9956 5.08 -5.22 6.55 10 308 173 179 154 
3.72 0.32 7.08 2.8900 1.6100 -2.0400 3.3122 2.1978 -0.4411 0.51 -0.45 9.78 159 316 173 167 150 
3.81 5.09 17.31 1.3800 3.4700 8.9800 0.4622 0.2078 0.7189 -0.57 2.96 9.33 137 312 170 161 152 
-0.27 3.51 11.86 -0.1600 0.3000 2.3700 -0.7233 -0.9111 0.9900 0.53 2.29 9.51 123 320 164 169 144 
0.50 1.27 10.60 -0.9400 0.0700 1.3100 -1.2411 0.2911 0.4500 1.05 0.46 9.73 122 313 170 170 147 
-1.46 -0.45 9.76 -3.1500 -0.3700 -0.9800 -1.7667 0.5422 0.0300 0.09 -2.30 9.53 121 299 168 169 147 
-0.86 -1.59 6.23 -2.1700 1.9800 -3.0100 -0.7744 -0.4378 -1.2511 0.83 -3.78 9.01 122 297 171 168 146 
2.16 -0.57 4.00 0.0800 2.7400 -5.2100 0.7467 -0.9378 -1.8956 3.17 -2.95 8.79 125 296 169 175 152 
6.70 2.81 6.70 3.4500 3.9600 -1.6200 1.8089 -0.4556 -1.5689 4.42 0.18 8.74 116 289 171 164 145 
9.45 3.96 7.80 4.7400 1.8300 0.0300 1.6933 -0.1578 -0.2300 5.00 2.73 7.97 118 258 163 167 144 
7.68 4.72 9.53 3.3600 0.9500 2.5600 1.5678 -0.0867 1.1644 5.21 4.20 7.16 118 256 159 167 148 
2.54 3.85 11.62 -5.2100 0.2800 3.7400 -1.5044 -0.0889 1.3122 6.13 2.24 7.31 120 210 171 170 146 
7.68 4.61 13.24 2.4700 3.7100 4.8000 -3.4500 1.7911 -1.7056 4.45 -0.19 8.73 6 234 190 198 171 
7.43 -0.20 7.83 3.1600 3.1200 -0.5800 -6.7167 2.0978 -0.1156 2.91 -7.30 5.85 172 251 206 217 171 
2.20 -6.54 -1.95 -0.3600 3.4300 -3.6700 -5.0878 -0.4311 0.5356 1.74 -9.50 -1.66 171 232 230 217 170 
-0.14 -8.52 -13.09 -1.9800 -0.6600 -10.0000 4.6433 0.5811 -0.3056 1.84 -9.41 -2.04 162 227 226 223 174 
3.32 -4.32 12.74 0.1100 4.0300 8.9200 -1.1078 -0.8511 0.5544 2.59 -9.25 1.96 159 228 228 222 178 
2.68 -9.38 -2.24 0.1300 0.3300 -2.7800 -3.1111 -1.0533 1.0522 1.55 -9.38 -2.36 170 235 229 218 171 
-2.73 -8.54 -11.67 -3.7500 -0.1200 -7.5900 1.8033 0.6767 -0.6067 1.01 -9.05 -3.63 162 234 231 218 174 
7.49 0.47 11.79 7.1000 9.4300 11.4500 1.0867 1.5844 -0.1567 3.16 -8.87 2.70 165 234 231 215 174 
3.79 -9.11 2.61 -0.2200 -0.3400 0.1200 0.3889 -0.5389 0.0822 3.21 -8.89 2.58 167 229 237 215 176 
2.56 -7.27 -2.70 -1.3600 1.0600 -6.2000 3.4211 -6.0578 -1.9500 5.69 -7.60 2.43 169 175 159 176 156 
13.50 -0.74 -3.11 4.5500 1.5300 -5.2700 6.1078 -0.2300 -1.8311 8.82 -2.43 3.50 127 143 132 158 129 
9.53 2.54 2.81 0.3300 3.4300 -0.6900 4.9156 -0.6600 0.5722 9.22 0.80 3.23 104 149 141 149 119 
11.69 5.69 16.32 9.1500 4.7500 11.3700 0.5600 -1.0422 0.0856 9.51 0.84 -2.22 95 138 122 157 124 
12.23 2.96 2.99 0.9500 2.7700 5.2200 -1.4778 1.9633 0.0744 9.75 0.96 -0.10 101 148 143 155 118 
10.28 4.93 -2.02 0.1600 3.7100 -3.4200 -2.5567 0.0889 0.5144 9.75 0.28 0.92 102 146 145 154 123 
7.54 0.41 -4.29 -2.1900 -0.0100 -5.3700 -0.6844 -0.5511 -0.5878 9.75 0.50 0.84 103 148 147 153 126 
10.16 -1.07 -2.16 0.4600 -2.3300 -3.0300 -0.1133 -0.8578 -0.4522 9.69 1.34 -0.52 102 150 143 160 130 
20.02 2.71 4.23 7.7200 0.8000 2.4900 -0.2367 1.9200 0.4378 9.42 1.54 -2.24 13 153 149 157 130 
7.50 1.76 2.16 -0.3500 0.4400 3.4300 -1.5467 1.1067 0.3622 9.76 0.86 -0.02 122 160 154 162 133 
7.62 -0.08 -1.34 -1.3100 -1.0000 -3.7700 -1.0678 3.1600 -1.4778 8.70 1.73 4.17 6 209 188 198 168 
7.47 3.88 6.03 -0.1000 0.6200 0.3500 0.3200 -0.1422 -0.0722 6.52 2.60 6.84 25 235 220 234 179 
;
