3.22 4.95 8.02 0.1900 -0.1100 -0.0600 -0.3789 -0.3744 0.3300 3.24 4.80 7.91 11 262 233 217 177 
3.35 4.37 7.89 0.0500 -0.1600 -0.0200 -0.0200 0.0378 -0.0456 3.30 4.59 8.01 8 261 236 218 179 
3.22 4.41 8.13 -0.1100 -0.1300 0.0700 -0.1400 -0.0633 -0.0011 3.32 4.49 8.05 179 262 231 220 178 
3.52 4.47 8.12 0.2300 0.0800 0.2400 0.0044 -0.0611 -0.0644 3.38 4.53 8.00 178 266 233 221 182 
4.91 5.59 9.94 0.5700 0.9700 2.4100 -1.5722 -3.1567 1.6300 5.95 3.13 7.13 175 264 199 195 171 
14.71 0.75 1.42 5.8700 0.3500 -1.6800 0.1200 -5.9000 4.2200 9.38 -2.47 -1.42 154 296 170 166 149 
4.30 -1.96 -2.09 -4.0000 4.1200 -1.1900 2.6900 -0.0256 2.4911 6.87 -6.99 0.10 170 312 172 172 154 
9.47 -3.69 8.98 2.3000 1.7500 5.6800 -1.0911 0.4344 0.0000 6.59 -7.22 0.76 167 324 170 169 158 
9.25 -6.60 -3.53 2.0700 0.4900 -3.1600 -1.8578 0.2922 -0.5333 7.03 -6.47 -2.19 168 325 170 169 159 
6.75 -5.92 -4.65 0.3200 0.7100 -1.9500 1.3522 -0.6944 0.2344 6.84 -6.80 -1.74 169 315 170 167 161 
5.95 -2.41 13.00 3.2300 2.4600 9.8400 -1.3122 0.6300 0.4133 6.77 -7.08 0.41 167 314 167 174 163 
6.48 -6.62 2.80 -0.4300 0.2800 1.7100 -0.6678 2.0089 -0.8211 6.87 -6.76 1.79 169 272 177 181 165 
8.84 -5.85 2.90 3.2700 0.1300 -1.2700 -0.4489 4.5544 -0.9700 6.11 -5.46 5.37 173 200 192 196 169 
-0.92 -6.22 2.16 -2.2800 -0.7600 -4.3700 0.8344 4.8867 1.9378 -2.56 -5.62 7.61 179 142 137 147 138 
-2.25 -0.79 3.88 1.1800 2.4700 -3.8300 2.9722 0.2978 1.6311 -4.74 -1.52 8.44 180 144 145 153 133 
-3.92 5.99 11.84 -0.8400 5.0200 6.3800 1.6256 -0.5456 1.1856 -4.35 3.15 8.19 180 151 152 156 137 
-3.64 3.56 10.48 0.0800 0.3000 1.2300 -0.2200 -0.6756 -0.5700 -3.25 2.82 8.80 184 153 162 158 143 
-3.06 2.86 8.60 -0.0400 0.3000 -0.4700 -0.2767 -0.2911 0.1711 -2.76 2.57 9.04 185 168 145 161 146 
-2.90 5.12 12.99 -1.3900 2.3100 3.6900 2.3056 -7.6411 0.2289 3.19 4.62 8.03 181 273 164 168 151 
12.80 3.49 2.89 4.8700 0.5200 -0.1200 -0.0378 -2.9911 3.7056 9.51 1.35 1.93 148 289 164 164 146 
9.08 -0.84 -0.34 -3.3300 0.1400 -3.2500 1.7311 1.1844 1.4511 9.48 -1.87 1.64 177 321 137 147 148 
6.67 1.93 3.21 -1.8000 4.4400 -0.2000 0.6678 0.1922 0.6967 8.91 -2.22 3.43 181 324 151 159 145 
11.08 0.32 2.73 1.6500 1.6700 -1.7000 -1.1644 1.3844 -0.1689 8.32 -2.56 4.49 183 330 159 162 146 
6.88 -3.68 4.04 -0.5200 -0.8300 -1.2800 -0.7389 0.8089 -0.0411 7.57 -3.03 5.43 185 335 160 165 148 
3.60 -3.13 6.25 -3.2700 0.2700 0.9900 -0.3700 -0.5067 -0.1733 7.49 -3.34 5.36 181 346 166 166 160 
8.92 -3.52 6.59 0.8800 -0.0500 1.4100 -0.1600 -0.3644 0.4356 7.65 -3.64 4.93 185 350 168 174 152 
7.61 -3.49 4.98 0.3200 0.4700 -0.2500 -0.1000 0.2122 0.1722 7.47 -3.96 4.94 186 338 164 169 155 
4.81 -2.07 5.62 -2.1900 2.6200 0.3700 -1.3000 1.1211 0.5589 6.71 -4.97 5.13 184 286 172 170 161 
5.14 -4.31 4.25 -0.0600 2.1800 -1.2100 -2.6022 1.6100 0.0400 5.73 -6.70 4.27 178 232 178 180 165 
1.36 -2.56 -0.67 -9.4000 4.1800 -3.6500 -3.0600 -5.2800 -2.1211 7.92 -5.46 -1.86 178 230 209 227 173 
12.28 4.62 -20.79 15.3500 3.9300 -13.9600 -6.0856 -0.9056 -3.1867 1.28 3.75 -8.96 171 219 205 228 158 
3.91 3.47 -15.28 1.7900 -0.2200 -5.5200 2.7733 0.6422 1.6711 2.14 1.62 -9.43 176 238 216 221 165 
4.35 -1.23 -11.30 -0.0200 1.1300 -3.2200 4.6944 2.5367 1.4067 5.05 -4.65 -6.99 182 302 206 261 185 
3.02 -2.95 -2.43 -2.4000 5.4600 1.4700 1.3278 1.4733 1.1511 4.78 -8.19 -2.45 184 289 231 276 188 
2.20 -3.25 -0.22 -2.3200 4.5000 1.3600 0.4044 0.6322 -0.4367 5.00 -8.37 -1.02 187 304 240 277 188 
5.66 -7.75 0.00 -0.1500 0.1000 0.5800 -0.5856 -0.4667 -0.8989 5.85 -7.72 -1.46 177 261 224 227 180 
8.44 -8.73 -4.49 0.9300 -2.5400 -1.8400 1.0156 2.5078 -3.2633 8.64 -4.59 -0.57 173 230 154 161 157 
15.42 -0.37 1.87 6.1000 1.3700 -0.5100 2.1567 1.7933 -0.2100 9.33 -1.16 2.78 169 300 126 144 140 
9.11 3.10 3.80 -0.9900 5.5100 1.0000 1.9244 0.9744 1.1022 8.71 -1.37 4.27 189 309 126 143 140 
3.61 -1.25 4.16 -1.5700 1.4200 0.0600 -1.0133 -0.2333 0.0722 7.71 -2.31 5.59 190 329 146 155 147 
7.22 -2.55 3.83 -0.2700 0.1700 -2.4100 -0.8611 0.6622 -0.1711 7.05 -3.11 6.06 184 337 141 168 150 
6.28 -4.74 8.13 -0.6000 -1.3700 1.8100 -0.6300 0.0200 0.2411 6.51 -4.11 6.06 169 352 144 167 152 
6.22 -3.28 6.21 0.8800 2.4600 0.9700 -1.4778 1.0967 0.4922 5.73 -5.36 5.87 190 291 145 167 160 
2.19 -4.46 6.13 -0.4300 2.2600 0.9100 -3.7900 3.7700 0.8078 1.74 -8.86 3.81 184 249 207 220 171 
0.41 -10.15 -0.75 -0.9100 -0.3600 -2.9200 -2.4633 0.7200 0.0778 0.38 -9.74 -0.98 169 269 221 244 174 
1.39 -9.93 -7.39 0.9300 -0.1400 -5.7700 0.9311 0.3322 -0.4133 1.24 -9.61 -1.50 181 272 249 257 178 
3.49 -8.11 -3.26 1.9600 3.3000 -2.6200 5.0000 0.2867 0.5933 0.66 -9.19 3.33 187 279 246 253 179 
-0.77 2.19 3.39 -1.1700 8.2300 -4.1900 5.0200 0.0811 -0.0389 0.49 -4.22 8.83 184 270 251 252 178 
0.02 4.89 15.49 1.3100 3.1800 7.4600 3.0822 0.7467 -0.1633 -0.57 2.15 9.54 184 275 257 257 178 
-0.72 3.03 14.61 0.1000 0.4900 4.6300 -0.4289 -0.0700 -0.3578 -0.31 2.14 9.56 175 273 265 257 178 
-0.25 1.98 8.73 0.3400 0.1300 -1.0400 -0.4189 0.1622 0.0622 -0.63 1.56 9.66 185 274 270 247 184 
;
