3.09 5.39 7.61 0.1400 -0.0900 0.0300 0.0644 0.1278 0.0322 2.95 5.51 7.55 170 263 242 216 188 
2.75 5.65 7.67 -0.1300 0.0600 0.1500 0.0111 0.0089 0.0533 2.85 5.53 7.57 169 261 240 216 188 
3.40 6.88 11.08 0.2100 1.5100 3.9400 -0.9678 -3.9956 1.1933 5.53 4.57 6.67 178 265 206 194 186 
7.33 2.57 1.49 -0.5100 0.9300 -4.8600 0.5144 -5.3022 4.0056 9.80 0.02 -0.25 6 277 150 146 151 
9.21 -2.32 -3.13 -1.1100 2.3700 -0.2400 1.8467 -0.9767 3.1689 7.88 -5.21 -2.62 151 293 148 146 148 
3.80 -4.57 -1.06 -1.7600 2.3000 1.3700 1.4378 -0.0622 0.7644 5.98 -7.58 -1.70 142 302 153 142 147 
12.59 -3.10 10.12 3.4700 0.5000 5.2200 -0.8567 1.5667 -0.0389 6.43 -7.38 0.58 128 305 155 154 150 
7.25 -7.09 2.05 0.1600 1.1800 1.6900 -1.6989 0.3567 -0.0078 6.35 -7.42 -0.85 138 313 156 157 154 
8.10 -6.20 -5.09 0.6400 0.6400 -2.9800 -0.6622 -0.0056 -0.1544 6.56 -6.89 -2.36 142 311 163 163 154 
7.21 -6.54 -4.14 0.5900 0.2800 -1.4800 0.3900 -0.0378 -0.0256 6.61 -6.80 -2.47 143 312 158 160 153 
6.18 -6.53 -2.44 -0.3600 0.5700 -0.9600 1.3856 0.0856 0.2100 6.45 -7.29 -1.11 141 303 158 158 154 
2.28 -3.97 11.88 2.5100 2.0700 9.3700 -0.7733 -0.0422 0.1956 6.39 -7.43 -0.09 142 301 157 158 160 
8.23 -6.64 2.27 1.3700 0.5600 2.8000 -2.1522 -2.7300 1.0811 5.47 -7.62 -2.82 167 264 143 146 148 
3.35 -8.42 -4.19 -0.5600 0.0000 -0.2900 0.0089 -2.1444 1.2178 2.26 -8.07 -5.08 109 214 123 132 133 
0.41 -9.35 -7.65 0.2900 -0.5700 -2.6300 2.2478 -0.1089 0.2522 0.84 -9.23 -3.19 112 220 118 136 130 
1.49 -10.06 -5.33 -1.6800 0.1000 -6.2000 3.8056 0.2267 -0.3600 1.00 -9.69 1.09 113 205 116 149 132 
2.14 6.19 23.22 1.3300 13.9700 18.8800 -0.5433 1.6778 -0.4467 1.05 -7.49 6.23 121 202 129 145 128 
0.28 -8.50 6.13 -0.3900 0.4300 2.4000 -0.9200 -0.3622 0.5611 0.75 -8.48 4.85 119 203 131 148 132 
-0.04 -6.14 4.47 -0.4200 3.0700 0.5300 -5.0022 -0.2911 0.1467 0.47 -9.79 0.04 135 197 130 153 142 
1.80 -7.37 -6.77 0.9700 1.3500 -3.7500 -1.7356 2.0244 -1.6756 2.72 -8.59 -3.84 158 214 147 156 161 
5.73 -7.47 -3.89 1.1400 0.1000 0.5700 -0.8889 1.1733 -0.5544 5.00 -7.32 -4.18 138 216 149 167 161 
3.39 -7.41 -5.15 -1.6800 2.3000 -1.7900 0.1544 0.9356 -2.4467 7.12 -5.53 -3.85 9 221 150 170 164 
9.65 -1.46 -2.84 5.7800 0.6300 4.0100 -0.2456 -2.6689 -2.1744 7.07 -2.29 -6.39 170 258 196 215 172 
7.83 -2.51 -4.68 0.4100 -1.6100 3.7000 -2.9100 -1.2211 1.4378 1.93 1.21 -9.53 178 241 205 218 178 
0.45 7.69 -16.46 -1.0100 4.6600 -3.4600 0.5122 0.5667 -0.0056 1.67 2.74 -9.26 181 252 208 221 171 
1.79 2.25 -10.30 0.0900 -0.3300 -0.6900 0.2600 0.0778 -0.1189 1.65 2.61 -9.30 181 258 211 218 173 
3.58 4.34 -11.49 0.7600 2.8000 -2.9400 1.3900 3.4133 -0.4478 4.08 1.44 -8.79 177 256 192 209 176 
5.12 1.62 -5.82 -3.1000 1.2400 0.4700 2.7200 3.8956 -1.3200 8.99 -0.06 -3.89 175 258 200 203 171 
9.27 -0.29 2.35 0.3400 -0.7900 2.8900 0.3444 2.4944 -0.9289 9.72 1.24 0.00 180 255 210 201 173 
10.61 0.83 2.70 0.9400 -0.2300 2.7800 -0.1022 0.5589 0.0011 9.63 1.61 0.79 175 258 212 195 164 
9.48 1.77 1.69 0.2000 0.2100 0.7900 -0.1156 -0.0144 0.1322 9.66 1.37 0.90 176 259 208 201 174 
11.69 -0.41 4.10 2.0900 -1.2800 4.0700 -0.8567 -5.0922 2.5967 8.99 -0.69 -3.84 167 271 225 228 182 
-0.18 0.78 -0.61 -2.7200 3.4000 7.9000 -3.3467 -4.2956 2.4111 1.52 -0.06 -9.68 178 239 172 193 185 
-1.72 5.00 -16.73 -1.1400 1.4500 -1.5800 -0.1967 -0.0933 -0.2967 0.15 2.09 -9.57 176 255 198 208 187 
1.20 1.33 -8.31 0.3300 -0.1300 1.5000 0.0011 0.0300 -0.0811 0.09 1.88 -9.62 182 263 181 216 189 
1.30 2.21 -9.93 1.0500 0.0300 0.0100 0.2944 0.3044 -0.0900 0.58 1.45 -9.68 180 250 195 200 176 
2.95 2.25 -11.39 -0.4400 2.0500 -2.4200 1.8478 4.5411 -1.4144 5.46 -0.10 -8.14 180 255 167 205 172 
5.56 0.74 -2.37 -3.3500 0.4900 3.2300 1.3300 3.6856 -1.0378 9.44 -0.20 -2.64 173 238 210 203 171 
8.16 -1.13 2.26 0.1100 -0.5900 2.3200 -0.1756 1.2000 0.1767 9.76 -0.20 0.90 177 243 211 206 161 
;
