8.03 3.58 5.62 0.1200 -0.0100 0.5300 -0.0633 -0.0656 0.0256 7.67 3.55 4.96 169 246 206 200 157 
8.03 3.64 4.58 0.2500 0.0700 -0.2400 0.0089 -0.1667 0.0311 7.79 3.56 4.76 159 250 202 203 157 
10.71 3.96 6.79 4.2400 0.5100 3.0500 0.4078 -1.8967 0.9122 8.59 3.21 3.44 7 249 204 187 152 
15.92 0.31 -1.63 4.6400 -0.6600 -2.8500 2.4933 -1.1333 3.4533 9.73 -1.19 0.14 151 265 134 156 144 
5.50 -1.31 -1.58 -3.4000 2.0600 -1.7400 3.1644 0.2300 0.6711 9.25 -2.87 1.48 130 302 127 142 133 
3.32 3.89 6.06 -2.8800 6.8400 3.3100 -0.4333 1.7744 -0.5200 8.84 -1.89 3.79 121 318 99 148 134 
9.31 -0.16 3.93 1.1900 1.2300 -0.5300 -0.9878 1.1567 -0.6578 8.33 -1.45 4.96 120 337 129 160 140 
7.32 -2.14 2.86 -0.1400 -0.4100 -2.3800 -0.3544 1.1733 -0.2833 7.42 -1.73 6.16 10 346 135 164 147 
4.80 -3.15 6.87 -2.7100 -1.3700 0.5400 -0.3444 0.3422 0.2167 6.80 -2.48 6.60 130 356 162 172 145 
8.94 -2.49 6.45 1.6200 0.1000 -0.6400 -0.3944 0.2511 0.3489 6.75 -3.04 6.42 147 353 161 171 151 
5.93 -2.36 5.46 -0.7000 0.8000 -1.0200 -0.4900 0.0467 0.2567 6.53 -3.82 6.23 154 338 161 172 149 
5.12 -2.81 5.72 -1.9000 1.2500 -1.8300 -1.7278 0.2867 -0.1856 6.52 -4.89 5.44 143 250 184 189 159 
0.15 -3.30 -0.59 -7.6600 2.7500 -4.4100 -3.6144 -4.5733 -0.2289 7.82 -5.90 0.15 164 216 201 220 170 
11.56 -0.66 -14.90 6.9100 2.2500 -6.7900 -4.9344 -3.2000 -1.0033 3.08 -0.33 -9.30 164 215 202 219 160 
9.57 1.01 -19.61 0.8900 -0.8500 -5.9200 0.6611 0.5022 0.3256 1.95 1.76 -9.44 167 237 213 219 164 
8.15 -3.33 -18.02 3.4600 -4.9900 -7.8400 4.9178 2.0489 1.0478 4.24 -2.70 -8.41 184 303 236 243 187 
5.10 -2.92 -7.92 -1.8400 4.7400 -1.6400 3.6189 1.8567 1.7444 5.32 -7.66 -3.01 187 318 259 267 188 
1.14 -0.09 0.22 -3.3100 8.6600 1.0900 0.7856 0.4200 0.0144 4.68 -8.60 -0.29 184 318 263 276 188 
5.02 -6.64 0.90 0.5300 0.9800 1.1100 -0.9611 -0.1800 -0.2100 5.04 -8.33 -1.13 185 315 260 274 184 
5.10 -7.63 -1.90 -0.7300 0.7000 0.4800 -1.6489 -0.0367 -1.0289 5.79 -7.39 -2.81 180 277 236 216 178 
8.88 -7.16 -4.44 1.1700 -1.6400 -1.9600 -2.4800 1.6078 -2.3911 7.95 -4.22 -3.88 181 198 169 173 160 
7.59 -3.49 -4.00 -1.6600 -0.4800 -1.0600 3.0878 2.7500 -1.0856 9.38 -2.00 2.01 177 172 128 142 136 
-4.41 -0.24 -2.23 -16.8800 -1.0300 -8.9200 1.4611 3.3978 0.3822 -0.77 -0.88 9.73 186 140 120 145 120 
-2.95 3.72 12.55 0.1000 1.7800 6.8000 2.2978 2.2989 -0.6189 -5.03 2.69 7.97 191 151 138 149 123 
-5.71 4.16 9.89 -0.9500 -0.3100 0.7300 -0.1989 -0.3600 0.1544 -5.27 3.09 7.66 187 151 139 151 122 
-5.31 2.86 7.99 0.3700 -0.1800 0.1400 -0.0078 -0.3711 -0.1056 -4.84 3.09 7.94 186 152 136 150 126 
-5.28 1.98 8.03 -0.1600 0.4300 -0.8700 1.1411 -5.5411 0.1744 -0.13 3.33 9.22 184 195 156 177 147 
3.26 4.03 8.00 -0.5300 0.6500 -0.6400 -0.1456 -7.1356 1.5211 7.06 2.87 6.16 180 232 177 173 142 
12.18 -0.41 0.91 3.1600 -1.4700 -0.1200 -0.0644 -7.2956 5.8000 8.81 -3.37 -2.65 135 275 153 143 118 
4.83 -5.57 -4.58 -2.3700 2.1200 -2.6100 3.7478 -1.1778 2.4722 3.70 -8.84 -2.03 107 260 135 141 109 
-0.25 -11.05 -13.81 -1.8700 2.0000 -9.0300 6.3800 1.8344 -1.0356 3.22 -8.03 4.59 108 265 138 152 113 
1.13 -11.42 -4.95 -0.5200 -3.6200 -8.2000 -0.7056 0.4189 -0.3989 2.62 -8.99 2.88 111 255 137 153 111 
2.84 -7.52 5.58 -0.5800 1.5700 2.5900 -1.3811 0.7900 -0.4433 2.98 -8.98 2.57 126 223 145 157 123 
1.02 -7.08 0.59 -2.4900 2.1700 -0.0200 -2.1722 2.0411 -2.1700 4.73 -8.57 0.53 155 236 171 162 143 
7.05 -5.13 -1.38 3.2200 1.9200 -1.1800 0.3011 1.3000 -4.0900 8.38 -4.78 1.74 152 232 173 178 147 
13.44 -1.21 5.01 3.9900 0.6700 1.6100 2.8011 4.2022 -1.5611 7.79 -0.41 5.93 166 268 176 179 145 
-5.74 1.23 7.98 -8.6400 0.9500 0.5400 1.6256 3.0811 -1.2022 2.98 2.86 8.89 152 290 165 160 133 
2.91 6.34 12.07 1.6900 2.6500 3.7100 0.7411 0.4056 -0.1411 0.87 4.82 8.49 136 304 165 158 133 
2.49 5.77 12.06 1.8900 1.6500 3.7200 -0.6133 -1.1367 1.5267 3.12 3.62 8.56 132 311 166 160 136 
0.54 1.78 9.92 -3.8700 -0.4900 0.3900 -1.3011 -0.7756 1.7478 4.86 0.77 8.48 128 313 170 168 136 
2.10 0.20 6.92 -3.1700 0.9200 -1.7400 -1.2333 -0.1022 -0.1789 5.34 -1.08 8.15 130 314 169 166 133 
2.90 1.25 2.65 -3.6100 2.0700 -4.9900 0.0856 -1.9200 -1.4856 7.32 -0.29 6.51 122 306 168 165 133 
7.88 3.54 2.38 -0.6500 2.0100 -2.6300 0.7444 -2.1500 -1.4656 8.67 2.30 3.95 147 305 166 170 135 
11.73 4.54 0.72 4.3400 1.4200 -1.8700 0.6411 -1.0500 -0.4844 8.91 3.76 1.60 148 298 174 171 140 
10.31 3.24 0.44 -1.4500 -1.1800 -1.2200 0.9789 1.1922 -0.2433 8.80 3.83 1.99 153 290 172 168 136 
9.61 5.40 6.74 0.8200 1.3700 4.7500 0.5911 0.1811 0.5378 8.61 4.02 2.39 123 291 174 167 135 
8.79 3.81 2.55 0.7200 -0.0200 -0.4800 -0.2767 0.4311 -0.0944 8.62 3.67 2.89 147 292 172 169 135 
7.94 4.20 3.78 -0.3700 0.9000 1.1300 -0.8333 0.1978 0.1300 8.58 3.43 3.25 157 267 173 170 139 
;
