4.68 2.81 7.88 -0.1200 -0.2000 0.0300 0.0400 0.0422 -0.1856 4.93 3.08 7.89 173 254 244 224 183 
5.20 3.20 7.86 0.2500 0.0000 0.0000 -0.0244 -0.0089 -0.0400 4.91 3.12 7.88 172 256 238 223 182 
4.94 3.12 7.95 0.0000 0.0100 0.1300 -0.0600 -0.0278 -0.0078 4.94 3.09 7.88 168 254 241 222 180 
4.94 2.98 8.05 -0.0500 -0.0900 0.1200 -0.0744 -0.0833 -0.0733 4.97 3.05 7.88 165 253 242 223 184 
5.12 3.05 8.07 0.0900 0.0200 0.2700 -0.1444 -0.0122 -0.1011 4.94 3.01 7.91 174 256 241 220 191 
4.02 3.20 9.33 -0.2100 0.1700 1.4800 -0.4389 -2.6344 -0.0522 6.53 2.81 6.75 177 280 184 174 164 
14.57 0.86 -1.30 3.8800 -0.6900 0.6200 -0.9300 -6.9278 2.9233 8.35 -0.33 -5.12 143 227 143 136 128 
3.79 -3.21 -11.36 -0.5900 1.0400 -3.2700 3.7656 -2.3056 1.8367 2.84 -5.70 -7.45 106 233 130 144 119 
1.24 -4.31 -5.11 -2.0400 4.5300 -0.0500 3.5011 0.4578 0.1711 2.29 -9.07 -2.92 111 222 115 151 125 
1.53 -6.05 -3.40 0.2100 5.2600 1.2800 3.9900 2.2078 -0.9889 2.67 -9.06 2.62 119 228 144 150 126 
1.34 -9.11 1.78 -0.1600 -1.5300 -2.9000 -1.4689 -0.5311 0.3322 2.23 -9.43 1.49 114 213 144 152 129 
2.86 -9.45 0.89 0.0600 0.7400 0.9500 -0.8589 1.4100 -0.4233 2.32 -9.51 0.41 142 205 144 153 138 
2.97 -9.23 -0.91 0.7100 0.6100 -0.3200 -0.6722 0.7644 -0.7600 3.13 -9.27 -0.59 160 221 164 169 157 
3.64 -7.11 -0.91 -0.8900 1.1000 0.0500 -1.0533 1.6656 -2.1211 5.57 -8.00 -0.97 165 225 179 173 161 
6.70 -6.70 -0.66 -0.5000 -0.2500 -1.5300 -0.6644 1.6356 -1.9411 8.06 -5.57 0.11 171 215 195 190 165 
7.07 -4.43 -5.24 -1.6500 0.5500 -5.6500 2.8478 0.1356 -2.5567 9.37 -2.57 1.30 168 164 155 154 135 
12.06 6.26 0.09 1.8400 7.4500 -1.4700 3.6389 -2.8989 -0.9922 9.80 -0.13 -0.25 115 138 136 153 123 
9.96 1.77 -2.11 -1.6100 0.6800 -0.4600 -0.2267 0.9311 -0.1167 9.68 0.05 -1.56 122 158 143 154 128 
10.70 2.74 2.65 1.8300 2.5000 3.2500 -1.6133 0.5878 0.0600 9.79 0.13 -0.49 116 154 146 156 127 
10.59 2.12 -1.23 0.2000 1.9800 -1.7000 -1.7733 0.9867 0.2133 9.78 -0.11 0.68 116 158 145 153 139 
8.27 1.14 -1.06 -1.6000 1.3100 -2.2200 -1.1833 0.0156 -0.1589 9.73 -0.32 1.12 9 160 152 159 130 
8.66 -0.75 -2.07 -0.8700 -0.5200 -2.0400 -0.2933 -0.6911 -0.2844 9.80 0.01 0.11 121 162 150 159 129 
8.74 -2.21 -9.86 -0.2500 -2.2000 -8.5100 3.1222 -1.9978 -0.7467 9.41 0.24 -2.72 120 153 138 151 134 
11.12 0.17 -3.75 -1.8900 -1.3900 0.6500 0.0200 1.1544 0.2889 9.53 -0.14 -2.27 124 162 148 161 138 
13.42 0.41 2.74 6.0900 0.7400 2.7900 -2.9167 2.7822 1.4511 9.74 -1.04 -0.13 156 207 156 170 145 
10.41 -2.46 0.71 -0.6400 1.0100 -1.9300 -3.4989 4.6656 2.2067 6.80 -5.24 4.72 154 293 175 177 155 
-0.52 -4.92 1.28 -2.6800 3.4400 -2.9500 -0.7744 2.1356 0.0700 2.47 -7.76 5.45 174 326 156 169 149 
2.77 -3.34 4.83 0.2500 4.0100 -1.4400 1.0789 0.4722 -0.8889 2.62 -6.69 6.66 175 332 152 167 154 
4.48 -4.04 8.40 2.1600 0.9300 1.0500 2.4500 -0.4689 -0.7689 3.48 -3.88 8.30 168 346 160 170 153 
4.82 -3.36 11.36 1.2200 -1.3500 1.5700 1.3500 -0.7556 0.8778 3.84 -1.83 8.83 181 340 163 170 154 
5.45 -3.12 11.89 0.8600 -1.5400 3.4400 -0.0956 -0.3156 2.1333 3.98 -2.12 8.70 180 336 167 172 152 
2.73 -3.68 10.86 -1.0400 0.7500 2.3400 -1.6689 -0.2700 1.5344 3.45 -4.78 7.83 179 338 164 171 164 
1.29 -4.78 8.23 -1.5700 1.7700 1.3300 -1.8511 0.6178 0.7811 2.24 -7.18 6.28 180 338 168 178 155 
0.49 -5.45 6.06 -1.2000 2.7200 0.8500 -1.5733 1.2989 -0.4067 1.50 -8.57 4.50 184 340 169 175 156 
1.18 -6.09 3.94 -0.0700 2.8000 0.0700 -0.9411 1.2533 -0.9844 1.94 -9.02 3.31 176 336 171 173 157 
1.73 -5.59 2.77 -0.3200 2.4800 -0.6600 0.0122 1.5556 -1.5233 2.95 -8.68 3.45 162 342 168 174 159 
6.47 -2.75 2.13 2.0900 4.0900 -2.5800 2.1422 1.3433 -1.6867 4.51 -6.45 5.84 178 336 163 176 159 
9.04 -8.63 11.65 4.2900 -5.1200 4.9100 1.7633 -1.6622 -0.5489 5.99 -3.16 7.08 174 321 174 174 159 
11.00 -3.47 5.27 3.6900 0.2300 -0.2100 1.3867 -5.6633 0.9367 9.04 -2.74 2.60 9 249 166 178 148 
12.59 -2.59 -3.75 0.9400 1.8300 -1.3100 3.9056 -2.9933 2.4578 7.57 -5.68 -2.54 107 268 160 164 137 
5.96 -2.23 0.08 -0.9200 3.8000 2.4800 2.4989 -0.4556 0.6133 5.74 -7.90 -0.78 112 300 164 172 142 
8.68 -7.86 6.59 2.1300 -0.5300 5.3400 -0.2056 0.5100 -0.0378 5.84 -7.87 0.13 118 317 170 178 140 
7.21 -7.23 1.90 1.0400 0.4900 1.7300 -1.6867 0.0611 0.0878 5.96 -7.71 -1.05 120 319 173 177 141 
6.00 -6.39 -6.01 0.1300 0.9300 -3.8600 -0.4911 -0.6900 -0.1511 6.04 -7.20 -2.79 117 323 171 176 142 
6.14 -6.54 -5.79 0.1500 0.7500 -2.6700 1.7811 -0.4633 -0.2078 6.07 -7.49 -1.75 117 326 168 183 144 
9.56 -4.30 12.88 8.9000 1.5600 7.3500 -0.5956 1.1967 0.5667 6.28 -7.52 -0.17 119 312 173 181 145 
4.09 -7.73 -0.30 -2.1200 0.4000 0.5700 0.1767 0.2656 -0.1656 6.20 -7.56 0.65 132 306 177 179 145 
5.68 -5.78 2.69 -0.4700 1.9100 1.8200 -1.0089 0.1967 -0.5033 6.53 -7.27 0.79 156 265 180 180 154 
11.30 -5.04 4.38 5.3200 2.5400 3.8100 -3.3089 2.8822 0.2367 6.77 -7.08 0.21 171 239 203 206 172 
8.87 -6.21 -4.21 2.0600 1.1400 -4.3500 -3.3378 2.4078 2.6278 4.78 -8.33 -1.92 174 263 215 232 173 
1.83 -8.16 -6.96 -1.1000 0.7000 -4.1500 0.0356 0.9389 1.2600 2.59 -9.12 -2.46 65 271 235 259 173 
2.02 -8.44 -4.87 -0.0900 1.8400 -3.9200 3.7144 0.4244 0.6844 1.59 -9.60 1.14 178 274 219 259 175 
1.41 -2.09 5.47 0.5000 6.3500 -0.6200 5.2967 0.6056 0.3789 1.03 -6.11 7.59 170 272 236 255 176 
-3.20 1.52 8.33 -4.3400 3.2900 -2.3600 4.0011 -1.7433 -1.1656 1.74 0.40 9.64 177 285 249 262 182 
0.14 6.85 17.06 2.1000 3.7600 8.4600 0.9367 -1.8622 -1.0267 0.35 4.01 8.93 175 288 267 258 180 
0.82 3.65 10.70 0.5200 0.2100 1.0100 -0.7900 -0.0178 -0.1756 0.68 3.09 9.28 184 285 265 259 176 
1.43 2.96 9.33 0.2100 0.1500 -0.0300 -0.7900 -0.5011 -0.1489 1.23 2.13 9.49 171 275 245 244 178 
3.85 1.77 9.86 0.2000 -0.1000 0.3400 -1.6722 -3.4533 -0.4300 5.03 0.44 8.40 175 230 241 211 178 
8.88 0.49 7.30 1.2900 0.8700 1.1300 -2.3311 -0.1533 0.4267 7.57 -1.98 5.90 175 283 195 169 169 
10.99 -1.87 3.36 8.0800 4.0600 1.1300 -2.9289 5.1867 1.7389 7.58 -4.85 3.87 179 306 168 163 151 
-0.09 -10.62 2.11 -1.7200 0.6600 -2.3000 -0.7489 1.8922 -0.6744 3.44 -7.18 5.71 182 326 146 151 136 
2.28 -2.19 2.34 -0.8400 4.8900 -3.9000 2.1367 0.4633 -0.5467 3.02 -5.85 7.26 184 331 142 155 141 
8.10 -3.53 10.90 4.7700 -0.0400 2.4100 2.9300 -0.7678 0.4833 3.55 -1.95 8.92 8 312 158 160 143 
6.41 -2.42 13.51 1.3300 -1.5200 3.9400 0.0789 -0.5167 2.7500 4.13 -1.78 8.71 170 313 162 167 148 
2.36 -2.94 12.20 -2.4400 0.7300 3.5600 -1.6844 -0.1056 1.6578 3.58 -4.45 7.96 185 320 162 166 148 
1.24 -3.73 8.25 -1.3000 2.3600 0.8200 -1.9000 0.7567 0.5800 2.34 -6.99 6.45 180 318 165 164 148 
0.00 -5.15 5.19 -1.3900 2.7600 -0.0200 -1.4078 1.0156 -0.3500 1.53 -8.43 4.76 182 325 164 165 148 
1.15 -6.05 4.04 -0.7300 2.6200 -0.3100 -0.8911 1.2544 -0.9656 1.88 -8.92 3.60 181 324 167 168 151 
2.23 -6.81 3.11 -0.2500 1.7900 -0.5400 -0.3744 1.1100 -1.4700 3.04 -8.71 3.30 179 329 172 171 148 
5.26 -4.85 2.10 1.2200 2.9200 -1.7400 1.2078 0.7922 -1.2200 4.27 -7.51 4.63 183 329 171 167 148 
8.14 -5.16 6.15 3.7200 0.5700 0.4500 2.2700 0.3400 -0.9767 4.99 -4.88 6.87 181 326 168 170 149 
4.93 -6.14 10.38 -0.2500 -2.7200 2.5700 1.1678 -0.3400 0.2178 5.32 -3.15 7.60 176 317 176 172 151 
6.56 -3.60 8.64 -0.9300 0.2000 0.5600 -0.4978 0.3256 0.2122 5.40 -3.46 7.41 181 307 189 196 165 
4.33 -4.97 6.46 1.2600 -0.7100 0.9300 0.9778 -4.1878 0.0522 7.40 -3.28 5.52 183 250 195 215 173 
14.10 -1.94 4.87 5.2800 3.2200 0.3600 -3.1733 0.1778 3.9278 6.05 -7.43 2.05 117 185 156 195 176 
-2.13 -5.76 -1.39 -5.4200 3.8800 -0.4600 -2.1878 -0.8689 3.3522 -0.08 -9.59 -2.02 108 180 160 189 168 
-1.99 -7.60 -2.74 -0.6800 1.3700 0.3800 -0.3478 -0.6644 -0.3278 -0.99 -9.25 -3.07 106 182 164 192 166 
0.42 -8.31 -4.48 0.2000 0.9300 -1.7700 0.3789 -5.4500 -3.6822 1.41 -9.21 -3.03 109 173 159 189 164 
4.31 -8.73 -4.27 0.9800 0.3100 -0.6600 0.6578 -3.2222 -2.2222 3.22 -8.49 -3.69 111 181 158 192 163 
3.25 -7.31 -5.28 0.5700 0.8400 -0.9600 0.8344 -4.4733 -2.6833 3.68 -7.56 -5.03 112 178 159 198 168 
6.94 -4.64 -6.06 3.0100 1.3400 0.1200 0.3989 -2.2900 -1.7500 3.38 -6.60 -6.40 115 187 167 195 163 
4.87 -6.18 -6.30 2.1900 0.3000 0.3100 -0.0800 0.2278 0.1800 3.58 -6.50 -6.40 114 187 156 197 162 
3.43 -5.63 -6.00 -0.3000 1.1600 0.9100 -0.1611 0.9022 -0.2933 4.18 -6.40 -6.13 137 202 173 199 167 
;
