4.60 4.55 12.19 1.3600 1.8400 5.7100 -0.2056 0.7111 -0.2256 3.47 4.45 8.01 159 238 215 211 174 
4.50 4.73 6.42 0.5900 0.6100 -1.0900 0.0489 0.0289 -0.2211 4.13 4.38 7.73 174 240 216 212 181 
3.84 4.26 7.85 -0.4100 -0.2000 0.1600 0.0100 0.2822 -0.0367 3.79 4.42 7.88 170 236 222 217 172 
3.54 4.32 7.70 0.0000 0.0200 -0.3700 0.0367 -0.1200 -0.0433 3.87 4.35 7.88 8 243 219 215 174 
3.58 4.13 7.98 -0.2400 -0.1700 0.4200 0.0956 -0.4811 -0.0556 4.08 4.41 7.74 174 240 218 216 177 
12.01 5.12 10.58 5.7700 0.6900 5.0600 0.8311 -4.5044 2.4167 8.17 3.59 4.04 176 250 214 212 179 
10.59 0.70 -0.66 0.4000 -0.4200 -3.2700 2.2889 -0.7556 2.0533 9.77 -0.31 0.67 171 262 227 258 200 
6.05 0.28 -1.26 -3.1800 1.7200 -1.9900 1.7322 0.7122 0.7856 9.52 -1.19 2.00 7 282 246 269 202 
6.15 2.07 2.68 -3.1000 3.4800 0.0700 -0.4667 0.6422 -0.2222 9.24 -1.27 3.02 174 205 182 254 201 
9.84 1.30 2.85 0.6600 2.9000 -0.2400 -1.8689 0.8256 0.0033 9.04 -1.81 3.32 150 203 175 242 196 
8.72 -1.70 2.41 0.0000 0.9500 -1.2500 -2.0000 1.1411 0.4100 8.31 -3.16 4.13 170 205 191 240 197 
4.37 -5.03 2.68 -3.2200 -1.6000 -1.4100 -1.5767 -0.1133 0.0300 7.85 -4.65 3.56 170 212 189 246 197 
10.70 -6.47 2.84 2.5500 -1.8200 -0.1300 0.1611 0.0089 0.0311 8.17 -4.48 3.04 174 221 202 229 192 
6.88 -2.95 2.64 -0.7900 2.1700 -1.1800 -0.8411 2.8178 0.9567 6.70 -5.49 4.58 174 231 202 173 176 
2.98 -6.02 1.50 -3.9500 -1.0200 -3.5700 -0.0889 -0.0111 -0.5467 6.29 -5.61 5.00 170 174 160 164 157 
11.03 -3.41 -0.15 7.4600 0.5700 -1.3000 2.6267 -0.1444 -1.0944 8.68 -2.55 3.76 172 141 131 152 132 
17.96 3.49 4.50 7.4700 5.3700 3.0900 2.9189 -0.7078 -0.3289 9.56 -0.40 2.12 147 140 130 137 122 
8.11 2.15 0.96 -1.8300 2.9500 -1.0400 3.6511 -1.0311 -0.4911 9.80 0.11 -0.17 129 125 115 139 117 
9.44 0.05 -3.61 -1.5400 -1.1500 -1.0600 -0.2089 0.0922 -0.1911 9.63 0.55 -1.72 127 141 132 140 123 
10.20 2.05 0.74 0.7600 1.8300 1.1600 -0.7633 0.2011 0.4100 9.77 0.37 -0.62 134 146 140 140 134 
10.33 3.27 -0.22 0.8900 3.2500 -0.7500 -2.2589 0.5056 0.4122 9.79 -0.13 0.34 134 150 145 144 126 
7.02 0.45 -3.32 -2.7500 0.2400 -4.2500 -0.9556 -0.4522 -0.8044 9.74 0.46 1.03 140 146 142 148 125 
11.04 0.29 -2.17 0.5400 -1.6400 -3.8000 -0.7133 -1.2733 -0.1989 9.71 1.36 -0.09 135 150 141 145 129 
-4.52 8.22 19.53 17.8900 8.2100 24.0800 -0.6256 -1.2189 0.4056 9.42 1.66 -2.12 140 148 136 155 132 
9.48 0.85 -0.56 0.6000 -0.1400 1.4200 -0.4100 0.4100 0.3556 9.70 1.37 -0.43 145 155 146 155 131 
11.40 0.82 1.42 0.7400 0.4700 0.2200 -1.3122 0.9467 0.5533 9.75 0.56 0.85 158 180 146 160 141 
13.80 -2.02 -1.01 3.6700 -2.2200 -1.9100 2.2733 -0.7756 0.6733 9.77 -0.45 0.68 148 313 146 161 140 
10.09 -2.43 -4.18 -0.0400 -0.6900 -4.5000 3.9522 0.5222 0.5744 9.59 -1.70 1.10 126 346 142 148 144 
5.11 1.97 1.65 -4.2600 3.5600 -1.3800 1.5400 1.4022 -0.2456 8.99 -1.32 3.66 120 354 129 149 140 
10.38 2.14 3.77 0.8900 1.9600 -1.9400 -0.9067 0.8133 -0.7678 8.61 -0.55 4.64 123 355 139 154 142 
8.21 -0.74 3.74 -0.5500 -0.1900 -0.9200 -0.9300 0.6667 -0.5144 8.12 -0.71 5.44 122 359 141 160 142 
7.60 -1.04 5.50 -0.3200 -0.2800 -0.4700 -0.6956 0.5333 -0.0044 7.44 -1.19 6.27 123 366 147 162 147 
7.42 -1.19 7.06 0.6300 0.0900 0.7900 -0.3944 0.4144 -0.2000 7.14 -1.32 6.58 123 372 154 163 144 
7.14 -1.51 6.48 0.5300 0.2300 -0.0900 -0.2956 -0.1711 0.1400 7.17 -1.66 6.47 134 366 151 160 145 
6.43 -0.76 6.08 -0.5200 1.2700 -0.6800 -0.8800 0.9744 0.1111 6.53 -2.53 6.86 9 340 154 170 151 
2.33 -2.82 5.11 -2.2600 1.6000 -2.5800 -3.4400 3.0856 -1.6878 4.59 -4.65 7.30 158 324 165 174 157 
2.61 -11.21 6.00 0.8700 -3.8400 0.2100 -2.6011 4.7833 -0.9744 0.19 -8.09 5.52 168 344 145 168 150 
-1.69 -6.09 5.45 -3.8100 2.6600 0.5100 0.3000 -1.1433 -0.9722 1.19 -8.05 5.46 179 334 143 166 145 
5.01 -3.86 6.02 4.1400 4.0600 0.7300 1.9056 0.4500 -0.2678 1.71 -6.30 7.31 177 337 146 175 144 
4.39 -7.77 10.32 1.9700 -3.3400 1.5900 1.9611 -1.2789 0.3778 2.36 -3.88 8.68 168 334 148 175 145 
1.07 -4.66 12.30 -1.2000 -2.9300 2.6100 0.3000 -1.6878 1.9478 3.12 -3.24 8.70 10 338 155 176 144 
4.67 -6.07 11.18 1.7900 -1.4800 2.8800 -1.3400 0.0667 1.9878 2.53 -5.03 8.02 9 332 146 180 151 
0.40 -5.65 8.77 -1.5000 0.9200 1.3700 -1.7178 0.5011 1.1511 0.96 -7.27 6.50 12 339 152 177 149 
-1.17 -6.24 5.69 -0.9000 2.0400 0.4600 -1.1633 1.1467 0.3022 -0.48 -8.51 4.84 8 336 154 179 145 
-1.43 -6.58 3.93 -0.5100 2.1500 -0.0100 -0.7533 0.9822 -0.4589 -0.86 -9.08 3.58 5 338 158 176 145 
0.01 -6.66 2.95 0.6600 2.4800 0.0300 -0.6256 1.4422 -0.8667 -0.27 -9.50 2.39 6 342 153 178 146 
1.32 -7.26 2.18 1.1700 2.0000 -0.0700 0.0289 1.4911 -1.3189 0.88 -9.52 2.17 7 341 148 179 152 
4.17 -5.65 1.37 2.6900 2.9600 -1.6900 1.1411 0.8344 -1.4400 2.37 -8.91 3.33 4 336 163 183 149 
5.86 -5.55 3.29 3.0600 1.9100 -1.0000 3.2378 0.1333 -1.0356 3.65 -6.46 6.40 10 342 162 181 142 
6.23 -9.22 12.67 1.7000 -4.4000 4.4200 0.5578 0.0278 0.4144 3.90 -4.54 7.75 8 332 166 181 146 
4.12 -4.69 6.92 0.5500 1.1000 -0.6200 -0.6933 0.1933 0.3600 3.32 -5.46 7.42 170 300 167 190 163 
3.44 -5.99 11.14 -0.8400 -0.5300 3.8900 -0.8278 -2.5456 0.3800 4.09 -6.02 6.56 166 264 207 222 171 
5.16 -7.09 2.26 0.4600 0.5300 -1.7400 -1.8600 -3.1578 1.8544 5.07 -8.25 1.46 177 264 245 254 176 
2.96 -6.41 -4.38 -0.9500 2.3500 -4.9700 0.7211 -0.5167 1.4833 2.62 -9.44 -0.11 181 272 251 250 175 
1.36 -4.84 -3.75 0.9800 7.0800 -0.6300 4.5589 0.9767 -0.7978 2.87 -7.89 5.05 177 273 247 252 174 
7.38 -1.62 10.40 1.4300 2.6000 4.2700 1.9189 -1.6800 -1.4733 6.16 -3.60 6.72 181 275 250 258 176 
8.63 -4.13 13.48 2.5100 0.2700 5.2900 -2.9822 0.3022 0.8833 5.82 -5.23 5.90 170 281 249 260 180 
7.62 -4.23 4.86 2.6200 3.7200 0.0900 -3.3600 2.8778 2.0400 2.86 -8.76 3.33 184 295 266 260 179 
1.87 -7.59 -7.58 0.0800 1.8400 -9.5100 1.5500 0.1956 -0.5456 2.58 -9.13 2.44 184 292 260 265 175 
3.47 -4.63 1.80 -0.0200 3.5600 -2.5300 4.2078 -0.5778 -0.7089 3.64 -6.50 6.37 184 281 256 263 181 
3.69 -0.91 10.08 0.7200 1.8200 4.3800 2.4211 -1.9967 -0.8656 5.71 -2.33 7.61 180 283 257 260 186 
7.78 -2.22 14.39 2.0400 -0.1200 6.4500 -1.6200 0.5511 0.6200 5.50 -2.93 7.56 182 288 247 256 180 
6.41 -2.23 6.88 2.3200 4.0400 0.0100 -4.1044 0.5733 1.9211 3.84 -7.53 4.96 182 295 254 260 179 
-0.47 -5.05 -2.92 -2.6200 2.5900 -6.3800 -2.4333 0.2089 0.6378 1.89 -9.62 0.06 182 300 261 262 178 
3.00 -10.18 0.35 1.1500 -0.7300 0.7100 0.7756 0.2822 -0.1867 2.28 -9.49 0.91 182 300 267 266 178 
;
