2.91 5.18 7.52 -0.0100 -0.2200 -0.0200 0.0122 -0.0267 -0.1744 2.99 5.50 7.54 170 257 255 229 185 
3.26 5.31 7.60 0.3000 -0.2000 -0.0300 -0.0500 0.0867 -0.0644 2.88 5.49 7.58 167 256 256 230 193 
2.57 5.39 8.01 -0.1900 -0.0200 0.3500 -0.1989 -0.0933 0.0878 2.83 5.33 7.72 170 261 259 238 184 
3.05 6.34 9.86 -0.7700 1.0700 1.4300 -1.3011 -1.6411 0.6967 4.14 4.21 7.82 169 264 260 235 185 
5.94 3.57 8.40 0.8700 1.0600 1.2500 -1.7911 -0.4944 0.5889 5.84 1.84 7.65 170 264 261 229 184 
7.88 1.38 9.82 2.7600 2.3900 4.9900 -2.1233 -0.7622 1.4956 6.86 -1.46 6.84 10 270 236 233 183 
5.66 -2.96 3.41 -1.3600 3.2700 -2.7200 -4.7489 -0.4411 3.5778 5.50 -7.99 1.38 170 267 226 248 194 
0.46 -5.51 -8.38 -3.1300 3.5400 -7.8000 1.2189 0.0444 1.5656 2.36 -9.51 0.08 178 277 236 257 186 
-1.50 -2.42 -0.09 -1.3600 7.2000 -1.7700 5.5256 -1.6522 -1.3756 3.30 -7.13 5.86 182 278 247 240 186 
11.06 -3.50 18.91 4.3600 -0.0100 12.2300 0.0089 0.9789 -0.4811 5.02 -4.02 7.39 180 289 262 238 187 
6.18 -4.32 8.45 1.1600 2.6900 -0.0600 -5.0444 0.7667 1.0267 3.50 -7.96 4.51 180 293 253 257 194 
1.10 -6.20 -5.90 -0.7500 2.8300 -7.6600 -0.8911 0.2422 0.0267 2.41 -9.44 1.07 178 276 260 260 186 
1.14 -3.65 -4.17 -1.6400 5.4700 -7.0900 6.3811 -1.2600 -0.7811 3.18 -6.72 6.38 184 262 262 265 187 
9.64 -0.14 17.52 6.3900 2.5300 12.1900 2.0656 -0.1922 -0.4422 5.14 -1.45 8.22 182 270 255 258 188 
5.88 -1.47 14.26 1.2000 1.3300 5.6000 -2.8356 1.0189 0.4922 4.49 -3.57 7.94 183 290 270 260 196 
2.88 0.25 4.98 0.1400 7.8100 -2.6800 -5.7211 0.0233 0.3822 3.47 -8.51 3.40 181 290 265 271 189 
1.31 -9.93 -7.19 -0.4900 -0.9300 -5.9400 0.1189 -0.1300 -0.2744 3.38 -9.18 0.61 182 284 267 268 186 
4.44 -10.82 0.60 -0.1900 -2.3600 -1.4200 0.8667 -1.9244 -0.0022 3.79 -8.93 1.41 15 261 246 240 186 
4.12 -10.64 -0.97 0.5000 -0.8300 -3.5900 6.4089 -3.8500 -4.0600 7.81 -4.73 3.57 7 259 232 242 199 
10.57 1.45 0.37 0.9000 2.5700 -3.4200 2.7367 1.4289 -1.7789 9.02 0.16 3.82 173 277 251 274 199 
5.88 7.72 6.34 -2.9700 6.2500 2.2900 0.7722 0.4911 0.8756 8.44 1.43 4.78 182 248 260 264 204 
7.57 5.18 5.13 -0.1500 4.2900 -0.7700 -2.7889 0.3533 -0.5422 8.28 0.33 5.23 171 237 201 264 200 
8.28 -1.55 3.45 -0.0200 -0.4500 -2.0800 -2.9589 0.8889 0.6789 7.58 -2.39 5.73 175 226 162 232 183 
4.84 -7.77 3.39 -1.7700 -3.6800 -1.8700 -0.6100 -0.1556 0.0078 7.25 -4.06 5.19 174 235 187 239 203 
7.97 -4.34 5.29 0.3800 -0.0400 0.1300 0.2922 -0.0278 0.2667 7.25 -4.09 5.16 174 241 196 226 195 
1.46 -3.57 3.80 -5.2500 1.2200 -1.5900 -0.6556 -0.9644 0.7433 6.79 -5.25 4.73 176 267 180 179 160 
7.83 -7.95 -0.70 3.0400 -2.2300 -3.6900 -0.2544 -2.2456 0.6844 7.19 -6.37 1.95 174 320 150 155 144 
11.90 -8.26 -1.79 1.8100 -0.8400 -2.4400 1.4889 -1.2933 1.1133 6.28 -7.49 0.65 168 330 158 159 144 
14.04 -4.49 10.37 2.7900 1.5600 6.4300 -0.4911 2.4600 -0.2544 6.16 -7.38 1.89 166 338 167 164 150 
7.17 -7.08 0.35 0.4000 0.3800 -0.7400 -2.0600 -0.6700 0.0989 6.35 -7.46 -0.26 168 335 167 168 146 
4.42 -7.11 -5.78 -1.8600 0.3500 -4.6500 1.2067 -0.5356 -0.3711 6.32 -7.48 -0.45 169 330 164 170 147 
12.94 -5.07 14.08 6.1300 -0.0900 8.2200 -0.2522 2.0278 -0.3089 6.53 -7.16 1.47 161 321 165 175 157 
9.70 -6.12 2.38 4.5100 1.5600 -0.2300 -4.6689 6.5500 0.9456 4.73 -8.22 2.48 136 244 194 194 172 
-1.22 -8.18 -2.31 0.0900 2.9200 -0.9200 -4.0200 2.0700 2.6433 -0.99 -9.63 -1.50 112 205 183 173 175 
-2.92 -7.82 -4.66 -1.0600 1.4100 -1.7100 -0.1433 -0.8656 -1.1700 -1.20 -9.14 -3.33 107 193 170 180 178 
1.01 -6.54 -6.50 0.7000 2.9300 -4.6000 -0.4178 -6.8511 -6.1378 3.06 -8.40 -4.01 106 193 161 179 170 
2.52 -4.78 -10.01 -1.5900 2.3900 -4.1500 1.9200 -7.6411 -7.2422 4.01 -5.91 -6.71 111 184 168 179 167 
6.07 -1.84 -7.99 4.6200 2.3200 0.6300 1.7156 0.1678 -1.6600 4.45 -5.71 -6.60 114 195 168 183 168 
5.51 -5.08 -5.50 0.4400 0.6800 0.0000 -0.6467 0.1567 0.3689 4.69 -5.69 -6.45 115 195 171 197 173 
5.11 -5.59 -5.84 0.2300 0.0400 0.3600 -0.2467 0.5089 0.2467 4.89 -5.70 -6.29 104 197 183 192 173 
6.72 -5.11 -5.05 2.1400 0.9400 0.7100 -0.6800 1.9967 0.8411 5.91 -5.71 -5.34 142 218 195 195 176 
6.94 -5.88 -4.50 -2.5900 0.0500 -0.8000 -1.7022 2.1678 2.4156 5.50 -7.20 -3.73 150 229 203 204 175 
2.70 -5.41 -5.32 -4.1400 1.1800 -2.4200 1.1367 2.2067 -2.1856 7.17 -6.30 -2.23 157 228 194 185 169 
4.00 -0.59 0.90 -2.2700 4.8600 -0.4200 2.8189 4.7000 -2.4333 8.60 -1.43 4.48 164 277 161 146 138 
14.45 4.80 14.44 5.0900 1.9700 9.5200 1.8844 0.6844 0.2633 5.76 3.51 7.11 144 289 159 150 131 
8.16 3.93 11.25 2.6900 0.7100 3.4500 -0.5033 0.3744 1.8778 5.76 2.29 7.59 143 289 163 151 133 
3.47 0.48 7.96 -2.6400 -0.1000 -0.2100 -0.7567 1.0411 1.4178 5.21 -0.19 8.30 150 293 171 160 137 
2.51 -1.39 8.28 -1.3400 0.2700 -0.5000 -1.6222 0.2467 0.2833 4.07 -2.29 8.62 151 290 177 167 144 
0.81 -1.77 5.68 -3.2100 1.9200 -2.8700 -1.1600 -0.8533 -0.8733 4.82 -3.68 7.70 151 298 172 166 142 
4.58 -0.99 3.59 -1.4000 2.0100 -3.2700 -0.0489 -0.9733 -2.0878 7.07 -2.34 6.37 148 294 168 165 139 
9.27 1.26 2.62 0.9600 2.0900 -3.0300 0.6433 -0.8122 -1.9189 8.19 0.20 5.38 145 284 167 165 139 
12.67 3.08 3.75 4.5100 1.3400 -0.3600 1.0300 -0.3456 -1.3889 8.53 2.88 3.88 9 252 168 166 144 
14.57 4.80 2.81 7.2000 1.0200 0.9300 1.5856 -0.1211 0.4489 8.55 3.88 2.79 139 267 176 166 142 
7.16 2.21 6.54 -2.9700 -0.4900 4.4200 -0.3022 -0.4500 1.5667 9.34 1.85 2.33 147 234 173 166 140 
13.16 1.59 0.04 3.6400 0.2600 -1.8800 -1.1156 -0.5767 0.1056 9.54 1.17 1.93 157 242 171 171 156 
9.47 -0.76 3.67 -0.9700 -0.9300 2.1900 -1.9389 -5.5122 2.7611 9.60 -1.27 -1.48 170 263 242 237 181 
4.32 -2.96 -1.63 -0.5500 0.0200 5.9800 -3.0200 -4.3456 1.8833 3.74 -1.45 -8.94 179 267 247 251 180 
0.62 5.21 -8.21 -4.9500 5.5700 -1.6400 -3.7011 -1.6411 -0.7033 1.60 3.95 -8.83 175 268 241 253 182 
4.54 3.90 -10.22 2.3500 -0.3600 -0.7200 1.2389 1.2156 0.0956 2.83 3.49 -8.71 176 268 242 253 180 
2.58 3.19 -6.25 -0.8900 0.5100 2.1600 -0.2000 0.1778 0.1378 3.19 3.07 -8.74 174 268 251 253 182 
3.19 3.07 -9.62 0.4900 -0.6800 -1.8100 -0.2878 -0.2489 -0.2033 2.91 3.70 -8.59 177 267 247 249 180 
3.21 3.48 -8.96 0.1500 0.2200 -0.4300 0.6044 0.5033 -0.0211 3.40 3.16 -8.63 175 248 228 221 180 
5.00 1.36 -9.08 0.8900 -0.1200 -1.3000 1.1400 1.2011 0.5567 5.48 1.81 -7.92 167 260 233 217 185 
14.90 3.50 -10.30 5.7900 3.5300 -4.6800 0.8267 7.0744 3.7833 9.19 -2.12 -2.65 180 266 241 214 181 
-0.99 -4.44 -0.92 -7.6100 1.5000 -3.1600 0.3589 -1.8522 2.1644 5.94 -7.46 2.26 166 270 236 231 182 
1.54 -4.17 3.11 -2.0100 4.5100 -0.4200 -4.1978 0.9722 4.4100 0.38 -9.78 0.56 113 217 184 184 180 
-6.21 -10.81 -4.91 -5.5400 0.9400 -3.1100 -0.2278 -1.7478 -1.1078 -1.11 -9.62 -1.53 112 193 170 183 172 
3.45 -7.59 -3.02 0.5100 0.9300 -2.6900 0.3033 -5.7867 -3.4133 2.66 -9.30 -1.55 115 189 161 186 170 
5.67 -6.56 -4.43 2.1800 2.4900 0.2000 1.0256 -3.2744 -2.4700 4.97 -7.82 -3.19 112 186 159 184 165 
2.68 -6.50 -5.15 0.8500 1.9500 -0.1600 0.8600 -5.0311 -3.1344 4.97 -6.36 -5.56 109 196 160 182 175 
6.57 -5.85 -6.43 1.7300 -0.7000 -0.2200 0.0433 -0.8111 -0.5111 4.60 -5.43 -6.73 111 200 176 191 169 
8.10 -4.20 -5.17 2.4500 0.6500 1.4100 -0.6600 2.2044 0.7711 5.32 -5.40 -6.21 131 209 182 192 172 
6.10 -3.49 -3.68 -0.6100 1.1700 0.8700 -0.6556 3.6322 0.5367 7.51 -5.21 -3.53 155 236 197 205 171 
7.72 -4.18 -1.58 -2.8400 -1.2800 -0.8900 -0.9556 3.3267 -1.3833 9.21 -3.35 -0.11 174 170 114 152 136 
6.30 1.23 0.40 -5.5300 0.2000 -1.4200 1.2411 0.3878 -4.3667 9.73 1.19 -0.02 179 155 129 149 132 
18.42 2.87 1.08 5.1500 -1.1400 1.4900 0.6433 0.8256 0.2300 9.40 2.78 -0.02 182 155 136 149 135 
9.47 2.87 1.12 0.1400 0.1800 0.9400 -0.0944 0.2967 0.1878 9.49 2.43 0.21 176 158 139 152 134 
;
