5.91 0.00 8.34 0.1900 0.1100 0.3000 -0.0078 -0.0522 -0.0200 5.97 -0.07 7.77 171 263 237 229 182 
5.90 -0.08 7.70 0.1500 0.0800 -0.0100 -0.0100 0.0700 0.0011 5.94 -0.08 7.79 169 262 240 230 178 
6.09 -0.13 8.91 0.2800 0.0300 2.3700 -0.0478 -0.4822 -0.0867 6.19 -0.05 7.59 168 247 229 230 182 
9.59 -1.23 7.09 1.8400 -0.4100 -0.3300 -0.9500 -2.8022 0.7011 8.01 -1.16 5.52 170 166 147 158 164 
4.73 -1.30 -0.49 -2.9000 0.5100 -2.1500 2.0244 -2.3711 0.5789 9.47 -1.57 1.98 177 141 99 126 133 
4.95 -0.76 -0.13 -4.0500 0.9200 -0.7900 1.1156 -1.2978 -1.8144 9.80 0.10 -0.17 177 142 98 138 130 
25.19 9.14 -2.70 10.1400 3.6600 -4.6800 0.2289 0.9033 -0.8411 9.24 3.24 -0.24 181 144 108 141 142 
7.60 2.82 1.43 -1.6600 0.0400 0.8600 -0.5456 0.2511 0.0667 9.36 2.87 0.36 182 150 114 149 138 
9.30 3.50 1.10 0.4400 0.5400 0.5000 -0.7367 -0.1356 -0.1111 9.30 3.03 0.57 185 152 125 150 141 
11.61 3.08 1.88 1.7100 0.5500 0.5100 0.0289 0.3278 0.3056 9.28 2.80 1.44 173 178 158 166 168 
12.32 2.22 3.76 2.1000 -0.6400 1.3600 1.0789 0.7389 1.1656 9.25 1.86 2.65 178 245 210 225 191 
9.25 0.06 1.22 -0.5600 -0.7600 -1.5100 0.9378 0.2222 0.5089 9.49 0.90 2.27 173 272 217 251 204 
5.47 1.51 1.54 -3.4200 1.3300 -1.0500 -0.4089 0.0089 0.2967 9.30 0.58 3.04 174 268 242 265 198 
7.09 3.64 4.08 -1.7100 3.8800 1.1600 -0.3222 0.5400 0.0878 9.18 0.10 3.43 171 241 228 256 199 
9.16 2.61 3.68 0.2600 1.7500 -0.9000 -2.0978 0.6311 -0.3811 8.80 -0.62 4.26 173 227 217 247 197 
9.13 -2.02 3.29 -0.4400 -0.7300 -0.8500 -2.6733 1.4233 0.8533 7.91 -3.06 4.91 171 225 196 240 196 
6.12 -6.46 3.14 -1.3100 -2.1300 -1.1400 0.0711 -0.3789 -0.2389 7.96 -3.71 4.36 171 238 204 248 199 
6.46 -3.07 4.11 -1.5100 0.8800 0.0600 0.2444 -0.1567 0.2878 8.06 -3.99 3.89 175 242 203 218 190 
8.14 -3.34 2.47 -0.5400 0.6100 -1.7600 0.6111 -0.1256 0.5433 7.92 -4.42 3.71 176 264 215 214 186 
4.62 -6.91 1.69 -3.9700 -0.9200 -0.1100 -0.9322 -5.1511 1.4200 7.81 -5.90 -0.33 177 249 220 225 183 
7.97 -3.83 -3.41 2.7500 2.0700 3.7800 -3.5467 -3.5522 0.6378 3.39 -4.67 -7.92 178 244 193 228 178 
4.22 2.23 -13.78 4.0900 2.5900 -6.7700 -3.3244 -0.7333 0.2844 0.20 1.87 -9.62 180 255 214 229 178 
2.27 3.21 -11.64 2.2600 -0.5300 -1.1600 0.3500 0.9789 -0.1044 0.70 2.39 -9.48 180 260 216 234 176 
1.58 2.31 -9.84 0.2000 0.0200 -0.5600 0.2633 1.0367 -0.0689 1.72 2.22 -9.39 179 257 215 231 178 
7.89 1.37 -13.83 4.7000 0.6000 -4.4700 1.6967 3.8756 1.5189 5.34 0.25 -8.21 178 234 198 183 155 
8.97 0.01 -3.71 -1.0600 3.2300 -1.2400 -0.8767 9.2422 4.1500 7.94 -5.34 2.12 171 296 139 150 144 
-4.85 -4.28 -0.62 -6.3400 3.8300 -4.7700 -0.3556 1.7289 0.3667 2.32 -8.16 4.91 168 329 133 155 136 
1.95 -4.24 4.16 -0.4100 3.3800 -1.6600 2.0011 0.0356 -1.4111 2.77 -6.64 6.65 178 341 139 158 136 
9.62 -4.61 9.10 5.6000 -0.2900 1.2800 2.6889 -0.1367 0.1256 3.61 -3.13 8.55 176 321 141 165 144 
5.90 -4.02 13.55 -0.0100 -2.6700 4.5100 0.7000 -0.0878 2.2622 3.72 -1.66 8.91 180 319 145 165 142 
2.91 -3.45 11.17 -0.6900 -0.5800 1.9700 -1.0122 -0.4300 1.8911 3.30 -3.59 8.50 178 325 144 169 142 
1.71 -3.76 9.20 -1.3000 1.4600 1.5300 -1.7278 0.3278 0.9200 2.48 -6.00 7.34 176 328 149 166 141 
0.60 -5.01 7.10 -0.8300 2.1600 0.5000 -1.5822 0.5133 0.0322 1.76 -7.73 5.76 176 336 148 170 147 
0.50 -5.50 4.83 -0.7600 2.8100 -0.1500 -1.1756 1.1467 -0.5344 1.53 -8.62 4.40 176 337 156 169 144 
0.84 -6.10 3.41 -1.2200 2.6800 -1.2900 -0.2144 0.8756 -1.8233 2.66 -8.58 3.91 173 336 153 170 143 
4.79 -2.77 1.53 0.8600 4.6300 -3.7700 1.8222 0.6256 -2.2767 4.60 -6.67 5.52 172 336 152 171 144 
8.88 -8.53 14.02 3.3700 -5.3700 7.4500 1.7967 -0.4044 -0.8856 5.55 -2.91 7.54 173 337 155 169 147 
5.74 -4.32 7.26 0.0900 0.3100 -0.7200 -0.3167 -0.5567 0.1811 5.88 -3.52 7.00 174 331 154 174 152 
5.03 -2.62 5.28 -1.1200 0.8300 -1.4900 0.4200 -1.4856 -0.7222 6.85 -3.23 6.22 176 309 160 175 155 
8.53 -2.14 2.13 -0.4300 -1.2100 -1.7900 2.5900 -8.8333 -1.2533 9.71 -0.43 -1.29 178 218 211 226 170 
6.27 0.01 -4.03 -1.9200 -0.6500 4.6100 -0.8200 -2.9578 -1.7189 4.32 1.38 -8.69 177 220 212 219 161 
2.90 6.96 -17.55 1.8500 2.2900 -9.4600 -0.2778 -0.5922 -0.6733 1.51 3.99 -8.82 180 241 215 227 155 
2.76 3.21 -7.79 -0.7700 -0.1100 1.5800 0.6567 0.3300 0.0800 2.49 2.79 -9.06 169 244 215 227 160 
3.91 -0.02 -14.62 2.4700 -2.6400 -6.4900 2.0378 -0.4822 0.4778 2.21 1.15 -9.48 180 236 204 232 171 
4.62 -1.94 -13.06 -0.1600 1.5500 -4.0100 5.2422 2.4444 1.0378 4.62 -5.72 -6.48 182 290 204 245 183 
0.99 -0.78 -0.21 -3.1700 6.4600 3.0400 0.9556 1.0900 0.4233 4.86 -8.08 -2.66 186 285 222 266 182 
3.98 -6.53 -1.08 -0.4500 1.3000 1.0300 0.3633 -0.0600 0.2189 4.55 -8.45 -1.97 185 306 246 267 183 
4.00 -8.73 -1.13 -0.1400 -0.2400 0.4200 -0.0800 0.1522 -0.1133 4.58 -8.44 -1.95 172 299 248 274 188 
4.34 -7.39 -1.44 -0.3300 1.3300 0.7100 -0.0567 0.1889 -0.2389 4.81 -8.31 -1.95 185 284 253 267 185 
4.72 -4.85 -0.81 0.1400 2.8400 0.9400 -1.3344 1.1633 -1.4111 6.37 -7.14 -2.11 153 245 205 195 165 
11.31 -10.27 -6.07 3.8200 -4.1300 -5.2400 1.7256 1.7089 -1.7489 8.37 -5.06 -0.57 168 297 140 136 149 
8.69 -1.38 0.00 1.0900 2.1600 -1.5200 4.3711 1.0522 -1.0822 9.09 -2.13 2.99 183 312 132 136 137 
6.87 2.69 4.04 -1.5600 4.2400 -0.4200 0.5356 0.8511 0.0289 8.74 -1.72 4.09 191 329 150 136 142 
8.81 -0.78 3.79 0.6900 0.2000 -1.7500 -0.8956 0.5767 -0.7522 8.27 -1.54 5.03 163 337 154 149 142 
6.78 -2.10 5.23 -1.0500 -0.4000 -0.3800 -1.2356 0.6756 -0.6667 7.51 -1.80 6.04 189 338 155 150 145 
6.30 -3.25 7.63 -0.7700 -0.7800 1.9800 -0.5967 0.0811 -0.2644 7.38 -1.79 6.20 184 344 155 164 149 
7.80 -1.32 5.79 0.3800 0.4400 -0.3300 0.0144 0.1444 0.2600 7.36 -1.89 6.19 187 350 158 157 147 
4.89 -1.21 6.91 -2.5000 1.2000 0.7500 -0.9611 0.0167 0.2622 7.26 -2.62 6.03 189 334 152 163 152 
0.66 -1.88 2.06 -6.5200 1.6400 -3.2200 -2.9722 -0.2233 -0.9678 7.64 -4.42 4.25 186 224 156 164 164 
;
