5.17 3.58 7.55 -0.0100 -0.0900 0.0600 -0.0544 -0.0267 0.0378 5.10 3.66 7.52 145 249 228 224 176 
5.16 3.60 7.50 0.0700 -0.0300 0.0100 -0.0067 -0.0267 0.0056 5.14 3.65 7.50 144 245 230 223 176 
7.27 4.81 9.02 2.4500 1.0500 2.0500 -0.1678 -2.1567 1.3178 6.53 3.12 6.61 145 256 230 230 174 
8.69 -3.62 5.40 0.2100 -4.6400 -1.2100 -1.7822 -1.8056 1.6344 9.31 -0.99 2.91 103 156 135 143 136 
8.08 -0.16 -0.03 0.6500 3.1100 -3.1600 1.8633 -0.5400 0.7389 9.32 -1.81 2.44 98 161 141 147 120 
8.07 3.13 -0.84 -0.2200 5.1900 -2.4800 2.8822 -1.1578 -0.1144 9.60 -1.15 1.59 99 155 133 142 117 
11.82 -1.21 -0.69 0.6700 -0.7900 1.0400 -0.0100 1.4244 0.0567 9.75 -0.81 0.60 102 156 143 149 120 
11.42 1.63 3.08 1.3000 2.6300 2.3500 -1.1678 0.5367 0.0533 9.68 -0.96 1.21 101 161 143 149 123 
9.73 1.00 -0.36 -0.4500 1.6200 -1.8900 -1.3767 -0.0378 -0.2678 9.69 -0.94 1.11 111 159 154 152 126 
8.80 -1.38 -2.98 -0.7100 -0.7000 -3.7200 -0.4400 -0.0922 -0.3844 9.76 -0.43 0.81 112 162 153 151 126 
9.38 -0.29 -1.76 1.8100 0.0200 -4.2700 -0.4367 1.0211 -0.9856 9.77 0.50 0.56 112 160 149 149 126 
19.07 1.40 -0.25 5.3300 -0.9200 -0.5300 -0.9022 2.2389 0.3067 9.73 0.74 -0.90 110 163 155 151 141 
10.91 -0.46 0.05 1.6600 -0.6100 0.1000 -0.7000 1.2289 0.5944 9.75 -0.23 0.93 121 193 176 170 151 
10.27 -1.72 2.34 0.6900 -0.8500 -1.8100 0.5544 0.3200 0.9000 9.24 -1.06 3.09 25 253 211 193 160 
6.70 -2.93 0.84 -3.3000 -1.3900 -1.7800 -0.0022 -2.2344 0.7089 9.29 -2.39 2.00 173 152 117 130 121 
5.44 1.83 -1.36 -4.1400 5.6700 1.1100 0.1622 -1.7711 -2.1344 9.75 -0.40 -0.93 178 145 125 132 133 
15.74 2.46 -4.61 6.6100 -0.0600 -0.6000 0.0978 -0.1667 -0.9733 9.33 2.02 -2.23 181 153 131 140 127 
10.36 2.35 -0.44 0.2300 0.0600 1.1900 -0.0978 0.4078 0.3256 9.46 1.88 -1.76 186 154 131 139 118 
8.94 2.17 -2.07 -0.6000 0.3200 -0.6700 -0.2067 0.1889 0.1044 9.55 1.76 -1.34 179 154 134 140 127 
9.75 2.16 -0.14 0.1100 0.1700 0.7700 -1.0389 0.4022 0.2533 9.61 1.69 -0.92 183 158 135 151 134 
9.66 2.03 -0.48 0.4800 0.5100 0.0200 -0.7067 -0.3067 0.1000 9.64 1.71 -0.35 187 186 157 160 145 
13.07 2.12 0.28 4.4800 1.3000 -0.2800 -1.5456 1.8422 1.4133 9.63 0.31 1.79 178 222 181 184 151 
4.16 -1.85 3.22 -0.5900 -0.9600 -1.8100 -3.3044 2.0711 1.2900 7.84 -3.56 4.67 177 315 148 156 147 
-0.01 -5.09 1.07 -5.9000 0.2700 -3.9100 -1.1200 2.5511 -0.7333 4.17 -6.44 6.10 172 344 142 169 147 
4.16 -2.58 4.22 1.2300 3.4400 -2.6600 1.0467 1.1333 -0.3278 3.20 -5.52 7.43 176 338 150 167 143 
4.56 -3.95 9.12 3.3600 -0.5700 2.4900 2.1211 0.2967 -0.0122 2.86 -2.68 8.98 178 346 155 166 143 
4.28 -3.74 10.98 0.8600 -2.4300 1.8800 0.4678 -0.7133 2.2300 3.05 -2.00 9.09 177 343 157 169 141 
3.60 -3.33 10.04 0.3100 -0.6000 1.0700 -0.4256 -0.6767 1.4556 3.15 -3.18 8.72 179 338 161 167 144 
3.39 -3.37 9.16 0.4500 0.2800 1.5800 -1.0511 -0.0333 1.0544 2.99 -4.83 7.98 9 339 159 173 146 
1.73 -5.70 8.85 -0.7500 -0.0200 1.6400 -1.0511 0.2933 0.3011 2.39 -6.03 7.34 178 345 155 174 142 
1.92 -6.19 7.60 -0.2900 0.6500 0.3200 -1.2467 0.4456 0.1133 1.77 -7.35 6.23 169 348 155 171 142 
0.21 -6.62 5.66 -1.2400 2.0600 0.5000 -1.0133 0.6378 -0.4233 1.56 -8.25 5.05 174 344 160 170 144 
1.43 -5.37 4.71 -0.3700 2.7200 0.0300 -0.8811 1.3422 -1.1100 2.07 -8.63 4.16 174 338 157 173 153 
3.26 -5.79 3.34 0.9600 2.8600 -1.0900 -0.1278 1.1622 -1.5167 3.24 -8.26 4.16 170 336 161 175 145 
5.14 -5.10 3.71 1.8200 1.9300 -1.4200 0.6122 0.7900 -1.2644 4.09 -7.13 5.33 170 337 161 172 147 
7.36 -4.61 4.41 3.8300 1.5500 -1.3700 2.4778 0.1322 -0.8489 4.85 -4.71 7.09 172 315 164 173 145 
5.39 -7.10 12.28 0.7200 -4.5800 4.4700 0.4956 0.0344 -0.1867 4.73 -2.67 8.15 169 320 162 170 146 
5.24 -2.79 7.90 0.2900 0.2400 -0.5200 -0.4889 -0.1222 0.3400 4.70 -3.38 7.90 169 317 164 173 151 
4.43 -2.85 6.87 -0.1600 0.5300 -1.0900 0.2467 -0.1144 -0.0756 4.73 -3.43 7.87 165 297 169 178 154 
4.26 -4.30 7.69 -0.7000 -1.1300 0.0200 0.7522 -1.5322 -0.3989 5.57 -2.76 7.58 9 205 194 202 166 
11.17 -0.60 4.24 5.0100 0.7500 -2.1600 3.8600 -3.6400 1.2900 8.78 -0.31 4.34 175 185 223 219 172 
7.14 -2.93 1.24 -4.3100 -1.8200 -0.3300 2.3800 -1.4200 1.1778 9.71 -1.14 0.65 176 142 121 131 137 
7.32 3.33 -1.72 -4.2300 2.1700 2.1900 2.8100 0.6100 -1.7422 9.74 0.07 -1.10 180 140 122 143 125 
36.63 9.18 -11.35 26.9000 2.3100 -6.9700 0.8944 1.1689 0.6956 9.34 2.92 -0.56 184 143 125 142 128 
5.62 2.08 0.25 -2.4800 -0.0200 0.1500 -0.1722 0.0544 0.0144 9.54 2.21 0.30 179 144 132 141 127 
9.72 1.91 -0.27 0.7200 -0.1300 -0.3400 -0.0867 0.0689 0.1422 9.56 2.09 0.59 154 146 119 145 139 
10.09 1.57 1.67 0.4700 -0.6200 -0.0900 0.0700 2.6689 -0.5089 8.93 2.21 3.38 183 193 181 180 158 
;
