3.81 3.42 9.68 0.3500 0.2000 0.6200 0.2533 -0.3822 0.0333 3.70 3.36 8.43 8 247 259 243 185 
3.84 3.28 8.18 0.0800 -0.1600 -0.2300 0.1156 -0.0489 -0.0944 3.78 3.53 8.32 7 253 261 240 185 
4.18 3.84 8.49 0.5000 0.2600 0.2800 0.0156 0.0211 0.0167 3.77 3.64 8.28 12 252 256 237 186 
3.56 3.39 8.46 -0.2800 -0.1500 0.1500 -0.1667 -0.0611 0.0733 3.84 3.46 8.33 174 248 263 238 181 
3.74 3.41 8.90 -0.1300 0.1100 0.3300 -0.4089 -0.1500 -0.1344 3.80 3.12 8.47 9 248 259 238 183 
4.02 4.57 13.54 0.9700 2.6500 5.5000 -3.2222 -1.3122 -0.3567 4.71 0.64 8.57 9 254 248 234 181 
6.45 -1.50 6.88 0.8600 1.9600 -1.1100 -5.6756 1.1389 0.9022 4.52 -6.32 5.97 164 238 231 232 188 
2.50 -6.44 -0.06 -0.2700 2.5000 -2.5900 -3.4644 0.7489 1.4222 2.19 -9.45 1.43 140 261 233 247 187 
0.03 -8.45 -4.97 -1.3000 0.8000 -5.1500 -2.9700 0.7800 1.0800 0.25 -9.21 -3.34 112 240 232 231 183 
-1.70 -5.60 -2.91 -3.4800 5.7300 1.0800 4.7200 0.7011 -1.5411 1.62 -9.56 1.40 116 235 228 213 186 
3.75 -5.21 8.21 1.6800 4.6400 4.7100 -2.7733 -1.0733 0.6833 0.94 -9.75 -0.24 112 215 212 203 189 
-5.02 -10.69 -13.12 -6.0300 -2.1700 -9.4500 -0.6911 -0.2756 0.2700 -0.58 -9.11 -3.56 117 222 223 216 179 
-5.27 -9.88 -8.50 -4.5900 2.8000 -3.0600 5.1833 0.7022 -2.4278 1.47 -9.66 0.71 113 241 231 227 181 
3.82 -5.44 7.64 0.6200 1.7300 2.6000 0.0200 -0.4922 0.1767 2.15 -9.09 2.95 111 240 232 226 186 
3.40 -9.48 1.89 1.6400 -0.0100 -0.6800 0.3500 -0.6233 0.2667 2.17 -9.12 2.84 131 229 236 220 188 
3.13 -8.48 3.47 0.7100 0.3400 0.2600 1.0478 -0.9233 -0.1678 2.72 -8.60 3.84 129 243 241 228 179 
2.21 -8.21 2.12 -0.5800 0.6100 -1.5400 1.0300 -2.7322 -0.5967 4.23 -8.06 3.64 151 246 230 222 177 
7.07 -4.89 -1.56 2.3500 1.8400 -1.6200 1.8589 -4.5278 -2.6633 8.03 -5.61 0.41 161 255 227 232 179 
2.83 -0.19 -6.85 -4.2900 4.6300 0.4800 -2.6511 -9.3222 -2.6378 4.00 -1.45 -8.83 167 230 199 228 179 
6.57 3.82 -19.85 6.8300 1.3700 -10.7700 -1.2311 0.4622 -0.7800 0.26 3.61 -9.11 171 241 224 230 175 
2.71 1.07 -16.80 2.8600 -0.3200 -6.8600 3.7578 2.6733 0.5067 1.70 -0.01 -9.65 174 280 205 239 181 
3.09 -2.64 -10.00 -0.9600 2.0800 -1.9200 3.8078 2.3189 1.4978 4.77 -6.42 -5.65 183 301 252 279 184 
3.15 -3.11 -1.15 -1.5900 5.3100 1.7200 0.9733 1.3944 1.0389 4.50 -8.46 -2.04 182 291 265 285 189 
2.77 -4.34 -0.25 -1.0500 4.1600 1.1100 0.3478 0.1667 0.1400 4.15 -8.81 -1.09 184 315 269 284 189 
3.95 -8.93 -0.31 0.2100 -0.3200 0.6600 -0.3089 -0.4422 -0.0011 4.00 -8.82 -1.48 183 296 262 279 185 
4.71 -6.57 -1.81 1.1100 2.3700 -0.0300 -0.7578 1.2144 -0.5222 4.47 -8.51 -1.88 181 257 251 248 192 
6.17 -5.30 -0.83 1.0700 2.0300 0.9200 -1.4389 2.5578 -0.8044 5.69 -7.81 -1.62 172 223 224 206 179 
9.59 -9.34 -3.06 4.2000 -2.1300 -1.3100 -2.8467 4.8433 0.2011 6.74 -7.09 -0.46 169 230 217 205 176 
9.40 -9.35 -0.84 3.2000 -0.8600 -0.8000 -1.5711 3.6933 2.7533 4.21 -8.79 1.03 160 249 231 220 182 
-1.22 -9.59 -3.71 -3.8400 1.4600 -2.3000 -2.9911 1.1933 1.9900 0.14 -9.45 -2.59 121 249 220 226 187 
-6.78 -6.63 -12.41 -6.1800 4.0800 -7.0000 5.1456 2.5089 -2.0167 1.09 -9.74 -0.12 126 257 225 217 187 
4.74 -4.73 14.34 0.8400 1.9000 6.8800 -1.6578 -0.9256 0.1356 1.26 -9.54 1.86 120 233 217 207 186 
0.23 -9.88 -3.09 -1.0800 -0.6000 -3.6600 -2.1967 -1.0878 0.4144 0.84 -9.59 -1.84 117 236 217 211 183 
-2.85 -10.21 -10.08 -3.8700 -2.0400 -9.9000 1.3256 0.5956 -0.4556 0.91 -9.50 -2.24 118 241 229 223 186 
4.12 -1.40 10.02 3.6500 8.0000 10.8400 1.7556 0.4989 -0.2178 2.53 -9.01 2.89 125 241 220 209 187 
2.85 -8.84 3.20 0.3200 0.4200 0.9100 -0.7767 -0.4022 0.3111 2.19 -9.36 1.89 138 248 226 213 185 
1.72 -8.76 1.19 0.1300 0.6800 0.1500 -0.8356 -1.0011 1.0244 1.40 -9.68 0.60 145 242 229 211 180 
0.75 -9.14 -1.89 0.0700 0.5300 -1.5500 -1.5222 -0.7433 0.6667 0.23 -9.64 -1.74 148 235 220 208 177 
-0.57 -10.16 -4.23 -0.4000 -1.0500 -1.5400 -0.2778 0.0178 0.1389 -0.26 -9.38 -2.84 150 237 226 213 179 
-1.61 -9.53 -7.32 -2.4600 -1.5500 -5.8000 -0.0900 0.6356 -0.1578 -0.19 -9.02 -3.83 129 258 230 222 177 
-0.10 -5.07 -0.35 0.1800 6.1200 4.1600 6.1256 1.8678 -1.2656 1.85 -9.16 2.95 123 267 233 224 181 
3.86 -5.72 9.14 2.6000 3.3800 5.8500 -1.7567 -0.6333 0.3467 1.42 -9.41 2.33 120 252 231 223 183 
0.66 -9.67 -2.70 -0.4700 0.1400 -3.0800 -2.9500 -1.0433 1.1078 0.19 -9.64 -1.78 118 238 222 216 184 
-2.46 -10.06 -9.78 -2.1300 -0.1700 -5.9200 0.2322 0.8411 -0.2367 -0.30 -9.08 -3.68 116 237 229 218 181 
-0.02 -5.98 -2.42 -1.1400 4.5200 -0.3700 5.3500 1.8233 -1.8344 1.92 -9.40 2.00 115 250 235 225 192 
4.45 -4.57 10.71 1.3100 1.1400 2.7200 -0.5967 -1.1222 0.3411 2.32 -8.59 4.10 119 245 242 232 185 
2.31 -9.87 3.64 0.1000 -0.8100 -0.0700 -0.1133 0.0056 0.1056 2.18 -8.80 3.72 127 250 239 233 188 
1.84 -7.90 3.32 -0.2500 1.2200 -0.2700 -0.2633 -0.9567 0.3689 2.10 -9.02 3.22 133 247 219 232 182 
4.73 -8.37 3.22 2.4400 1.0600 1.6400 1.1511 -1.8189 0.0878 3.21 -8.50 3.67 151 263 231 232 185 
3.76 -9.75 6.08 0.7700 -0.0800 3.2300 -1.9344 -3.7644 2.4322 1.97 -9.55 0.96 8 275 229 253 191 
-0.74 -8.40 -5.43 -2.0500 0.5500 -6.5200 0.3278 -1.1256 0.6167 0.37 -9.78 -0.56 6 282 203 272 185 
-3.42 -4.18 -3.10 -3.8600 6.1900 -6.3400 5.2256 -2.5911 -1.6200 1.98 -8.12 5.11 158 273 235 271 184 
13.48 -1.04 13.14 7.6100 2.4400 6.7600 2.6356 -0.2633 -1.7267 5.34 -3.69 7.34 178 280 275 266 188 
8.43 -4.64 12.80 3.3700 0.2000 5.0300 -3.5233 1.2967 1.3056 4.13 -6.22 6.35 181 287 275 265 186 
0.66 -5.65 0.06 -0.9700 3.3100 -3.8300 -2.8156 0.4156 1.2189 1.38 -9.29 2.80 178 286 280 271 191 
0.29 -6.77 -5.01 -0.9600 2.7600 -5.9400 2.7189 0.2178 -0.8778 1.59 -8.95 3.66 182 277 263 270 188 
1.49 -1.71 5.48 -2.3000 4.6400 1.3000 4.4422 -1.5089 -0.7689 3.05 -4.51 8.15 168 269 277 271 191 
9.17 -2.55 19.30 4.6800 -0.5300 9.5200 -0.8411 0.3600 0.3333 3.89 -2.66 8.59 178 282 278 278 188 
3.30 -1.77 10.81 0.0600 3.2500 1.0000 -4.5722 0.3022 1.4844 2.09 -7.29 6.21 174 289 279 284 193 
-0.47 -2.88 0.39 -1.7600 6.5900 -2.4600 -4.4189 -0.5756 1.1311 0.01 -9.80 0.09 180 293 276 276 189 
-2.69 -10.46 -7.83 -1.2400 -0.9200 -4.4600 0.3111 0.0189 -0.8911 0.30 -9.62 -1.87 150 292 274 275 191 
0.69 -10.54 -3.18 0.9200 -0.9000 -0.7400 0.9122 0.0944 -0.1022 0.83 -9.72 -0.89 168 284 267 267 185 
-1.41 -12.53 -1.75 -2.9400 -2.9400 -2.2100 3.8578 -1.7422 -2.0433 3.07 -8.98 2.44 168 226 154 165 152 
8.00 -3.99 2.68 2.3600 0.0800 -3.1500 4.5722 0.3989 -1.0189 5.71 -3.05 7.36 138 195 124 127 119 
7.77 3.19 4.57 1.1100 2.4000 -3.6900 2.9000 0.0211 -0.4589 6.19 1.73 7.40 113 199 132 137 117 
3.20 7.01 8.83 -1.7800 3.7100 1.9200 0.1844 0.7822 0.1322 5.43 3.15 7.52 119 198 136 142 120 
6.14 3.69 6.86 0.1300 1.2300 -0.0200 -0.3633 0.2778 -0.4611 5.24 2.98 7.73 117 199 141 142 120 
6.57 4.15 7.15 1.6300 0.9000 -1.3600 -0.9322 -0.1200 -0.6144 4.92 2.50 8.10 115 197 140 143 126 
5.21 0.84 7.12 -0.1700 -1.1600 -1.8500 -1.1511 0.5167 -0.4033 4.43 1.24 8.65 117 197 144 147 122 
3.34 -0.73 8.98 -0.0400 -1.7800 -0.0600 -0.8033 -0.0133 -0.3844 4.27 0.35 8.81 122 188 142 150 122 
4.83 -1.48 9.22 0.6500 -1.2300 0.4500 -0.0267 0.0911 -0.1389 4.28 0.12 8.81 122 188 145 147 121 
3.91 -0.08 9.24 -0.2000 -0.1100 0.2700 -0.1822 -0.0589 0.1133 4.19 0.03 8.86 122 184 141 144 127 
4.12 -0.73 8.59 0.1700 -0.4900 -0.3900 -0.0156 -0.1800 0.1033 4.27 -0.18 8.82 127 177 149 153 128 
4.07 -0.33 8.18 -0.0200 0.8000 -0.9300 -1.1478 0.8978 -0.0133 3.41 -1.32 9.09 161 186 145 165 152 
0.92 -2.46 5.62 -0.7200 0.7700 -3.6100 -1.5756 0.9100 -0.0800 2.46 -3.27 8.91 152 218 202 205 165 
-0.20 -6.34 1.20 -0.5800 -1.6400 -6.5100 0.1089 -3.3389 -1.3278 4.09 -3.80 8.05 162 228 210 210 172 
8.06 -0.12 3.29 5.3000 3.5100 -1.5200 4.3344 -1.9600 -1.6711 6.74 1.45 6.96 161 274 174 162 137 
9.33 7.67 15.09 -0.1700 2.2100 7.4800 0.8944 0.6167 0.6400 5.68 3.94 6.94 142 288 170 156 131 
6.73 4.64 7.82 1.7500 0.7100 1.3400 0.0978 1.0244 0.4722 5.05 3.89 7.44 132 290 174 158 131 
7.23 2.72 11.42 1.2600 0.2200 2.9800 -1.4300 1.2989 1.9067 5.08 1.49 8.25 130 299 172 162 131 
0.76 -0.30 8.31 -2.9600 -0.2000 -0.9600 -1.5378 0.8711 0.4644 3.13 -1.15 9.22 130 305 175 163 135 
1.83 -0.47 5.51 -1.6800 2.1400 -3.2900 -1.0478 -0.5578 -0.7467 3.96 -2.88 8.49 132 304 183 170 141 
3.11 -0.64 3.76 -2.6400 1.8600 -4.0900 0.5289 -0.7567 -2.0578 5.62 -1.86 7.81 139 296 178 167 125 
9.32 2.26 3.59 3.1500 2.4800 -2.8700 1.3411 -1.3400 -1.6167 7.54 1.07 6.17 134 290 181 166 139 
11.00 4.15 4.98 2.8300 1.1500 -0.5700 1.0433 -0.5556 -1.0222 7.90 3.58 4.55 129 288 177 167 140 
10.59 5.36 5.01 3.0300 0.9400 1.5100 0.9844 -0.4078 -0.2044 7.88 4.82 3.27 129 285 176 166 144 
11.78 5.72 5.53 3.4500 0.8100 1.9900 0.0156 0.1467 1.2600 8.31 4.25 2.99 129 280 184 172 138 
1.92 2.45 5.43 -7.1200 -0.5500 2.0000 -0.4733 -0.0922 0.1478 8.75 2.87 3.36 133 280 179 168 138 
10.68 3.10 3.79 1.4400 -0.3000 0.3500 -0.1611 -0.1933 0.2633 8.67 2.98 3.46 128 279 182 169 136 
;
