3.96 3.35 8.48 0.0000 0.0400 0.0500 -0.0222 0.0122 0.0022 3.88 3.28 8.38 176 264 268 241 190 
3.98 3.23 8.37 0.0300 -0.0400 -0.0100 0.0300 -0.0011 -0.0167 3.90 3.29 8.37 177 256 270 245 191 
3.45 4.43 9.84 -1.2800 1.8200 2.7300 0.1578 -1.5922 -0.0633 4.61 3.40 7.95 176 261 263 239 192 
5.39 2.78 4.76 -3.2300 1.0300 -2.1600 -2.9311 -10.2389 2.9244 9.74 -0.50 -1.01 177 249 210 210 177 
-0.65 -1.30 -6.37 -3.5100 1.5100 -0.3400 -2.6778 -4.8267 -2.1344 5.22 1.62 -8.13 185 248 217 206 167 
6.17 3.05 -16.17 2.6400 -0.3900 -7.3000 1.7267 -1.2256 0.1767 3.01 2.29 -9.04 187 266 208 223 177 
8.09 -0.28 -12.17 2.8400 1.9400 -4.5200 5.0422 3.5889 2.2211 5.68 -4.40 -6.66 178 284 236 265 189 
1.16 -3.61 0.26 -5.1400 5.7100 2.5500 1.9100 2.2256 1.8333 4.55 -8.65 -0.65 182 298 263 265 189 
1.56 -1.00 -1.15 -1.5600 6.9700 -0.1400 0.1156 0.7122 -0.1311 4.11 -8.89 -0.31 175 302 259 255 186 
1.90 -5.27 -0.08 -1.8500 3.4600 -0.2400 0.0589 -1.2278 -0.7033 4.64 -8.61 -0.58 182 257 205 190 177 
5.25 -8.45 -1.69 0.8600 -0.3900 -0.8800 -1.4533 -0.2000 -0.6100 5.49 -7.75 -2.41 175 266 148 158 156 
7.16 -10.69 -7.07 3.0000 -2.9000 -2.9000 0.8022 -1.5578 -0.3856 5.34 -7.34 -3.69 173 298 151 157 141 
11.57 -7.81 -2.60 4.0300 0.5100 0.0900 2.9989 2.4211 1.5433 4.79 -8.54 -0.34 165 316 156 168 142 
8.08 -8.09 5.59 2.9500 0.5400 4.9500 -0.9578 2.3078 0.1956 4.70 -8.59 0.30 163 322 166 169 144 
6.16 -8.44 -3.09 -0.3000 0.4600 -2.0400 -1.5156 0.1267 0.2722 4.47 -8.37 -2.46 166 324 173 177 151 
4.62 -7.37 -5.50 1.5300 1.3000 -2.2800 1.0678 -0.0744 0.0244 4.40 -8.56 -1.82 165 326 171 173 146 
-7.66 -6.86 13.30 -13.1900 1.9800 12.1900 -0.1978 -3.7233 -0.8578 4.37 -8.76 -0.34 142 330 173 173 151 
8.37 -8.08 2.18 5.8300 1.3400 2.9900 -1.2833 1.9133 0.1978 4.26 -8.83 -0.07 169 269 178 185 169 
5.79 -8.40 -0.55 2.2800 1.1600 -0.4300 -2.5567 3.8756 1.9500 2.01 -9.51 -1.23 173 281 235 244 178 
0.06 -7.91 -4.67 -1.2300 2.0900 -3.0300 -1.2233 1.0622 0.8056 0.95 -9.36 -2.74 174 287 252 264 179 
1.19 -7.49 -8.16 -0.1400 2.0300 -6.6300 3.6267 -0.0011 -0.1756 1.09 -9.74 -0.14 172 262 268 273 181 
2.05 -1.62 7.38 1.0800 6.4100 4.9300 4.7156 -0.7567 -1.5800 2.99 -6.75 6.44 182 271 248 260 179 
7.10 -6.03 15.76 3.3100 0.8400 8.0300 -3.9378 0.4189 0.4044 3.29 -7.63 5.19 185 281 274 277 184 
2.46 -5.20 -1.26 -0.4600 3.9200 -4.1000 -3.9111 0.7956 0.9478 1.72 -9.60 -0.95 181 274 269 276 183 
0.63 -7.31 -10.45 0.3100 2.5300 -6.9800 2.2589 -0.2544 -0.4156 1.66 -9.64 -0.65 183 261 264 281 181 
2.79 -3.23 1.92 -1.2700 5.2500 -1.6100 5.1078 -0.7533 -0.5678 2.69 -7.63 5.53 184 263 255 279 183 
6.82 -4.31 21.06 -0.0600 -0.4000 11.1100 -0.2011 0.4333 0.0556 3.48 -5.20 7.54 179 280 270 281 184 
2.75 -3.25 9.28 -0.2200 4.2300 1.5600 -4.7156 0.3522 0.4078 2.31 -8.51 4.27 185 288 248 274 186 
0.07 -6.28 -8.27 -0.1100 2.2200 -9.0500 -1.4967 0.0333 -0.1778 1.94 -9.59 -0.53 184 285 254 277 184 
3.25 -9.49 -2.03 -0.2100 -0.1500 -2.2600 1.2244 -2.2156 -1.8289 3.76 -9.05 0.26 179 229 232 210 191 
4.27 -5.08 -3.66 -2.5100 2.5900 -3.9100 3.9178 -3.1622 -3.8567 7.77 -5.94 0.54 177 167 99 144 148 
8.32 1.39 4.71 -0.3300 5.4900 5.9400 2.2267 -1.0522 -3.8733 9.77 -0.63 -0.47 184 148 97 148 142 
22.14 9.14 -4.73 18.6200 5.7900 -3.6700 0.6689 0.2878 -0.0467 9.36 2.72 -0.99 179 153 127 153 144 
6.43 1.94 0.78 -2.4200 0.2600 1.7800 -0.4733 0.1033 0.2133 9.59 1.91 -0.73 179 159 123 154 159 
17.72 4.86 1.75 7.4900 4.2600 1.3700 -1.7544 1.4589 3.4022 9.67 -1.39 0.79 175 223 193 192 166 
7.91 -0.70 0.50 -1.5900 4.1800 -0.6800 -3.6367 4.0467 3.5333 6.13 -7.08 2.87 187 298 233 249 178 
2.70 -4.00 -1.49 -1.4200 3.6000 -4.3800 -3.1356 1.3656 1.1800 2.76 -9.40 -0.07 185 314 275 278 178 
0.94 -7.52 -7.75 -1.4000 2.5800 -7.0800 3.4700 -0.0944 -0.2844 2.56 -9.27 1.89 182 317 269 279 191 
4.10 -2.84 10.52 -0.7200 3.4600 7.5500 3.5467 -0.5922 -0.6333 3.92 -5.66 6.97 183 330 289 289 183 
5.94 -5.47 13.04 1.8600 2.0900 4.5100 -4.1478 0.6967 0.5700 3.46 -8.04 4.40 189 329 293 293 186 
2.63 -7.40 -5.72 0.6000 1.9900 -7.6400 -1.2600 0.8922 0.7711 2.03 -9.54 0.96 188 309 277 296 182 
2.19 -4.74 -3.44 -0.5200 5.2500 -4.8500 4.7878 -1.0578 -0.7544 2.82 -7.91 5.05 189 298 283 298 182 
4.83 -2.71 16.77 2.1600 1.2900 10.8600 0.8611 -0.7200 -0.0656 4.39 -4.40 7.57 189 311 303 300 187 
5.46 -3.10 11.66 1.5000 3.0700 3.3700 -3.5078 0.6933 0.4356 3.72 -6.96 5.80 191 318 292 296 185 
2.54 -3.67 0.90 -0.4500 4.9200 -2.4900 -4.0300 0.9378 0.2122 2.48 -9.41 1.16 188 310 279 291 187 
2.35 -10.11 -7.07 -0.2100 -0.8000 -5.5400 1.3500 -0.2667 -0.6300 3.06 -9.31 0.25 187 286 271 274 181 
5.14 -8.20 -2.55 0.3000 0.7100 -4.0900 2.5333 -3.0022 -1.6122 4.99 -8.29 1.54 180 205 203 189 181 
3.55 0.80 -1.48 -1.5200 6.8400 -1.9700 4.0922 -3.3622 -3.8500 8.67 -4.19 1.83 179 162 121 141 145 
8.41 4.06 6.67 6.3200 8.0800 5.3600 0.7044 0.3922 -4.2867 9.56 1.83 1.10 180 154 125 148 146 
11.19 3.34 4.13 -0.0700 0.4700 1.9300 -0.1744 -0.3878 0.5633 9.47 2.09 1.39 183 155 133 156 150 
9.44 2.56 3.70 0.8400 0.5200 2.5700 -1.7656 -1.2956 0.4444 9.68 1.31 0.85 179 203 151 153 165 
15.24 2.03 0.21 4.3700 2.0800 0.7400 -0.9067 -3.2689 3.5889 9.04 -2.10 -3.16 175 288 156 163 151 
6.68 -2.65 -8.07 0.7900 3.5500 -2.7300 2.3300 -1.8233 3.2578 4.44 -6.93 -5.31 118 241 149 159 137 
0.23 -2.59 -9.75 -2.0200 6.5100 -12.7400 5.0344 0.5222 1.3900 1.61 -9.66 -0.31 108 243 158 159 141 
1.00 -2.25 23.52 -3.0500 4.7400 15.9700 -2.3100 0.5889 -0.6133 1.21 -9.42 2.41 112 239 155 172 146 
1.80 -10.89 0.12 0.0700 -1.0900 -0.7500 -0.0067 0.9122 -0.7044 1.84 -9.51 1.48 145 225 160 166 148 
-1.58 -7.11 2.17 -3.7200 3.0900 -0.5600 0.6689 3.6289 -3.2622 4.04 -8.32 3.23 167 248 164 167 155 
2.21 -0.76 1.29 -0.4500 4.9900 -5.0700 4.5700 2.7344 -2.2944 3.55 -2.97 8.64 169 311 158 165 153 
2.21 4.91 14.89 1.1200 6.1500 8.9200 2.7456 0.4656 -0.0011 0.84 2.87 9.33 156 322 171 159 155 
3.14 4.62 12.16 1.6600 2.0800 2.4600 -0.1756 -0.1878 0.1889 1.75 3.34 9.05 146 322 182 166 148 
5.24 2.79 12.25 1.1000 -0.3800 3.1700 -1.3200 -1.0311 1.8467 3.78 1.59 8.90 143 323 173 164 148 
3.22 0.14 9.98 -1.0500 0.7900 0.7300 -1.9789 1.2800 1.2556 3.57 -1.70 8.97 136 324 170 163 146 
-0.84 -2.31 5.81 -4.4500 1.3600 -3.0600 -1.0300 -0.7200 -0.6056 3.64 -3.95 8.20 132 321 167 167 148 
4.08 0.09 2.10 -2.9000 3.6000 -5.1700 0.0800 -2.8967 -1.7311 7.83 -2.98 5.08 129 326 166 179 152 
8.45 2.49 -1.76 0.7200 3.5700 -5.2300 0.9856 -1.8633 -2.4533 9.50 0.43 2.39 124 324 173 167 146 
14.32 5.14 -2.81 6.5700 2.2800 -2.4000 1.6800 -1.5600 -1.3811 9.08 3.59 -0.81 123 328 167 164 146 
12.82 4.94 2.71 2.3800 1.4300 5.1800 0.9956 0.2222 0.2911 9.00 3.31 -2.02 125 326 164 167 144 
;
