3.22 4.16 8.10 0.0600 -0.1600 0.0000 0.0922 0.0467 0.0022 3.13 4.37 8.19 14 264 244 238 188 
2.89 4.33 8.23 -0.1300 -0.0700 0.0000 0.0289 -0.0189 -0.0911 3.09 4.42 8.18 10 263 241 240 183 
3.22 5.46 11.98 0.0600 1.3900 4.5800 -0.2778 -3.8922 1.0533 5.45 4.07 7.05 6 268 194 185 168 
15.98 3.02 5.21 6.0900 1.0800 0.3300 -0.1467 -0.5489 4.0856 8.98 -0.41 3.90 159 196 130 141 128 
6.56 -1.42 0.91 -1.9400 0.3900 -4.2100 2.7378 2.3056 1.6544 7.15 -2.07 6.37 138 188 135 151 127 
2.65 2.29 4.68 -3.5800 3.8200 -2.8700 1.2311 1.1844 0.3200 5.38 -0.83 8.15 133 180 141 149 126 
3.11 2.99 8.09 0.9100 3.6100 -0.6800 -0.4333 0.6433 -1.3267 4.11 -0.28 8.89 129 170 148 155 128 
4.86 -0.71 7.75 0.6800 0.2500 -1.4700 -1.3167 0.7467 -0.5789 3.34 -1.67 9.06 128 170 150 157 130 
-0.43 -5.94 9.17 -2.0200 -3.2100 0.4600 -0.3122 -0.0222 -0.6900 2.88 -2.34 9.07 132 170 154 156 145 
3.72 -1.80 9.62 -0.0500 0.6200 -0.0100 -0.7522 0.0844 0.1644 2.74 -2.78 8.99 152 184 164 161 146 
0.57 -2.94 6.49 -0.4500 0.4300 -2.2500 -0.1400 1.3522 -1.2956 1.85 -3.16 9.09 164 235 193 190 164 
2.05 -2.99 7.19 -0.8700 -0.5500 -1.0300 -0.8967 -1.8722 -1.4478 2.54 -3.58 8.76 172 228 213 203 167 
9.52 -5.40 6.42 7.6900 3.7500 -5.1000 -2.6589 9.8478 2.1178 -1.31 -4.91 8.38 180 138 135 144 132 
-2.37 1.13 15.33 -1.4200 1.8400 5.0000 2.7856 1.3733 1.3378 -3.06 -1.45 9.20 181 140 141 139 124 
-4.13 0.84 12.88 -1.5000 0.9400 3.9600 0.3444 -0.3056 0.1944 -3.39 -0.02 9.20 186 141 144 148 125 
-4.41 0.39 8.57 -1.1200 0.1400 -0.7800 0.2956 -0.3078 -0.0933 -2.98 0.28 9.33 185 140 147 150 125 
-2.97 0.43 9.43 -0.3700 -0.0200 0.0500 0.7733 -1.7378 -0.1311 -1.98 0.77 9.57 181 168 154 159 140 
0.08 2.59 9.93 0.9100 0.9700 0.3300 1.6411 -3.3078 -0.2056 1.48 2.75 9.29 169 229 194 201 164 
5.41 2.99 7.06 0.4000 -0.0300 -1.0200 -0.1122 -3.6333 0.1967 6.32 2.90 6.90 170 262 178 172 145 
8.14 2.41 5.90 1.3100 0.4200 0.9100 1.5444 -1.6144 0.9533 8.36 3.06 4.08 142 283 149 154 129 
12.94 3.41 5.08 5.0900 0.4300 1.1500 0.6733 -0.5467 1.7300 9.10 1.88 3.12 135 299 150 157 133 
8.21 1.24 5.79 -1.1200 1.0000 1.8000 0.0900 2.0333 1.6778 8.53 -0.37 4.80 125 301 153 161 135 
4.51 -0.61 6.74 -2.9200 0.7000 0.7100 -0.4933 0.6922 0.5944 7.27 -1.64 6.36 134 306 155 162 144 
4.35 -0.24 6.18 -2.9700 1.9700 -0.5800 -1.4811 0.2300 -0.4500 7.06 -2.61 6.27 139 314 165 168 139 
3.69 -0.37 2.55 -3.4400 2.1000 -2.9600 -0.6844 -2.0156 -1.3433 8.58 -2.12 4.24 143 313 160 170 137 
9.28 1.07 -0.80 0.9900 2.0200 -3.4000 -0.4400 -1.3700 -1.8056 9.59 0.10 2.04 146 308 160 166 140 
11.82 2.73 -0.25 2.6200 1.2300 -0.9400 0.1956 -1.3700 -1.1733 9.52 2.33 0.08 145 276 157 167 143 
12.92 3.43 -1.04 4.1500 0.6700 -0.3400 0.4167 -0.0244 -0.4911 9.21 3.25 -0.81 138 295 170 170 141 
10.79 2.77 -1.53 1.7800 -0.4200 -0.2300 0.7244 0.0644 0.3144 9.26 2.99 -1.16 138 289 167 167 139 
9.90 2.03 0.53 -1.9500 -0.2600 2.1700 0.5000 0.0078 1.5467 9.71 0.97 -0.95 139 277 166 167 141 
5.88 1.51 2.03 -0.6900 1.2800 1.0400 -1.2022 0.4911 -0.6011 9.72 1.21 0.26 154 263 162 169 146 
11.72 2.19 2.01 1.5900 0.2500 0.9900 -0.8511 1.6278 -0.2800 9.42 1.69 2.10 163 259 184 200 165 
9.05 1.57 3.09 -0.4000 -0.2400 -0.5900 -0.1056 0.4844 -0.1311 8.93 1.86 3.58 171 268 210 226 170 
9.42 1.72 1.45 -1.2300 -0.5000 0.6600 -0.2900 -5.5689 0.3689 9.46 1.56 -2.01 175 232 217 232 170 
9.15 3.27 -6.89 1.4100 0.6800 -1.1800 -1.3878 -1.8922 -0.9622 4.62 3.35 -7.96 175 226 221 237 170 
10.44 -0.54 -10.48 6.6100 -3.2500 -1.7200 -0.3489 -1.9200 3.1756 2.94 4.38 -8.26 180 250 228 246 167 
2.07 5.14 -7.55 -0.9200 0.6700 0.6200 -0.0844 0.5533 1.1244 3.18 3.95 -8.39 178 264 230 245 166 
1.89 5.69 -7.59 -0.3300 1.0400 0.4200 -0.2978 -0.1778 -0.1422 3.05 4.47 -8.17 174 258 223 242 174 
3.72 4.12 -8.79 0.6900 -0.3600 -0.6700 0.0711 0.1456 -0.0878 3.05 4.56 -8.12 182 262 231 242 166 
3.64 4.45 -8.19 0.0700 -0.0300 0.1100 0.3867 0.2711 -0.0956 3.34 4.26 -8.17 176 254 226 229 168 
3.93 4.81 -8.32 0.9200 1.0800 -0.2700 0.7111 1.5089 -0.0756 4.58 3.72 -7.82 174 255 207 212 166 
6.51 3.80 -5.85 -1.1800 0.8800 0.7400 1.4111 3.2544 0.2989 7.94 2.41 -5.21 175 247 212 218 173 
6.97 1.11 -0.74 -1.2200 -0.6800 0.6600 0.9722 3.4333 -0.8800 9.47 2.53 -0.10 178 260 221 212 171 
12.77 2.92 3.15 3.8400 0.0600 2.5700 0.2444 1.0922 0.4511 9.34 2.67 1.32 174 263 230 218 174 
23.45 8.02 9.51 6.7900 6.0200 1.3300 -5.9767 6.6178 3.6656 8.07 -2.14 5.13 173 280 230 228 177 
4.45 -2.41 -0.41 -1.5400 4.8500 -5.2500 -5.9489 2.2967 2.8900 2.73 -9.25 1.73 173 251 229 219 182 
-0.85 -7.79 -6.53 -1.9900 1.4200 -5.9900 -2.5022 0.2967 0.8344 0.59 -9.26 -3.16 165 253 235 226 175 
-0.94 -8.21 -6.25 -3.0300 3.3500 -3.2000 6.3133 1.7467 -2.3300 2.05 -9.39 1.90 167 258 237 224 175 
4.21 -4.92 10.31 2.8500 4.1400 7.2200 -1.8078 -0.8878 0.0956 2.42 -9.21 2.31 167 252 231 222 179 
2.27 -8.26 -2.16 -0.7700 1.4500 -2.1900 -3.2856 -1.5511 1.2167 1.26 -9.44 -2.31 156 245 226 214 179 
-2.50 -9.56 -9.23 -2.4900 -0.5100 -6.0000 0.1611 0.5878 0.0233 0.42 -8.86 -4.16 163 244 235 220 173 
0.55 -6.03 -3.82 -0.8400 3.0600 -0.8400 5.6344 2.0422 -1.8244 2.62 -9.28 1.74 164 252 235 223 178 
2.77 -7.21 8.07 1.9100 1.1600 2.2900 -0.2500 -1.0356 -0.2178 3.02 -8.79 3.12 160 250 229 220 176 
3.48 -9.83 2.90 0.6100 -0.6400 0.4100 0.3889 -0.1511 -0.1567 3.08 -8.84 2.90 165 250 221 223 179 
3.03 -6.39 2.50 -0.2300 2.3000 -0.9100 0.8100 -1.3533 0.0233 3.44 -8.60 3.20 165 241 229 228 174 
3.99 -6.24 3.89 -0.3900 2.1500 0.3200 1.5756 -1.3367 -0.7578 4.64 -7.40 4.44 161 249 229 220 173 
8.11 -6.54 3.93 2.8300 -1.1300 0.5300 1.2144 -1.7700 -1.3233 7.25 -5.32 3.90 10 252 227 223 173 
11.96 -8.09 10.85 3.2100 -1.8300 6.0100 -2.0367 -0.2500 2.2767 6.02 -7.14 2.96 170 272 230 238 177 
3.12 -6.09 -5.50 -0.5900 3.0500 -5.4000 -0.8611 -0.6856 2.2022 2.84 -9.32 -1.02 173 264 239 249 179 
1.13 -4.47 -3.47 -1.1100 5.6600 -3.6200 4.4656 0.5789 0.3544 1.57 -9.14 3.17 179 260 243 247 180 
-1.64 -1.06 4.22 2.8800 5.0400 0.0700 3.9356 -2.3078 -2.0333 4.19 -4.54 7.61 175 268 247 241 183 
10.63 -4.43 16.01 3.3300 -1.2300 6.2300 -1.5622 0.4078 0.3911 4.84 -4.08 7.48 179 274 249 247 180 
4.47 -3.34 8.20 0.2400 3.1200 0.8200 -4.0211 0.6300 0.8867 3.30 -7.76 4.99 178 277 231 250 185 
0.81 -6.38 -2.14 -1.3600 2.2900 -5.0500 -2.1989 -0.3667 0.0956 2.22 -9.52 0.69 183 277 251 254 181 
3.04 -7.75 -4.12 0.8500 1.3200 -4.1100 2.7267 0.5856 -0.3478 2.60 -9.19 2.18 180 266 251 253 179 
3.68 -2.56 4.61 0.1200 5.1700 0.0700 3.9700 -0.5156 -0.4056 3.28 -5.86 7.14 181 264 249 255 183 
6.80 -0.64 12.79 3.5600 2.0800 6.0800 1.5489 -0.3189 -0.1944 4.52 -1.96 8.47 182 268 242 252 181 
6.21 -1.96 13.51 2.1100 0.8700 4.6000 -1.9478 0.5933 0.4933 4.25 -3.50 8.10 182 274 257 262 186 
4.97 -3.00 6.82 1.1300 3.4200 0.1500 -3.1756 0.5567 1.1456 2.99 -7.39 5.70 175 277 257 258 182 
1.22 -4.58 1.15 -0.7900 4.1500 -2.8300 -3.2644 -0.2533 0.4078 2.01 -9.54 1.00 181 276 259 256 183 
1.03 -9.85 -4.36 -1.3400 -0.2000 -3.6500 1.2144 -0.3500 -1.1589 3.09 -9.27 0.79 175 247 245 233 179 
4.34 -6.27 -2.57 -2.2300 2.4800 -5.4400 2.8200 -3.5667 -3.6111 7.14 -6.53 1.54 174 155 115 161 152 
7.37 1.62 -0.65 0.0800 7.5600 -4.1800 4.9956 -4.7322 -3.1056 9.67 -1.43 0.65 132 151 105 144 125 
13.46 9.22 -3.87 3.3600 7.7800 -3.4700 4.5100 0.0400 -0.6711 9.68 0.62 -1.41 123 147 118 144 125 
11.06 1.41 -1.44 1.1000 1.1300 0.0500 -0.5256 0.9611 0.3889 9.78 0.52 -0.32 119 152 130 150 126 
10.68 4.01 1.28 0.9600 3.7400 0.1300 -2.2722 0.4256 0.1311 9.75 0.20 0.98 126 153 138 159 130 
7.28 2.30 -2.72 -2.8700 1.9400 -4.3300 -1.8078 0.0089 -0.0156 9.70 -0.31 1.37 9 164 151 151 128 
9.25 0.07 -4.29 -0.1000 0.0600 -4.9600 0.2456 -1.0822 -0.8067 9.78 0.63 0.06 133 158 140 151 127 
25.83 1.05 0.03 15.5900 0.1300 0.2100 -0.6467 3.3656 1.0189 9.58 1.08 -1.76 130 156 147 154 129 
8.59 1.49 3.05 -0.4900 1.4200 3.6900 -1.8789 0.3711 1.0067 9.79 -0.38 0.25 136 167 149 152 147 
4.15 0.39 2.83 -3.9500 1.1400 -1.7700 -2.2533 2.7700 -2.5300 8.84 0.24 4.22 8 197 195 202 168 
11.72 5.57 3.41 2.4500 3.0600 -1.1600 -0.6822 -0.6733 -0.9878 7.74 2.02 5.66 163 225 225 220 174 
8.52 3.89 9.03 -0.8300 0.5300 1.7500 -0.5811 0.1511 0.5200 7.51 2.02 5.96 173 223 195 218 171 
;
