8.14 2.17 5.05 -0.0900 0.1600 0.0400 0.0078 0.0167 0.0000 8.17 2.01 5.02 191 345 335 347 208 
8.18 2.13 5.06 0.0000 0.1200 -0.0200 -0.0378 -0.0200 -0.0056 8.17 2.00 5.02 187 343 334 347 208 
9.12 2.03 5.34 1.0400 0.7400 0.4600 -1.5089 0.3156 0.8011 8.20 0.71 5.32 180 341 308 299 196 
10.20 -0.62 8.50 0.1000 -1.0500 1.6500 -3.3844 5.1089 0.2022 5.09 -3.13 7.76 181 386 220 223 151 
2.31 -4.28 7.86 -1.1300 1.0000 0.0100 -3.0600 3.1900 -1.3267 2.15 -6.03 7.42 188 414 197 205 140 
5.01 -4.28 4.29 3.0600 2.6100 -2.4900 -0.5656 1.2011 -1.0789 1.84 -7.11 6.49 189 415 208 207 146 
5.80 -4.79 5.05 4.4100 1.5100 -1.7200 1.5067 -0.5211 1.0900 1.37 -6.14 7.51 180 416 216 215 150 
2.64 -8.07 15.49 -0.5400 -3.0300 8.0700 -1.0244 -0.6544 2.7889 0.29 -6.05 7.71 179 412 230 223 154 
-7.48 -6.11 8.09 -5.9900 2.4100 1.4500 -2.3933 1.4244 -0.0956 -1.37 -8.40 4.85 177 417 226 227 155 
-2.59 -2.21 2.99 -0.6400 7.1700 -0.5800 -0.7133 1.7667 -1.7533 -0.21 -9.41 2.74 183 411 234 226 157 
5.04 -2.86 1.22 4.5400 6.5200 -1.9000 1.4678 0.6733 -0.9211 1.10 -8.93 3.87 178 410 236 232 160 
8.19 -10.47 6.07 5.7900 -3.0200 1.2100 2.6889 -1.5811 1.1211 1.59 -7.12 6.55 182 407 241 237 166 
-2.27 -8.26 9.97 -3.5400 -0.5400 2.4100 -0.0422 -0.4189 0.2567 1.60 -6.86 6.81 179 405 242 238 169 
;
1.76 -3.91 5.57 0.7200 2.4300 -2.3800 1.8100 -0.4133 0.4822 1.57 -5.98 7.60 179 358 256 253 179 
4.86 0.32 3.74 0.9900 4.5800 -2.2800 8.1811 -6.2389 2.4878 6.64 0.66 7.17 187 324 334 368 211 
11.02 3.13 11.34 2.5500 0.0400 6.6300 -1.3744 -1.2367 0.0700 8.45 1.20 4.82 187 333 340 367 214 
9.15 1.43 8.65 1.7400 0.7700 4.4400 -1.6133 0.0767 0.6189 8.24 0.39 5.29 185 353 278 272 182 
10.75 0.42 6.11 3.3300 2.9700 -0.5100 -4.7589 5.1733 1.0811 6.26 -4.88 5.75 181 379 214 215 137 
2.37 -6.08 -1.28 1.1000 1.9200 -6.4800 -0.5133 3.2344 -0.8100 1.59 -7.56 6.02 166 405 203 206 136 
5.78 -6.25 8.00 4.4900 -1.0300 2.4300 1.1233 -0.5178 1.8267 0.05 -6.27 7.53 169 408 212 213 141 
-6.21 -9.37 12.59 -5.4100 -1.8200 4.7200 -2.1578 0.7256 0.6100 -1.45 -7.62 5.99 174 409 218 222 145 
-4.14 -4.47 5.53 -2.8400 5.0200 0.5300 -1.4667 1.7122 -1.2300 -1.22 -9.07 3.50 173 408 222 225 150 
0.03 -2.30 1.04 0.6500 6.9000 -2.0400 0.2378 1.3256 -1.3278 0.21 -9.37 2.88 173 411 232 226 150 
6.20 -5.30 1.44 6.0800 2.7900 -1.8500 2.2178 0.2222 -0.1833 0.75 -8.48 4.86 175 410 231 226 150 
6.80 -9.84 12.73 5.2100 -3.4000 6.0100 1.4067 -1.3156 1.8389 0.70 -6.38 7.40 173 404 237 229 151 
-3.76 -6.23 8.12 -3.6700 1.3000 0.3200 -0.0844 -0.1744 0.1300 0.61 -6.45 7.35 174 403 246 231 155 
;
1.34 -3.83 5.31 1.1300 2.1700 -2.4500 2.4611 -1.9478 1.2822 0.98 -5.12 8.30 175 367 260 264 186 
6.05 0.30 6.16 3.3300 2.5800 0.7500 6.8833 -3.5944 1.6744 5.91 1.72 7.62 192 356 352 393 218 
10.31 3.79 10.86 3.4800 1.5800 4.9500 -0.4789 -0.6633 0.3567 7.73 2.12 5.64 188 359 354 386 217 
10.01 3.48 10.12 2.4000 2.0000 5.0100 -2.1833 1.0467 0.0144 7.28 1.14 6.46 188 368 286 266 178 
2.92 -1.59 7.32 -0.6500 -0.2600 -2.2800 -5.5422 3.5622 -0.6589 2.75 -5.41 7.69 178 372 190 205 133 
5.81 -2.70 1.06 4.4900 4.7400 -5.1600 0.0733 2.3089 -0.8811 0.64 -6.93 6.90 174 380 202 215 139 
6.09 -6.86 10.25 4.7500 -2.1100 4.9200 0.8933 -0.8656 2.2544 -0.29 -5.73 7.94 177 387 205 219 144 
-5.13 -7.62 10.85 -4.0800 -0.4100 2.4900 -2.0878 0.8744 0.7344 -2.28 -7.27 6.16 178 395 208 225 150 
-6.48 -4.89 3.97 -3.8400 3.8700 -0.5200 -1.1456 1.5878 -1.4600 -2.16 -8.80 3.74 175 398 211 231 152 
-1.03 -2.40 2.70 0.1700 6.7400 -0.3300 0.1722 1.1733 -1.5978 -0.25 -9.26 3.20 180 398 227 233 158 
5.04 -4.05 3.38 5.8000 4.7100 -0.9300 -0.5178 -1.5556 0.1733 0.80 -9.19 3.31 172 387 233 226 152 
6.25 -13.62 8.29 1.6900 -6.6700 4.9100 0.5944 -2.1778 1.2678 0.71 -8.41 4.98 170 389 239 231 147 
-1.98 -8.47 4.79 -2.9600 0.9800 0.2600 0.0589 -0.0500 0.1156 0.79 -8.63 4.57 176 395 236 227 147 
;
0.70 -6.59 4.12 -0.2800 1.4300 -1.5900 3.1867 -1.4111 -0.7700 1.57 -7.32 6.33 175 393 276 248 171 
5.27 1.36 4.42 1.5100 4.0100 -3.4600 7.8600 -3.5522 0.5700 5.93 1.13 7.72 197 393 363 413 225 
11.88 8.36 13.72 3.7600 2.7500 14.6100 -2.0067 -0.5300 0.5733 8.10 2.80 4.76 193 390 362 414 226 
9.74 4.82 8.74 2.6700 3.0200 4.8600 -4.3956 1.5367 0.7411 7.26 0.92 6.52 189 383 305 287 186 
7.54 -2.27 6.78 1.2900 2.3000 -2.7700 -4.5156 6.0278 0.2833 1.28 -6.95 6.79 193 432 212 211 142 
1.59 -5.86 -0.14 0.9700 2.4900 -4.7300 -1.2244 1.5189 -0.2278 0.20 -9.04 3.78 180 429 215 214 141 
1.68 -6.36 1.88 1.7000 2.6900 -2.0200 0.9422 0.2500 0.0822 -0.07 -8.81 4.29 178 430 224 213 143 
5.86 -10.18 5.99 5.8100 -2.5000 2.1100 0.8867 -1.3022 1.1378 -0.24 -7.97 5.70 176 430 221 220 144 
-4.30 -9.30 11.16 -5.1500 -0.2700 4.6100 -1.0211 0.1756 1.3011 -1.71 -8.29 4.94 176 433 218 224 152 
-7.70 -4.13 4.74 -4.9800 4.8000 0.6600 -1.1856 1.1200 -1.5111 -1.30 -9.08 3.46 181 437 210 228 154 
1.15 -3.51 0.29 2.2800 6.5000 -1.8000 0.4133 1.5378 -1.4878 0.50 -9.34 2.93 184 437 213 230 153 
9.25 -5.16 4.57 8.0600 0.2000 2.4000 3.1622 -0.6044 0.0711 1.12 -7.61 6.06 179 440 232 232 156 
0.51 -10.05 11.26 -0.7500 -1.7700 3.6100 -0.5333 -0.5400 0.7200 1.17 -7.30 6.43 184 432 233 230 154 
-0.37 -5.34 5.68 -1.3300 2.1600 -0.6800 0.1000 0.3611 -0.2189 1.00 -7.43 6.31 178 432 245 242 162 
2.48 -4.75 5.70 1.9000 2.4900 -1.8000 2.0067 -0.9022 0.9300 0.94 -6.01 7.68 180 426 282 275 188 
0.82 -3.49 7.34 -0.0900 0.3500 -2.5600 4.7133 -2.7222 2.5089 2.01 -1.44 9.48 188 409 336 358 209 
;
8.71 2.36 11.41 2.8200 0.9900 3.7800 1.4989 -1.6089 0.7178 6.46 1.59 7.19 187 415 356 395 225 
8.20 1.78 6.75 0.5600 0.0000 -0.0100 0.0300 -0.1722 -0.1711 7.70 1.76 5.80 187 411 344 381 222 
7.85 2.13 6.94 0.4700 0.4000 0.9900 -0.4022 -0.0144 0.2111 7.37 1.48 6.29 190 411 316 308 202 
2.23 -0.25 13.80 -5.1900 0.1600 3.3900 -6.1789 4.1256 -0.6389 1.49 -3.97 8.83 170 413 197 191 117 
1.95 -4.61 3.07 2.8100 2.0700 -4.1700 -0.9922 2.0689 -1.8400 0.00 -6.83 7.03 173 414 207 195 124 
4.58 -3.81 3.18 4.7100 3.1400 -3.0200 1.1211 -0.1644 0.6000 -0.37 -6.47 7.35 177 421 217 203 129 
2.82 -8.26 13.74 2.5700 -2.0900 6.2300 -0.4533 -0.3400 2.2944 -1.40 -5.74 7.82 176 423 225 206 132 
-7.94 -5.23 8.69 -4.9400 1.7800 1.4200 -2.1522 1.2133 -0.1767 -3.11 -7.48 5.51 175 421 216 204 130 
-5.26 -3.23 4.12 -2.5600 5.0700 -0.4200 -0.5278 0.7900 -2.0500 -1.83 -8.73 4.06 180 425 219 204 131 
0.20 -3.84 3.18 1.4300 5.0400 -0.9600 0.0489 0.7711 -1.4589 0.09 -9.05 3.76 178 424 221 207 134 
5.65 -6.62 2.77 5.3400 2.0400 -1.3200 2.0078 0.3089 -0.0667 0.48 -8.18 5.37 181 426 224 207 135 
5.29 -8.81 11.80 4.0700 -2.3400 4.7000 1.2911 -1.3222 1.2967 0.56 -6.37 7.42 184 426 225 209 137 
-3.16 -7.41 8.94 -3.5400 -0.3000 1.1700 -0.0856 -0.3544 0.1433 0.63 -6.28 7.49 179 427 227 210 137 
0.77 -4.27 7.43 0.1400 1.7500 -0.4900 0.2589 0.1911 -0.0167 0.61 -6.10 7.65 179 430 232 215 142 
;
