9.20 2.91 1.95 0.0200 0.0000 -0.1800 0.0267 0.0233 -0.0100 9.10 2.94 2.16 290 444 424 469 327 
9.06 2.86 2.09 -0.0200 -0.0900 -0.1400 0.0133 0.0156 -0.0144 9.08 2.95 2.20 291 445 428 468 326 
9.23 2.98 2.01 0.4700 0.0700 -0.2200 -0.0744 0.0567 0.1089 9.10 2.85 2.24 287 448 419 401 291 
16.91 -4.06 8.12 13.7400 -2.0900 10.2600 -6.4522 8.0533 3.8567 6.18 -3.66 6.67 292 495 298 302 231 
2.64 -4.47 4.80 0.1600 3.0500 -2.1500 -3.0167 2.9200 -0.6189 2.35 -7.63 5.68 290 515 302 306 238 
4.02 -3.71 1.27 2.8300 4.2100 -3.5700 -1.0100 1.8344 -0.6689 1.84 -8.29 4.88 274 516 307 311 241 
6.47 -3.01 1.45 6.7200 5.4000 -3.9400 1.5789 0.4500 0.6533 1.29 -7.65 5.98 284 518 311 315 243 
3.54 -10.34 17.99 -0.1900 -4.8700 12.7200 -0.2244 -1.3756 2.9544 -0.08 -6.56 7.28 282 514 312 316 245 
-7.70 -5.93 8.92 -6.1300 2.8200 1.9700 -3.1133 -0.0900 0.7522 -1.32 -8.93 3.81 284 518 309 319 244 
-5.35 -2.76 2.47 -3.5500 7.1300 0.5100 -0.9856 1.6767 -1.3467 -0.78 -9.67 1.39 286 520 309 321 245 
0.36 -3.40 -1.11 0.1500 6.4900 -2.2600 0.2378 1.5633 -2.3278 1.93 -9.52 1.28 240 482 265 276 199 
24.10 -1.62 2.35 18.0700 4.8300 2.8200 3.8900 -0.8589 1.6633 3.26 -7.35 5.60 268 498 307 314 229 
-5.75 -13.93 12.57 -9.7000 -4.5400 4.0300 -0.6189 -3.2089 0.9833 3.42 -7.80 4.84 250 481 274 286 211 
4.00 -2.10 -11.03 10.1100 8.2200 -12.2600 0.5156 -15.1400 -2.3633 5.76 -7.22 -3.26 224 450 262 271 204 
6.15 -8.75 -4.36 0.3900 -0.4400 0.2400 2.6389 -1.7644 -0.6100 5.34 -7.69 -2.90 219 460 265 276 207 
-17.45 -0.48 22.85 11.4900 2.8500 10.2400 0.1889 1.9000 0.2044 5.37 -8.17 0.64 229 480 278 288 213 
7.07 -11.04 -10.89 -0.9700 -1.5200 -8.1600 2.0700 -3.2811 -1.0067 5.34 -8.21 0.44 223 481 276 290 216 
2.95 -5.09 2.61 -1.8000 3.7800 2.5800 -2.5500 0.3044 -1.5033 6.08 -7.63 -0.88 246 478 295 309 238 
5.71 -2.05 -2.88 -2.8100 2.5300 -2.6400 0.4944 4.4544 -4.7944 9.18 -2.43 2.43 251 407 341 349 259 
;
