9.38 2.15 2.77 0.2500 -0.3700 -0.1600 -0.0589 -0.1156 0.0000 9.05 2.40 2.90 166 332 337 409 192 
8.48 2.49 3.32 -0.7300 -0.1400 0.2400 -0.5833 -1.4211 -0.3178 9.29 2.56 1.78 172 335 316 350 188 
17.17 3.81 2.78 9.1000 2.3300 2.3300 -2.1967 3.4856 -0.0411 9.26 2.19 2.33 189 408 193 196 146 
2.75 2.67 4.89 -3.3200 3.2300 -3.4100 -7.3222 2.4633 -1.5067 3.65 -4.18 8.07 193 420 192 189 137 
7.04 -2.27 1.57 5.5200 4.8800 -5.3000 0.1678 0.8600 0.2211 2.11 -6.39 7.12 192 425 202 194 139 
6.00 -8.01 13.29 3.5900 -3.2500 6.3600 0.0233 -0.9444 2.5844 0.73 -5.98 7.73 185 426 207 198 139 
-4.75 -9.46 9.79 -6.1800 -1.0500 2.2600 -2.2667 1.2167 1.2656 -0.91 -8.02 5.55 181 424 211 200 142 
-5.15 -2.90 4.40 -3.2000 6.4800 0.1500 -1.1456 1.2922 -1.1056 -1.12 -9.26 3.02 180 421 211 200 142 
-0.87 -3.78 0.18 -0.7900 5.6800 -2.4900 0.3733 1.4944 -1.5944 0.60 -9.39 2.75 177 423 212 202 142 
9.87 -1.66 4.36 8.6600 6.6400 0.6300 2.9156 1.1233 -0.4722 1.32 -7.77 5.82 184 422 220 204 145 
7.33 -10.97 16.13 3.8800 -4.7200 8.7600 0.6533 -2.1011 2.4256 1.40 -6.01 7.61 183 417 224 211 149 
-7.02 -5.78 7.50 -7.8200 1.1900 -0.6100 -0.7733 -0.5044 1.4567 1.04 -6.78 7.00 196 226 231 228 155 
-3.34 -11.59 9.76 1.6100 -6.8600 1.0000 -0.4789 3.6478 3.5322 -4.55 -6.83 5.35 210 167 170 176 115 
5.40 0.34 1.85 11.7100 4.6900 -2.9000 0.9100 -0.8122 5.3267 -8.45 -1.59 4.70 212 175 174 174 112 
-18.55 1.27 10.39 -9.6400 0.1900 5.0700 -0.0233 -1.5022 -0.9678 -7.20 1.35 6.51 204 180 184 178 115 
-5.14 1.02 8.53 1.4000 0.4700 0.8000 0.2389 -2.1544 -2.8478 -5.87 -0.77 7.81 207 219 203 202 137 
;
7.41 3.95 3.38 6.9500 2.5400 -8.0100 2.4878 -10.8167 -2.6256 5.76 1.37 7.81 204 326 281 328 187 
9.34 0.70 7.22 1.0000 -0.6700 4.3600 0.6600 1.9989 -0.6300 8.32 2.95 4.25 200 320 321 335 172 
11.31 2.40 1.92 2.8500 -0.0700 -1.2600 -0.3744 -0.2378 -0.1878 8.96 2.22 3.28 200 361 290 295 184 
9.62 0.91 14.89 0.9100 -0.9800 7.7800 -8.9022 5.6444 -1.4911 2.69 -3.85 8.60 185 416 189 188 116 
8.66 -1.36 0.23 5.7500 5.6100 -6.5500 -1.2689 2.0733 -1.2167 1.98 -7.29 6.24 201 426 209 203 126 
2.91 -0.18 3.16 3.4300 6.7700 -2.9500 1.5389 0.3511 0.8256 1.07 -6.66 7.10 192 427 214 207 127 
4.27 -11.56 19.25 0.4200 -6.1700 10.7300 -1.4889 -1.0044 3.0344 -0.40 -6.18 7.59 185 422 220 205 126 
-8.51 -5.84 6.81 -6.8500 2.5200 1.1100 -2.7844 0.7333 0.2544 -1.88 -8.53 4.44 183 422 212 206 129 
-4.75 -1.64 2.63 -2.2000 8.0700 0.6200 -0.2656 2.3044 -1.2033 -1.54 -9.39 2.33 185 425 220 211 132 
3.98 -1.82 3.84 6.2600 6.7600 0.7900 0.8311 0.7822 -0.1900 -1.29 -9.42 2.37 185 424 224 212 133 
9.08 -9.45 3.80 7.8100 -1.1400 0.5700 2.4933 -2.1578 0.7433 -0.55 -8.01 5.62 186 426 232 213 135 
-5.04 -13.05 10.71 -5.2800 -5.5400 4.9100 0.2978 -0.9444 0.2456 0.47 -6.97 6.87 187 428 275 250 170 
-0.17 -6.98 7.41 0.3600 0.2300 2.4400 -0.1144 0.2056 2.0656 -0.27 -7.14 6.71 212 193 191 206 120 
-0.24 -6.59 -2.98 6.4000 2.4100 -3.9700 0.4178 0.9200 6.3756 -7.95 -4.42 3.64 211 174 178 187 105 
-6.36 0.04 5.39 -1.0300 -0.3300 1.9500 0.1744 -1.7900 0.7567 -8.17 0.07 5.41 212 183 179 190 107 
-13.52 -1.37 11.75 -5.2300 -0.8200 5.2700 -0.2967 -0.6611 -1.2056 -7.24 -1.02 6.53 211 201 191 201 116 
;
