1.64 5.93 7.61 0.0700 0.0000 -0.0600 -0.0233 0.0244 -0.0078 1.58 5.97 7.61 168 376 361 397 216 
1.47 5.84 7.57 -0.8000 0.0800 0.2700 -0.0156 -1.3167 0.6600 2.70 5.78 7.44 171 367 345 375 214 
5.94 10.34 19.74 2.2500 2.1100 5.5500 -5.4589 -4.6367 2.4200 3.74 2.22 8.78 178 397 164 165 127 
3.14 0.37 7.86 -2.5300 2.9600 -4.2200 -4.3444 -0.3456 -1.2633 2.64 -5.46 7.70 173 418 180 179 141 
-0.31 -3.46 0.41 -2.3900 4.3500 -5.5400 -1.2800 0.8511 -0.5400 2.09 -7.85 5.48 173 422 182 181 142 
2.94 -2.19 1.23 1.4800 4.9500 -4.7900 2.4022 0.9689 -0.8133 2.21 -6.31 7.16 171 425 185 184 143 
10.46 -3.17 13.13 7.0700 0.0400 5.1000 1.8511 -0.7467 3.8633 1.12 -3.60 9.04 171 424 192 187 143 
-10.56 -2.92 19.08 -12.0100 1.3200 8.4200 -2.8878 0.1444 2.4978 -1.27 -5.42 8.07 169 420 191 188 143 
-5.63 -2.34 6.20 -4.4800 5.0500 -0.1900 -2.1900 0.9800 -1.2722 -0.71 -8.08 5.50 170 420 192 190 146 
-1.86 -1.60 3.89 -1.6500 7.0700 -0.5100 -0.9889 1.3122 -2.6744 1.60 -8.93 3.69 169 419 196 190 145 
6.16 -2.07 1.18 3.8800 6.4300 -3.0800 1.2144 2.0889 -2.1233 3.57 -7.69 4.91 168 405 192 190 145 
18.21 -2.01 7.40 12.7900 1.2900 1.8700 3.9833 -2.0867 2.3811 3.75 -4.55 7.83 166 392 190 191 146 
-2.98 -4.92 17.13 -7.9800 0.2600 8.1500 -0.6989 -1.5822 1.6000 4.90 -4.95 6.89 169 378 195 190 144 
9.05 -5.39 4.10 1.7200 -1.0800 1.5000 1.5033 -10.5889 0.8300 8.02 -5.50 -1.20 121 322 189 180 135 
8.38 -10.92 -7.07 0.1900 -3.7800 -7.1100 3.1700 1.8889 1.3311 4.56 -8.62 -0.97 126 310 181 180 134 
-0.42 -3.64 1.40 -4.4300 5.9400 -0.3000 1.4800 1.3589 0.1611 3.48 -8.45 3.53 137 316 185 180 135 
0.75 -4.98 2.65 -2.2500 2.7900 -0.9400 -1.3867 -0.2422 -0.8189 4.11 -8.51 2.60 135 317 188 184 133 
16.90 -20.87 -23.95 11.0400 -9.9700 -25.8100 6.7356 1.5533 3.3467 1.95 -7.49 6.01 133 337 190 185 131 
-8.45 6.57 18.96 -8.0000 9.3100 8.2300 -0.8356 -0.1500 -0.7478 0.29 -4.97 8.44 136 344 189 185 133 
2.67 -6.01 7.08 1.4500 0.0900 -0.1300 -1.3189 -0.4678 -0.4489 1.49 -6.63 7.06 143 343 192 187 135 
1.07 -6.27 6.01 -1.5200 1.1000 -0.1800 -1.2500 -0.5500 -0.9900 2.82 -7.57 5.55 157 338 192 187 136 
0.57 -7.11 2.24 -2.5700 -0.4000 -1.6400 0.3978 -2.0356 -3.9756 6.94 -5.99 3.46 147 380 178 189 138 
10.03 -0.76 3.87 1.3600 2.1100 0.1700 0.0022 -1.4733 -2.0356 9.41 -1.50 2.30 143 382 196 189 139 
7.09 2.72 -2.17 -2.9200 3.4600 -2.0700 -0.2867 -2.0567 -1.5878 9.75 0.25 -1.01 140 377 191 190 138 
14.17 4.94 -13.86 9.4400 3.1400 -11.7400 3.3756 -0.7467 -0.2300 9.15 1.15 -3.32 145 376 199 191 139 
18.78 5.05 3.64 1.1800 6.0600 3.3800 0.5600 4.2222 3.4100 9.21 -3.04 1.41 148 381 201 192 140 
-2.84 -3.47 5.13 -10.8800 0.5000 -1.0800 -2.5022 1.2033 0.2089 7.18 -5.00 4.42 148 380 202 194 139 
-1.41 0.18 -0.84 -9.5100 5.4500 -4.1400 -1.2444 -1.9378 -2.7156 9.06 -3.42 1.52 143 382 203 195 140 
10.89 5.76 -10.63 6.0700 5.6000 -9.9800 0.2289 -1.0011 -3.1722 9.57 1.79 -1.14 133 358 204 195 142 
16.77 3.51 4.02 5.3200 1.9700 7.0800 0.1589 -0.6256 1.5256 9.32 0.22 -3.03 135 356 202 197 142 
7.46 0.07 -1.55 -1.9600 0.8200 1.4900 -0.8756 0.1156 0.1856 9.22 -0.56 -3.29 143 338 201 195 145 
;
