7.10 2.17 6.35 -0.1800 -0.0900 0.2000 0.0256 -0.0422 -0.0189 7.33 2.31 6.08 192 346 328 342 206 
7.54 2.40 6.02 0.2000 0.0500 0.1100 -0.0678 -0.0411 0.1578 7.42 2.22 6.00 193 354 322 329 206 
12.88 0.92 12.96 2.2800 1.2000 6.1400 -5.2267 4.2644 1.1944 6.39 -2.26 7.08 206 422 180 177 109 
1.14 -4.01 5.21 -0.4800 1.6300 -2.8200 -2.7611 4.3744 -2.0267 1.77 -6.75 6.88 168 435 189 185 118 
4.00 -4.55 1.14 4.1900 2.9900 -4.1300 0.3789 1.3467 -1.3422 1.15 -6.96 6.81 172 435 195 191 121 
8.54 -6.59 9.97 6.3100 -0.9200 4.2000 0.7056 -0.8467 2.9011 0.16 -5.98 7.76 169 434 202 192 121 
-6.44 -6.45 10.87 -6.0200 0.7200 3.0000 -2.4467 -0.0056 1.6889 -1.76 -7.49 6.07 171 434 208 193 123 
-5.35 -4.05 4.51 -2.4800 5.1000 -0.3200 -1.4933 1.4444 -1.2856 -1.68 -9.07 3.30 171 436 209 192 126 
1.38 -3.89 0.06 2.4400 5.4100 -2.7400 0.5689 1.1378 -1.4411 0.00 -9.33 3.01 169 431 211 195 127 
13.01 -6.80 3.59 7.6500 -1.8900 0.5100 2.4822 -1.6256 1.0278 1.15 -7.89 5.69 173 432 210 197 129 
-4.18 -8.79 10.47 -4.5200 0.1600 3.2200 0.2078 -1.1744 0.5022 1.34 -7.32 6.37 175 428 231 217 144 
2.60 -5.28 9.00 0.9200 1.1100 3.0700 0.4756 -3.4133 0.0222 3.91 -6.63 6.06 195 419 325 375 212 
6.30 -7.02 7.70 1.6100 0.7800 1.8400 -3.4400 1.3544 0.5644 3.48 -8.62 3.09 191 399 345 425 216 
5.47 -6.64 -6.31 1.3500 2.7900 -8.6300 -1.3800 1.5667 1.1122 2.11 -9.56 -0.43 188 399 351 433 218 
-1.74 -1.80 -2.27 -3.4800 7.3200 0.2000 9.8078 -2.1644 0.6878 1.07 -5.28 8.19 194 393 360 433 223 
2.26 0.31 18.39 0.9700 5.4100 6.7800 -6.1944 -0.2011 -0.4078 2.42 -7.30 6.07 175 399 358 434 224 
5.53 -7.69 -16.30 2.9200 1.6300 -18.1700 3.4167 -0.1100 0.9033 1.51 -8.44 4.75 181 391 358 430 224 
-1.26 1.75 25.06 -2.1300 4.9500 18.4600 -2.7967 -0.0944 -0.4822 1.93 -5.99 7.51 183 401 363 433 223 
3.51 -5.37 0.54 1.1200 2.7900 -5.3400 -4.2756 -1.4356 -0.9911 3.37 -8.96 2.10 185 385 346 411 214 
2.89 -6.29 -6.88 -1.3600 2.9200 -9.2100 6.2044 -2.8522 -0.2233 4.82 -6.88 5.05 179 335 330 364 215 
12.50 5.84 11.38 5.9600 7.0500 9.8300 5.5600 -1.2111 -0.4656 7.67 0.26 6.09 191 358 349 398 220 
;
