0.99 0.62 9.80 -0.1000 0.0500 0.0800 0.0000 0.0278 0.0000 1.07 0.60 9.72 182 380 378 425 228 
0.97 0.60 9.75 -0.0700 -0.0100 0.0800 0.0033 0.0611 -0.0100 1.01 0.60 9.73 185 380 377 424 229 
3.08 1.77 16.75 3.3600 2.2700 9.2700 -3.1978 -1.6400 2.4467 1.02 -1.22 9.67 219 404 228 227 167 
2.22 -1.89 4.13 -4.0000 1.1900 -1.6300 -2.3833 -1.9856 1.1178 2.78 -6.92 6.36 205 439 211 209 155 
-0.20 -4.29 0.92 -2.6800 3.6500 -4.0300 -0.4644 0.3711 0.1433 1.96 -8.33 4.78 204 437 216 214 158 
3.56 -3.35 3.70 4.1500 4.2300 -0.1300 2.2622 0.7533 0.2200 1.26 -7.03 6.71 204 441 215 222 163 
5.44 -8.66 15.62 3.1500 -3.2400 8.3900 -0.0900 -1.7156 3.2644 0.11 -6.24 7.56 205 438 222 226 167 
-10.21 -6.56 10.51 -8.7400 2.0200 3.6400 -3.1233 -0.1367 0.3600 -1.20 -8.67 4.41 202 437 226 229 167 
-5.15 -3.72 2.81 -4.5900 6.1400 0.7000 -1.3489 2.0500 -1.9967 0.39 -9.70 1.34 201 437 226 230 167 
5.02 -0.97 0.84 5.3600 8.1500 -0.7100 1.2333 2.1578 -1.6422 2.66 -9.01 2.78 202 433 228 231 167 
13.32 -7.89 5.09 7.8300 -1.1600 3.0900 2.9400 -1.4967 1.2722 2.83 -7.34 5.84 200 438 232 236 167 
-4.13 -11.69 11.93 -6.7300 -4.0900 5.4800 -0.3278 -0.9333 0.0722 3.14 -7.10 5.98 197 428 246 244 175 
7.40 -5.41 1.39 3.3200 1.3600 -4.3100 2.9911 -11.2333 1.6678 7.31 -6.03 2.49 204 201 211 204 138 
-3.10 -4.01 -2.02 -13.1900 2.6600 -2.9300 4.4267 -1.0111 -3.2678 8.88 -3.91 1.38 215 186 194 194 131 
21.73 4.80 -0.26 13.8400 4.7800 -1.2500 -1.5044 -1.4544 -1.6456 9.75 0.40 -0.92 216 195 197 196 129 
9.52 0.97 0.39 -0.7900 1.2000 1.1900 -0.1633 0.7211 0.0300 9.77 0.41 -0.67 215 203 202 201 137 
10.05 1.98 -1.30 -1.5700 1.0000 -1.3200 0.0044 2.1044 0.0889 9.69 0.24 1.48 193 288 254 253 178 
;
