8.00 1.41 5.08 -0.3800 -0.2100 0.2200 -0.0067 -0.0489 -0.0367 8.33 1.66 4.88 185 351 335 380 213 
8.25 1.80 4.95 -0.0500 0.1000 0.0200 -0.0100 -0.0722 -0.0333 8.39 1.72 4.77 184 350 334 376 211 
8.98 2.74 5.20 1.3500 1.4900 1.0500 -0.1956 -0.6122 0.7067 8.55 1.09 4.66 184 317 287 303 197 
15.42 2.40 10.83 16.3000 5.3100 4.0600 -7.6956 9.4189 1.9378 4.94 -5.20 6.67 213 230 171 170 110 
5.17 -7.11 -2.98 0.0900 4.4000 -5.0600 -1.8467 2.9889 0.3344 0.57 -9.19 3.34 210 423 181 178 120 
0.48 -7.15 1.36 0.5200 2.0400 -2.0200 0.3889 1.0944 -0.0911 -0.41 -9.08 3.66 213 432 192 188 124 
1.04 -6.57 1.67 1.9900 2.4300 -2.2100 1.3567 0.0967 -0.2178 -0.21 -8.62 4.65 206 436 199 191 124 
4.35 -9.72 8.76 3.8700 -2.5200 3.8400 1.4700 -1.4656 1.8267 -0.63 -7.06 6.77 188 436 202 192 127 
-6.73 -9.04 9.70 -4.9200 -0.7700 3.1000 -1.8467 0.2189 0.7833 -1.77 -7.93 5.48 188 434 199 194 130 
-6.62 -5.49 4.53 -3.8200 4.0800 0.6500 -1.2956 1.4200 -1.0933 -1.86 -9.19 2.86 189 431 202 197 131 
0.54 -3.00 0.13 1.7400 5.7200 -2.3200 0.9611 1.4833 -1.2144 -0.42 -9.40 2.75 188 431 194 198 133 
9.91 -7.21 4.80 10.0600 -0.1700 1.2300 2.4456 -0.9967 0.2178 0.36 -7.99 5.66 191 430 206 199 133 
-3.42 -12.20 11.00 -6.1300 -4.4500 3.7000 -0.6822 -1.1389 0.8722 0.76 -7.67 6.06 185 429 207 199 133 
-1.23 -4.61 5.19 -2.2500 3.2000 -0.7800 0.4400 0.0811 -0.1544 0.95 -7.62 6.08 187 387 221 221 158 
9.26 -5.90 0.31 2.8500 -1.6300 -5.2200 -1.1022 -9.9311 -1.1456 8.05 -5.57 0.55 148 165 174 191 130 
10.97 -0.08 -13.27 2.5400 5.1500 -11.0400 4.1311 0.5111 0.2911 8.44 -4.89 0.93 150 170 171 179 123 
4.78 5.11 -1.68 -5.0500 10.0100 -5.2400 7.3767 -2.0178 -0.2189 8.46 -1.78 4.62 133 165 183 187 122 
7.83 1.19 5.72 -0.3500 3.7400 4.7800 -2.1656 -0.4400 -0.3478 9.07 -2.54 2.71 135 173 181 187 125 
12.75 1.09 -3.72 1.5300 2.8300 -6.4400 -1.0300 0.4211 1.1989 8.73 -4.02 1.90 132 173 186 187 125 
14.15 -5.97 34.70 7.6900 2.1300 0.8800 -0.8878 0.3444 -0.3078 9.01 -3.01 2.41 140 169 181 186 120 
6.61 -3.91 3.52 -1.1900 0.1600 3.2700 -1.0633 -0.6022 0.4456 8.81 -4.27 0.47 154 192 196 208 143 
8.03 -4.22 -2.53 -0.5500 -0.8900 -4.9600 1.8544 3.0644 -1.5333 8.70 -2.68 3.64 177 299 308 342 204 
7.78 -0.39 4.98 -0.0200 0.3400 -0.2200 3.4911 -0.5300 -0.2222 8.67 0.35 4.55 184 362 336 423 210 
7.92 3.61 7.67 -0.7200 1.6200 1.3400 0.1178 -0.1322 0.2189 7.96 1.17 5.60 182 341 337 409 213 
;
