8.29 3.63 3.81 0.0600 0.0000 -0.2100 0.0167 -0.0189 0.0067 8.17 3.63 4.00 238 418 408 453 279 
8.28 3.74 3.85 0.0400 0.1200 -0.1500 -0.0111 0.0200 0.0011 8.18 3.63 3.99 239 418 404 451 277 
11.89 5.03 3.64 2.4000 1.4400 -0.1800 -1.5967 4.3778 -0.4333 6.53 3.01 6.66 235 452 244 50 181 
2.42 -3.15 16.10 0.3200 0.3200 6.9000 -6.1633 0.6967 -0.4022 3.82 -4.22 7.98 233 456 233 228 176 
4.87 -0.99 4.65 0.4600 4.9700 -3.8700 -3.0600 1.5822 -0.1000 2.53 -7.76 5.43 237 462 247 237 183 
1.43 -4.12 -0.92 -0.5800 4.6300 -5.3100 0.1167 1.3744 -0.7889 1.98 -8.54 4.37 231 463 244 220 181 
7.47 -1.17 3.63 7.8800 6.0500 -1.4700 3.0667 0.6189 0.3789 1.51 -6.39 7.27 230 465 249 238 183 
5.96 -5.29 19.38 2.9000 -1.9600 12.3700 0.5411 -1.5089 4.6911 0.20 -4.16 8.87 226 457 246 238 182 
-10.91 -4.62 14.70 -8.7600 2.8100 4.4400 -3.8378 0.0856 0.3400 -0.68 -8.06 5.53 219 463 246 246 189 
-3.09 -2.00 2.19 -2.5800 7.0100 -1.0700 -2.1433 1.7500 -0.8644 -0.27 -9.68 1.50 229 478 265 261 203 
2.54 -1.82 -1.40 2.6400 8.7800 -1.6100 0.5122 1.2922 -1.4267 1.59 -9.61 1.07 235 482 264 262 204 
9.28 -6.77 -1.46 9.4800 2.8100 -3.7300 3.6278 -0.5700 -0.7400 2.76 -8.29 4.43 237 478 262 263 203 
1.04 -12.28 12.76 -3.8500 -4.9100 5.7600 1.1933 -1.4000 0.8989 3.18 -6.73 6.37 238 474 269 267 205 
-0.16 -5.52 8.05 -1.9800 2.6800 3.0500 -0.2567 0.2822 -0.2678 3.31 -6.80 6.23 245 467 310 325 255 
5.31 -8.57 11.63 3.4400 -0.1400 5.9800 -4.5367 0.3444 1.1156 2.12 -9.17 2.72 234 403 396 457 279 
3.59 -3.05 -6.78 -0.5300 4.3200 -4.2800 -2.8267 1.1356 1.2767 0.51 -8.90 -4.08 226 401 409 460 282 
0.07 -5.42 -7.42 -0.5400 2.2800 -2.4800 -0.5556 -0.6833 0.3133 -0.43 -8.07 -5.55 210 401 407 460 283 
0.92 -3.65 -12.94 1.2000 5.3700 -7.9800 5.5800 0.6867 -0.5856 0.12 -9.64 -1.74 215 407 409 464 288 
4.30 -9.91 21.13 2.2600 -1.5200 12.0100 -3.6622 -1.0122 -0.5567 0.83 -9.72 -0.99 215 415 413 459 287 
-1.18 -3.63 -14.02 -2.5700 5.1900 -14.3500 0.5978 -0.6400 -0.1122 0.41 -8.73 -4.43 218 411 408 458 288 
0.58 -4.69 10.61 0.1900 3.4900 13.6300 2.7378 0.4244 -0.2467 0.94 -9.34 2.83 231 419 414 464 291 
3.26 -8.88 3.72 1.2100 1.1300 0.8100 -1.2544 -0.4889 -0.1167 1.86 -9.53 1.34 234 435 409 460 287 
2.10 -7.78 -1.84 0.3700 1.6000 -2.9200 1.0189 -1.9611 0.2944 1.73 -9.59 1.06 223 375 352 373 263 
;
