0.87 3.78 9.12 0.1100 0.0100 0.0200 0.0322 -0.0489 0.0144 0.78 3.73 9.03 208 373 395 444 243 
0.98 3.99 8.84 0.2100 0.2900 -0.2000 -0.0256 0.1811 0.0711 0.74 3.76 9.02 210 383 391 441 243 
-0.66 3.85 10.89 -1.8900 -0.4400 2.4100 -0.0978 0.6344 0.2511 0.81 4.00 8.91 209 413 212 230 175 
0.12 3.18 15.20 0.5200 2.1500 5.2100 -4.3878 -0.4822 -1.1756 0.75 -0.13 9.77 207 435 192 195 151 
0.54 -1.53 5.29 -1.7900 4.2600 -4.4500 -3.2656 0.4956 -0.5744 1.06 -6.38 7.36 208 445 215 206 160 
0.23 -4.20 1.40 -0.7600 2.7700 -4.0600 -0.9233 0.6256 -0.4433 1.03 -8.10 5.41 203 449 220 210 160 
2.99 -4.08 3.01 3.3900 3.5400 -2.7100 1.5311 0.3689 -0.0844 1.04 -7.22 6.54 206 450 222 215 162 
5.31 -5.94 11.59 4.1700 -0.3600 4.9000 1.5256 -0.7089 2.3078 0.03 -5.00 8.43 205 448 226 216 161 
-4.85 -6.63 16.07 -5.0100 -1.9100 6.9900 -1.9489 -0.1344 2.2467 -1.13 -5.58 7.97 221 464 248 242 191 
-5.83 -4.31 7.31 -3.5000 3.5400 0.6800 -2.5300 1.0711 -0.1178 -2.37 -7.96 5.20 270 501 294 284 235 
-4.18 -3.54 1.98 -2.2800 5.6500 -1.2200 -0.6689 1.2856 -2.0078 -1.13 -9.33 2.76 264 497 288 280 227 
2.08 -2.12 1.22 1.8100 7.2600 -1.5200 1.3567 1.6544 -2.2678 1.57 -8.89 3.82 259 495 288 278 226 
12.70 -1.73 6.29 10.7600 4.5800 1.0600 3.8522 -0.2556 0.1378 2.23 -5.85 7.54 260 488 292 280 228 
3.40 -9.93 18.72 -0.9400 -5.0800 9.2800 0.0056 -2.0311 1.6511 3.75 -4.21 8.01 260 491 291 283 226 
-0.20 -1.39 7.27 -3.9700 4.0800 -0.7500 -1.1778 0.2000 0.8778 3.80 -6.00 6.75 299 448 320 320 285 
0.93 -2.16 1.95 -6.0500 2.4000 -6.6200 2.8911 -15.7022 -4.2467 9.28 -2.63 -1.71 284 362 385 422 317 
3.18 3.28 -9.92 -3.2100 3.0600 -3.2600 -2.0122 -1.5067 -0.0811 3.31 0.19 -9.22 265 338 354 410 285 
5.39 1.61 -13.11 2.5600 -0.9800 -5.4000 -1.0033 0.6944 -0.9111 3.44 2.82 -8.73 273 362 367 420 290 
7.70 1.63 -16.70 3.9900 0.2600 -9.1500 3.0378 0.1311 0.7989 3.85 0.42 -9.00 272 384 369 399 288 
8.26 -0.82 -11.45 -0.7600 5.3200 -2.7800 6.7033 3.2556 2.6322 6.03 -6.94 -3.39 283 485 425 480 293 
-0.94 -0.66 1.27 -4.9700 7.8500 0.6700 0.3100 0.6333 1.0367 3.95 -8.96 0.39 287 488 438 487 295 
2.11 -4.89 0.52 -1.8500 4.0000 -0.2600 -0.4844 -0.0367 -0.6489 4.37 -8.77 0.16 285 488 417 405 280 
2.73 -5.65 -4.21 -2.7200 3.5000 -3.5200 -2.2533 -2.4411 -0.5322 4.71 -8.07 -2.93 197 427 228 242 190 
7.61 -8.18 -5.72 1.8400 -1.8400 -1.9100 1.0044 -1.8978 -1.4656 6.01 -6.93 -3.44 169 445 230 239 184 
12.14 -8.51 -3.31 4.0100 -0.9400 -0.1500 2.3222 -0.3244 0.5822 5.59 -7.73 -2.22 144 432 196 207 150 
3.58 -6.61 -2.17 -0.9200 1.6400 -1.3300 4.4467 0.5900 -1.3922 5.70 -7.96 0.50 145 436 204 211 154 
1.97 -7.87 -0.64 -2.0900 -1.4100 -2.0900 -1.3978 -0.4644 0.0733 5.32 -8.15 -1.11 145 434 205 217 158 
8.17 -5.51 3.02 1.5700 1.9400 1.1000 -2.0622 3.2211 0.0700 5.62 -7.99 0.77 153 425 210 219 159 
5.14 -4.24 1.80 -0.9700 3.7500 2.1500 -2.9978 1.8356 -2.1444 7.14 -6.63 -1.06 179 421 226 241 183 
;
