8.28 1.65 4.79 0.0000 -0.0200 -0.0500 0.0067 0.0311 -0.0067 8.34 1.69 4.86 171 351 355 407 212 
8.34 1.71 4.81 0.0200 0.0000 -0.0500 0.0000 0.0300 -0.0011 8.31 1.70 4.91 167 350 356 406 211 
9.28 2.45 6.00 1.6500 1.4900 1.8000 -1.1522 -0.5444 1.3733 8.59 0.65 4.67 171 352 327 391 215 
14.65 0.30 6.88 7.8900 3.8300 1.3400 -4.7478 3.2344 2.2778 7.17 -4.82 4.62 172 340 348 399 216 
4.75 -4.82 -0.13 0.4500 3.5400 -4.3800 -3.5744 3.9856 2.6733 1.24 -9.33 2.72 171 338 351 409 217 
-0.44 -6.83 -1.94 0.2900 2.9300 -2.1500 -1.9978 2.0644 1.4456 -1.68 -9.60 -0.99 171 348 352 421 218 
-2.83 -7.68 -6.13 -0.7200 1.8000 -6.2600 0.0278 -1.2456 -0.2744 -2.31 -9.26 -2.21 170 331 347 402 217 
-0.56 -1.76 -5.89 1.4700 8.5200 -8.2500 7.6067 -3.2078 -2.5078 1.04 -7.70 5.97 170 340 340 395 217 
10.92 9.77 16.81 8.1500 8.4100 8.2100 4.0367 -1.7211 -0.7678 5.03 1.57 8.26 173 356 313 395 219 
6.57 4.80 14.24 -0.1700 2.1600 5.9400 -1.1544 -0.7711 0.8867 6.39 1.49 7.28 173 362 348 361 213 
7.41 0.07 10.42 0.2300 0.9700 2.6400 -3.8878 -6.1222 4.6756 8.21 -4.22 3.28 118 350 192 187 121 
3.32 -6.20 -3.90 -2.4900 2.6200 -1.2100 1.9356 0.8278 3.1600 2.93 -9.34 -0.53 97 356 178 171 110 
-1.15 -7.55 1.65 -2.2600 2.0100 0.1200 0.6922 0.9322 0.2933 1.39 -9.57 1.58 99 362 181 173 113 
0.89 -8.36 -0.05 -0.2200 1.0700 -2.4800 0.7433 0.1700 -0.4278 1.73 -9.33 2.46 104 357 185 177 115 
4.92 -8.29 -6.51 4.3900 1.3000 -10.5800 4.5178 0.1900 1.2833 1.02 -7.32 6.44 108 368 190 182 117 
-4.58 3.56 27.08 -4.7300 7.5200 13.6900 -2.5711 0.5567 -0.8800 0.57 -6.45 7.36 109 373 195 187 123 
0.95 -4.13 2.57 -2.0600 3.7900 -3.4100 -2.5167 -1.2478 -1.6044 2.59 -8.39 4.34 136 352 197 226 160 
0.62 -4.80 -6.13 -4.2700 2.2400 -9.2600 0.9700 1.6133 -5.8400 7.20 -5.54 3.67 162 274 266 300 189 
16.01 2.84 8.60 7.3100 3.6000 6.8900 1.6189 -0.6433 -1.1200 8.95 0.23 3.97 172 328 342 399 210 
9.42 1.77 6.85 -1.0500 -0.3100 0.0700 0.3578 -0.0633 0.1389 8.53 0.98 4.73 172 334 334 394 211 
;
