9.46 2.23 1.13 -0.0200 -0.0100 -0.0900 0.0078 -0.0033 0.0056 9.45 2.27 1.24 178 331 321 319 199 
9.58 2.33 0.94 0.1100 0.0600 -0.2100 0.0000 0.0689 0.0089 9.45 2.27 1.24 176 328 323 318 198 
11.46 3.75 2.25 2.0400 1.7200 1.4800 -0.1811 -1.3867 1.6844 9.67 1.44 0.73 183 350 332 345 201 
14.48 5.84 5.56 5.1600 7.0400 1.9600 -7.6111 2.0856 4.1633 8.42 -4.44 2.32 187 376 326 374 201 
5.20 0.81 -5.82 0.0400 9.1400 -5.4200 -4.9600 2.2689 4.4967 3.18 -8.94 -2.43 185 376 329 382 200 
-1.97 -3.06 -11.13 -2.8800 4.2500 -5.4000 -0.5067 -0.7567 0.6200 0.63 -8.00 -5.63 182 369 336 377 199 
-0.21 -3.18 -11.00 0.0800 6.5800 -7.7500 8.2500 -0.8833 -0.7222 0.95 -9.74 0.50 190 355 329 383 205 
2.93 11.24 10.64 -0.2000 15.7000 7.9400 8.1222 -1.5011 0.5211 1.57 -0.73 9.65 205 348 339 406 212 
5.75 5.57 19.12 1.0600 3.9700 8.6600 -1.3744 -1.1933 -0.0911 3.97 0.66 8.93 203 337 317 388 210 
-3.13 0.78 2.45 -6.9300 4.2100 -6.1300 -4.4156 -12.5211 1.5767 8.51 -4.45 -1.96 200 318 319 347 216 
2.38 1.46 -7.52 -9.9700 1.4700 -2.9500 -2.1811 -2.0489 1.1056 1.13 -3.64 -9.03 208 313 296 337 219 
4.78 -2.55 -11.08 3.0700 0.1100 -2.0700 -0.4622 0.8211 -0.3967 2.23 -2.46 -9.22 209 320 306 345 223 
3.39 0.21 -12.48 -2.9100 3.0000 -4.2100 2.5378 4.5578 -1.9133 7.25 -3.08 -5.83 210 311 290 303 203 
;
