7.75 0.41 5.92 0.0100 -0.0400 0.0000 0.0278 0.0144 -0.0156 7.76 0.48 5.97 179 346 344 339 206 
7.85 0.43 5.91 -0.0200 -0.2100 -0.1900 0.0089 0.0711 0.0044 7.72 0.52 6.02 180 346 346 338 205 
8.44 1.04 7.26 0.8100 1.2100 2.1200 -0.5444 -0.3178 0.4000 7.87 0.14 5.84 181 352 346 342 204 
11.07 1.43 8.87 2.3300 3.3300 2.4900 -3.9756 0.6611 1.7989 7.57 -3.77 4.96 186 368 345 381 205 
8.36 -3.77 1.74 2.1700 2.8200 -3.2300 -3.9544 3.3433 1.8422 3.96 -8.14 3.75 175 370 347 361 204 
2.95 -6.15 -2.85 0.2700 3.2700 -3.7300 -2.7178 2.3822 1.6778 0.55 -9.79 0.00 163 376 330 394 207 
-2.55 -9.25 -5.32 -2.3700 0.5500 -4.6700 0.3378 -0.1122 0.3644 -0.95 -9.70 -1.01 161 360 358 397 208 
0.24 -4.93 -5.46 1.5300 5.7800 -7.7000 7.4089 -2.3844 -2.0956 1.44 -7.58 6.04 161 374 358 431 219 
5.90 11.06 9.07 3.1600 12.6700 5.5100 6.1411 -1.6889 0.2967 3.74 2.61 8.67 165 385 368 436 223 
3.79 8.95 19.41 0.4600 5.7800 9.6700 -3.8067 -0.9211 1.1289 5.30 1.26 8.14 174 374 364 431 223 
8.25 1.05 5.23 2.6500 5.1300 -2.2400 -6.4878 1.8000 2.4800 3.58 -7.00 5.84 172 344 353 419 220 
-0.85 -6.62 -4.54 -1.5300 2.1700 -6.6500 -1.9644 1.7011 1.1567 0.00 -9.71 1.31 163 338 354 405 217 
-0.47 -9.46 0.18 -0.0900 0.1800 -0.8700 0.5433 0.8122 -0.1033 -0.24 -9.62 1.84 163 346 361 406 217 
1.27 -9.96 -5.98 -0.2800 0.6000 -8.5600 4.8944 -0.2989 -0.6344 0.58 -8.22 5.31 160 369 356 425 222 
5.90 -0.87 23.07 3.9100 3.8800 12.7100 -2.9011 0.3911 0.3022 1.39 -7.06 6.65 161 354 364 421 224 
0.58 -7.61 -4.09 -0.5100 1.2900 -10.2000 -2.5067 0.6044 0.1122 -0.31 -9.75 0.96 155 344 363 411 219 
0.54 -3.22 -4.70 0.1700 5.8000 -7.8900 6.8356 -2.9644 -1.6233 2.35 -6.67 6.79 163 373 366 422 223 
7.98 -2.87 20.29 3.4200 2.0700 7.8900 -3.7511 0.7044 0.7856 3.00 -6.78 6.40 157 363 368 422 223 
1.37 -6.74 -1.03 -0.3300 1.6800 -5.3700 -2.7622 -0.0444 1.0000 1.05 -9.45 2.36 161 343 354 374 209 
-1.74 -9.27 -2.62 -2.5800 0.2600 -4.7300 1.5644 -1.0444 -0.5744 1.23 -9.17 3.24 163 303 324 305 203 
2.79 -3.67 -1.38 -0.8800 3.7700 -6.8100 5.0333 -2.5756 -2.8800 5.92 -4.45 6.41 174 316 338 329 208 
13.27 3.07 11.36 4.4500 3.1200 5.8200 1.7178 -2.8211 -0.2567 8.88 0.10 4.14 175 338 326 380 214 
;
8.87 1.68 5.92 -0.8500 -0.1200 0.9000 -0.2867 -0.8311 0.2122 9.11 0.86 3.51 171 338 322 391 213 
9.28 1.14 5.06 0.1800 -0.0800 1.1800 -0.1400 0.0444 0.0478 8.94 1.07 3.88 175 337 349 390 217 
9.18 0.45 4.26 0.1100 -0.6400 0.4600 -0.0356 0.0222 0.0122 8.92 1.04 3.92 170 338 350 392 217 
10.21 1.65 6.30 0.9900 1.3300 3.1100 -1.5067 -0.1044 0.8089 8.93 0.15 4.04 174 352 350 401 217 
13.35 1.24 7.12 5.0900 3.8900 2.1500 -4.8722 2.6967 2.3422 7.31 -4.66 4.57 176 371 359 419 218 
6.53 -2.83 -2.10 1.3400 5.7600 -5.9200 -4.6811 4.6178 2.9489 1.55 -9.53 1.68 173 365 354 427 218 
-3.44 -7.50 -9.49 -3.2000 2.1900 -8.6800 1.0389 0.4333 0.3533 -0.61 -9.78 -0.08 171 337 357 417 215 
0.94 -3.33 -4.67 1.2700 7.2500 -7.8900 6.8444 -2.3178 -2.2822 2.48 -6.16 7.21 172 323 351 396 218 
6.39 15.06 14.69 3.0300 13.1700 7.4800 3.8856 -2.0878 0.2689 4.98 4.14 7.36 185 367 360 423 221 
7.41 7.62 13.27 1.5900 4.9500 5.0300 -5.0256 -0.4778 1.3067 6.29 0.10 7.52 183 369 366 426 222 
6.31 1.12 1.59 0.5500 6.7200 -4.6500 -6.6233 1.6700 2.6667 3.89 -8.07 3.96 177 362 362 426 222 
-0.82 -7.18 -5.12 -1.8100 1.8800 -5.7300 -1.6700 1.8022 1.4322 0.30 -9.79 -0.22 172 352 363 420 220 
-2.55 -9.78 -4.09 -1.8300 -0.0200 -4.0800 0.7578 -0.1978 -0.0100 -0.34 -9.79 0.13 170 345 359 420 218 
1.03 -4.07 -3.86 0.1100 5.5900 -6.7500 6.9611 -2.2211 -1.9522 2.62 -6.69 6.67 174 375 356 426 222 
8.35 -2.30 22.98 4.4500 3.1600 12.2000 -5.5722 1.5711 0.9378 2.17 -7.64 5.74 168 372 372 427 222 
2.24 -5.80 -8.67 0.4100 2.6400 -14.6300 -1.7256 0.2756 0.0233 0.96 -9.75 0.29 161 348 367 410 217 
2.80 -1.36 -0.45 3.4400 7.0500 -0.0200 7.3922 -2.9322 -0.8411 3.41 -5.75 7.17 173 372 368 422 223 
7.95 -4.16 12.77 3.9100 2.5900 2.3900 -4.4322 1.1267 0.8389 3.14 -7.80 5.03 168 368 371 419 222 
1.28 -7.03 -3.42 -1.0300 2.1900 -5.9700 -2.7167 0.4600 1.0656 1.07 -9.73 0.46 163 334 350 362 210 
-1.05 -8.46 -4.64 -2.3300 2.1500 -5.1400 3.2467 -0.9433 -1.9222 2.53 -9.15 2.43 167 305 327 310 205 
7.85 -1.14 1.82 2.6100 4.6000 -3.5700 5.9900 -1.5311 -1.7011 6.71 -2.95 6.50 177 324 345 339 208 
12.49 2.31 8.91 2.8100 2.2000 3.5100 2.0578 -2.3344 -0.0056 8.94 0.05 4.01 173 327 344 366 214 
8.74 0.87 7.40 -0.7500 -0.5400 0.5700 0.1589 -0.1200 -0.1511 8.83 0.83 4.17 169 330 326 377 214 
;
