-0.34 -0.64 9.86 0.0600 0.0200 0.0700 0.0089 0.0022 0.0111 -0.38 -0.60 9.78 195 346 323 360 197 
-0.22 -0.49 10.12 0.0000 -0.1200 0.4700 0.7567 0.0578 0.1167 -0.41 -0.11 9.79 200 364 336 382 202 
6.80 6.14 22.55 7.0800 4.6100 14.7300 -2.3389 -4.0122 2.5411 6.40 0.43 7.41 206 374 346 408 225 
8.10 5.00 3.12 -0.6800 8.4700 -3.3900 -4.3467 -0.7511 5.2078 5.49 -7.61 2.82 203 376 350 398 224 
-0.36 -3.61 -5.92 -1.4200 5.8400 -4.4400 -2.1978 2.4367 2.1778 1.14 -9.63 -1.40 204 382 343 402 221 
-2.43 -7.36 -9.31 -2.0100 2.4700 -6.6400 2.1778 -0.2389 0.1322 0.00 -9.68 -1.52 202 373 349 391 218 
4.00 3.68 -3.43 3.3000 12.9300 -7.0400 9.8111 -0.4756 -1.1522 1.58 -5.90 7.67 210 375 358 414 222 
7.63 7.82 23.04 3.6900 5.5600 12.1400 2.0233 -0.7867 0.1244 3.14 1.94 9.08 218 381 369 416 234 
2.22 3.13 12.57 -1.3500 1.5500 3.7100 -1.1967 0.1489 -0.5356 3.52 1.05 9.08 214 371 376 429 236 
3.02 1.40 9.75 1.0400 6.0400 3.4000 -9.1944 -3.2756 -0.4922 5.08 -7.45 3.84 132 320 339 346 214 
4.14 -1.94 -3.28 0.4400 6.7000 -3.2600 -4.3867 3.7178 3.1411 1.43 -9.10 -3.34 129 333 344 343 215 
1.70 -5.93 -6.66 0.5200 2.4000 -1.1700 -0.7000 0.7111 0.3978 1.47 -8.20 -5.16 135 348 348 362 222 
-1.92 -5.23 -15.33 -2.6900 4.6900 -12.2900 4.4400 0.6989 0.1200 1.34 -9.40 -2.43 146 353 355 372 226 
5.49 -10.04 28.57 3.6800 -1.5400 21.7400 -4.7511 -0.7878 -0.5600 1.94 -9.60 0.29 151 362 359 385 227 
-0.77 -2.83 -26.18 -1.7300 4.6700 -18.6500 4.6589 0.6911 0.6467 1.72 -9.37 -2.30 161 367 365 397 230 
0.89 -11.87 15.59 -1.1800 -2.3000 8.2700 -2.6456 -1.6022 -0.3167 1.59 -9.66 -0.34 161 370 358 392 229 
1.57 -6.72 -5.47 0.1000 3.1700 -2.7300 0.2200 -1.9800 0.3767 0.81 -9.36 -2.79 161 358 333 344 216 
;
