7.33 2.42 6.02 -0.1000 -0.0500 0.1300 -0.0089 -0.0389 -0.0056 7.44 2.46 5.88 189 357 339 388 211 
7.43 2.42 6.01 -0.0100 -0.0500 0.0800 -0.0167 -0.0033 -0.0022 7.46 2.45 5.87 186 358 337 387 211 
8.44 2.92 7.14 0.8500 0.4400 0.4700 -0.7889 0.1322 0.7411 7.37 1.68 6.23 194 361 336 361 210 
10.62 2.11 8.27 2.7600 2.2000 2.4900 -1.5978 0.0778 1.4056 7.84 -0.98 5.80 191 374 341 368 211 
8.12 -0.37 7.34 2.0200 4.2200 -0.0900 -6.0856 2.0589 3.0100 4.93 -7.13 4.57 189 367 340 390 210 
3.53 -7.77 -0.31 1.2000 1.6100 -3.2900 -2.4744 2.7156 2.2233 0.61 -9.72 1.12 186 375 353 403 211 
-1.30 -7.71 -3.98 -0.2300 2.0900 -3.3800 -0.9800 0.8544 1.3044 -1.78 -9.56 -1.21 182 374 353 404 211 
-3.72 -6.89 -6.49 -1.1500 2.3600 -5.0700 1.5933 -0.4200 -0.1022 -2.33 -9.52 -0.20 182 374 355 412 214 
1.14 -3.19 -2.07 3.1900 6.3100 -5.1800 5.7900 -2.7367 -0.6278 -0.47 -7.33 6.49 189 376 355 414 218 
4.20 4.24 14.63 4.4400 6.0400 7.3200 3.7956 -1.6044 -0.2167 2.96 0.49 9.33 197 377 360 416 219 
4.12 2.97 12.71 0.2800 1.0200 2.8200 -0.6489 -0.6844 -0.2211 3.95 1.09 8.90 200 370 358 412 220 
4.82 1.82 8.16 -0.4900 1.8100 -0.5800 -2.3978 -3.8833 0.5878 6.69 -0.83 7.11 199 343 352 376 217 
8.41 -2.13 -3.65 -0.6800 0.6900 -1.8400 -1.0156 -7.5789 1.0767 7.39 -3.18 -5.59 204 322 330 335 221 
4.13 -3.41 -9.41 -0.1700 -0.9500 -1.3500 -1.5200 -1.8033 1.2922 3.18 -1.59 -9.13 204 274 257 286 215 
2.72 -2.52 -9.84 0.9000 -1.6000 -0.8400 -0.3489 0.2544 0.3844 2.88 -0.83 -9.33 205 298 271 306 220 
5.70 -5.40 -13.45 2.6700 -3.8400 -5.4000 2.0578 0.6756 0.3900 3.49 -2.21 -8.88 214 389 316 344 222 
9.32 -5.25 -2.98 -2.5500 2.0000 0.9500 4.2611 2.4056 1.8989 5.64 -8.01 -0.29 215 428 358 438 223 
0.77 -2.49 -0.46 -3.1100 6.0500 -1.8000 0.5400 0.2856 0.3222 4.25 -8.65 1.75 213 428 363 441 222 
3.57 -5.93 1.59 -0.8800 2.5800 -0.0600 -0.3989 -0.1956 -0.4911 4.60 -8.53 1.43 212 416 363 424 220 
2.43 -7.45 -0.49 -2.7200 1.1000 -2.4600 1.0433 -0.7767 -3.4478 7.49 -6.20 1.23 206 330 332 321 216 
9.22 -2.57 3.12 1.2800 0.0000 -0.2400 1.6678 4.4756 -3.9689 7.37 0.12 6.46 209 347 341 373 217 
11.51 5.80 12.12 4.5400 3.6600 5.1000 -1.6278 0.4556 0.0567 6.97 1.22 6.77 205 337 343 393 217 
;
