3.30 6.17 6.84 0.0200 -0.0500 0.0200 0.0022 -0.0111 0.0011 3.24 6.23 6.83 173 357 359 426 213 
3.29 6.14 6.83 0.0500 -0.0800 0.0000 0.0044 0.0133 -0.0011 3.23 6.23 6.83 175 359 357 426 211 
5.19 9.67 10.66 0.8900 3.4700 1.9400 -2.7622 -2.6478 3.6211 5.83 3.67 6.97 177 356 352 372 212 
11.01 -1.01 6.67 3.0500 1.7100 1.2200 -3.4356 -0.2756 4.1756 7.23 -5.50 3.67 176 368 359 388 212 
3.35 -4.10 -0.07 -1.7200 4.2100 -2.5700 -1.6300 1.6500 3.5844 2.31 -9.33 1.93 178 374 364 412 213 
-3.68 -7.97 -2.68 -3.1700 1.8400 -2.7700 -0.1689 0.1778 1.4489 -1.15 -9.70 0.79 174 354 362 411 213 
-3.68 -7.99 -3.59 -1.4400 2.0400 -6.2200 3.0233 -0.9078 -1.3189 -0.50 -9.20 3.34 170 331 360 396 213 
2.79 3.31 -0.54 1.6800 9.9200 -6.4600 9.3733 -0.9244 -2.2733 2.68 -1.72 9.27 175 376 366 412 220 
7.17 5.69 21.12 3.8200 2.8800 8.7000 -1.3878 -0.6411 -0.3344 3.82 0.82 8.99 172 357 359 408 219 
2.40 -0.57 4.93 -1.8600 -0.5700 -3.5800 0.6800 -0.7389 -0.6144 4.40 0.60 8.74 181 360 360 387 216 
9.29 1.72 11.19 3.3200 0.2200 3.7400 -3.3711 -5.7089 0.4933 8.76 -0.49 4.36 171 363 204 201 141 
16.36 -2.95 1.20 7.6900 0.7400 0.2100 0.1844 -2.0422 2.3267 9.22 -3.31 -0.10 119 376 179 169 111 
3.86 -3.56 0.38 -5.3000 1.2500 -1.1300 0.7500 2.0944 0.6600 7.77 -5.52 2.27 111 389 183 171 113 
3.39 -3.98 1.38 -4.4500 1.0300 -2.7400 0.7822 0.5556 -1.1467 7.65 -4.16 4.49 115 395 182 178 117 
18.93 -2.01 2.00 12.8200 0.1300 -0.1500 2.4122 -0.5422 1.8778 7.94 -2.75 5.04 116 394 196 184 121 
1.06 -2.48 10.77 -5.5100 2.0500 2.0600 -1.7622 2.5233 3.2156 3.38 -6.48 6.52 115 388 202 189 125 
-6.29 -2.94 0.43 -8.1600 5.6000 -4.8700 -0.6089 -0.5156 -2.6389 3.88 -7.66 4.71 121 393 205 192 127 
11.13 1.70 -2.95 6.2400 6.4900 -7.3600 1.7111 -1.1844 -3.0011 7.95 -3.88 4.22 117 387 195 193 126 
13.66 -4.05 10.61 2.1000 -0.2200 7.0800 0.1578 0.9133 1.2744 7.79 -4.23 4.17 121 392 192 194 128 
3.89 -3.43 3.56 -3.2100 1.2100 -1.6400 -0.5944 0.5822 -1.2456 7.52 -4.18 4.69 140 359 229 232 166 
4.59 -2.97 -2.04 -1.4500 0.7500 -6.5600 1.1733 0.8500 -2.6011 8.00 -1.17 5.54 180 356 330 370 206 
0.13 5.21 13.95 -4.4100 3.0300 5.9500 0.5211 -1.2844 -0.1678 5.60 2.67 7.58 191 382 365 420 216 
;
