2.99 0.04 9.25 0.0500 -0.1100 -0.0800 -0.0156 0.0067 -0.0100 2.93 0.16 9.35 165 343 342 374 205 
3.00 0.04 9.27 0.0400 -0.0900 -0.1100 -0.0033 0.0100 0.0011 2.93 0.15 9.35 166 345 344 373 205 
2.94 0.06 9.27 0.0000 -0.0700 -0.1000 0.0156 -0.0044 0.0033 2.93 0.15 9.35 166 345 339 374 205 
1.96 -2.51 12.73 -1.4700 -0.4600 4.4800 3.5222 -1.7222 -0.3433 4.09 2.21 8.63 171 373 336 378 212 
17.30 6.83 12.97 9.4900 6.7400 7.2100 -3.9167 1.4522 2.6533 7.49 -1.94 6.02 177 390 347 383 212 
4.42 -0.28 -1.40 -2.1000 6.4700 -4.8100 -5.3767 -1.2356 4.5044 4.12 -8.89 0.08 173 355 335 339 208 
-2.73 -5.48 -9.43 -4.1800 3.4900 -5.5100 -0.9222 -1.6033 0.4589 0.90 -8.77 -4.27 172 347 327 345 205 
-0.91 -7.40 -5.29 -1.5300 1.7700 -1.3900 1.2522 0.0056 -0.4400 0.82 -9.40 -2.66 171 342 343 354 207 
1.20 -6.20 -6.37 -0.2200 4.5200 -6.2500 5.0656 -1.1100 -1.2578 2.18 -9.31 2.15 174 349 335 366 210 
0.23 5.88 1.39 0.8700 12.8700 -2.7600 7.6944 0.0678 3.3578 -1.52 -0.63 9.66 179 368 325 378 213 
-5.63 11.37 17.63 -3.6900 5.0900 7.6300 1.5656 -1.2111 0.8600 0.00 5.13 8.35 178 367 322 376 213 
0.70 5.21 9.54 -0.3200 0.6000 1.1200 -0.8989 -0.9111 -0.5644 1.27 4.36 8.68 178 362 235 241 184 
3.36 3.85 10.29 -1.0400 1.5300 2.3000 -3.4233 -4.8878 0.9056 6.29 0.54 7.50 144 374 172 170 112 
2.58 -1.44 -1.61 -7.3500 -0.2300 -3.5200 1.0167 -4.7078 0.2511 9.71 -1.21 -0.55 128 381 180 173 113 
9.23 3.84 -6.87 0.5200 3.7400 -5.3500 0.0922 -2.1367 -1.4933 8.85 0.66 -4.16 128 385 186 174 115 
19.04 4.95 -9.50 12.0800 3.6800 -1.5500 2.2122 0.3900 0.0333 8.33 0.29 -5.15 132 390 191 179 119 
11.49 -0.72 -0.46 0.2500 1.0200 1.1800 -0.1889 5.1067 2.7022 9.26 -3.15 0.63 134 388 194 182 121 
-2.30 -2.16 3.93 -11.1300 2.3100 0.1000 -1.5767 0.5922 1.5233 6.88 -5.78 3.90 136 392 194 184 121 
-1.57 -0.12 0.03 -8.6900 6.2700 -2.7300 -1.5400 -2.1789 -2.9167 8.48 -4.87 0.56 135 395 199 185 122 
11.01 3.34 -13.15 7.3900 4.4500 -10.4900 1.8122 -1.4767 -3.1456 9.32 0.37 -2.99 128 355 190 186 121 
17.76 1.20 -2.20 7.4000 1.1400 2.2300 -0.2733 -0.8344 1.7156 8.25 -1.08 -5.17 138 327 188 188 124 
15.43 -3.67 -6.58 7.1600 -0.6100 -1.9900 1.0944 1.2056 3.5444 7.37 -4.91 -4.19 139 335 181 186 122 
6.37 -6.89 -1.99 -0.6200 1.1900 0.1100 1.6911 2.5267 1.5867 5.57 -8.06 -0.27 139 332 182 186 122 
1.03 -4.04 -1.66 -3.4900 4.7900 -2.1200 0.7056 0.9200 0.3289 4.30 -8.63 1.74 137 331 183 185 123 
3.95 -7.49 1.62 0.1700 0.4200 -1.2500 0.6989 0.5544 -0.5633 4.45 -8.18 3.05 141 329 184 185 122 
9.10 -14.13 -12.70 2.5200 2.4900 -12.2500 7.0144 2.7444 1.2589 2.38 -4.83 8.19 142 341 187 185 123 
-5.64 8.85 16.66 -7.1100 10.0500 5.6700 -1.2133 -0.5822 -1.2156 1.75 -2.30 9.36 142 346 191 188 123 
;
