9.27 1.28 2.71 0.0000 -0.2300 -0.0800 -0.0178 0.0200 -0.0167 9.28 1.45 2.79 187 363 342 382 208 
9.69 1.63 3.08 1.3500 0.6100 0.5900 -0.1322 -0.2200 0.4044 9.36 1.08 2.71 189 361 343 355 213 
16.10 2.84 7.96 6.4800 4.1600 3.8500 -5.0256 2.3956 2.6089 8.59 -3.50 3.17 180 365 344 401 214 
8.36 -1.97 -1.14 2.1200 4.9100 -4.7900 -4.9133 4.4611 2.8211 3.79 -8.82 1.97 177 378 348 401 214 
1.88 -6.35 -3.05 0.0500 4.0400 -2.3500 -2.5222 1.4511 2.1111 0.38 -9.59 -1.98 176 371 351 423 214 
-2.46 -6.41 -11.75 -0.6400 2.3300 -8.8600 4.2611 0.3611 -0.8256 0.16 -9.78 -0.62 161 379 359 427 215 
3.46 9.05 -7.57 4.2200 18.9600 -8.6900 13.6556 -1.9722 -0.8100 2.72 0.74 9.38 161 391 341 386 218 
9.67 13.91 19.44 1.3600 8.1700 12.7600 0.0489 -1.5989 0.4889 5.88 4.26 6.58 140 370 216 219 151 
14.07 -1.52 4.76 4.1100 1.1900 -3.5000 -1.2011 -2.3644 3.6567 8.44 -2.13 4.49 112 199 166 170 107 
4.45 -3.62 1.48 -2.9400 -0.4600 -4.4700 2.0789 3.3489 0.1056 6.09 -2.14 7.37 134 203 167 178 116 
1.29 2.86 6.91 -2.8100 2.7600 -1.9400 0.9211 0.8711 0.1433 3.71 0.66 9.04 152 202 180 182 119 
5.37 4.10 9.20 3.3000 3.8500 -0.0200 -1.3944 1.3511 -1.2822 1.87 -0.06 9.62 129 211 180 186 124 
-0.35 -6.55 6.42 -0.5700 -4.6500 -3.5900 -1.7689 2.2267 -0.9122 -2.34 -3.75 8.74 130 201 183 191 127 
-5.27 -4.83 7.70 -1.1300 0.0200 -1.1100 0.2256 -0.9956 -0.2133 -2.13 -4.28 8.55 135 207 193 204 142 
-2.13 -4.54 1.37 -2.2100 -0.4000 -7.8800 1.2289 -2.9933 -1.2611 2.03 -3.51 8.92 159 243 241 247 183 
;
