4.67 3.97 7.48 0.0200 -0.0700 -0.1000 0.0644 0.0367 -0.0911 4.61 4.08 7.62 177 281 285 285 191 
4.54 4.14 7.54 -0.0500 -0.0400 -0.0600 0.0656 0.0456 -0.1156 4.52 4.23 7.60 176 279 287 283 191 
4.55 4.35 7.48 0.1100 0.1800 -0.1000 -0.0644 0.0922 -0.1222 4.33 4.25 7.69 176 280 263 269 183 
10.02 5.41 8.61 6.0900 2.8400 1.5600 -0.6378 -5.3411 2.0856 7.94 2.29 5.26 157 347 158 160 112 
12.79 3.05 -4.63 2.4300 2.3100 -2.3900 3.3100 -5.7256 3.4589 7.94 -2.83 -4.99 124 410 165 168 119 
6.41 -3.35 -1.43 0.6500 2.7900 3.8500 2.3189 -0.6400 1.4289 5.21 -7.17 -4.18 125 418 170 171 121 
4.98 -6.80 -4.07 1.1200 2.2200 -1.4600 2.6211 -1.2744 0.4400 3.80 -8.76 -2.20 125 421 149 173 124 
9.95 -4.05 7.28 2.3900 3.1300 4.8800 -1.0656 2.0633 -0.0600 3.90 -8.98 -0.49 129 421 173 177 125 
6.79 -11.37 -10.33 -0.7600 -3.0500 -7.5400 2.5267 0.7656 -0.8578 4.71 -8.57 -0.68 132 415 173 180 127 
7.05 -7.32 0.76 1.8500 0.7200 0.3200 -0.8433 1.9211 -0.1133 5.20 -8.30 0.06 147 405 177 184 134 
4.09 -5.30 2.24 -0.4400 3.3000 3.2100 -3.0089 2.0400 -1.9467 6.47 -7.24 -1.32 118 359 345 392 219 
7.63 -6.04 -0.92 -0.7300 -0.8100 -1.3700 -2.6633 1.6522 -1.0667 8.38 -5.00 -0.84 104 188 201 210 138 
11.86 -1.38 -5.24 1.4800 1.7000 -3.3200 0.4700 0.7822 -2.9533 9.70 -0.90 -1.08 102 183 189 184 117 
17.86 8.03 -12.68 11.6800 8.6900 -15.1600 4.3978 -1.0789 0.0700 9.43 0.06 -2.67 105 184 189 185 117 
9.31 -11.49 29.27 -3.2900 7.1900 3.2500 -2.0611 -1.3356 1.7456 9.06 -2.41 -2.84 108 183 191 186 117 
10.58 1.74 -1.94 1.5600 3.9100 -1.5000 -2.9133 0.8756 0.3211 9.37 -1.86 -2.18 108 185 193 187 117 
4.09 -4.18 -17.42 -28.0400 1.5200 41.8200 -4.0522 -6.4133 -0.4644 8.92 -2.28 -3.35 112 180 188 183 110 
9.71 -3.66 -3.82 0.9900 -1.1600 -0.3800 0.0000 0.7067 0.5956 8.90 -2.91 -2.89 113 192 198 191 124 
6.74 -5.18 0.34 -2.1700 -2.9300 -0.1600 1.2444 -0.1367 0.9422 8.69 -4.40 -1.05 157 379 209 190 131 
8.10 -5.85 -2.80 0.0800 0.5600 -1.6000 0.0489 -1.3322 1.1767 7.69 -5.95 -1.24 146 405 171 175 119 
6.53 -4.46 -4.58 0.4600 2.3200 -2.0100 1.0567 -2.4644 1.2444 5.66 -7.52 -2.72 142 419 174 179 122 
7.10 -6.95 -2.29 1.7900 0.8900 0.1800 0.5189 0.1633 0.2700 5.14 -8.01 -2.31 139 420 180 183 123 
6.15 -5.55 4.36 2.2100 1.6100 2.5400 -1.7367 2.5811 0.4322 5.20 -8.16 -1.55 141 413 180 188 126 
7.81 -10.46 -8.05 5.5800 -1.4100 -8.0500 2.9722 4.4967 0.1867 5.02 -8.40 -0.54 139 428 184 192 123 
2.07 -8.44 -1.68 -1.7800 1.1900 2.1600 -1.2533 -0.3111 -1.0889 5.65 -7.87 -1.49 144 413 189 200 129 
6.42 -4.27 -0.55 -0.7200 1.0000 2.3700 -2.2656 2.3400 -3.1411 8.62 -4.04 -2.32 165 344 199 205 143 
;
