2.99 3.55 8.64 -0.1100 0.0000 0.0900 0.0056 0.0189 -0.0156 3.09 3.54 8.60 192 391 341 389 209 
2.98 3.61 8.66 -0.1300 0.0700 0.0800 0.0133 -0.0078 0.0111 3.08 3.55 8.60 192 395 340 388 209 
2.74 3.90 9.66 -0.6700 1.3100 2.1000 -0.5389 -2.2767 0.1611 4.10 3.37 8.24 188 393 245 248 173 
17.83 -0.39 5.72 3.6800 -0.3500 -3.3900 0.4467 -11.2389 2.5833 9.56 -0.57 -2.09 123 400 173 175 123 
2.87 0.80 -3.93 -4.0800 5.0700 2.4700 4.3389 -1.5511 1.3544 5.24 -6.45 -5.19 120 413 175 182 125 
4.03 -5.27 -2.74 -1.1400 2.1300 0.1100 4.1722 0.1656 -0.5400 5.22 -8.21 -1.16 128 430 192 187 129 
5.68 -6.96 -0.39 -0.2500 -0.7000 -0.0300 -2.2644 0.1011 0.6300 4.71 -8.34 -2.05 130 413 193 192 133 
10.24 -5.39 6.48 1.1800 3.5600 4.6200 -3.0067 2.5656 0.6256 4.93 -8.40 -1.04 152 375 199 211 150 
0.94 -1.18 -3.73 -3.7500 6.7100 1.1800 -4.4722 -2.8411 -2.1789 3.94 -4.12 -7.97 208 319 294 359 230 
-1.21 1.24 -14.89 -1.8600 1.3900 -5.9600 -2.3767 -1.0322 0.2322 1.84 0.90 -9.58 221 293 309 377 235 
3.76 0.74 -12.64 2.6000 -2.2100 -2.8700 -0.0689 0.2222 -0.0056 1.86 2.04 -9.40 223 308 314 376 233 
7.82 -2.48 -19.74 5.9600 -3.6700 -12.2000 3.9311 1.2867 0.7022 3.04 -0.80 -9.28 225 405 343 394 234 
5.23 1.11 -7.28 -0.9200 8.9200 -3.4900 5.9556 2.8767 3.6400 4.47 -8.62 -1.32 228 433 378 440 234 
-2.28 -0.06 2.90 -4.5300 9.1800 1.6900 -0.1789 0.7511 -0.5133 2.94 -9.30 0.96 232 440 385 445 238 
3.44 -6.27 0.19 -0.3000 2.7300 -1.2500 -0.5889 0.0111 -1.2100 4.44 -8.73 0.33 234 441 385 443 237 
;
