9.29 1.45 2.63 -0.0700 -0.0700 0.1300 -0.0011 0.0044 -0.0078 9.34 1.53 2.53 179 345 346 388 212 
9.28 1.56 2.72 -0.0500 0.0100 0.1000 -0.0289 -0.0389 0.0000 9.35 1.50 2.53 177 351 343 376 211 
9.16 1.73 5.72 0.1300 0.8800 3.3400 -3.9933 -3.0533 2.4056 9.72 -1.02 0.74 177 401 250 248 180 
9.96 -2.55 -2.88 2.7600 0.3500 -2.7900 -0.9667 -2.5978 1.7444 8.70 -3.52 -2.81 166 410 194 202 145 
5.23 -4.34 -2.68 -2.9300 1.7500 1.0700 2.2033 -0.0589 1.6389 6.62 -6.81 -2.41 152 418 203 209 147 
1.56 -5.33 -2.13 -3.0400 1.8800 -1.1100 0.9956 -0.6611 -0.2711 6.31 -7.43 -1.03 157 421 210 214 152 
7.90 -6.03 -1.18 -21.9100 7.0300 14.7300 0.2689 -2.9156 0.4000 6.56 -7.23 0.84 151 421 214 224 156 
12.25 -9.34 -5.48 5.3600 -2.9700 -7.9600 1.8656 2.1622 0.2300 6.37 -7.38 1.00 145 432 213 228 161 
6.19 -5.90 5.11 -1.7900 0.6000 2.8500 -2.0533 0.4800 -0.7900 6.91 -6.84 1.23 159 397 288 306 197 
9.14 -7.64 -0.84 1.5500 -2.1200 -1.5600 0.2544 0.0000 -1.3322 8.20 -5.36 0.35 169 414 338 413 219 
9.80 -7.20 -2.93 0.9800 -2.3900 -3.3400 2.1156 0.4778 -0.5656 8.79 -4.14 1.26 175 415 344 427 222 
7.03 -0.91 0.95 -1.8100 2.8600 -1.7700 1.5778 0.4100 0.0656 8.70 -3.49 2.85 176 401 354 411 222 
8.23 0.28 3.94 0.0600 3.6000 0.9500 0.5411 0.0556 0.4689 8.48 -3.49 3.45 183 366 354 394 223 
8.14 -2.07 4.76 -0.7100 1.7400 0.3000 -4.0467 2.7400 -1.2233 7.82 -4.67 3.61 190 314 304 385 226 
11.04 -3.77 1.12 3.8300 2.1300 -0.2300 -1.0989 1.5122 1.7822 6.84 -6.49 2.65 200 319 291 377 225 
1.76 -9.38 1.44 -4.0200 -2.0600 -0.8500 -1.3811 0.5278 0.3078 5.62 -7.84 1.73 199 330 300 379 225 
5.04 -8.33 0.62 -1.1200 -0.0500 -0.5000 0.0356 0.2500 -0.2211 5.80 -7.75 1.52 194 329 307 373 216 
-0.08 -6.01 -0.37 -6.2200 1.6500 -3.4300 2.5822 1.5967 -2.0267 6.06 -6.24 4.51 190 361 333 397 217 
9.30 -0.46 2.36 2.4500 2.7100 -2.4400 4.3000 -0.3611 -2.2222 7.82 -0.52 5.88 202 367 334 421 221 
19.33 4.98 7.32 9.0400 5.6400 3.7800 -0.3611 0.7200 -0.0567 8.83 0.80 4.18 192 371 347 398 213 
;
