6.26 5.31 6.79 0.7300 1.0400 -0.0400 0.2667 0.5867 -0.2989 5.25 4.56 6.90 248 386 376 348 255 
4.49 3.39 7.14 -0.3000 -1.1600 0.0800 -0.0378 -0.1478 0.0622 5.01 4.58 7.07 250 386 376 355 252 
5.98 5.55 7.12 1.4800 1.1800 0.3200 -0.3233 0.1689 0.0578 5.09 4.30 7.19 250 407 386 358 252 
3.80 1.39 15.71 -1.7600 -3.4000 4.2700 -1.0167 -11.1933 2.6044 8.77 -0.63 4.33 181 435 235 227 170 
5.17 1.12 -3.64 -1.7900 4.3700 1.5200 3.5778 -2.7700 1.3711 5.32 -5.78 -5.86 154 442 222 216 160 
3.26 -4.79 -3.91 -1.7700 1.8000 -1.4600 2.3333 0.2100 -0.4756 5.15 -7.65 -3.31 153 457 231 222 162 
13.23 -4.41 6.89 1.6300 1.6500 3.5100 -2.8744 4.6267 0.6000 5.43 -8.06 -1.27 152 452 235 227 162 
5.25 -2.94 15.56 10.3800 4.8700 9.2800 -1.1344 2.4711 1.0144 6.16 -7.59 0.63 193 438 259 266 209 
13.76 -5.41 -2.10 10.1500 4.0700 -0.3800 -8.7544 11.5611 -0.2611 5.83 -7.87 -0.36 238 452 387 449 267 
6.99 -4.45 -6.49 2.0600 4.1900 -3.0500 -2.4300 -1.2000 0.8844 4.24 -7.36 -4.89 234 458 396 462 270 
2.88 -1.14 -10.91 -1.6700 5.2200 -5.0400 1.6244 -0.7856 1.8789 2.02 -7.51 -5.96 215 430 389 440 268 
1.13 1.98 -7.10 -0.5000 11.7800 -7.4100 10.0267 -0.7433 -0.3078 1.31 -8.53 4.64 221 431 402 461 277 
3.37 11.92 27.86 -0.9400 8.8200 19.5700 3.3967 -0.4256 0.1378 2.23 0.48 9.53 214 423 385 461 276 
5.21 2.81 12.69 2.2200 2.4900 1.6000 -1.3644 -1.1811 -0.6089 3.78 -0.45 9.03 228 420 381 444 272 
4.33 -0.24 4.88 -1.3500 0.7700 -3.0400 0.8911 -2.0900 -0.6322 6.27 0.00 7.53 235 412 370 421 267 
;
