8.11 3.08 5.54 0.1300 0.2700 0.5000 -0.7200 -0.4433 0.4811 8.09 2.30 5.03 180 376 338 370 224 
9.04 2.06 5.04 1.0400 0.7400 0.9200 -1.3200 -2.0744 1.5489 9.25 0.12 3.25 181 402 255 277 203 
11.29 -2.46 -1.77 1.5300 -0.0300 -2.1200 -0.4711 -5.1056 3.5533 8.48 -4.07 -2.76 154 408 199 211 157 
5.51 -5.64 -3.37 -1.7100 0.8600 0.2000 1.3011 0.3589 1.1711 6.47 -6.75 -2.93 128 394 202 208 154 
5.73 -5.79 -2.84 0.6500 1.2100 -1.7800 3.3600 1.5556 -0.4400 6.67 -7.15 0.70 134 414 209 209 141 
8.68 -5.66 0.67 0.6700 0.1400 -0.8800 -1.9767 1.1211 0.3411 6.50 -7.32 0.49 129 405 206 219 156 
12.38 -2.87 6.65 1.5200 2.6300 2.5700 -1.6733 3.3489 -0.0344 6.56 -7.10 1.63 148 398 224 237 175 
4.65 -3.80 1.25 -2.7200 2.5800 0.3700 -1.5544 1.7978 -3.1856 8.37 -5.06 0.60 162 373 273 311 200 
14.22 -0.49 0.13 5.2900 0.5300 -2.5500 2.4822 2.2967 -2.4256 8.62 0.78 4.60 177 357 340 406 219 
10.10 0.84 5.47 0.4900 -1.1100 -0.0400 0.1311 0.7044 -0.1133 8.29 1.77 4.91 161 353 343 401 218 
;
8.69 1.42 5.19 0.5900 -0.2500 0.0200 -0.3200 -0.3544 0.1044 8.41 1.37 4.84 159 353 339 389 217 
8.70 1.80 5.33 -0.0800 0.2900 1.1100 -0.6900 -0.6400 0.2556 8.65 0.97 4.51 168 376 301 327 216 
12.02 -1.13 3.67 2.6800 -0.9400 -1.0100 -1.3233 -5.0911 3.0733 9.52 -2.20 0.76 166 409 208 233 170 
7.56 -4.31 -2.42 -1.1800 0.6500 -0.4800 1.2978 -0.9789 1.7689 7.14 -6.14 -2.69 162 415 208 219 164 
4.55 -4.70 -2.36 -1.6100 1.7700 -1.2500 2.6422 0.3189 0.1922 6.64 -7.21 -0.19 159 421 208 224 155 
8.70 -5.82 2.46 1.3900 0.8300 -0.3900 -1.7567 1.3000 0.4989 6.67 -7.13 0.90 150 421 207 209 151 
1.47 -2.58 8.03 3.7200 2.7800 3.7600 -0.4900 0.6456 0.2733 6.87 -6.81 1.58 162 413 214 220 160 
5.17 -4.35 3.39 -2.1600 2.5200 0.8200 -2.1667 1.7578 -1.6311 7.35 -6.28 1.58 166 392 266 282 193 
6.43 -2.29 -1.11 0.7200 1.4600 -4.0600 2.1511 0.6767 -4.9278 8.89 -0.44 4.10 175 354 327 389 220 
11.01 1.11 12.11 2.9600 -0.2000 5.7700 -0.2167 0.0367 0.1367 8.62 1.18 4.51 164 344 343 368 215 
;
8.22 2.15 5.68 0.0800 0.8500 0.7300 -0.2189 -0.3522 0.1933 8.52 1.14 4.71 166 343 339 376 214 
8.36 1.37 4.91 -0.2500 0.2500 0.3400 0.1133 -0.2322 0.0000 8.63 1.15 4.49 170 351 335 374 214 
10.82 -0.50 5.13 1.6500 -0.9300 1.3600 -2.1467 -7.2411 3.6278 9.56 -1.94 -0.91 162 399 202 211 145 
5.78 -3.61 -4.63 -2.3200 2.0500 -0.1000 1.2667 -0.1622 1.7889 5.99 -6.51 -4.21 146 412 198 204 141 
4.87 -5.89 -4.76 -0.0300 1.7100 -2.5600 3.3967 1.5533 -0.2544 6.27 -7.51 -0.52 147 416 209 221 154 
8.88 -4.66 5.61 0.5500 1.2900 -0.4500 -2.3256 2.0722 0.4511 6.10 -7.63 0.85 141 407 212 214 148 
9.42 -3.02 8.79 4.5700 3.1500 4.5900 -0.4178 1.4978 0.1622 6.18 -7.42 1.65 150 401 219 219 154 
3.17 -5.39 3.62 -3.6600 2.2800 2.2700 -1.8144 1.3522 -1.6456 6.67 -7.11 1.00 162 398 272 285 193 
5.84 -1.95 -2.34 1.4100 2.1900 -5.1500 2.6656 1.7978 -5.4522 8.55 -0.55 4.75 167 388 341 403 217 
;
7.16 5.05 10.22 3.1300 4.2300 8.5300 -0.1611 -0.5956 0.3322 7.64 2.84 5.43 168 359 352 381 225 
7.64 2.49 5.49 -0.1300 0.0400 0.3000 -0.2133 -0.1311 -0.1033 7.85 2.52 5.30 164 384 346 361 226 
11.38 3.71 8.26 3.3300 1.5400 3.9200 -4.6367 -0.0433 0.2889 8.48 0.63 4.87 174 393 206 205 139 
8.18 -2.90 0.39 0.1200 -0.7100 -4.2400 0.2844 -7.9700 3.3856 9.00 -3.79 0.85 133 403 202 194 138 
5.05 -4.13 -3.23 -2.0400 2.3800 -0.9000 2.3967 -1.4311 1.7378 6.09 -7.43 -1.94 135 413 200 193 132 
5.61 -6.27 1.15 -9.2500 7.1300 2.1300 4.7633 -2.4722 -1.6689 5.83 -7.63 1.94 134 411 199 193 135 
8.04 -10.02 -2.60 5.2000 -2.6600 -5.5000 2.7922 1.2522 -0.7011 5.90 -7.52 2.13 136 414 204 196 137 
3.99 -6.32 3.55 -2.7100 2.0700 2.5600 -1.6611 0.1500 -0.7000 5.94 -7.57 1.83 161 414 216 206 147 
4.06 -2.86 -0.84 -2.4600 1.1800 -3.2100 0.2078 4.3967 -5.1022 8.05 -4.03 3.86 166 347 285 264 189 
12.91 1.38 5.60 5.5000 1.5700 1.4600 2.5022 0.2344 -1.4033 7.88 1.79 5.54 180 359 355 398 227 
;
7.97 0.66 5.10 -0.1500 -1.4600 -1.8800 0.1100 0.3611 -0.1344 8.12 1.69 5.22 171 351 346 343 225 
7.43 1.94 5.89 -0.1900 0.2000 0.2600 -0.0078 -0.1433 -0.0156 7.96 1.74 5.44 171 355 339 315 223 
11.41 2.56 9.29 1.6100 1.2700 4.6600 -4.9022 -2.9133 0.4111 9.28 -0.58 3.09 153 397 208 195 136 
11.48 -2.70 -4.61 1.9100 1.1500 -2.2900 1.8156 -2.6500 3.1867 7.48 -5.46 -3.20 129 412 205 197 139 
3.64 -4.64 -2.59 -3.0600 2.2100 -0.8800 2.3544 0.5711 0.3589 6.12 -7.60 -0.90 143 407 206 203 142 
10.63 0.10 14.00 8.9200 5.9500 9.9400 -1.6944 1.2500 0.8733 6.10 -7.60 1.02 140 412 208 204 143 
9.48 -9.16 -4.30 -10.5200 2.4900 5.2500 0.7200 -2.0989 -0.0500 6.41 -7.16 1.91 141 411 213 208 151 
4.13 -4.57 4.40 -1.0200 2.9700 1.8300 -2.4300 0.8944 -1.3011 6.63 -7.15 0.97 161 405 251 278 193 
8.06 -4.99 -2.17 1.6800 -0.3900 -4.5300 1.5556 3.9067 -4.3300 8.53 -3.00 3.79 176 375 336 399 218 
7.46 3.23 7.57 4.7900 8.0800 6.7400 1.5322 -1.3744 -0.1500 7.71 2.14 5.65 185 363 355 416 224 
;
7.78 1.65 4.24 0.0000 0.1900 -0.3000 0.0822 -0.4511 -0.1033 8.46 1.77 4.62 181 356 349 409 223 
8.99 2.15 5.20 -0.0700 0.7100 1.3100 0.4289 -0.3156 0.2344 8.75 1.64 4.09 183 373 334 385 224 
13.92 0.28 4.51 3.8000 -0.9100 0.6600 -2.4378 -3.9767 3.9511 9.54 -2.20 0.41 177 399 217 229 162 
4.91 -3.30 -4.37 -3.8700 1.9900 0.2900 1.5800 -0.5767 1.7278 6.11 -6.93 -3.27 163 410 203 206 142 
5.66 -6.29 -4.13 -0.5900 1.2400 -2.7200 5.4678 1.7444 -1.3633 6.63 -7.15 0.99 167 424 210 218 154 
5.32 -7.90 -0.92 0.2700 -2.1100 -2.9600 -0.7833 -0.7478 0.3667 6.39 -7.43 0.00 159 414 208 219 156 
8.62 -4.27 4.26 0.9900 1.8000 1.3500 -1.6300 2.4589 -0.0456 6.49 -7.28 0.97 173 395 225 237 175 
4.06 -4.05 2.28 -2.2100 2.6900 0.3500 -2.1189 3.6289 -2.9611 8.02 -5.56 0.87 166 393 298 336 205 
6.64 -2.15 -0.15 1.3800 1.4500 -3.3600 3.6378 -0.4311 -3.6067 9.19 0.65 3.33 172 362 344 407 219 
;
