0.52 5.37 8.19 0.0100 0.1300 -0.0300 0.0189 -0.0411 0.0400 0.53 5.25 8.26 168 350 365 392 210 
0.50 5.35 8.20 -0.0600 0.1000 -0.0500 -0.0367 0.0389 -0.0067 0.52 5.24 8.26 169 353 363 394 209 
-1.96 6.80 16.40 -3.8800 0.9500 6.9600 -2.5889 -4.7922 -0.4211 3.08 3.96 8.42 165 383 180 190 138 
15.59 5.18 -7.09 2.7700 4.0400 -5.6900 5.6056 -8.5678 5.1478 8.37 -2.35 -4.52 140 397 177 167 123 
3.49 -0.98 -0.43 -3.5100 4.9500 3.8500 3.5600 -1.0122 0.7622 5.57 -7.44 -3.11 143 411 189 176 128 
6.12 -4.25 -1.29 1.0400 3.3600 0.2400 2.0344 -0.6656 0.3156 5.09 -8.32 -0.89 147 414 193 173 131 
14.17 -1.32 14.40 0.8900 3.5600 6.9600 -1.3122 1.8811 0.1478 5.65 -7.75 2.01 151 418 186 178 132 
9.56 -10.71 -8.69 0.4200 -1.9900 -7.8500 3.1544 1.6667 -0.3456 5.42 -8.05 1.37 138 417 200 183 132 
4.94 -7.38 1.27 -0.6300 0.5100 -0.3500 -1.1256 1.1378 -0.4567 5.63 -7.92 1.23 141 397 204 186 133 
7.85 -10.05 -0.35 2.1200 -3.1200 -1.1100 0.7711 -2.9511 -1.0722 6.93 -6.87 -0.90 159 408 210 183 132 
8.15 -9.87 -5.51 -1.1000 -4.1200 -6.1400 3.4856 1.9289 -2.0067 8.32 -4.54 2.48 149 381 208 185 132 
6.16 0.32 4.52 -1.9000 2.2400 -1.4000 1.2389 1.0300 0.2978 8.01 -1.35 5.48 148 372 209 187 132 
6.22 2.82 5.60 -1.1500 3.8400 -0.4800 -0.1889 0.6422 0.1378 7.34 -1.41 6.34 144 376 211 188 134 
11.49 1.45 3.60 4.1400 3.7300 -3.6800 -2.7667 1.9600 -0.7622 6.43 -2.98 6.77 143 384 216 196 141 
5.17 -6.67 4.19 0.0900 -2.8600 -2.5800 -1.5733 1.6889 -0.8289 4.72 -4.30 7.43 139 389 223 206 145 
0.60 -5.56 10.26 -4.5300 -0.4400 3.2000 0.1411 0.1822 -0.2533 4.27 -4.75 7.43 153 384 226 209 146 
1.01 -2.58 6.90 -4.7400 3.4000 0.1600 -2.4478 -1.7567 -0.4178 5.48 -6.15 5.31 182 260 221 214 153 
9.63 -8.09 -1.12 10.7300 -2.7100 -7.2600 -1.7478 15.0100 -1.3933 -0.81 -6.52 7.27 206 175 186 172 120 
-0.97 2.97 1.75 1.9000 8.6300 -2.1100 2.0844 -3.3844 3.4378 -6.31 -3.20 6.77 210 180 180 172 120 
-11.56 0.93 15.37 -4.9500 2.2500 7.8600 0.5633 -0.9100 0.6900 -5.24 0.00 8.28 211 187 185 173 121 
-5.78 0.31 9.86 -1.2700 1.0200 0.9000 -0.3333 -0.3533 -0.9222 -4.42 -1.09 8.68 210 191 185 176 123 
;
