8.17 0.97 5.25 0.0600 0.0300 -0.1700 -0.0211 -0.0322 0.0100 8.14 0.90 5.37 169 338 319 364 200 
8.14 0.91 5.37 -0.0200 0.0300 -0.0700 -0.0122 0.0278 0.0000 8.14 0.89 5.38 172 336 322 367 201 
8.44 1.76 6.12 0.1700 1.2000 1.5100 -2.0022 -1.1833 1.0833 8.51 -0.35 4.84 167 389 262 269 190 
13.39 -4.07 -1.73 3.3100 -0.9800 -2.1700 -2.3700 -5.9733 2.1244 8.06 -3.91 -3.97 174 403 180 197 140 
4.96 -4.86 -7.21 -0.4800 0.7600 -0.8700 1.0467 0.2533 1.0422 5.84 -5.51 -5.61 162 402 180 198 141 
3.26 -4.74 -4.03 -2.1400 2.3900 0.3700 1.7478 0.2178 0.3867 5.61 -7.22 -3.53 155 414 188 196 142 
5.11 -7.27 -3.14 -0.3500 0.6800 -1.4200 2.3244 -0.5156 -0.1444 5.44 -8.05 -1.27 143 423 190 205 147 
9.73 -7.21 4.38 3.7900 0.5500 2.8200 -1.9767 3.8356 0.2200 5.42 -8.15 0.40 133 417 192 206 142 
-2.23 -2.96 12.37 5.6600 1.8100 6.3600 -0.0800 -0.4744 0.3478 5.52 -7.98 1.40 126 425 203 200 140 
7.53 -8.34 3.28 2.1800 -2.0200 1.8700 -2.6078 0.2311 -1.8778 6.64 -7.15 -0.91 156 342 180 179 119 
9.93 -9.39 -7.35 -0.7900 -2.2600 -4.6800 2.5467 1.6744 -1.5022 8.07 -5.55 0.30 127 385 189 189 121 
7.11 -1.89 1.02 -1.6100 2.0800 -2.4200 2.4600 0.3044 0.7978 7.84 -4.00 4.31 124 385 196 192 121 
5.72 -0.17 5.04 -1.4100 3.3900 -0.0500 0.8356 0.4056 0.4622 7.21 -3.43 5.68 126 391 202 194 121 
8.17 -2.80 5.60 1.5600 0.8800 -0.3500 -0.5244 1.0311 0.0533 6.49 -4.02 6.14 125 393 189 195 123 
8.09 -3.58 6.56 1.9300 0.6500 -0.1900 -1.3244 0.8944 0.1622 5.71 -4.98 6.21 126 403 193 197 124 
3.60 -5.77 4.63 0.2600 -0.2500 -1.3600 -0.9800 2.1233 -0.0367 3.70 -6.12 6.69 127 406 196 206 125 
1.90 -7.20 7.38 -2.6300 -0.7000 0.4500 -0.2811 0.6089 0.0233 2.32 -6.57 6.89 135 397 200 201 131 
-1.17 -4.31 2.82 -4.4400 2.9500 -4.9100 -0.1611 3.6000 0.1144 -0.15 -7.46 6.36 166 315 214 242 174 
4.01 -2.89 2.59 1.2800 1.3100 -6.0500 4.0633 -3.5711 -2.1444 4.85 -1.84 8.31 190 331 303 371 206 
16.59 3.71 9.14 8.3900 3.1300 2.0200 0.9667 1.5667 -2.2444 6.88 1.23 6.87 161 368 331 416 213 
4.14 0.03 4.31 -3.5600 -0.4900 -1.1800 0.3011 -0.4011 -0.1467 7.64 0.92 6.06 166 367 332 413 216 
;
