3.13 5.16 11.49 3.4500 1.9000 1.9100 -0.7200 -5.1211 0.5456 6.80 2.06 6.75 185 384 182 183 146 
14.71 3.03 -10.87 1.5500 1.1100 -4.6300 4.4644 -8.3611 1.8511 7.35 -2.45 -6.00 180 400 170 168 117 
7.54 -1.71 -3.81 2.4600 3.5500 2.6900 3.2922 -2.3489 -1.0933 4.27 -6.17 -6.30 157 409 177 170 117 
5.49 -4.40 -3.73 0.7600 2.4800 1.5100 1.4278 -0.6389 -0.0567 3.26 -7.69 -5.13 153 409 181 173 119 
4.02 -6.26 -3.44 0.6000 1.4900 0.8900 0.3300 -0.3122 -0.3344 3.59 -7.96 -4.45 150 408 181 172 121 
8.52 -6.93 0.99 1.9300 1.0600 2.8300 -1.5022 1.9833 0.1800 4.30 -8.08 -3.50 150 416 189 178 122 
4.52 -7.82 -8.52 -3.1900 4.0100 9.0900 1.2811 -3.3444 0.0700 4.82 -7.92 -3.18 148 420 189 179 118 
9.42 -5.50 0.19 5.2900 0.1200 0.2200 -1.9522 -0.5678 -0.3789 4.97 -7.00 -4.72 128 402 181 181 117 
5.94 -8.05 -8.88 -1.0900 -1.8300 -2.8500 0.1367 2.9433 -1.4811 6.91 -5.69 -3.99 108 380 197 191 118 
6.23 -3.66 -2.63 -1.5700 1.5900 -0.5400 2.3089 1.3200 -1.2556 8.54 -4.76 -0.68 110 381 200 191 120 
9.32 -0.56 0.25 0.8900 3.9000 -0.3900 0.6378 0.8811 0.4544 8.53 -4.66 1.28 115 387 192 189 122 
9.19 -2.46 0.97 2.2600 1.3900 -1.4400 -1.5456 1.7422 -0.2911 8.22 -4.85 2.22 114 396 202 191 122 
8.58 -4.93 2.69 0.5500 -0.4500 -0.7800 -0.5033 1.9600 0.4800 7.40 -5.23 3.74 114 402 204 191 123 
4.57 -3.62 9.99 -4.0000 3.0300 7.3800 -1.0567 2.2956 0.6344 5.74 -6.34 4.78 152 351 228 219 150 
1.03 -5.21 -1.04 -4.0300 1.5600 -3.3700 -1.8978 -2.8544 -0.7411 6.95 -6.88 0.62 195 323 315 385 225 
5.46 -5.47 -2.95 0.3400 3.1000 4.9300 -4.0300 -2.2256 0.7089 4.59 -6.17 -6.08 204 338 313 401 227 
3.22 9.30 -31.47 4.5500 6.3600 -24.0000 -2.7033 2.4689 -2.0044 1.46 1.72 -9.54 203 311 304 358 225 
5.15 1.20 -13.89 1.4700 -0.5500 -1.7700 0.2078 0.9467 -0.2189 2.27 2.25 -9.26 206 316 316 364 224 
2.40 2.28 -9.33 0.1300 0.4800 0.0600 0.3644 0.2711 -0.0189 2.71 1.89 -9.23 206 317 317 364 223 
;
