2.09 -0.28 9.47 -0.0300 -0.0800 -0.1000 -0.0144 -0.0500 -0.0867 2.14 -0.40 9.56 161 352 354 390 216 
2.93 -0.58 10.21 -0.0100 0.4500 0.0200 0.1867 0.7556 0.3500 1.55 -0.26 9.67 166 348 329 344 199 
2.38 -1.47 15.43 -2.1100 -2.9700 6.2000 -0.5900 0.3278 1.1456 0.26 -0.42 9.79 172 385 188 183 121 
12.29 -1.99 -4.02 8.4600 1.8200 -8.5200 2.8267 -13.3900 3.8233 8.46 -3.58 -3.42 130 415 186 179 111 
3.26 -0.96 -1.32 -1.4100 5.2400 3.1700 2.6100 -2.0222 0.4722 4.74 -7.60 -3.99 131 418 186 182 115 
7.89 -6.60 -5.67 2.7500 3.0400 -2.9800 3.1222 -0.8000 -1.4656 4.96 -8.38 -1.05 130 420 191 184 115 
9.80 -10.58 -8.76 5.0900 -2.5900 -10.4400 1.7944 3.3844 0.1033 5.15 -8.33 -0.38 131 424 195 186 118 
0.47 -5.83 5.98 -4.4900 4.2900 7.2600 -3.3478 -0.0778 -1.3067 6.08 -7.42 -2.03 148 384 272 265 196 
8.06 -8.88 -7.47 0.1700 -3.3700 -6.4200 -0.1322 1.4244 -0.3922 8.37 -5.05 -0.73 101 190 205 202 132 
10.83 -2.70 -4.15 3.6100 5.6200 -3.0600 3.0589 0.2333 -1.5756 9.08 -3.60 0.74 102 183 193 188 119 
7.77 4.08 38.58 1.7500 1.2400 25.0000 -0.8778 -2.5367 0.5733 9.46 -2.42 -0.87 108 190 196 195 122 
11.19 5.36 -1.98 1.6200 7.3600 -4.0900 -4.4167 0.8967 0.7400 9.21 -2.53 -2.20 107 192 199 194 122 
6.52 4.56 35.76 -6.5200 -8.0400 38.5100 -2.0778 -0.7667 -1.3778 9.55 -0.94 -1.99 109 196 199 197 123 
6.29 -2.60 3.52 -5.0400 -0.1200 4.9100 -3.2567 2.8167 0.5922 9.54 -1.94 -1.11 128 224 225 239 169 
11.84 0.16 0.33 4.3600 1.5500 -3.6000 1.5089 10.3978 -2.3189 4.46 0.79 8.69 185 381 351 396 215 
4.35 5.81 12.05 4.6900 5.1100 2.7800 0.9678 -0.5211 -1.3644 0.83 2.22 9.51 193 396 361 421 219 
;
