4.10 3.62 8.09 -0.0700 0.0000 0.0100 0.0133 0.0389 -0.0022 4.10 3.68 8.10 164 306 308 316 201 
4.20 3.64 8.06 0.3300 -0.0100 -0.0700 -0.0467 0.2411 -0.0511 3.97 3.66 8.18 163 331 297 316 200 
8.31 1.40 9.56 1.9900 0.5600 -1.0900 -2.0044 -1.6489 4.6078 1.22 -1.80 9.56 151 391 176 169 130 
10.71 -2.10 -3.18 3.4400 2.0200 -5.9800 3.5833 -11.8867 3.5156 8.65 -4.44 -1.20 123 409 175 167 127 
6.53 -2.09 1.83 0.0700 3.9800 2.6600 3.0811 -0.9367 1.5567 6.14 -7.63 -0.41 128 416 181 170 128 
6.48 -6.00 1.19 0.5600 1.5400 1.2500 0.1800 -2.1222 -0.0111 5.49 -8.08 -0.79 137 420 185 174 131 
8.84 -8.66 -4.33 -9.3500 3.6700 -1.0800 3.2022 -1.3567 -2.1989 5.92 -7.80 0.28 134 417 187 177 132 
5.61 -9.63 -3.70 4.7600 -1.2100 -5.5200 0.1400 0.8800 -0.1144 5.73 -7.95 -0.06 126 420 189 180 132 
7.67 -6.70 2.11 2.2400 0.8500 0.1400 -1.0689 1.5156 0.1400 5.83 -7.83 0.86 125 405 184 180 131 
13.15 -5.96 4.90 6.4500 0.1200 4.7500 -0.7067 4.1111 0.4744 5.11 -8.36 -0.03 124 354 198 190 131 
3.29 -10.21 -5.79 -2.9100 -1.3700 -5.6700 1.6656 0.7333 0.2511 3.82 -8.99 0.76 135 338 195 186 132 
2.47 -6.66 -0.68 -1.9800 2.1600 -2.4800 0.0733 0.5189 -0.1911 4.02 -8.76 1.79 139 337 193 185 132 
3.17 -6.86 1.48 -1.0800 1.6900 -0.5400 0.1144 0.2322 -0.2789 4.43 -8.43 2.30 147 342 195 186 134 
9.09 -15.71 -14.38 4.9900 -6.6500 -17.8000 5.0622 1.2911 0.3267 4.22 -7.09 5.28 155 364 196 186 133 
-3.66 11.27 16.85 -7.4300 14.8000 9.9400 2.8122 1.1678 0.2167 1.37 -1.75 9.54 156 376 198 186 134 
1.53 -1.12 8.36 0.2100 1.0000 -1.4900 -2.4144 -0.3444 -0.9267 2.15 -4.24 8.57 155 365 199 188 135 
1.83 -4.35 7.35 -0.2600 0.3400 -0.4600 -3.9867 2.5500 -3.3000 3.16 -7.06 6.02 142 275 182 177 129 
14.68 -4.49 9.49 9.3800 -1.1700 0.3900 2.8933 1.4089 -0.0544 3.53 -1.68 8.99 151 179 172 178 130 
2.35 1.08 9.63 0.5400 2.3300 -0.3500 1.1422 0.8567 2.2133 1.68 -0.17 9.65 152 197 173 181 130 
0.04 4.62 8.72 -2.3800 4.7800 -1.4000 0.3933 -0.2722 1.4289 1.23 0.24 9.72 153 203 172 181 131 
2.42 2.23 8.95 0.9300 2.2100 -0.6000 -0.9978 0.1911 -1.1533 1.28 -0.67 9.69 150 202 176 181 131 
4.11 1.68 9.84 1.2900 2.5700 0.5500 -1.9556 2.5489 -2.7544 -0.64 -2.87 9.35 137 197 180 184 133 
-2.62 -8.91 6.33 -1.5300 -4.8000 -1.8700 -0.5511 1.6367 -0.3878 -2.42 -4.56 8.33 136 192 179 187 134 
-1.75 -3.52 8.33 -0.0600 1.3000 -0.5400 0.3511 -0.7389 -0.1933 -1.64 -4.28 8.66 143 202 185 188 136 
;
