8.07 2.24 4.92 -0.0600 0.0000 -0.0400 -0.0122 0.0211 -0.0100 8.13 2.23 4.99 183 358 351 400 211 
8.06 2.23 5.04 -0.0900 0.0000 0.0500 -0.0078 -0.0056 0.0078 8.13 2.22 5.00 181 361 343 381 208 
9.68 1.97 7.33 2.2900 0.5600 3.1800 -3.9367 -3.6067 2.7678 9.33 -1.73 2.46 175 401 205 211 149 
10.01 -4.60 -3.55 0.7000 0.0000 -2.6500 0.3178 -2.1033 2.2889 7.79 -5.39 -2.51 165 411 188 204 145 
3.86 -4.61 -5.10 -2.6700 2.3400 -2.3300 2.4211 -0.5478 0.5744 6.31 -7.33 -1.56 168 421 197 207 150 
-9.05 0.70 18.85 3.8800 6.3800 18.6700 -1.3656 -0.3733 0.9900 6.02 -7.71 0.67 152 419 206 213 148 
12.70 -11.15 -8.83 5.0800 -2.9900 -10.1100 3.8600 4.1244 -0.4933 6.27 -7.17 2.28 147 430 207 214 150 
3.17 -4.92 8.01 -1.6600 2.9800 6.0700 -5.3933 3.4822 -2.2244 6.50 -7.20 1.39 184 343 208 211 138 
9.73 -8.52 -5.61 0.5700 -3.5100 -9.1400 0.0589 9.3033 2.2267 2.18 -9.05 3.05 207 423 186 183 127 
2.55 -6.28 3.24 0.6600 2.4000 -2.5800 1.1544 0.7756 -0.6900 2.58 -7.93 5.14 202 431 205 194 130 
7.04 -5.55 7.09 4.2700 -0.0700 1.1100 1.4811 -0.3678 1.3144 1.86 -6.53 7.06 192 436 208 196 132 
-1.43 -10.72 12.90 -3.7500 -3.5800 5.5900 -1.7478 -0.4589 1.5167 0.83 -7.60 6.13 190 433 215 195 132 
-5.74 -6.28 5.37 -5.5000 2.7900 0.2100 -1.9567 1.9622 -0.2822 -0.37 -9.15 3.49 188 437 218 199 133 
1.78 -3.07 0.32 2.0900 6.0900 -2.4700 0.6622 1.5178 -0.8144 0.12 -9.29 3.13 187 433 216 201 134 
4.64 -6.31 2.01 5.6700 1.8300 -2.3400 2.5989 -0.4011 -0.1633 0.32 -8.04 5.60 186 434 223 201 133 
2.19 -11.85 13.69 -0.0300 -5.5200 6.8800 0.4211 -1.8978 0.9089 1.09 -6.66 7.10 182 431 227 202 135 
-1.36 -6.37 6.75 -3.0100 1.4400 -0.9600 -0.4233 -0.3056 0.2722 1.45 -7.28 6.40 183 431 226 203 134 
0.97 -4.97 5.30 -0.0200 1.7900 -1.3300 1.5167 -1.6044 0.5556 1.98 -6.32 7.23 187 383 238 225 152 
6.03 -1.47 4.11 0.4200 1.7700 -2.1900 6.1367 -5.7344 1.0956 7.01 -1.65 6.64 196 351 340 402 211 
10.66 7.74 18.31 2.8100 3.6500 19.4200 -1.5411 0.3322 0.1889 8.52 0.55 4.82 184 362 346 418 217 
;
8.11 0.28 4.87 -0.2000 -0.0400 0.4500 -0.1400 -0.1389 0.0211 8.52 0.44 4.83 179 363 345 417 215 
8.43 0.45 4.71 -0.1100 0.0200 -0.0400 0.0789 0.0356 0.0044 8.53 0.48 4.80 175 363 347 412 213 
8.49 1.02 6.31 0.0300 0.5800 1.7700 -0.6233 -1.4789 0.6144 9.00 -0.12 3.87 180 411 238 253 187 
16.33 -4.15 -4.53 7.1200 -1.6100 -4.3800 0.0000 -5.3256 3.3967 8.25 -4.23 -3.18 175 401 183 193 133 
1.29 -3.40 -1.88 -4.3500 3.1700 2.0500 1.2700 -1.0078 0.4689 5.92 -7.02 -3.42 176 421 185 194 135 
6.55 -6.34 -3.20 1.0000 0.8200 -0.8200 3.1922 1.1222 -0.6967 6.58 -7.23 -0.64 186 429 187 199 136 
7.96 -6.20 4.00 -2.6600 -0.0200 0.7700 -2.7544 1.4700 -0.0133 6.71 -7.13 -0.36 170 420 195 191 130 
14.99 -3.03 6.48 1.6700 1.9500 5.1200 -1.7811 2.8656 -0.1322 7.08 -6.59 1.56 190 422 204 198 134 
14.57 -2.26 0.86 13.7800 8.6400 -4.3600 -11.9833 17.2422 3.4133 2.03 -9.43 1.75 206 426 191 200 135 
4.11 -4.64 3.53 4.1500 4.5700 0.2100 0.9033 1.7367 -0.5078 2.00 -8.63 4.18 196 437 205 204 134 
6.95 -6.96 5.25 5.1200 0.2900 0.0100 1.7367 -0.5178 1.3033 1.32 -7.52 6.14 183 440 206 209 134 
-2.34 -11.54 12.54 -4.2800 -4.0400 5.1600 -1.5489 -0.2300 2.0489 -0.28 -7.95 5.72 176 437 209 209 135 
-6.38 -6.09 4.45 -5.0000 3.9300 0.1400 -1.3367 1.4533 -0.8589 -1.21 -9.16 3.27 175 436 211 207 136 
-1.06 -4.19 2.01 -0.0200 5.1300 -0.4800 0.2389 1.5000 -1.1700 -0.02 -9.39 2.81 178 436 217 206 137 
6.22 -6.01 2.29 6.8600 2.1000 -1.1600 2.2922 0.2767 0.2311 0.16 -8.45 4.95 177 436 215 206 136 
4.19 -10.73 10.20 2.9300 -3.7800 3.9600 1.2122 -1.6722 1.3800 0.07 -6.72 7.13 178 439 223 205 136 
-3.01 -7.91 7.49 -3.2600 -0.2200 -0.0300 -0.2822 -0.7756 -0.0856 0.96 -6.87 6.93 178 436 226 207 137 
0.82 -4.68 6.45 -0.4200 1.7400 -1.0800 1.0800 -0.8756 0.2289 1.59 -6.12 7.49 181 427 241 227 156 
5.38 -2.41 4.91 2.8500 1.2200 -4.1700 5.8744 -6.1422 2.1211 6.55 -1.81 7.06 186 338 323 399 209 
9.68 2.73 11.95 7.5700 6.8600 23.5400 -0.5322 0.6756 -0.3689 8.49 0.96 4.80 179 348 346 418 211 
;
