2.25 7.76 5.25 -0.0500 -0.2100 -0.0400 0.0256 -0.0833 0.0056 2.32 7.95 5.24 184 365 340 344 206 
2.13 7.91 5.07 -0.1700 -0.0500 -0.0900 0.0956 -0.1122 -0.1044 2.29 8.03 5.12 184 362 338 342 207 
2.35 8.91 7.46 -1.3900 0.8900 2.1500 -2.1222 -3.1967 1.8444 4.37 6.64 5.73 171 374 158 166 122 
15.25 6.14 1.52 4.9600 1.2700 -0.7400 1.6278 -4.5367 4.6933 9.55 0.38 -2.16 135 375 171 164 124 
8.36 -4.58 -8.38 -0.6400 0.2000 -4.0800 4.4089 1.8856 1.4333 8.05 -5.49 -1.02 138 379 178 172 127 
2.76 -3.65 2.45 -4.8000 1.7700 -0.2600 2.2344 1.2900 -0.1600 7.57 -4.84 3.92 140 390 184 176 130 
4.28 -2.09 4.38 -3.1800 1.2800 -1.3800 1.7178 0.5378 -0.5089 7.29 -2.73 5.95 141 394 189 180 132 
6.77 2.03 5.61 0.9500 3.8100 -0.5100 0.4278 0.4444 -0.1489 7.06 -1.04 6.71 143 374 188 181 132 
6.21 1.35 5.79 -0.0300 2.9900 -1.3600 -2.0622 0.8422 -0.6444 6.25 -2.12 7.24 142 394 182 187 135 
7.28 -4.48 6.11 0.9800 -2.2900 -1.4100 -0.6222 1.4333 -0.6400 5.10 -3.00 7.81 138 412 196 193 138 
1.87 -3.32 11.19 -3.2700 -0.5400 2.5200 -0.4244 0.3556 -0.1122 4.49 -3.18 8.11 146 410 202 194 138 
4.28 -2.32 8.53 -0.8400 1.2100 0.1700 -0.7511 -0.1100 0.3044 4.44 -3.82 7.85 158 377 206 219 167 
4.86 3.55 9.90 1.0600 6.8400 0.6500 -7.0167 1.1900 0.0556 4.14 -7.50 4.77 164 319 309 322 200 
6.71 -11.01 -4.94 1.6400 0.8700 -6.4400 -4.0289 2.6222 -1.2767 3.77 -9.04 -0.47 161 363 322 389 213 
0.95 -8.99 -6.40 -0.3100 0.9600 -4.4600 0.5089 1.0900 1.2033 2.46 -9.45 -0.86 169 372 359 413 217 
-0.17 -8.47 -2.27 -1.2100 1.2100 -2.4900 0.7133 -0.1044 1.3122 0.54 -9.76 0.77 164 381 363 414 219 
1.55 -2.02 -9.76 2.4700 10.8300 -13.7600 7.9433 0.0400 -0.0056 0.19 -6.81 7.04 166 388 366 421 219 
-3.75 21.58 18.07 -7.4100 12.5600 6.2900 4.5289 -1.1622 1.8522 -0.60 5.56 8.05 170 397 366 418 220 
0.54 10.26 11.35 -0.4700 1.9100 3.4000 0.0433 -0.1144 0.3489 0.48 6.90 6.94 170 393 369 416 221 
-0.53 6.39 6.79 -0.3100 -0.3200 -0.2300 -0.0611 -0.4211 -0.2000 0.80 6.81 7.01 176 382 349 405 221 
2.58 6.56 9.45 2.8800 0.6100 3.6200 -0.9033 1.5756 1.8478 0.45 6.23 7.55 196 338 323 287 210 
-3.55 5.56 11.39 -4.4200 1.3400 3.9300 -3.4156 -2.7689 0.8544 4.36 2.73 8.34 209 188 183 182 131 
0.46 1.10 0.68 -11.1500 1.5800 -4.9700 -1.5400 -7.2444 2.6833 9.35 -2.19 1.95 210 174 172 181 123 
27.44 10.55 -10.93 15.1100 6.5400 -7.4300 -0.9367 0.4256 -4.0256 9.28 3.10 -0.54 209 179 172 188 129 
8.40 2.53 0.72 -1.3700 -0.3700 1.7800 0.1933 1.0133 -0.3189 9.29 3.05 -0.61 210 184 182 190 131 
10.16 2.97 -1.80 0.9400 -0.1000 -1.2600 0.1189 0.1578 0.2011 9.35 2.91 -0.50 209 187 186 193 132 
11.27 3.36 0.04 1.8900 0.9100 0.2800 0.1378 0.9044 0.7856 9.55 2.21 0.16 209 195 187 193 136 
;
