2.01 1.83 9.39 0.1500 0.0300 -0.0900 0.2533 0.1722 0.0033 1.81 2.03 9.41 170 329 315 333 196 
0.54 2.01 9.73 -0.6300 -0.1800 0.1100 0.0156 0.4756 0.0378 0.79 2.25 9.51 162 331 316 334 197 
0.59 1.58 9.67 -0.2100 -0.6100 0.5100 0.4333 0.2267 0.0200 0.44 2.38 9.50 165 338 323 346 198 
0.54 5.78 15.72 0.8700 2.4500 6.1500 -0.8267 -2.0033 5.0756 1.93 2.47 9.28 168 384 197 191 151 
14.96 1.55 1.63 4.9500 1.3100 -3.9500 5.1422 -9.4122 7.3789 9.57 -2.10 0.24 120 398 173 166 115 
4.63 -2.24 -0.52 -3.6000 2.3900 0.0400 3.6833 0.8533 0.7000 8.41 -4.69 1.83 114 406 175 166 117 
5.39 -0.22 2.37 -2.4300 3.9800 -0.6500 2.5956 0.4378 -0.3667 8.23 -3.11 4.30 114 402 184 174 121 
8.28 -0.80 1.92 0.4700 1.7600 -1.8500 -0.6700 0.6189 -0.3378 7.95 -2.58 5.11 115 397 191 177 120 
9.25 -1.38 4.62 1.4800 1.4300 -1.1000 -1.5478 0.9900 -0.0767 7.46 -3.56 5.26 120 413 191 179 122 
7.35 -5.15 5.06 -1.1500 -1.1300 -0.3300 -0.1744 0.6700 0.1100 6.63 -4.10 5.93 121 416 195 183 122 
4.20 -2.34 9.92 -3.5500 1.8900 3.6100 -0.0611 0.9311 -0.4400 6.16 -4.09 6.43 124 416 202 185 126 
4.89 -2.62 6.49 -2.8200 1.8200 0.8100 -0.6589 -1.0644 -0.0978 6.74 -4.54 5.48 163 402 192 184 125 
-2.14 -1.72 1.20 -10.7200 2.0600 -2.9600 -1.8956 -3.9022 -2.5189 9.18 -3.34 0.73 145 397 194 186 126 
14.10 2.44 -4.47 4.1900 2.6900 -3.5200 -0.7556 -2.4711 -1.6989 9.43 0.82 -2.54 141 397 201 187 126 
13.81 5.86 -8.46 5.4200 4.4600 -4.0100 1.3322 0.6456 -1.3856 8.80 2.09 -3.76 146 396 203 188 128 
17.95 3.65 -2.14 8.3000 2.6400 1.3700 1.4944 2.6356 1.9878 9.63 -0.49 -1.77 151 398 199 190 130 
4.86 -0.83 2.96 -4.8200 1.6400 1.3400 -0.7589 4.0489 1.8844 8.41 -3.72 3.38 153 395 203 192 130 
-1.36 -3.57 4.99 -8.8600 2.1800 0.7900 -2.1067 -0.7111 0.3444 7.33 -5.91 2.72 152 398 202 193 130 
3.08 0.76 -2.27 -4.1800 6.1500 -3.2000 -2.1311 -1.4800 -3.0844 9.18 -3.32 -0.86 149 401 207 192 130 
12.90 3.76 -10.20 4.0800 3.5700 -7.4700 1.3833 -0.5433 -3.1111 9.34 1.08 -2.76 147 396 198 192 132 
15.24 1.66 -0.18 5.2800 0.2800 3.8300 0.7489 -0.7544 1.1533 8.93 0.44 -4.01 152 386 199 193 131 
10.86 2.16 -2.05 3.1800 3.1100 0.2200 -3.9456 3.2611 0.0667 9.72 0.66 -1.09 165 327 223 229 175 
14.09 1.49 4.70 2.9800 2.2800 1.9700 -2.6078 5.5767 2.4022 7.15 -3.56 5.68 177 371 312 400 217 
3.47 -2.86 4.20 -0.2900 4.8700 -3.1700 -5.7144 1.1433 2.4233 2.19 -9.17 2.66 175 363 349 408 220 
-0.29 -7.14 -12.69 -1.4300 3.1100 -12.8600 3.0978 0.0678 0.1222 0.87 -9.68 1.25 170 350 354 409 220 
2.47 0.63 7.72 0.1400 7.2100 2.6300 9.6333 1.1922 0.2311 1.07 -3.16 9.21 184 385 347 420 224 
3.77 2.22 19.08 2.4500 5.9000 5.0200 -6.6611 0.4144 -0.8989 1.50 -7.08 6.61 169 383 364 422 225 
3.73 -7.24 -15.33 2.7200 1.0600 -19.9700 0.3267 -0.8167 0.5178 0.85 -9.56 2.00 164 369 360 404 220 
5.17 10.72 14.53 5.1500 17.0900 10.6100 8.0478 -0.5011 1.2856 1.96 -1.97 9.40 173 379 366 412 224 
;
