2.38 4.69 8.28 -0.0800 0.1500 -0.0400 0.0022 0.0322 0.0056 2.52 4.56 8.30 173 349 358 397 207 
1.97 4.64 8.47 -0.3700 0.0400 0.3100 0.1100 0.3511 -0.0367 2.12 4.65 8.36 170 356 353 400 207 
4.77 7.81 15.74 6.1500 4.2800 9.0500 -6.0100 4.5511 -0.0700 -0.11 2.55 9.46 164 356 183 218 169 
1.81 -0.26 11.87 0.8000 -1.2400 2.0800 1.7344 -8.1644 1.4189 6.47 0.25 7.35 108 363 169 155 121 
11.49 2.29 -3.04 -1.3900 3.4400 -3.3900 5.2411 -1.4311 3.9900 9.00 -3.77 0.92 111 371 180 174 125 
3.73 -1.89 0.95 -4.0100 3.2400 -2.2600 3.1144 0.5589 1.7867 7.17 -4.98 4.45 110 364 184 174 126 
5.27 0.74 6.50 -1.0100 5.3900 0.9300 1.0089 0.2333 0.7278 6.35 -4.40 6.03 110 361 186 177 128 
6.98 -2.04 4.46 2.0700 2.4800 -1.3600 -1.3900 0.8500 -0.4189 5.76 -5.18 6.00 109 370 195 179 128 
8.62 -8.55 2.63 -4.5100 -3.5400 -1.9200 -0.6611 2.0644 0.3233 3.97 -6.34 6.33 110 385 198 184 131 
0.17 -5.43 9.20 -3.1700 0.8500 1.7900 -0.8722 1.5200 -0.2433 2.37 -6.73 6.72 131 380 177 196 140 
2.90 -5.84 5.42 1.1200 1.0600 -0.2000 -1.7344 1.6100 -0.5744 2.01 -8.11 5.11 167 318 323 362 209 
4.80 -6.45 7.77 3.4600 3.8500 3.5400 -6.0800 1.5433 1.1533 -0.25 -9.80 -0.11 171 353 345 373 214 
-3.29 -3.50 -19.53 -2.4700 2.2900 -14.3900 0.0344 1.4344 0.5311 -0.91 -7.83 -5.82 168 342 328 389 214 
0.65 -0.07 -6.22 2.3500 10.6200 -6.6200 8.2089 -1.3322 -0.6533 0.10 -9.02 3.84 167 351 344 395 216 
1.98 13.87 5.08 1.4100 16.1800 -2.2500 9.1578 -1.3900 0.7544 0.70 2.26 9.51 169 369 356 408 217 
0.03 11.43 19.74 -1.5900 5.1200 9.4000 -0.7111 -2.7133 -0.3278 2.34 5.13 8.01 168 373 361 405 217 
3.90 4.49 9.28 0.5300 0.8000 0.5800 -1.0544 -1.5967 -0.3367 4.37 3.50 8.04 177 359 363 391 216 
14.72 1.70 6.85 7.0100 -0.4800 0.7000 -2.0833 -3.3644 1.4944 8.74 0.86 4.35 175 397 337 410 217 
11.19 0.14 -0.72 1.2300 0.9900 -2.9600 2.0200 -0.8333 2.0589 9.54 -1.11 1.96 173 419 360 415 218 
5.95 -0.54 -0.94 -3.5000 1.4900 -3.9500 2.5411 0.8111 0.9456 8.87 -1.29 3.96 172 419 367 418 218 
5.92 3.90 5.69 -2.0400 4.9100 0.9800 1.0922 0.3300 0.4822 8.34 -0.72 5.10 177 421 369 411 218 
7.95 3.48 6.00 0.4600 4.9100 0.0200 -1.2878 -0.3222 0.9244 8.36 -2.06 4.68 182 344 335 387 218 
8.08 2.04 1.94 0.4200 5.0800 -2.7000 -5.9122 -0.5456 -0.7533 8.52 -4.50 1.79 177 269 258 326 220 
5.15 -7.73 -2.36 -3.2000 -1.4600 -3.0300 -2.6578 2.4722 1.2344 6.46 -7.29 1.08 186 284 266 338 222 
3.01 -9.81 -0.78 -2.7200 -1.5600 -0.9700 0.1144 -0.0211 -0.8789 6.79 -7.01 0.82 187 297 270 343 221 
;
