9.36 2.39 1.71 0.0100 -0.0700 -0.0900 -0.0022 0.0111 -0.0189 9.32 2.46 1.78 225 382 361 394 242 
9.24 2.46 1.82 0.2600 0.0000 0.0900 -0.3811 -0.1689 0.4400 9.39 2.23 1.71 225 392 268 266 195 
14.05 -0.29 5.17 8.0100 -1.0600 0.9200 -0.1822 -6.1200 2.3967 9.52 -0.88 -2.14 144 403 207 199 132 
9.53 -4.06 -6.65 -1.6000 0.6000 -3.3600 3.6944 2.5067 1.4956 8.38 -5.08 -0.06 152 421 220 206 137 
2.38 -2.82 1.78 -6.0000 1.5600 -1.6900 1.9311 1.2989 -0.4211 7.90 -3.67 4.48 158 424 229 212 141 
7.18 0.69 3.82 -0.2000 3.4000 -1.4800 0.8367 0.5011 -0.0589 7.50 -2.46 5.80 160 417 230 211 140 
7.47 -1.59 4.54 0.8800 1.1500 -1.7900 -2.5078 1.2011 -0.7589 6.66 -3.62 6.20 157 430 233 214 143 
6.63 -6.86 2.45 0.3200 -2.3600 -3.1700 -1.6833 4.7378 -0.8011 4.28 -5.18 7.13 164 437 233 218 149 
-2.49 -7.30 9.34 -4.1500 -1.1200 1.7800 -1.0733 1.5922 0.0211 0.89 -6.44 7.34 199 427 236 224 157 
2.57 -4.92 3.90 3.7800 3.2400 -4.4200 -5.6400 11.2433 -1.8689 -1.45 -9.53 1.79 236 439 227 226 157 
1.01 -9.00 3.47 -0.4300 0.8500 1.7000 2.2467 1.1589 -1.3144 0.51 -9.30 3.06 224 447 224 227 157 
3.80 -4.20 3.98 3.7200 4.4900 -0.5200 2.7911 1.1933 0.0011 0.14 -7.73 6.02 210 452 224 226 156 
1.67 -12.40 18.65 -0.6800 -7.1100 10.8900 -0.9522 -2.0111 2.2811 -0.49 -6.61 7.21 205 451 228 229 159 
-7.12 -7.90 7.26 -6.6200 1.1400 0.9000 -2.3544 0.3344 -0.3189 -0.37 -8.87 4.16 205 450 230 229 158 
-4.29 -1.98 3.90 -3.5600 7.7300 1.1000 -1.1200 1.7933 -1.5122 0.96 -9.49 2.24 201 450 233 233 164 
4.84 -0.99 0.04 3.9900 8.7200 -2.3700 1.8522 1.9878 -0.8622 1.70 -8.99 3.50 233 473 260 258 190 
11.11 -11.54 10.54 7.6500 -6.4100 5.7500 2.1233 -3.0889 1.2367 1.86 -7.16 6.43 239 481 277 269 200 
-3.31 -9.39 7.11 -5.9100 -1.1300 0.6200 0.0933 -0.7678 0.4500 2.64 -7.26 6.03 232 473 266 265 194 
;
