9.19 1.59 3.97 0.0800 0.1000 -0.2200 -0.1289 0.0189 0.0022 8.73 1.48 4.19 172 368 337 401 224 
8.62 1.70 4.38 0.0000 0.2000 0.0900 -0.0600 0.0233 -0.0433 8.68 1.49 4.30 177 362 341 399 223 
8.43 1.82 4.65 0.4600 1.0900 1.2500 -0.7411 -0.9456 0.5433 8.92 1.08 3.91 177 358 310 328 212 
14.93 -0.08 6.06 4.3700 0.2300 2.4900 -2.5678 -0.8878 2.0011 9.35 -2.34 1.76 145 356 183 193 130 
11.36 -3.81 -2.70 1.3200 0.5500 -3.2700 0.2289 -0.6100 1.9322 8.25 -5.29 0.10 107 347 175 182 115 
3.85 -4.90 -1.57 -3.6400 1.8300 -1.8300 2.3711 0.0622 0.8922 7.04 -6.49 2.09 108 375 177 183 117 
4.76 -3.22 3.43 -1.7000 3.2200 0.1500 1.6233 -0.1500 0.6967 6.43 -6.11 4.16 109 380 182 187 121 
7.25 -3.24 4.63 2.5000 3.2000 0.3100 -1.5422 1.0544 0.1522 5.64 -6.84 4.17 113 398 187 192 123 
7.62 -6.38 1.36 1.3200 0.5000 -2.5900 -1.3611 2.2411 1.0678 3.67 -8.22 3.87 114 408 192 197 127 
-0.61 -9.66 6.21 -2.3700 -0.8700 2.2000 -0.1300 0.0844 0.5467 1.88 -8.66 4.18 132 400 205 213 142 
-1.77 -6.37 5.39 -4.1100 2.4900 0.5500 -0.8900 -1.1700 -1.4622 2.90 -8.76 3.29 174 314 287 329 207 
1.29 -4.07 -1.44 -3.5800 3.1600 -3.0400 -3.4500 -6.3467 -0.5767 4.93 -7.79 -3.31 203 340 339 384 227 
4.84 -2.01 -6.44 1.1200 2.5300 -0.4100 -5.3578 -2.0611 -0.5822 2.19 -2.32 -9.26 209 309 307 360 228 
5.06 -2.97 -16.27 1.9800 -1.9700 -3.9100 0.6978 0.8311 -0.1578 2.89 -0.98 -9.31 209 323 309 364 230 
1.86 -0.74 -8.80 -2.4300 0.9500 -0.4000 1.5011 0.8000 -1.1700 4.43 -2.16 -8.47 205 313 300 340 224 
5.87 -1.67 -10.39 -2.6000 1.5600 -4.7400 4.8111 7.4122 -1.1256 9.18 -3.35 -0.72 197 380 317 381 220 
2.78 2.38 7.34 -6.1700 2.4800 2.7500 2.4611 0.5467 0.1800 8.22 -0.29 5.32 203 380 335 408 220 
;
