8.44 0.90 4.94 0.0900 0.0200 0.0500 0.0122 -0.0156 -0.0067 8.40 0.90 4.96 179 316 319 330 197 
8.13 0.74 5.16 -0.1000 -0.1400 0.4400 0.0889 -0.2433 0.2233 8.49 0.88 4.82 179 343 319 312 196 
11.86 1.05 6.54 3.2400 1.2100 2.7000 -1.0411 -1.7111 1.5656 9.08 -0.68 3.62 158 382 218 223 153 
10.96 -3.77 1.59 1.6300 -1.2700 -1.6300 0.7167 -0.1222 2.1756 8.60 -3.76 2.81 125 379 196 193 127 
6.18 -6.09 1.07 -2.2900 -1.4200 -2.6800 2.1822 -0.4567 1.2878 7.61 -4.86 3.81 113 382 190 186 119 
5.25 -1.92 2.71 -2.2400 3.3900 -1.4600 2.5011 -0.0644 0.1833 7.37 -3.65 5.33 118 384 199 190 125 
7.02 0.53 5.94 0.1200 3.3300 0.0700 -0.3700 0.4856 0.1722 7.02 -3.33 5.97 121 390 204 198 128 
7.55 -2.51 5.55 0.8000 1.2100 -0.8700 -1.5756 1.1467 -0.4500 6.03 -4.20 6.48 119 404 212 208 135 
4.80 -5.94 5.38 -1.1400 -1.3900 -0.8500 -0.8467 1.3956 0.0622 4.81 -5.27 6.72 122 400 217 213 139 
4.14 -6.35 7.61 -0.9600 -0.3500 1.2100 -0.3456 1.6644 0.1844 3.81 -5.92 6.82 132 391 229 223 149 
0.96 -3.99 6.89 -2.0700 2.4500 0.2200 -2.3089 0.4333 -0.8944 3.53 -7.19 5.64 147 342 281 281 184 
7.84 -9.36 4.85 5.3200 -0.2500 2.3200 -3.0667 8.7022 -0.7300 -0.10 -8.89 4.12 156 361 349 438 219 
0.84 -9.65 -1.24 0.6600 0.7400 -2.5500 -3.6844 1.9611 0.8522 -1.63 -9.50 -1.79 137 341 347 415 213 
-3.99 -7.70 -9.47 -2.4000 1.0600 -6.1100 1.6022 0.3611 -0.3911 -1.57 -9.19 -3.02 141 327 322 370 207 
-2.25 -5.49 -1.09 -0.6000 4.5700 3.5500 5.2644 1.1089 -1.4167 0.15 -9.21 3.35 151 356 324 398 215 
3.04 -8.55 7.30 1.2900 1.6500 2.1200 -4.1611 -0.7011 1.0733 0.11 -9.79 0.36 146 352 316 385 213 
-4.74 -6.93 -16.94 -4.3000 4.0700 -13.5300 5.5122 0.6922 -0.9844 -0.01 -9.51 2.36 151 354 323 402 217 
6.42 -7.06 20.28 3.6400 0.3500 9.5100 -3.3456 -1.4111 0.5411 0.65 -9.50 2.30 153 343 330 383 216 
-4.12 -8.23 -6.84 -2.7200 1.4800 -6.3400 -0.6778 -0.5978 -0.0011 -1.50 -9.54 -1.69 156 341 323 356 207 
-1.99 -5.01 -7.84 -0.8000 6.8000 -8.8900 6.4344 -6.3111 -2.8122 2.55 -8.17 4.77 165 332 316 340 208 
14.18 4.73 9.37 6.6400 5.9900 4.9300 4.0189 -1.8944 -2.3489 7.86 -0.24 5.85 180 357 344 372 211 
13.26 3.79 10.13 4.9000 2.5900 5.6300 0.5056 0.0989 -0.5622 8.83 1.37 4.02 175 347 344 373 199 
;
9.11 1.06 4.19 0.5200 -0.3200 0.2600 -0.1822 0.0733 -0.0489 8.83 1.39 4.02 170 348 342 374 200 
8.73 1.36 4.25 0.0000 -0.0700 0.1500 0.0611 -0.1189 0.0000 8.82 1.40 4.03 170 350 343 374 200 
8.77 1.41 4.03 -0.0600 0.0300 0.1700 0.0111 -0.3622 0.0000 8.96 1.40 3.70 169 358 336 354 206 
16.09 0.21 8.84 6.6800 0.0500 4.6500 -2.4267 -2.1522 1.8244 9.58 -1.05 1.80 140 374 193 197 132 
9.59 -4.22 -4.95 -0.7500 -0.8100 -6.0100 3.2578 -0.5389 2.3378 8.62 -4.47 1.36 110 386 192 191 124 
1.65 -2.25 1.08 -5.8900 3.1300 -1.9300 2.9644 0.6767 0.2278 7.64 -4.35 4.32 110 393 190 191 125 
8.27 1.79 6.62 1.0800 5.0600 1.3500 -0.1778 0.5889 0.6611 7.14 -3.75 5.56 115 392 194 196 127 
7.05 -4.25 4.39 1.3200 0.4000 -1.7900 -2.1189 0.6878 -0.0011 5.97 -5.47 5.51 115 399 207 203 132 
4.98 -7.54 3.45 -1.2400 -1.2700 -1.6700 -0.3822 1.3700 0.3133 4.69 -6.45 5.70 118 409 213 208 133 
2.67 -6.68 9.43 0.4500 0.3000 3.0200 -0.3556 1.3700 1.0111 2.04 -7.21 6.31 135 397 223 232 154 
0.13 -4.96 3.77 -0.5500 2.6000 -1.7200 -1.5844 2.4456 -1.2878 0.83 -8.46 4.88 161 368 314 351 200 
3.96 -10.59 3.89 4.9900 -1.1200 2.4000 -3.9733 3.0589 0.3100 -0.81 -9.74 0.67 160 361 327 418 212 
-3.37 -9.33 -8.33 -2.6800 0.2300 -5.8000 -1.5133 1.9922 0.5644 -1.56 -8.86 -3.90 153 350 342 414 211 
-2.14 -5.97 -9.25 0.0000 4.0800 -5.5500 5.7156 1.0067 -1.1356 -0.16 -9.64 1.73 163 362 345 412 217 
4.26 -7.65 19.30 4.0400 0.9400 8.9000 -4.0200 -0.8622 0.5811 -0.22 -9.76 0.89 154 350 321 377 211 
-6.56 -8.12 -16.98 -4.6200 3.9600 -13.4000 4.9333 0.6489 -1.3244 0.01 -9.62 1.90 155 357 338 396 213 
7.87 -8.20 19.16 4.6000 -0.2800 8.1200 -3.1544 -1.1211 0.9911 0.68 -9.34 2.90 165 357 335 395 216 
-1.79 -8.47 -3.81 -2.5900 0.8700 -4.6000 -0.1344 -0.1900 1.1556 -1.05 -9.72 0.73 166 361 341 384 212 
-0.30 -7.36 -1.67 -0.3600 1.9500 -5.4800 3.4211 -3.0000 -0.9478 0.78 -8.60 4.63 170 349 322 325 207 
6.80 -2.88 5.00 2.2000 2.8600 -2.5500 4.5700 -2.3833 -1.0178 5.31 -3.27 7.56 178 351 329 341 208 
9.94 1.09 7.09 3.0600 1.8900 1.1400 1.5978 -2.4967 -0.3689 8.34 -0.03 5.14 178 353 343 359 209 
10.93 1.71 8.64 0.2000 -0.1500 1.6800 0.0267 -0.8111 0.0478 8.87 0.59 4.12 173 348 343 367 211 
;
