3.78 2.97 8.52 -0.2000 -0.0300 0.0700 0.0067 -0.0178 0.0078 3.97 3.00 8.44 207 394 371 392 219 
3.94 2.61 8.84 -0.2000 -0.4300 0.4400 0.0667 -0.0056 -0.0367 3.96 3.00 8.45 208 394 371 392 218 
4.11 3.50 8.20 0.0500 0.3200 -0.1900 -0.0533 -0.0122 0.0044 4.07 3.06 8.37 208 396 372 393 218 
3.64 2.74 8.70 -0.4200 -0.2200 0.3100 0.0556 -0.0211 0.0222 3.97 3.00 8.44 208 395 371 391 219 
6.77 2.96 20.39 1.5300 -0.1100 13.0600 -0.4678 -7.1689 0.0567 8.18 2.36 4.85 149 390 183 188 124 
4.93 3.46 -10.78 -5.3200 5.1700 -1.5500 8.8778 1.4367 2.2811 7.97 -5.56 -1.24 149 414 189 195 126 
2.42 -1.85 -0.14 -5.0400 3.0900 -3.2000 2.5033 1.1567 -0.5022 7.88 -4.33 3.89 151 405 197 200 130 
8.07 1.79 4.24 0.7200 5.4000 -0.7100 -0.5300 1.5744 0.0589 7.00 -3.71 5.76 154 400 205 205 134 
10.45 -3.58 2.84 2.9400 0.6300 -3.3100 -2.8156 2.5100 -1.7256 5.78 -4.80 6.30 147 409 209 207 138 
2.00 -9.09 5.23 -2.5700 -2.9700 -0.9300 -0.0444 1.3522 -0.3033 4.41 -5.51 6.80 148 413 212 209 140 
2.15 -3.99 7.65 -2.1800 2.1400 1.1100 -0.7322 -0.9267 0.6911 4.48 -6.19 6.13 179 367 243 279 193 
2.69 -10.51 3.57 -2.9700 -4.3000 -2.1700 -1.0544 -2.2078 -1.3489 6.55 -6.30 3.66 193 424 368 452 244 
13.10 -4.53 -5.10 5.4700 1.2800 -6.2300 2.5222 -0.1767 -2.1478 8.84 -2.18 3.62 203 445 376 455 244 
9.31 5.27 4.76 -0.1300 7.0900 0.9600 2.2267 0.5600 0.6911 8.65 -0.92 4.52 211 442 391 457 243 
5.59 5.07 7.31 -2.3400 5.7600 2.7500 -2.0444 -1.0378 0.0067 8.67 -1.59 4.28 222 436 357 453 243 
13.17 0.57 -3.73 4.2600 2.1700 -6.0000 -3.9167 -0.4422 2.1500 9.04 -3.68 0.86 214 286 294 379 237 
6.80 -8.11 -0.87 -3.0500 -3.4700 -0.8600 -1.4556 1.6944 1.2678 7.39 -6.39 0.79 218 302 294 375 235 
4.57 -8.57 0.38 -1.7800 -1.1400 -0.2300 -0.1378 -0.0922 -0.2878 7.36 -6.43 0.72 220 313 295 382 235 
;
6.74 -5.25 0.59 -0.8800 1.4000 0.0100 0.7489 0.0044 -0.3444 7.62 -6.11 0.81 216 326 293 380 235 
2.49 -4.77 0.29 -5.6200 0.4500 -1.8800 0.3689 0.7511 -1.4256 8.16 -4.63 2.83 213 353 319 367 226 
11.46 -0.75 2.47 3.3000 1.7400 -0.0100 0.9111 2.3367 -3.1933 8.63 0.02 4.65 208 361 331 373 225 
7.15 3.42 8.12 0.3000 2.2100 2.2700 0.0756 0.8667 -1.8389 7.09 2.68 6.21 208 368 339 384 227 
9.69 5.81 9.23 3.4800 2.2100 3.2400 0.6767 -0.5722 -0.0811 6.71 3.83 6.03 205 364 345 383 224 
7.63 3.27 7.22 1.9100 -0.2100 1.8200 0.1933 -1.3167 0.4578 7.37 3.63 5.35 203 379 237 229 162 
22.38 5.15 -6.78 13.0300 -2.0600 -4.0300 7.6911 -7.0844 5.1756 8.40 -2.69 -4.27 146 412 206 208 126 
1.55 -1.58 -2.57 -7.3100 4.4200 -3.3100 4.2411 2.4522 -0.2322 8.00 -4.72 3.10 155 416 214 216 133 
7.15 3.80 2.57 0.5300 7.9500 -2.0300 -0.5933 1.6067 -0.0822 7.29 -3.74 5.37 161 403 224 224 140 
10.71 -3.01 1.84 3.8000 0.5900 -3.9300 -3.6200 2.2467 -1.6267 6.47 -4.98 5.41 154 403 226 226 142 
2.38 -9.49 7.10 -4.1600 -2.9600 1.9800 -0.7278 0.5589 -0.3022 5.60 -5.91 5.46 169 399 230 225 150 
1.54 -5.65 8.01 -3.9700 -0.5300 2.2000 -1.3656 -0.9089 -0.6656 6.14 -6.41 4.15 181 364 308 362 215 
9.56 -9.97 -0.98 2.6600 -5.0700 -6.8200 2.7300 -0.0589 -1.5844 8.01 -4.06 3.92 205 442 382 446 239 
12.19 2.52 0.43 2.3800 4.6400 -1.6400 2.6644 0.8467 0.2789 8.65 -1.93 4.17 223 445 392 453 239 
6.29 4.95 7.52 -2.2300 6.8800 2.8300 0.3922 -0.1222 0.5500 8.45 -1.92 4.57 225 443 380 452 238 
8.72 4.65 4.80 0.7100 7.4000 0.6300 -4.4556 -1.9333 -0.6478 9.15 -2.96 1.88 218 319 304 360 233 
10.15 -3.69 -5.43 0.6300 -0.5500 -5.2500 -2.2000 1.4733 2.3211 7.81 -5.91 -0.03 219 309 296 369 235 
2.89 -11.77 -1.81 -3.3100 -4.3300 -1.2600 -0.3611 0.5511 -0.3656 7.49 -6.31 0.20 219 319 301 375 238 
6.51 -5.28 0.21 -1.3100 0.9800 0.0800 0.4022 -0.3556 -0.0033 7.69 -6.07 0.11 216 321 290 356 230 
4.34 -4.27 1.01 -3.8500 1.0500 -1.3400 1.5222 1.6811 -1.9178 8.05 -4.43 3.40 215 380 316 357 225 
;
