9.52 1.98 0.57 -0.0800 -0.0900 -0.1800 -0.0089 0.0156 -0.0411 9.54 2.10 0.76 175 349 347 384 208 
9.54 1.97 0.69 0.1500 -0.1700 -0.0200 0.1267 -0.0956 -0.1567 9.52 2.24 0.63 174 346 342 373 207 
10.01 2.54 0.62 0.7200 0.6600 0.3700 -0.6089 -0.1933 0.3733 9.58 2.02 0.51 182 383 330 290 197 
14.12 -0.19 4.49 3.5000 -1.8200 1.8200 -5.5578 -0.6078 2.2578 9.76 -0.80 -0.31 143 354 164 175 107 
9.91 -3.46 -11.45 0.8000 -0.4200 -7.7900 5.4133 -0.1389 1.4700 8.54 -4.31 -2.15 123 370 175 186 112 
4.47 -3.17 -1.70 -3.6100 3.1300 -1.7200 4.3156 1.0944 0.2722 7.96 -4.69 3.27 132 383 183 189 113 
5.57 0.97 3.88 -1.4400 4.3900 -1.3000 1.3867 0.2778 0.0122 7.53 -3.34 5.31 136 370 188 190 117 
6.85 -1.08 5.14 0.5100 1.2100 -1.5700 -2.0911 1.1533 -0.4122 6.93 -3.91 5.72 129 396 196 194 119 
5.66 -5.77 3.63 0.2700 -0.7800 -1.5900 -2.7378 2.2911 -0.9167 5.22 -5.55 6.16 125 396 205 196 122 
-1.76 -8.17 8.27 -5.6200 -1.6400 2.1300 -0.3100 0.5622 -0.2044 3.63 -6.29 6.58 136 383 201 198 127 
2.69 -8.00 6.44 -0.1900 -1.6100 -1.4600 0.2144 0.6189 0.2767 3.62 -6.70 6.17 133 279 207 199 128 
8.85 -7.17 5.51 5.5000 -2.1400 -2.8500 2.1100 1.0933 -1.1222 3.48 -2.54 8.80 159 187 180 176 116 
2.39 2.16 9.40 -0.5400 3.1400 0.2100 0.9556 0.3133 1.9722 2.09 -0.38 9.57 160 184 181 176 116 
1.16 1.87 9.35 -0.6600 1.8600 -0.1600 0.1422 -0.2056 0.6144 1.97 0.06 9.60 158 196 181 179 117 
3.52 1.33 9.83 1.6600 1.7400 0.2200 -0.6167 0.1389 -0.7133 1.83 -0.13 9.63 154 205 187 182 119 
5.15 -0.41 9.77 4.4300 0.0700 -0.2400 -2.5133 3.3156 -2.4156 -0.29 -2.08 9.57 140 216 184 186 124 
-2.18 -6.76 6.85 -2.8000 -3.3700 -2.3900 -0.5333 1.8678 -0.7822 -2.82 -3.95 8.51 141 218 193 190 127 
-2.13 -2.32 7.67 -0.0600 1.9200 -1.5900 0.0989 -2.5044 0.5900 -1.21 -3.77 8.96 146 235 194 194 133 
-1.27 -4.49 -0.23 -3.2400 -0.6000 -9.2200 0.1567 -5.3022 -1.2111 5.22 -3.73 7.41 156 244 205 222 154 
13.31 -2.41 4.86 5.7100 1.4500 2.0500 2.7822 -0.8700 -2.4611 7.67 0.09 6.09 174 293 303 334 197 
;
