3.60 1.30 9.21 -0.7000 -0.4800 0.4400 0.5133 -0.4667 -0.1344 4.27 2.17 8.55 170 349 278 285 196 
7.83 2.92 12.83 3.2900 1.1700 4.4800 -1.5167 -0.3111 1.1689 5.01 0.75 8.39 174 374 165 169 132 
12.60 -0.70 1.70 6.1700 -0.2000 -4.0500 4.8700 -7.4233 4.1422 9.41 -1.67 2.15 133 399 174 172 125 
6.82 -0.55 0.26 -2.9500 3.9300 -1.6300 5.2556 0.8889 0.8711 8.32 -4.20 3.03 138 411 180 175 123 
5.13 0.74 3.31 -2.5100 3.6800 -1.5800 2.4478 0.4344 -0.1389 7.94 -2.17 5.32 138 400 186 177 126 
7.81 1.89 4.12 -0.8300 4.2500 -0.1100 -0.6700 0.5456 -0.3833 7.68 -1.73 5.84 141 383 190 180 129 
8.84 -1.78 2.62 2.0600 0.6600 -3.4200 -2.7756 1.0833 -0.6189 6.88 -3.14 6.24 123 397 185 181 130 
6.64 -5.42 7.00 1.2100 -2.7900 -2.1000 -1.8011 4.5833 -0.3267 4.29 -4.58 7.52 124 408 194 182 131 
-1.66 -4.94 10.47 -1.2200 1.1100 2.2900 -1.4978 1.3789 -0.0511 2.10 -5.71 7.68 139 390 200 189 137 
2.26 -3.84 9.64 1.4600 3.3700 3.3100 -1.8856 2.8989 -0.3644 0.02 -7.59 6.20 154 307 310 296 188 
5.30 -10.34 -3.89 5.0900 -0.5200 -5.8600 -3.0311 -1.9622 0.6456 -0.11 -9.78 0.71 113 212 259 247 163 
-4.23 -10.88 1.07 -2.8300 -0.9100 1.8100 -0.8789 -0.5589 -0.0478 -0.98 -9.69 -1.13 112 234 248 236 150 
0.79 -9.95 -0.55 1.6000 -0.7200 0.3400 -0.5133 -0.1744 -0.3033 -0.31 -9.57 -2.11 116 242 254 247 155 
-2.30 -8.51 -1.58 -3.6100 0.8000 -0.8900 0.5389 -3.5000 -3.4078 2.02 -9.35 -2.12 119 238 253 247 156 
1.91 -4.37 -11.13 1.7100 3.5800 -5.7600 2.3900 -8.8344 -4.8067 4.20 -7.69 -4.39 126 246 261 249 162 
10.25 -5.88 -3.74 6.3500 1.3200 1.9600 -0.2533 0.6656 -0.0200 3.78 -7.45 -5.11 126 246 269 257 164 
7.77 -6.88 -3.90 4.3100 0.4100 1.4900 0.1678 4.1067 -0.4867 5.82 -7.18 -3.26 135 263 276 232 157 
5.80 -6.00 -4.36 -4.3100 0.0600 -4.4900 5.4200 4.0844 -4.1944 7.30 -3.00 5.80 161 227 187 172 127 
9.82 -1.88 6.59 1.3100 -2.4000 -3.5100 0.5044 1.7767 0.1022 4.59 0.50 8.64 159 194 187 180 129 
1.94 1.81 6.98 -2.2400 1.7300 -2.0100 0.1989 1.3411 0.9833 3.07 0.32 9.30 163 195 190 182 128 
1.96 2.33 8.35 0.0000 2.0100 -1.1300 -0.6089 -0.2433 -0.1633 2.86 -0.04 9.37 161 197 194 184 130 
5.63 1.46 8.22 3.6800 2.1100 -1.2800 -1.3033 2.4067 -2.9433 1.21 -1.22 9.65 140 200 195 189 133 
-0.30 -5.98 7.84 -2.6800 -6.0600 -3.5300 -1.1400 -0.1133 0.0578 -0.38 -3.20 9.25 132 205 205 191 135 
-1.06 -3.00 9.96 1.3500 0.7100 0.1200 -0.5944 -0.8733 0.6789 -0.05 -4.04 8.93 136 206 211 196 136 
;
