7.92 1.74 5.50 0.0400 -0.1200 -0.1000 -0.0189 -0.0800 -0.0278 7.84 1.86 5.57 178 316 296 275 162 
7.92 1.70 5.35 0.0000 -0.1800 -0.1400 0.0189 -0.0711 -0.0211 7.92 1.88 5.45 177 317 295 278 160 
8.01 1.97 5.68 -0.2900 0.2500 0.6600 -0.2778 -1.2489 0.4300 8.49 1.64 4.60 177 368 217 218 140 
22.07 0.20 -0.18 9.7200 -1.0200 -0.7600 1.0922 -3.2167 2.1500 9.59 -0.17 -2.02 124 391 189 179 110 
6.67 -2.16 -7.05 -4.1000 0.3300 -4.5300 3.7222 0.5778 2.2578 8.22 -5.20 -1.17 117 397 211 181 114 
3.02 -2.82 0.14 -4.9500 2.8700 -1.7800 3.6344 1.1033 0.0333 7.60 -4.94 3.72 123 400 220 186 116 
7.01 1.89 5.01 0.3600 5.6600 -0.1500 0.2822 0.8678 0.2500 6.87 -3.89 5.80 127 393 218 190 118 
9.77 -2.80 3.74 3.9800 1.3200 -2.6700 -2.1844 2.2744 -1.1467 5.80 -5.03 6.09 125 403 222 192 119 
0.90 -7.40 7.13 -4.0400 -1.5100 1.0700 -0.1700 0.6411 0.4678 4.46 -5.64 6.65 154 412 214 193 120 
-0.51 -6.11 7.74 -5.0500 1.1700 1.1700 -1.5511 1.0844 -1.2022 3.92 -6.52 6.18 201 400 241 231 151 
0.33 -5.47 1.92 -4.2800 -0.1100 -4.1300 -1.5556 -1.0722 -3.4578 7.08 -5.32 4.19 209 201 202 196 120 
5.36 4.62 2.89 -1.9400 6.8300 -0.4100 0.8144 -1.6789 -4.3078 9.09 0.41 3.64 205 188 180 179 107 
18.95 3.18 4.67 4.7100 0.1000 1.4900 0.3589 0.1111 -0.0889 9.18 2.41 2.43 205 200 185 182 111 
9.75 3.21 1.37 1.0900 0.5300 -1.7000 0.2356 0.0467 0.1722 9.24 2.36 2.24 207 213 185 184 114 
;
9.93 2.44 -1.05 -1.3800 0.5200 -3.3300 1.3522 0.1456 1.5978 9.46 0.89 2.42 209 344 274 272 174 
3.08 -0.30 5.51 -5.3600 -0.3800 3.2100 0.4178 1.5811 -0.9967 9.12 1.19 3.39 206 357 330 365 201 
14.23 3.68 8.35 1.3200 0.0200 2.1800 -0.5856 -1.1189 0.2622 9.19 1.62 3.01 202 350 325 357 196 
19.87 -0.94 7.47 11.9500 -4.1000 2.7800 -1.6733 -2.0789 2.4911 9.78 -0.60 -0.31 134 386 184 176 109 
7.72 -2.46 -7.70 -3.6800 1.8400 -4.9800 4.9189 2.1178 2.0989 8.34 -4.94 1.42 121 397 197 182 114 
1.70 1.12 2.75 -4.9700 5.6300 -1.8700 2.0444 1.0989 -0.1778 7.10 -3.80 5.59 123 391 204 186 116 
6.30 -0.22 4.81 0.9500 2.3900 -2.0000 -1.9433 0.6733 -0.5111 6.59 -3.58 6.30 127 407 209 188 117 
6.83 -6.31 4.35 0.6500 -2.0800 -1.2800 -1.5578 1.6689 -0.4456 5.56 -4.91 6.40 129 416 214 190 120 
2.99 -5.94 8.62 -2.7100 -0.0500 2.1600 -0.2611 0.9922 -0.0322 4.31 -5.32 7.02 166 393 224 216 146 
-2.50 -5.20 3.28 -6.6200 0.6200 -4.3600 -1.8756 0.1167 -2.3467 4.84 -6.09 5.96 208 255 246 244 156 
0.26 1.29 1.06 -3.5000 8.4500 -1.3400 0.6678 -1.9789 -4.7900 8.58 -0.71 4.69 209 191 200 193 135 
23.97 6.39 3.71 13.9100 4.1600 1.7000 -0.2356 -0.9556 0.1133 9.48 1.85 1.65 207 196 203 196 132 
;
