2.15 7.00 6.43 0.0000 -0.1400 0.0300 -0.0078 -0.0322 -0.0133 2.21 7.11 6.37 193 312 302 311 198 
2.23 7.09 6.46 -0.0300 0.0000 0.1100 0.0311 -0.0033 -0.0111 2.22 7.13 6.34 193 312 304 311 197 
2.18 7.12 6.36 0.0100 0.0000 0.3100 -0.5356 -0.1011 0.2622 2.43 6.87 6.55 193 314 298 296 196 
3.57 8.34 12.41 0.6000 3.0500 5.6300 -2.8111 -2.9622 1.1200 5.18 4.11 7.23 183 328 197 193 135 
24.28 2.31 -11.73 13.8700 2.8800 -7.1300 6.1467 -7.3189 5.8922 7.87 -2.80 -5.12 117 383 184 167 117 
1.76 -4.13 -4.04 -7.3100 1.4900 -1.6600 4.2267 1.4589 0.2622 7.62 -6.14 0.39 116 393 192 172 120 
5.15 0.00 4.04 -2.3400 4.7300 0.3700 2.7022 0.5822 -0.2900 7.76 -4.02 4.43 123 394 201 173 122 
6.40 0.31 4.16 -1.1900 3.7800 -1.0800 1.0922 0.1300 0.5111 7.35 -3.34 5.55 126 385 197 174 123 
6.92 -0.70 6.42 0.0800 2.6800 0.6200 -1.6389 1.1944 -0.3478 6.58 -3.88 6.13 128 394 201 179 125 
7.24 -4.61 3.74 1.1600 -0.0700 -2.8300 -2.0089 1.6300 -0.8889 5.46 -5.20 6.25 125 404 206 185 128 
3.19 -7.55 4.10 0.0400 -1.8500 -1.8400 -1.8178 3.9433 -0.4622 3.57 -6.37 6.53 124 415 207 190 131 
-4.73 -8.74 8.64 -5.1000 -0.4100 1.6300 -0.7311 0.8422 0.4022 0.43 -7.33 6.49 131 412 199 191 134 
-4.15 -7.09 6.33 -5.4500 1.9300 0.7000 -1.4844 0.3511 -1.2778 0.36 -8.26 5.26 127 350 252 250 177 
1.66 -4.87 -2.67 -1.2600 3.1800 -5.1800 0.7556 0.8122 -4.2956 5.51 -6.45 4.91 101 244 282 291 201 
18.44 -3.55 -0.44 8.7400 0.6100 -2.4500 1.2678 -2.4511 -1.7133 8.58 -3.82 2.79 98 182 195 198 138 
12.49 1.12 3.18 2.1300 2.0500 1.2200 1.7933 -1.7811 -1.2400 9.78 -0.53 0.47 100 176 185 188 127 
13.62 5.13 -5.66 7.9000 6.3700 -5.7200 4.0967 -0.9289 0.4900 9.69 -0.70 -1.33 99 165 174 181 119 
10.36 2.31 2.16 1.7800 3.2700 3.6000 -2.1333 0.4478 0.5589 9.60 -1.18 -1.55 104 183 189 193 129 
6.89 2.43 -5.84 -3.4700 3.1700 -6.1300 -3.3333 0.3678 0.4178 9.50 -1.22 -2.06 103 181 192 191 128 
9.04 -3.39 -13.45 1.1500 -0.5400 -10.3100 6.0378 0.2022 0.9422 9.70 -1.30 -0.57 105 173 179 186 119 
6.42 -3.57 -1.64 -2.1200 -0.9400 0.7900 0.9344 -0.3367 0.3322 9.61 -1.94 0.09 107 181 187 193 129 
8.15 -1.57 2.99 -0.8000 0.7100 1.6800 0.8867 1.1544 0.0756 9.40 -2.37 1.47 131 262 264 258 181 
11.94 -4.20 2.00 2.9800 -2.2800 -0.5700 -1.7600 4.4133 0.0322 8.18 -2.31 4.87 204 246 218 227 149 
3.66 -4.06 10.45 -1.6600 0.7300 3.7300 -0.9367 -0.4778 0.6989 5.51 -3.94 7.07 207 191 191 185 124 
-5.84 -0.31 -3.48 -16.5000 3.7500 -8.0200 0.0756 -7.3778 -2.1611 9.29 -2.73 1.53 208 195 192 187 124 
32.30 9.94 -1.03 21.5900 4.7900 -1.0200 -0.0667 -1.9333 -0.0311 9.52 2.30 -0.26 208 195 196 191 126 
9.84 2.92 0.61 0.2300 1.0600 0.9200 -0.2556 -0.0611 0.3767 9.64 1.69 -0.48 209 197 196 194 127 
9.46 1.65 -0.50 1.0400 0.5900 0.2900 -0.1022 0.5567 0.2300 9.71 1.30 -0.32 208 206 197 198 133 
10.03 2.60 2.64 -0.1400 1.4300 1.6100 0.3678 2.2167 -0.5656 9.38 1.53 2.39 208 252 223 228 159 
;
