2.06 3.09 9.00 0.0700 -0.0400 -0.1300 -0.0200 -0.0256 0.0144 2.00 3.14 9.07 237 379 380 384 266 
2.17 3.14 8.97 0.1000 -0.0500 -0.0600 0.0244 0.0589 -0.0122 1.99 3.15 9.06 239 381 381 384 266 
4.48 4.26 11.26 2.3100 2.3400 5.0000 -1.9500 0.2400 1.1522 1.45 2.58 9.34 238 431 288 295 228 
6.19 -4.33 9.14 2.4100 1.3800 -1.3800 3.1000 -10.7222 2.1867 8.38 -0.84 5.01 178 442 226 222 165 
8.77 1.29 -1.62 -1.4800 4.8500 -0.1200 7.8389 -0.7122 2.7344 8.59 -4.66 0.78 182 446 235 229 168 
4.43 -0.82 0.98 -2.7400 4.0300 -3.0500 4.3589 0.8200 -0.0278 7.66 -3.75 4.83 194 450 242 233 174 
6.63 1.85 5.14 -0.5700 4.4100 -0.6000 0.8022 0.0522 0.4744 7.37 -2.48 5.96 197 444 249 235 176 
6.19 -0.35 5.70 -0.4300 2.8700 -0.4200 -2.4133 0.8200 -0.6678 6.67 -3.37 6.34 197 446 253 240 180 
6.13 -6.65 4.43 -0.1100 -2.8000 -2.5000 -1.6333 2.3311 -0.2933 5.24 -4.93 6.65 197 446 254 247 186 
2.22 -5.27 9.29 -3.2500 0.3300 2.8000 -1.2400 0.7778 -0.4256 4.97 -5.67 6.26 221 440 283 285 231 
0.48 -5.23 0.93 -4.9700 0.8000 -4.2000 -0.9133 -1.5756 -2.1411 6.43 -6.22 3.98 175 319 393 382 267 
11.87 -5.78 -4.18 5.0400 -1.1800 -7.2300 0.4689 0.6144 -0.9822 7.63 -5.08 3.46 141 218 231 228 148 
10.66 -0.85 -1.56 5.4200 4.1200 -4.2100 3.8656 -3.8967 -1.0256 9.49 -2.12 1.20 148 208 220 226 155 
12.59 4.34 3.81 2.6400 6.3000 2.0100 -1.9278 1.5300 1.1022 9.37 -2.85 0.43 154 228 235 236 158 
4.97 -2.23 -6.30 -2.3000 -0.5400 -12.1800 -1.2556 0.2800 -0.5933 8.96 -3.59 1.67 154 231 233 234 159 
12.44 -4.99 3.62 0.7500 -0.8200 0.5300 -1.0700 -1.3578 0.8300 9.37 -2.72 0.93 156 232 235 243 170 
6.23 -3.14 4.15 -3.2600 0.2000 3.0900 -1.0567 1.1944 -0.1700 9.06 -3.50 1.32 201 320 302 307 233 
10.72 1.40 1.95 2.8400 3.0200 0.1000 -3.1389 6.1389 -5.3944 8.10 0.55 5.48 252 405 382 445 284 
;
1.00 6.86 12.52 -2.0500 4.5900 1.6800 0.2167 1.9189 -3.6189 0.31 2.55 9.46 280 440 422 478 292 
3.73 4.40 10.51 5.3600 3.1700 2.3600 0.0056 0.3544 0.6011 0.30 2.94 9.34 274 424 426 476 293 
7.63 2.45 17.16 5.4000 -1.5500 6.8500 -1.0322 -6.9956 3.4978 5.97 1.20 7.68 236 427 236 231 176 
18.00 3.88 -8.16 4.0000 7.4800 -5.2100 11.0611 -1.7167 3.5567 8.81 -4.28 -0.37 196 457 246 238 177 
3.36 0.86 1.19 -3.8000 4.7700 -3.0900 3.4667 1.1911 0.0189 7.74 -3.55 4.86 203 460 254 244 180 
6.56 2.39 3.63 -0.4700 5.2600 -1.9400 -0.1211 0.8256 0.1200 7.07 -2.77 6.19 205 457 260 246 183 
10.93 -2.66 1.72 4.1800 0.7700 -4.2900 -2.7711 1.8456 -1.1511 6.29 -4.34 6.13 203 461 267 251 188 
1.99 -8.30 7.37 -3.0600 -2.5900 2.2300 -1.1244 3.5622 -0.6622 3.95 -5.28 7.24 216 469 259 254 194 
-0.89 -2.74 8.54 -4.6600 3.4300 0.2200 -2.4489 -1.2956 -0.8011 4.29 -6.36 6.09 209 404 345 347 254 
3.02 -8.89 1.44 -1.5400 -1.3300 -3.9800 -2.3856 -0.6733 -0.9967 5.37 -6.95 4.34 165 254 274 290 208 
13.74 -5.14 -3.95 8.7200 2.0200 -7.3000 2.7400 -2.6556 -1.4911 7.85 -5.03 3.01 145 221 233 238 163 
12.68 3.84 -0.16 0.4700 7.0000 -1.4300 4.6922 -3.2778 -0.5789 9.44 -2.53 0.75 148 224 232 239 165 
12.21 2.81 1.81 1.3000 5.5200 1.7100 -1.7922 0.3944 0.7489 9.15 -3.51 0.22 150 229 233 241 165 
8.93 -7.31 -17.55 -0.7900 -5.4400 -17.6700 5.7156 -0.9278 -0.5478 9.43 -2.24 1.46 150 221 229 237 162 
6.35 -2.37 2.98 -3.9300 0.0700 1.9400 -2.5567 1.1011 -0.0089 9.28 -2.50 1.90 182 281 283 298 226 
5.82 -1.74 2.55 -2.8300 -0.5000 -2.1300 -1.4911 6.0022 -4.4056 6.88 -0.05 6.98 245 398 379 412 276 
;
