8.36 1.49 4.72 -0.1100 0.1500 0.0100 0.0067 0.0156 -0.0033 8.48 1.37 4.71 177 348 348 392 219 
8.37 1.54 4.74 -0.1200 0.1500 0.0300 -0.0011 0.0033 -0.0033 8.48 1.39 4.72 179 350 352 394 218 
9.04 1.84 6.23 0.1100 0.3100 2.4500 -1.0244 -1.0644 0.6178 8.97 0.62 3.89 173 390 235 272 203 
13.08 -0.49 4.87 4.3400 1.0700 2.3200 -1.3811 -1.2589 2.4244 9.30 -2.53 1.79 132 340 160 188 128 
8.76 -5.30 -2.16 -0.0500 -0.7900 -2.8600 1.2933 -0.7611 1.7400 8.17 -5.35 0.77 102 296 170 178 114 
4.00 -4.07 -0.70 -3.8100 1.8300 -2.4300 2.7400 0.6533 -0.0556 7.65 -5.38 2.91 101 380 165 180 114 
6.91 -0.53 4.89 -0.4300 4.3300 1.3000 0.7822 0.0667 0.4556 7.38 -4.63 4.47 105 384 168 184 116 
9.73 -2.78 4.11 2.4500 1.8600 -0.5300 -1.6478 2.2689 -0.3189 6.59 -5.41 4.83 110 391 181 188 122 
7.20 -5.69 3.31 0.5900 0.0900 -1.5600 -1.7522 2.1733 -0.0967 5.51 -6.46 4.89 108 404 187 190 125 
2.84 -8.90 4.99 -1.9000 -1.8200 0.4400 0.1389 -0.3011 0.3589 4.95 -6.93 4.84 114 404 193 194 128 
2.10 -5.95 6.28 -2.6600 1.3200 1.3600 -0.8589 -0.4700 -0.1111 4.88 -7.32 4.32 132 353 193 224 155 
1.50 -4.93 -2.26 -4.6000 2.1100 -5.7300 0.9511 0.8689 -3.4311 7.20 -5.23 4.10 154 328 285 314 192 
12.18 2.37 9.65 5.2100 2.7000 3.8500 0.5078 -2.7578 -0.5578 8.61 -0.74 4.61 167 339 339 375 207 
10.91 0.43 6.99 1.8100 0.9100 2.9800 -0.1222 -0.5778 0.4678 9.06 -0.95 3.61 165 347 320 335 204 
10.79 -1.79 5.43 2.8900 -1.0500 2.2500 -0.7411 -0.0100 0.5711 8.91 -1.94 3.58 165 369 206 224 155 
11.57 -4.70 2.52 2.4700 -0.4000 -1.8600 0.5556 -0.4167 2.4300 7.77 -4.80 3.56 133 378 190 190 125 
4.17 -3.42 1.93 -2.2000 2.1100 -2.5200 2.3511 0.3022 1.0022 6.41 -5.22 5.26 117 387 183 187 122 
5.40 0.31 5.95 -0.0400 4.8600 -0.2400 0.3789 0.7878 0.1611 5.49 -4.44 6.79 120 388 200 193 127 
6.54 -3.52 5.32 1.3800 1.2500 -1.5400 -1.8000 1.1533 -0.3500 4.51 -5.74 6.54 120 389 204 199 132 
1.84 -9.05 4.80 -2.4500 -2.7600 -0.7800 -0.4056 1.2522 -0.0444 3.19 -6.78 6.31 126 396 217 209 140 
0.32 -5.53 7.82 -2.8400 1.9200 0.9100 -0.6222 -0.1767 0.0489 2.83 -7.14 6.09 151 379 224 218 146 
-0.27 -5.74 0.34 -4.0300 1.7200 -5.3100 0.5522 -1.3233 -2.6311 5.20 -6.70 4.91 157 326 228 254 177 
9.77 -2.36 2.25 2.1200 1.2000 -2.0900 2.9789 -1.1822 -2.1600 8.09 -1.77 5.24 178 335 327 374 205 
12.06 1.46 5.79 2.9400 1.7800 0.3200 1.3389 -2.7300 -0.1100 9.15 0.56 3.46 174 347 341 395 209 
;
