8.32 2.04 4.72 -0.0500 -0.0100 0.1100 -0.0133 0.0056 -0.0378 8.41 2.13 4.55 179 358 342 392 197 
8.31 2.13 4.66 -0.1000 -0.0100 0.1700 -0.0078 -0.1367 -0.0444 8.44 2.17 4.48 181 359 342 394 203 
9.59 3.57 8.40 0.9400 1.9800 4.8300 -3.4867 -1.6900 0.6767 9.17 0.91 3.33 175 362 191 200 132 
12.95 -0.43 -1.08 3.5300 0.4600 -2.2400 0.0200 -3.6689 2.4856 9.33 -2.81 -1.07 119 376 171 172 108 
7.61 -6.33 -4.67 -1.4200 -1.7700 -2.8900 2.3289 1.3944 0.5244 8.35 -5.10 -0.62 113 393 167 182 114 
4.84 -4.62 0.72 -4.0400 0.0900 -1.9000 2.1189 0.8356 -0.1533 8.32 -3.90 3.40 114 397 187 183 119 
7.56 -0.67 2.79 -0.2600 3.4400 -1.5400 2.0878 0.2911 0.7333 7.90 -2.93 5.00 117 391 196 186 119 
4.96 3.51 10.35 -1.2000 4.3100 1.4000 -1.5900 0.6944 0.1444 7.07 -3.46 5.83 119 390 195 186 119 
8.29 -4.17 4.01 1.6600 0.2800 -2.1200 -1.8044 1.6544 0.1267 5.87 -5.23 5.85 117 404 202 188 121 
1.85 -6.83 7.01 -2.6600 -1.0200 0.5300 -0.6389 1.8089 0.0767 3.92 -5.98 6.70 122 423 207 190 123 
3.27 -6.14 6.59 -0.9300 0.4800 0.3700 -0.6756 1.7722 0.4656 2.35 -6.72 6.74 132 406 213 198 126 
-8.91 -4.89 1.95 -7.0900 2.9100 -5.0800 -2.5644 -4.0589 -1.3622 0.76 -9.02 3.76 135 405 211 200 131 
9.20 -10.78 -2.17 3.0800 -1.3500 -2.9000 -1.4778 -3.9278 -2.3044 5.41 -8.04 -1.44 136 415 205 201 132 
8.84 -8.36 -2.01 1.5500 -0.2100 0.8000 0.9344 -0.6956 0.0033 5.58 -7.80 -2.02 137 421 197 199 129 
10.33 -4.30 -2.78 -10.6300 9.8100 7.8100 -0.3689 -3.7156 0.3867 5.37 -8.16 -0.78 123 413 206 199 128 
9.30 -9.93 -7.19 3.3800 -2.1500 -7.4500 2.7222 3.2711 -0.1822 5.64 -7.96 0.94 123 421 207 198 130 
0.85 -5.93 2.66 -4.5200 2.3200 3.2200 -2.2078 -1.1567 -1.2856 6.30 -7.44 -0.96 138 401 213 211 145 
8.23 -3.26 -2.65 -0.4000 1.5600 -4.8800 2.3322 5.2511 -4.2811 8.62 -2.82 3.71 156 311 322 372 206 
11.96 1.16 7.91 2.2400 0.2300 2.7400 2.3333 -3.3822 -0.2556 8.96 1.37 3.72 171 344 345 413 217 
;
7.46 1.44 3.10 -1.0000 0.2700 0.2200 -0.0967 -0.0322 0.0167 8.86 1.53 3.89 165 346 345 405 216 
9.57 1.18 3.68 0.0000 -0.0100 -0.0900 0.0544 0.0278 -0.0289 8.97 1.45 3.67 163 348 347 397 216 
9.05 1.21 3.53 0.0300 -0.0500 0.2000 -0.0767 -0.4511 0.0856 9.17 1.27 3.20 170 354 329 351 211 
12.92 0.72 7.49 2.8900 -0.6800 5.8800 -4.3767 -2.8044 1.3789 9.62 -1.38 1.23 122 368 172 176 111 
10.13 -3.81 -6.99 -0.6100 -1.1800 -5.1600 3.2767 0.1856 1.4244 8.77 -4.33 -0.56 109 394 168 181 114 
3.73 -2.96 -2.21 -4.6500 2.3900 -2.8900 3.2400 1.6067 -0.4633 8.32 -4.32 2.85 113 404 191 184 117 
6.27 1.87 4.99 -0.5400 5.4600 0.7900 1.3211 0.4444 0.6178 7.91 -3.19 4.83 110 401 198 186 120 
6.22 -2.50 4.46 0.6500 1.3200 -0.9200 -1.9189 0.4456 0.4133 6.98 -4.64 5.08 115 413 201 190 121 
7.01 -7.14 1.42 -0.3700 -1.9700 -3.7700 -1.0978 3.1567 0.2822 4.91 -6.30 5.67 116 426 208 195 125 
-0.47 -7.25 8.13 -2.4900 -0.2700 1.5600 -0.8144 2.7211 0.1578 1.77 -7.12 6.50 126 421 214 201 132 
-1.26 -5.55 5.49 -2.7500 3.1100 -1.4600 -2.9367 -1.0467 0.1144 1.42 -8.81 4.04 154 413 208 201 132 
-0.18 -8.52 -3.45 -3.3200 0.5800 -5.3400 -1.6044 -4.5789 -2.2556 4.10 -8.89 -0.37 150 416 208 197 128 
11.49 -9.37 -5.52 6.1200 -1.6300 -2.7500 1.3778 -0.3544 -0.2722 5.76 -7.89 -0.79 153 422 203 197 130 
-5.47 -0.23 9.46 2.5600 3.3000 11.8200 -0.5956 -1.9389 0.5189 5.83 -7.86 0.43 143 419 213 198 131 
7.95 -9.28 -5.56 -6.0200 1.6800 -1.2000 1.7644 -1.3133 -0.7778 6.05 -7.63 1.11 147 427 217 200 130 
2.44 -5.09 3.73 -2.4900 2.9000 2.4100 -2.5067 -0.0056 -1.1100 6.53 -7.29 -0.52 150 391 233 222 157 
5.87 -5.27 -2.87 -1.5200 -0.0300 -4.9000 2.3400 6.2967 -4.4844 8.10 -3.04 4.61 168 315 311 369 206 
13.67 -0.17 3.21 4.1500 0.4300 -1.0700 4.6622 -1.2544 -1.0111 8.92 1.19 3.88 170 346 336 418 211 
;
