2.77 0.54 9.35 0.0700 -0.1200 -0.1000 0.0333 -0.0478 -0.0856 2.76 0.66 9.38 165 341 353 374 210 
3.27 -0.24 10.54 0.9200 -0.8200 1.4100 0.2300 0.4289 -0.2311 2.37 0.81 9.47 166 342 242 264 170 
0.46 -0.42 13.56 -0.4500 -2.2500 2.0800 1.1456 -8.1556 1.5500 8.09 1.04 5.43 159 370 168 176 120 
13.87 -1.89 -4.16 5.1500 3.0700 -1.2300 4.1322 -4.3978 4.7833 6.16 -7.11 -2.73 149 371 176 170 119 
3.86 -5.27 -0.49 -1.0900 3.5700 -0.1600 3.2422 0.9378 0.5256 4.42 -8.62 1.48 150 348 166 164 121 
2.96 -4.35 1.61 -1.7700 3.2900 -2.3200 1.2844 0.7567 0.0122 4.22 -7.31 4.97 150 336 178 169 121 
2.94 -5.14 5.25 -0.2200 1.6200 0.3400 0.1022 0.2444 -0.3167 4.21 -6.89 5.55 153 333 183 176 123 
10.04 -16.86 -7.61 5.7700 -7.4900 -12.5900 5.6478 2.4333 0.2567 2.51 -4.11 8.53 155 355 188 179 124 
-6.53 9.94 14.29 -8.1300 10.4800 5.5600 0.1678 -0.0033 -0.4489 1.32 -0.31 9.71 158 365 190 182 124 
3.30 -0.17 8.96 1.1500 0.7300 -0.4600 -0.9589 -0.4244 0.5700 2.11 -1.73 9.41 163 361 192 183 126 
0.29 0.50 10.17 -1.7400 5.0800 1.0900 -5.7844 0.6333 -0.7722 2.22 -6.54 6.95 166 319 236 232 167 
6.75 -11.42 -6.28 5.7300 -2.1700 -5.7700 -3.0578 8.6422 -0.2878 -0.55 -9.72 1.09 128 309 318 386 217 
3.42 -10.13 -2.17 0.1500 -0.3600 -0.9900 -1.8067 3.4356 0.6733 -0.84 -9.28 -3.05 122 333 322 380 217 
-2.49 -8.40 -7.68 -1.2700 0.1500 -3.9100 -0.0956 0.2833 0.0167 -0.42 -8.92 -4.03 128 339 325 383 216 
-1.84 -6.72 -10.03 -0.6300 3.9100 -7.6000 4.6789 0.1056 -0.8656 0.24 -9.79 0.46 138 351 337 393 217 
0.30 -1.03 23.18 0.9300 5.4100 22.3800 -1.1044 -0.7378 0.3567 -0.26 -8.72 4.46 138 350 347 398 218 
-0.28 -4.38 -1.65 -2.2000 4.6200 -6.5600 -4.4500 -1.1889 0.0144 -0.05 -9.57 -2.12 132 312 300 306 189 
-0.79 -2.13 -11.24 -0.2100 8.2300 -5.7700 7.0089 2.6911 -0.8389 1.09 -8.86 4.03 144 347 334 353 210 
3.63 -8.01 16.75 1.6600 -1.4500 6.5700 -1.3622 -1.5122 0.1933 1.83 -8.20 5.05 138 345 329 364 212 
-0.85 -9.41 1.15 -4.1700 -1.1300 -3.8600 2.0178 -6.4789 -0.1400 4.44 -7.93 3.67 144 320 184 186 126 
16.64 -8.35 1.64 10.8400 -1.5000 2.2000 1.3156 -0.8233 0.0989 5.30 -8.23 -0.31 126 322 172 160 109 
6.78 -4.40 1.10 0.3200 4.5300 0.0400 0.0911 0.0211 1.6422 4.55 -8.55 1.49 138 340 175 167 115 
3.16 -10.57 -2.49 1.1700 -2.1500 -4.3200 1.1133 0.8233 0.1211 3.57 -8.99 1.56 138 337 179 175 117 
6.25 -4.81 -6.17 3.9800 5.7100 -9.9600 6.2600 1.9989 1.6933 0.98 -4.93 8.41 140 363 187 174 118 
-5.38 6.55 15.13 -2.5600 6.2800 0.1000 -1.3356 -0.0389 -1.2244 1.27 -4.82 8.44 140 361 192 178 119 
;
