4.38 0.93 8.60 -0.0300 -0.1000 -0.0700 0.0111 -0.0122 -0.0022 4.40 1.04 8.70 158 338 355 382 207 
4.45 0.96 8.55 0.0400 -0.0900 -0.1300 0.0078 0.0100 -0.0033 4.40 1.04 8.69 158 333 353 383 207 
4.74 0.75 9.07 0.7300 -0.3900 0.4600 0.3333 0.1444 -0.1056 4.34 1.25 8.70 158 341 330 381 205 
3.03 2.66 15.61 -2.3200 -0.4500 5.8500 -1.3278 -6.8789 0.8011 7.57 1.08 6.13 168 352 218 214 163 
13.93 -2.62 -4.91 5.0400 0.9200 -3.0300 2.8311 -8.4911 5.2844 6.93 -5.22 -4.56 136 361 177 163 111 
2.29 -4.49 -7.35 -1.0300 5.5800 -2.1300 4.3311 0.5156 2.1989 2.03 -9.56 -0.68 112 339 175 162 110 
-0.94 -3.94 3.29 -1.4700 5.8300 1.9600 0.7789 0.3733 -0.1744 1.06 -9.43 2.46 113 338 178 166 112 
3.54 -11.33 -4.91 2.1700 -2.4400 -8.2400 1.5778 -0.2211 -0.1122 1.60 -9.14 3.17 115 343 182 171 115 
2.50 1.22 5.41 1.1600 9.1700 -0.4700 5.4656 -0.4278 2.0267 -0.11 -5.06 8.39 114 357 185 171 114 
-6.67 0.43 12.26 -2.8400 2.2900 0.1900 -1.2733 -0.1644 -1.5667 -0.72 -3.74 9.03 113 356 183 173 113 
0.00 -1.05 8.30 -1.1500 4.8800 0.2200 -1.5422 -0.5356 -1.5889 0.84 -5.63 7.98 119 350 186 177 120 
-2.62 0.44 2.08 -6.1400 8.4100 -4.8400 -5.8900 -2.5511 -3.1100 5.47 -7.92 1.83 156 277 226 224 162 
6.22 -5.00 -14.67 6.9200 0.6900 -8.0300 -2.3311 -5.3944 -2.4600 6.43 -3.18 -6.68 178 278 302 341 218 
8.86 1.38 -13.24 3.0500 3.0600 -4.2000 -1.7611 -1.1278 -0.6700 3.70 0.64 -9.05 196 267 297 332 218 
6.31 3.19 -9.57 2.2700 1.6200 -0.5800 -0.6767 0.1133 -0.4956 3.56 2.12 -8.88 195 278 302 337 218 
6.62 1.05 -11.54 3.0800 -1.0800 -3.1200 0.4400 0.3289 0.3489 3.85 2.05 -8.78 196 288 304 338 219 
9.81 0.14 -16.70 4.6700 0.0300 -8.4300 2.9789 0.3822 2.0144 4.51 -1.19 -8.62 201 386 296 345 219 
9.36 0.21 -7.43 -2.8700 5.7200 -4.6200 4.2122 2.9411 2.6489 5.85 -7.75 -1.32 207 419 325 397 212 
-0.90 -0.78 3.07 -5.2500 8.3900 1.8500 0.2467 0.9622 0.2544 3.92 -8.88 1.35 209 420 334 406 215 
2.54 -5.96 2.21 -1.2900 2.0500 0.6300 -1.0344 0.4978 -1.5456 5.19 -8.27 0.88 205 394 170 173 136 
10.10 -4.17 -5.69 0.1300 -4.7700 -3.8600 4.0978 0.9756 -2.5700 7.67 -5.63 2.33 123 343 172 164 110 
11.49 -2.58 2.72 3.7700 2.3000 -3.7000 1.7078 7.8211 -2.0156 4.27 -2.18 8.55 141 187 177 167 113 
-3.22 2.57 10.48 -2.4500 3.8400 1.1300 0.5800 0.2900 1.3000 0.93 -1.12 9.69 153 187 178 170 115 
2.72 0.15 9.09 1.9600 2.3500 -0.5600 1.1200 -2.1078 0.8589 2.29 -0.61 9.51 161 180 173 167 117 
2.94 -3.26 7.28 0.8700 -2.3900 -2.2100 0.6567 -0.1967 -0.0100 2.45 -0.64 9.47 157 193 170 170 117 
3.35 2.26 9.96 0.3800 2.2700 0.2600 -0.3167 0.1411 -0.0778 2.70 -0.50 9.41 156 197 175 171 118 
3.90 0.49 9.12 1.4300 1.6100 -0.3900 -1.4767 1.6433 -1.2922 1.32 -1.77 9.55 137 198 174 174 119 
0.29 -4.36 7.83 1.3300 -1.3300 -1.7600 -0.8922 0.8167 -0.8311 -0.73 -3.99 8.92 129 194 183 178 122 
-5.84 -6.55 8.22 -4.7000 -2.2900 -0.6600 -0.1700 -0.4478 -0.1589 -0.98 -4.45 8.67 133 192 186 179 122 
-0.83 -2.38 8.36 -1.2600 2.3100 -0.8200 -0.5133 -0.7267 -0.1722 0.03 -4.65 8.63 142 224 185 195 144 
;
