8.93 -0.09 4.09 0.0300 -0.1000 -0.0800 0.0022 0.0122 -0.0289 8.89 0.00 4.13 183 352 343 345 212 
8.85 0.12 4.13 -0.0400 0.0700 0.0000 0.0011 0.0422 -0.0211 8.87 0.04 4.16 181 353 343 385 212 
7.98 0.22 4.39 -1.2500 0.2400 0.4700 0.0133 -0.9767 0.1767 9.19 -0.06 3.41 183 343 320 385 212 
14.36 2.06 3.56 5.7700 2.7800 3.1900 -2.6233 -1.6278 1.6756 9.50 -1.94 -1.40 179 352 254 266 189 
13.08 -5.72 -6.34 4.0200 -0.9700 -4.0100 -0.0167 0.9533 3.7856 6.91 -6.15 -3.23 165 348 204 211 140 
0.48 -5.72 -5.23 -4.8100 3.5100 -3.2900 2.2522 1.9011 2.5156 3.02 -9.31 0.53 117 346 184 189 118 
-1.41 -5.66 1.39 -2.4000 3.5300 -0.2800 1.5056 0.2633 0.1200 1.73 -9.11 3.17 113 359 181 186 117 
0.64 -7.64 4.98 -1.1600 0.9500 0.8300 0.2100 -0.0200 -0.3489 2.06 -8.64 4.15 113 369 187 190 118 
4.91 -11.67 -7.63 3.3800 -1.0300 -10.4400 4.6933 -1.2044 1.1244 2.03 -6.69 6.87 117 383 192 194 121 
0.36 5.19 19.64 -2.6300 9.1100 12.0100 -0.9844 0.7956 -0.4444 1.43 -4.80 8.42 118 388 194 200 126 
0.57 -3.63 5.94 -1.4900 3.9900 -0.4500 -4.4533 0.0856 -1.7078 2.74 -8.40 4.24 124 388 201 206 129 
6.08 -7.23 -1.04 0.5100 0.2200 -3.8800 0.6611 1.4844 -4.5544 6.98 -5.71 3.84 129 403 205 208 133 
11.07 -3.62 6.64 2.8700 0.5500 2.2200 -0.1000 1.0933 -1.1344 7.58 -3.09 5.39 129 407 208 209 133 
6.07 -2.11 4.69 -0.2700 0.0600 -2.0100 0.6378 1.0344 -1.3444 6.98 -1.44 6.73 128 406 206 208 131 
13.18 0.70 4.70 7.8600 0.8500 -1.6800 2.0511 0.0567 1.2189 7.00 0.36 6.85 130 405 208 209 133 
3.69 4.91 17.17 -2.6100 4.9400 8.2700 -0.6844 2.5689 2.5200 4.89 -1.31 8.39 129 402 208 210 133 
-3.10 -2.32 6.58 -4.4800 1.0100 -3.9300 -2.3678 1.0878 -0.4422 1.65 -4.53 8.53 128 404 208 211 134 
-0.46 -1.08 1.65 -2.7200 4.0500 -6.0800 0.3744 -1.2633 -2.1667 3.85 -4.34 7.90 130 404 210 210 134 
11.85 -0.14 -0.93 9.5000 2.5000 -6.8300 2.6544 -1.3833 -1.4367 6.89 -0.94 6.90 130 393 208 210 135 
10.85 1.72 16.06 0.1100 2.3500 9.9900 -0.5233 -0.1267 1.6044 8.01 -1.03 5.55 132 390 211 213 135 
7.51 -2.38 4.98 0.0900 -0.4800 -1.2100 -0.3556 0.2189 -0.1922 7.70 -2.03 5.71 143 392 213 218 142 
5.53 -1.92 4.13 -1.7500 -0.5500 -2.9200 -0.2200 0.6467 -0.8911 7.13 -1.08 6.63 166 364 258 273 179 
7.37 -0.08 7.05 -0.1500 0.4400 1.3000 0.4667 -1.0800 0.1289 7.69 -0.17 6.07 186 355 335 369 201 
12.17 1.79 5.27 4.2900 2.2800 1.7600 1.8967 -0.4400 -0.4267 8.99 0.32 3.89 187 368 347 406 212 
;
