-2.19 6.13 7.40 -0.5900 0.0600 -0.1300 -0.0378 -0.4156 0.4556 -0.78 6.15 7.59 165 352 356 363 209 
0.00 6.19 7.59 0.0100 -0.1400 0.0500 -0.0289 -0.1133 0.0944 -0.23 6.17 7.61 167 352 358 361 209 
-0.50 6.03 7.74 -0.5500 -0.1000 0.1600 -0.0156 -0.4144 0.3267 0.30 6.13 7.64 170 350 357 361 208 
-0.40 6.47 8.73 -1.8900 0.4400 1.7500 0.7356 -2.6422 0.7278 2.00 6.47 7.09 173 325 316 351 208 
11.53 7.86 5.77 9.4100 2.6200 -0.8200 0.9267 -10.0622 5.0522 9.22 3.25 -0.66 155 338 164 157 117 
10.95 0.29 -9.82 0.8200 4.6400 -2.4800 6.5456 0.4467 3.5611 5.22 -7.40 -3.75 125 324 169 156 117 
-0.46 -2.41 0.33 -4.3200 6.7100 -0.2900 2.5822 0.9111 1.2422 2.82 -9.18 1.96 127 321 167 164 121 
0.00 -3.14 4.58 -2.4200 5.4900 2.0100 -0.3767 0.0544 -0.7778 3.16 -8.89 2.64 130 325 173 168 123 
13.38 -14.63 -14.57 10.0800 -8.6300 -21.4400 4.2489 0.3078 2.0278 2.84 -8.56 3.82 127 335 175 170 122 
-5.44 12.89 26.05 -8.6100 13.1000 14.4300 -0.1444 1.1256 -0.1178 -0.27 -5.80 7.89 128 344 178 173 124 
1.13 -3.49 4.47 0.4000 3.8000 -2.3500 -4.2544 0.3644 -1.7756 1.50 -8.78 4.08 153 299 222 210 156 
13.36 -8.61 -2.66 14.3100 -0.2900 -3.9200 -3.9733 14.1222 -1.0622 3.48 -8.93 2.05 126 319 339 389 213 
0.11 -8.85 1.15 0.7700 1.4900 0.1000 -3.1300 1.3444 1.8800 -0.23 -9.62 -1.87 120 335 337 369 213 
-1.19 -7.05 -6.10 -0.1900 1.4200 -2.8700 -0.2089 0.5089 0.3622 -0.85 -9.13 -3.46 128 343 328 352 211 
-3.83 -6.08 -16.96 -3.1800 4.7400 -14.1100 7.7711 2.4389 -1.7644 0.69 -9.44 2.54 137 354 349 364 211 
2.23 -9.41 23.45 2.2700 0.4000 14.1800 -5.6300 -1.6478 -1.1167 1.83 -9.62 0.40 126 349 343 356 211 
-4.33 -6.68 -26.33 -5.3000 2.9000 -19.9600 5.9767 1.3844 -0.7156 1.91 -9.61 0.01 139 339 335 349 211 
2.77 -6.30 18.69 2.0500 1.0400 11.0000 -0.7633 -1.0367 -0.4856 2.25 -8.77 3.75 141 342 332 338 210 
2.46 -7.32 2.70 -0.3100 2.2300 -0.4700 0.2333 -0.6544 0.0522 2.58 -9.06 2.70 138 270 267 286 203 
2.62 -5.50 1.04 -0.0900 2.1400 -2.4600 5.3800 -0.1111 0.5233 2.74 -6.45 6.85 155 274 274 310 206 
3.45 -4.99 11.78 0.5000 -0.5300 1.3900 0.3300 -1.6522 -0.3144 3.78 -4.23 7.99 139 255 288 315 207 
4.21 -1.82 8.29 -0.2400 1.3900 0.2800 1.6778 0.2244 -0.1444 4.24 -2.03 8.60 150 279 295 319 206 
4.81 0.68 15.98 0.5100 2.6100 9.6000 -0.4433 -0.7189 0.4100 4.80 -1.78 8.36 148 322 342 367 212 
8.17 2.04 7.45 2.5900 7.5500 -3.1300 -8.0211 1.5422 1.1744 2.68 -8.76 3.47 127 314 312 356 211 
1.59 -3.40 -5.42 -1.2400 5.5300 -3.8100 -3.1833 -0.2944 1.0822 0.47 -9.09 -3.63 119 358 340 382 216 
-3.85 -5.80 -15.89 -3.6000 2.8000 -12.2900 4.9078 0.6767 -1.2478 0.97 -9.73 -0.72 123 352 347 378 216 
3.89 -9.56 25.74 4.7700 0.8100 16.3000 -3.9089 -1.7700 -0.6911 1.99 -9.60 0.13 114 351 324 374 215 
-4.37 -6.79 -21.92 -5.8500 2.8700 -19.0800 3.6633 1.1867 -1.3144 2.10 -9.51 -1.13 120 350 339 377 215 
3.11 -9.71 15.42 1.1300 -0.9700 8.2600 -0.2011 -1.1811 -0.5300 3.09 -8.83 2.91 123 341 342 374 215 
1.88 -5.48 0.61 -1.3500 3.3400 -2.9200 3.2156 -0.7478 0.0789 3.23 -8.05 4.56 138 340 310 341 210 
;
