4.10 4.04 7.87 -0.0500 -0.1200 -0.0100 -0.0289 0.0722 -0.0322 4.11 4.17 7.86 190 334 329 357 207 
4.12 4.12 7.87 -0.0500 -0.0500 -0.0100 -0.0756 -0.1278 0.0722 4.21 4.09 7.85 190 334 324 356 205 
7.84 4.09 9.14 2.0300 1.3100 2.2100 -1.7822 -6.5944 2.0067 8.83 0.86 4.16 152 335 228 225 156 
14.89 -5.08 -4.10 4.7600 -2.3200 -0.7500 3.3833 -2.2111 3.8211 7.18 -5.37 -3.94 107 355 182 180 117 
3.05 -5.44 -3.45 -2.0400 2.8900 -0.7900 2.7689 -0.4833 1.8389 3.42 -9.11 -1.17 94 351 168 171 109 
1.19 -5.67 -0.55 -1.1500 3.4100 -0.9300 2.2156 0.2611 0.3400 2.35 -9.25 2.21 98 351 180 179 115 
1.86 -7.28 4.00 0.2200 1.3400 0.3600 0.9811 0.2656 0.1733 1.90 -8.71 4.08 102 354 187 179 117 
3.54 -10.81 -4.16 2.6400 -2.3100 -10.1500 2.2056 -0.3089 1.3056 1.07 -7.97 5.60 103 363 192 185 120 
-3.89 4.05 24.49 -5.6600 9.3700 14.8800 -2.0167 0.9444 -1.2589 0.44 -6.99 6.86 107 368 195 192 122 
4.25 -7.98 0.12 1.8500 0.2000 -4.0200 -2.4456 -0.2756 -1.0522 2.52 -8.97 3.03 107 366 193 193 127 
3.67 -10.06 0.29 1.0100 -1.3800 -1.8400 -0.7044 -0.2467 -0.2167 3.08 -9.21 1.30 108 362 197 197 129 
4.07 -9.37 -0.14 0.6400 0.0500 -0.9300 0.0011 -0.1378 0.1211 3.07 -9.26 0.91 109 357 199 197 129 
2.76 -8.74 1.51 -0.1400 0.3900 0.4000 -0.0522 0.0622 -0.0700 3.01 -9.28 0.97 111 356 197 197 129 
3.34 -9.70 0.20 0.7900 -1.0300 -2.1200 -0.0278 -0.2289 0.2267 2.87 -9.34 0.80 109 353 196 194 129 
5.43 -5.66 -1.15 1.4900 6.6600 -0.7000 4.2356 -0.4267 2.0989 0.50 -8.10 5.49 107 364 203 200 130 
-2.71 0.56 15.62 -2.5000 7.9100 8.3700 -2.4478 0.6944 -1.4767 0.87 -7.95 5.67 109 366 204 200 130 
2.08 -5.82 0.55 -0.5800 2.7800 -3.3200 -2.6833 0.0611 -2.2433 3.40 -8.96 2.06 116 355 214 217 149 
5.80 -6.04 -3.68 -0.0700 1.4800 -4.7700 -0.3267 3.6833 -4.6456 7.09 -6.02 3.07 163 335 268 281 183 
6.56 -0.04 7.96 -2.1000 1.3600 0.0800 1.8033 2.7478 -3.6600 5.66 0.27 7.99 181 341 338 366 197 
6.89 5.11 13.56 1.3400 1.0600 4.2500 0.7511 2.6067 -1.1389 2.13 3.30 8.98 181 352 342 408 206 
;
1.74 4.17 13.11 1.4900 1.0500 5.7500 0.1589 1.5000 -0.1156 -0.36 3.90 8.98 179 338 350 409 200 
0.26 4.69 9.40 0.8900 0.7200 0.4700 0.1100 -0.3311 -0.1411 -0.23 4.00 8.94 179 333 350 410 204 
-0.15 3.99 9.00 0.0600 -0.1200 -0.0400 0.0633 -0.3367 -0.0300 0.03 4.12 8.89 176 337 349 408 205 
0.28 5.18 15.38 -0.2200 0.8600 7.4000 -2.3956 -7.7244 0.7967 6.02 2.53 7.31 137 352 235 238 159 
12.58 -1.23 1.02 0.8000 1.0000 -1.5800 0.0933 -3.0711 5.0211 8.98 -3.93 -0.03 110 355 207 203 130 
5.02 -4.81 -3.20 -1.6600 2.5200 -1.9400 1.4733 -2.5278 3.1789 4.78 -8.44 -1.37 105 356 187 177 112 
1.63 -5.01 -0.01 -0.9900 4.3700 0.6200 1.1900 -0.0767 1.0422 2.33 -9.52 0.04 102 332 179 174 111 
1.62 -7.09 2.42 -0.3100 2.1700 0.9500 0.8456 0.2344 0.0411 1.85 -9.50 1.53 104 337 176 176 114 
4.27 -12.29 -9.28 2.6200 -0.5900 -8.1100 4.3889 0.0989 1.1444 1.04 -8.52 4.73 108 351 191 181 118 
-2.80 3.27 24.07 -3.3500 9.3000 14.7600 -2.0211 0.8056 -1.1667 0.91 -7.41 6.35 108 355 196 183 119 
4.60 -10.16 -3.08 2.8300 -2.1000 -7.5500 -1.1156 -0.4056 -0.2789 2.13 -8.99 3.26 107 354 198 185 121 
2.52 -9.19 3.34 -0.0500 0.0300 0.3600 -0.1044 0.0367 0.0778 2.02 -9.05 3.18 108 356 197 186 122 
2.43 -8.73 3.08 0.2900 0.1900 -0.1000 -0.3311 0.1000 -0.1167 2.17 -9.12 2.86 108 355 199 188 123 
3.53 -11.81 -2.52 2.1500 -3.1900 -6.9100 1.2722 -0.3867 0.6744 1.78 -8.95 3.56 112 357 203 187 123 
1.52 0.29 9.27 -0.7700 10.2700 8.7400 3.4556 0.0178 1.1067 0.29 -5.79 7.90 110 363 202 191 124 
-1.08 -1.94 7.83 -0.4600 3.3100 -0.6100 -2.4111 -0.2089 -1.6800 1.52 -7.44 6.20 113 360 210 198 129 
1.55 -5.33 0.84 -1.8700 3.3600 -3.1200 -2.1300 0.0933 -3.3100 4.74 -7.93 3.26 140 355 252 238 165 
8.27 -3.73 -0.83 2.1400 2.3000 -2.5500 -1.0944 0.9744 -4.8189 8.44 -3.71 3.32 165 360 282 295 185 
8.05 -0.28 8.21 0.9000 0.2000 1.4900 0.2011 2.8844 -2.4989 5.88 0.59 7.82 173 371 314 379 202 
1.92 2.55 9.58 -0.4700 0.5400 0.4100 1.4700 1.3833 -1.0100 1.96 2.86 9.16 175 384 353 429 210 
-4.62 5.39 10.04 -2.2100 -0.5200 0.4200 -0.3011 -2.0189 -0.0278 0.77 5.51 8.07 177 384 367 439 211 
;
