5.65 2.95 7.47 0.2400 -0.0600 -0.0500 0.0067 -0.0267 0.0133 5.48 3.04 7.53 163 303 318 302 193 
5.48 3.01 7.46 0.0100 -0.0100 -0.0500 0.0822 -0.0067 -0.0056 5.47 3.11 7.51 163 307 318 302 193 
5.79 2.98 7.37 0.2900 -0.1300 -0.0700 -0.0100 0.0389 -0.0111 5.49 3.11 7.50 163 306 317 301 194 
5.44 3.07 7.47 0.0000 -0.0600 -0.0200 0.0278 0.0400 -0.0078 5.46 3.13 7.51 161 306 317 299 191 
4.19 2.40 8.94 0.3900 -0.0500 0.8900 1.2756 -0.2800 0.6078 5.19 3.81 7.38 165 334 252 256 187 
12.33 1.68 9.15 4.8900 -1.1300 2.3600 0.3233 -7.0089 4.2944 9.63 0.50 1.73 163 344 162 165 116 
7.39 -1.19 -4.26 0.2100 4.7100 -0.9900 4.9922 0.9256 2.8878 5.90 -7.73 -1.20 133 365 176 168 120 
1.36 -2.02 1.84 -3.3400 6.0800 0.1700 1.3700 0.8378 0.5756 4.10 -8.47 2.72 135 361 178 173 122 
2.71 -4.96 2.94 -1.4600 2.3500 -0.9400 -0.5178 -0.0100 -0.8411 4.58 -8.19 2.82 139 364 181 173 123 
11.75 -14.99 -10.92 7.8800 -6.7200 -17.5400 4.0433 0.7933 0.8800 4.41 -6.75 5.57 137 375 181 174 124 
-5.67 11.11 21.96 -9.7300 13.0500 12.2500 -0.8622 0.5522 -0.7156 2.01 -4.07 8.69 145 382 185 177 124 
3.47 -4.26 7.60 0.5600 0.9200 0.0300 -1.4844 -0.1200 -0.9311 3.37 -5.56 7.33 147 389 185 178 125 
2.06 -4.47 5.73 -2.1100 2.2300 -0.3900 -6.0500 1.6444 -1.6889 4.09 -7.75 4.38 157 401 203 180 128 
-1.90 -8.00 -3.17 -6.3500 -1.6300 -6.0100 0.9133 5.0433 -1.2033 0.94 -8.00 5.58 202 421 201 184 135 
-1.36 -8.60 9.96 -1.3600 -1.5600 0.8000 1.5856 0.7078 -0.2878 0.17 -6.48 7.35 166 423 207 186 135 
5.02 -2.09 10.48 3.9900 1.7100 2.7200 2.0522 -0.5422 0.3289 0.62 -3.85 8.99 174 423 211 188 136 
1.99 -5.99 18.57 -1.3200 -3.3400 9.3000 -1.0389 0.7522 3.0267 -0.74 -3.66 9.06 175 424 215 191 136 
-6.15 -2.69 10.46 -4.5000 3.6000 2.1500 -3.2933 0.6856 0.0033 -1.94 -7.04 6.54 177 423 215 188 137 
-4.92 -0.94 2.60 -2.7000 8.0100 -1.8800 -1.5944 1.5944 -1.8844 -1.10 -9.26 3.02 178 423 213 191 137 
0.68 -1.93 -0.44 1.0500 7.5600 -3.1600 0.8544 2.0989 -2.1211 0.99 -9.27 3.01 177 422 213 190 136 
13.58 -2.55 2.62 11.2400 3.7500 -0.9500 4.2178 -0.0111 -0.1100 1.97 -6.07 7.44 178 418 210 189 137 
4.91 -7.69 19.33 -1.6400 -3.9500 10.5400 1.1200 -2.5300 2.9956 3.24 -4.03 8.32 177 416 212 190 136 
-2.76 -1.80 7.58 -4.9000 3.3500 -0.0300 0.4956 0.5478 0.3767 2.54 -4.41 8.37 177 407 214 194 139 
0.65 -4.14 15.97 1.8700 -2.2200 7.8200 -0.4556 -1.8133 0.7678 3.16 -4.16 8.29 184 298 317 392 210 
9.46 -3.21 10.60 6.3000 2.8000 0.9300 -5.3100 1.8511 0.9100 1.17 -8.07 5.43 159 325 336 395 211 
-3.72 -4.59 -5.08 -1.8500 4.9000 -6.1500 -3.0322 0.2922 0.8556 -1.18 -9.69 -0.84 124 306 324 354 209 
-4.49 -6.41 -14.50 -1.8300 4.9400 -13.9000 4.3978 -0.4689 -1.2444 -0.33 -9.70 1.34 118 338 349 391 217 
-1.78 -9.12 33.94 -0.7600 -2.1300 20.9300 -4.8456 -1.2289 -0.8511 0.46 -9.23 3.27 106 332 342 387 214 
0.28 -4.03 -18.19 -0.4400 4.9100 -16.3300 -0.5444 -0.3333 0.2722 0.71 -9.38 -2.75 113 332 341 383 214 
-1.52 -2.58 13.46 0.6200 6.3100 15.8400 3.4178 0.6367 -0.4567 0.38 -8.37 5.08 122 340 353 399 217 
2.46 -7.32 7.35 1.1700 2.5500 1.7800 -4.2733 0.1644 0.4767 0.29 -9.69 1.45 128 331 347 382 215 
;
