0.25 1.08 9.75 0.0500 0.0400 -0.0200 0.0000 -0.0022 0.0022 0.21 1.06 9.74 187 373 372 408 223 
0.27 1.04 9.79 0.0200 -0.0200 -0.0400 0.0000 -0.0056 0.0011 0.22 1.06 9.74 190 372 373 410 223 
0.25 1.04 9.73 -0.1000 -0.0200 -0.0800 -0.0189 -0.1033 -0.0044 0.28 1.06 9.74 189 376 374 409 224 
-0.33 -3.01 14.89 1.3000 -3.7700 7.0000 0.1589 -5.8133 1.7678 4.41 0.66 8.72 190 390 175 197 150 
19.52 -1.34 -8.81 8.7500 -1.0200 -4.5500 5.7367 -7.3778 3.3567 6.55 -4.82 -5.46 139 383 172 174 118 
1.85 -1.91 -2.56 -3.2600 6.8500 0.7000 2.4811 0.3700 0.7944 4.28 -8.66 -1.66 129 356 178 179 120 
4.12 -6.10 -0.36 0.3200 2.0100 -0.5600 1.0611 -0.0156 -0.0656 4.08 -8.91 0.09 134 344 184 187 126 
7.98 -12.44 -7.72 4.2500 -2.4100 -10.6100 4.4078 0.7678 1.2744 2.95 -8.18 4.51 141 352 190 188 129 
-2.86 7.55 15.69 -4.6200 12.1700 8.6400 1.9800 0.6644 0.1844 1.17 -4.65 8.54 142 356 191 190 128 
0.28 -3.32 8.68 -1.4600 1.8400 0.4100 -2.9056 -1.1244 -0.4089 2.21 -6.94 6.56 149 243 177 194 130 
-0.06 -13.21 4.60 -2.7800 -8.6500 -2.8100 0.5678 2.9367 -6.7311 5.21 -4.10 7.21 171 192 187 197 133 
9.11 4.47 10.95 2.2900 5.6300 1.8400 1.1767 1.2656 1.9044 3.52 -0.33 9.14 167 197 183 199 134 
2.42 3.25 7.56 -0.8900 3.1800 -1.9400 0.6744 0.0656 1.2989 2.68 -0.17 9.42 168 199 184 198 135 
2.93 2.78 9.78 0.3800 3.0200 0.4500 -0.7411 -0.1500 0.6011 2.67 -0.65 9.41 160 200 187 198 135 
6.57 0.66 8.70 4.9700 1.4400 -0.9800 -1.7511 1.7478 -1.5389 1.01 -2.22 9.49 154 213 192 201 136 
0.53 -5.80 6.71 1.6700 -1.5600 -2.5500 -1.4800 2.9656 -1.0456 -2.38 -5.16 7.99 151 219 192 201 137 
-4.84 -5.87 8.20 -0.7600 0.3900 0.4300 -0.0367 -1.6911 0.2522 -1.68 -5.52 7.92 156 212 199 207 144 
-4.08 -4.40 6.22 -4.2300 1.5500 -2.9000 0.5989 -1.7944 -0.9833 0.34 -5.07 8.38 176 277 207 233 171 
4.82 -2.21 5.41 2.2100 1.3700 -2.8900 2.1089 -1.3444 -1.6189 3.31 -2.84 8.78 182 317 242 266 189 
5.63 0.57 9.92 0.8700 0.8900 1.3200 0.5478 -1.5189 -0.9322 5.37 0.14 8.20 184 318 262 283 195 
;
