1.59 2.43 9.34 0.2900 -0.2800 0.1600 -0.0544 -0.1367 0.0178 1.73 2.50 9.32 149 296 302 308 200 
2.03 2.35 9.37 0.1300 -0.0700 0.0900 -0.0089 0.0389 -0.0222 1.81 2.44 9.32 150 294 300 307 200 
1.71 2.61 9.28 0.0300 0.1200 -0.0500 0.0011 -0.0544 0.0689 1.80 2.45 9.32 151 296 302 307 200 
2.09 1.22 9.64 -0.5200 -2.4200 1.1100 0.5422 -0.1689 0.3289 2.18 2.81 9.13 165 319 267 278 186 
12.46 3.51 16.93 6.0000 3.1000 6.4200 -0.7033 -10.3744 4.2733 9.29 -0.50 3.09 142 352 159 165 114 
7.53 -0.61 -3.46 -0.8000 6.1500 -0.1600 4.5889 0.9644 2.5778 5.91 -7.80 -0.54 137 345 180 169 116 
1.03 -2.42 1.53 -3.7600 6.7100 0.2700 0.4144 0.1078 1.2511 3.89 -8.85 1.62 127 340 178 170 117 
2.63 -6.02 2.17 -1.1000 2.6700 1.2300 -0.8522 -0.0044 -0.4178 4.06 -8.87 0.96 130 337 181 172 118 
15.02 -13.05 -17.32 12.6600 -3.4300 -23.8600 6.6578 1.8967 2.8222 2.44 -7.88 5.29 130 343 186 174 120 
-11.32 10.19 20.63 -11.7800 10.8600 10.4900 -0.2733 0.4978 -0.5633 -0.50 -4.18 8.85 134 349 187 176 119 
1.35 -5.23 6.24 0.8300 0.1600 -1.9100 -0.8567 -0.6178 -0.7811 0.88 -5.86 7.81 135 349 191 178 122 
-1.14 -3.45 6.49 -3.2300 3.2300 -0.9300 -1.6511 -1.3544 -0.9744 2.60 -6.96 6.39 142 360 192 181 124 
2.47 -5.89 2.05 -1.6100 1.2200 -1.5700 -4.3256 -0.0622 -4.4122 6.93 -6.61 2.07 134 270 186 180 126 
18.46 -5.30 4.53 3.4900 -0.5300 0.4200 4.3611 4.7011 -1.8622 6.99 -2.00 6.57 146 180 158 172 121 
5.72 -0.58 5.67 -0.1900 1.6200 -2.7700 1.8322 1.3044 1.7956 4.13 -1.34 8.79 140 199 165 175 123 
0.63 2.60 5.48 -2.2700 3.0300 -3.3900 1.1211 0.5133 1.0789 2.91 0.28 9.35 145 201 164 176 125 
0.68 2.67 9.77 -6.6000 1.6500 0.8300 -0.9500 0.6889 -0.9433 2.60 -0.39 9.44 150 197 177 179 127 
6.25 0.78 8.88 3.2500 1.7500 -0.6500 -1.4433 2.3867 -1.9656 1.01 -2.11 9.52 127 206 172 183 128 
-1.61 -6.64 7.85 1.7000 -3.5200 -0.9900 0.2056 -0.3044 0.8933 -0.08 -3.16 9.28 127 198 180 185 129 
-4.82 -2.68 9.10 -3.3200 0.3400 -0.8200 0.1400 -0.9644 -0.1022 -0.09 -3.02 9.32 132 226 183 186 130 
-1.87 -5.02 8.07 -4.1100 -0.8400 -3.1400 -0.5444 -3.0689 -0.1122 2.62 -3.54 8.75 149 365 187 189 130 
-4.88 -9.39 -6.90 -10.2200 -5.4900 -13.2800 0.4822 -7.7078 -2.2367 9.28 -1.20 2.92 136 390 189 193 132 
16.56 9.61 1.70 7.0300 6.6200 -1.0000 0.2678 -3.3367 -0.5944 9.54 2.06 -0.91 136 393 185 194 132 
10.17 3.18 -8.13 0.5700 0.9700 -5.2700 0.9133 -1.8611 0.0067 8.80 1.84 -3.90 138 406 193 194 131 
19.89 3.42 -8.23 13.8700 2.9800 -1.7000 3.4656 2.5433 -1.6733 8.73 1.27 -4.26 143 396 194 196 132 
12.88 3.90 -1.27 -0.3600 3.0600 -1.0500 -0.2400 6.3878 2.1756 9.11 -2.21 2.87 146 395 194 198 134 
-5.71 -2.78 3.66 -12.4700 1.5500 -3.3300 -2.8433 0.4644 0.3189 6.57 -5.11 5.17 134 410 198 200 134 
-0.17 2.55 1.40 -6.2800 6.5900 -4.2300 -1.3844 -1.8189 -3.2833 9.10 -2.52 2.62 135 416 201 200 134 
8.13 5.14 -11.22 -0.5100 3.5900 -11.4500 2.4033 -1.7522 -4.4433 8.99 3.78 -1.01 139 397 203 202 135 
21.95 9.87 -2.48 12.1200 7.5700 3.3900 2.5944 -0.3033 2.8033 8.68 1.05 -4.42 145 375 196 203 137 
9.01 2.32 -0.31 -0.6900 2.4600 2.9500 -1.4578 0.8267 1.3333 9.13 -0.92 -3.45 146 383 200 202 137 
;
