0.62 1.70 3.21 -3.2400 -1.3300 -5.6500 1.1067 0.2222 1.3689 4.12 3.10 8.33 4 382 337 367 205 
-6.68 5.37 14.06 -4.8600 0.7900 3.2100 -0.5733 -2.4600 -0.0422 2.21 4.15 8.60 174 399 353 369 206 
2.03 4.13 9.45 -0.9000 -0.0800 0.2600 -0.2044 -0.1600 -0.0600 2.38 4.07 8.59 175 400 356 366 206 
1.08 3.84 9.43 -1.8900 -0.2300 1.4200 0.1656 -1.3567 0.5400 3.52 4.10 8.17 175 373 327 342 207 
8.34 8.43 13.63 2.8800 4.1400 5.8900 -5.0844 -8.9967 1.3722 9.19 1.38 3.11 160 327 171 181 135 
12.20 -1.08 -12.29 4.2900 4.1700 -7.7100 6.1056 -1.9944 5.0544 5.82 -7.09 -3.46 116 314 163 173 127 
-2.93 -2.26 1.82 -6.3500 6.6600 1.7400 1.8333 1.0822 1.7100 2.13 -9.23 2.52 122 325 175 174 128 
-1.99 -5.83 3.16 -3.3100 3.2100 0.4300 -0.2867 -0.0344 -0.9600 2.49 -9.12 2.57 121 329 178 177 129 
3.36 -9.01 -0.92 0.1600 -0.3000 -3.1500 -0.8800 -0.2733 -0.4011 3.41 -9.13 1.00 120 327 167 176 126 
9.05 -2.74 -7.42 3.5800 10.3600 -3.4200 6.3767 1.8167 3.0289 -0.12 -7.56 6.24 116 347 171 180 128 
-8.86 -0.13 16.15 -5.0500 3.8500 5.7700 -0.8978 0.4289 -1.3600 -0.84 -5.90 7.78 117 348 186 184 130 
0.62 -6.88 5.87 0.4900 0.1600 -0.8700 -0.7033 0.0422 -0.6456 0.15 -7.07 6.79 123 346 188 186 133 
-1.76 -4.35 5.82 -3.2400 4.2300 -0.6000 -1.6678 -0.9189 -1.5544 1.82 -7.95 5.43 144 325 208 205 148 
-0.10 -1.34 -0.60 -3.7600 6.3000 -5.9000 -2.9900 -1.5167 -6.6011 8.43 -4.78 1.45 168 308 328 356 222 
-9.44 11.52 9.14 -13.2800 7.9600 6.0300 5.0500 0.2533 1.4000 0.61 7.99 5.65 197 333 356 409 224 
-3.06 0.95 3.66 -11.1600 0.4800 0.2100 -4.8444 -8.8967 9.1544 8.93 -3.86 -1.19 201 311 337 368 223 
-10.76 6.53 -3.90 -13.6000 8.5900 2.9100 -8.2800 -4.2678 1.7789 1.59 0.12 -9.67 202 275 287 357 226 
3.73 1.30 -14.92 0.6600 -2.5800 -3.4600 -0.1456 0.1033 -0.4278 2.10 2.55 -9.23 204 294 301 365 226 
2.69 2.20 -9.44 -0.2900 0.3400 0.1200 0.5867 0.6011 -0.0533 2.88 2.02 -9.15 205 299 303 367 226 
2.70 2.34 -8.92 -1.1000 0.5400 -0.0900 0.1000 1.1922 -0.5844 3.95 1.96 -8.75 201 284 295 346 223 
10.29 2.57 -12.58 7.0200 1.9700 -5.5800 1.6867 0.1744 2.8444 6.17 -0.20 -7.61 159 296 268 261 205 
3.46 3.80 -3.94 -5.2000 9.7100 -0.6200 -0.6467 2.1389 7.3444 5.09 -8.08 -2.17 112 255 229 246 172 
-4.78 -5.44 -2.42 -6.3100 4.7700 -0.4400 -0.3533 -0.7056 1.9089 -0.24 -9.55 -2.18 112 249 243 240 156 
-0.78 -8.23 -2.41 0.0100 -1.9900 -0.0100 -0.6767 -0.3111 -0.6867 0.01 -9.27 -3.17 114 254 249 249 161 
-1.66 -8.61 -3.36 -2.4800 0.6800 -0.1800 -0.1111 -0.3522 -0.4600 0.20 -9.18 -3.42 119 258 253 254 166 
-2.23 -6.32 -7.42 -2.3800 2.6000 -4.0800 0.9922 -5.8078 -5.2289 3.31 -8.22 -4.18 122 248 244 249 165 
3.38 -3.88 -9.47 0.3500 3.2500 -3.3900 1.3378 -7.0078 -3.5856 2.30 -7.47 -5.91 121 246 250 250 169 
8.23 -6.50 -3.74 4.9800 0.7600 2.6400 -0.0622 0.9178 0.5156 1.75 -7.83 -5.62 123 246 250 254 168 
1.59 -7.43 -4.17 0.9800 0.7200 2.2700 -0.1300 1.2167 -0.0756 2.51 -7.72 -5.49 125 257 263 266 183 
9.48 -5.37 -1.05 4.1300 1.4900 2.5600 -0.8256 10.9700 -1.1611 7.31 -6.38 -1.37 142 273 252 280 190 
;
