9.48 2.55 -0.44 0.0000 -0.0400 -0.0900 -0.0078 -0.0144 -0.0100 9.45 2.56 -0.34 293 434 424 432 323 
9.41 2.59 -0.50 0.0100 -0.0100 -0.1000 0.0022 -0.0522 -0.0067 9.45 2.58 -0.42 295 433 426 434 322 
9.35 2.47 -0.70 1.5500 0.0400 0.7900 -0.0067 -4.9400 1.3867 8.65 1.71 -4.28 235 443 299 296 232 
16.83 -1.75 -9.07 7.4400 -0.2000 -3.4100 2.2167 1.2144 3.5867 7.84 -3.27 -4.88 206 450 288 283 221 
5.34 -4.21 -6.97 -1.9100 2.2700 -4.4300 1.7789 1.2733 3.0456 5.50 -8.01 -1.26 200 439 282 275 212 
-0.55 -2.78 0.10 -4.6400 6.0400 -0.2500 0.1978 0.7989 0.2878 4.00 -8.92 0.69 200 435 286 278 214 
2.80 -8.06 -1.92 -0.8300 -0.6100 -3.6200 0.0711 -0.4922 -0.6178 4.63 -8.63 0.33 203 429 288 281 215 
11.80 -8.10 -7.78 4.5200 4.9700 -6.2400 6.1322 0.8700 2.8289 2.20 -7.51 5.90 204 433 290 282 220 
-2.74 4.28 15.91 -3.4500 8.6600 7.4400 -0.8544 0.1933 -0.8467 1.79 -6.17 7.40 206 421 295 286 223 
-3.11 2.69 0.28 -6.9000 10.8900 -5.7700 -6.1956 -3.6756 -3.0756 5.47 -8.10 0.73 304 432 433 466 344 
8.38 -4.47 -17.45 5.2400 -0.5400 -8.9600 -4.7556 -1.7100 -0.6111 4.57 -2.47 -8.31 332 421 429 465 345 
6.40 -3.33 -14.34 1.3100 -3.9200 -4.0000 -1.1122 0.1256 -0.3778 3.90 0.58 -8.97 336 436 429 475 346 
9.56 -5.36 -21.87 7.8200 -4.8700 -17.9900 4.3500 1.3889 1.3444 4.60 -2.12 -8.39 347 523 463 531 357 
-0.67 5.19 -2.65 -5.9800 14.0800 2.9900 3.1133 1.5789 2.3600 3.66 -9.06 0.73 351 540 483 542 357 
0.86 -1.00 1.00 -2.2000 7.5600 -0.9100 -0.4456 0.4500 -0.7356 3.55 -9.01 1.52 352 542 484 537 359 
3.44 -5.02 -0.38 -1.4000 4.3500 -1.1200 -0.4822 -0.4011 -1.4767 5.19 -8.30 0.56 337 508 442 435 331 
2.94 -4.33 -1.24 -2.6400 2.1900 -1.8900 -0.9789 2.4200 -5.6422 9.05 -3.73 0.50 315 439 431 423 318 
14.71 1.12 3.08 6.1200 0.9900 1.1000 1.2033 -1.6767 -1.6367 9.56 1.25 1.77 311 444 433 421 316 
;
