2.85 7.87 5.10 0.0200 -0.1500 0.1300 -0.0044 -0.0522 -0.0244 2.78 7.99 4.94 188 344 325 314 204 
2.81 7.90 5.03 0.1100 0.0000 0.1000 -0.0333 -0.0456 -0.0400 2.77 7.94 5.03 187 343 326 299 201 
5.17 9.13 9.72 1.8100 3.4100 3.3300 -5.2267 -1.3878 3.1111 5.12 3.78 7.45 180 360 226 238 169 
11.62 -1.61 2.07 2.9700 -2.3400 -1.8900 -0.9333 -7.0222 2.6689 9.62 -1.82 0.50 144 379 164 164 110 
10.10 -5.87 -5.92 2.7500 1.2500 -0.9600 4.9000 -4.0100 3.0822 4.75 -7.68 -3.80 119 367 163 165 109 
1.60 -5.11 0.22 -1.4600 4.4500 1.0400 2.3711 0.1289 0.7833 2.91 -9.36 0.23 125 340 168 168 113 
1.47 -4.69 1.29 -1.1700 3.9700 -1.5000 1.7522 0.1500 -0.3167 3.05 -8.75 3.20 129 322 157 172 114 
3.43 -10.72 0.66 0.6000 -2.9100 -4.1500 2.6044 0.5267 0.4600 2.73 -7.28 5.96 131 334 165 173 117 
-1.06 4.95 10.74 -2.8500 10.2300 3.3000 3.0433 0.5722 0.2844 1.10 -3.15 9.21 133 350 171 178 120 
-1.52 -0.93 10.62 -2.1300 2.5100 1.3900 -2.6989 -0.2111 -0.7756 1.19 -5.03 8.32 138 349 173 183 125 
5.29 -3.66 5.21 5.4000 1.9300 -0.7400 -5.4100 2.2278 -0.8333 1.70 -9.17 3.01 176 329 287 316 195 
1.71 -10.05 -7.75 -1.7100 1.1100 -8.4200 -2.2944 9.8678 1.1033 -1.05 -9.67 -1.19 170 347 337 394 212 
-2.72 -6.26 -6.95 -0.7500 3.7300 -4.4100 1.7711 0.8756 -0.2622 -0.91 -9.65 -1.47 170 332 343 386 210 
3.73 0.08 -5.33 5.2300 10.2200 -8.5300 7.4678 -0.9633 -0.2922 0.03 -6.75 7.10 180 349 331 412 219 
2.72 6.58 18.50 0.1300 7.5000 9.7700 4.9533 -1.0689 -0.0800 2.44 1.79 9.32 178 372 355 412 221 
3.66 3.86 14.67 -0.5200 1.1600 5.5300 -0.5222 -0.7233 -0.0433 3.49 2.25 8.88 183 382 348 407 220 
5.88 4.34 17.39 2.5200 4.6500 7.6600 -5.1467 -0.6033 0.2622 4.67 -2.26 8.31 187 386 345 367 210 
4.64 2.17 2.38 1.9400 8.2400 -5.5700 -7.6933 0.9844 1.2511 1.92 -9.32 2.35 181 364 341 325 201 
0.31 -1.33 -10.67 -0.7400 6.6000 -7.2600 -5.6811 0.6200 -1.2911 2.31 -7.01 -6.44 166 314 305 312 196 
2.09 -4.15 -9.60 0.1700 3.9100 -3.0000 2.9944 -1.2211 0.3278 1.10 -8.32 -5.06 169 338 331 350 203 
1.98 0.13 -7.04 1.3000 11.3200 -7.8300 8.8678 -2.3411 0.3344 0.80 -8.42 4.95 173 354 332 389 213 
-1.83 17.73 15.17 0.4100 15.2100 10.7300 4.9078 -3.2500 1.9356 1.57 3.49 9.02 171 387 337 415 219 
1.92 5.04 12.25 -0.5600 0.4100 2.9800 -0.5333 -0.7522 -0.5000 2.68 4.14 8.46 162 385 347 411 220 
2.17 4.51 10.69 0.0700 0.1600 2.2600 -0.3711 -0.4689 -0.3167 2.81 4.18 8.40 172 382 348 398 217 
;
