2.62 2.39 9.14 0.1500 -0.0800 -0.0200 0.0111 0.0200 0.0022 2.47 2.50 9.15 272 467 461 503 313 
2.63 2.47 9.12 0.1300 -0.0500 -0.0500 -0.0211 0.0056 0.0078 2.47 2.49 9.15 272 467 463 504 314 
3.79 3.65 12.03 -1.3400 1.2500 7.6100 -1.4022 -2.9178 0.6033 3.80 1.65 8.88 256 439 279 328 278 
15.55 -2.03 4.02 2.2500 -0.2400 -0.6700 2.6422 -7.4167 4.2133 9.15 -3.45 0.68 199 435 241 262 202 
7.28 -4.55 -2.60 1.9400 3.6300 0.2200 4.2556 -2.2622 3.0433 4.16 -8.82 -0.97 192 422 250 264 202 
0.41 -3.88 0.70 -1.6400 5.5300 -0.4400 1.6456 0.5533 0.4411 2.36 -9.18 2.49 197 422 257 272 207 
2.04 -7.64 2.92 0.2000 0.5500 -0.5400 -0.1789 0.1378 -0.4944 2.65 -8.97 2.91 198 417 260 277 210 
7.39 -11.77 -5.57 3.5100 -0.7000 -8.7000 4.5978 0.6278 1.2367 1.77 -7.05 6.57 198 421 264 279 211 
-3.02 8.28 16.73 -5.3100 10.8300 11.0000 0.6656 0.9900 -0.2667 0.08 -3.08 9.30 202 422 268 281 214 
-2.87 -0.26 8.85 -2.7900 5.1900 0.6500 -4.4956 -1.6922 -1.1389 2.01 -7.25 6.27 242 405 290 329 268 
-0.19 -11.49 -4.89 -0.3200 -4.4600 -9.5000 0.9433 -2.8856 -3.1356 6.25 -7.41 1.42 290 486 414 520 331 
10.47 -8.34 -3.79 2.1000 -1.1800 -5.0800 3.3222 -0.4767 -0.6300 7.88 -4.96 3.06 298 498 438 522 333 
8.19 1.38 2.97 0.0300 5.4200 0.5300 1.5811 0.0389 -0.2956 8.16 -3.05 4.48 310 507 461 530 336 
8.36 1.63 4.28 0.1700 4.1000 -0.2400 -0.7989 -0.4422 0.2556 8.32 -2.81 4.34 312 502 443 530 336 
11.34 -1.09 2.20 3.3900 2.1100 -3.2300 -3.8444 1.0867 0.2556 7.89 -4.50 3.69 303 440 438 514 330 
0.78 -9.34 1.54 -0.0400 -1.2200 -4.0600 -1.1356 -1.0544 1.8300 6.14 -6.86 3.36 293 402 376 445 319 
1.61 -8.76 4.18 -3.5500 -1.0900 0.4700 -1.6756 1.2789 -0.3156 4.66 -8.11 2.93 300 420 389 451 321 
4.05 -8.88 0.51 -0.4100 -0.6600 -1.7700 -0.5500 -0.1100 -0.1456 4.89 -8.27 1.92 301 428 388 458 322 
3.17 -6.92 -0.20 -2.4900 1.8100 -1.9800 1.3044 0.3167 -0.6767 5.33 -7.95 2.10 291 428 398 441 314 
2.52 -5.20 0.19 -3.5000 1.3700 -4.3400 2.5467 2.3011 -3.1167 6.18 -4.70 5.97 294 451 414 452 314 
5.32 3.42 8.02 -3.0600 4.7500 2.0000 3.1467 0.8044 -2.1944 5.12 2.13 8.08 306 452 424 467 316 
;
