7.73 2.53 5.45 -0.0300 0.0400 -0.0600 0.0011 -0.0367 -0.0044 7.75 2.48 5.46 180 348 345 381 207 
7.72 2.54 5.36 -0.0500 -0.0100 -0.1400 -0.0033 -0.0156 -0.0044 7.77 2.48 5.43 184 345 318 380 208 
9.15 2.52 7.84 -0.0500 1.4300 2.7600 -2.9056 0.2389 1.1533 8.00 0.22 5.66 209 241 257 243 162 
7.71 -1.92 8.47 1.2500 -0.8900 0.8800 -2.5989 4.2522 1.2089 5.13 -3.83 7.42 215 163 183 175 113 
1.33 -5.01 6.41 0.4900 -0.3300 -1.3600 0.3178 4.4600 2.8822 -3.52 -4.41 8.01 214 171 173 174 113 
-1.87 -2.41 3.60 5.1200 1.7500 -3.9200 0.2100 0.9289 2.1800 -7.15 -2.11 6.36 213 174 185 173 115 
-12.31 0.17 10.17 -5.6800 0.1300 3.7300 0.1844 -0.7356 0.1367 -6.99 0.05 6.87 214 178 189 178 118 
-5.84 -0.69 8.13 -0.4400 -0.0200 0.0700 -0.4122 -2.0700 -2.2789 -5.46 -2.07 7.87 212 194 204 191 130 
-1.68 1.83 7.94 -1.0500 3.2400 -3.8000 -0.5722 -9.8144 -4.7011 4.63 -2.25 8.34 214 383 352 432 227 
7.84 -1.74 -3.10 -1.0500 0.4200 -2.7900 -1.8044 -7.5089 -0.2422 8.68 -1.56 -4.27 211 377 344 408 227 
7.34 -3.09 -10.60 2.7800 -3.0400 -3.2400 -1.6444 -2.7300 0.3456 3.40 0.51 -9.18 210 308 301 337 223 
4.47 -0.74 -12.19 1.6800 -1.0800 -2.7800 0.5822 -0.0178 0.6733 3.12 0.39 -9.28 211 318 283 344 222 
5.85 -2.22 -16.83 3.3900 -0.9000 -7.4400 5.5022 2.6033 0.9200 3.87 -4.64 -7.72 214 408 334 416 224 
0.41 -1.27 0.21 -3.6400 7.6800 3.3300 1.8722 0.7833 1.7356 3.28 -9.09 -1.64 213 418 344 431 223 
2.26 -5.18 -0.73 -0.2900 3.8200 0.1100 -0.2422 0.2667 -0.1589 3.01 -9.25 -1.20 215 417 346 434 223 
3.24 -8.08 -1.81 0.0800 0.8900 -0.1100 -0.1189 0.8422 -0.9500 3.91 -8.90 -1.22 214 395 341 346 216 
0.00 -4.12 -1.89 -5.2800 4.1600 -1.0300 0.3189 0.8578 -3.0678 6.52 -7.31 -0.39 210 326 310 317 208 
9.30 -1.94 0.98 2.5700 2.1900 -1.4400 2.3889 1.8589 -3.8856 8.98 -1.48 3.62 209 365 343 397 217 
13.57 1.63 9.35 3.3700 1.8900 6.5700 -0.1700 1.7678 -0.1389 8.46 0.94 4.85 195 366 347 408 218 
7.30 1.19 3.75 -1.3600 0.6600 -0.3800 -0.1056 -0.1900 -0.0567 8.54 0.80 4.73 191 361 349 403 218 
;
8.84 0.66 4.63 0.0100 -0.0100 0.0600 -0.0122 -0.0733 -0.0133 8.65 0.78 4.53 192 360 347 399 216 
8.80 0.96 4.37 0.0800 0.1200 -0.1400 -0.0156 -0.0533 0.0033 8.69 0.83 4.46 193 359 347 397 219 
8.62 1.26 5.01 0.3900 0.4800 1.5200 -0.5700 -0.8756 0.4556 8.98 0.38 3.90 207 333 302 294 195 
13.88 -1.20 7.53 6.0200 0.2300 2.5000 -3.4978 4.2978 1.8578 7.90 -3.01 4.96 213 172 174 181 114 
-1.26 -4.81 4.61 -0.3600 0.0500 -2.7100 -0.9400 6.1367 2.7378 -3.88 -5.60 7.04 212 172 178 181 116 
-0.72 -1.73 1.98 6.4300 3.4900 -3.5500 0.3967 0.3944 1.8633 -7.07 -3.80 5.62 213 177 185 188 121 
-12.62 -1.20 9.70 -8.0500 0.2700 4.2500 0.5600 -1.2378 0.2056 -6.48 -1.69 7.15 213 181 192 183 123 
-5.26 -2.45 8.20 1.0100 0.3300 -0.6100 0.0889 -1.9011 -2.4544 -3.91 -3.69 8.19 215 227 228 224 153 
2.22 0.19 4.01 0.3600 4.2400 -4.8800 0.3500 -7.9256 -4.1089 7.22 -2.44 6.15 213 397 343 373 211 
8.62 -1.64 -4.43 0.2000 -0.5100 -3.5000 -1.1711 -7.5122 -0.7878 8.10 -0.65 -5.48 211 400 350 385 218 
4.24 -1.53 -9.05 -0.4500 -2.1800 -0.7300 -1.0300 -2.4611 0.4278 4.22 0.39 -8.84 212 322 302 338 218 
5.36 -0.72 -13.74 2.4300 -1.8000 -5.5600 0.2922 0.1433 0.5989 2.53 1.15 -9.40 214 339 312 352 224 
6.80 -0.39 -16.73 2.0200 -0.2200 -7.6700 6.7233 4.6311 1.1722 5.23 -4.73 -6.81 214 426 357 428 222 
1.15 -0.48 -1.22 -4.8700 7.8800 2.8000 1.7967 0.9089 1.4644 4.38 -8.55 -1.95 213 426 370 434 221 
4.18 -5.37 -1.29 -0.0500 2.9300 0.3900 -0.0689 -0.0267 -0.1456 4.28 -8.66 -1.66 216 426 352 434 222 
1.98 -5.83 -2.24 -3.0100 2.2500 -0.5000 0.4178 0.4089 -1.7356 5.80 -7.74 -1.57 208 381 345 345 213 
3.33 -3.77 -3.14 -4.3500 2.1500 -3.4900 2.7844 1.3811 -3.8967 8.69 -4.14 1.83 203 353 314 356 214 
15.32 0.65 9.25 3.6900 1.6200 6.1300 1.4067 2.1422 -1.3656 8.54 0.15 4.81 207 365 310 381 216 
;
