3.24 3.63 8.49 0.0900 -0.1700 0.0000 -0.0044 0.0056 -0.0033 3.15 3.73 8.50 191 364 383 406 223 
3.21 3.65 8.48 0.0900 -0.0600 0.0000 0.0133 0.0400 0.0178 3.13 3.72 8.51 192 362 385 407 223 
3.26 3.59 8.56 0.1200 -0.1000 0.0700 0.0289 0.0256 -0.0067 3.13 3.72 8.51 192 359 384 403 223 
3.45 3.90 10.23 -0.1100 1.8500 4.4300 -2.5300 -1.3178 0.2467 3.68 2.52 8.73 220 270 253 252 184 
6.87 -3.24 10.41 3.2400 -0.6400 0.1800 -3.6178 2.7922 5.3411 0.78 -4.58 8.63 220 169 170 181 112 
-1.69 -2.72 5.41 1.4500 2.1200 -1.6600 -0.9500 1.1556 3.5089 -3.66 -5.75 7.04 217 178 179 190 122 
-1.27 -1.99 4.00 4.3600 2.9400 -2.4900 -0.1022 -0.3978 1.5011 -5.71 -4.57 6.52 218 182 187 195 124 
-7.14 -1.26 9.89 -3.0800 1.5000 2.6100 0.8267 -1.5900 1.0422 -4.91 -2.36 8.15 217 187 190 200 126 
-6.67 -2.26 11.19 -1.7800 0.4000 1.7700 -0.7033 0.1822 -1.1789 -4.08 -3.19 8.32 236 210 213 231 159 
-2.87 -3.72 7.54 0.9200 -0.1900 -0.6300 0.3833 -1.8756 -1.3789 -1.62 -4.29 8.66 242 272 270 266 182 
-2.05 -4.21 16.05 -2.0100 1.6200 8.1500 -1.5878 -2.2778 -1.4933 2.58 -4.71 8.20 241 386 376 395 240 
3.43 0.50 4.51 1.2500 7.4900 -2.5800 -6.2544 -2.0089 -0.6222 4.56 -8.54 1.50 244 413 375 425 250 
3.72 -3.96 -5.60 1.1100 4.7600 -3.7500 -4.9622 1.5911 1.4389 3.02 -7.94 -4.88 225 389 376 388 234 
2.84 -2.25 -14.15 -0.4100 4.3000 -6.2700 2.3333 0.4500 1.2178 2.57 -7.86 -5.26 224 379 370 392 233 
3.64 -2.61 -2.53 2.3500 7.0500 -0.2800 6.1156 1.4111 1.6611 0.77 -9.62 1.73 244 359 382 420 249 
3.61 3.08 5.31 2.8400 9.6800 -0.8800 7.5756 -0.7144 2.6811 -0.57 -3.43 9.16 251 389 384 424 256 
-2.31 8.06 19.33 -2.0300 5.4500 10.7300 1.9056 -0.4211 0.5167 0.73 3.42 9.16 240 382 385 418 247 
0.16 3.07 11.44 -0.7100 0.6900 1.3100 -1.9078 -0.7667 -1.2078 1.61 1.61 9.53 246 389 385 414 250 
4.04 1.81 11.32 -0.1100 1.2200 1.1900 -2.3022 2.0089 0.1122 1.93 -0.92 9.56 233 210 209 206 139 
2.57 -5.46 9.23 3.8500 -0.8700 -0.2200 -2.2056 3.0756 0.5867 -2.23 -4.81 8.24 230 187 198 195 130 
1.50 -2.87 2.12 7.2100 2.0600 -5.6300 0.9033 0.1567 2.6722 -5.60 -3.61 7.18 229 194 199 198 133 
-9.25 0.69 11.18 -5.5400 1.1800 4.6000 0.5256 -1.4333 1.3222 -4.87 -0.48 8.49 233 202 210 204 138 
-5.82 -0.58 9.97 -1.6800 0.4200 0.7700 -0.4289 -0.0589 -0.6578 -4.25 -1.42 8.71 231 208 213 207 141 
-3.90 -1.21 7.75 -0.4200 0.6100 -0.6700 0.3067 -1.1533 -1.4833 -3.16 -1.92 9.08 230 218 222 217 154 
;
