9.56 0.94 1.57 -0.1000 0.0700 0.0400 -0.0156 -0.0311 0.0044 9.65 0.87 1.50 177 341 334 382 202 
9.61 0.86 1.52 -0.0200 0.0000 0.0100 0.0156 0.0244 0.0144 9.65 0.87 1.50 176 339 337 381 202 
9.60 1.03 1.84 0.1900 0.0200 0.4200 -0.3922 -0.2089 0.0944 9.69 0.68 1.30 204 322 320 350 206 
10.89 -0.30 4.91 1.4200 -0.3900 2.6000 -2.7633 1.4778 0.5411 9.49 -0.81 2.32 214 215 215 230 155 
10.94 -2.65 0.79 1.3100 0.5300 -6.2600 -1.5856 9.4733 3.9278 0.25 -4.96 8.45 213 165 175 178 103 
1.52 -3.46 4.73 6.0700 1.9900 -1.8900 -0.1533 1.2600 3.1133 -6.04 -4.72 6.10 214 173 181 183 107 
-7.34 -2.64 7.49 -0.7900 1.0100 0.8200 -0.1922 -0.4411 -0.9078 -5.95 -4.29 6.50 211 179 189 194 115 
-11.35 -5.61 6.09 -8.0100 3.5200 -1.7900 4.0811 -12.4278 -6.1200 3.48 -2.90 8.69 158 285 231 199 122 
14.35 -7.12 -4.55 4.3900 -0.6300 -2.2300 0.3611 -6.6367 4.4411 6.54 -5.74 -4.51 114 400 185 172 111 
3.73 -11.75 -5.79 0.5200 -3.3600 -1.1900 1.8922 0.8811 1.0989 3.60 -8.27 -3.82 102 382 183 175 111 
1.47 -7.46 -3.31 -1.5600 2.7200 -1.3300 1.7567 1.0111 0.7111 2.69 -9.39 -0.78 103 370 187 177 113 
1.59 -5.53 1.13 -0.5100 3.6300 0.8000 0.6278 0.3433 0.0389 2.39 -9.45 0.96 104 363 189 180 113 
3.35 -11.48 -5.41 2.0100 -5.0700 -11.8900 2.3289 -0.7022 0.4556 2.25 -9.32 2.03 109 375 191 180 113 
2.13 1.03 10.46 0.6400 9.5300 6.2000 3.9644 -1.4111 0.3533 1.71 -6.51 7.12 111 381 196 186 118 
0.64 -1.41 9.64 -1.2500 3.9400 0.4400 -2.3389 0.4167 -1.0100 1.91 -7.24 6.32 138 373 215 209 137 
1.22 -4.64 2.97 -1.3400 3.4500 -1.6000 -1.3933 -0.1933 -2.0578 3.48 -8.16 4.16 170 342 251 259 174 
1.32 -5.21 -2.87 -3.4800 1.7800 -6.0900 -0.0111 0.4211 -4.6544 7.36 -5.39 3.59 173 340 301 316 192 
;
15.89 0.29 -0.09 8.8700 1.1600 -1.7400 2.2156 -1.1178 -2.7667 9.41 -0.12 2.75 170 390 312 405 211 
14.20 4.81 15.04 5.6400 3.3300 8.0200 -0.2144 -0.3389 0.0467 9.30 1.29 2.82 165 384 343 403 210 
8.51 1.58 2.73 0.1800 0.4200 0.8800 -0.7522 -0.8856 0.2400 9.44 1.12 2.40 177 355 342 387 208 
10.48 0.08 1.63 1.9900 -0.3300 2.9700 -3.6911 -3.4478 1.6511 9.44 -0.92 -2.47 202 243 233 229 151 
15.29 -0.80 -3.53 4.9400 -0.7000 -1.5100 -2.1700 6.0256 1.9600 9.58 -1.99 0.50 215 173 181 180 115 
7.48 -1.15 -9.86 2.0400 3.0500 -16.7900 0.5467 6.0967 5.3356 -1.81 -5.64 7.81 213 175 173 180 114 
-6.00 -1.41 8.71 -2.5000 2.2500 1.5600 0.5967 -0.4322 1.1589 -4.79 -3.36 7.86 214 181 180 185 117 
-6.63 -1.67 8.66 -4.0000 1.9800 -0.2200 0.6256 -3.3722 -2.8289 -0.82 -3.86 8.97 200 258 207 197 122 
6.39 -6.05 8.14 0.1600 -2.5200 1.2500 -1.6433 -8.9356 0.0867 8.06 -4.92 2.62 154 385 206 191 124 
7.04 -8.40 -2.67 0.8900 -1.4500 -0.5700 0.5489 -3.4789 2.6844 5.29 -7.48 -3.48 146 406 230 206 140 
2.24 -7.82 -1.36 -0.8700 1.0200 2.3600 0.9933 -0.1889 1.1922 2.11 -9.18 -2.69 137 395 222 209 139 
2.43 -9.82 -2.14 1.0300 -0.8100 -0.3900 0.8900 0.4311 -0.0778 1.79 -9.50 -1.62 115 361 207 198 131 
4.90 -11.45 -8.78 4.1900 -0.9800 -15.1100 4.4733 0.6800 1.2189 0.92 -9.19 3.28 107 359 201 191 125 
-5.20 10.59 22.10 -4.4500 14.9600 12.6500 0.3856 0.6244 -0.6533 -0.33 -5.14 8.33 121 366 213 199 135 
0.03 -3.42 6.54 -0.9000 3.7500 -0.8200 -1.6744 -0.5489 -1.6867 1.37 -7.21 6.49 154 353 258 246 167 
0.83 -4.96 -0.04 -2.4700 1.8500 -5.3300 -0.9589 0.6022 -4.7622 5.49 -6.76 4.50 171 339 286 292 184 
9.41 -1.30 3.13 1.4200 2.1100 -1.9200 2.1989 -2.2844 -2.2844 8.52 -1.28 4.67 180 357 327 390 207 
12.22 2.68 7.83 2.1200 2.1200 3.9500 0.2322 -1.5556 0.1133 9.40 0.33 2.76 179 364 352 413 208 
;
