1.39 0.61 9.96 0.4700 0.2800 0.3500 0.0344 -0.0633 0.0344 1.23 0.47 9.71 171 348 346 378 205 
1.24 0.36 9.54 0.0100 -0.1100 -0.1600 0.0322 0.0122 -0.0300 1.22 0.50 9.71 170 348 347 378 206 
1.19 0.63 9.82 -0.6900 -0.0400 0.3200 0.1300 -0.1333 0.1533 1.33 0.60 9.69 172 347 346 364 206 
3.12 0.37 11.00 3.2300 -1.6200 1.7000 0.6478 -1.4878 0.5833 3.70 1.44 8.96 196 337 276 271 184 
11.44 1.53 10.71 10.5400 2.9300 1.9200 -1.8589 6.2578 3.6767 0.59 -1.06 9.73 206 173 179 178 113 
-1.38 -1.95 9.15 3.1600 0.6200 -0.2600 -2.1700 2.9756 2.8144 -4.49 -3.21 8.09 208 182 177 180 105 
0.02 0.43 2.49 6.4200 3.4400 -4.7100 -1.0222 0.1167 2.5589 -7.02 -2.50 6.36 208 186 179 181 109 
-8.60 5.37 10.74 -7.0400 3.7800 6.4400 0.3544 -1.3478 2.2389 -6.38 0.94 7.38 209 193 188 186 110 
-5.67 1.76 7.88 1.2300 1.3100 -0.6100 0.2111 -0.0556 -0.4256 -5.63 0.50 8.01 210 196 192 190 113 
-7.44 0.17 10.04 -2.1200 -0.6700 2.1400 -0.1544 -1.5156 -1.9711 -4.61 -0.04 8.65 206 273 194 196 121 
3.05 5.37 8.75 1.8500 4.7800 -5.6900 -4.0544 -13.1511 -1.1044 7.30 -3.30 5.64 150 411 186 182 118 
7.94 -6.01 -2.49 -0.4200 0.5900 -0.2000 1.0167 -1.3856 2.3822 5.34 -7.53 -3.29 153 417 184 181 119 
2.04 -7.59 -0.70 -1.6500 0.9100 1.3700 1.3867 -0.6411 -0.1111 5.24 -8.18 -1.24 156 422 187 183 120 
7.91 -7.88 -2.57 3.2400 0.5900 -3.5200 4.8300 0.1933 -1.9522 6.03 -7.63 1.18 147 421 183 189 123 
4.50 -8.90 -1.40 3.4300 -0.8500 -3.5200 -1.2533 -0.3411 0.0567 5.58 -8.03 -0.60 143 423 190 191 123 
5.95 -6.56 5.76 -1.0200 1.1300 2.9400 -0.7178 1.7100 -0.3467 5.57 -7.95 1.33 132 426 195 190 121 
5.43 -5.44 4.81 -0.8800 2.0300 3.9900 -1.1956 -0.7100 -1.6811 6.75 -7.10 -0.06 122 415 189 188 118 
6.00 -2.70 -1.63 -3.4600 2.9500 0.7500 -0.6767 -1.0167 -3.8656 9.00 -2.82 -2.67 137 403 194 191 121 
6.81 1.00 -10.38 -1.1600 0.8500 -7.4000 0.1278 -1.8444 -2.5033 8.80 1.63 -3.98 142 409 202 196 127 
14.01 5.40 -7.54 4.1900 2.1900 -2.1600 0.2444 -0.4022 0.2656 7.88 3.17 -4.88 145 405 201 198 127 
14.96 5.03 -10.90 8.7200 2.9600 -5.3900 2.4033 1.4133 1.9511 8.73 0.54 -4.43 147 401 205 199 128 
10.99 3.75 0.20 -3.3000 3.9800 0.1800 -0.1478 5.4056 2.4356 8.89 -3.06 2.75 144 405 204 195 123 
-2.50 -2.01 5.31 -9.8500 3.2400 0.0900 -2.8089 0.9933 1.6900 5.98 -6.35 4.46 144 406 207 200 128 
-2.40 -0.25 -1.34 -8.4900 7.1200 -4.0700 -1.4000 -0.6267 -3.9156 8.31 -5.06 1.19 142 401 206 200 127 
8.99 5.15 -5.59 0.8000 5.8700 -6.4300 1.2200 -1.8711 -3.1567 9.77 0.73 -0.28 134 393 208 199 124 
24.47 4.70 -5.69 13.5900 2.3800 0.1900 2.7733 -0.5800 1.0622 9.19 0.88 -3.28 140 385 208 201 127 
;
