2.23 4.99 8.19 0.3000 -0.1300 0.0800 -0.0022 0.0144 -0.0144 1.84 5.18 8.11 172 360 368 400 205 
1.61 5.17 8.24 -0.0900 0.0100 0.0000 0.0522 -0.3044 -0.0100 2.02 5.21 8.05 172 360 367 398 206 
1.95 4.97 8.48 -0.6500 -0.5400 0.7900 0.8789 -1.4367 -0.0667 3.08 5.81 7.26 177 328 320 396 207 
12.68 11.49 18.21 7.7600 6.2200 1.7500 -5.1456 3.3256 4.8967 1.79 1.39 9.54 204 170 183 198 137 
-3.40 0.90 5.96 -1.2200 1.9800 -3.7800 -2.5922 1.1667 1.6067 -3.23 -2.75 8.83 208 177 184 194 128 
2.55 0.62 0.81 9.3900 4.5500 -6.9900 -0.1222 0.2456 2.7678 -5.64 -2.68 7.55 207 175 186 195 129 
-17.82 4.05 16.03 -15.8600 0.4300 8.2200 -0.0211 -1.6856 0.5144 -4.48 1.64 8.56 208 184 196 200 130 
-2.25 1.60 9.41 0.8800 0.5600 1.0100 -0.3011 -0.4511 -0.9967 -3.91 0.09 8.98 208 188 199 208 136 
1.17 0.75 12.05 4.0700 3.5300 3.0100 -1.7400 -0.6333 -1.9733 -0.46 -2.15 9.55 167 333 253 229 147 
8.64 -3.20 1.40 3.1200 0.0700 -6.5300 -0.6656 -13.2011 3.5656 8.50 -4.87 0.17 123 407 190 171 123 
2.03 -3.94 -0.86 -3.2200 2.8100 1.3200 2.3811 -1.7756 0.7467 4.84 -8.14 -2.51 131 409 193 179 127 
8.73 -7.43 -5.40 4.6200 -0.3000 -5.3800 3.1722 1.1589 -0.6478 5.37 -8.20 0.12 126 419 194 183 128 
3.96 -8.05 -0.55 -2.4400 -0.4700 -2.0900 -2.1856 -0.9344 0.2900 5.43 -8.12 -0.73 132 415 201 189 130 
8.75 -4.43 9.50 3.7200 3.8000 7.1700 0.2544 0.9600 -0.2856 5.91 -7.76 0.91 131 389 207 191 134 
8.27 -5.08 2.75 3.0800 0.6400 1.8700 -3.5333 0.4256 -0.6589 6.33 -7.34 -1.44 185 187 214 185 130 
1.36 -9.07 -8.65 -6.9800 2.1800 -4.1500 2.2100 1.9600 -2.2533 8.50 -4.38 2.13 208 186 202 185 133 
-1.69 0.34 -1.96 -12.8300 4.3500 -1.5300 -0.0322 -2.4967 -2.6256 9.68 -0.75 1.33 209 177 205 186 134 
29.55 10.86 2.98 11.8000 5.3100 4.9400 -0.0567 -1.2756 0.2378 9.26 3.22 -0.19 209 183 207 187 134 
;
