7.99 2.45 5.11 -0.0300 0.0700 -0.0400 -0.0022 0.0200 -0.0100 8.00 2.37 5.13 183 352 335 380 211 
8.58 2.63 5.44 1.1400 0.3800 0.4600 -1.4744 -0.5878 0.9200 8.23 1.69 5.05 188 316 318 305 198 
11.30 0.02 8.13 2.9700 1.2400 2.1600 -3.8378 3.6322 1.5100 7.16 -2.95 6.00 211 176 192 196 120 
-0.81 -5.30 5.91 -2.9300 -1.0300 -2.2300 0.4256 4.6567 1.8556 -0.46 -4.42 8.73 211 172 189 185 115 
-2.08 -3.62 8.94 2.9800 -0.2300 -0.2800 -0.0167 2.4622 1.9000 -5.78 -3.00 7.32 216 179 185 185 111 
0.96 -0.80 0.38 7.1200 1.8100 -5.4100 1.4189 -0.1578 2.1667 -7.00 -0.70 6.82 211 182 191 188 116 
-10.61 -0.04 12.83 -2.7400 -0.2200 4.0200 -0.7833 -0.6600 -1.4467 -5.93 -0.64 7.77 217 184 189 193 123 
-5.52 -1.08 7.75 -0.1400 0.5400 0.0400 -0.1278 -1.0078 -1.2211 -4.79 -2.13 8.28 211 324 197 189 119 
-4.60 -3.52 12.41 -1.4800 0.8700 4.6100 -3.2167 0.0322 -4.3156 -1.45 -6.44 7.24 206 419 189 188 122 
1.82 -7.60 -0.88 3.4100 1.6600 -4.2400 -0.7211 2.2289 -1.0300 -0.25 -9.15 3.49 162 431 187 191 123 
-1.57 -7.42 1.71 -1.4200 1.3500 -1.9600 0.3444 1.1400 -0.6911 -0.16 -9.01 3.85 164 428 207 192 131 
6.25 -5.75 3.94 6.4800 2.4400 -0.9000 1.7256 -0.0433 0.4444 -0.27 -8.01 5.64 167 429 212 192 126 
0.28 -14.06 13.97 -1.0100 -6.7500 7.8400 -0.9167 -1.7200 1.8889 -0.53 -7.44 6.36 163 434 211 194 127 
-7.22 -7.35 6.87 -6.5100 2.0800 1.1500 -1.9856 1.0956 -0.4478 -1.04 -9.08 3.54 165 429 212 196 126 
-2.00 -3.00 1.36 -0.6700 6.7000 -1.2100 -0.4167 1.6000 -1.3622 0.32 -9.55 2.18 163 431 211 197 128 
7.40 -2.80 1.43 7.3100 5.9900 -1.6400 2.0167 0.4167 0.0489 0.93 -8.89 4.01 163 426 212 196 128 
1.74 -14.13 9.72 0.4500 -6.3000 4.4100 0.7044 -1.2667 0.7622 0.88 -7.67 6.04 165 431 217 197 129 
-0.47 -6.71 6.61 -1.2400 1.2600 0.3900 0.2078 0.1333 0.1978 0.80 -7.61 6.12 168 427 215 202 136 
4.67 -3.32 1.70 1.9500 3.0100 -5.4000 5.0156 -5.8578 2.9567 2.97 -4.55 8.16 180 311 311 379 205 
11.74 1.52 8.90 3.4500 1.0600 4.4300 2.9933 -2.1033 -0.1344 8.71 0.13 4.49 185 345 341 418 218 
;
10.05 1.56 8.37 1.2800 0.0000 2.1000 -0.1744 -0.3289 0.0044 8.70 1.01 4.39 181 356 343 408 218 
8.91 0.45 4.67 0.0900 -0.5900 0.3400 0.0633 -0.0511 -0.0322 8.75 1.00 4.30 179 357 345 409 217 
8.98 1.12 4.90 0.5000 0.2200 1.0600 -0.3678 -0.6222 0.3167 8.97 0.83 3.87 191 342 338 347 208 
17.30 1.50 10.12 12.4500 0.8600 0.8300 -2.9956 13.9067 4.0456 3.97 -3.77 8.13 210 163 172 174 104 
-0.91 -4.55 3.80 3.0400 -0.3900 -3.5800 0.3433 2.7244 1.4067 -5.06 -3.83 7.47 216 163 174 182 109 
-2.48 -1.99 3.83 2.9400 0.6200 -3.8100 0.4256 -0.0289 1.1489 -6.56 -2.22 6.93 214 171 179 182 111 
-9.43 -1.21 11.55 -3.0300 -0.0400 3.7700 -0.4189 -0.5422 -0.9378 -5.88 -1.93 7.60 215 173 183 186 119 
-6.44 -2.55 7.58 -0.4800 0.2800 -0.0700 -0.6844 -0.7211 -1.8778 -5.04 -3.70 7.55 208 262 186 190 121 
-3.21 -5.91 9.03 8.0800 0.4700 1.3100 -0.4678 3.2389 -3.6989 -1.71 -7.50 6.07 202 432 199 185 122 
3.05 -5.21 2.72 4.1900 2.7800 -2.9700 0.1744 0.5344 -0.6800 -1.07 -7.97 5.61 185 434 211 191 123 
5.59 -7.04 6.42 6.9300 -0.9700 1.8100 1.9000 -0.6022 1.3467 -1.32 -6.60 7.13 175 435 208 193 126 
-9.01 -11.45 15.35 -6.7400 -3.7800 6.4900 -2.5822 -0.2589 0.9800 -2.46 -7.37 5.97 171 435 214 195 125 
-7.33 -3.71 3.61 -4.2900 6.3400 -0.1900 -1.4533 1.3567 -2.0678 -1.36 -9.21 3.05 185 429 215 197 127 
1.90 -2.60 -0.43 3.5900 6.7600 -2.6100 0.5767 1.2033 -0.8589 0.52 -9.29 3.08 193 428 216 196 131 
7.91 -6.04 3.97 6.7200 0.4800 0.5000 2.6800 -0.5589 1.0156 0.07 -7.83 5.89 189 425 218 198 128 
-2.37 -10.95 10.60 -2.1600 -3.2000 2.8500 0.0200 -0.4778 0.3644 -0.07 -6.88 6.97 184 427 221 199 129 
2.59 -3.73 5.68 3.0300 2.9500 -1.1800 1.1144 -1.2389 2.0322 -0.26 -6.18 7.60 189 402 256 251 168 
10.63 -0.62 6.35 4.1200 1.8300 1.0700 4.8033 -6.1300 1.9100 7.34 -1.07 6.41 187 346 340 421 217 
7.94 -0.15 6.65 0.7800 1.6400 2.0300 2.5111 -1.1867 -0.5911 8.66 0.55 4.56 178 358 345 416 213 
;
