7.56 1.10 6.21 0.0100 0.1000 0.0900 -0.0211 -0.0522 -0.0078 7.59 1.02 6.11 190 354 347 379 215 
7.56 0.98 6.13 -0.0300 -0.0200 0.0500 -0.0111 -0.0356 0.0067 7.63 1.01 6.07 192 355 347 381 212 
7.60 0.98 6.03 -0.0700 -0.0400 -0.0200 -0.0044 -0.0033 -0.0033 7.64 1.00 6.05 192 355 343 380 213 
6.61 1.06 6.92 -1.5100 0.3900 1.0500 -0.4667 -3.4867 1.6733 8.76 0.19 4.39 212 294 322 302 210 
12.87 -2.53 4.51 3.1600 0.3400 1.4300 -3.1756 2.5489 1.5300 8.82 -3.51 2.45 213 154 167 160 98 
9.67 -4.16 -1.90 -1.0900 1.0000 -9.4400 2.1356 11.3411 4.1689 -2.35 -3.90 8.68 214 161 167 163 101 
-9.20 1.95 7.00 -4.0700 1.9900 2.7900 1.4711 0.5722 1.5067 -6.30 0.72 7.47 210 164 177 168 106 
-4.56 0.88 8.88 1.6500 0.8600 1.0700 -0.7944 -0.3989 -1.1478 -6.01 -0.70 7.71 211 167 182 174 113 
-6.12 -0.38 10.27 -2.4100 2.0200 2.2600 -0.7622 -4.7411 -2.6122 -0.96 -2.97 9.29 181 267 259 240 169 
4.33 -5.29 6.25 6.0700 0.3600 -2.5800 -3.1511 -7.4311 1.6778 5.72 -7.19 3.41 143 354 323 306 197 
2.16 -5.74 -0.81 -1.7300 3.0500 -2.5000 -1.3622 0.8944 3.6144 1.11 -9.69 0.94 111 281 275 290 191 
-7.33 -8.17 0.52 -4.5300 0.6100 1.2100 -0.5844 -0.2389 0.3478 -1.54 -9.67 -0.37 116 256 246 254 169 
-1.81 -9.25 -0.41 -1.2700 0.4900 0.7900 -0.2956 -1.8889 -1.4733 0.24 -9.77 -0.75 119 252 243 257 169 
0.63 -6.15 -6.34 -3.1900 4.0700 -5.0600 -0.3411 -6.1767 -5.2244 4.63 -7.55 -4.19 127 241 251 272 173 
9.48 -5.38 -6.24 3.0600 1.5200 0.1900 1.6100 -1.3622 -0.7767 4.39 -7.06 -5.18 134 251 259 292 186 
5.83 -5.34 -4.05 1.1100 1.9000 1.2100 -0.5267 0.7578 -0.2778 5.02 -6.68 -5.12 137 268 268 293 192 
7.61 -3.51 0.30 0.3400 2.6800 3.2500 -0.1167 7.9256 -1.6044 8.43 -5.00 -0.19 158 314 292 292 190 
12.92 1.83 4.31 6.7300 1.6900 0.7300 1.1389 2.6767 -3.1389 7.32 2.08 6.18 181 352 329 362 205 
13.30 1.77 7.15 2.1300 -0.8600 0.3600 0.0144 0.1256 -0.0878 8.62 1.62 4.37 176 342 333 365 206 
;
