9.23 2.46 -2.12 0.0600 -0.0400 -0.2200 -0.0444 -0.0533 -0.0222 9.25 2.52 -2.03 238 394 378 406 266 
9.21 2.51 -2.13 -0.0500 -0.0600 -0.1600 0.0322 0.1067 -0.0344 9.27 2.56 -1.91 238 394 375 403 266 
12.34 3.31 0.78 1.6300 1.5500 2.6900 -5.1311 -1.0789 2.4733 9.44 1.91 -1.79 248 250 273 266 189 
19.43 0.30 -1.05 11.1100 -1.6400 -3.1900 -1.1100 9.8878 4.5822 8.00 -1.64 5.41 244 211 224 223 150 
6.89 -4.82 8.78 6.4100 -0.0400 -1.4600 -0.5911 4.8622 3.5556 -2.67 -3.95 8.56 243 215 229 224 148 
-0.90 -0.97 3.93 6.2300 2.2100 -4.1800 0.3944 1.1767 2.5944 -6.87 -1.53 6.81 245 222 232 228 149 
-9.24 4.17 8.97 -5.6700 1.3800 5.4400 1.2700 -1.0211 0.7989 -6.53 2.28 6.94 248 225 240 233 150 
-6.25 1.12 9.33 0.2600 -0.1600 1.4500 -0.5322 -0.4556 -1.0011 -6.05 0.73 7.67 260 240 254 248 167 
-3.57 1.18 10.80 -0.8900 0.0900 2.5700 -1.2878 -1.3200 -2.4522 -4.25 -1.60 8.68 263 272 289 291 203 
2.66 -2.21 4.81 1.8500 0.5500 -5.3300 1.6000 -9.8722 -1.1633 6.74 -1.90 6.85 252 426 251 251 181 
16.07 -1.88 1.94 5.3100 0.3400 -1.0600 2.2989 -1.3222 2.8000 8.57 -3.98 2.59 164 410 229 224 158 
4.65 -2.68 3.74 0.2500 1.6700 -1.2700 2.8167 3.6944 -0.0489 6.69 -2.28 6.79 170 231 214 216 150 
2.15 2.44 6.13 -2.4600 3.8100 -2.2600 0.3233 2.3122 0.3978 3.17 -1.45 9.16 178 233 232 230 164 
4.66 0.80 8.74 2.3600 2.3000 -0.2600 -1.1133 0.8022 -1.1144 2.00 -1.99 9.38 189 249 234 234 167 
3.62 -3.17 8.41 4.4200 -0.2700 -1.6400 -2.2544 3.1178 -2.1911 0.12 -4.09 8.90 188 250 240 236 171 
-5.29 -7.87 7.84 -5.1100 -2.4900 0.1900 -0.8033 1.0056 -0.4767 -0.96 -5.37 8.14 189 251 242 240 172 
-0.87 -3.77 6.59 -1.8700 2.0400 -1.9100 -0.2122 -1.4722 0.5089 0.34 -5.68 7.98 204 273 253 253 188 
-1.28 -3.45 1.14 -3.1700 2.0400 -6.9900 0.2856 -2.0756 -3.6400 5.09 -4.66 6.96 222 326 291 285 219 
;
