6.87 2.04 6.68 0.0300 -0.0800 0.0600 -0.0600 0.0856 -0.0667 6.78 2.14 6.74 180 362 350 383 215 
6.71 2.05 6.83 -0.0200 -0.0400 0.0400 -0.0111 0.0233 -0.0144 6.71 2.13 6.82 180 361 347 385 216 
6.46 2.06 6.83 -0.0600 0.1300 0.0200 -0.0856 -0.1344 -0.1233 6.73 2.15 6.79 181 354 347 383 216 
6.75 1.83 8.96 -0.6900 0.4100 1.9300 -3.1556 -2.8022 1.9022 8.31 -1.16 5.06 206 290 254 277 193 
15.10 -4.97 1.84 -0.2300 -1.9900 -6.9100 -0.6711 12.3844 4.3222 1.12 -5.73 7.87 210 178 176 178 110 
1.12 -5.25 7.40 7.5400 -0.4500 -0.5600 0.6144 1.9956 2.2744 -5.63 -4.20 6.83 213 185 173 181 115 
-7.19 -1.29 6.73 -3.0900 0.9400 0.5000 0.1133 -0.5878 -0.1844 -6.23 -2.82 7.02 212 190 187 190 124 
-5.46 -4.42 7.23 -0.5800 1.2200 -1.8800 0.0611 -6.0556 -4.1867 0.48 -4.49 8.70 182 180 180 194 129 
20.50 -5.56 1.19 9.8200 -1.1000 -0.6800 0.5111 -1.2333 1.9778 8.79 -4.26 0.79 140 169 159 174 110 
6.24 3.14 -7.62 -0.8400 8.3900 -7.8300 4.5189 2.5089 0.5478 8.34 -4.68 2.16 130 162 162 175 109 
7.51 -4.28 4.76 -0.5200 2.8600 2.7700 -1.0189 -0.5833 -0.2456 8.28 -4.69 2.33 134 174 168 182 116 
8.71 0.00 -1.21 3.1900 5.3300 -5.9100 -1.9689 -0.5911 -0.4189 8.75 -4.41 0.28 132 175 170 181 116 
-5.55 -5.63 39.70 -3.5100 -3.9000 26.6700 -0.3922 -0.8589 0.0400 8.91 -3.61 1.91 141 174 171 184 119 
2.49 -4.61 5.00 -7.6100 0.4200 2.9900 -2.0522 0.3511 -0.1300 8.60 -4.54 1.19 167 218 192 229 167 
12.13 -1.85 -2.66 1.8100 1.4500 -3.1400 5.1233 0.6656 -1.2167 8.83 -0.95 4.15 180 370 347 406 203 
;
8.53 1.74 5.31 -0.7500 1.7400 -0.2800 -0.1167 -0.0344 0.1044 8.57 -0.44 4.73 175 366 355 396 208 
9.16 -0.65 5.22 0.3600 -0.1400 0.7300 -0.1633 0.0344 0.0300 8.64 -0.58 4.58 174 357 350 398 204 
8.82 -0.67 4.78 0.0600 -0.0900 0.2300 0.1444 0.2333 0.0022 8.54 -0.51 4.78 175 356 352 403 207 
7.43 -0.07 5.95 -2.6500 0.6300 2.3300 0.7689 -2.1944 0.5044 9.01 -0.59 3.82 181 367 342 385 211 
14.23 -0.75 2.28 3.4200 1.2200 1.8400 -2.6333 1.9978 0.5967 9.43 -2.53 0.87 194 375 333 320 208 
13.05 -3.05 -0.43 4.2400 -0.3200 -6.7700 -5.0867 13.2811 3.3011 0.38 -5.63 8.01 213 195 181 179 109 
2.60 -2.70 -0.72 8.5700 5.1800 -6.1300 1.4489 -0.7422 3.5111 -5.29 -4.94 6.60 214 191 181 175 113 
-12.00 -2.50 11.16 -5.3800 0.3600 2.9500 -0.3733 -0.5767 -0.8289 -4.79 -3.73 7.69 213 195 188 183 117 
-6.87 -3.72 6.45 -2.8200 0.4900 -1.9600 1.1322 -1.8144 -1.5667 -3.10 -3.95 8.42 213 273 234 229 164 
4.58 -2.51 7.11 4.4100 -0.4600 -1.9100 2.5878 -6.9289 -1.0833 5.50 -0.91 8.06 168 383 351 388 213 
8.13 -3.91 5.96 -0.0400 -0.1900 -0.3300 -2.0611 -2.9933 3.6778 6.75 -5.68 4.26 91 188 201 193 125 
12.34 6.60 -6.93 6.3200 15.4600 -5.6300 -4.5722 -4.3444 -2.5144 7.60 -5.93 1.77 93 179 190 187 115 
7.06 -2.63 9.62 -0.4500 3.5400 7.5300 -1.1789 0.5856 -0.7944 7.56 -5.72 2.47 97 187 200 190 118 
12.54 -0.58 -5.51 4.7700 3.3700 -10.2200 -0.5733 0.1922 -0.1167 8.23 -5.23 0.99 99 189 200 187 120 
15.13 -16.25 6.41 5.0900 -1.2600 0.2700 -0.9778 1.3644 -0.7722 8.44 -4.70 1.62 104 195 207 198 132 
2.04 -6.56 2.95 -5.9700 -0.7600 1.9100 -1.0233 1.7333 -1.4433 8.44 -4.88 0.97 144 285 279 290 194 
9.80 -1.42 2.74 0.9100 1.2800 -1.4900 3.8400 1.7767 -0.5544 7.89 -0.84 5.75 179 389 354 430 219 
;
