0.00 6.25 7.61 0.0000 0.1000 -0.0400 -0.0133 0.2444 0.0178 -0.28 6.06 7.69 174 377 365 376 213 
0.12 6.20 8.05 0.1400 -0.0900 0.6800 0.2433 0.0589 0.4111 -0.21 6.18 7.61 189 354 352 377 214 
2.78 7.27 14.60 6.3400 3.0000 5.0500 -4.0422 1.0389 6.3889 1.32 2.12 9.48 207 238 198 197 145 
4.37 -0.08 12.74 3.6400 0.6700 1.6900 -3.0511 3.7944 3.2222 -3.29 -2.07 9.00 210 163 164 162 116 
-2.71 0.02 2.81 4.2700 2.5800 -4.2200 -0.5622 1.5544 1.8444 -7.05 -1.98 6.51 208 172 168 167 120 
3.87 0.52 -1.06 12.8100 2.5000 -9.0700 1.4033 -1.6322 2.1478 -6.61 0.10 7.23 211 177 173 172 122 
-16.90 2.40 17.57 -10.8100 0.2200 7.7200 -0.4600 -1.2967 -1.4422 -4.43 1.62 8.59 209 179 176 176 125 
-3.24 2.02 9.25 1.4300 1.5400 0.2100 -0.6500 -0.4878 -1.4700 -3.86 -0.22 9.01 210 191 188 186 135 
-5.01 -0.08 10.10 -4.4100 2.6800 -0.5600 0.7233 -5.6422 -5.3122 2.48 -1.08 9.42 206 350 289 257 179 
13.36 -0.17 -7.53 2.2200 -0.9900 -6.0100 1.4733 -8.9589 3.6744 7.97 -1.18 -5.57 204 330 293 363 223 
3.18 -1.48 -6.23 -1.3600 0.2700 2.2300 -2.8000 -1.2767 1.6167 2.11 -1.60 -9.44 205 282 280 332 222 
4.97 0.32 -12.97 1.7900 -0.0300 -3.7200 -0.9111 0.3900 -0.3844 2.51 1.34 -9.38 206 305 287 343 223 
6.34 -0.45 -12.82 3.9000 -1.8900 -4.9200 1.0133 0.2733 0.1433 3.11 0.71 -9.27 204 299 292 336 223 
7.24 3.89 -19.84 1.5200 11.4300 -1.2800 8.8589 6.3011 2.6378 5.98 -7.33 -2.56 212 429 371 412 223 
-3.01 1.52 0.30 -5.8800 10.1200 0.1300 0.4678 0.2900 0.4456 4.16 -8.86 0.44 212 423 371 413 222 
3.45 -5.40 0.42 -0.2200 2.2500 0.5000 -0.9378 0.1289 -0.7133 4.80 -8.54 -0.39 212 429 341 402 220 
10.98 -7.57 -1.62 7.9500 0.7100 0.0200 -2.6844 2.7056 -1.0478 6.29 -7.42 -1.21 173 363 333 394 220 
6.71 -6.58 -2.54 -0.1900 2.8500 -3.0700 -2.6000 3.6400 4.9533 1.83 -9.52 -1.43 139 301 316 356 218 
-4.76 -5.34 -12.56 -5.4600 3.8200 -11.1300 1.5144 1.9822 0.1622 -0.09 -9.18 -3.43 150 342 335 379 219 
3.01 8.73 -3.06 4.3900 19.4000 -3.1100 9.8433 -1.0511 0.1878 1.95 -5.25 8.04 161 367 350 399 222 
5.88 2.35 15.21 4.1200 9.3400 2.9900 -9.0844 -1.3656 0.7389 2.45 -9.18 2.40 160 358 346 397 220 
-1.28 -6.39 -26.24 -4.4900 3.4100 -19.4900 6.3822 0.4022 0.0667 0.95 -9.74 -0.57 156 341 326 397 219 
4.24 4.96 23.27 1.5600 10.8400 18.3800 1.8489 -0.9700 0.5544 2.15 -5.58 7.76 166 362 351 401 221 
;
