8.53 3.80 3.07 0.0000 0.0000 0.0100 -0.0244 0.0067 -0.0300 8.51 3.81 3.03 162 275 244 269 173 
10.26 5.05 4.20 2.2000 0.9300 1.6500 1.1356 -0.1322 0.1333 8.53 4.15 2.47 168 302 259 278 176 
14.01 2.49 2.13 5.1400 -0.9300 0.0000 2.3467 -1.5333 1.7700 9.41 2.68 0.53 178 423 316 437 223 
10.78 -1.61 -4.73 1.2400 -2.5700 -5.9400 1.4756 2.1022 1.8044 9.57 0.00 2.10 183 433 363 444 225 
4.84 2.14 -0.70 -4.0900 4.3900 -2.9400 2.9489 0.8722 1.6533 8.71 -0.91 4.39 185 436 372 448 224 
3.80 4.17 5.67 -3.7600 5.3000 0.4700 0.6689 0.1678 0.5044 8.15 -0.87 5.37 187 435 348 446 225 
9.28 3.17 6.19 1.2400 4.3000 1.1100 -3.0589 -0.5056 0.1478 8.20 -2.18 4.90 190 413 337 437 227 
8.37 -2.52 -1.49 -0.0100 1.4300 -7.0500 -3.1067 -0.1578 2.2844 7.80 -5.69 1.66 185 285 277 373 223 
1.35 -10.96 0.17 -4.7700 -3.5400 -1.0600 -1.1356 1.2944 0.6222 5.92 -7.62 1.69 197 307 283 381 224 
4.50 -8.88 0.69 -1.3700 -0.6400 -0.5500 -0.0044 -0.0656 -0.4067 6.09 -7.54 1.44 200 316 292 382 224 
2.77 -7.49 0.24 -2.7700 -0.0200 -1.2300 0.3111 0.0222 0.1267 5.87 -7.71 1.47 192 331 259 297 195 
2.32 -7.58 -4.48 -6.8300 0.9800 -5.3600 2.8589 -1.5122 -3.5156 7.82 -5.29 2.60 210 195 181 208 120 
4.39 6.95 0.39 -3.6600 8.2200 -0.6200 2.3767 -1.3111 -4.6456 9.68 1.13 1.03 211 201 189 221 127 
21.64 6.88 2.49 8.5200 2.8900 2.8000 0.2511 -0.1011 0.9733 9.48 2.49 0.20 211 208 194 224 128 
7.65 2.67 -0.29 -1.9500 0.5800 -0.9300 -0.2767 0.2456 0.2489 9.61 1.81 0.57 213 223 203 225 132 
7.18 2.08 -0.37 -2.4700 0.6200 -2.0100 -1.1500 2.7222 -0.2967 9.18 1.48 3.08 199 303 245 258 168 
;
