1.51 4.37 8.65 -0.0400 0.0300 0.0100 0.0133 -0.0089 -0.0089 1.49 4.33 8.66 172 361 373 388 212 
1.58 4.42 8.60 0.0500 0.0600 -0.0100 0.0044 0.0033 -0.0078 1.50 4.35 8.65 171 364 371 389 211 
2.99 4.78 11.76 1.5400 0.0200 3.7600 3.1989 -1.7556 -0.3967 2.67 6.40 6.93 173 384 364 402 215 
11.72 10.72 6.94 5.8800 4.0200 -0.4000 1.7344 -3.1556 3.6622 7.96 5.22 2.33 168 397 369 409 220 
7.12 3.36 -4.29 -3.0100 0.0300 -3.9900 2.1533 0.5389 2.0311 9.62 1.44 1.22 169 408 351 409 220 
6.31 1.88 0.20 -2.6200 1.5700 -2.0900 1.6500 1.6044 1.1067 9.23 0.08 3.30 169 408 371 412 220 
4.39 2.83 4.46 -4.2500 2.8000 0.6100 1.8911 0.8778 0.8389 8.51 0.06 4.86 171 413 375 412 221 
5.13 3.61 7.12 -2.7700 3.9100 1.9500 -0.3022 -0.6133 0.2044 8.61 -0.24 4.67 176 411 372 409 222 
11.85 5.30 1.96 2.3000 5.7300 -3.7800 -4.3300 -1.7722 3.7822 8.73 -3.89 2.17 173 250 275 322 224 
-0.27 -12.27 -0.61 -9.2700 -5.9300 -1.4300 -1.3944 1.9856 2.8044 4.55 -8.62 0.99 191 275 264 335 221 
3.40 -9.52 1.39 -0.8800 -0.4500 0.1100 0.1267 0.0067 -0.9200 5.28 -8.19 1.01 189 284 270 343 222 
4.87 -6.53 0.67 -1.1800 1.5800 -0.0700 -0.1533 -0.0078 0.9778 4.82 -8.51 0.59 180 326 254 283 207 
-3.56 -7.55 -3.46 -6.9400 0.6300 -4.1300 1.7022 -4.7311 -1.5522 3.85 -8.99 -0.66 139 409 204 200 133 
8.72 -10.11 -4.37 7.8700 -0.9100 -2.2500 1.4256 -1.7244 -1.4256 5.54 -7.97 -1.34 133 414 188 180 129 
7.90 -6.62 -2.40 1.9300 0.8100 -2.6900 0.8211 -2.5456 -0.4000 5.53 -7.81 -2.11 137 412 192 184 133 
8.44 -7.06 -3.41 -18.0600 9.7000 16.9200 -0.4978 -4.5367 1.3633 5.54 -8.03 -0.93 120 395 195 190 130 
8.26 -7.98 -4.55 2.4100 -1.1200 -4.1700 -0.4400 1.4867 -0.2778 5.73 -7.75 -1.78 128 411 205 193 134 
7.80 -5.06 3.07 1.5900 1.5000 -0.3700 -1.6633 3.5556 -0.8256 6.46 -7.36 0.36 131 399 210 195 137 
9.03 -4.32 3.46 1.0500 3.0000 3.6400 -2.9656 2.9333 -0.2667 6.49 -7.33 -0.27 169 376 252 253 187 
14.52 -6.36 -2.88 5.7300 -0.8100 -1.6400 -3.0300 4.1389 0.8000 6.33 -7.47 0.42 165 370 337 374 215 
3.36 -4.69 -6.28 -0.1900 5.3700 -5.0200 -2.9578 2.1344 3.0778 1.84 -9.47 -1.75 157 360 344 391 215 
-5.73 -6.30 -16.04 -4.9100 4.0700 -12.7500 4.4644 -0.4422 -0.8222 0.73 -9.77 0.04 155 374 350 407 217 
1.86 5.08 39.84 -2.0100 9.6500 32.1700 -4.9789 -0.2011 0.0156 1.01 -7.91 5.69 139 363 358 406 218 
-1.73 -2.62 -16.89 -3.2800 6.1000 -19.4700 -3.9822 -0.9178 1.3889 -0.71 -9.04 -3.72 138 342 346 398 217 
6.85 6.38 3.57 7.4800 16.0000 2.5900 12.9644 3.7956 -2.8378 0.76 -4.65 8.59 133 390 357 413 219 
3.51 0.69 13.90 1.9500 4.1600 3.7100 -4.4589 -1.2922 0.1333 2.44 -5.69 7.59 142 380 363 404 219 
;
