7.26 2.72 6.06 0.0700 0.0000 -0.0300 0.0033 0.0244 -0.0022 7.16 2.73 6.10 186 357 364 398 221 
7.47 2.71 6.15 0.5600 0.0400 0.0700 -0.3267 -0.2567 0.5100 7.30 2.43 6.07 181 359 358 387 222 
11.21 1.72 9.30 4.1900 0.9200 4.0800 -1.8700 -2.0033 1.1867 8.81 -0.28 4.29 181 343 357 367 225 
11.70 -3.27 1.28 0.2800 -0.9900 -1.6700 0.6489 -0.7567 2.2122 8.92 -3.55 1.96 178 347 368 380 229 
6.99 -5.45 -1.48 -2.0400 0.2000 -3.0700 2.6444 0.2667 1.1422 7.98 -5.17 2.36 180 379 369 411 230 
5.85 -1.53 2.13 -1.9100 3.9800 -0.6500 2.2256 -1.7211 0.6411 7.93 -5.11 2.64 181 386 366 416 228 
9.47 -2.12 2.23 1.1300 2.2800 0.4600 0.0800 -0.5144 0.3656 8.03 -5.25 1.98 187 375 367 408 231 
8.90 -4.83 0.76 0.7300 0.8100 -0.9200 -1.6356 1.1900 -0.0344 7.70 -5.84 1.62 194 376 364 419 233 
7.99 -5.60 -0.09 1.4400 0.8600 -1.5600 -2.1167 2.1422 -0.1322 7.63 -5.89 1.79 184 374 366 416 236 
8.37 -5.42 0.57 1.3100 1.1500 -1.4000 -1.1322 1.7933 0.8678 6.72 -6.71 2.43 190 336 358 377 231 
-2.92 -9.49 4.98 -7.4800 -1.2500 1.9700 -1.3811 1.0056 0.5067 4.16 -8.56 2.35 200 349 352 382 231 
4.51 -8.98 0.00 0.0700 -0.3300 -1.9400 -0.7078 0.1500 -0.6711 5.00 -8.33 1.27 200 350 361 384 230 
1.02 -5.57 -1.29 -4.2000 2.3700 -3.7000 2.9789 0.6500 -2.9756 6.99 -5.81 3.66 186 348 355 356 225 
12.13 3.51 8.86 1.1900 4.8800 3.6600 2.1989 1.2511 -2.5089 7.80 0.13 5.93 194 375 363 414 227 
;
16.69 4.17 9.56 4.7000 1.6000 2.3800 -0.7044 -0.5000 0.3944 8.58 0.48 4.70 190 367 352 405 226 
8.08 0.84 4.75 -0.3100 0.3700 0.0900 0.0078 0.0078 -0.0444 8.50 0.46 4.86 187 369 360 402 227 
9.23 0.72 6.86 0.4100 -0.0900 2.4400 1.0367 -0.4556 0.2922 8.60 0.72 4.65 194 387 368 414 230 
11.66 -1.72 6.15 3.5800 -1.2800 1.5000 -0.3511 -1.2111 1.6689 8.92 -1.64 3.70 188 410 365 428 228 
9.45 -4.45 -0.98 0.3700 -0.6600 -3.8400 1.7844 -3.0944 1.9556 8.70 -4.48 0.56 185 413 368 432 229 
4.84 -2.85 -1.27 -2.8900 2.7500 -2.2800 3.1167 -0.7056 -0.0256 8.40 -4.71 1.80 191 418 370 431 231 
8.62 -0.52 2.36 0.2900 3.3300 -0.1100 0.9256 -0.3978 -0.1200 8.68 -4.09 2.00 194 409 374 430 230 
9.17 -3.09 1.87 0.6400 1.0900 -0.2900 -0.4356 0.2433 0.2767 8.55 -4.46 1.73 198 395 376 421 230 
10.27 -3.54 1.65 0.8100 1.1300 0.1000 -1.9189 1.6911 0.1089 8.01 -5.15 2.30 195 376 372 425 231 
8.62 -4.01 0.56 2.5400 1.6500 -2.0600 -3.0578 3.0333 -0.3578 7.20 -5.96 2.95 183 367 366 420 235 
4.11 -7.49 2.20 3.6000 3.2800 -0.6100 -0.9344 0.4411 1.6444 5.63 -7.59 2.60 192 327 330 356 228 
-3.68 -9.50 0.96 -7.4700 -0.6500 -2.3600 -0.8211 1.2733 0.5622 2.61 -9.05 2.71 196 340 337 366 228 
5.84 -9.65 2.15 3.2700 -0.7800 -0.2200 0.0533 0.7344 -0.9189 4.08 -8.45 2.83 193 338 339 366 228 
3.37 -6.17 0.25 -1.7000 0.9500 -3.8200 2.9878 -0.6733 -1.8333 5.94 -6.05 4.92 189 344 333 352 225 
;
12.67 2.87 8.75 4.1300 4.3900 2.6800 3.1489 1.2267 -2.2144 7.76 -0.75 5.93 198 372 362 402 226 
12.32 5.28 8.47 -0.0700 3.3400 3.7000 -0.3300 0.1011 0.2978 7.71 0.69 6.00 192 369 362 398 227 
7.53 0.85 5.73 -0.2800 0.3800 -0.0800 0.0311 -0.1811 -0.0711 7.87 0.45 5.82 191 365 361 399 227 
9.08 1.01 10.24 2.0800 0.5600 4.9800 -1.3267 -2.1300 0.4556 8.93 -0.07 4.03 191 366 366 413 228 
10.84 -3.09 0.03 2.0500 -1.5500 -3.4800 0.1311 -1.4056 1.5611 9.16 -2.58 2.34 186 375 356 416 228 
7.44 -2.38 0.01 -1.4800 0.8600 -2.3300 2.3822 -1.1433 0.7189 9.00 -3.14 2.26 184 388 345 417 228 
7.63 -0.41 1.34 -1.0300 3.0100 -0.6700 1.4556 0.1500 0.3500 8.90 -2.91 2.88 182 395 369 421 229 
8.90 -0.73 3.87 0.0200 2.1200 0.3800 -0.3422 0.5122 0.0744 8.70 -3.09 3.28 186 392 373 421 230 
9.65 -2.75 1.57 0.8000 0.6600 -1.2100 -0.4022 -0.3667 0.6789 8.59 -4.02 2.46 185 371 364 420 231 
5.87 -4.49 2.69 -1.3000 0.9000 -0.3500 -2.0100 1.7244 -0.0611 7.72 -5.30 2.87 187 372 362 421 233 
7.36 -5.11 2.79 -0.7300 0.5100 -0.9200 -1.4556 2.6167 0.6756 6.22 -6.50 3.88 184 344 351 408 234 
5.54 -5.65 3.57 -1.5200 0.9600 0.1800 -2.0856 2.5200 1.0867 4.14 -8.38 2.94 192 340 327 369 231 
3.72 -9.68 1.73 0.7400 -0.6200 -0.5400 -0.7878 0.1033 -0.2133 4.06 -8.70 1.97 194 349 338 374 233 
3.27 -9.00 -0.15 -1.2800 -0.1500 -2.0200 1.6600 0.1978 -0.9422 4.62 -8.29 2.44 191 343 343 374 232 
1.92 -4.67 0.72 -3.7100 1.6400 -3.6300 3.5289 -1.2511 -2.4300 6.87 -4.76 5.12 192 363 351 412 228 
9.51 2.30 8.55 4.6600 3.7000 2.2800 1.4900 1.2067 -2.5600 7.56 0.47 6.22 200 401 369 443 229 
;
16.57 6.36 8.21 2.2700 4.2500 6.5300 -1.3444 -0.4522 0.4044 8.25 1.28 5.14 197 378 363 416 222 
8.00 1.48 4.86 -0.2400 0.2600 -0.1500 -0.1089 -0.0822 -0.1167 8.35 1.14 5.00 192 382 363 410 221 
10.02 1.42 8.14 1.8800 -0.2800 4.0800 0.7022 -1.2344 0.3533 8.80 1.65 3.99 198 376 366 416 226 
13.99 -0.17 3.38 3.2800 -0.9200 -1.5100 -1.3022 -0.7011 1.0211 9.28 -0.57 3.10 190 390 362 407 229 
9.74 -0.24 -2.69 -0.0100 1.8300 -4.2300 2.7111 0.4033 1.3867 9.15 -2.52 2.44 186 369 362 407 226 
6.40 0.79 2.92 -2.2100 3.7500 -0.4300 1.6256 -0.0233 0.7489 8.62 -3.16 3.44 183 362 366 398 228 
9.01 -1.06 2.45 2.0500 2.5600 -0.0100 -0.4222 0.3122 0.5200 8.56 -3.75 2.94 186 350 369 400 231 
8.42 -3.57 2.56 0.8900 0.7700 -1.1600 -1.3256 1.1700 0.0156 7.92 -4.45 3.68 185 365 369 422 232 
8.01 -4.65 1.65 1.0200 0.3200 -2.3200 -1.8467 1.9811 0.1500 6.94 -5.42 4.31 182 370 367 424 231 
-1.52 -9.21 4.03 -3.1600 -1.2000 1.2600 -2.2033 1.1733 1.3822 4.09 -8.17 3.54 196 317 330 360 229 
2.68 -8.40 3.61 -0.1200 0.2800 0.5600 -1.3200 0.4300 -0.4822 4.01 -8.68 2.16 202 334 331 369 230 
3.78 -8.99 -0.61 -0.8400 -0.1300 -1.9800 0.0978 0.0578 -0.7300 4.64 -8.48 1.58 199 330 336 366 232 
;
2.04 -6.03 -0.34 -3.6400 1.4800 -3.6200 3.3456 -0.2200 -2.1411 6.54 -5.94 4.24 189 334 335 344 226 
11.68 0.47 6.37 2.6700 2.8600 1.6100 1.6211 0.7578 -1.9133 8.00 -1.33 5.49 192 354 350 375 226 
14.24 1.56 4.16 5.6900 1.7300 0.0100 0.7367 0.2344 -0.6744 8.71 0.39 4.47 189 354 346 372 216 
9.69 0.69 4.84 0.9000 0.2700 0.5100 0.5900 0.1011 -0.0978 8.69 0.54 4.50 186 360 349 375 220 
12.66 0.52 7.06 4.8300 -0.6000 2.9100 -0.7811 0.1456 0.6878 8.97 0.28 3.94 186 361 355 392 222 
10.44 -1.54 1.98 1.2100 -0.1800 -2.4200 0.5289 -1.7422 2.1433 8.97 -2.25 3.23 187 370 358 394 221 
9.59 -2.01 -2.03 -0.0900 1.8100 -3.5200 2.4711 0.4344 0.7822 8.90 -3.51 2.12 187 365 359 398 224 
6.35 -0.50 2.28 -1.9400 3.1200 -0.5100 1.3422 0.1467 0.5800 8.51 -3.63 3.23 185 368 365 398 231 
8.63 -0.16 4.26 0.8400 3.3300 1.2200 -0.4678 0.0278 0.2800 8.47 -3.87 3.06 185 360 358 404 231 
10.17 -4.19 1.24 2.1900 0.7400 -1.2300 -0.7878 1.1544 0.5378 7.79 -4.85 3.42 189 367 359 423 231 
7.91 -4.75 2.65 0.5800 0.5300 -1.0800 -1.5244 1.4400 0.0089 6.77 -5.83 4.01 181 365 359 419 232 
5.93 -5.33 3.81 -0.4000 1.6700 -0.1900 -1.7189 0.7933 0.1278 5.75 -6.93 3.87 181 345 335 370 231 
4.13 -6.75 3.46 -0.9400 1.3000 -0.1600 -2.2211 1.0589 0.2422 4.92 -8.12 2.41 191 347 330 373 229 
5.21 -9.49 -0.65 0.0500 -1.2700 -2.1400 -0.2067 0.0289 -0.3867 5.25 -8.13 1.53 192 352 339 378 229 
4.46 -6.80 0.58 -1.7900 1.5200 -1.8100 2.2811 0.9689 -1.2578 6.12 -6.74 3.62 184 348 346 368 227 
3.57 -4.18 1.97 -1.9100 0.9500 -2.8000 2.3644 -0.2733 -2.4933 7.56 -2.88 5.53 191 359 355 384 225 
;
10.13 1.57 6.16 3.4000 2.4500 1.1500 0.9344 -0.8789 -0.8200 8.42 0.15 5.02 194 366 353 407 226 
10.80 3.02 6.18 3.1300 3.6000 2.7700 0.3667 0.6122 0.2389 8.09 1.02 5.43 186 365 344 397 222 
8.09 0.98 4.26 -0.1300 0.0200 -0.5200 -0.0011 0.0133 -0.1989 8.26 0.95 5.19 184 365 354 401 222 
11.39 1.10 8.73 2.9100 0.5600 4.1400 -0.5700 -0.7811 0.3178 8.71 1.12 4.35 187 361 360 400 224 
14.20 -0.42 3.56 4.5100 -0.5400 -2.7600 0.2256 0.3656 1.9267 8.26 -1.01 5.18 183 366 337 403 225 
6.36 -1.45 0.49 -1.6200 0.8200 -4.7700 2.1122 -1.0011 1.8589 8.04 -2.28 5.12 171 362 339 399 225 
4.94 0.70 3.76 -3.1500 3.0200 -1.4000 1.7956 -0.2356 1.0011 7.87 -2.23 5.39 173 367 368 401 227 
8.01 0.33 5.50 0.3200 2.6100 0.1300 0.1656 -1.0533 0.4311 8.14 -2.22 4.98 178 367 363 395 229 
9.02 -1.57 4.27 0.9300 0.7900 -0.8100 -1.1378 1.0922 -0.2078 7.52 -2.94 5.55 183 367 361 399 229 
8.26 -1.90 4.81 1.2500 1.6300 -1.0200 -1.9478 1.3256 -0.6922 6.84 -3.69 5.96 173 364 362 411 230 
6.16 -3.92 5.01 -0.0500 0.4700 -0.4500 -2.2067 0.7011 0.1156 5.89 -5.35 5.72 173 326 341 373 233 
3.84 -6.40 4.86 -0.8400 0.5600 0.1400 -1.7933 1.1011 -0.0989 4.99 -7.14 4.48 187 343 333 360 229 
4.94 -8.97 0.92 -0.2800 -1.3700 -2.5100 -1.4122 0.4456 -0.7678 5.29 -7.73 2.88 185 344 331 364 230 
5.01 -7.60 0.04 -1.1400 0.5400 -2.5700 1.5122 0.3200 -0.6144 5.89 -7.02 3.46 183 334 336 354 226 
3.32 -5.77 1.38 -2.0500 -0.0300 -2.9200 2.7933 -0.0056 -1.6589 6.51 -4.15 6.03 185 354 345 372 225 
;
11.20 1.94 5.73 5.0800 3.7300 0.5800 1.4211 -0.2700 -1.7244 8.03 -0.27 5.61 195 370 350 406 225 
8.14 3.31 7.09 0.3500 2.3900 1.2800 1.0400 -1.7444 0.1422 8.01 1.34 5.49 185 368 353 407 223 
8.96 1.54 4.09 0.4700 0.4800 -0.9900 0.0789 -0.0067 -0.1011 8.44 1.01 4.88 183 366 353 400 225 
9.98 1.41 7.25 2.0300 0.0900 2.8300 0.7333 -0.2078 0.0111 8.55 1.47 4.56 191 366 358 405 227 
12.69 0.28 5.50 3.9200 -0.6900 -0.2200 -0.7567 -0.1500 0.7989 8.63 -0.11 4.64 189 383 350 413 229 
11.53 -0.53 0.40 1.9500 0.8300 -4.5900 1.5978 0.8000 2.1411 8.23 -1.74 5.03 192 389 356 413 227 
6.29 1.21 2.82 -2.1500 3.7800 -2.0000 2.2433 -0.7600 1.8778 8.00 -2.63 5.00 185 371 360 411 227 
4.01 0.31 6.62 -2.3500 2.6400 0.9200 -0.0944 -0.3389 0.1078 8.03 -2.44 5.06 185 371 365 423 229 
10.23 -1.55 3.76 1.8600 0.8000 -1.0000 -0.3267 0.0489 0.1356 8.05 -2.54 4.97 185 383 366 434 231 
9.58 -2.16 3.71 1.3600 0.8600 -1.5000 -1.5144 0.3456 0.8022 7.87 -3.82 4.40 186 372 367 429 233 
7.65 -4.15 2.77 0.7000 1.2400 -1.4400 -1.9733 1.0489 0.2311 6.65 -5.56 4.57 177 336 336 394 232 
5.72 -4.82 3.96 -1.5800 1.5700 -0.2200 -1.6100 1.4911 0.4367 5.35 -7.09 4.15 185 329 338 379 231 
3.71 -8.10 1.66 -0.2200 0.2100 -2.0600 -1.8967 1.0500 -0.2878 4.83 -8.11 2.61 186 340 325 365 229 
5.77 -9.68 0.38 0.6000 -1.3000 -1.6000 -0.5911 0.2022 -0.4678 5.30 -8.06 1.72 191 345 327 369 229 
;
