-0.33 2.16 10.26 -1.4300 -0.8700 1.4900 1.6700 0.0544 0.4844 0.80 3.99 8.91 172 396 383 402 209 
1.09 7.40 11.64 -0.7200 1.0100 3.0400 -0.7733 -2.0233 0.9711 2.57 5.06 7.99 179 345 332 364 212 
10.27 3.55 6.25 3.2500 0.6200 -0.6600 0.8089 -2.5989 3.9200 8.16 1.33 5.26 195 395 338 380 213 
8.81 -0.62 0.00 0.3300 -0.5800 -3.6100 4.0178 -0.8100 1.6756 9.46 0.05 2.55 198 413 363 397 218 
9.33 0.89 0.48 -0.4400 1.1000 -1.8000 2.5867 0.7400 1.2044 9.29 -0.50 3.09 198 421 363 400 220 
6.29 1.79 4.35 -2.8100 2.6000 -0.6000 1.2622 1.2767 0.7722 8.40 -0.87 4.97 198 423 374 403 219 
6.30 2.03 4.64 -1.8700 2.6700 -0.6100 0.5844 -0.0833 0.4822 8.09 -0.89 5.45 203 421 372 401 221 
8.49 3.26 6.11 0.4100 4.6600 0.8000 -2.4389 -1.0967 -0.3056 8.51 -1.75 4.53 198 372 299 367 221 
9.48 0.58 -1.46 2.4400 4.2400 -3.6900 -1.7733 0.1578 1.9511 8.44 -4.48 2.18 193 291 301 349 223 
7.73 -2.40 0.44 -0.2300 1.5200 -2.8200 -4.3044 2.6778 1.5767 6.24 -7.47 1.14 194 267 256 345 222 
2.16 -12.94 -4.17 -3.3100 -4.6100 -3.9300 0.1022 0.1711 -0.6933 6.20 -7.58 0.44 196 281 265 355 222 
6.53 -7.07 1.03 0.0100 0.4300 -0.1000 0.4811 -0.3700 -0.0522 6.31 -7.45 0.84 199 286 270 357 223 
5.63 -6.63 0.08 -0.4700 1.1200 -0.5600 0.3333 0.0233 -0.3478 6.52 -7.27 0.89 195 280 275 340 219 
4.92 -5.87 -0.24 -0.9900 1.3400 -1.9500 0.5222 1.6867 -0.1033 6.54 -6.95 2.20 196 344 215 246 175 
7.92 -8.22 2.94 8.3000 -2.4600 0.4400 -2.2622 15.2456 -0.4911 3.07 -6.90 6.24 208 401 186 193 128 
-1.78 -8.97 8.15 -5.7800 -1.6100 0.4600 0.1722 2.4444 -0.9000 0.78 -7.48 6.29 205 422 194 192 137 
0.22 -4.81 3.30 -0.5600 3.0000 -4.4300 0.4922 1.0167 -0.1400 0.57 -7.29 6.52 167 427 193 194 140 
6.40 -6.65 10.38 6.9600 -0.9100 4.1200 1.1344 -0.3756 2.3256 -0.58 -5.80 7.88 167 426 196 199 144 
-4.56 -7.81 14.97 -5.7700 -0.7400 5.7600 -1.7800 0.9778 0.6933 -2.87 -6.76 6.49 171 428 197 202 147 
-8.55 -3.94 5.83 -4.8200 4.6900 1.3900 -1.9678 1.0011 -1.4644 -2.36 -8.90 3.35 172 429 195 204 148 
-1.73 -2.88 1.58 -0.9500 6.3800 -0.7400 -0.3489 0.9911 -1.8189 -0.25 -9.59 2.00 170 429 197 204 147 
2.76 -4.08 0.34 1.7700 5.9300 -1.6100 0.8767 1.3800 -1.2767 1.54 -9.33 2.58 171 426 197 206 147 
10.68 -6.27 3.35 10.5700 1.9500 -0.2100 3.0422 -0.7856 0.3567 2.04 -7.44 6.05 170 426 202 208 148 
4.16 -11.74 13.54 -0.1000 -4.6900 6.5200 0.2533 -2.8622 1.7989 2.96 -7.09 6.07 171 425 200 209 147 
-4.85 -8.06 6.08 -7.7000 0.0200 1.0900 2.9211 -6.8144 2.2000 4.76 -6.64 5.42 180 390 190 184 121 
16.92 -5.90 -2.34 8.7800 -1.0400 -2.4900 4.1322 -8.8778 3.5411 5.12 -7.97 -2.49 135 329 181 179 117 
5.92 -8.15 2.32 -2.3100 0.6600 -0.7700 1.5978 1.7222 0.7722 4.14 -8.36 3.01 141 333 181 179 120 
0.84 -3.56 3.66 -2.1400 4.0000 -0.2100 -0.3111 0.3800 -0.2044 3.60 -8.32 3.72 147 335 186 182 122 
5.43 -9.85 -0.44 3.0900 -4.1100 -6.3200 0.8689 0.5256 0.0344 3.90 -8.05 3.99 148 333 187 185 123 
2.89 -3.88 -1.85 -0.2600 6.2500 -6.1200 5.5667 1.0122 1.0411 1.35 -3.82 8.92 151 355 192 186 124 
-2.30 7.85 15.89 -2.9800 8.3300 5.1000 -1.8833 -0.1867 -0.7544 1.13 -2.61 9.38 152 360 194 187 124 
1.29 -2.21 6.67 -0.6800 2.2100 -2.3400 -1.3000 -0.4622 -1.3978 2.31 -4.26 8.52 165 353 194 195 133 
;
