8.09 3.88 3.80 -0.1000 0.2500 0.3100 0.2122 -0.1844 0.0211 8.41 3.84 3.23 185 370 350 388 222 
8.83 3.79 3.45 0.1800 0.0700 0.1800 -0.6244 -0.0267 -0.0311 8.58 3.48 3.20 185 369 347 375 222 
9.83 2.27 4.05 1.8100 -1.3700 1.2400 -0.0311 -0.3622 0.6933 8.79 2.98 3.15 193 408 356 407 220 
15.00 -0.85 0.37 7.6800 -2.4100 -1.7300 3.6111 -2.9989 2.6722 9.76 0.69 0.63 215 439 388 437 228 
8.58 -0.24 -2.01 -1.2600 0.7900 -3.6800 1.6389 0.5622 2.0189 9.44 -1.33 2.29 217 443 385 438 229 
4.98 2.70 1.36 -4.0900 4.6900 -1.8300 0.8767 0.4222 0.5467 8.81 -1.90 3.85 217 441 388 439 230 
8.40 3.43 5.99 0.7800 5.6000 0.9300 -2.7022 -0.4911 0.1022 8.76 -2.98 3.22 215 371 352 402 231 
11.92 -0.39 -3.80 2.6100 2.6400 -5.1400 -2.5411 1.0433 1.1433 8.88 -4.05 0.88 215 342 331 383 233 
5.69 -6.41 -2.98 -1.9500 -1.8700 -4.1800 -2.4656 2.2678 1.7800 7.21 -6.60 0.66 215 306 275 347 226 
3.66 -10.27 -0.56 -2.4400 -2.3500 -0.9700 -0.3867 0.5611 0.5078 6.21 -7.56 0.61 215 315 281 351 226 
4.17 -7.62 0.31 -2.1400 0.0400 -0.2200 -0.2822 -0.2733 0.4244 5.69 -7.97 0.28 215 313 271 343 226 
7.58 -8.31 -1.20 5.1400 -0.3800 -0.8000 -1.0344 1.6211 3.0200 2.79 -9.40 -0.05 204 345 295 339 211 
-4.90 -7.14 -4.23 -4.3900 2.8400 -2.3400 0.0500 0.7656 3.7111 -4.11 -8.81 -1.21 189 296 266 266 173 
-7.59 -6.73 -1.35 -1.4800 1.7200 0.0800 -0.6011 -0.8356 -1.1233 -4.64 -8.54 -1.25 116 264 237 233 145 
-4.99 -9.55 -2.85 -1.8900 -0.0600 -1.0900 -1.1500 -2.2044 -2.0356 -2.93 -9.02 -2.47 127 297 258 260 162 
-1.67 -3.54 -11.33 -0.2600 6.4000 -10.5100 0.1222 -8.3622 -7.4844 3.31 -8.27 -4.07 128 297 261 265 166 
12.00 -3.98 -6.10 7.3300 3.0400 -0.0300 1.3056 -1.9989 -1.6233 4.42 -7.30 -4.80 131 300 272 273 174 
5.71 -5.84 -2.67 1.1600 1.4100 2.0200 -0.6322 0.2100 -0.1111 4.62 -7.05 -4.99 139 296 274 272 180 
9.22 -3.35 -4.32 3.6500 2.8100 -0.5600 -1.4011 7.5011 -1.8789 8.09 -5.24 -1.75 158 312 275 280 195 
;
