3.60 1.50 8.99 0.0800 -0.0600 0.0300 0.0511 0.0089 -0.0211 3.60 1.49 8.99 167 310 320 319 197 
3.45 1.55 9.01 0.7400 -0.3200 0.7900 1.0233 -0.2600 -0.6000 3.64 2.26 8.81 169 311 312 331 198 
6.88 7.42 12.38 3.7500 1.8000 4.5400 4.3478 0.3300 1.3867 3.94 6.84 5.81 170 413 366 419 212 
11.05 4.29 0.01 1.3900 -1.5400 -5.4500 5.4133 -5.8433 7.4078 9.66 1.42 0.84 174 414 374 417 212 
3.39 0.85 -2.46 -7.6100 0.9000 -3.3300 2.5600 1.2711 1.8478 9.23 -0.78 3.21 173 417 367 417 213 
4.51 2.04 3.22 -3.7700 3.3100 -1.4400 1.2400 0.0956 1.0533 8.52 -1.32 4.66 177 414 364 416 215 
6.93 1.41 5.55 -1.2600 3.0600 0.8900 -0.0333 -0.0556 0.2089 8.39 -1.59 4.80 191 411 362 414 216 
10.69 3.87 5.23 1.5100 6.0600 0.3900 -3.4789 -1.1289 0.4811 9.06 -2.68 2.61 205 329 320 376 220 
10.61 -2.25 -3.30 0.7700 2.8000 -5.2400 -2.7956 1.6189 2.8700 7.25 -6.42 1.48 202 261 249 327 220 
-1.64 -13.34 -3.47 -6.5400 -5.0600 -3.7900 -1.0333 0.8311 0.2222 5.17 -8.32 0.25 202 281 268 332 219 
5.53 -7.87 0.57 -0.0500 0.4400 0.1000 -0.0111 0.3667 -0.0033 5.42 -8.15 0.48 200 296 272 305 218 
1.12 -7.53 -0.90 -2.2700 2.0100 -2.2600 -1.0311 -0.3422 1.2322 3.88 -8.99 -0.33 184 403 218 217 164 
4.47 -8.40 -5.17 7.8300 -0.2200 -3.3400 1.8411 -4.5300 -0.7411 4.89 -8.44 -0.90 125 417 204 194 141 
3.94 -7.34 2.49 -1.8000 0.4000 1.9700 -0.1067 -2.6300 0.1578 4.59 -8.62 -0.79 131 419 192 193 141 
5.86 -7.71 -3.48 1.0700 0.9700 -1.9400 0.9000 -1.2078 -0.8444 5.19 -8.16 -1.62 134 409 202 188 138 
15.47 -2.72 13.20 1.4400 3.5100 9.7800 -0.8822 -0.0533 0.7800 5.57 -8.01 0.91 136 420 215 202 144 
8.12 -10.84 -9.76 0.8700 -3.2900 -9.5300 1.5133 3.5156 0.0111 5.25 -8.17 1.30 127 415 209 190 134 
7.59 -6.70 3.05 1.8300 1.2000 1.1300 -1.0144 3.8144 -0.6622 5.30 -7.73 2.84 147 406 209 181 129 
13.03 -5.55 2.59 -1.0100 0.3700 -4.5700 -6.5567 15.2022 -2.9633 2.36 -8.82 3.57 171 419 217 185 139 
2.50 -5.90 1.72 -0.3800 2.4100 -2.9700 1.6233 2.5378 -1.0056 2.00 -8.01 5.28 171 426 213 183 140 
5.31 -2.51 7.28 4.0600 4.2500 0.6200 2.1622 -0.0222 -0.9744 1.73 -5.84 7.68 168 427 201 188 142 
8.17 -7.52 11.58 4.9100 -3.5300 4.6000 1.0433 -1.0667 2.2133 2.58 -4.54 8.29 167 423 208 192 142 
0.20 -7.79 19.93 -3.8800 0.2000 9.8600 -3.3533 0.0533 2.8711 0.68 -7.24 6.57 165 426 205 192 141 
-4.47 -3.61 2.90 -4.6100 6.4300 -1.8300 -2.3822 1.1656 -0.1644 -0.63 -9.48 2.39 166 426 210 192 143 
-2.69 -1.22 -0.02 -2.7700 8.4000 -1.6600 0.4889 2.1122 -1.7067 0.89 -9.58 1.88 165 424 210 192 144 
5.47 -2.66 0.31 5.7200 5.7900 -3.0700 3.7144 1.2578 -1.0467 1.74 -7.99 5.40 167 422 209 192 143 
12.11 -6.19 13.46 9.0000 -1.1600 5.9100 3.1244 -2.0633 2.6922 2.12 -4.34 8.53 166 419 212 193 143 
;
