4.20 -0.52 10.51 -0.2300 -1.8900 1.8100 1.4733 0.4822 1.0611 3.56 1.29 9.04 186 332 320 353 208 
7.25 3.68 10.95 5.5300 1.5800 3.3100 0.7278 -2.0889 1.6067 5.85 3.18 7.19 200 395 350 394 222 
11.51 0.11 -1.80 4.2700 -1.1800 -6.5000 5.1867 -4.7667 4.4244 9.50 0.44 2.35 221 435 377 425 229 
6.66 1.81 -1.78 -3.4100 3.9300 -2.3700 2.6389 0.4089 1.8311 9.26 -1.96 2.53 218 435 380 431 232 
5.92 4.08 3.95 -3.0600 6.0700 0.6200 1.4911 0.7289 0.6222 8.59 -2.09 4.23 220 435 373 432 231 
8.64 3.32 5.25 -0.0200 5.7700 0.8000 -1.0856 0.0622 -0.2044 8.54 -2.48 4.11 214 393 348 405 230 
9.19 -1.86 0.94 0.3300 0.9800 -3.2300 -4.6789 -0.9189 0.5311 8.42 -4.70 1.75 203 284 257 330 226 
1.70 -10.96 -2.49 -5.5400 -4.6700 -2.8800 -1.7122 1.0456 0.5289 7.31 -6.51 0.48 207 296 262 332 224 
6.05 -7.82 0.02 -1.0400 -1.1300 -0.1400 0.0367 -0.2522 0.0089 7.45 -6.36 0.35 212 305 276 336 227 
5.99 -5.83 -0.77 -1.4600 0.6100 -1.2900 0.2500 -0.3822 0.3833 7.20 -6.65 -0.21 205 291 244 263 179 
8.91 -7.46 -2.65 6.3900 -0.4600 -0.2300 7.5756 -0.4722 -1.2422 8.20 -4.66 2.64 138 395 195 194 120 
10.38 -3.22 0.46 1.3400 1.0000 -3.4500 3.6567 0.6144 0.2544 8.07 -3.17 4.56 139 402 201 200 124 
7.16 4.18 4.06 -0.6800 6.1500 -1.7700 1.0378 0.2656 0.7167 7.46 -1.86 6.08 139 390 205 205 127 
8.27 0.05 4.04 3.4400 2.0800 -3.1700 -3.2656 1.2911 -1.1489 6.93 -3.21 6.14 139 399 210 210 132 
4.51 -6.78 5.55 -2.3400 -3.0800 -0.0900 -1.2011 0.3500 -0.2456 6.04 -4.34 6.37 139 413 216 209 132 
3.98 -4.45 7.43 -2.1500 0.3100 0.9200 -0.0867 -0.6256 0.0300 6.24 -4.62 5.98 155 396 213 211 135 
2.69 -2.74 4.58 -3.9800 2.1700 -1.2500 -1.6700 1.7356 -1.8489 6.38 -4.82 5.65 169 348 232 237 170 
3.37 -0.12 2.91 -2.8000 2.2400 -3.4100 1.2556 2.7611 -6.0989 5.79 0.18 7.91 180 339 295 301 199 
;
8.56 1.61 7.91 2.5300 -1.2600 -0.1600 1.1856 -2.2356 2.0522 6.70 1.93 6.89 190 404 342 388 213 
11.12 2.23 1.87 2.4100 1.4200 -3.0000 1.9078 -0.8156 2.7422 8.68 0.01 4.56 198 407 358 416 220 
9.23 0.00 1.06 1.4100 3.0700 -2.3200 3.8700 -1.2967 2.1144 9.06 -1.29 3.49 208 436 354 429 228 
4.80 4.33 4.42 -3.9700 5.5200 -0.1200 1.6467 1.3911 0.5856 8.16 -1.01 5.34 211 438 369 432 228 
5.54 3.45 6.30 -1.9100 4.6000 0.8200 -0.4122 -0.6056 -0.0378 8.17 -1.20 5.27 214 434 352 430 230 
11.48 3.41 2.72 2.4200 5.2400 -2.1000 -3.7000 -0.7444 0.2378 9.02 -2.84 2.55 205 327 301 360 231 
7.18 -6.79 -1.57 -1.5100 -1.8600 -2.7300 -3.1144 1.5289 1.9244 7.67 -5.99 1.15 206 287 258 336 226 
2.89 -11.27 -0.55 -3.3400 -3.7000 -1.3600 0.2778 0.2500 -0.1167 7.08 -6.64 1.35 210 302 268 345 227 
4.45 -9.29 0.85 -2.9800 -2.8000 -0.9800 1.6633 -1.1878 0.1522 7.17 -6.41 1.87 188 373 200 217 126 
11.22 -5.93 0.89 2.9700 0.4000 -0.9100 3.0622 0.4400 -0.0900 7.33 -4.63 4.56 136 404 205 213 127 
9.68 1.56 4.13 2.2300 5.4300 -0.8900 1.8444 -0.0656 0.4467 7.32 -3.30 5.62 137 394 207 219 132 
8.05 0.68 4.68 0.7900 3.4800 -0.9900 -1.3578 0.7122 -0.8867 7.26 -3.17 5.77 128 379 220 224 134 
9.75 -2.66 3.68 1.7100 0.9700 -1.0100 -2.5967 2.0922 -1.1489 6.54 -4.34 5.87 123 392 224 227 138 
2.83 -8.13 4.36 -4.3000 -2.9400 -0.4700 -0.3444 0.6911 -0.1811 5.29 -5.12 6.47 129 403 228 229 139 
3.11 -3.97 7.03 -2.9700 2.4100 0.2600 -0.5544 -1.4378 0.6967 5.59 -5.65 5.73 154 380 221 233 151 
;
