8.81 2.14 3.67 -0.0200 -0.2200 0.0900 0.1356 -0.0800 -0.0200 8.79 2.30 3.67 183 314 299 305 175 
19.04 3.02 6.49 12.1800 -0.4600 4.1000 0.4589 -0.4033 1.2056 9.58 1.81 1.04 184 385 339 384 216 
13.61 -1.74 -4.54 1.8100 -1.1900 -7.1200 2.0233 0.5822 2.1267 9.61 -1.63 1.03 184 414 354 424 220 
4.79 1.72 -1.72 -5.0000 4.3300 -4.4700 2.7233 1.7478 1.1989 8.51 -2.61 4.09 190 424 366 434 221 
5.54 2.89 4.53 -2.0500 5.4100 -0.0800 0.8533 0.0933 0.5711 8.03 -2.21 5.17 197 422 366 434 222 
9.54 1.56 5.17 2.2000 4.4000 -0.2300 -3.0978 0.1300 -0.2711 7.95 -3.57 4.47 193 369 332 396 222 
7.52 -4.23 0.14 -0.9100 0.0000 -3.7600 -4.0044 1.3167 0.2233 7.05 -6.32 2.55 182 287 276 363 221 
2.24 -10.12 -0.46 -3.3000 -2.3300 -1.2800 -0.8056 0.9911 0.9811 4.87 -8.43 1.13 198 317 283 363 223 
2.13 -8.53 1.02 -2.5500 0.3700 -0.1000 -0.5089 0.0444 0.2278 4.53 -8.66 0.77 189 347 249 288 194 
-0.42 -7.07 -3.99 -4.3700 1.2100 -4.0700 0.0322 -4.3411 -1.6478 5.22 -8.24 -0.96 154 409 199 198 126 
13.73 -8.89 -7.24 8.0300 -1.1600 -3.5500 1.5756 -1.7378 -0.5533 5.44 -7.46 -3.27 156 421 190 196 129 
7.36 -7.11 -4.08 2.7500 1.0000 -2.5600 4.5444 0.8389 -0.3733 5.53 -8.08 0.44 145 425 197 209 135 
3.99 -8.31 -0.33 -2.4300 -1.8300 -1.4800 -1.7367 -0.1089 -0.2889 5.56 -8.03 -0.86 133 424 206 211 137 
7.18 -5.08 3.90 -0.5800 1.7200 0.9900 -1.6267 2.3956 0.0878 5.75 -7.91 0.56 151 416 209 218 143 
2.91 -2.89 0.48 -4.2700 3.8300 1.4800 -1.8022 1.9600 -3.7022 8.34 -5.09 -0.75 164 375 253 257 177 
15.19 0.42 0.08 6.8400 1.3900 -3.1300 -0.1911 0.5067 -2.2033 9.37 0.43 2.82 175 347 310 347 199 
;
