9.65 2.25 0.70 0.1200 -0.0300 -0.2200 -0.0122 0.0111 0.0044 9.50 2.24 0.91 186 331 323 335 207 
9.45 2.28 0.78 0.0000 0.0000 -0.1100 0.0133 -0.0411 -0.0689 9.48 2.31 0.86 186 333 323 334 207 
15.21 1.82 2.54 6.7500 -0.8900 2.3000 1.0178 -0.4322 -0.1267 9.46 2.55 -0.13 190 392 347 414 216 
15.25 0.74 -2.20 5.0000 -1.7200 -4.4100 1.1656 1.0589 1.7622 9.64 1.40 1.07 184 413 330 435 219 
8.56 1.29 -4.84 -2.0000 2.5800 -7.1300 3.0022 1.1411 2.8378 8.90 -1.10 3.95 185 421 335 433 220 
2.44 4.17 4.56 -5.7600 5.7300 -0.3400 1.3933 0.0911 1.3989 8.04 -1.81 5.30 189 419 361 442 221 
7.74 3.00 6.12 0.9100 5.1800 1.1800 -1.6778 0.2522 -0.8511 8.04 -2.39 5.07 200 414 356 408 221 
9.35 0.58 -0.29 2.7800 2.7700 -4.4900 -5.5411 -0.7200 0.2500 8.13 -5.19 1.73 191 289 291 350 219 
-0.68 -12.65 -4.61 -6.1900 -4.8100 -4.8000 -1.3033 1.9244 1.0167 5.54 -8.08 0.38 230 406 382 436 303 
3.33 -9.21 0.53 -1.4200 -0.9400 0.0200 0.2456 0.2322 -0.4578 6.01 -7.69 0.89 303 400 389 434 319 
1.38 -6.75 0.09 -7.9900 1.1500 -3.2300 1.2778 0.0156 -2.2078 6.81 -6.28 3.19 247 474 284 291 223 
3.31 7.08 -0.76 0.3300 9.7000 -3.0700 0.9789 -1.9778 -6.3600 9.41 2.63 0.81 254 510 319 324 258 
30.96 10.54 -1.56 20.5400 6.6800 -0.3500 2.6556 2.5911 4.4256 9.72 1.23 0.24 266 506 331 334 270 
-2.98 -1.66 6.58 -11.6200 1.0700 2.2600 -2.0156 2.7544 2.6389 7.03 -4.60 5.05 257 497 326 331 259 
-3.92 0.25 0.01 -10.2400 6.4900 -4.4500 -1.7144 -1.2289 -3.1244 8.53 -4.08 2.56 234 472 304 309 239 
19.48 4.64 -9.58 12.6100 3.3100 -10.5800 3.1100 -0.3656 -1.1356 9.63 0.80 1.66 234 444 308 308 239 
8.78 0.62 7.40 -1.3600 0.9800 6.0600 -0.4778 -0.3422 0.9122 9.71 -0.96 0.88 236 450 308 308 241 
6.59 -0.17 -2.45 -2.8400 -0.2000 -3.3800 -1.1433 1.1022 -1.2744 9.70 -0.16 1.41 284 421 387 386 304 
;
