3.97 3.66 8.16 -0.1200 -0.0400 0.0800 -0.0222 0.0067 -0.0189 4.14 3.64 8.10 210 401 353 393 220 
3.92 3.64 8.25 -0.2400 -0.0300 0.1300 0.0500 -0.0389 0.0233 4.17 3.68 8.07 211 402 355 393 220 
3.27 5.24 11.48 1.4700 2.1300 6.2700 0.8989 -5.7656 0.1467 7.46 4.69 4.28 211 421 375 424 234 
15.17 3.78 0.35 5.5000 0.6400 -4.0200 1.4011 -0.9367 2.6078 9.31 2.41 1.91 212 440 382 448 244 
7.53 2.04 -4.53 -3.1200 2.7400 -5.5400 3.3833 1.5367 2.2778 9.52 -0.97 2.11 214 448 388 453 243 
3.98 2.78 3.03 -5.0400 4.8000 -0.0900 1.6056 0.9022 1.0200 8.67 -1.94 4.14 210 445 391 452 243 
6.29 4.16 6.13 -2.0000 5.8400 2.3100 -0.9967 -0.9267 0.4922 8.67 -2.54 3.79 215 431 363 427 242 
9.89 1.59 -1.52 1.0100 4.7500 -4.2000 -4.2867 -1.3344 0.4233 8.70 -4.42 0.92 193 329 291 332 232 
2.04 -9.88 -0.67 -6.1700 -3.3000 -0.3300 -1.7778 1.5056 1.6533 6.38 -7.43 -0.28 194 285 281 327 219 
3.47 -9.67 -1.34 -2.7000 -2.1800 -0.9200 -0.4078 -0.1378 0.0222 5.94 -7.74 -0.94 191 290 288 336 219 
4.68 -9.33 -0.87 -0.9800 -1.1900 0.5800 1.6811 1.9444 0.1544 5.71 -7.95 0.51 177 363 205 200 122 
3.97 -9.54 0.39 -1.4700 -0.0500 -1.3200 5.2356 0.4100 -1.7911 6.84 -5.08 4.84 155 374 201 195 126 
10.15 0.63 5.94 4.9200 4.4200 -1.4200 1.9056 1.0156 1.6900 4.86 -3.09 7.93 157 293 200 195 127 
1.55 1.57 9.90 -2.0200 4.0600 0.7900 0.1500 0.6711 0.5811 3.21 -2.78 8.83 161 208 198 198 130 
0.75 -2.46 9.10 1.4100 1.1300 -0.1500 -0.4933 1.0056 -1.0722 2.31 -3.10 9.01 163 212 203 200 132 
2.29 -3.80 7.38 0.2200 1.1700 -0.6700 -1.6467 2.2922 -0.9011 -0.85 -5.07 8.35 148 203 206 204 133 
-8.91 -8.92 6.22 -8.4000 -2.2400 -0.3800 0.0044 0.4378 -0.4844 -1.75 -5.82 7.68 147 212 209 205 134 
-0.91 -4.80 6.02 -0.1700 1.2300 -1.8500 -0.5544 -1.3633 -0.6389 0.05 -6.23 7.57 166 265 216 212 143 
0.33 -3.16 0.75 -0.9300 3.4500 -5.6400 0.5467 -2.4978 -3.1189 4.74 -5.88 6.24 187 381 300 283 202 
8.66 -4.24 7.00 1.7100 -0.4100 -0.1500 0.9400 -0.0033 -2.5122 6.98 -1.79 6.64 199 388 352 355 215 
;
