8.71 1.47 4.11 -0.0900 -0.0100 0.0700 0.0033 0.0367 -0.0144 8.78 1.50 4.09 183 345 341 366 216 
8.70 1.52 4.16 -0.0100 0.0500 0.0200 0.0011 0.0233 0.0089 8.76 1.49 4.13 181 346 341 361 215 
9.41 1.99 4.84 0.4900 0.6300 1.3900 -0.5667 -0.4978 0.4211 8.92 0.95 3.94 187 351 334 339 217 
14.26 2.00 7.41 3.1100 3.2400 2.5700 -4.1867 0.9478 2.4967 8.57 -3.03 3.67 159 351 334 348 214 
10.88 -2.46 0.72 3.4400 3.3100 -2.9400 -4.6667 4.8867 2.5089 5.19 -7.94 2.46 154 355 339 355 215 
1.22 -5.91 -4.27 -1.6800 3.3600 -4.3900 -3.8233 2.7544 2.1811 0.90 -9.66 -1.36 160 367 338 403 216 
-3.35 -6.65 -13.04 -2.8800 4.5000 -10.3100 4.2489 -1.6578 -0.9256 -0.01 -9.80 -0.22 157 360 338 389 217 
7.29 -3.17 24.78 8.1600 2.0900 20.0800 -0.7400 0.2411 -0.2144 2.08 -7.61 5.81 154 375 348 384 220 
2.61 -5.00 -0.80 0.2800 3.6900 -5.1200 -3.6256 3.1911 1.1600 -0.22 -9.79 0.40 159 370 345 399 220 
0.90 -6.88 -12.58 0.4800 3.7100 -10.8000 6.7533 -2.4856 -0.5789 0.17 -8.98 3.92 165 369 348 387 219 
2.42 -7.55 11.37 0.6000 1.0600 4.6500 -2.7733 -3.6822 -0.6011 2.44 -8.95 3.16 166 359 337 343 213 
-4.00 -3.36 -5.70 -8.4500 4.9900 -3.9200 -2.1722 -8.4500 -4.4089 5.21 -6.52 -5.13 196 359 335 354 219 
4.58 -0.21 -10.79 0.9400 0.9900 -1.3000 -4.0056 0.3033 -0.4911 2.86 -0.67 -9.35 203 321 294 343 227 
8.20 4.92 -16.30 4.1500 2.5100 -6.1200 0.5778 0.3244 0.1567 3.32 1.08 -9.16 205 331 301 349 228 
1.94 0.71 -10.54 -2.6800 0.3200 -2.1700 1.9267 0.9911 -0.8411 4.26 -0.26 -8.82 190 348 308 337 226 
3.56 0.21 -12.54 -11.5900 2.3500 -4.7000 7.5356 7.7167 -0.5067 8.97 -2.49 3.06 167 389 344 411 223 
7.69 11.32 20.66 -4.1200 7.0100 19.6000 -1.6833 -0.5989 0.5544 7.93 0.98 5.67 176 365 333 389 211 
;
