7.48 4.65 9.14 4.5000 2.3100 -1.1300 -2.3556 1.4000 3.0444 1.50 1.03 9.63 184 295 289 304 200 
0.39 1.64 7.75 -3.5100 1.4600 -1.5400 1.9311 -1.5067 2.0811 2.96 1.07 9.28 184 304 299 313 200 
2.09 5.80 12.17 -0.9500 4.2700 6.0000 1.3944 1.7800 -0.6244 2.98 3.99 8.44 186 324 312 335 204 
5.11 7.00 15.26 0.5500 3.1500 5.1800 -4.5589 -2.1189 0.3422 5.34 0.64 8.19 187 357 335 380 212 
8.88 0.16 4.86 1.6400 5.5300 -2.0400 -5.2433 -0.6500 2.5189 5.81 -6.76 4.07 188 347 338 378 211 
1.17 -4.53 -2.88 -3.1000 4.1800 -3.5000 -2.6933 -1.8578 1.4267 3.20 -9.20 -1.10 185 353 354 384 210 
-0.80 -6.77 -5.94 -2.6100 3.0100 -4.4300 0.6989 0.4722 0.4511 1.80 -9.53 -1.38 185 349 354 390 210 
0.37 -1.57 -3.31 -0.0400 6.9200 -1.1900 7.6100 -0.7867 -1.6056 2.98 -7.18 5.96 183 360 357 419 215 
2.68 -3.11 25.21 -0.5800 2.0600 15.3700 -4.0511 0.2622 0.0689 2.43 -6.73 6.69 179 360 362 412 215 
3.17 -3.55 -5.23 -0.6100 5.0600 -10.2300 -5.4478 1.2378 0.5878 1.59 -9.59 -1.27 175 349 332 362 208 
0.64 -0.87 -8.40 -0.8700 9.1900 -5.5700 9.2078 -1.9944 -1.0722 2.79 -7.02 6.24 188 363 342 396 216 
3.49 -1.53 24.88 -0.0500 2.2700 15.2100 -2.9322 -2.2000 -0.1122 3.81 -5.43 7.21 182 367 334 374 212 
1.31 -6.55 -0.14 -3.9200 -0.1400 -1.5100 -2.4733 -11.4644 1.9833 3.49 -9.04 -1.45 120 335 152 153 100 
-1.24 -9.74 1.99 -2.8600 -0.3500 0.9100 2.1567 -0.3667 1.0289 1.41 -9.11 3.31 118 342 156 158 105 
1.96 -7.04 3.68 1.0000 1.8700 -0.4600 0.1811 -0.0233 0.1500 0.97 -8.75 4.30 117 338 161 163 108 
2.61 -12.41 -6.38 2.1700 -3.6700 -11.7000 3.0944 -0.2900 0.4089 1.07 -7.54 6.17 113 352 165 166 109 
3.06 5.49 21.81 1.3900 9.5600 12.4500 -0.2011 0.4367 -0.5156 1.00 -5.41 8.11 116 357 168 169 110 
1.13 -3.24 7.97 -0.1900 3.7200 0.8000 -3.5267 0.7756 -0.5589 1.02 -7.79 5.86 132 340 178 179 121 
4.57 -8.22 0.34 2.4300 0.4100 -2.2900 -4.0078 2.7100 -2.2933 3.11 -9.29 -0.21 152 359 184 181 123 
3.47 -7.85 -3.46 -4.6100 -1.0300 -3.1900 3.0233 -0.9878 -2.9611 7.12 -6.66 0.99 122 377 177 171 114 
7.54 1.04 -0.89 -1.7000 4.0900 -3.1800 0.7400 -0.9511 -4.3000 9.78 -0.66 0.19 123 387 192 174 116 
20.78 7.57 -8.40 13.0900 5.7600 -5.9800 4.2133 1.2656 -0.4089 9.58 1.96 -0.72 137 391 194 180 119 
10.31 7.34 6.98 -3.6700 6.2300 3.6800 -1.6322 5.4644 3.3044 8.28 -2.35 4.69 135 391 193 179 120 
-5.29 -3.79 3.91 -10.9700 2.2500 -1.6200 -1.8089 -0.4244 0.2133 5.97 -6.32 4.52 134 390 193 179 122 
2.58 1.86 -3.12 -2.9700 8.0000 -5.7500 -1.1922 -1.3111 -4.1667 9.08 -3.36 1.51 135 390 194 181 124 
16.14 2.92 -5.32 8.0400 3.2100 -5.6200 1.5367 -1.2556 -1.1800 9.79 0.51 -0.14 138 382 194 184 125 
12.97 1.08 6.25 2.0800 1.8300 7.3100 -0.1189 0.7256 1.3378 9.69 -1.42 -0.42 138 375 185 182 123 
7.93 -1.43 -0.02 -1.4800 0.1400 -0.8600 -1.0367 0.2533 -0.1244 9.65 -1.71 -0.01 153 340 188 196 138 
;
