2.60 0.12 9.42 -0.0600 0.0500 -0.0300 -0.0056 -0.0033 -0.0011 2.67 0.05 9.43 171 345 347 392 212 
2.44 -0.01 9.52 -0.2900 0.4500 0.4900 -0.2144 -0.2500 0.5422 2.98 -0.17 9.33 174 346 344 393 211 
8.22 -2.82 19.14 4.7700 -2.7300 10.7500 -1.5967 -1.1044 0.9678 5.61 -1.52 7.89 185 363 350 408 227 
9.05 2.93 8.10 1.9700 8.4100 1.3500 -6.7111 -2.6222 2.1433 5.80 -7.74 1.57 195 382 357 414 227 
1.54 -2.23 -7.09 -3.9900 6.0500 -4.9600 -1.5600 -1.7556 1.8333 2.14 -8.67 -4.03 194 382 362 413 225 
-1.38 -1.47 -8.69 -4.4200 10.2100 -6.0600 6.8544 -0.7200 -0.6933 1.71 -9.34 2.44 198 373 365 413 232 
5.93 -9.11 26.73 2.0200 -2.3700 15.5700 -3.8011 0.0744 -0.1644 1.60 -8.62 4.37 197 379 370 418 233 
1.12 -2.33 -12.12 -1.0000 7.0200 -15.6400 -3.0522 0.4167 1.0411 0.33 -9.42 -2.69 193 383 368 421 230 
0.74 0.83 -2.15 2.2800 9.4700 6.5700 10.8867 -2.6933 0.0222 1.30 -7.33 6.37 202 386 367 409 234 
2.78 -3.74 12.25 -0.5000 3.8300 0.5300 -6.5167 -4.8067 -0.3044 2.99 -9.31 0.62 191 303 191 184 127 
-11.09 3.25 -12.95 -9.7300 11.4700 -3.8900 5.2600 2.4822 -4.5389 6.02 -7.53 1.75 212 179 173 183 127 
11.37 12.19 8.71 7.5700 12.7100 3.4400 0.7767 -1.8856 -3.5111 9.42 -0.02 2.72 213 190 196 195 122 
13.61 2.10 5.90 1.9000 1.9500 4.3400 -0.0133 0.4922 0.3767 9.54 0.00 2.25 213 194 198 197 124 
11.65 2.88 2.55 0.0600 3.2200 1.0200 -0.7522 0.2167 1.5144 9.31 -1.57 2.63 211 205 188 192 133 
;
