2.38 7.03 6.38 -0.0800 -0.1400 0.1300 0.0000 -0.0056 -0.0156 2.40 7.14 6.27 185 375 336 319 200 
2.31 7.20 6.32 -0.1100 0.0300 0.0400 0.0044 0.0022 0.0100 2.42 7.15 6.25 183 376 333 319 199 
2.33 7.06 6.43 -0.1000 -0.0700 0.1400 0.0078 -0.0022 0.0467 2.42 7.13 6.27 185 371 335 332 202 
3.39 11.16 14.67 2.1800 4.8800 9.2400 -3.9644 -2.3211 1.4389 4.95 4.60 7.10 187 372 336 383 211 
7.81 5.61 8.01 1.1900 6.6500 0.2400 -5.5633 -1.4678 2.6700 6.81 -3.90 5.87 188 353 340 388 212 
4.34 -2.34 0.41 -0.7200 5.7200 -2.6300 -3.4456 0.9589 2.9878 3.66 -8.92 1.74 185 343 340 388 213 
-0.04 -6.40 -5.04 -1.7500 2.9600 -4.5800 -1.9089 1.0867 1.2778 0.85 -9.63 -1.63 182 337 341 388 213 
-0.89 -6.65 322.91 -1.9000 3.7000 -6.6900 3.5022 -0.4367 -0.3567 0.63 -9.74 0.86 182 341 342 400 214 
5.52 3.09 7.20 3.3300 11.1800 4.0600 7.0344 -0.6189 0.7944 1.81 -3.43 9.00 199 368 342 420 221 
4.20 1.54 20.50 3.0500 6.5600 6.1700 -7.0478 -0.3978 0.2733 2.60 -7.09 6.24 191 371 347 418 222 
2.01 -2.98 -8.76 -0.9000 5.3800 -10.5000 -4.3167 2.7522 1.2600 0.68 -9.63 -1.66 186 368 333 410 219 
-1.22 -3.84 -11.96 -1.8200 6.4700 -11.1700 6.2700 -1.4233 -0.9889 1.01 -9.37 2.68 189 374 319 397 216 
6.25 12.55 18.32 4.8200 16.4700 16.9000 4.6800 -1.7267 0.3933 4.07 -0.35 8.91 200 397 330 401 220 
4.62 1.27 13.47 -0.2100 1.9800 5.2800 -2.5356 -2.6033 0.5967 6.46 -2.21 7.03 189 377 184 173 117 
14.86 -4.69 -5.81 3.8000 -0.2100 -4.0000 2.6089 -3.2244 2.8189 6.86 -7.00 -0.17 123 374 172 161 111 
0.91 -6.14 1.98 -6.3100 1.0800 -0.0200 2.6789 0.1600 -1.2144 6.98 -5.98 3.40 121 386 178 167 113 
8.47 -0.85 3.44 1.2700 2.8100 -1.3900 1.5222 -0.3189 -1.1778 8.25 -3.22 4.20 122 378 188 171 115 
7.67 0.44 6.62 -1.3900 3.2400 1.9200 -0.5200 1.0200 -0.2911 7.96 -2.89 4.92 126 383 190 174 118 
9.72 -1.86 3.60 1.5400 0.9500 -1.6400 -1.6878 1.1333 -0.3156 7.41 -3.90 5.09 122 400 196 179 121 
6.08 -6.08 4.44 0.7100 -1.2800 0.1800 -0.4700 0.5944 0.3156 6.88 -4.52 5.32 126 405 201 181 121 
2.87 -3.13 8.92 -2.1400 1.3600 1.8100 -1.2200 0.9356 0.0511 6.12 -5.22 5.60 139 391 199 187 129 
6.05 -4.45 3.72 0.2600 1.9500 -1.2200 -2.8733 1.2967 0.6822 4.83 -7.48 4.09 171 335 228 215 155 
6.55 -8.91 -2.25 3.4600 -0.0900 -3.9500 -2.5278 2.3767 1.5778 2.49 -9.38 1.39 155 225 197 199 148 
-0.59 -13.67 0.10 -0.5100 -3.7800 1.9500 -1.5067 -0.9222 0.5478 0.97 -9.65 -1.41 166 235 239 258 166 
1.31 -9.72 -0.75 -1.0100 0.0500 1.8500 -0.0489 0.9500 1.0600 -0.12 -9.55 -2.21 145 239 239 260 165 
0.23 -8.86 -1.80 -1.7300 0.3200 0.2300 -0.6022 -0.3478 -0.1111 -0.05 -9.35 -2.95 144 237 233 255 160 
-2.72 -7.54 -5.48 -3.5200 1.8300 -2.6700 0.5278 -4.8956 -4.0656 2.32 -8.85 -3.51 139 229 226 249 157 
5.99 -4.50 -10.46 2.4500 2.8400 -5.0700 1.7933 -6.4256 -3.3222 3.14 -7.84 -4.97 143 233 234 255 159 
7.68 -6.10 -4.51 3.8500 1.1800 0.3900 -0.1467 0.3444 -0.0944 2.90 -7.65 -5.39 148 235 240 260 163 
4.09 -5.73 -3.87 1.0500 2.2100 1.9700 -0.3533 1.2622 0.1011 3.63 -7.39 -5.32 155 249 246 267 170 
7.69 -3.83 -5.92 -0.2700 3.0500 -3.1900 0.5200 11.7156 -1.1500 6.87 -6.97 0.57 169 268 259 269 178 
;
