3.71 6.83 6.14 0.0400 0.0400 0.0500 -0.0156 0.0089 0.0044 3.68 6.76 6.06 178 347 335 314 202 
3.68 6.76 6.11 0.0200 0.0400 -0.0100 -0.0044 -0.0411 0.0000 3.71 6.75 6.06 178 345 332 315 202 
3.68 6.69 6.14 -0.0200 -0.0700 0.0700 0.0000 -0.0078 -0.0044 3.71 6.75 6.06 177 344 334 314 203 
3.65 6.83 6.21 -0.0900 0.0800 0.1900 -0.0467 0.0856 0.0100 3.67 6.72 6.11 179 355 336 314 203 
3.21 11.24 14.70 -1.4300 5.8200 7.9000 -4.3922 -3.9111 2.6789 6.20 3.07 6.94 181 359 332 340 205 
9.04 1.28 7.53 1.7500 3.8000 1.1800 -4.7978 1.1800 2.0889 6.28 -4.59 5.96 183 351 333 354 207 
5.64 -2.72 -0.31 -0.1400 4.5000 -2.8800 -3.5878 1.5222 2.4967 3.08 -9.00 2.36 184 360 324 378 211 
-1.59 -8.54 -5.82 -2.3000 1.1100 -5.3800 -1.1267 -0.5444 1.0100 0.60 -9.73 -0.97 179 351 325 377 211 
-1.77 -6.73 -6.37 -1.3100 3.2900 -6.8600 2.9444 -1.0489 -0.4000 0.38 -9.69 1.40 181 349 327 379 212 
2.41 3.42 12.12 -0.2000 9.7900 11.2300 7.0089 0.2722 -0.5011 1.42 -3.57 9.01 198 384 359 408 217 
2.53 1.11 11.37 1.1300 8.0200 3.0300 -8.1078 -0.1422 0.3078 1.47 -9.05 3.46 188 352 352 393 213 
2.04 -5.76 -11.78 2.3700 4.6400 -13.0100 -0.8567 2.1889 0.2778 0.95 -9.54 -2.02 184 356 337 385 212 
2.20 2.41 -5.47 4.6200 13.3100 -2.8900 10.8367 -1.5000 0.6344 0.47 -5.96 7.76 192 371 359 412 218 
2.16 -0.12 19.45 0.2800 1.7500 7.3700 -1.2022 -0.4711 -0.2678 1.78 -3.70 8.90 175 334 357 374 212 
4.12 -2.93 12.39 2.4600 2.8300 3.8200 -2.9867 0.2133 -0.1833 2.17 -6.48 7.02 187 347 353 363 215 
3.28 -6.36 3.06 3.0600 2.6300 -0.8200 -4.5922 3.8933 1.1578 -0.17 -9.70 1.42 141 326 337 373 218 
1.89 -8.47 -5.03 2.1500 1.3300 -2.3900 -2.5433 2.7044 -0.0233 -0.20 -8.99 -3.89 140 345 346 394 218 
-2.03 -8.08 -6.67 -0.6600 0.9400 -1.9400 0.6911 -0.5344 -0.2767 -0.64 -8.86 -4.14 148 350 341 394 219 
-0.75 -5.63 -8.83 -0.5900 4.5600 -6.2100 3.5133 -0.3167 -0.8311 -0.02 -9.77 -0.75 152 347 341 392 218 
1.97 -5.60 26.19 1.7600 2.4900 22.5700 -0.6100 -1.7000 0.4378 0.45 -9.00 3.85 155 338 338 377 217 
1.55 -6.15 -1.82 0.4500 4.0100 -3.2800 -3.7811 0.4867 0.3544 0.32 -9.61 -1.91 157 330 332 370 214 
-1.87 -6.02 -13.81 -2.5500 3.6100 -10.4100 2.5389 -0.5144 -0.4222 0.60 -9.59 -1.92 157 329 328 373 214 
3.78 -2.17 18.84 4.7000 5.5500 21.1600 2.1078 0.0922 0.1422 1.33 -8.40 4.86 155 332 337 373 218 
1.73 -8.14 3.52 0.2000 1.0900 -0.1700 -2.1011 -0.7700 0.5856 1.33 -9.48 2.10 163 328 334 360 216 
-1.57 -8.46 -1.23 -2.1000 1.2100 -2.6200 0.2289 -2.9044 -0.1300 0.92 -9.71 0.94 165 274 278 275 181 
-1.05 -11.60 -2.62 -7.2400 1.0600 -6.1200 2.1733 -6.9867 -4.4456 5.68 -7.98 0.26 204 182 179 188 139 
5.77 -3.43 -3.56 -1.9200 2.0800 -3.6900 1.4133 -3.3989 -2.3711 8.57 -4.69 -0.79 206 180 186 192 134 
9.34 9.49 2.30 3.4100 9.6900 0.9100 1.0678 -0.3578 -4.4367 9.72 1.07 -0.63 207 182 191 202 120 
17.28 3.51 -1.19 4.2900 0.7600 0.1700 0.4189 0.2456 0.4856 9.54 1.71 -1.46 204 185 193 206 124 
9.18 3.00 -0.62 -0.6700 1.2200 0.0900 0.1256 0.1822 0.2567 9.66 1.26 -1.12 206 186 194 206 127 
9.79 2.52 -1.22 0.1200 1.6600 -0.2700 0.5156 0.4922 0.3911 9.76 0.75 -0.54 204 185 195 207 128 
;
