4.12 1.82 8.62 -0.2500 0.0000 -0.1400 0.0356 -0.0811 -0.0289 4.25 1.76 8.65 166 358 363 384 209 
4.23 1.80 8.53 -0.1000 0.0000 -0.1300 -0.0111 0.0411 -0.0078 4.24 1.77 8.66 168 356 360 382 210 
7.22 2.14 10.40 4.2600 0.7200 2.4200 1.7467 -2.3189 -1.3944 5.58 3.33 7.33 169 328 326 392 213 
10.87 4.50 9.25 6.8900 3.9100 8.3900 -0.4100 -1.3411 4.0811 8.42 0.94 4.92 172 334 323 385 217 
6.98 1.95 4.41 -1.6900 6.7100 -0.1000 -3.4067 -1.8078 5.0644 7.12 -6.42 2.03 173 324 324 376 216 
-0.82 -4.50 -4.14 -5.2900 3.5400 -4.5800 -2.7078 1.6133 2.8956 1.53 -9.35 -2.49 169 323 318 366 215 
-1.98 -7.63 -8.20 -3.0100 2.9000 -7.1900 3.6844 1.4800 -0.9600 1.64 -9.66 0.12 170 332 325 375 215 
2.36 1.31 3.99 2.1200 9.9800 5.3900 6.4567 0.6178 -0.9433 2.89 -5.05 7.88 172 364 337 386 217 
4.32 -1.07 10.62 0.9900 6.1900 0.9600 -6.5100 -0.1156 0.7922 2.79 -8.67 3.61 167 362 344 382 215 
-0.48 -9.01 -18.03 -1.1700 0.5500 -17.6700 3.6078 0.2878 -0.5422 2.60 -9.32 1.56 163 337 337 371 214 
3.82 7.01 7.60 -0.5200 13.7100 7.2300 6.4911 1.0611 0.1978 3.19 -2.44 8.94 157 347 341 348 211 
5.29 1.21 17.92 1.4000 2.9700 8.1900 -3.7289 -0.7378 -0.3978 4.25 -3.53 8.09 180 362 340 344 213 
8.55 -3.36 1.17 5.3800 4.5500 -3.8500 -6.5378 4.7444 1.0011 2.27 -9.05 2.99 108 263 313 317 210 
-1.22 -9.66 -3.96 -0.4000 0.0300 -2.5800 -2.1722 2.3044 0.7878 -0.20 -9.57 -2.09 106 290 307 309 204 
0.44 -7.35 -4.48 1.3000 1.8600 -1.2400 -0.4589 -0.2278 -0.3178 0.00 -9.18 -3.44 106 298 310 314 206 
-2.10 -8.58 -5.67 -2.4400 1.2900 -3.3400 0.2856 -1.4489 -0.6711 -0.25 -9.21 -3.34 109 305 312 316 206 
-1.62 -6.23 -6.71 -0.6800 3.8200 -4.3300 5.5533 0.9456 -0.9400 0.66 -9.58 1.97 124 316 321 341 209 
2.06 -8.20 21.83 1.1500 -0.6900 11.4000 -2.5389 -1.6544 -0.5178 1.19 -9.22 3.09 128 290 316 332 210 
0.53 -5.81 -6.43 -1.4300 3.7600 -7.9300 -2.5489 -0.7878 0.5811 0.55 -9.51 -2.31 128 293 282 309 207 
-2.56 -3.69 -11.12 -1.3600 7.7600 -4.3800 6.2611 1.4733 -1.2356 1.26 -9.37 2.57 136 317 311 335 210 
0.65 -11.47 7.24 -1.0000 -2.1300 0.6700 -1.2000 -0.9222 -0.2389 1.63 -8.98 3.57 139 309 300 324 208 
3.75 -7.85 1.61 1.7600 0.7400 -1.7600 0.5222 -3.6744 -0.2278 3.53 -8.72 2.75 193 261 241 229 152 
6.27 -7.52 -2.50 3.3100 1.8200 -6.3800 2.3833 5.5944 3.5367 0.00 -8.53 4.83 208 186 190 170 111 
-5.00 -5.36 5.73 -3.6200 0.4800 0.7500 1.0144 0.5278 3.7200 -6.86 -4.92 4.98 206 174 181 174 108 
-1.70 1.58 4.60 6.7000 4.7500 -1.3700 0.0967 -1.1789 2.4022 -7.66 -1.74 5.87 209 183 184 169 106 
-14.90 0.17 11.23 -7.7800 -0.0700 3.6100 -0.1633 -1.3022 -0.5600 -6.23 -0.59 7.54 208 187 190 171 107 
-6.83 0.09 8.10 -0.5800 0.7400 -0.1600 -0.0556 0.1856 -0.1744 -6.04 -1.12 7.63 208 190 194 172 110 
;
