2.71 -0.16 9.43 0.0400 -0.0700 -0.0200 -0.0033 0.0033 0.0044 2.67 -0.02 9.43 166 298 311 329 196 
2.64 -0.26 9.43 -0.0200 -0.3700 0.0000 0.0678 0.1022 0.0844 2.60 -0.01 9.45 166 301 314 330 194 
2.57 -0.96 13.94 -1.3800 -0.9400 8.2500 1.8667 -4.0333 2.3522 5.02 1.18 8.33 169 350 348 386 213 
10.21 3.48 10.82 4.9700 6.3000 1.3900 -4.2289 -0.9122 4.2733 5.28 -4.68 6.80 168 367 348 395 215 
-2.75 0.89 -0.56 -5.4300 8.4300 -4.7900 -5.3033 -0.9378 2.7744 0.14 -9.79 0.36 169 365 352 387 215 
-5.23 -6.80 -10.19 -3.7900 2.8700 -10.0600 3.5844 -0.9778 -1.5111 -0.01 -9.77 0.74 170 354 352 392 213 
8.07 5.83 22.53 5.6100 11.2900 19.9500 3.5022 1.8222 -0.0844 1.38 -4.47 8.61 175 362 360 402 216 
4.73 0.81 9.38 2.9400 8.1900 -0.1900 -7.9178 -0.4411 0.8056 1.12 -9.45 2.34 173 359 359 394 213 
-3.94 -7.74 -22.95 -5.6300 4.0000 -17.5100 6.8144 0.0944 -1.2011 0.89 -9.49 2.29 170 342 347 389 213 
8.03 9.38 16.55 3.5000 10.8100 10.8500 3.7211 -1.1989 0.2856 3.81 -1.64 8.88 175 352 358 401 217 
6.18 0.48 13.52 0.9300 1.1300 4.4100 -1.1378 -1.6867 0.2956 5.96 -1.55 7.62 172 345 335 324 208 
8.97 -7.00 5.82 2.0200 -4.5300 -0.3700 0.1989 -3.8344 0.6344 8.31 -3.40 3.92 173 352 359 388 217 
7.59 -5.51 -2.10 -1.1600 -1.2700 -4.1800 5.0000 0.3778 0.7900 8.41 -2.98 4.05 180 414 342 417 218 
5.82 2.32 1.26 -3.3800 4.4500 -2.7500 2.5422 0.5944 -0.4389 8.13 -0.71 5.43 193 423 369 420 219 
6.99 5.69 6.55 -0.9000 5.7000 0.7000 -0.4367 0.0511 0.1967 7.87 -0.15 5.84 202 422 370 422 218 
10.00 5.44 3.95 2.8700 6.4400 -1.3200 -4.1000 -0.8756 0.0844 8.39 -2.53 4.38 179 312 328 351 219 
11.46 -5.00 -6.14 5.7200 -1.6900 -9.7200 -2.3367 2.3467 3.1533 6.41 -6.88 2.75 189 280 275 324 216 
-4.22 -11.53 4.67 -7.1600 -2.9200 1.1600 -0.6400 1.1667 -0.2200 4.16 -8.17 3.47 197 295 284 333 220 
2.80 -7.45 2.66 -1.7800 1.3400 -0.9500 -0.5444 0.3644 -0.6600 4.82 -7.98 3.02 184 349 277 284 215 
4.33 -8.99 -2.27 2.6700 -1.3300 -4.0000 -0.1311 -2.9589 1.5056 5.15 -8.32 0.63 167 410 183 172 125 
5.27 -8.30 -2.49 0.8800 0.2800 -2.1700 1.1556 -3.1522 -0.8933 5.37 -8.16 -0.83 148 413 176 175 128 
7.76 -6.44 -1.34 2.3600 1.7500 -0.1600 1.2233 -1.9033 -0.2744 5.41 -8.12 -0.92 147 415 174 180 131 
12.96 -2.75 11.47 5.9200 3.2800 6.1400 -2.1222 2.0033 0.4411 5.76 -7.93 0.16 148 416 194 193 140 
8.01 -10.58 -7.63 1.7800 -2.1400 -7.5900 3.2233 2.9656 -0.6156 6.28 -7.43 1.15 144 426 202 209 148 
4.06 -5.65 4.16 -1.3500 2.3900 3.8200 -1.9222 0.8322 -1.2722 6.44 -7.17 1.76 163 419 206 222 161 
;
