2.38 1.74 9.41 -0.1900 -0.2400 0.3300 0.1056 -0.0622 0.0122 2.50 2.03 9.26 193 416 380 433 220 
2.94 2.39 9.49 0.0300 -0.1400 0.6800 0.5144 -0.0644 0.2122 2.78 2.60 9.03 194 404 371 431 224 
5.90 5.04 20.03 5.7800 2.7500 10.8800 -2.7733 -2.1522 1.4500 6.38 0.10 7.44 158 357 344 402 226 
9.11 1.48 5.21 2.9800 6.0100 -0.6400 -4.6167 0.1078 3.0744 6.02 -6.08 4.78 175 337 354 412 222 
2.44 -2.47 -0.32 0.0800 6.4200 -3.2400 -4.5356 2.9656 2.0378 1.19 -9.72 0.31 179 336 349 394 219 
0.04 -5.66 -9.22 -0.3100 3.7200 -6.9700 0.2467 0.2378 0.1700 0.49 -9.46 -2.50 153 334 346 395 219 
1.51 -2.12 -6.57 0.0400 8.8500 -7.3700 8.0300 -2.2800 -0.6456 1.87 -8.23 4.98 133 350 336 402 225 
5.00 -4.53 31.16 1.3000 0.1800 16.6200 -3.9656 -0.7222 0.3522 2.32 -6.73 6.73 137 355 346 405 226 
0.70 -4.17 -5.21 -0.6700 5.6500 -9.4400 -3.8789 0.9900 0.7244 1.40 -9.70 -0.23 139 336 338 385 219 
0.03 -3.41 -8.37 -1.5500 6.3400 -8.8000 7.2544 -0.9856 -1.3667 2.62 -8.05 4.93 148 346 344 401 224 
0.93 -4.88 21.34 -0.8900 -0.1400 12.3300 -0.8289 -3.2711 -0.3900 3.84 -5.48 7.16 161 333 339 409 226 
9.12 -9.97 -2.87 1.6000 -5.1100 -6.1500 3.8678 -8.4589 0.3256 8.64 -4.61 -0.27 186 390 356 400 227 
6.10 -4.57 -5.44 -2.0700 1.2900 -5.3600 3.7900 0.8922 -0.7000 8.83 -2.99 3.01 193 424 372 433 227 
7.21 4.92 5.30 -1.5400 6.4300 0.7300 2.0778 0.1844 0.4344 8.39 -1.47 4.85 195 421 363 434 226 
10.21 6.11 7.09 2.6300 9.1200 2.9700 -5.6844 0.5078 -0.0544 8.43 -3.14 3.90 191 313 291 354 226 
10.42 -0.63 -5.76 1.3300 1.5800 -9.0200 -3.1378 1.5189 2.1433 7.05 -6.46 2.14 197 278 265 349 223 
-1.50 -14.79 -0.55 -7.3200 -6.0000 -1.8000 -0.4578 0.8633 -0.5133 5.82 -7.58 2.14 206 291 267 351 223 
6.24 -6.70 1.73 -0.3800 0.4800 -0.4200 0.0789 -0.5378 -0.5344 6.71 -6.89 1.88 208 304 274 358 225 
4.79 -4.61 0.30 -2.6000 2.0700 -2.2100 1.3778 0.0711 -0.5300 7.15 -6.32 2.23 207 349 316 353 218 
9.31 -3.96 3.13 -0.0500 0.7100 -0.1300 1.0444 1.0389 -2.0144 8.01 -3.81 4.17 204 364 324 367 215 
;
