-0.19 0.54 9.84 0.1800 0.0400 0.0400 -0.0111 0.0022 -0.0222 -0.33 0.51 9.78 185 400 367 381 212 
-0.06 0.48 9.87 0.1400 0.0000 0.1000 -0.0233 -0.0144 -0.0733 -0.27 0.48 9.79 182 398 364 381 213 
-0.15 0.44 9.89 0.1100 0.0000 0.0700 0.0300 -0.0733 0.0300 -0.20 0.51 9.79 189 396 366 381 213 
-1.28 0.11 13.98 -1.3400 -1.5200 2.7400 -0.4922 -7.6500 -2.0556 6.00 0.20 7.75 184 372 365 412 228 
13.83 -0.71 7.76 4.9900 2.2700 3.1900 -2.2233 -3.2844 4.2833 8.05 -4.95 2.57 180 389 364 417 229 
1.22 -0.96 -0.64 -4.8100 7.1200 -0.5600 -2.0956 -1.2033 3.5856 3.23 -9.09 -1.71 183 402 371 413 227 
-2.88 -5.84 -7.70 -4.2200 3.5600 -6.7200 1.2167 0.0867 -0.3767 1.61 -9.38 -2.35 182 397 368 412 231 
1.23 1.48 -3.82 -0.0100 12.0100 -3.9700 9.6367 0.0167 -1.7411 3.31 -6.25 6.78 178 374 356 386 230 
5.88 -5.29 22.48 2.6800 2.0300 10.4100 -6.3344 -0.4667 0.7767 3.18 -8.42 3.88 173 380 358 396 229 
-0.70 -1.35 -13.91 -3.7200 7.7000 -14.7800 -1.9444 0.2000 0.2489 1.89 -9.14 -2.98 174 357 348 389 227 
3.50 -1.73 -2.23 3.0700 6.6700 1.9400 5.7856 -0.7011 -1.4933 3.94 -8.39 3.19 169 351 334 382 227 
6.18 -8.56 16.22 1.0800 0.0200 8.5000 -1.6633 0.0933 0.5278 3.92 -7.98 4.12 171 355 330 323 206 
-1.04 -9.49 -4.10 -7.7500 -1.4800 -8.7900 2.1544 -5.0700 -2.8967 5.36 -8.17 0.69 175 402 187 181 120 
-4.91 -1.20 -2.57 -10.5100 6.1600 -3.5000 2.7889 -2.4056 -5.6389 9.67 -1.58 0.10 139 403 197 183 122 
22.01 15.73 -12.75 15.4400 12.9600 -9.1200 3.8489 0.2000 -1.5678 8.76 3.80 -2.19 133 390 205 188 127 
19.68 7.63 2.48 1.1800 7.4000 4.4300 0.1489 5.7556 4.2233 9.35 -2.48 1.58 140 396 206 191 128 
-10.54 -6.56 2.92 -16.9400 0.3300 -0.9400 -3.2444 -1.2000 0.9778 6.77 -6.71 2.26 136 394 207 194 128 
-0.12 6.36 -8.47 -7.0800 10.7200 -9.4900 1.3111 0.5433 -7.5133 9.80 0.01 0.05 125 377 211 197 131 
24.39 10.63 -0.06 13.3600 5.6800 2.5700 2.6500 0.5422 1.9789 9.49 2.33 -0.79 121 367 214 200 136 
3.79 -1.39 3.66 -5.5100 -1.5500 2.6000 -1.6178 1.0122 0.4067 9.79 0.00 0.45 129 361 210 201 135 
;
