2.46 1.50 9.33 0.0200 -0.2600 -0.0300 -0.0833 -0.1989 0.0133 2.48 1.57 9.35 190 336 339 346 203 
2.54 1.37 9.46 0.1600 -0.0100 0.1000 -0.0433 0.2556 -0.1011 2.34 1.51 9.39 189 338 339 347 202 
2.16 1.75 9.44 -0.0700 0.1700 0.0700 0.0356 -0.0400 0.0867 2.32 1.55 9.39 190 341 341 350 202 
2.45 2.46 12.04 -1.5700 -0.5400 5.0600 -0.4444 -2.3133 0.1856 4.13 1.48 8.76 190 353 350 377 223 
11.40 2.97 14.98 4.3000 5.2400 5.9500 -3.7356 -4.1000 4.4456 7.26 -4.52 4.78 196 350 356 367 225 
0.97 -0.86 -0.70 -4.7900 7.4100 -3.0100 -2.7667 0.3733 3.1978 2.46 -9.47 -0.46 193 343 346 359 223 
-3.32 -9.85 -3.66 -3.1300 -0.1800 -1.5000 0.3689 0.4000 0.6256 0.55 -9.71 -1.20 191 341 341 370 225 
-0.17 -5.60 -6.81 -0.9900 4.2900 -7.4300 2.7722 -0.6200 -0.8567 1.38 -9.66 0.91 188 344 342 372 225 
8.48 -0.68 26.34 5.9500 5.4500 21.3200 -0.4367 0.6333 0.3311 2.63 -6.66 6.69 187 365 356 391 229 
1.96 -4.37 -1.17 -0.0800 4.8800 -4.1200 -4.7267 1.3122 1.5633 1.24 -9.72 0.18 182 354 350 374 224 
-1.73 -5.79 -10.78 -3.2500 4.2200 -9.0300 3.8089 -0.1478 -1.2856 2.07 -9.45 1.55 183 350 346 373 224 
7.51 -0.53 12.15 4.1000 4.2900 9.4200 3.5144 -0.0256 -0.4878 4.27 -4.95 7.30 189 370 358 395 229 
7.12 -3.51 14.13 3.1300 2.6300 6.2600 -4.2222 1.2922 0.9478 3.36 -7.30 5.60 191 377 367 395 227 
3.72 -2.76 -2.08 1.4600 6.8800 -4.1000 -6.7678 2.3133 0.9467 1.16 -9.50 -2.10 188 363 349 373 216 
-1.41 -4.83 -12.26 -2.0000 3.3500 -6.2700 0.4389 -0.4033 0.2911 0.32 -8.15 -5.44 187 360 346 372 215 
1.66 0.19 -8.37 1.0000 10.5900 -7.0700 9.2600 -1.0233 -0.4411 1.04 -9.11 3.47 197 363 354 403 223 
3.17 10.08 9.35 0.6400 12.0100 0.7600 8.7178 0.5089 1.5033 1.23 1.88 9.54 199 399 366 412 229 
-1.43 12.04 21.11 -2.8200 5.6200 11.9500 0.0233 -0.8189 -0.5500 1.78 5.72 7.75 199 402 371 416 231 
0.50 6.36 11.83 -1.7700 2.2000 1.3600 -3.9567 -1.9378 -1.3844 2.88 2.65 8.98 196 392 362 398 225 
2.17 0.88 2.40 -2.3000 0.2500 -6.9900 -1.8944 0.1822 -2.8322 4.16 -0.59 8.85 184 333 335 362 218 
;
