8.63 1.48 4.41 -0.0300 0.0300 0.1000 0.0078 0.0233 -0.0133 8.64 1.51 4.37 178 335 336 356 209 
8.59 1.50 4.39 -0.0200 0.0000 0.0600 0.0044 0.0156 -0.0100 8.64 1.51 4.38 177 334 337 354 210 
8.55 1.43 4.44 -0.1100 -0.0500 0.1000 0.0467 -0.1733 0.0633 8.69 1.49 4.28 179 338 335 354 211 
17.10 4.73 10.42 9.0600 4.8500 5.6700 -3.6033 1.0711 2.5300 8.67 -1.72 4.23 186 350 342 378 212 
7.23 -2.31 1.03 1.2500 3.4000 -3.5900 -4.6933 3.1978 2.6078 4.16 -7.94 3.95 186 356 339 396 214 
-0.46 -5.48 -5.01 -2.1700 4.2500 -7.1400 -1.9767 1.7878 1.3211 0.21 -9.80 0.17 177 354 341 409 214 
-1.28 -4.15 -8.18 -2.1300 6.0500 -9.5000 6.3367 -1.7856 -1.1422 1.54 -8.15 5.23 170 364 349 410 220 
5.75 -2.25 28.00 2.8900 2.2700 18.1200 -4.2422 0.0622 0.4733 2.59 -6.58 6.78 171 369 357 417 220 
0.94 -6.00 -5.12 -0.9800 2.8400 -10.1100 -3.0411 0.8467 0.3700 0.73 -9.70 1.17 167 357 346 409 219 
-1.96 -3.57 -4.10 -1.5000 6.0500 -5.5900 8.9900 -4.4889 -1.9856 3.38 -5.78 7.15 194 377 321 392 221 
10.01 -1.50 16.58 3.2800 1.1100 5.8600 -2.6044 -4.5978 1.4144 7.54 -4.92 3.88 173 354 225 209 142 
10.75 -9.69 -4.01 3.4100 -2.5300 -3.0700 1.0789 -1.7000 2.8644 4.63 -8.47 -1.70 114 338 171 176 111 
0.63 -5.98 -0.66 -1.9900 3.5800 -0.2800 1.0400 0.3267 0.9267 2.33 -9.52 -0.04 111 329 171 176 113 
1.14 -8.41 -1.36 -0.3700 0.3100 -3.7200 0.4911 0.2144 -0.4211 2.38 -9.47 0.78 113 345 174 177 116 
2.16 0.86 9.03 0.4500 10.3900 7.1200 5.4289 -0.5522 1.4200 1.12 -7.17 6.58 122 358 181 183 120 
-3.69 -1.59 8.19 -2.7100 4.4100 -1.5200 -1.9922 0.4978 -2.0200 1.45 -7.77 5.79 142 358 212 217 152 
0.98 -3.80 -0.68 -2.8100 3.2400 -5.4500 0.1700 0.3100 -5.4378 6.28 -5.76 4.84 158 341 306 311 194 
14.42 0.69 4.70 6.0700 2.5900 1.2300 2.0044 -0.3011 -1.6822 8.23 0.23 5.31 168 363 350 409 213 
12.52 4.60 8.23 4.3100 4.5700 6.1800 -0.9011 -0.3300 0.2522 8.48 0.98 4.81 167 362 351 395 212 
;
