4.34 2.01 8.53 0.0500 0.0700 -0.0600 0.0011 0.0144 0.0033 4.27 1.94 8.60 177 357 373 407 221 
4.26 2.11 8.53 0.0000 0.1300 -0.0600 0.0156 0.0167 0.0000 4.25 1.95 8.61 179 359 375 408 222 
4.44 1.96 9.08 -0.1100 -0.4300 1.0800 0.6633 -0.4733 -0.0556 4.51 2.31 8.39 186 361 353 414 227 
17.56 5.92 9.77 9.0400 5.4300 5.1700 -1.6944 -1.5733 4.2867 8.32 -0.48 5.15 195 350 341 405 231 
6.13 0.56 4.07 -3.1100 5.2700 0.1900 -2.7744 0.4233 5.1589 5.42 -7.80 2.41 197 355 342 386 228 
-0.72 -4.28 -1.81 -2.8100 5.0200 -2.4500 -1.7922 -0.1567 2.3244 0.47 -9.73 -1.11 194 355 341 379 228 
-3.29 -7.63 -7.79 -3.2900 1.6800 -6.1700 1.3278 0.3978 -0.9811 0.70 -9.70 -1.19 190 357 355 394 228 
2.17 -3.62 6.81 3.8800 10.6300 12.8600 5.7478 2.2500 -0.4167 1.90 -6.61 6.98 192 382 365 422 233 
5.96 -1.68 0.07 2.0900 6.6600 -7.6100 -6.7811 1.7011 1.3156 1.05 -9.73 -0.57 171 389 363 424 233 
-1.88 -6.12 -12.67 -2.7800 4.6900 -9.0200 5.4856 -0.9089 -1.2033 1.51 -9.52 1.74 180 384 345 375 228 
9.14 -3.39 11.49 5.6900 -1.4700 3.3600 3.2711 -4.9556 -1.4567 6.03 -5.30 5.62 158 269 169 173 116 
12.03 -5.68 6.49 4.1800 -2.1100 -1.2300 2.5078 1.6756 1.0033 5.26 -1.92 8.04 148 214 172 173 119 
3.42 2.79 6.67 -1.3500 3.4400 -2.2700 2.0278 1.1322 1.5067 3.62 0.02 9.11 149 214 176 179 123 
1.51 3.55 8.01 -0.5800 2.9800 -0.8100 0.1833 0.0778 0.4600 3.08 0.67 9.28 148 210 178 180 126 
4.82 0.96 9.05 -0.2000 0.8200 -0.6800 -1.4111 1.6611 -1.7111 2.75 -0.53 9.39 144 217 184 186 131 
1.89 -1.13 8.49 1.8000 0.6300 -1.0200 -1.4833 1.1300 -1.5544 0.97 -2.29 9.48 139 228 184 190 135 
-1.06 -5.44 8.49 -2.5200 -2.3800 -0.8600 -0.4567 -0.2656 0.0844 0.76 -3.35 9.18 138 225 193 197 140 
1.73 -3.28 8.67 0.2100 0.5900 -0.2600 -0.2889 -0.7356 0.6633 1.36 -3.83 8.92 145 235 206 211 155 
;
