8.23 3.01 4.41 0.0400 0.0900 -0.0500 -0.0067 -0.2278 -0.0067 8.25 2.96 4.38 167 344 346 380 217 
8.19 2.95 4.23 -0.0800 0.0700 0.0300 -0.0689 -0.2811 0.0956 8.44 2.83 4.09 169 339 328 375 218 
10.49 4.25 6.36 1.7600 1.9900 2.2500 -1.9333 -0.0222 1.2578 8.68 1.12 4.42 171 337 333 362 217 
11.19 3.00 5.56 2.3800 3.7600 1.1800 -4.1389 2.6900 2.5778 6.84 -4.56 5.34 176 342 307 365 220 
6.04 -4.02 1.27 2.3900 4.2600 -2.4500 -3.8856 4.0856 2.6644 2.01 -9.10 3.03 172 345 344 400 222 
-0.84 -5.91 -5.47 -0.0900 3.5500 -5.1200 -2.5478 2.7778 1.2989 -1.15 -9.59 -1.67 166 350 351 393 221 
-4.70 -9.35 -8.84 -3.3100 -0.1700 -8.3600 3.7800 -2.5011 -1.3411 -0.78 -9.75 0.56 169 334 337 377 221 
3.59 5.06 2.51 1.3000 11.9800 -2.2600 6.9411 -1.8222 -1.7389 3.88 -3.11 8.44 177 362 354 411 228 
8.99 3.09 13.08 4.5900 7.9100 1.2800 -7.3622 2.0933 1.7689 2.35 -7.97 5.19 168 357 357 405 227 
-1.73 -6.62 -13.53 -2.4200 1.3100 -16.2000 -0.8533 -0.0867 0.4322 -0.10 -9.80 -0.03 164 344 342 386 222 
3.90 -1.32 2.88 3.7800 10.1800 6.6000 7.9267 -1.2200 -1.6944 2.42 -5.27 7.90 183 362 366 410 227 
8.54 -1.62 9.16 4.6600 4.4800 -0.1600 -6.4878 1.5844 2.0022 1.30 -9.32 2.75 175 363 343 412 225 
;
-2.73 -5.85 -10.17 -3.0300 3.3500 -9.3200 -2.1078 1.0711 0.4667 -0.49 -9.03 -3.76 169 343 333 378 216 
-1.98 -2.54 -7.54 -1.4200 9.1000 -7.7000 8.5989 -3.0400 -3.8733 3.22 -8.05 4.57 169 323 286 349 219 
7.53 7.24 8.20 5.0300 9.1000 2.9500 5.3589 -2.2722 -1.9033 7.14 0.38 6.70 182 352 358 385 223 
9.20 5.12 11.24 1.9600 1.6700 3.3400 -0.2067 -0.2889 -0.2089 7.71 2.34 5.57 180 353 355 390 222 
14.12 6.22 11.71 5.0500 6.1700 4.1200 -5.1211 1.2133 2.6344 7.18 -2.92 5.99 183 359 350 403 223 
5.91 -0.79 -1.26 1.9700 6.5600 -6.1800 -5.3344 4.2689 3.7044 1.39 -9.45 2.19 177 362 346 412 223 
-2.57 -5.96 -8.57 -1.4900 2.9100 -6.7300 -1.4956 0.7244 1.3011 -2.14 -9.22 -2.55 173 362 351 410 222 
-6.10 -7.79 -11.11 -3.8300 2.8400 -11.1600 6.5222 -3.5233 -2.5767 -0.54 -9.21 3.29 174 366 351 423 227 
11.16 4.69 32.95 10.7400 7.9300 20.8400 -3.2533 -0.3311 0.1256 2.40 -6.84 6.60 171 381 362 428 229 
2.87 -3.12 -2.61 1.7600 6.4800 -4.6500 -5.8778 2.5822 1.7044 -0.13 -9.73 -1.21 166 362 357 426 226 
-4.48 -7.74 -14.83 -4.0600 2.3400 -12.1100 6.2033 -2.0078 -1.9578 0.69 -9.77 0.23 168 339 358 419 227 
9.04 4.20 25.22 5.6900 6.7700 18.1600 1.2189 -2.2422 -0.0978 4.04 -4.99 7.40 176 369 363 424 229 
6.55 0.21 7.00 2.4400 7.5300 -0.7800 -6.8211 1.0356 2.6767 1.47 -9.49 1.95 175 369 357 417 227 
;
-2.93 -7.35 -15.80 -4.0000 0.3200 -11.4700 2.3178 1.6544 0.1000 0.08 -9.00 -3.88 168 311 312 323 207 
-0.68 -0.81 -5.15 -1.3300 9.8200 -7.4000 8.0833 -4.3433 -4.3000 5.36 -6.32 5.23 170 319 287 348 216 
14.85 6.84 9.84 7.9100 4.2100 5.1500 2.9811 -1.8444 -0.0189 7.93 0.01 5.75 176 342 352 383 221 
10.85 4.90 11.77 4.5100 4.4600 5.6800 -2.7633 0.5056 1.1956 7.52 -0.82 6.23 182 356 331 393 225 
9.37 2.36 3.25 3.7500 7.7900 -3.0800 -6.2422 2.3067 3.9211 3.62 -8.16 4.05 176 366 347 404 222 
-0.01 -2.50 -6.16 -0.6500 6.2000 -6.3900 -4.1889 3.6444 3.0678 -1.75 -9.14 -3.08 166 363 350 403 220 
-5.93 -7.39 -14.46 -3.5000 1.8600 -11.3300 5.5622 -2.7578 -2.1456 -1.00 -9.72 -0.78 170 342 341 372 219 
10.43 12.19 21.70 8.9600 18.6400 25.6800 3.3967 -1.1722 -0.7267 3.63 -3.58 8.37 177 376 362 411 230 
7.38 3.06 2.35 3.8400 10.4800 -5.7000 -8.2100 3.0700 2.0389 0.78 -9.69 1.27 161 368 359 410 224 
-3.20 -7.85 -21.48 -4.0500 1.8900 -16.8000 5.6678 -2.4111 -0.3944 0.00 -9.80 0.30 161 346 348 395 223 
9.37 8.88 18.52 5.9400 12.4000 16.0900 2.7544 -1.1511 -0.8889 4.06 -3.84 8.05 173 383 358 417 226 
;
7.89 0.25 6.50 4.2100 7.3500 -1.2200 -7.6411 1.4822 2.2611 2.26 -9.16 2.64 166 372 360 424 227 
-3.81 -6.74 -13.16 -4.3000 2.8900 -10.5700 1.4256 -0.4733 -0.7822 0.06 -9.63 -1.83 159 328 338 358 218 
0.94 2.03 -5.60 -0.2800 10.5500 -8.9500 9.3633 -3.9522 -3.2856 5.68 -4.04 6.89 174 345 343 358 222 
16.54 4.89 15.23 7.6600 5.1100 7.9500 1.1222 0.3689 -0.3100 7.23 0.74 6.57 178 356 354 385 222 
11.96 4.32 12.16 5.3200 5.5400 4.1600 -5.1933 0.5000 2.2711 6.74 -3.87 5.97 180 367 347 391 221 
5.59 -0.35 -2.34 1.9800 8.1700 -5.3700 -5.8178 3.2978 3.9033 1.30 -9.70 0.48 176 364 355 400 225 
-5.16 -7.12 -10.06 -4.1700 2.0200 -6.7100 -0.4978 -0.1200 0.4322 -1.69 -8.85 -3.85 165 349 352 393 220 
-1.69 -1.91 -11.36 -1.9300 10.6100 -10.5100 10.0544 -2.7433 -3.5389 1.81 -7.72 5.76 176 366 356 408 225 
12.16 -0.21 22.70 8.4100 6.6100 8.6800 -5.7900 0.9344 1.4767 2.44 -7.78 5.43 175 366 358 406 226 
0.23 -4.47 -8.54 -0.6800 4.9700 -9.2900 -4.4611 1.5967 1.2078 -0.05 -9.57 -2.12 158 360 357 406 224 
-2.89 -3.24 -10.53 -1.6100 9.6200 -9.9700 9.6744 -3.6956 -3.2544 2.67 -7.07 6.24 179 373 356 412 227 
13.66 4.10 24.87 7.6900 7.0800 11.5800 -5.1322 -0.0011 1.6567 3.78 -6.39 6.39 173 381 361 420 230 
0.95 -3.81 -3.94 -1.2100 5.1700 -6.0100 -5.6956 1.7556 2.1300 0.55 -9.68 -1.40 166 356 332 366 214 
-3.00 -8.11 -12.31 -3.1500 0.6200 -7.5500 5.1656 -0.9489 -2.2967 2.16 -9.55 0.34 165 329 322 326 215 
;
8.61 4.72 -1.25 4.3500 10.6900 -4.1100 8.1611 -2.4600 -3.0322 7.59 -1.87 5.90 170 344 345 370 219 
7.64 3.87 12.19 0.4100 4.8900 7.3000 1.3589 1.0267 -0.6156 8.19 1.19 5.24 172 347 349 368 222 
13.87 5.19 10.62 5.1900 5.3000 5.5000 -3.3556 0.5678 1.3111 8.15 -0.74 5.38 174 353 355 389 223 
12.76 4.47 1.57 3.6700 11.1300 -4.4200 -9.8678 3.7611 3.7044 5.05 -8.29 1.35 172 322 327 385 221 
0.75 -3.98 -7.45 -2.6900 2.8600 -5.7600 -2.7911 0.4089 2.7389 0.85 -9.00 -3.78 165 338 342 398 221 
-7.09 -5.54 -13.68 -5.9500 5.2400 -13.4100 6.6956 -4.7133 -3.3922 0.99 -9.75 0.24 164 327 344 397 225 
19.61 4.57 32.41 21.2700 7.9400 28.4000 -1.3967 0.0111 0.0844 5.27 -5.83 5.85 164 364 360 409 228 
3.70 -1.47 -2.87 0.6300 6.8100 -6.5600 -4.3600 2.9989 2.5400 1.24 -9.68 0.94 156 358 355 403 227 
-4.62 -8.83 -11.73 -3.7700 1.6000 -10.9400 4.2133 -1.6133 -0.9111 0.63 -9.44 2.56 159 349 336 394 225 
5.72 8.60 20.71 3.1000 12.5400 15.3800 2.3778 -2.4267 -0.3933 4.15 -3.04 8.34 163 377 358 407 228 
7.82 -1.90 8.35 4.7700 4.9200 0.0500 -6.4678 1.6389 3.0078 1.95 -9.30 2.39 129 331 332 390 228 
-1.92 -3.39 -9.87 -2.4500 6.1200 -8.0800 -3.1589 2.5700 -0.2978 0.66 -8.95 -3.93 140 308 317 326 207 
-0.77 -2.19 -9.49 -3.5100 8.0600 -8.1200 10.7933 -1.3989 -3.9644 5.75 -6.75 4.17 157 321 323 326 213 
13.70 7.25 14.06 7.0700 6.4100 7.0200 3.1756 -2.2522 -0.1067 8.11 -0.02 5.50 166 334 342 339 222 
;
10.05 4.21 13.78 4.3600 4.1700 7.9000 -2.5600 0.3578 0.6944 7.96 -0.63 5.68 168 348 313 371 223 
9.41 1.72 2.74 2.5800 7.1200 -3.8300 -6.0156 1.5444 3.5500 5.06 -7.48 3.79 161 353 340 389 223 
0.17 -2.81 -4.66 -2.3700 5.7100 -5.0200 -4.2778 2.2489 2.9044 -0.14 -9.48 -2.49 140 335 346 392 225 
-4.49 -7.92 -8.52 -3.3900 2.0300 -7.1000 2.0411 -1.7689 -1.5056 -0.65 -9.54 -2.14 148 337 344 377 221 
4.10 4.71 2.14 3.5900 12.6400 -1.0500 9.6211 -2.5722 -1.9211 3.29 -3.89 8.37 170 359 353 398 227 
10.68 5.36 21.83 8.0600 7.8200 7.9400 -5.6800 1.3256 1.2889 3.05 -4.99 7.86 162 357 355 407 227 
0.73 -2.24 -7.17 -0.2700 6.8300 -12.2500 -6.3278 3.3800 1.2622 -0.70 -9.73 -0.90 146 339 334 376 221 
-3.95 -2.43 -8.76 -1.6700 8.2600 -9.0400 9.2667 -5.8378 -1.6756 0.88 -7.59 6.14 169 356 355 400 226 
9.56 11.65 25.70 8.6600 10.4600 18.2600 -0.3978 -0.6600 0.2222 3.85 -1.08 8.95 172 384 364 415 228 
7.36 3.16 8.01 2.4100 7.3500 -1.5500 -7.0689 1.7244 1.4844 2.12 -7.95 5.31 157 377 361 416 227 
-0.38 -6.65 -6.48 -1.9700 2.8700 -7.2100 -2.9389 2.7500 0.1167 0.28 -9.54 -2.21 163 334 343 394 220 
-3.38 -5.90 -4.91 -4.6200 4.4400 -4.3100 4.8589 -1.8111 -3.0044 2.93 -9.18 1.79 165 320 325 342 214 
16.72 1.16 1.48 8.2700 5.9800 -0.5600 5.7767 -0.8078 -0.9000 8.00 -3.45 4.49 169 343 338 360 218 
;
8.17 2.71 7.77 -0.6000 3.4500 3.2600 1.6278 0.8233 -0.7622 8.29 -0.48 5.20 166 353 340 360 220 
9.10 1.21 3.61 0.4900 1.7300 -1.1000 -0.0922 0.1767 0.0678 8.37 -0.55 5.06 172 359 345 369 223 
14.50 2.77 9.57 6.1300 5.1000 3.9800 -5.8000 0.0489 2.7478 7.64 -5.12 3.39 172 355 333 383 223 
7.34 -1.18 -3.30 2.3200 7.3500 -3.9300 -4.6656 3.4411 4.4200 2.81 -9.32 -1.14 172 352 348 392 222 
-3.76 -5.53 -10.17 -4.2200 3.2300 -7.5800 0.0856 -0.4133 0.8567 -0.46 -9.02 -3.81 164 337 342 380 223 
-1.98 1.77 -5.80 -0.2600 11.3500 -5.5100 10.1144 -2.8278 -2.8633 2.65 -6.47 6.86 178 371 351 402 229 
8.88 1.55 21.05 5.5000 7.4200 9.3500 -6.8989 0.7478 1.4489 2.27 -7.97 5.23 171 369 353 406 230 
0.77 -3.72 -9.78 -0.3500 5.2800 -11.6100 -4.6756 1.4644 0.1000 0.60 -9.18 -3.37 163 345 342 378 224 
-1.84 -4.79 -6.19 0.0600 5.6800 -4.8800 9.0500 -4.1000 -1.6078 1.44 -8.52 4.63 176 349 338 389 224 
8.24 2.35 24.89 6.3200 7.8100 13.3400 -2.7978 0.2822 -0.1444 2.59 -6.14 7.18 175 374 346 399 223 
3.07 -4.53 -1.84 1.2500 5.0900 -5.2400 -6.9878 2.0578 0.5822 1.12 -9.65 -1.26 165 361 339 359 217 
;
