0.73 6.38 7.38 -0.0600 0.0600 -0.0800 -0.0089 -0.0078 0.0033 0.80 6.31 7.46 171 377 363 371 214 
0.72 6.38 7.39 -0.0800 0.0600 -0.0300 0.0178 -0.0378 0.0122 0.83 6.33 7.44 170 375 358 369 215 
0.84 6.41 7.38 0.0000 0.1000 -0.0500 0.0244 -0.0811 0.0078 0.89 6.36 7.40 174 373 355 369 214 
1.20 7.05 7.67 -0.1300 0.3200 0.6000 0.7211 0.4733 0.0233 0.69 6.73 7.09 188 380 360 384 216 
4.20 10.57 8.81 3.9300 3.8900 2.5400 -0.3689 5.3900 1.9122 -1.20 7.07 6.68 196 337 343 375 218 
2.02 11.82 8.31 -0.5400 3.9200 2.8700 -1.9878 -3.4178 6.8989 5.95 5.76 5.23 200 330 304 346 223 
1.91 -3.04 0.42 -4.7800 0.0000 2.3800 -2.8189 -12.4489 10.0344 4.86 -5.95 -6.09 205 262 237 304 221 
-2.18 1.85 -8.15 -3.7800 7.4500 -5.2200 -4.4667 1.1078 -1.2267 2.88 -0.38 -9.36 206 282 267 330 223 
3.73 0.58 -14.11 0.9900 0.2000 -4.2400 0.8322 0.6944 -0.7233 3.28 0.38 -9.23 205 287 275 330 222 
3.66 1.12 -8.40 0.3800 1.1300 0.5500 0.3411 0.7089 -0.3089 3.89 -0.29 -8.99 204 292 262 331 221 
5.30 1.99 -9.89 0.0800 1.6600 -1.1500 0.8289 0.0389 0.5556 4.87 -0.67 -8.48 204 290 279 321 218 
3.59 -0.75 -8.02 -2.2500 2.2600 1.3000 2.5078 -0.2589 0.8500 4.19 -4.05 -7.88 205 332 293 277 216 
0.00 -1.38 -0.44 -5.7100 5.0600 5.5200 -1.1667 0.6900 -2.1089 6.53 -4.17 -6.00 205 315 305 332 218 
5.64 3.08 -9.87 1.2900 1.0300 -4.4400 -2.3944 -3.0111 -2.1556 4.94 2.92 -7.94 205 299 287 305 220 
9.50 4.06 -12.76 5.4100 -0.3500 -4.2900 0.1000 0.0644 0.9022 4.11 4.29 -7.79 206 298 276 311 221 
8.27 2.77 -17.46 4.6500 -0.8200 -9.8000 3.4456 -0.4744 1.3756 3.73 1.24 -8.98 204 315 294 311 222 
5.21 1.97 -14.38 0.1200 8.5400 -4.2900 8.7956 2.3722 2.0022 4.94 -7.93 -2.94 210 424 358 397 223 
-1.96 1.60 2.30 -4.7200 9.9000 0.0800 0.9344 0.6411 0.4033 3.34 -8.96 2.14 213 424 362 402 222 
2.97 -5.61 0.78 -0.2900 2.8200 -1.0600 -1.0367 0.3933 -0.7222 3.94 -8.84 1.53 212 424 359 402 221 
4.58 -5.26 0.41 0.2600 2.9200 -0.2000 -1.3067 -0.1144 -1.3600 5.49 -8.11 0.22 210 316 305 275 212 
19.04 -12.65 -4.94 13.1400 -5.3600 -6.6000 0.9911 1.1467 2.1300 5.37 -8.15 -0.86 210 237 244 227 189 
-11.13 -7.38 -2.60 -14.1100 1.8000 -3.0500 1.5844 2.5300 0.2756 1.79 -9.45 1.86 211 198 192 187 141 
-10.43 2.33 -0.95 -12.6600 12.6900 -5.8700 1.3444 -2.9067 -5.5489 7.29 -5.70 3.21 210 177 176 183 124 
33.05 11.81 -0.55 22.4800 9.3500 -0.7500 0.2944 -1.3878 -2.7844 9.63 1.76 0.46 209 184 187 190 127 
11.71 3.82 -0.64 0.9900 0.7700 -1.3600 0.1178 -0.1667 -0.1567 9.47 2.51 -0.17 211 186 189 194 130 
9.64 3.07 -0.86 0.3300 0.4300 -0.7600 -0.0267 -0.0267 -0.1322 9.39 2.79 -0.21 211 187 186 196 132 
;
