8.27 2.15 4.77 -0.0500 0.0200 0.1200 0.0022 0.0244 -0.0056 8.30 2.10 4.76 187 348 338 368 211 
8.88 2.74 6.08 0.5400 1.1500 2.0900 -1.4756 -1.0033 0.9822 8.63 1.24 4.48 205 338 331 353 216 
9.77 -0.02 2.68 -0.5900 0.9200 1.0500 -2.9611 -5.9900 2.6878 9.28 -2.43 -2.00 213 334 322 339 221 
5.24 -3.14 -6.03 0.3300 0.6200 0.9200 -1.8478 -3.3633 2.0756 4.10 -3.22 -8.30 212 329 294 326 223 
-0.71 -0.66 2.31 -5.1400 3.8800 10.8400 -3.3444 1.0156 0.1322 3.42 -1.39 -9.08 212 305 275 335 223 
8.03 -0.52 -21.51 4.1900 -2.0500 -11.2000 1.4089 0.3844 0.1544 4.06 0.41 -8.91 212 316 279 339 222 
2.04 -0.20 -8.69 -2.1700 0.9400 -1.5100 1.5422 -0.1789 -0.9322 4.21 -1.34 -8.75 208 379 267 287 212 
5.69 -2.71 -10.31 0.7700 1.6500 -2.5000 3.9433 1.4400 0.5656 5.50 -5.21 -6.21 174 414 214 229 169 
3.05 -4.58 -0.47 -3.5400 2.7000 2.7000 2.3889 0.0156 0.7700 5.83 -7.79 -1.17 138 426 190 196 136 
7.83 -7.09 -2.33 2.9900 -0.0100 -1.9200 3.3956 0.1600 -1.1233 6.19 -7.57 0.58 111 428 198 198 131 
1.78 -7.04 0.11 -5.5100 0.4700 -0.1700 -2.9244 -0.9900 -0.3456 5.84 -7.79 -1.16 118 431 194 201 134 
-4.38 1.25 -0.43 -6.8600 7.5400 12.5000 0.0622 -3.4689 0.7700 6.41 -7.38 0.62 118 428 204 209 139 
5.68 -4.32 2.21 -0.9300 2.7800 2.8600 -2.9989 -0.5800 -0.9389 6.80 -6.73 -2.12 150 410 252 266 188 
7.17 -5.00 -4.84 -0.1900 -0.3600 -4.8700 2.2578 4.8989 -3.3489 8.72 -2.08 3.97 186 364 334 406 216 
;
9.82 0.03 7.64 1.4600 -0.0300 1.3900 0.6389 -1.4378 0.0456 8.52 0.53 4.81 183 346 341 396 213 
8.61 0.55 4.26 -0.6100 0.0300 -0.0400 -0.0489 0.0433 -0.0800 8.69 0.52 4.49 178 341 336 389 213 
9.53 0.47 5.59 -0.9600 -0.1800 2.0800 1.6056 -1.2278 0.1289 9.11 0.63 3.56 196 365 345 396 216 
8.24 -0.40 3.96 -0.6500 0.6800 3.4500 -3.2444 -5.7133 3.6978 8.95 -3.22 -2.36 213 374 354 388 224 
0.93 -1.30 -7.16 -3.1700 3.2700 2.1500 -2.4378 -1.1878 3.4167 2.84 -3.33 -8.77 214 306 277 327 224 
3.56 1.56 -13.15 1.1900 1.6900 -4.9300 -1.4900 0.9522 -0.3944 3.36 0.43 -9.20 211 331 286 351 227 
3.36 -0.21 -8.79 -0.5300 -0.5600 0.4400 0.7144 0.0489 0.1011 3.86 0.06 -9.01 212 336 290 354 227 
3.33 1.07 -16.38 -0.3900 1.5300 -8.0700 3.8911 -0.5400 -0.4778 3.45 -2.62 -8.79 211 391 250 272 193 
2.15 -3.66 -3.09 -4.2800 3.0900 1.8900 3.8511 3.1322 -0.2411 6.33 -7.08 -2.41 179 418 212 216 170 
5.45 -4.56 0.69 -0.2000 2.3200 1.7000 2.0489 -1.7389 -0.1322 6.49 -7.33 -0.34 174 424 207 215 169 
9.82 -6.13 4.83 -10.5100 5.0200 21.3500 -0.2744 -0.8478 0.5911 5.89 -7.75 1.09 161 420 216 210 144 
7.67 -8.27 -3.48 3.2400 -0.8200 -3.2500 0.3756 0.7300 -0.4078 6.14 -7.63 -0.39 160 430 211 207 148 
7.55 -5.58 4.12 1.0600 1.6200 1.5700 -1.3811 1.6533 0.2489 6.46 -7.26 1.27 167 426 217 215 156 
4.32 -5.83 2.84 -1.8500 1.6800 2.0600 -2.3156 1.7967 -1.8944 7.18 -6.66 -0.16 170 352 270 282 193 
4.75 -3.01 0.34 -3.4500 1.8600 -2.3000 4.0700 2.6078 -3.9267 8.17 -1.69 5.13 182 344 341 391 215 
13.02 -1.08 4.56 4.5400 -0.6400 -0.6500 0.8156 -1.6144 -0.2811 9.07 -0.21 3.72 181 361 346 374 217 
;
