0.72 4.57 8.66 0.0200 0.0900 -0.0200 0.0078 -0.0022 -0.0033 0.72 4.49 8.68 188 367 381 412 223 
0.81 4.54 8.63 0.0900 0.0600 -0.0200 -0.0022 -0.0122 -0.0144 0.74 4.49 8.68 188 364 377 416 223 
0.80 4.47 8.67 0.0300 -0.0400 0.0300 0.0189 0.0256 0.0000 0.72 4.50 8.68 189 365 383 416 224 
1.11 6.50 10.02 0.0700 1.5800 1.3800 1.4211 -0.6578 -0.2589 0.63 5.54 8.06 202 352 372 422 226 
-0.31 7.40 8.36 -2.7200 1.3700 0.8200 1.2344 -7.3333 4.4978 5.54 5.71 5.72 214 342 358 391 229 
8.73 0.64 0.56 -2.0700 -0.8000 1.2800 0.1744 -6.2467 4.9378 8.83 -1.30 -4.05 221 348 287 287 226 
2.50 -1.36 -3.23 -0.4000 2.5000 7.5400 -0.7800 -1.3433 2.1867 3.21 -2.93 -8.78 220 294 253 298 225 
1.26 3.66 -13.11 -0.4300 2.2500 -8.2500 -2.5200 0.5233 -0.5789 3.06 1.21 -9.23 222 311 260 318 226 
4.20 0.15 -10.55 0.7200 -0.8800 -0.8100 0.8311 0.4756 0.1222 3.56 0.76 -9.10 222 318 265 324 229 
2.92 1.32 -8.31 -1.1400 0.9900 0.5600 0.3144 0.8200 -0.5678 4.53 0.43 -8.68 220 318 264 319 227 
5.31 1.34 -8.89 -0.1300 0.8200 -0.7100 0.7656 2.5344 -0.7556 6.55 0.40 -7.28 215 342 241 248 204 
9.95 -0.61 -7.62 2.1300 -0.6800 -1.6600 0.7256 0.6422 0.6178 7.92 -0.53 -5.75 216 359 271 289 219 
20.98 2.68 -6.26 13.9000 4.4100 -4.9300 -1.2222 13.3611 2.9600 8.92 -3.64 1.81 210 390 352 415 231 
2.39 -1.77 -0.87 1.1700 8.4600 -3.0100 -6.6733 2.6356 3.2400 1.92 -9.61 -0.25 171 338 326 373 224 
-0.22 -5.13 -9.14 -0.4600 3.1400 -5.9700 0.2700 1.0400 1.0433 0.22 -9.15 -3.49 145 311 302 340 222 
-0.88 -4.79 -5.18 -1.5800 4.8900 -4.6200 5.9333 1.3867 0.0000 0.41 -9.26 3.19 153 328 310 344 223 
2.52 -9.25 14.81 2.9300 -0.1200 8.1000 -3.3533 -1.0411 -0.0444 0.55 -9.41 2.69 150 328 309 336 220 
-1.47 -5.70 -9.26 -3.2500 3.9900 -12.4100 -1.4589 -1.2167 0.2689 0.04 -9.68 -1.52 151 317 297 331 220 
-0.43 -4.62 11.53 -1.1000 5.1900 10.3200 3.2944 -0.5811 -0.0667 0.79 -8.44 4.92 176 371 325 365 231 
2.56 -7.62 5.24 0.6000 1.3000 -0.7000 -0.2767 -5.1533 -0.1122 3.07 -8.35 4.11 172 376 233 217 167 
8.08 -3.80 -10.58 0.1500 2.8900 -6.0500 1.0089 -7.1900 -1.9811 5.33 -7.48 -3.41 138 383 188 175 118 
8.60 -6.71 -6.74 3.4700 0.6600 -2.1900 1.5722 -2.3844 -1.5711 4.74 -6.91 -5.08 135 416 193 185 125 
7.47 -5.98 -3.52 2.7800 0.8800 0.9300 1.5689 -0.3156 -0.4411 4.99 -7.47 -3.90 136 421 196 185 125 
9.56 -5.83 12.29 5.6300 1.9200 7.6600 -0.8856 0.2022 0.6344 5.46 -8.02 -1.33 136 418 195 190 130 
9.75 -10.25 -10.45 0.8100 -2.1600 -7.4600 4.4444 3.4067 -0.4067 6.24 -7.55 -0.31 132 424 204 191 131 
3.43 -6.31 1.19 -0.8100 1.9700 2.8300 -2.2189 0.6533 -0.3767 6.45 -7.37 -0.48 167 417 207 210 149 
;
