9.28 2.36 1.83 -0.0500 0.0700 0.0000 0.1056 0.0367 -0.0356 9.34 2.34 1.85 178 307 269 311 192 
9.33 2.58 1.91 -0.0400 0.0800 -0.0300 0.0756 -0.0978 -0.1189 9.30 2.53 1.78 178 307 268 312 192 
9.24 2.39 1.78 0.2700 -0.1000 0.1300 0.6444 0.0111 0.1300 9.32 2.52 1.70 185 309 228 313 188 
15.06 6.53 5.65 4.1300 2.6400 3.9100 -0.6044 0.5467 2.6900 9.51 1.60 1.74 202 360 321 415 225 
1.48 -1.46 -1.60 -6.1200 1.5600 -0.4900 -3.7344 -5.9367 5.6778 7.02 -5.14 -4.52 211 359 339 409 227 
-1.11 2.38 6.19 -5.9100 8.0800 15.6100 -3.7667 -0.4078 0.3578 3.06 -3.50 -8.62 213 364 325 377 220 
3.15 -3.89 -18.22 0.1000 -3.3600 -7.1200 0.8411 0.2156 0.3078 2.96 -1.03 -9.28 212 365 329 383 219 
2.90 -1.63 -9.69 0.3700 0.2400 -1.8300 2.0622 0.4567 -0.8789 3.85 -2.53 -8.65 192 366 292 263 167 
9.68 -9.79 -13.27 3.2800 -5.0600 -4.1800 5.6056 1.9378 0.2011 5.46 -7.06 -4.05 163 402 186 182 105 
0.48 -3.92 -0.69 -4.6200 4.7000 -0.4500 2.7933 2.2211 0.8267 4.68 -8.42 1.79 123 383 189 185 110 
1.57 -3.56 2.94 -1.8800 4.8800 0.1600 0.1700 0.4689 0.1722 3.95 -8.33 3.33 126 375 191 189 112 
5.26 -9.85 -0.97 3.7600 -3.9300 -8.0000 0.7811 -0.0622 0.1778 3.92 -8.27 3.50 129 372 192 192 112 
-0.95 3.27 6.46 -3.8600 14.9300 9.4900 4.2822 -0.5933 1.7122 1.28 -6.07 7.58 127 378 195 197 115 
1.96 -5.92 3.45 0.3700 0.6000 -3.1900 -1.0811 -0.2600 -0.8467 2.39 -7.01 6.42 135 377 196 199 117 
-1.95 -1.83 5.45 -6.4400 4.9400 -0.6800 -3.1589 -0.9289 -2.0756 4.64 -7.73 3.83 163 369 219 225 141 
9.97 -7.68 -2.56 2.7100 -1.7600 -4.4200 -0.3356 2.3722 -4.5500 8.20 -4.23 3.31 171 348 244 259 170 
;
