8.50 3.32 2.80 -0.2700 -0.0400 0.1200 -0.0144 0.0556 -0.0056 8.78 3.39 2.74 171 315 282 302 175 
8.70 3.39 2.73 -0.0100 -0.0300 0.0200 0.0133 0.0067 -0.0211 8.77 3.41 2.75 176 318 284 303 175 
10.88 4.20 3.17 1.6300 0.4800 0.6000 0.8033 0.2356 0.3144 8.76 3.49 2.66 202 330 295 302 183 
15.60 4.79 4.20 5.7200 1.7700 3.0800 -0.0656 -1.0233 2.2978 9.61 1.83 0.61 212 378 347 414 226 
6.65 -0.41 -1.48 -2.9000 1.7900 0.4200 -0.1656 -5.7700 5.2967 7.34 -4.51 -4.67 213 362 348 402 227 
-2.81 -0.76 2.68 -8.1400 6.2300 11.1300 -1.7011 -0.1522 0.6344 2.71 -5.59 -7.58 213 346 331 390 224 
4.58 -0.40 -20.54 2.2200 -0.4900 -13.5200 -0.9467 -0.0389 -0.1478 2.97 -1.55 -9.21 213 353 332 393 224 
4.19 -3.84 -9.03 -0.8400 -1.5700 -0.3000 1.7044 1.1744 -1.2244 4.46 -2.80 -8.26 210 347 334 388 224 
6.97 -3.58 -8.76 1.6200 -0.7600 -1.6700 1.8444 3.9289 -1.4267 8.01 -3.49 -4.43 210 413 208 217 138 
4.09 -1.17 -0.04 -4.4500 2.5000 0.8600 2.5933 0.3933 -1.0289 9.70 -1.16 0.74 210 429 209 210 144 
1.62 2.12 -3.06 -7.6100 2.4900 -4.0400 0.6689 -2.0444 -2.0122 9.74 0.85 -0.69 143 429 207 205 142 
28.46 4.89 -2.53 19.7300 3.0300 2.0700 2.0444 1.1133 1.4922 9.56 0.61 -2.08 121 425 207 202 142 
6.00 -0.05 4.30 -4.8200 0.6300 2.2000 -0.8722 4.7567 1.7000 8.68 -3.09 3.33 117 426 212 207 143 
-1.90 -3.45 2.28 -8.8800 2.3600 -2.9900 -1.0578 -0.8544 0.3067 7.25 -5.16 4.09 117 427 215 210 144 
1.99 1.73 -2.16 -4.5700 6.5000 -4.2700 -0.7933 -1.2244 -2.9567 9.18 -3.07 1.52 123 425 217 211 145 
14.71 0.99 -5.29 5.8000 2.2900 -5.1000 0.5311 -2.2500 0.1311 9.63 -1.33 -1.23 124 422 217 212 147 
15.72 -4.69 2.79 5.4400 -1.5800 5.5400 0.2311 -0.1289 1.2367 8.73 -3.64 -2.55 125 422 221 215 148 
6.02 -3.32 -2.25 -2.6100 0.5100 -0.2100 -0.3289 0.1867 -0.3633 8.84 -3.58 -2.26 128 421 218 220 149 
;
