-0.99 4.25 9.46 -0.5500 0.7500 0.4600 0.2211 -0.2444 -0.3633 -0.03 3.80 9.03 189 355 331 338 195 
0.02 4.14 9.07 0.2400 0.1900 -0.1200 -0.0844 0.0122 -0.1322 -0.10 3.71 9.07 190 349 328 337 197 
0.06 3.74 9.11 0.2200 0.0900 0.1600 0.1644 -0.2233 -0.0122 -0.02 3.77 9.04 188 343 329 337 196 
0.61 6.51 10.92 -0.8400 2.4800 2.0100 0.0200 -3.7144 1.2333 2.48 4.52 8.33 195 358 352 378 213 
7.33 0.67 2.93 -3.6300 -2.1100 -1.4900 -0.8056 -10.4200 3.1444 9.62 0.10 -1.86 206 329 267 315 216 
5.33 -0.35 -4.73 -2.1500 3.5600 6.5100 0.1522 -2.5089 1.9100 2.61 -1.57 -9.31 206 262 250 277 215 
2.09 3.92 -13.09 0.7800 4.3000 -6.6800 -2.2989 0.4267 -0.8022 1.94 0.84 -9.57 208 282 263 299 219 
2.59 -0.47 -9.67 1.0400 -0.8500 0.4000 0.3144 0.4544 -0.0889 2.27 0.69 -9.51 207 290 265 312 219 
2.49 1.90 -9.43 0.3700 1.5200 -0.3000 -0.3167 1.0878 -0.5200 3.42 0.80 -9.15 209 280 266 311 218 
14.07 3.34 -11.77 8.9700 2.9200 -5.5700 0.1600 8.8367 3.6833 8.88 -1.17 -3.97 192 352 325 373 216 
7.11 0.75 1.12 -0.6800 6.0100 -0.6100 -4.8200 5.6067 6.0233 4.82 -8.32 1.86 121 321 323 376 217 
1.02 -5.74 -2.52 0.4000 3.9000 -2.0300 -1.8300 2.1278 1.8244 0.22 -9.76 -0.92 117 328 323 372 216 
-2.47 -5.86 -6.87 -3.0600 3.3500 -7.0900 -0.6500 0.2211 -0.5678 0.12 -9.39 -2.82 124 335 324 371 216 
0.26 -6.89 5.02 1.7900 2.3400 9.9000 3.3956 1.5278 -0.2367 1.06 -9.44 2.39 128 342 320 375 217 
0.90 -6.62 -2.35 -1.3100 3.6400 -6.4900 -2.2500 -1.0000 0.4711 0.79 -9.62 -1.67 123 333 320 356 215 
2.71 -2.48 12.04 0.2700 6.8100 13.8100 3.1378 1.0367 0.0956 1.16 -8.95 3.82 135 346 331 377 218 
0.21 -9.85 -0.08 -2.1700 -0.7900 -3.4500 0.1667 -4.0633 -0.5800 3.03 -9.07 2.16 156 349 333 374 214 
5.39 -6.28 -1.42 4.2100 2.3200 -6.1300 3.2800 -3.8767 0.3478 5.99 -7.16 2.98 108 255 290 283 205 
4.91 -2.58 -4.07 -0.2900 4.0300 -4.8200 2.3178 -2.6944 -2.3167 7.61 -5.71 2.34 101 186 188 186 122 
14.36 1.75 6.40 -0.0100 -0.0100 -0.0100 -0.0011 -0.0011 -0.0011 -0.01 -0.01 -0.01 104 190 189 179 111 
;
