9.55 2.38 -0.33 0.0700 0.0000 -0.1600 0.0100 0.0622 -0.0067 9.51 2.36 -0.16 295 446 432 446 324 
9.57 2.09 -0.24 0.4000 0.2500 -0.3700 0.0322 0.1944 0.0111 9.52 2.34 -0.04 294 441 431 446 325 
9.71 2.33 -0.12 0.9500 0.4200 0.3800 -0.1378 0.3778 0.0133 9.53 2.28 0.10 332 450 451 474 338 
13.19 3.62 4.02 1.7500 1.2700 3.0800 -1.7778 -2.8667 2.4333 9.74 0.68 -0.81 345 475 474 507 358 
5.30 -1.72 -5.29 3.8400 3.2700 2.4100 -0.9589 -4.5244 4.2822 3.30 -3.42 -8.57 332 387 411 461 336 
-3.89 0.56 -9.85 -2.8200 2.6300 -5.6600 -2.3200 0.3700 0.8600 2.44 -1.00 -9.44 332 400 405 467 337 
2.86 -1.44 -10.35 -0.2200 -0.6400 -0.1500 0.6422 0.5067 -0.1600 3.22 -1.25 -9.17 333 409 409 470 340 
11.34 -2.80 -14.35 11.2400 -2.2200 -8.4900 1.7589 11.5889 -0.0522 8.92 -2.26 -3.37 310 313 315 296 226 
0.28 3.49 -0.40 -3.2000 8.8100 -7.2000 -3.9944 4.7744 7.5589 -3.06 -6.90 6.25 296 252 267 262 190 
-7.72 5.27 2.51 -3.2700 6.8100 -1.3400 1.6744 -0.6856 4.1489 -7.02 -1.12 6.75 297 262 279 268 196 
-8.01 -0.75 11.06 0.0800 -0.3800 3.0400 -0.6167 -0.0478 -1.2644 -6.63 -1.54 7.04 299 268 285 277 203 
-5.87 -0.85 5.11 0.2900 0.8200 -3.0300 2.0344 -3.0011 -3.3178 -4.20 -2.34 8.54 310 369 360 332 259 
14.02 4.17 -5.59 11.5900 2.3200 -9.1000 2.9578 -12.4156 -1.0322 9.48 2.50 0.00 314 457 430 426 315 
12.36 1.43 0.64 2.5900 -0.4400 1.8600 1.1100 0.1944 -0.0289 9.44 2.29 -1.27 318 447 426 428 314 
;
