7.64 1.84 5.94 0.0100 0.0200 0.0100 0.0500 0.0656 -0.0022 7.56 1.81 5.96 177 348 340 389 210 
7.43 1.78 6.05 -0.0300 -0.0300 0.0500 0.0333 0.0389 -0.0122 7.52 1.86 6.01 180 346 340 387 210 
7.50 1.89 6.02 -0.0400 0.0200 0.0600 0.2156 0.0511 0.1544 7.50 1.88 6.02 184 349 346 386 210 
7.09 2.55 6.70 -0.0800 1.5400 2.0600 0.8911 -1.2278 0.3600 8.00 1.99 5.30 201 371 349 391 217 
10.32 0.19 1.12 1.2200 1.7900 0.2800 -2.7489 -7.0400 6.0733 8.50 -4.36 -2.19 209 355 323 370 226 
0.15 -2.47 -3.63 -4.5100 3.7500 3.4400 -2.8767 -0.0667 2.9522 2.64 -5.70 -7.52 208 321 305 336 225 
-1.37 -0.85 -6.75 -2.3500 1.7500 -0.9200 -3.8622 0.2367 -0.8167 3.19 -1.18 -9.19 208 334 310 352 227 
2.72 -1.43 -5.68 -1.4300 0.4900 3.5800 0.5700 -0.1567 0.1044 3.78 -1.63 -8.89 209 335 312 355 229 
4.93 -2.38 -11.00 1.7900 -0.1400 -2.6000 2.1478 0.9600 -0.9111 4.54 -2.61 -8.28 211 356 325 354 226 
9.17 -6.59 -5.40 -0.1800 -0.5000 -2.6300 0.5756 8.1778 -0.1378 8.89 -4.03 0.92 212 181 185 184 116 
1.27 -3.92 0.16 -8.6700 0.4600 -3.5200 2.1222 -1.2078 -0.6400 8.62 -3.19 3.40 214 178 185 186 119 
16.22 4.14 4.97 10.4100 3.7300 2.4100 1.0278 -1.4511 -1.1278 9.53 0.39 2.25 214 182 186 187 123 
8.50 0.24 2.71 -1.3900 -0.2300 0.0200 0.3778 0.2433 0.1456 9.53 0.30 2.26 212 185 185 190 125 
;
