7.70 2.29 5.57 -0.1000 0.0300 0.1500 -0.0111 0.0067 -0.0067 7.82 2.28 5.44 191 358 346 374 210 
7.68 2.31 5.68 -0.0400 0.0300 0.1300 -0.0056 0.0122 -0.0056 7.80 2.28 5.48 191 359 348 376 207 
7.96 2.23 5.88 0.0100 0.1000 0.2900 -0.5156 -0.6767 0.3367 8.01 1.99 5.28 192 329 334 346 208 
9.09 1.47 5.62 -1.4700 1.1400 2.1200 -1.8811 -4.5233 1.0233 9.61 -0.53 1.85 200 342 325 370 221 
13.98 -2.35 -7.59 6.7800 1.9800 0.1900 -0.6722 -2.0467 4.2567 4.07 -4.20 -7.86 203 339 333 363 225 
-0.49 -2.19 5.35 -10.1800 2.8800 14.1900 -3.5311 0.0844 0.6367 2.36 -3.34 -8.91 206 336 320 355 227 
4.09 -1.41 -16.39 1.1900 -1.1900 -4.3800 0.5156 0.3767 0.0144 3.60 -1.16 -9.04 209 342 324 362 226 
5.49 -1.73 -10.95 3.9100 0.9200 -4.4400 1.7822 0.3156 -0.3111 4.30 -2.32 -8.50 202 362 332 356 217 
9.68 -1.54 -9.84 1.6600 5.8000 -5.2400 -1.1067 11.2733 4.6044 5.86 -7.85 -0.27 186 372 356 419 215 
-1.30 -2.55 -8.23 -5.9100 5.1300 -7.0500 -2.8711 4.0156 2.5289 0.17 -9.46 -2.55 173 371 356 415 220 
-2.51 -5.08 -13.68 -1.4500 5.3700 -11.2200 5.2278 1.1322 -0.4756 -0.09 -9.77 0.74 146 352 334 394 218 
3.62 -8.86 21.40 3.1400 0.2900 9.8900 -4.0400 -1.2778 -0.1378 0.28 -9.74 1.09 148 346 325 365 214 
-3.56 -6.79 -15.43 -3.2400 2.9400 -14.7000 1.9444 0.7933 0.0378 -0.12 -9.74 -1.11 150 343 326 377 216 
3.77 -5.65 18.01 3.9400 2.6900 13.9400 -0.5756 -1.6433 -0.0578 0.82 -9.41 2.61 160 341 323 353 215 
0.81 -7.75 -4.00 0.1500 2.2000 -6.3700 4.0700 -4.5133 0.5011 1.38 -8.86 3.96 167 327 314 325 207 
8.60 0.39 2.71 3.2200 5.3500 -2.5300 7.4778 -2.8900 -0.1322 6.33 -1.16 7.39 185 349 330 370 215 
14.28 8.49 13.81 -0.0500 4.8500 10.6900 -1.2822 -1.9811 0.5100 7.79 1.22 5.81 174 348 341 379 215 
7.83 0.95 5.51 0.3700 -0.1800 0.2800 0.1489 0.0967 -0.1411 7.95 1.34 5.57 176 346 340 383 214 
;
7.61 1.54 5.67 -0.2100 0.1000 0.0400 -0.0211 -0.1011 0.0022 7.97 1.38 5.54 176 348 341 381 215 
7.92 1.24 5.60 -0.1500 -0.1100 0.1600 -0.0100 -0.1833 -0.0044 8.09 1.36 5.36 175 350 341 379 214 
7.96 1.39 5.51 -0.1800 0.0300 0.2100 -0.0511 -0.2211 -0.0067 8.21 1.34 5.19 173 349 340 380 217 
8.27 1.39 5.17 -0.0400 0.0400 0.1600 0.0644 -0.2767 0.0056 8.40 1.35 4.87 175 349 342 383 216 
9.49 2.10 7.28 1.0200 1.4700 3.3200 -2.9944 -1.9389 1.5656 9.11 -0.75 3.54 201 334 331 351 219 
6.91 -1.60 0.35 -1.8700 2.0600 0.7400 -2.5267 -6.0356 2.7122 7.80 -4.21 -4.17 212 301 319 348 223 
-1.18 -3.27 0.49 -6.0800 2.3900 7.3800 -4.2556 -0.1522 1.2622 3.23 -2.42 -8.93 210 320 317 360 227 
4.83 -1.56 -15.61 1.2100 -1.1700 -4.5500 0.4456 0.5511 -0.0233 3.94 -0.83 -8.94 212 330 321 366 226 
4.16 -0.89 -8.47 -0.2800 0.3400 -0.5500 0.5489 -0.0567 -0.4178 4.24 -1.31 -8.74 207 312 315 360 225 
13.18 -0.92 -11.29 5.3400 1.6800 -4.5700 1.5911 7.7844 4.4478 7.11 -5.79 -3.45 165 361 333 404 218 
3.15 -2.24 -2.84 -0.8600 6.4600 -3.7300 -4.1733 8.5689 3.7500 1.82 -9.63 0.05 178 389 352 442 219 
-2.44 -6.18 -7.60 -2.9000 3.2400 -6.6900 -1.8233 -0.5367 0.3578 0.16 -8.76 -4.39 148 367 352 427 214 
-0.84 -5.06 -8.18 -0.7900 3.1800 -1.2100 6.5833 0.9056 -0.2422 0.68 -9.56 2.07 141 347 336 380 216 
3.12 -8.61 10.18 1.9000 2.7200 6.3500 -4.5056 -0.8867 0.9878 -0.09 -9.77 -0.76 132 334 319 363 214 
-6.38 -4.94 -24.19 -4.7100 5.5800 -18.9700 6.1789 1.2111 -1.2878 0.02 -9.79 -0.49 135 348 335 382 218 
6.28 -9.37 19.78 3.7400 -0.8900 13.0800 -2.8389 -1.9911 -0.3478 1.52 -9.44 2.16 150 332 326 380 214 
-0.38 -7.27 -5.57 -1.5000 2.7800 -6.5400 2.7856 -3.4022 -0.3644 2.28 -9.33 1.95 155 313 311 339 210 
5.96 -2.64 -1.41 2.2600 5.1300 -4.3700 9.3056 -5.0233 -2.0000 6.83 -3.04 6.34 181 347 332 363 217 
14.45 1.86 8.72 5.9100 3.5200 3.8400 1.3844 -1.3789 -0.2333 9.07 -0.82 3.62 180 350 340 372 215 
;
