1.84 5.30 8.16 -0.1800 0.0400 0.1000 0.0278 -0.0144 -0.0367 1.97 5.24 8.04 174 364 368 392 210 
1.92 5.33 7.98 -0.0200 0.0600 0.0400 0.0056 0.0811 -0.0167 1.91 5.25 8.05 174 366 368 393 210 
3.66 7.95 10.97 -0.0300 4.5700 5.3900 3.4411 1.8089 0.7578 1.10 7.35 6.38 185 341 324 406 215 
8.35 6.83 8.03 2.8000 0.6400 2.5900 -0.2789 -5.0811 5.9722 8.45 2.95 3.99 206 167 185 185 158 
6.17 2.51 1.57 -5.2600 0.6100 -1.5100 0.2200 1.3478 3.1389 8.92 -2.00 3.53 210 168 183 187 142 
-9.10 -1.29 -2.63 -18.6000 3.7900 -4.5500 1.3344 -2.1967 -4.6778 9.76 0.00 0.92 208 174 185 186 140 
25.20 10.87 3.78 13.4100 5.6600 3.8400 0.6156 -0.3789 0.3422 9.02 3.82 -0.15 209 177 190 195 145 
8.48 5.74 1.99 -0.2200 2.4200 1.7200 -1.1211 -0.1867 0.9800 9.35 2.94 0.14 209 182 183 205 165 
9.76 4.06 -0.91 -1.8800 2.4400 -0.8100 1.0956 -3.6433 3.7144 9.25 -1.30 -2.97 207 351 349 389 223 
-0.34 1.72 -3.38 -8.9200 3.7200 1.5300 -3.9078 -1.6133 3.6000 2.37 -2.27 -9.24 199 318 302 358 227 
3.17 -0.03 -13.21 0.0500 -1.2400 -4.7000 -2.4456 1.3300 -0.8322 2.54 2.14 -9.22 203 304 269 339 222 
3.77 1.84 -9.31 0.3200 -1.0600 0.0200 -0.0267 0.3478 -0.0356 3.06 2.60 -8.94 202 315 279 343 223 
8.09 -0.33 -15.06 6.0300 -3.0600 -8.8200 1.8189 0.3444 -0.0422 3.46 1.51 -9.04 205 381 309 374 227 
4.52 4.85 -10.82 -4.1200 14.8600 -1.9900 6.9244 3.4089 4.2078 4.90 -8.37 -1.40 212 425 357 422 225 
-2.30 1.44 1.66 -4.8600 9.6300 0.2800 0.0444 0.8378 -0.0622 3.14 -9.17 1.46 212 424 371 422 225 
2.40 -6.90 0.60 -0.9500 1.7300 -0.6600 -1.0844 -0.4844 -0.9022 4.09 -8.90 0.23 207 414 350 399 222 
2.75 -4.24 -1.52 -2.9700 4.1600 1.1100 -1.2778 -0.9533 -2.0911 6.20 -7.18 -2.45 194 304 277 322 219 
8.19 -3.99 -8.89 3.0800 -0.9800 -6.3500 3.6133 1.0433 -7.0722 9.69 -0.79 -1.22 200 331 331 392 222 
13.46 3.14 3.65 1.6000 0.9400 3.9800 -2.7322 -7.4500 6.4411 7.61 -2.04 -5.82 201 302 268 311 223 
-0.90 0.40 -5.76 -2.0800 4.3200 1.4100 -3.7489 -0.4067 1.6011 1.73 1.35 -9.55 204 271 276 320 225 
1.42 2.52 -12.12 0.8300 0.8600 -2.2500 0.4200 0.2378 -0.2778 2.38 1.80 -9.33 205 288 294 336 227 
3.10 1.52 -9.13 0.5300 -0.0600 0.0800 0.1533 0.1178 0.1833 2.50 1.53 -9.35 202 294 296 341 227 
4.17 2.22 -9.74 1.8500 1.0100 -0.9200 0.8178 0.6278 -0.2267 2.96 0.78 -9.31 204 297 286 330 227 
;
