1.89 0.64 9.67 0.1700 0.0500 -0.0300 0.0022 0.0778 -0.0067 1.68 0.59 9.64 184 353 366 397 216 
2.78 0.85 9.98 1.8900 0.4800 0.8500 0.4011 0.9711 -0.0656 1.09 0.75 9.71 193 352 342 414 227 
5.21 2.27 14.15 2.5700 0.0000 3.7900 0.7789 -4.0233 4.3167 3.25 0.75 9.22 209 214 199 206 135 
13.87 -0.56 -0.64 4.7200 8.3000 -1.0200 7.8289 -1.0044 2.2767 9.75 -0.05 0.96 214 176 182 183 120 
-4.88 2.42 3.73 -13.0700 3.8800 3.3600 -0.8522 0.7467 -3.3689 9.74 1.10 -0.11 211 183 189 190 122 
21.26 4.69 -0.76 5.7000 -0.2100 1.7600 0.0622 -0.0378 0.9122 9.42 2.62 -0.70 213 188 191 194 128 
8.68 3.62 1.16 2.2500 1.4100 0.7800 0.0000 -0.2644 0.4311 9.62 1.58 -0.98 213 318 281 272 186 
13.27 -2.78 -0.68 3.5000 -3.2400 -0.8800 0.2178 3.4822 1.5011 9.47 -0.74 2.39 218 402 367 420 231 
10.33 -5.09 -0.17 0.0500 -1.9600 -1.9700 1.3067 0.9544 0.5956 8.88 -3.07 2.79 220 432 380 434 234 
6.10 3.93 0.93 -2.9000 5.2300 -3.1400 1.3633 1.3789 0.3022 8.34 -1.79 4.82 225 445 391 442 237 
5.33 2.77 5.68 -3.1500 4.5700 0.8200 0.0400 0.4844 0.1522 7.92 -1.86 5.47 221 437 381 440 233 
9.42 3.88 4.66 1.5200 6.0500 -0.2100 -3.4844 -1.4256 -0.6089 8.64 -2.69 3.76 204 350 345 377 235 
8.79 -5.07 -4.76 -2.7900 -2.4800 -5.0200 -3.3689 0.5700 2.2933 7.83 -5.80 1.05 201 290 279 329 230 
2.72 -10.72 0.03 -4.2300 -2.8500 -0.4600 -0.4500 0.2722 -0.2667 7.15 -6.65 0.80 211 309 290 346 231 
5.00 -5.69 -0.09 -2.3300 1.1600 -0.5800 0.8344 -0.3844 -0.7622 7.74 -5.99 0.51 213 315 296 338 230 
6.90 -0.87 2.33 -1.5000 3.4500 -0.3400 1.1900 6.2878 -5.0056 7.69 -1.60 5.85 214 363 330 355 223 
;
