0.78 5.93 7.77 -0.1100 0.1400 -0.0700 -0.0744 -0.0078 -0.0011 0.87 5.72 7.91 166 389 356 376 205 
0.79 5.69 7.96 -0.1100 0.0100 -0.0300 -0.0589 -0.0278 0.0122 0.90 5.64 7.96 168 389 355 376 206 
0.87 5.67 8.04 -0.0900 0.0400 0.1100 -0.0267 -0.0200 0.0156 0.93 5.59 7.99 169 390 352 380 203 
1.67 6.21 7.93 2.1300 0.6700 0.4100 0.9322 1.2789 0.1456 0.44 6.03 7.71 174 401 365 388 206 
-2.11 9.62 11.99 -0.9900 3.3800 5.0400 -2.6767 -1.2833 4.3156 0.58 5.09 8.35 198 243 243 256 201 
6.76 2.16 5.16 0.2500 -0.6100 -2.6600 4.1700 -3.8011 4.9111 8.84 0.90 4.13 208 176 182 171 139 
-1.26 -2.15 -0.84 -13.6800 -0.0700 -4.2800 1.0356 -1.2956 1.0256 9.23 -2.34 2.31 210 177 184 185 131 
21.10 12.80 -3.04 19.3500 8.1800 -5.1500 0.2867 -0.0200 -3.4167 9.33 2.98 -0.10 210 181 187 191 135 
9.29 3.42 1.42 -0.9000 0.6900 1.8400 -0.5922 0.2033 0.2233 9.41 2.71 -0.27 210 182 189 194 140 
13.19 6.50 0.82 4.3000 4.4500 1.7100 -1.7533 0.5800 0.6644 9.61 1.93 0.19 208 241 213 244 182 
11.94 6.17 2.96 1.3300 6.4200 -0.6400 -5.9333 1.5056 4.0400 8.77 -3.69 2.35 209 395 322 367 207 
5.04 1.71 -6.79 -0.7600 9.3600 -5.4800 -4.3022 1.0822 4.9144 3.59 -8.86 -2.14 193 387 321 373 208 
-5.29 -4.65 -13.92 -6.6100 3.5500 -11.7200 2.0989 0.1000 0.6167 0.73 -9.08 -3.61 155 352 339 382 209 
1.15 4.87 -7.82 0.0900 15.9300 -12.1100 11.2467 0.0089 -0.7844 1.77 -4.22 8.67 188 377 347 405 214 
2.55 18.24 17.98 0.0900 13.7300 10.3700 4.5667 -0.8100 0.8344 1.75 6.03 7.53 191 379 362 409 214 
-0.81 9.91 13.25 -6.2200 3.6700 8.4700 -0.5678 -2.9056 0.0033 3.68 5.95 6.86 193 353 290 333 210 
9.05 5.88 6.84 -0.4600 3.1200 -2.7000 -4.4900 -9.4822 6.9244 9.05 -3.23 1.90 103 276 152 157 117 
7.60 -2.72 -3.90 -3.3000 5.5700 -3.2700 3.6233 2.2433 2.9567 2.56 -9.45 0.44 105 297 165 162 122 
-4.49 -5.21 0.42 -4.0900 3.3800 -1.9400 -0.0422 0.5667 -0.9844 1.81 -9.46 1.82 110 316 175 168 124 
11.38 -14.39 -20.18 9.8200 3.3800 -11.0000 6.2200 1.5878 2.6189 0.41 -7.56 6.22 107 347 183 171 126 
-8.19 2.29 17.15 -5.8300 5.4000 5.7600 -1.1178 -0.1344 -1.3489 -0.40 -5.86 7.85 109 347 184 173 127 
;
