3.41 1.83 9.01 0.0900 0.0500 -0.0800 -0.0389 -0.0022 -0.0267 3.27 1.74 9.07 165 365 363 387 207 
4.15 1.26 9.62 3.0400 -0.3200 2.2800 1.8300 1.0311 -0.3700 2.48 2.90 9.03 195 344 336 398 212 
5.14 5.67 10.88 2.3700 0.7500 2.5100 -3.3667 -0.1078 3.3489 2.26 -0.23 9.53 203 283 257 260 190 
6.86 -4.72 0.77 -0.4100 6.0500 -6.5100 3.2267 -4.9100 2.1489 7.53 -1.49 6.09 208 168 176 176 113 
-1.82 -1.07 -1.38 -12.3200 1.4200 -6.0300 3.1622 -3.3522 -0.1456 9.29 -0.42 3.11 207 178 184 185 119 
22.23 7.36 4.78 11.0300 3.5700 2.7400 0.3256 -0.7300 -0.1611 9.40 2.36 1.46 208 181 184 189 121 
9.05 2.83 1.50 -0.5300 0.7300 0.3300 -0.1378 0.0467 0.0211 9.47 2.15 1.30 208 183 188 191 123 
18.29 7.58 6.59 8.0200 6.5700 6.3000 -1.6900 0.3578 2.8889 9.63 -0.21 1.81 205 192 196 208 137 
11.94 2.43 -1.30 4.5300 5.6300 -5.1400 -5.3722 6.7300 3.3811 6.77 -6.28 3.27 206 399 330 376 211 
6.19 -4.63 -2.19 1.1400 3.7200 -3.9700 -4.7767 2.2444 1.5300 3.30 -9.23 -0.08 198 400 354 387 214 
1.58 -6.29 -7.49 -0.5300 2.4900 -3.8900 -2.3633 0.0700 0.9256 1.68 -8.43 -4.71 191 397 357 395 213 
1.21 -7.23 -8.78 0.5400 1.3500 -4.1500 1.5911 -0.9611 0.2489 0.79 -8.73 -4.38 188 361 346 387 213 
0.67 -4.27 -7.18 0.9600 5.6300 -6.6600 4.4967 -2.2856 -0.5789 0.34 -9.78 0.52 191 350 344 388 214 
3.43 6.27 2.31 2.8600 14.0500 -2.2300 9.5978 -0.2722 1.4033 0.20 -2.36 9.51 198 377 354 402 215 
-0.89 9.19 16.52 -1.8500 5.1200 6.8600 2.2044 -0.8689 1.5289 0.63 4.29 8.79 199 375 358 401 215 
0.03 5.82 9.46 -1.1000 1.7400 0.9500 -0.8800 -1.0344 -1.0378 1.38 3.97 8.85 198 395 354 387 216 
1.64 4.24 10.57 2.0500 1.5900 1.4200 -4.2344 -0.3811 0.1978 2.10 -0.98 9.52 197 257 235 216 140 
-6.61 -2.10 8.02 -1.4700 0.0700 -0.3300 0.1744 3.7167 3.0456 -6.14 -0.61 7.62 204 156 163 167 105 
-5.03 -1.63 5.14 3.4800 -1.6800 -3.4000 -0.8078 -0.0100 -0.0444 -7.46 -0.20 6.35 208 161 156 164 105 
-7.39 2.90 11.27 -1.2100 -0.0300 4.1400 -0.1056 -1.0811 -0.1800 -6.34 0.26 7.47 208 170 156 165 106 
-7.66 1.40 9.47 -0.1400 1.3400 0.7100 -0.1400 0.2911 -0.2211 -6.18 -0.47 7.59 208 174 158 167 108 
-4.99 -0.50 7.33 1.6100 0.3200 0.1800 0.0733 -0.0211 -0.1822 -6.34 -0.54 7.45 209 178 163 169 110 
;
