2.78 6.39 6.90 0.0000 -0.0200 -0.0100 -0.0233 0.0700 -0.0322 2.69 6.38 6.94 180 334 323 318 208 
2.60 6.30 6.92 -0.2100 -0.0600 -0.0200 -0.0300 0.1222 -0.1411 2.49 6.38 7.01 178 330 309 311 208 
2.85 6.90 7.69 1.9200 1.1300 1.0500 -1.0133 0.3667 0.2978 2.05 5.97 7.49 187 273 279 263 189 
-1.04 0.57 13.10 -1.3900 -3.0900 4.2200 -2.3456 -2.0178 -0.2289 1.85 1.75 9.46 208 154 161 168 121 
12.74 6.47 8.54 2.4100 4.1800 3.4700 0.2756 -2.6056 4.4856 9.11 0.10 3.60 209 168 180 177 125 
-10.49 -3.39 1.24 -23.7700 -0.6200 0.8500 -0.9511 -4.0433 -1.6333 9.67 -1.46 -0.68 208 169 167 179 127 
30.07 7.63 -12.59 15.4100 1.3600 -5.3100 0.4800 -0.4944 0.9044 9.23 2.18 -2.49 207 174 186 181 128 
8.93 2.20 -0.57 -1.2100 0.4500 1.3900 -0.3211 0.1622 0.0856 9.42 1.74 -2.08 208 176 183 185 131 
8.62 1.97 -3.02 -0.6600 -0.1300 -1.1400 -0.0567 -0.1322 -0.3222 9.31 2.16 -2.18 208 181 182 186 131 
12.52 4.99 -3.83 5.9700 2.6100 -3.4400 0.9444 -1.5144 1.0400 9.15 1.39 -3.21 194 338 192 188 138 
-0.47 -0.06 6.28 -10.7400 0.7500 6.9100 0.7322 -0.9100 2.0356 9.67 -1.57 0.19 130 392 183 175 127 
0.51 1.13 -4.76 -8.4800 2.3900 -4.8600 -1.7189 -1.5522 -1.9144 9.73 -0.04 -1.14 127 395 191 178 124 
17.26 4.88 -11.57 8.3400 3.4200 -8.8900 1.6722 -0.7311 0.1411 9.40 1.39 -2.40 127 393 192 179 128 
17.85 2.39 -0.02 8.4100 2.7700 2.2400 3.0322 3.1589 1.8389 9.69 -1.42 -0.31 135 397 195 184 131 
4.24 -0.45 5.69 -6.3500 1.2700 3.0300 -0.1422 4.9978 0.4067 7.27 -2.70 5.99 140 397 200 188 132 
-3.10 -3.59 6.41 -8.0900 0.9700 -0.7400 -1.6400 -0.8333 0.4667 5.99 -4.67 6.19 140 396 198 187 133 
-0.40 2.10 0.18 -7.5100 7.6300 -5.3700 -2.8833 -1.9067 -3.2433 8.64 -3.94 2.41 137 392 195 187 131 
14.06 5.94 -10.64 3.3800 4.8800 -11.4300 2.1356 -2.1522 -2.2867 9.76 0.85 -0.25 137 389 197 188 133 
21.88 2.13 -1.99 9.3600 1.9000 4.0600 3.3456 -0.2589 1.2278 -0.01 -0.01 -0.01 156 355 183 199 143 
-0.01 -0.01 -0.01 -0.0100 -0.0100 -0.0100 -0.0011 -0.0011 -0.0011 -0.01 -0.01 -0.01 200 395 365 413 216 
;
