5.35 2.73 7.80 0.2800 -0.2100 0.0100 0.0144 -0.0178 0.0189 5.13 2.97 7.80 166 318 315 318 200 
5.01 3.16 7.67 -0.0500 0.1900 -0.1400 0.0389 0.0722 -0.0444 5.08 3.00 7.82 169 317 313 320 200 
8.03 4.01 7.83 4.0400 0.9500 -0.0700 -0.0144 3.1311 0.2378 3.39 2.94 8.71 184 340 340 359 204 
1.54 5.47 9.58 5.2200 1.5700 0.8000 -1.1811 -1.4256 5.3733 1.86 1.58 9.49 207 253 275 270 192 
2.54 0.05 8.23 -1.8900 1.1800 -1.1300 0.4456 -5.9867 2.6344 7.26 -1.12 6.48 205 174 182 184 119 
4.03 -0.17 0.42 -9.6600 2.0800 0.0200 2.7444 -1.1633 0.4744 9.46 -1.64 1.97 208 177 182 190 117 
33.85 17.25 -0.51 26.5400 11.3100 0.5600 0.4133 -0.3633 -1.6944 9.19 3.33 0.65 209 184 188 197 120 
7.23 3.36 2.55 -2.4200 0.6800 1.2000 -0.5422 0.0944 0.0800 9.45 2.59 0.38 206 186 190 197 125 
12.32 6.24 2.05 5.1900 4.2500 2.5800 -1.1722 -0.8100 1.3844 9.70 1.41 0.06 206 328 286 283 182 
16.18 3.74 3.22 4.6500 5.0200 0.0500 -4.5433 5.2356 2.9867 8.55 -3.37 3.41 182 377 333 362 204 
5.10 3.29 -2.86 -0.3700 10.1800 -5.8700 -7.2856 3.8144 2.1900 3.51 -9.14 0.49 173 380 340 368 207 
3.70 -3.08 -11.57 -0.3100 3.6200 -8.9000 -2.9200 0.2278 0.5433 2.12 -7.41 -6.05 175 380 346 369 206 
1.35 -4.04 -13.09 1.8400 4.6900 -7.5100 4.9189 0.1700 -0.3778 1.64 -9.20 -2.95 172 349 324 352 202 
4.35 4.67 -1.51 3.6100 13.6100 -6.7100 8.5844 -0.9078 3.2000 -1.02 -5.01 8.36 183 367 343 386 208 
-5.93 18.18 19.16 -5.0200 12.7500 11.8900 3.2889 -1.0522 2.6244 -0.57 5.02 8.40 191 378 354 386 211 
-3.10 6.76 14.32 -3.9200 2.8400 4.5400 -2.8567 -2.4089 -1.7556 1.38 3.16 9.17 185 359 246 225 158 
8.55 3.10 7.62 3.3400 3.4000 -1.1000 -3.2844 -9.1811 3.2678 9.08 -2.78 2.44 136 387 190 167 115 
3.67 -3.36 -1.09 -4.0700 2.6200 2.7600 1.6178 -3.5289 2.4967 4.61 -7.78 -3.76 122 412 189 169 115 
2.02 -6.57 -2.97 -1.7100 1.4100 -0.9400 1.2056 1.0122 -0.4456 4.60 -8.50 -1.64 128 422 190 171 117 
7.60 -7.18 -0.61 2.4600 0.7800 0.3800 1.3722 -1.1000 -0.5167 5.06 -8.35 -0.78 129 424 200 176 122 
6.38 -7.02 -0.19 -0.5500 0.5100 -0.6000 -1.8856 -0.7911 0.3500 5.23 -8.20 -1.21 137 421 203 183 124 
7.82 -8.73 -6.91 -15.0000 8.6200 15.3100 -0.6033 -2.1744 0.2944 5.26 -8.27 -0.15 128 410 200 185 124 
5.21 -4.26 1.05 0.9000 3.7100 2.1100 -3.1400 -0.1822 -0.9122 5.76 -7.45 -2.70 149 407 218 206 147 
;
