9.00 3.12 2.84 0.1200 0.0700 -0.1200 -0.0011 0.0567 -0.0456 8.85 3.04 2.90 201 351 353 386 224 
8.78 3.19 2.84 -0.0800 0.1700 -0.0400 0.0244 -0.0400 -0.0044 8.86 3.06 2.87 202 350 354 385 225 
9.66 3.40 5.93 0.4800 0.9000 3.1500 -2.7544 -0.8400 1.3567 9.29 1.74 2.59 216 263 260 258 169 
10.92 -3.20 0.46 1.3900 -2.6900 -0.3600 0.9589 -0.0400 0.4067 9.42 0.42 2.68 219 180 185 194 127 
0.64 -0.40 -0.50 -10.4800 0.3400 -2.1600 1.3656 -3.5811 0.9878 9.73 -1.16 0.29 218 188 186 198 127 
17.62 3.76 -1.66 7.5900 2.6300 -1.5400 0.3456 -0.3378 -0.3111 9.75 1.01 0.16 218 192 192 204 133 
9.84 2.42 1.41 0.1000 1.5500 0.5500 -1.2200 1.0600 -0.1711 9.70 0.81 1.15 207 202 197 217 155 
8.64 0.89 -1.33 -1.1500 -0.5500 -4.2900 2.1689 0.9178 0.5378 9.29 0.70 3.04 209 340 326 358 209 
7.97 1.43 7.75 -1.1200 0.1500 4.5000 -0.6867 -0.6178 0.0633 9.30 1.14 2.87 213 354 350 369 214 
11.93 1.49 4.04 2.0600 0.4100 0.6800 -0.7500 0.3767 0.6633 9.29 0.45 3.08 219 321 342 346 212 
1.86 -4.80 0.46 -10.3300 0.2000 -0.2800 0.5711 -5.1722 -0.2033 9.71 -0.91 -0.96 221 186 198 208 133 
21.98 5.68 -7.96 9.4300 2.4400 -6.1600 0.6567 0.3567 -0.7022 9.59 1.97 -0.53 221 195 206 220 139 
9.08 2.70 -0.52 -0.1000 1.2700 -0.0300 0.0144 0.6456 -0.2278 9.60 1.95 -0.23 220 199 208 216 147 
;
