7.91 1.96 5.04 -0.3100 0.0300 0.0400 0.0256 -0.1867 -0.0644 8.22 1.99 4.95 184 302 264 278 172 
8.44 2.17 4.99 0.1300 -0.2500 0.2900 0.1622 -0.2522 -0.1033 8.36 2.18 4.62 194 299 267 281 174 
16.57 2.67 9.55 7.0800 1.5600 6.9400 -1.5500 -4.0656 -0.0244 9.58 1.92 0.83 204 188 194 196 119 
4.49 1.12 -1.18 -7.3600 -0.1100 -2.1900 -0.2689 1.2033 1.8811 9.68 -0.52 1.45 210 202 203 202 123 
-3.71 0.68 1.95 -9.2200 3.0400 -0.0100 -1.2867 -1.1111 -2.8422 9.75 0.87 0.44 211 203 205 205 126 
13.60 0.94 1.18 2.9600 -0.3600 1.6400 -0.0556 0.4789 0.4233 9.74 1.06 -0.10 210 207 202 207 127 
12.94 4.68 2.84 5.0400 4.0000 3.2500 -1.7011 1.1644 1.3867 9.79 -0.24 0.33 185 335 276 297 189 
11.51 1.95 -0.74 1.8400 5.6400 -2.8900 -4.7544 2.6400 5.8522 6.54 -7.03 1.98 165 401 338 407 214 
-1.11 0.41 -2.34 -5.1800 4.0400 -5.2500 -5.7700 0.9378 1.8189 1.84 -8.60 -4.32 167 403 355 413 210 
-0.58 -3.74 -13.84 -2.3900 4.1400 -10.1900 6.3133 1.4856 -0.8356 2.52 -9.11 -2.59 182 398 358 415 211 
6.59 2.71 26.32 2.0400 6.3600 27.0000 1.4689 2.1244 0.6778 2.26 -6.37 7.10 189 394 358 421 218 
3.53 1.78 -2.51 0.8200 10.6500 -6.4900 -7.2389 -0.2000 -0.0111 2.70 -9.27 -1.69 183 403 360 403 207 
-2.18 -1.45 -9.23 -3.9000 9.0900 -8.6400 8.8933 -1.5189 -1.1233 2.69 -7.88 5.17 191 396 353 416 218 
2.96 -3.38 21.52 -0.4800 2.1100 10.0500 -3.3933 -2.0767 -0.1456 3.65 -6.62 6.24 192 393 351 410 217 
2.32 -3.22 -4.56 -1.7300 4.3300 -6.6200 -3.7867 -1.5456 0.0733 4.65 -8.63 -0.17 172 321 291 313 189 
;
4.33 -1.09 0.13 -0.5700 5.4000 -3.1300 6.8811 -0.9367 -3.6044 7.36 -4.00 5.08 185 337 313 323 197 
11.71 4.32 10.12 3.2000 3.6200 5.4100 2.9144 -0.3844 -0.4456 8.15 2.14 4.99 192 346 318 332 197 
8.16 1.62 11.09 0.4700 -0.2400 4.1400 -0.6467 -1.0189 0.5900 8.56 1.57 4.50 196 333 315 328 191 
12.57 -0.49 6.39 1.8000 -0.1200 0.6900 -2.7122 -2.1311 2.2322 9.39 -1.71 2.23 202 186 187 196 123 
-4.35 -1.78 -0.46 -14.5800 2.8600 -1.2600 1.0478 -1.0322 0.3089 9.00 -3.82 0.67 193 182 188 195 120 
23.01 9.52 3.89 19.4400 6.3300 -0.1400 0.4667 -0.0078 -1.5033 9.52 0.98 2.10 210 187 194 197 122 
6.57 1.17 3.59 -3.1600 0.5500 1.1200 -0.2322 0.1600 -0.1278 9.58 0.81 1.88 212 191 195 202 123 
8.84 4.22 2.07 -0.8900 3.6600 0.7700 -1.2211 -0.8267 -0.1911 9.68 0.90 1.23 209 245 229 244 166 
24.88 7.83 7.11 11.6500 7.9800 8.0400 -7.2389 1.1678 5.0378 9.28 -2.78 -1.44 195 404 354 433 222 
2.81 4.80 -9.77 -4.7300 10.3400 -7.5200 -3.5411 1.8344 6.1400 4.63 -8.15 -2.87 193 410 363 435 219 
-2.93 -2.98 -10.32 -4.3800 5.4100 -5.6400 2.2644 0.1978 0.3522 2.07 -8.96 -3.40 190 395 358 424 218 
1.73 0.54 -1.45 2.3500 8.9800 0.1600 13.4656 1.6122 0.0356 2.24 -5.05 8.09 208 409 342 444 228 
2.77 -1.97 17.75 0.5100 5.0700 3.9900 -7.8867 -0.5178 -0.3900 2.87 -8.21 4.52 182 410 359 444 228 
0.22 -6.15 -17.97 -3.1100 2.8400 -19.5800 3.2200 -0.8789 0.1400 2.48 -9.47 0.50 182 407 365 441 227 
11.63 7.50 23.59 2.1300 11.0000 23.5400 1.8478 1.1978 0.4878 3.64 -4.89 7.67 195 412 358 441 228 
5.79 -5.04 2.46 0.2300 1.2500 -4.8200 -2.1067 -0.4267 0.6189 4.64 -7.77 3.75 175 379 322 386 210 
1.44 -7.59 -2.03 -3.7800 -0.0700 -5.6300 2.6544 -1.5911 -1.9678 6.42 -5.94 4.42 181 334 302 317 203 
;
7.79 -0.03 3.07 1.0300 2.3400 -1.0400 3.8522 -3.5367 -1.3244 9.12 -0.88 3.48 171 327 313 316 201 
15.05 2.38 3.32 6.8000 2.4000 3.1600 1.9989 -0.8333 -1.1744 9.77 0.76 -0.17 199 258 238 242 168 
15.69 0.11 3.52 5.2800 0.9600 3.0200 -0.8778 1.0611 1.3378 9.76 -0.78 0.52 208 186 181 195 127 
-3.78 -1.84 -1.30 -14.8300 0.3500 -3.1100 -0.4144 -0.0211 -0.8156 9.54 -2.19 0.53 212 188 184 207 124 
29.71 8.32 -0.97 19.6100 5.8200 -0.8400 0.4889 -1.5200 -0.4333 9.69 1.21 -0.85 211 197 190 213 129 
10.03 3.72 1.83 1.4700 3.4800 2.8100 -0.7500 -0.5744 0.6267 9.70 0.48 -1.32 205 218 203 222 155 
15.95 4.39 -2.01 5.3000 6.8300 -3.7700 -5.1378 3.9856 5.1400 8.83 -4.20 -0.62 194 383 329 402 208 
4.52 0.25 -6.40 -4.1000 7.9700 -3.0400 -4.3278 3.1911 5.2722 5.23 -7.76 -2.90 189 394 345 413 212 
-0.11 -2.73 -17.41 -3.4900 6.2100 -12.2200 3.4056 0.7067 0.5256 3.89 -8.23 -3.62 195 396 339 425 213 
0.04 3.35 11.76 -2.1600 10.5700 14.4800 7.1989 -0.3544 -1.3644 4.97 -4.86 6.91 196 383 348 434 224 
6.20 -0.40 13.86 1.5700 8.6300 2.0400 -7.4733 0.5567 0.6033 3.70 -8.41 3.40 191 397 361 435 222 
3.47 -3.53 -21.60 1.1100 5.0400 -17.9700 2.0411 -0.6878 0.3011 3.31 -9.19 -0.75 187 393 362 434 222 
7.64 6.31 16.24 3.4700 11.3600 12.7000 4.5878 0.0167 -0.2611 4.66 -4.00 7.63 201 378 357 428 225 
6.64 -1.15 10.60 1.2100 5.6400 2.5700 -5.2378 0.0211 0.7178 5.15 -7.29 4.05 194 393 365 432 224 
;
