3.25 2.30 8.96 0.0400 -0.0800 -0.0200 0.0389 0.0022 -0.0089 3.19 2.37 8.96 194 369 350 361 203 
3.28 2.41 8.91 0.0800 -0.0100 -0.0200 0.0567 -0.0156 -0.0111 3.20 2.46 8.93 191 372 348 363 204 
8.45 4.57 18.45 5.7000 3.2200 10.1600 -1.2956 -0.0111 2.1500 4.50 2.63 8.30 200 256 282 260 164 
9.02 3.66 5.09 -1.3400 2.1400 -1.4900 2.2111 -5.5544 3.2489 9.18 -0.97 3.28 207 174 193 187 119 
-5.43 -2.88 0.23 -15.0500 0.2300 -0.6400 1.8178 -1.0078 0.1744 9.17 -3.20 1.33 208 182 197 193 122 
27.91 6.51 -9.75 22.5900 4.0500 -10.1200 -0.4389 -1.6467 -1.2456 9.61 0.75 -1.75 208 185 200 197 125 
8.51 0.88 -0.09 -1.0200 1.1300 1.4100 -0.9456 0.1411 0.3933 9.64 -0.15 -1.78 209 199 206 211 137 
11.46 1.59 -4.51 0.8400 -0.8500 -2.4100 1.5378 -3.5222 3.0778 8.28 -2.67 -4.51 209 373 335 409 223 
0.56 -2.81 -0.89 -5.6600 2.4300 4.4000 -3.8189 -2.4167 2.8000 4.13 -4.32 -7.76 209 359 345 394 226 
-1.68 -1.68 -7.61 -2.2000 0.2800 1.2500 -4.8289 -0.6000 -0.5167 2.43 1.13 -9.43 210 321 297 347 220 
6.05 0.85 -16.28 4.7800 -3.4500 -6.9300 0.4922 0.7011 0.0067 2.77 3.18 -8.84 210 343 304 364 222 
8.73 1.42 -25.14 3.2000 0.4600 -16.5700 7.8122 4.7544 1.3778 5.54 -3.53 -7.27 216 426 344 431 225 
0.15 2.59 0.41 -4.5000 10.7300 2.5200 1.7233 1.6311 1.6422 4.74 -8.57 -0.48 215 432 362 434 227 
0.62 -2.10 0.96 -2.7800 5.3500 0.7800 -0.5478 -0.0567 -0.5433 4.75 -8.57 -0.19 215 430 368 434 226 
5.32 -6.99 -2.19 -0.1400 1.9100 -1.8100 -0.9022 -0.2489 -0.7889 5.66 -7.88 -1.37 212 414 337 365 214 
1.62 -6.13 -2.88 -3.6100 0.3100 -1.5700 0.5756 2.2678 -3.5978 7.86 -5.84 -0.35 200 329 311 313 201 
;
