0.01 4.66 8.62 0.2500 -0.1500 0.0500 -0.0033 -0.0178 -0.0033 -0.14 4.79 8.55 160 388 364 375 204 
0.24 5.05 8.48 0.3600 0.1700 0.1700 0.5489 0.4711 0.1500 -0.35 5.08 8.37 163 395 361 376 205 
-1.90 7.30 13.49 -0.1300 2.4300 7.7000 0.6533 3.2289 1.6667 -1.61 7.21 6.44 180 335 346 346 209 
7.16 11.70 7.97 5.7600 4.8200 -0.4300 -2.4022 -4.4022 7.8700 6.75 3.82 6.00 205 172 181 179 135 
4.47 -0.39 -0.46 -10.5400 -1.3200 -4.8400 1.0944 -0.7733 2.2944 9.05 -2.17 3.07 211 174 184 188 130 
-1.73 6.61 1.84 -4.0600 8.9400 -1.8700 -0.4978 -2.1278 -3.9644 9.70 1.39 -0.21 211 180 187 197 133 
16.39 3.46 -0.27 4.1000 0.9900 2.0600 0.2278 0.2378 0.2611 9.47 2.09 -1.43 211 184 190 197 135 
9.84 3.34 0.13 0.6600 1.6900 1.0700 -0.6067 -0.2311 0.6922 9.62 1.47 -1.19 203 185 188 201 137 
20.68 -3.81 -6.08 9.9400 -1.8900 -4.1800 5.5111 1.2189 6.0633 7.34 -6.39 -1.12 137 368 178 171 132 
-0.60 -4.65 0.26 -5.2300 2.8600 -1.0000 0.6522 2.1756 1.2478 4.23 -8.45 2.61 129 297 182 169 125 
-0.05 -3.98 5.35 -2.2500 5.3100 2.3400 0.2800 0.0511 -0.2989 3.57 -8.34 3.71 135 381 172 166 123 
2.15 -9.06 1.05 -1.3800 -0.0500 -1.1200 -0.6878 0.3956 -0.6600 3.79 -8.48 3.13 136 357 185 176 125 
9.21 -16.27 -7.43 7.3000 -11.2800 -16.0600 1.6789 1.3311 1.2311 3.04 -8.22 4.38 130 356 184 177 126 
-6.57 18.24 16.94 -8.4500 21.0100 11.5100 2.1844 0.8467 -0.0044 0.07 -1.90 9.61 136 360 189 179 126 
0.32 -2.62 7.24 -0.2500 0.3500 -1.8300 -1.3778 -1.0656 -0.9789 1.43 -3.66 8.98 140 364 192 181 127 
-2.14 -1.69 6.64 -4.7300 3.0700 -1.2400 -3.1944 -1.2000 -3.0067 4.39 -5.67 6.68 156 377 183 181 129 
5.75 -3.08 -1.12 3.1900 2.9800 -5.0700 0.6200 -1.2944 -4.4733 8.85 -1.99 3.69 137 385 190 182 131 
11.33 2.29 1.14 0.1700 2.2300 -1.7000 -0.3467 -2.4711 -0.2278 9.79 -0.28 0.49 137 384 195 184 131 
17.84 4.74 -15.28 11.5300 4.1700 -14.9600 5.0700 0.7278 -0.6078 9.68 1.12 -1.03 144 388 195 186 133 
9.41 7.17 6.44 -1.8400 7.5400 3.1200 -1.3044 4.9133 2.9511 8.15 -2.44 4.86 152 387 196 187 134 
-5.94 -4.22 5.93 -11.4000 0.7300 -1.3100 -2.2978 -0.2033 -0.1067 5.84 -5.49 5.64 149 384 199 187 134 
1.06 0.18 -1.23 -6.3400 5.5600 -5.5200 -0.6700 -2.2600 -2.7222 8.47 -4.16 2.66 147 392 199 187 134 
14.56 5.83 -7.79 7.9600 5.9000 -9.0100 1.4433 0.5544 -4.0422 9.64 1.57 0.77 143 383 205 188 135 
15.22 3.50 3.04 4.4600 2.1400 4.5500 1.4033 -0.6300 1.5144 9.72 0.81 -0.97 146 380 203 191 137 
;
