2.41 3.14 8.87 -0.2300 -0.1400 0.0100 0.0056 -0.0156 0.0022 2.61 3.29 8.85 172 417 374 417 208 
3.24 3.17 10.30 0.5000 0.1100 2.7900 2.0000 0.0489 0.5967 2.90 3.98 8.47 188 375 346 408 221 
11.27 -0.39 7.85 0.3600 -2.0900 -3.9000 0.2311 -4.5333 1.4878 8.01 -0.48 5.62 207 168 187 191 117 
4.29 0.92 1.09 -5.5100 2.6900 -1.7100 1.3322 -1.3622 2.0267 9.02 -2.79 2.63 206 176 197 200 121 
-7.44 -0.19 2.29 -12.9900 3.8700 0.9700 -0.5967 -0.4411 -4.4633 9.73 0.05 1.14 208 181 200 205 124 
15.06 -0.27 2.17 0.2700 -0.8400 2.5000 0.2611 0.9833 0.9189 9.73 0.39 1.10 201 183 200 208 132 
13.14 1.37 1.65 2.7800 1.5000 1.0600 1.3811 -4.0800 2.0800 9.48 -1.59 -1.89 200 375 318 418 223 
5.76 -0.13 1.88 -0.9300 6.3900 8.6100 -3.1022 1.6289 3.1900 4.47 -6.83 -5.42 214 371 339 418 229 
1.51 -0.56 -6.32 -2.4200 3.3600 2.9100 -4.8467 -0.3089 1.1589 2.58 -2.02 -9.23 212 306 279 347 225 
4.93 0.75 -21.47 0.6000 -1.1700 -8.1400 1.2778 1.3289 -0.5233 2.95 0.23 -9.34 212 327 295 371 226 
2.70 -0.40 -8.44 -0.8200 0.4900 0.5200 0.4978 0.6289 -0.3867 3.80 -0.62 -9.01 213 332 298 372 226 
2.13 0.52 -10.10 -1.8100 1.9200 -1.7000 2.0722 2.1044 -2.4700 5.68 -1.39 -7.87 211 349 316 376 226 
7.43 -0.14 -2.86 -3.1400 -0.2800 0.7500 2.0578 7.1833 -3.3556 9.70 1.41 0.25 213 359 311 374 217 
9.92 5.41 8.14 2.3800 2.4500 4.5300 -1.2944 2.0522 -0.4811 8.06 3.34 4.45 213 313 300 324 203 
;
8.95 2.60 2.53 -0.0800 -0.1300 -0.0400 -0.0244 0.0222 -0.0133 9.04 2.73 2.61 185 319 287 310 189 
9.01 2.65 2.53 -0.0200 -0.0500 -0.0700 0.0111 -0.0089 -0.0256 9.04 2.74 2.60 185 320 285 310 187 
9.17 2.72 2.50 0.0900 -0.0100 -0.1300 0.0156 0.0344 -0.0111 9.04 2.77 2.59 185 320 286 311 189 
9.65 2.88 3.36 2.4800 0.5700 1.7800 1.1211 -0.0233 0.3433 9.06 2.80 2.46 208 275 264 251 154 
18.92 5.69 2.33 7.2200 4.7900 2.7500 -0.3622 0.5989 2.8267 9.76 0.48 0.70 210 183 196 196 119 
-4.19 -3.44 -2.20 -17.0600 -2.0400 -3.0300 0.5856 -0.8044 0.3744 9.51 -1.85 1.46 211 190 203 202 122 
22.50 5.94 -1.23 14.0600 3.6000 -2.2400 0.1678 -1.3233 -0.2833 9.71 1.21 0.62 211 195 207 205 124 
7.77 0.79 1.69 -2.1300 0.6500 1.0500 -1.0011 -0.6244 0.5878 9.79 0.20 0.35 209 197 189 204 126 
13.20 0.89 1.09 1.4400 1.7900 1.8700 -0.4700 -3.2522 2.6100 9.27 -2.11 -2.38 208 340 276 311 200 
4.25 -1.32 0.81 -3.0300 3.9400 6.1600 -2.0522 -2.7656 3.2744 4.32 -5.09 -7.17 210 378 352 421 231 
2.49 0.55 -17.26 -2.0900 -0.7400 -8.7900 -2.2878 0.1078 0.6367 2.34 -1.19 -9.44 211 335 313 380 224 
2.47 -2.19 -10.03 -0.3000 -0.4500 0.1800 0.5889 0.4956 -0.2222 2.96 -1.51 -9.22 211 339 309 379 227 
1.65 0.33 -9.72 -2.6000 1.8700 -0.9000 1.0300 1.4200 -1.5311 4.75 -1.75 -8.39 212 324 305 340 216 
6.13 -1.43 -3.85 -2.8900 -0.3700 0.5500 1.9389 6.8822 -2.5778 9.49 -0.80 -2.32 211 359 312 359 205 
7.14 1.54 3.72 -2.0500 -0.2900 -0.2900 0.4744 7.7456 -2.0989 5.24 2.75 7.81 208 383 319 392 211 
;
