0.71 4.75 8.54 0.0400 -0.0600 0.0600 0.0156 -0.0456 0.0011 0.69 4.79 8.52 177 372 369 411 212 
0.85 4.79 8.49 0.0500 -0.0600 0.0200 -0.0022 -0.0967 0.1033 0.84 4.82 8.49 181 372 369 410 212 
0.05 5.43 10.68 -1.9500 0.4600 2.8100 0.0822 -4.0944 1.5889 4.10 4.74 7.53 125 310 348 375 217 
15.06 2.07 4.09 6.1300 -0.5800 -1.5200 -0.2833 -1.8822 3.6278 9.18 0.20 3.44 112 202 198 190 159 
6.30 -0.62 -0.85 -3.3300 2.5400 -1.9700 2.4256 -3.3111 1.6767 9.36 -2.89 -0.19 99 176 179 177 118 
5.79 0.48 -0.36 -3.4700 3.4300 0.4200 2.6078 0.2678 -0.1489 9.23 -3.29 0.34 101 180 182 178 112 
11.09 0.98 -5.64 2.3800 3.9500 -6.0700 2.6367 -0.2656 0.9756 9.27 -3.17 0.19 103 174 167 173 105 
5.54 -4.04 -2.36 -2.5200 0.1900 -1.3800 -1.0344 0.8444 0.1033 8.65 -4.60 -0.14 102 185 186 185 114 
8.92 -1.40 1.68 -0.0800 2.7600 1.3000 -1.5944 1.1500 -0.2411 8.79 -4.33 0.02 104 187 189 185 114 
11.38 -3.08 -2.48 1.8800 0.6800 -2.6300 -0.9756 0.5422 -0.2189 9.06 -3.71 0.41 106 187 187 188 116 
7.46 -4.71 -5.74 -1.3700 -1.3000 -6.9500 0.2622 -0.7256 -0.1356 9.11 -3.61 0.19 107 188 190 186 116 
22.54 -9.67 11.49 9.5300 1.7200 2.7700 -1.1433 2.1489 0.6167 8.84 -4.21 0.42 109 173 181 187 113 
9.93 -4.22 2.81 3.0100 0.2600 2.8900 0.7878 1.4189 0.0700 8.69 -4.17 1.75 112 189 195 205 142 
7.54 -3.06 8.92 1.7400 1.6200 3.8300 -2.7500 2.4622 -0.8444 7.85 -4.46 3.81 158 326 312 354 217 
12.27 -4.05 3.87 7.9600 3.5900 -0.6900 -5.9022 5.9178 1.2489 4.48 -7.75 3.98 185 347 338 422 219 
4.75 -5.54 -0.20 1.4300 4.9000 -0.8300 -4.1689 0.5267 1.1900 1.04 -9.52 -2.08 173 347 328 373 204 
-0.81 -5.90 -5.91 -0.8600 3.0400 -2.1700 -0.7778 0.0333 0.2578 -0.11 -8.82 -4.27 155 343 323 365 206 
-4.57 -5.24 -8.93 -3.1900 4.6000 -6.6100 3.8578 0.1922 -1.4567 0.49 -9.79 -0.17 162 340 334 372 212 
6.12 -7.37 22.07 5.1300 1.1500 18.6300 -1.1867 -0.5367 0.5011 1.05 -9.16 3.33 151 350 341 376 213 
0.83 -6.26 -4.24 -0.3700 3.7000 -4.8700 -3.2189 -0.5444 0.6222 0.45 -9.42 -2.67 147 345 337 341 213 
-1.91 -3.45 -13.15 -3.1600 6.5400 -8.8100 5.6689 -0.0111 -0.8689 1.16 -9.67 1.09 158 351 346 388 216 
4.41 -7.60 18.87 3.1200 0.3100 12.9300 0.2167 -0.4111 -0.9644 2.31 -8.01 5.15 160 352 351 392 214 
0.46 -6.41 2.72 -7.3300 2.4800 -3.6800 0.5556 -7.7844 -3.0833 6.76 -6.92 1.59 161 360 333 365 210 
17.00 2.96 -3.16 -4.4500 5.9800 0.9500 -2.1533 -0.7267 -1.6956 3.96 -3.58 -8.22 174 290 245 262 162 
5.28 0.76 -9.07 3.5600 3.2200 -2.2200 -4.0356 -0.3667 -2.6667 3.20 2.96 -8.78 195 286 245 272 155 
8.20 5.48 -15.90 4.0000 0.4600 -6.2100 0.1911 0.4789 -0.1933 3.23 4.56 -8.05 200 308 269 287 170 
6.81 3.32 -11.36 2.9100 -0.1000 -5.6100 1.5967 -1.2644 0.2311 3.02 3.04 -8.81 197 301 264 277 187 
6.56 6.87 -8.32 0.3900 10.6900 1.9700 10.8667 3.8878 3.3000 5.45 -7.45 -3.28 211 415 353 427 221 
-0.41 -0.50 -0.44 -4.5400 7.6900 -0.3300 0.4289 0.9256 0.4911 3.89 -8.98 0.45 212 421 368 431 221 
2.96 -5.72 0.91 -1.1400 3.1600 0.4600 -0.2789 0.1833 -0.4700 4.24 -8.82 0.58 210 421 366 424 220 
2.80 -4.03 0.74 -3.0800 4.5300 0.9600 -0.5889 -0.2511 -1.5856 5.69 -7.98 -0.08 201 350 342 329 208 
;
