8.24 1.11 5.38 -0.0200 -0.1300 -0.0100 -0.0400 -0.0278 -0.0622 8.08 1.26 5.41 172 324 324 318 192 
7.76 1.73 5.94 -0.0600 0.7300 1.3400 -0.1656 -0.8322 0.2211 8.37 1.11 4.97 129 324 325 337 197 
13.63 -3.01 4.62 3.4900 -0.1500 0.3800 -1.7144 -0.4356 3.0667 8.60 -3.56 3.06 102 197 213 210 134 
5.89 -4.26 0.29 -1.6700 0.2000 -3.3000 1.1111 -0.5111 0.3967 7.79 -5.09 3.07 95 186 191 188 118 
5.36 -3.12 -5.02 -1.0300 2.6400 -8.6900 3.3100 -2.0856 -0.5322 8.60 -3.78 2.77 94 178 183 186 118 
11.50 1.18 2.57 0.2300 1.7900 -0.2700 -0.5256 1.7867 0.9100 8.05 -4.32 3.54 101 190 206 195 124 
6.87 -2.47 5.44 -0.8200 2.0300 0.6800 -1.8989 0.4900 -0.4089 7.64 -5.11 3.38 102 195 204 199 125 
8.36 -5.22 -3.00 0.1200 -0.2600 -5.9400 0.1744 -0.5644 -0.4522 8.17 -4.59 2.86 103 193 206 196 126 
7.34 13.09 39.82 13.5000 -5.6200 4.9500 -1.5222 -1.0900 1.3844 8.64 -4.44 1.26 106 188 197 196 124 
9.25 -4.21 6.19 0.4100 0.5800 2.5800 -0.6556 2.1600 0.7767 7.30 -5.10 4.07 136 310 288 265 186 
4.84 -6.76 5.78 -1.8900 -1.5100 0.5000 -1.3333 2.3644 -0.5400 6.28 -5.13 5.50 171 410 204 206 136 
6.18 -3.50 0.09 0.1000 1.4600 -5.4900 0.6133 -1.1733 -1.2311 7.34 -4.25 4.90 143 415 206 199 130 
17.74 -1.91 9.57 8.3100 1.4900 6.3700 1.8211 1.4344 2.1211 6.96 -2.89 6.27 146 407 216 211 139 
-0.86 -3.65 9.64 -6.1100 0.9300 1.6600 -1.8622 1.5678 1.7456 3.72 -5.78 6.99 146 403 206 214 140 
-1.23 -3.18 2.33 -5.0800 4.2200 -4.0600 -2.0222 -0.4800 -2.0133 4.79 -7.29 4.47 143 408 208 212 139 
8.89 -2.35 -2.66 2.4900 3.1200 -5.8200 1.9611 -1.3478 -2.6344 8.15 -4.14 3.52 142 400 225 219 145 
13.44 -2.18 6.91 4.2000 0.5600 3.5000 0.3800 -1.1578 0.3322 8.96 -2.77 2.84 149 398 227 226 151 
8.61 -2.27 1.71 -1.1700 0.4600 -1.5800 -0.6789 0.1444 -0.0222 8.89 -3.09 2.74 158 371 238 244 169 
7.26 -3.47 1.19 -0.6800 -1.1700 -1.2800 0.5011 0.8133 -1.0544 8.95 -1.75 3.60 171 346 304 329 196 
10.32 -1.07 5.18 1.4200 0.3100 1.4600 -0.1822 -0.8211 -0.0356 9.26 -1.14 3.00 174 345 321 372 205 
9.87 -0.48 3.43 0.5200 0.6300 0.3600 0.1078 -0.2378 -0.0500 9.32 -1.02 2.85 173 346 323 356 204 
;
9.40 -0.93 2.72 0.0000 -0.0700 -0.1100 0.0156 -0.0267 -0.0756 9.36 -0.88 2.77 172 348 323 356 203 
9.50 -0.87 2.77 0.0300 0.0000 0.0400 -0.0311 -0.1111 -0.0422 9.39 -0.82 2.68 172 345 320 353 201 
10.21 -0.71 3.17 1.2800 -0.1800 0.8300 -0.2600 -0.4211 0.2711 9.45 -1.00 2.39 136 317 304 357 201 
13.95 -5.68 1.26 2.8200 -2.8400 -1.9400 -1.5178 2.1000 2.3478 7.54 -4.16 4.66 93 182 202 194 119 
4.88 -1.23 -3.55 -2.3500 3.9800 -8.6300 2.7944 -3.1711 0.3178 7.77 -4.41 4.04 98 185 205 195 120 
11.88 0.84 6.72 -0.5900 6.3000 -0.6600 -0.8933 0.1133 0.3933 8.57 -3.48 3.23 102 191 208 200 126 
9.53 -1.25 4.64 1.0000 2.9500 1.2800 -2.4700 0.8544 -0.3178 8.69 -4.05 2.03 102 192 207 200 127 
8.87 -4.49 -3.32 0.2400 -0.2300 -5.5900 -0.6078 0.1611 0.2144 8.51 -4.45 1.96 103 192 209 200 124 
4.96 -6.96 -5.47 -2.2600 11.1200 34.1100 -4.1600 -2.1700 0.4133 8.78 -4.02 1.67 105 187 202 195 124 
7.82 -4.01 6.89 -0.8900 0.3100 3.1800 0.3800 2.5322 0.4056 7.41 -4.16 4.88 138 348 284 268 186 
3.58 -4.97 4.29 -3.6000 0.3800 -2.3800 -1.2856 -0.0389 -0.7022 6.60 -3.87 6.12 164 416 202 199 129 
10.45 0.17 -0.21 5.0000 3.0700 -4.9500 2.6556 -1.1100 -0.6844 8.05 -1.24 5.44 144 415 214 204 135 
14.45 0.46 11.68 2.9700 1.5500 4.9200 -0.3189 1.6656 3.0733 6.83 -2.93 6.38 146 410 206 207 134 
-3.37 -4.10 5.78 -7.7800 1.1500 -1.2600 -2.2433 1.0244 0.2956 4.15 -6.13 6.42 147 413 208 210 135 
2.67 -1.12 -0.55 -0.6800 4.3100 -7.2900 -0.1922 -0.7700 -2.8311 6.53 -5.30 5.03 141 403 206 211 136 
17.94 -2.38 6.19 7.7200 0.8800 3.9300 2.1800 -0.6989 0.4300 8.06 -2.79 4.83 148 385 217 216 141 
6.21 -2.13 8.58 -2.2000 1.0800 2.4700 -1.5844 0.9967 -0.5644 7.88 -3.78 4.44 156 387 236 231 155 
6.97 -4.30 -0.09 -1.0200 -1.1600 -4.5600 0.0311 1.1122 -1.6989 7.85 -2.71 5.20 173 363 307 313 197 
;
