3.69 2.58 8.67 0.1500 -0.0700 -0.1100 0.0422 0.0122 -0.0011 3.53 2.65 8.75 163 332 320 329 199 
3.53 2.53 8.73 0.0300 -0.1100 -0.0700 -0.0033 0.0189 -0.0400 3.48 2.65 8.77 164 331 322 331 198 
3.99 2.96 9.68 0.1800 0.0200 1.1700 1.0856 -0.9556 -0.0489 4.25 3.52 8.09 123 342 316 371 203 
10.38 7.63 5.22 6.3100 2.2400 -2.2100 -0.1300 -0.5978 3.2767 6.73 3.13 6.40 107 271 293 286 211 
11.58 -0.31 2.11 -2.2000 0.6400 -3.5000 1.5244 -2.5644 3.8989 8.73 -2.12 3.91 98 188 172 183 134 
6.99 1.04 1.26 -2.0100 3.1000 -1.2000 3.4644 -1.0989 -0.0489 9.42 -1.99 1.82 101 179 169 173 113 
7.43 2.63 0.40 -2.7200 3.4100 -0.9000 2.2033 -1.2500 -0.5933 9.76 -0.68 0.61 102 182 165 176 105 
15.67 0.75 9.18 2.2800 2.8800 0.4800 -0.9011 0.5411 1.2756 9.74 -1.11 0.00 101 180 170 181 111 
10.14 2.98 4.10 1.5400 4.6500 3.4700 -2.1111 -0.4333 0.2733 9.70 -1.37 0.02 104 189 176 185 113 
10.00 -0.18 -4.64 0.1800 0.3100 -4.9900 -2.1022 0.0256 -0.4078 9.76 -0.87 -0.26 105 190 182 186 116 
10.43 -1.91 -11.66 -0.8700 -2.0300 -12.8000 3.0989 -0.6078 0.2022 9.76 -0.76 -0.50 103 178 168 177 97 
6.17 -5.17 -2.18 -5.0400 -3.0900 -0.5700 -0.1889 -0.5411 0.0489 9.61 -1.86 -0.42 101 183 173 182 103 
12.51 -0.46 3.43 4.1200 1.8200 5.3600 -0.3444 3.3756 0.4556 9.44 -2.19 1.48 120 227 209 213 149 
16.52 -7.28 4.87 3.5600 0.1600 -3.7500 -6.0644 13.3656 -1.6178 1.47 -5.01 8.29 205 404 182 173 117 
-0.47 -4.60 1.94 -3.3000 2.4300 -2.7900 -0.9067 0.9156 -0.8722 -0.30 -8.25 5.29 192 421 196 184 125 
3.23 -2.80 6.11 3.5400 4.5400 0.3100 1.2711 0.8944 -0.6022 -0.09 -7.42 6.40 184 420 199 185 124 
9.86 -7.79 12.08 9.8500 -1.6400 5.0900 1.1711 -0.9800 2.3978 -0.60 -5.46 8.12 176 422 203 186 124 
-9.31 -6.39 14.39 -8.2100 0.0000 4.6500 -1.9944 0.2822 1.5167 -2.25 -6.29 7.17 177 421 203 188 125 
-6.92 -4.13 5.45 -4.0300 4.0200 -0.2900 -1.3078 1.5400 -1.2067 -2.79 -8.13 4.71 178 422 201 189 126 
-3.88 -2.07 2.90 -0.6200 6.8300 -0.9900 -0.4267 1.7178 -2.2933 -0.82 -9.26 3.10 176 422 200 188 127 
6.36 -2.40 1.34 6.2800 6.3600 -2.3300 1.9867 1.5144 -1.4233 0.78 -8.65 4.55 176 420 202 190 127 
12.94 -4.86 9.60 11.6400 2.0500 3.6400 2.9733 -1.8722 1.6367 0.77 -6.04 7.68 172 412 205 189 127 
-7.88 -9.55 15.53 -10.6000 -3.2400 5.2800 0.0289 -1.6067 1.8167 1.31 -5.50 8.00 173 389 204 191 121 
-0.65 -5.92 8.93 -2.0800 -2.8400 0.6600 6.0100 -10.0733 3.3222 6.43 -2.78 6.85 129 182 175 174 115 
12.11 -3.18 3.95 2.7700 -1.0700 -4.5900 1.3889 2.6833 1.2700 5.88 -2.46 7.44 149 172 166 171 116 
2.78 -1.80 3.94 -3.1300 0.2600 -4.3800 1.0478 2.4444 1.0156 2.94 -1.03 9.29 151 184 160 174 117 
-0.74 1.64 7.94 -1.2100 2.3300 -1.1400 0.8567 -0.2922 0.8056 1.93 0.09 9.61 154 192 161 176 118 
3.01 1.42 9.57 0.7100 1.4300 0.1200 -0.3522 0.1222 -0.8422 2.37 0.02 9.51 151 191 166 178 119 
4.38 2.38 9.25 2.4300 2.7800 0.0900 -1.1156 1.3133 -2.0367 1.26 -0.89 9.68 144 196 166 182 121 
2.46 -5.27 7.18 0.9800 -3.8100 -1.9400 -0.8111 1.0511 -0.6367 -1.01 -2.76 9.35 141 191 170 183 122 
-5.51 -4.35 9.20 -2.5400 -0.6700 -0.1800 -0.3011 -0.3167 -0.2956 -1.34 -3.29 9.13 142 197 175 183 123 
-2.13 -1.54 8.47 -1.8600 1.5900 -1.0500 -0.6533 -0.7256 -0.3544 -0.43 -3.57 9.12 151 216 177 190 131 
-0.72 -2.31 2.83 -1.6400 1.7700 -5.9500 1.6467 -1.7922 -4.1322 3.59 -1.82 8.93 164 256 211 220 159 
;
