2.82 1.59 9.21 -0.0400 -0.0800 0.0000 -0.0033 -0.0133 0.0033 2.91 1.66 9.21 171 332 324 349 203 
2.91 1.58 9.18 0.0000 -0.1400 0.0300 0.1511 -0.0411 0.0267 2.93 1.74 9.19 163 327 316 343 202 
9.85 3.94 14.88 9.7300 3.5700 3.3000 0.3878 -4.3889 3.3067 6.94 0.37 6.91 117 264 297 280 214 
4.79 -2.36 3.37 -3.3500 -0.7300 -1.1700 0.6867 -0.4600 3.1011 7.74 -2.82 5.30 99 176 170 172 124 
8.90 -0.96 0.74 0.5200 2.0100 -2.8500 2.1089 -2.2489 0.3867 8.92 -2.89 2.86 104 180 173 174 117 
9.74 1.31 -1.33 1.4300 4.3000 -2.5200 3.3522 -3.9522 0.7889 9.34 -2.94 -0.47 105 180 174 173 107 
9.74 -0.11 -1.50 -1.3500 3.0600 0.5800 -0.2889 -0.2978 0.1156 8.46 -3.94 -3.00 105 186 179 178 112 
10.72 -0.98 -0.86 2.4600 2.7400 1.2400 -1.7878 1.3933 -0.4722 9.10 -2.63 -2.51 108 188 183 181 113 
9.58 1.45 -3.36 -1.0600 2.7700 -3.3900 -2.0411 0.4933 -0.1422 9.51 -1.89 -1.45 107 190 184 180 112 
5.47 -6.80 -12.81 -9.7700 13.2100 41.2500 -3.4667 -3.2689 -0.4489 9.40 -1.25 -2.46 108 181 179 180 107 
9.67 -2.63 0.54 0.3800 0.0000 3.5300 -0.0789 0.5789 0.5433 9.05 -2.62 -2.68 116 203 199 200 136 
7.06 -4.36 -0.39 -0.7900 -1.9100 2.2200 -1.1178 -2.2122 1.7578 7.78 -3.88 -4.53 192 378 342 390 227 
3.56 -3.48 -8.88 -3.6800 1.8700 -0.7700 -1.4300 -2.8300 1.8689 3.19 -4.64 -8.02 205 355 302 348 224 
0.65 6.72 5.71 0.8700 11.1000 4.0300 -6.9300 -0.7022 -1.3189 1.01 1.84 -9.57 202 334 293 350 223 
6.01 0.00 -9.90 2.4700 -1.3700 0.5700 0.7422 0.7889 0.0144 2.10 1.54 -9.45 201 346 304 357 224 
2.68 1.88 -7.81 -0.2200 1.1200 1.3000 -0.5533 0.9900 -0.4011 3.54 1.80 -8.96 202 339 298 355 221 
11.23 1.01 -13.40 5.6700 -0.5900 -5.7100 0.7133 7.5500 1.3767 7.86 1.18 -5.73 207 220 200 179 103 
4.82 2.87 -5.41 -2.2800 6.9600 -9.6900 -0.4944 8.3533 6.8033 3.03 -5.67 7.40 210 182 180 170 106 
-3.73 0.20 3.91 0.1900 4.8500 -3.3000 0.8511 1.4900 4.2689 -4.99 -3.85 7.50 210 187 181 172 109 
-9.72 1.20 10.12 -4.5200 2.0500 2.5000 0.4622 -0.7789 1.6211 -5.39 0.00 8.19 211 191 182 174 110 
-6.41 1.09 8.66 -0.7600 1.4500 -0.2200 0.2067 -0.2878 -0.8211 -4.72 -0.45 8.58 209 195 191 179 114 
-4.90 0.81 9.68 -1.8900 1.7500 0.4800 0.0311 -1.4056 -2.7656 -3.42 -1.40 9.08 210 218 201 190 123 
;
