13.63 1.33 4.46 5.0600 -0.4700 -1.0700 -1.1500 -1.9622 3.2256 9.11 -0.58 3.55 112 240 214 232 170 
4.40 0.46 -4.36 -4.2500 1.8400 -5.8000 3.9244 -2.2633 0.4589 9.39 -2.80 0.15 101 183 180 189 117 
6.35 2.18 2.09 -3.9300 4.1300 2.2000 3.4022 -1.0522 -0.8678 9.63 -1.83 -0.15 104 187 184 188 114 
15.81 4.25 -9.59 4.4700 4.7900 -4.3100 4.4144 -0.3233 -0.0556 9.56 -1.16 -1.80 106 189 187 194 116 
12.67 4.87 2.01 3.1300 7.0700 2.3000 -2.8933 0.5411 0.9044 9.58 -1.65 -1.24 110 191 190 194 118 
7.38 -3.03 -17.32 -2.1800 -1.8100 -17.3800 1.7156 1.3356 -0.9744 9.74 -1.10 0.26 107 182 184 190 109 
13.00 -2.99 -1.99 1.9300 -1.6300 -0.6700 -1.5678 2.1678 1.4067 9.64 -1.75 -0.21 112 195 199 212 140 
7.02 -5.18 0.06 -1.5100 -2.2900 -1.6900 1.4989 0.0833 0.8300 8.99 -3.20 2.25 207 198 199 206 123 
-1.29 -2.68 -4.53 -14.4100 2.9400 -6.4300 2.6211 -1.8256 -1.5322 9.05 -2.88 2.42 209 184 192 209 124 
37.65 12.44 0.65 25.7900 8.1200 -0.1300 0.4211 -0.1800 -1.0444 9.45 2.30 1.17 212 187 200 214 126 
7.05 2.55 1.86 -2.9100 1.1100 0.4800 -0.1367 0.3489 0.5022 9.65 1.20 1.25 210 187 196 213 128 
8.80 3.79 2.80 -0.2100 2.4800 2.9600 -0.3478 1.2511 -0.2133 9.53 1.09 1.98 190 255 231 251 167 
1.04 2.59 6.06 -3.3300 -1.8100 -2.4400 -3.4789 4.4756 -6.9978 1.93 4.58 8.44 201 352 319 354 203 
6.29 7.38 3.72 6.9600 3.5300 -5.1400 2.7967 -1.6778 -0.4033 -0.11 4.52 8.70 177 317 307 309 200 
;
