6.53 3.47 6.23 -0.1000 0.0000 -0.0100 0.0389 -0.0878 0.0044 6.72 3.50 6.21 218 389 375 415 240 
6.76 3.50 6.12 -0.0100 -0.0100 -0.0400 0.0544 0.0133 0.0222 6.75 3.53 6.16 217 386 375 419 239 
6.66 3.73 6.27 -0.1200 0.2200 0.1200 0.6522 -0.9633 0.4333 7.22 3.55 5.59 212 401 363 418 242 
10.94 3.73 7.85 3.4000 -0.7000 3.3700 -2.2111 -4.5256 2.8922 9.71 0.43 1.25 146 261 286 281 235 
4.55 -7.00 -0.30 -3.6300 -1.0400 -3.4500 0.0900 -3.7700 0.2767 9.36 -2.88 0.49 127 207 211 209 140 
1.35 1.02 -6.26 -7.1900 4.9300 -5.9100 3.0878 -0.2811 -0.9967 9.53 -2.30 -0.03 131 208 210 207 138 
14.83 7.48 -8.29 2.9000 8.6600 -3.5800 4.8433 0.5478 -0.0889 9.62 -1.42 -1.21 130 209 215 214 139 
10.54 3.39 4.11 3.0900 6.3700 4.1700 -3.3378 0.8456 0.2689 9.51 -2.02 -1.27 134 210 217 215 140 
10.39 0.55 -11.59 0.8800 1.2600 -13.5000 -0.3456 -0.2400 1.1333 9.28 -2.79 -1.47 135 212 220 215 142 
18.45 -1.56 29.28 3.5400 2.6100 10.0200 0.6144 -1.0233 0.5878 9.18 -3.39 -0.53 139 209 216 216 142 
5.10 -2.95 3.16 -6.2500 1.8400 2.2200 -1.1633 0.7411 0.2522 8.87 -4.12 -0.63 163 310 299 287 217 
8.71 -1.13 -0.58 -1.7100 0.8100 -0.3900 0.8911 2.1956 -3.2100 9.75 -0.79 0.59 236 418 339 411 252 
10.28 4.35 5.23 6.5500 1.5200 2.2900 -1.6444 -1.8000 0.5367 9.20 2.31 2.46 167 346 368 383 251 
16.20 -0.56 -1.53 2.8000 1.6000 -4.9800 0.1644 1.2100 4.1433 8.74 -3.01 3.25 130 221 222 223 151 
4.23 2.04 -0.24 -3.4700 4.2700 -4.3900 3.3856 -2.9633 -1.2489 9.35 -2.18 1.95 140 207 210 215 139 
6.65 2.74 4.85 -1.5100 5.8200 2.5800 -0.9756 -0.8267 0.9778 9.66 -1.59 -0.41 142 213 221 220 149 
9.23 2.28 1.23 -0.3200 3.8100 -0.2300 -3.4600 1.1567 -0.3089 9.55 -2.10 -0.64 142 216 222 221 149 
12.68 -0.67 -11.37 1.3200 -1.1000 -12.7700 1.8356 0.7056 -0.2056 9.78 -0.50 -0.44 142 203 208 213 142 
9.29 -1.66 -1.27 0.6000 -2.5300 -0.5200 -1.0733 -1.4733 0.8889 9.67 -0.17 -1.61 145 214 222 225 156 
3.18 -3.22 -2.02 -5.2300 -2.2000 -0.3000 -2.4556 0.6722 0.2244 9.58 -1.17 -1.72 165 261 273 278 211 
13.06 1.78 -0.26 4.7100 1.1900 -1.9100 -1.9733 5.5800 -3.6978 8.75 2.46 3.67 215 382 354 419 239 
6.77 6.34 7.99 0.0800 1.5800 1.7700 -0.1300 0.5056 0.3156 6.37 4.11 6.20 223 367 357 370 210 
;
