7.87 1.34 5.68 -0.0900 0.0100 0.1100 -0.0089 -0.0867 0.0000 7.97 1.30 5.54 186 347 346 372 214 
7.93 1.33 5.55 -0.0200 0.0200 0.0300 -0.0078 -0.0333 0.0044 8.01 1.30 5.50 184 346 345 371 212 
7.23 1.40 5.69 -0.1300 0.6300 0.7300 -0.1567 -0.6233 0.3322 8.26 0.98 5.18 157 364 346 363 212 
15.18 -0.81 5.94 5.6900 -0.1700 1.7700 -2.6744 -0.7611 2.3667 8.86 -2.93 2.99 109 222 263 250 176 
4.32 -3.50 -0.07 -3.8900 1.1200 -2.1000 -0.8967 -0.0600 1.0967 7.62 -5.87 1.87 90 177 188 180 114 
3.41 -2.84 -6.56 -1.6700 4.5400 -9.5100 2.7278 -1.2767 -1.0544 8.03 -5.14 2.26 95 181 192 184 115 
13.77 -22.88 33.57 1.9000 8.7800 4.8300 -0.5178 -0.1956 0.9911 8.56 -3.81 2.88 95 183 192 189 117 
9.57 -0.55 4.90 0.4900 3.4900 -0.9500 -2.2778 0.8278 0.1300 8.06 -4.84 2.76 94 184 194 187 119 
8.65 -7.45 -19.79 -1.5800 -3.8500 -21.1500 6.6800 -1.1356 -0.5144 8.38 -3.19 3.95 98 177 187 188 113 
8.80 -4.43 8.11 0.5400 1.0100 5.4400 -0.6133 2.1400 1.2411 7.12 -4.39 5.11 122 220 233 246 193 
9.66 -3.75 5.16 5.9700 2.0000 -1.2700 -3.3467 5.0056 0.3867 3.07 -7.32 5.75 190 396 319 443 221 
0.66 -6.94 -3.75 0.0000 3.1200 -4.4000 -5.1089 2.8811 2.0722 -0.77 -9.62 -1.68 187 371 333 439 217 
1.86 -4.84 -15.48 4.8100 6.2800 -13.3100 5.4422 -0.9811 0.3733 -1.01 -9.73 0.52 168 366 343 416 212 
3.83 13.36 10.44 4.0000 18.0600 7.3300 8.7989 -3.5278 0.5333 1.65 0.01 9.66 170 396 357 416 217 
4.97 3.85 15.92 1.3100 1.7200 2.6300 -1.6911 -1.0678 -0.1056 3.68 0.45 9.07 160 385 351 398 216 
5.76 -2.35 4.05 0.8800 -2.5700 -3.6100 1.2144 -3.2500 0.7756 6.74 0.21 7.11 167 362 345 383 216 
7.12 4.38 0.20 2.1700 4.1100 -2.3300 2.4889 4.6578 -1.0556 7.89 1.61 5.58 176 372 349 379 207 
8.36 0.66 4.36 0.2100 -0.5300 -0.7100 -0.2911 0.0611 -0.0433 8.11 1.21 5.37 172 368 346 381 208 
;
