2.94 3.24 8.72 0.0000 0.0000 -0.0100 -0.0011 0.0222 -0.0089 2.92 3.23 8.78 192 338 353 410 232 
2.92 3.24 8.77 0.0000 -0.0200 0.0000 0.0533 -0.0033 -0.0122 2.90 3.26 8.77 184 351 347 404 232 
2.17 4.15 10.58 2.3900 0.2300 0.2800 1.4089 -7.2389 0.2800 6.67 3.70 6.15 127 292 312 313 235 
13.34 2.18 3.67 2.9200 0.3500 -1.1000 0.0778 -0.5133 3.9278 8.92 -0.68 3.99 117 208 198 204 142 
7.06 0.25 -1.62 -3.4400 2.2800 -2.4100 2.9656 -2.4722 1.4556 9.23 -3.03 1.27 118 197 193 197 121 
4.32 -2.18 0.53 -4.7200 1.0900 -0.7300 2.8422 -1.1989 -0.4333 9.29 -3.00 0.91 115 201 194 199 119 
10.40 2.92 -1.47 3.2400 5.3800 0.3900 2.0167 -1.6556 -0.7389 9.68 -1.54 -0.21 118 198 190 203 119 
8.60 0.96 4.19 -1.3200 1.9400 4.6800 -1.1578 0.3789 0.7178 9.56 -2.16 -0.09 128 215 208 213 131 
11.15 1.75 -5.66 1.5500 4.1400 -7.1900 -1.9722 0.9400 0.3489 9.38 -2.83 0.20 134 220 213 221 144 
3.57 -5.95 -10.42 -5.2600 -3.8800 -10.3600 0.5978 -3.3611 -0.6233 9.37 -2.85 -0.35 143 222 218 222 144 
9.61 -6.43 0.00 1.5800 -1.4600 1.4800 0.4567 2.1456 1.0156 8.84 -4.21 0.51 152 261 248 252 179 
6.66 -7.44 5.23 -2.3600 -1.4900 -0.3300 4.0389 0.4467 -0.5878 8.52 -3.70 3.11 210 460 237 234 164 
6.53 -3.64 -0.07 -3.9900 0.8500 -1.1600 -0.1022 -1.3489 -0.7978 9.06 -3.30 1.75 177 448 235 239 169 
6.64 0.61 -5.39 -2.4800 2.4900 -6.9100 1.4167 -1.4744 -1.6656 9.70 -1.28 -0.53 222 488 285 284 215 
18.91 1.63 -2.91 9.7600 2.7500 -0.9400 2.9644 0.6589 1.2289 9.64 -1.74 -0.16 204 463 260 260 187 
8.55 -0.92 4.83 -1.0200 2.4800 2.1400 0.1100 3.8222 1.9578 7.69 -4.40 4.19 170 431 223 221 144 
-0.90 -4.00 7.90 -7.2800 1.4900 2.0200 -1.2356 0.7322 0.4989 5.40 -6.03 5.52 163 443 233 229 149 
0.65 -1.44 0.68 -5.1900 5.1900 -3.5700 -1.5400 -0.9433 -2.4500 7.39 -5.59 3.19 162 437 232 232 150 
8.81 -0.20 -4.44 -0.1600 2.9300 -6.5900 0.3733 -1.6511 -2.6144 9.53 -1.88 1.26 160 424 233 229 150 
17.15 -0.49 -0.76 7.6100 -0.2200 0.1400 1.4711 -1.4000 0.5856 9.73 -0.82 -0.86 160 424 232 228 272 
11.12 -1.42 1.81 1.5800 1.0100 2.5200 -0.7300 0.6689 1.0144 9.33 -2.73 -1.25 217 414 260 271 196 
14.39 -2.80 -4.04 4.1000 0.0800 -2.9700 -3.4789 5.3711 3.6822 7.75 -5.74 1.75 208 326 352 377 272 
0.43 -5.41 -0.73 -3.3100 3.7600 -2.4600 -2.7900 1.9144 3.7900 1.52 -9.68 -0.32 181 297 299 317 234 
-3.52 -8.16 -1.56 -2.3900 1.1500 0.0900 -0.8533 -0.7267 0.1056 -0.50 -9.55 -2.13 185 294 288 301 218 
-2.56 -8.67 -2.62 -3.4900 0.8100 -0.3700 -0.1978 -3.1633 -2.4611 1.09 -9.40 -2.56 185 292 291 301 216 
3.75 -5.84 -9.01 0.3600 3.0300 -5.2300 0.1767 -6.4378 -4.5956 3.35 -7.60 -5.20 187 283 287 306 214 
6.68 -4.81 -5.72 3.3300 1.9800 0.4400 0.7856 -2.0144 -1.6856 3.25 -7.06 -5.97 192 292 291 310 217 
4.15 -6.64 -4.76 0.3300 0.4900 0.8100 -0.3856 0.8211 0.1967 3.50 -7.00 -5.89 192 295 296 315 222 
6.14 -3.79 -2.58 0.7600 2.6200 3.3800 -1.0511 2.2244 -0.1822 4.83 -6.46 -5.57 193 320 312 322 235 
;
