3.61 0.72 9.11 0.0000 0.1100 0.0100 -0.0022 0.0044 -0.0044 3.64 0.59 9.08 275 456 447 489 312 
3.69 0.73 9.08 0.0700 0.1000 0.0000 0.0000 0.0289 -0.0078 3.63 0.59 9.09 275 456 448 487 311 
2.90 -3.07 11.70 -0.3900 -7.0200 3.5900 0.2500 -3.1700 0.4289 5.79 0.86 7.86 246 442 413 397 288 
17.79 0.45 4.43 7.4700 0.1500 -2.1400 -1.0000 -0.3233 1.6289 8.65 -0.76 4.55 188 295 278 295 249 
10.00 7.45 -6.49 -0.3400 10.5200 -7.5700 4.0056 -3.3111 2.8400 8.70 -3.90 2.28 164 245 244 242 183 
6.59 4.02 1.44 -4.0700 8.7900 -0.5300 4.7022 -3.6222 0.9711 8.35 -4.79 1.85 171 249 249 247 184 
13.07 2.84 1.27 6.6400 5.9400 -1.3700 3.5878 -1.5556 -0.2589 9.06 -3.72 0.20 172 247 243 248 182 
9.35 -1.88 4.55 0.2600 2.3300 4.8400 -2.7000 0.7133 0.4711 8.72 -4.44 -0.51 174 254 255 253 187 
12.19 -2.58 -13.45 -1.0600 -0.0100 -15.5000 2.0078 -0.4533 -0.1278 8.82 -4.27 -0.30 175 245 245 245 169 
14.73 -2.43 0.59 5.6900 -0.4100 -2.2900 0.0644 1.2844 0.5389 8.79 -4.30 -0.41 181 257 256 268 203 
14.09 -0.75 5.46 4.4000 3.8100 0.9200 -4.2222 5.4356 2.1856 5.98 -7.18 2.95 250 389 356 444 304 
3.27 -8.67 -4.09 -0.4400 0.9900 -4.5400 -2.8422 4.8933 1.9422 1.07 -9.73 0.40 250 426 397 506 318 
2.72 -6.41 -8.86 1.9100 2.8400 -9.7400 3.0067 1.0111 0.3467 0.21 -9.80 0.10 242 445 395 476 271 
3.00 7.81 9.45 1.7800 13.6900 4.5400 8.7489 -1.2289 -0.3000 1.78 -2.70 9.25 247 440 404 471 270 
6.90 3.78 13.86 4.4200 8.8900 3.4300 -8.9433 0.3656 0.7344 1.79 -8.23 5.01 237 436 403 472 269 
-1.53 -8.83 -22.39 -3.1800 2.7000 -18.4300 6.4056 -0.8778 -0.3911 0.72 -8.87 4.10 239 424 404 461 268 
4.40 0.65 31.91 2.1000 3.8600 17.5100 -4.1167 -0.5689 -0.4267 2.37 -6.36 7.07 240 436 401 429 262 
2.27 -4.00 -4.84 0.5400 5.3800 -6.3800 -6.0389 2.5633 -0.3422 1.84 -9.48 -1.68 218 403 345 342 235 
1.42 -3.41 -7.23 -2.0400 6.1700 -7.1300 8.2567 -2.1578 -1.8422 4.28 -8.21 3.21 224 370 340 360 245 
;
-1.94 6.31 8.80 -5.5500 8.2700 3.7000 5.7289 1.0078 -2.5378 4.05 1.25 8.83 242 378 365 392 251 
22.65 10.29 24.20 2.2100 -3.0800 8.1500 -1.9122 0.0100 -0.0500 3.81 1.85 8.84 241 369 351 356 241 
6.19 3.30 10.42 1.7100 0.9800 3.0200 -0.4133 -4.7867 -0.1944 7.75 1.92 5.68 183 367 371 388 246 
12.71 -2.27 -5.14 4.2800 -2.5100 -8.4600 -1.9211 -0.9300 3.9667 8.98 -3.33 2.08 123 205 207 205 136 
5.77 3.56 -3.84 -0.8600 8.4100 -7.9400 3.9733 -2.5656 0.2278 8.65 -4.34 1.50 127 213 209 208 140 
9.57 11.49 39.85 15.9400 -11.2500 33.5500 -0.3578 -0.5856 1.9989 9.17 -3.43 0.50 131 215 215 212 142 
12.25 1.52 0.24 3.1500 5.2200 -2.8200 -2.6856 1.5733 0.9011 8.73 -4.44 0.39 131 219 216 213 144 
1.78 -7.58 -17.20 -8.6400 -2.9000 -17.6000 5.6667 -2.2044 -0.2789 8.81 -3.96 1.66 135 213 209 213 137 
12.74 -4.90 5.48 3.3700 -0.2000 4.9000 -0.7633 2.3944 1.2856 8.25 -4.72 2.38 136 225 223 224 161 
9.21 -4.40 -1.86 1.6400 2.1500 -5.8700 -3.1111 3.9044 2.1800 4.04 -8.61 2.35 233 418 384 477 269 
2.25 -4.89 -5.50 -2.4700 3.1500 -6.1400 -4.5556 -0.3611 0.5622 1.18 -9.19 -3.20 239 435 398 477 267 
1.04 -2.12 -15.29 -0.3900 9.1100 -10.8500 13.5156 -0.6267 -0.1722 1.03 -8.67 4.44 248 427 403 465 269 
2.59 1.63 34.47 3.8900 3.8600 18.4800 -4.8011 0.4000 -0.7978 1.76 -5.61 7.84 245 426 406 466 271 
1.12 -1.34 -7.82 -1.5300 7.3800 -12.6400 -5.7122 -0.8200 -0.4256 1.15 -9.67 -1.10 234 410 378 448 260 
1.22 4.01 -4.40 0.5400 13.3100 -7.1500 12.3756 -3.7511 -0.6956 2.77 -4.97 7.98 244 413 397 450 268 
5.81 0.77 20.56 1.4000 4.0900 7.9300 -5.2478 -1.2333 0.3478 4.39 -5.35 6.94 243 423 386 449 270 
3.47 -4.65 -2.41 -0.3900 3.6700 -6.4500 -3.9611 0.5433 -0.2200 3.86 -8.88 1.50 225 353 326 343 239 
;
