2.26 7.40 5.95 0.0300 -0.0200 0.0300 -0.0100 -0.0011 -0.0078 2.26 7.44 5.96 172 343 297 279 191 
2.28 7.46 6.07 0.0000 0.0300 0.0900 -0.0822 -0.0378 0.0356 2.31 7.38 6.01 170 342 278 280 191 
4.64 8.39 8.75 1.5800 1.7300 1.9900 -2.8767 -2.4822 2.5278 4.60 5.19 6.93 110 257 308 323 210 
9.17 1.54 4.78 2.8500 0.4000 -2.2000 -1.8756 -6.3911 2.6344 8.91 0.05 4.08 95 203 208 226 146 
6.96 0.02 -0.94 -3.1600 2.7200 -1.2400 2.7589 -2.3333 0.6244 9.75 -0.99 0.06 98 175 185 189 122 
5.41 1.49 2.72 -3.1000 2.8100 4.4400 2.5344 -0.5611 -0.1278 9.60 -1.75 -0.92 100 180 190 192 126 
14.37 1.13 -1.89 5.1700 1.7300 -2.4500 0.4856 -0.9056 0.2278 9.60 -1.44 -1.35 101 185 194 194 127 
8.72 -14.47 24.15 2.9000 3.0700 3.2700 -0.1389 -0.4367 0.8022 9.44 -1.97 -1.75 106 183 195 197 129 
11.22 1.87 0.06 1.8400 3.8300 0.4800 -2.8644 -0.1811 0.4344 9.29 -1.40 -2.80 106 186 195 197 128 
4.53 -1.53 -10.45 -3.7700 -0.6200 -7.1400 0.1856 -0.2056 -0.6222 9.32 -0.86 -2.91 105 186 195 200 129 
2.12 15.61 39.78 2.5600 12.1600 40.7700 0.5589 0.5822 1.1822 9.24 -1.59 -2.84 109 179 184 193 123 
9.05 -1.77 -1.55 0.5300 0.1900 0.4900 0.7378 0.5156 0.1333 9.48 -2.01 -1.47 110 189 197 203 134 
15.43 0.54 5.62 6.8200 2.5800 4.9600 -2.7333 5.3489 1.0256 8.68 -3.76 2.57 148 335 298 357 214 
8.15 -4.99 3.85 5.9100 2.0400 -0.3400 -4.9233 4.3767 1.4267 4.24 -7.91 3.93 172 393 337 389 218 
4.26 -0.95 -1.18 2.5400 7.6000 -1.3800 -6.0411 -0.5244 0.9911 1.48 -8.38 -4.86 149 380 343 389 217 
-3.39 -0.26 -15.87 -2.4800 9.5800 -9.8800 5.1767 0.3878 -0.9022 1.33 -9.24 -2.98 145 349 338 397 218 
0.66 6.49 19.52 1.3400 13.9300 23.5600 7.9822 1.6711 1.7211 0.44 -4.10 8.89 157 367 367 422 222 
4.42 3.06 16.66 3.2600 11.7000 5.4100 -9.0044 -0.4278 -1.0611 1.61 -9.47 1.96 150 376 354 417 220 
-0.69 -0.62 -27.87 -2.3500 7.1800 -23.0400 2.7667 0.2556 -0.1633 1.38 -9.02 -3.57 148 361 341 405 219 
4.77 7.01 8.87 3.3500 17.4200 9.7000 11.2711 1.6433 0.1811 1.78 -3.27 9.07 167 372 362 414 221 
3.42 -2.64 13.50 0.4700 -0.0600 1.1400 -1.1656 -0.8678 -0.2944 3.24 -3.46 8.57 156 364 353 398 221 
8.05 -5.26 11.04 2.6600 -1.6800 3.4800 2.7333 -4.1767 0.5633 6.22 -2.26 7.23 152 263 157 173 136 
8.72 -1.69 8.93 3.7200 -0.5300 -1.4100 1.6056 0.6089 2.7467 5.46 -0.91 8.09 153 214 174 169 131 
1.89 1.31 4.60 -2.5100 2.4700 -4.0900 1.6622 1.9578 1.5000 3.01 -0.35 9.32 161 220 165 174 134 
1.08 3.00 8.06 -0.8900 2.9900 -1.4900 0.3667 0.0889 0.2489 2.36 0.28 9.51 167 217 180 175 134 
2.15 2.41 9.36 -0.5500 1.8700 0.0400 -0.5400 -0.2956 -0.4978 2.71 0.37 9.41 167 205 185 181 136 
4.52 2.18 8.95 2.4500 2.4100 -0.5700 -0.9222 0.4067 -1.2989 2.17 -0.64 9.53 158 208 191 184 140 
4.95 -1.83 7.97 3.3600 -1.1600 -2.1400 -0.6456 1.2089 -0.8467 0.94 -1.50 9.64 158 205 193 186 144 
-5.41 -3.33 10.83 -5.2900 -1.1700 1.2200 -0.5711 1.0944 -0.7878 -0.22 -2.16 9.56 159 210 197 192 147 
-1.40 -2.03 7.91 -2.5300 0.4200 -1.5800 0.2489 -1.6722 0.3556 1.32 -2.20 9.46 161 223 207 207 163 
-0.17 -1.57 4.31 -4.2000 0.4700 -4.2600 -0.2178 -1.7989 -2.8078 5.43 -1.23 8.07 165 244 245 236 180 
;
