8.87 1.07 4.31 -0.0700 0.1900 0.2200 -0.0178 0.0411 0.0133 8.84 0.88 4.14 179 352 340 389 208 
8.74 1.07 4.30 -0.0800 0.1800 0.1600 -0.0011 0.0211 -0.0078 8.81 0.89 4.19 182 350 339 390 210 
8.74 1.04 4.35 -0.0200 0.1600 0.1100 0.0044 0.0022 -0.0089 8.80 0.90 4.22 183 351 341 391 205 
8.52 0.83 4.48 0.5800 0.1000 0.4800 -0.5900 -0.8911 0.6878 9.08 0.29 3.68 181 311 317 295 201 
14.85 -4.23 2.89 6.0400 -2.0000 1.9200 -2.1589 0.9600 1.8156 9.19 -2.94 1.69 106 159 176 173 110 
8.12 -2.57 -2.51 -2.6300 2.0300 -3.8700 1.4144 -0.1367 0.9289 8.48 -4.68 1.45 97 156 162 172 111 
4.49 0.04 -3.38 -2.6300 5.3000 -5.1300 2.3522 -1.2233 -0.5500 8.73 -4.12 1.68 99 162 166 177 109 
11.47 -0.19 7.32 3.7100 1.7900 1.2800 -1.4111 1.1478 1.0967 8.60 -4.50 1.31 102 163 173 180 117 
9.75 -1.96 2.54 1.4900 3.3000 0.1000 -1.7333 1.5044 -0.0467 8.11 -5.11 2.02 104 167 176 181 119 
5.09 -3.82 -1.33 -3.4900 0.7000 -4.0300 -0.3989 0.3967 -0.7044 8.17 -4.93 2.21 104 168 171 182 123 
0.75 2.25 28.14 0.8800 4.1500 37.5800 -2.5622 -3.1833 -0.2967 9.00 -3.77 0.89 108 173 178 193 125 
11.52 -4.00 5.73 3.7300 0.8100 2.6900 -2.4044 1.8156 2.0500 7.10 -6.13 2.83 165 230 253 279 183 
7.04 -8.42 0.44 2.5700 1.5900 -5.7100 -1.9833 0.0022 3.7244 2.84 -9.32 1.08 116 257 258 271 154 
-2.97 -6.83 -2.92 -3.3100 2.8700 -2.0000 0.6778 -1.2156 2.2100 -1.67 -9.66 0.11 114 245 233 243 144 
-1.89 -8.84 2.15 -0.8100 0.8400 0.3100 -0.1367 -0.9389 -0.8100 -1.20 -9.69 0.86 111 257 247 250 147 
-3.18 -8.60 0.94 -2.5100 1.2000 -0.0100 -1.1178 -4.2556 -2.0933 0.99 -9.75 -0.25 112 252 250 251 153 
2.85 -8.51 -7.10 0.6000 0.5700 -4.8200 0.0278 -5.4200 -3.0400 3.62 -8.43 -3.45 116 256 258 263 158 
6.82 -5.89 -1.76 3.9200 1.9400 2.7500 0.0078 -1.3022 -0.8722 3.75 -7.85 -4.51 117 260 262 269 162 
4.95 -5.82 -2.35 0.6700 2.6900 3.1400 -0.1633 1.6333 -0.6022 4.57 -7.63 -4.10 131 274 277 281 176 
6.91 -3.71 -2.84 -2.3400 1.3500 -2.9700 -0.4033 9.0111 -4.7033 8.92 -3.35 2.29 148 310 296 298 192 
12.31 -1.86 3.84 4.1600 -1.1700 0.6300 1.2678 -0.9689 -0.1167 9.03 0.38 3.80 150 356 331 380 207 
;
