1.27 2.79 9.30 -0.1500 0.1100 -0.0700 0.0733 -0.0189 0.0300 1.55 2.84 9.25 183 353 367 386 218 
1.44 2.90 9.27 -0.0500 -0.0300 0.0000 -0.0122 0.0233 -0.0133 1.53 2.85 9.25 180 354 366 391 220 
1.39 2.83 9.68 -0.1800 0.6400 1.1200 -0.1511 -1.0411 0.2989 2.16 2.78 9.15 175 337 342 369 218 
6.60 1.73 19.61 3.5800 1.2200 10.5600 -4.5311 -2.9144 1.4567 5.93 -1.55 7.65 151 307 334 339 216 
4.92 2.52 3.28 -1.5500 9.6000 -2.4000 -5.2656 0.0944 3.3278 4.36 -8.44 2.39 147 297 289 279 187 
1.40 -4.10 -4.25 -0.8800 4.8700 -3.5400 -2.2711 1.0422 1.2200 1.78 -9.42 -2.03 155 316 307 329 204 
-1.88 -7.10 -11.29 -3.3300 2.3900 -10.2900 2.8111 -0.2444 -0.6056 1.95 -9.59 -0.50 159 320 318 342 215 
0.26 -2.94 28.93 -0.0200 3.1400 25.8500 -1.8556 -1.3767 0.3333 1.54 -8.74 4.16 157 337 333 359 221 
1.17 -4.67 -4.99 -1.0700 4.9200 -6.4900 -3.4389 -0.7611 0.2811 1.79 -9.41 -2.06 154 314 310 331 216 
-0.31 -3.30 -10.10 -1.5700 5.9800 -5.8000 6.8722 1.7833 -0.2400 1.96 -8.90 3.60 163 339 337 369 221 
3.26 -7.73 17.38 1.1100 -0.1400 9.1900 -1.8511 -1.4111 0.0244 2.41 -8.16 4.87 163 336 342 373 220 
4.19 -3.95 5.34 -0.1800 4.7400 0.2700 -5.4867 -0.0367 2.4711 0.60 -9.78 -0.28 154 288 283 319 211 
-3.20 -7.26 -8.74 -2.0700 1.3700 -4.2500 0.2167 0.2878 -0.0144 -0.86 -8.90 -4.02 159 305 309 344 212 
-0.29 -8.98 -3.17 0.1500 -0.0300 0.0200 0.3544 0.1400 -0.2633 -0.59 -9.31 -3.01 156 308 313 350 214 
-0.59 -9.33 -2.85 -0.0700 -0.1000 -0.5000 -0.3056 0.3556 -0.2189 -0.45 -9.34 -2.94 158 313 325 354 215 
-1.72 -5.64 -10.30 -0.7900 5.2000 -8.0600 4.1222 -0.0344 -1.2189 0.65 -9.78 0.14 157 329 330 362 216 
-0.52 -0.38 20.96 0.8300 5.0300 20.2800 1.5544 0.0578 -0.2789 1.03 -7.15 6.62 153 348 340 377 220 
2.54 -6.37 7.34 0.2400 3.3600 2.0200 -4.5222 -0.7522 -0.0122 2.08 -9.48 1.39 144 331 327 344 215 
-1.89 -5.68 -16.39 -3.1900 5.0800 -14.6200 4.5922 0.5511 -0.7367 2.15 -9.33 2.08 149 335 331 354 216 
-4.80 -3.72 24.05 -2.6900 0.1700 15.4300 1.2711 -2.2467 -1.3278 2.73 -5.58 7.58 145 338 333 353 217 
7.58 -4.04 13.32 2.5200 2.1100 7.0000 -2.4022 -2.6678 1.5722 4.74 -7.32 4.46 161 341 336 358 216 
2.06 -5.34 -0.06 -1.6900 3.7100 -1.0200 -3.8211 -0.6433 2.6911 1.86 -9.53 -1.30 166 346 331 359 215 
-1.56 -5.48 -8.04 -2.1000 2.9100 -4.4300 -2.3511 -0.0956 0.2444 0.49 -8.02 -5.60 161 334 333 358 214 
1.50 -1.75 -13.90 1.5200 8.3800 -7.7100 7.0400 -0.8722 -0.4900 1.21 -9.67 -1.00 163 315 339 351 213 
5.43 10.86 2.24 6.1500 18.8800 -0.7500 9.2256 -2.1556 -0.1456 2.91 -2.36 9.05 164 363 351 356 218 
7.80 6.59 23.06 3.9600 3.6300 11.9000 0.6056 -0.4478 -0.7811 3.72 2.95 8.57 174 371 366 384 227 
3.90 3.43 9.70 0.4400 0.8600 0.4400 -1.2511 -0.8356 -0.6900 4.08 2.04 8.67 175 378 366 383 227 
;
