3.48 5.17 7.60 -0.0200 -0.0200 0.0700 0.0322 0.0944 -0.0422 3.43 5.23 7.54 180 353 372 387 215 
3.99 5.54 9.60 0.9400 0.2700 2.6000 0.3911 -0.2567 0.2989 3.34 5.49 7.40 181 368 328 378 218 
17.01 9.81 13.28 8.2900 4.1700 6.1000 -4.8356 1.2744 2.8900 6.55 1.09 7.20 141 323 330 326 215 
7.64 2.20 7.45 1.0000 5.9400 -0.2300 -4.8100 0.6100 3.9189 4.78 -6.80 5.19 133 355 326 331 217 
0.80 -4.33 -0.52 -1.4800 4.7000 -2.6700 -3.0856 1.1656 1.7089 0.89 -9.75 0.51 138 358 341 338 217 
-0.71 -7.04 -3.06 -0.3700 2.7200 -0.9800 -1.4733 0.5567 0.3778 -0.17 -9.46 -2.56 140 360 342 350 220 
-0.72 -7.93 -4.73 -0.7700 1.0000 -2.7800 0.2433 -0.2489 -0.2933 -0.27 -9.27 -3.17 141 351 341 356 220 
-1.34 -6.26 -7.93 -2.2600 3.8700 -5.5000 5.4900 1.3367 -0.8644 0.57 -9.62 1.77 154 363 349 371 219 
4.25 -10.81 17.96 1.9200 -0.8900 11.0700 -4.4600 -0.8456 -0.0833 0.91 -9.75 0.47 152 365 348 372 221 
-2.27 -4.80 -17.36 -2.7800 3.7900 -15.5800 0.3611 0.3278 0.0533 0.54 -9.04 -3.74 152 354 339 368 219 
-4.21 1.15 12.29 -6.7000 7.6900 15.3000 3.1478 0.1822 -0.6889 1.53 -8.56 4.52 159 356 350 380 221 
3.12 -10.07 3.93 -0.2800 -1.1000 -0.9000 -0.3411 -1.3456 -0.3022 3.06 -8.69 3.33 161 361 351 381 220 
1.86 -8.02 0.88 -2.6600 0.6700 -3.0900 3.4733 -7.4833 -2.1400 6.28 -7.10 2.46 161 311 294 247 172 
4.99 -5.06 -3.36 -2.8300 2.0900 -1.5500 -0.6200 -3.4300 -0.7044 7.40 -5.86 -2.63 210 192 185 183 122 
8.67 -1.63 -1.69 -3.3800 2.0100 -7.5700 -1.7011 9.7733 5.2689 1.69 -7.23 6.39 209 174 176 173 114 
-3.57 2.95 7.45 -0.6100 7.1100 0.4200 1.3422 -0.4033 5.7533 -5.79 -3.51 7.08 210 177 181 175 113 
-10.75 -0.03 12.37 -5.6700 -0.3800 4.7000 0.7000 -0.8244 0.0844 -5.32 -0.21 8.23 209 185 188 181 116 
-5.55 -0.44 9.04 -0.3100 0.5200 0.3100 -0.2067 -0.1711 -0.3689 -4.99 -0.79 8.40 211 186 189 183 119 
-6.22 -1.58 8.55 -1.8000 -0.1300 0.1900 0.5789 -2.5467 -1.0278 -3.39 -1.09 9.13 206 202 196 192 124 
1.98 4.99 14.45 1.2200 2.9500 3.5800 6.5489 -9.3911 -1.2389 6.87 4.92 4.96 150 221 182 173 126 
15.25 5.46 0.28 2.5500 0.2600 -3.7600 -0.6278 2.6344 3.5233 8.83 0.02 4.25 138 233 184 177 126 
2.68 -2.90 2.30 -3.6500 -1.1400 -4.2800 0.7744 3.2389 0.3956 5.63 -1.01 7.96 146 233 187 183 127 
1.19 2.04 6.19 -3.0600 2.6600 -2.1000 0.9500 1.1111 0.6900 3.52 -0.23 9.14 148 216 186 184 127 
2.68 2.05 8.86 -0.1600 2.4300 -0.1700 -0.5100 -0.0289 0.5044 3.04 -0.63 9.29 139 204 182 187 130 
5.94 0.97 7.55 2.6800 2.4900 -1.4100 -1.7011 1.3467 -1.9167 1.87 -2.38 9.32 119 206 173 189 130 
3.45 -6.20 7.64 -0.0500 -3.7400 -2.1600 -1.2478 0.8289 -0.2644 0.79 -4.48 8.68 116 198 182 192 132 
-2.38 -5.57 9.43 -1.7200 -0.1300 0.5900 -0.0733 -0.8078 0.2311 0.72 -4.94 8.43 120 193 185 194 134 
0.14 -4.83 8.21 -0.9600 0.4000 -0.2400 -0.2322 -0.5733 0.2611 1.24 -5.16 8.24 126 202 191 201 143 
;
