3.73 6.17 6.59 0.0300 -0.0300 -0.0300 0.1956 0.0800 -0.1878 3.69 6.31 6.53 179 319 330 326 202 
3.72 6.61 6.40 0.2100 0.0900 0.1000 0.0989 0.1789 -0.1611 3.41 6.58 6.41 181 323 331 330 203 
3.41 6.42 6.22 0.0300 -0.1800 -0.2900 0.1733 0.1522 -0.1389 3.30 6.66 6.38 179 327 327 335 203 
4.89 7.66 4.67 0.9600 0.5800 -1.0100 1.0444 0.0567 0.8878 3.76 7.30 5.35 181 331 327 340 204 
2.40 7.57 5.90 -0.8800 -0.2800 1.0700 0.2878 1.3056 -0.6444 2.86 7.94 4.97 183 332 326 340 205 
6.81 13.16 12.64 3.3400 6.8200 6.6100 -5.4933 -0.8222 3.0022 4.77 4.11 7.51 187 343 338 368 207 
6.90 1.66 6.40 0.8500 4.0100 -2.8400 -6.1600 2.2656 2.3700 3.41 -5.89 7.05 182 343 337 375 207 
1.55 -2.73 1.84 -0.1300 6.0400 -1.8800 -3.9511 0.9522 1.1033 0.40 -9.66 1.60 162 346 338 375 210 
-0.52 -6.70 -4.69 -0.9500 2.4100 -3.5600 -2.0833 0.8689 1.0456 -0.96 -9.40 -2.60 156 345 333 372 209 
-2.63 -8.20 -7.03 -1.1900 1.2000 -3.3600 1.5222 0.2733 -0.4411 -0.90 -9.40 -2.62 155 339 327 365 211 
-1.11 -5.84 -2.11 -0.2300 5.8100 8.0800 6.5367 1.3167 -0.9644 0.35 -8.82 4.26 161 342 344 389 214 
1.97 -5.95 3.99 1.6200 4.6100 -0.2800 -5.1933 -0.6000 0.4378 0.36 -9.68 -1.52 152 334 333 358 211 
-3.81 -5.71 -13.02 -4.0300 3.7200 -9.0300 4.4956 0.6200 -0.3778 -0.02 -9.80 -0.27 157 331 329 363 212 
-0.95 -0.34 15.29 0.5600 5.6100 12.7100 1.7756 -1.1744 1.0256 0.06 -7.50 6.31 161 340 344 372 214 
-0.28 -7.97 6.93 -1.5100 0.2200 0.7100 -0.9100 -2.7978 -1.1289 2.71 -7.99 4.99 166 331 336 342 201 
5.21 -12.40 -5.32 1.6900 -5.8000 -8.7000 1.9167 -14.8733 1.9044 4.95 -8.14 -2.30 115 352 169 156 103 
2.29 -10.16 -2.87 -0.6200 -0.0700 -2.4900 3.3244 -0.7822 0.6656 1.91 -9.60 0.54 106 336 169 164 108 
2.63 -4.54 4.80 0.8700 4.1200 1.9200 0.5344 0.0678 0.1178 1.85 -9.18 2.89 112 339 177 168 111 
2.45 -10.61 -1.12 0.8700 -2.1500 -5.2900 0.5689 0.2067 -0.4256 2.01 -9.08 3.10 112 346 178 167 113 
3.13 -5.02 1.22 0.0700 4.9500 -2.4500 4.6722 0.5333 1.1933 0.65 -6.22 7.55 114 357 182 172 115 
-3.72 0.56 15.52 -2.9400 4.3000 6.0100 -0.8478 0.1933 -0.4933 0.07 -5.22 8.29 115 359 187 174 116 
-0.26 -1.32 8.72 -2.7500 6.6700 1.5900 -3.3322 -1.1600 -0.3678 1.13 -7.93 5.65 139 315 221 219 162 
-0.95 0.56 -5.28 -2.1500 9.8500 -4.5200 -5.9733 -0.7822 -2.9156 3.95 -8.22 -3.57 188 319 307 337 217 
3.82 1.85 -17.83 5.7600 4.4300 -10.1000 -6.4611 -2.1789 -0.9444 3.15 0.48 -9.27 206 285 272 323 216 
4.70 4.02 -12.29 1.7200 1.0500 -3.2800 -1.0889 -0.1178 -0.3622 2.68 3.10 -8.90 206 299 278 329 216 
6.80 1.85 -18.11 4.3000 -0.4400 -10.5200 2.0656 -0.2122 0.8111 2.74 1.31 -9.32 207 313 300 346 220 
1.89 3.90 -8.01 -2.6000 10.1600 2.6000 8.8511 3.8522 1.5844 4.09 -8.47 -2.74 212 416 367 420 219 
-1.45 0.82 0.34 -4.2600 9.8900 0.4200 0.7078 0.6100 0.5556 2.62 -9.43 0.55 213 418 369 425 219 
1.47 -6.23 1.65 -1.0400 2.6400 -0.1600 -0.6011 -0.2944 -0.3956 2.98 -9.33 0.39 213 419 373 418 218 
;
