0.84 4.64 8.68 -0.0600 0.0400 0.0800 0.0178 0.0000 0.0056 0.89 4.66 8.58 168 385 367 389 209 
0.86 4.59 8.63 -0.0300 -0.0400 0.0700 -0.0100 -0.0289 -0.0033 0.91 4.63 8.59 165 384 367 389 209 
1.03 4.60 8.66 0.1100 -0.1500 0.0300 0.1300 -0.0811 0.0700 1.01 4.68 8.55 167 380 361 391 210 
-2.01 3.63 14.93 -1.3900 0.3200 1.7000 -1.1089 -9.0589 0.2111 7.63 3.89 4.76 140 325 333 360 216 
15.83 7.28 9.41 5.3300 8.0900 0.9300 -5.0833 1.3344 4.1300 6.55 -4.40 5.81 135 341 338 361 216 
0.47 0.26 1.84 -3.3500 8.7300 -1.1100 -4.3267 0.4600 3.3133 2.28 -9.48 1.03 138 358 339 363 217 
-0.07 -5.70 -7.26 -1.0300 2.7900 -5.2800 -0.7844 1.2311 0.9633 0.26 -9.48 -2.46 139 347 337 362 217 
-3.24 -8.40 -4.60 -2.6700 1.2800 -2.7100 1.5533 -0.6822 -0.7367 0.38 -9.74 -1.00 139 344 340 365 215 
-1.32 -2.84 3.87 -3.8900 5.9800 3.0200 6.2367 1.3322 -0.8144 2.10 -6.93 6.60 143 349 342 370 216 
2.62 -1.84 13.73 -0.0200 7.0600 1.5100 -6.9089 -0.7056 -0.0922 2.53 -9.26 1.97 146 347 344 378 216 
-1.89 -8.95 -22.38 -6.2100 2.8200 -18.7200 7.3222 0.0144 -0.5256 2.38 -9.15 2.59 146 338 338 368 216 
1.28 1.17 23.17 0.4200 5.1400 14.1200 0.5500 -2.0478 -0.5956 2.91 -4.78 8.04 148 329 335 360 215 
7.01 -6.32 3.46 1.1000 -0.9200 -2.4000 0.2300 -6.6656 0.1044 7.50 -5.50 3.10 146 319 184 159 136 
12.99 -3.66 0.85 4.2500 4.3700 3.8800 2.7967 0.9111 0.4200 4.45 -8.73 0.14 126 327 180 167 130 
4.57 -4.80 3.46 0.0200 3.3600 0.9900 -0.5722 -0.3144 1.0311 4.69 -8.37 1.98 131 326 187 172 134 
5.70 -8.85 -2.88 2.5700 -0.8400 -4.2000 -0.3489 0.0922 -0.4400 4.64 -8.60 0.78 128 320 181 174 133 
9.09 -11.54 -14.97 1.6400 8.3400 -9.0600 7.2189 3.9522 1.1833 2.05 -6.76 6.79 128 346 184 175 134 
-6.32 2.62 13.13 -5.6200 5.0400 1.2200 -2.0944 -0.1433 -1.0311 0.92 -5.35 8.16 123 342 191 178 134 
2.26 -5.40 6.79 -0.5800 0.0000 -0.8200 -0.3711 -0.3556 -1.6733 2.92 -6.23 6.97 143 196 180 179 136 
3.34 -8.44 5.89 0.8000 -4.0800 -1.7100 1.0844 2.4567 -5.3356 4.44 -3.03 8.19 158 198 169 175 135 
6.58 2.26 10.88 1.5800 2.2300 0.3900 0.5656 1.3900 1.0256 2.15 0.22 9.56 149 191 175 175 135 
1.37 3.53 7.86 -0.5300 3.0500 -1.8200 0.5267 -0.2278 2.0889 2.13 0.42 9.56 146 193 174 174 133 
1.71 2.92 8.86 -1.4200 1.9500 -0.6600 -0.7267 1.4011 -1.0600 1.75 -0.22 9.64 143 193 165 180 137 
5.65 3.37 9.19 6.5100 3.3300 -1.6400 -1.8978 3.1433 -3.1322 -0.59 -1.99 9.58 133 197 179 182 139 
-3.03 -7.84 6.80 -1.7400 -4.3900 -1.6700 -0.2267 0.0300 -0.1900 -1.80 -3.71 8.89 138 199 183 187 141 
0.42 -1.84 9.80 1.1700 1.5000 0.5400 0.0167 -0.2167 -0.3044 -0.97 -3.61 9.06 141 203 184 187 141 
-4.05 -2.10 6.71 -4.1600 1.5700 -3.0100 -0.9856 -0.2600 -2.2600 0.28 -4.56 8.67 146 224 192 199 153 
;
