-1.69 8.83 3.92 -0.1200 0.0100 0.0200 -0.0333 -0.0167 0.0033 -1.51 8.84 3.94 179 290 274 263 170 
-0.38 10.94 4.30 1.3800 3.2700 1.0000 -1.4278 0.5678 0.6233 -1.38 8.55 4.58 181 298 316 300 191 
-0.40 15.46 14.15 1.6400 6.7200 5.9900 -6.8344 -4.8522 4.2289 5.27 0.17 8.26 149 314 324 357 211 
5.58 3.94 2.10 -0.2600 11.3200 -7.4400 -9.4244 4.9344 1.8067 1.93 -9.23 2.67 133 330 330 388 217 
-1.09 -3.71 -5.50 -1.3400 4.9900 -2.2500 -3.2533 -0.9722 0.3322 0.69 -8.30 -5.17 133 330 336 379 213 
-1.34 -4.94 -10.36 -3.1900 2.2000 -4.3100 0.2556 -0.5444 -0.6533 0.80 -7.33 -6.46 131 333 331 379 214 
-0.42 -5.23 -3.19 -3.6400 2.8900 2.7800 6.5656 3.5478 0.2722 2.10 -9.52 0.96 140 343 355 401 218 
1.27 -7.30 5.96 0.0300 3.9100 4.0700 -4.6000 -2.0911 -0.3033 2.23 -8.97 -3.25 132 327 344 382 217 
-5.31 -2.61 -25.02 -7.2300 7.0700 -15.8800 6.1756 1.8733 -1.0222 2.22 -9.16 -2.67 142 321 345 402 218 
3.76 -5.29 24.55 2.3000 0.2000 15.6700 -0.3222 -0.7511 -0.9011 3.05 -8.37 4.09 138 331 353 411 220 
2.97 -7.33 1.64 -1.5200 0.9200 -1.7700 1.8789 -3.0722 -0.5256 4.67 -7.81 3.64 153 336 211 197 145 
10.49 0.80 -10.87 7.4900 7.1200 -11.0200 4.7578 -11.4078 0.2011 6.51 -6.12 -4.02 152 379 185 175 125 
5.64 -5.73 -5.19 3.1100 1.1900 -0.1600 1.2100 -3.2000 -1.1789 4.05 -7.07 -5.45 136 396 192 176 128 
5.99 -5.89 -7.45 5.5400 0.6200 -2.1100 1.3067 -1.8611 -1.1811 3.46 -7.52 -5.25 149 416 189 175 128 
4.53 -7.26 -5.52 0.2700 0.5200 -3.1100 1.9933 1.7211 -0.6600 4.35 -8.30 -2.86 147 413 193 179 131 
8.91 -5.51 1.76 -0.3500 1.4600 0.9600 -2.9389 1.3978 1.0422 4.34 -8.41 -2.54 146 415 194 186 134 
-2.22 -5.55 -10.25 -16.5000 6.8800 9.4500 1.9089 -2.2289 0.8489 5.41 -8.17 -0.27 136 420 199 179 131 
3.41 -7.51 0.39 -2.1300 1.3000 2.4400 -1.0144 -1.0311 0.2367 4.75 -8.44 -1.46 141 415 203 186 132 
5.42 -4.94 -4.54 1.1300 1.7100 -1.5400 -1.8711 0.4722 -2.0411 6.27 -6.03 -4.51 110 214 186 185 133 
8.08 -5.74 -3.06 1.6800 -0.1800 0.4700 -0.6811 -0.9222 -0.6144 7.28 -5.30 -3.87 111 224 189 189 135 
10.02 -5.62 -4.46 2.8000 -0.9600 -0.4400 -0.7711 0.0922 0.1667 7.63 -4.50 -4.18 122 321 194 191 137 
7.47 -5.67 -4.72 0.1100 -0.2200 -0.2300 -0.0644 -0.8989 2.1300 6.16 -5.77 -4.97 129 416 207 191 137 
6.30 -4.85 -10.03 0.0900 1.8700 -4.7200 2.2100 -1.1889 0.6589 4.42 -7.37 -4.71 141 418 203 195 139 
3.96 -3.18 -2.40 -12.6200 8.6000 21.1700 -0.8578 -5.6867 1.0956 4.08 -8.70 -1.91 137 414 201 195 140 
8.23 -9.36 -7.84 3.1800 -1.5900 -5.3600 1.7389 1.7978 -0.3533 4.72 -8.45 -1.53 144 424 208 201 142 
3.85 -7.54 -0.05 -3.0300 1.2600 1.8600 -1.3000 0.4544 -0.8211 5.33 -8.11 -1.35 151 414 213 204 144 
6.21 -2.47 2.10 -0.3700 3.9300 3.7700 -3.0667 4.9144 -4.1078 8.72 -4.40 -0.83 152 343 168 208 150 
;
