1.95 3.49 8.96 0.0300 0.0100 0.0900 0.0256 0.0133 -0.0111 1.94 3.52 8.94 176 349 365 402 218 
0.58 2.74 9.52 -1.6400 -0.4800 1.1200 -0.4422 -2.7856 -0.1344 3.53 3.10 8.60 175 335 314 376 223 
7.21 1.68 13.42 3.0000 0.2300 5.1600 -3.3833 -2.2333 2.3178 6.41 -0.81 7.36 132 279 252 276 188 
5.58 -1.82 7.47 0.5000 4.9300 0.6200 -4.1389 0.7144 3.2844 3.70 -7.75 4.71 121 280 271 294 195 
0.28 -6.52 -0.31 -0.5300 2.8900 -1.5900 -2.6033 1.6578 2.0122 -0.05 -9.80 0.28 126 289 281 326 210 
-0.80 -6.50 -2.86 -0.4000 2.6800 -1.1700 -1.4322 0.2711 -0.0211 -0.79 -9.32 -2.93 131 303 292 338 217 
-1.35 -7.48 -5.98 -0.9600 1.5300 -2.4900 0.3478 -0.3000 0.0044 -1.35 -9.06 -3.48 136 321 298 338 215 
-4.08 -5.95 -7.44 -0.3600 3.5500 1.6500 5.2233 2.6811 -0.8133 -0.21 -9.76 0.88 133 321 308 357 220 
1.66 -9.95 6.77 0.8900 1.2600 3.9700 -4.5433 -1.0422 -0.1256 -0.07 -9.43 -2.67 127 323 307 331 217 
-5.89 -3.86 -20.51 -4.2300 5.8800 -12.1800 4.9389 0.8767 -1.0467 0.07 -9.50 -2.41 138 325 312 350 218 
4.80 -11.27 14.69 2.4000 -2.0800 8.6600 -0.7544 -0.7011 -0.4711 1.20 -9.64 1.29 137 333 318 351 218 
1.43 -8.77 0.52 0.3300 0.8200 -0.3300 0.7589 -0.8256 0.2467 1.18 -9.63 1.40 155 333 325 360 221 
5.95 -7.93 2.13 4.5500 0.8800 -1.1400 2.5100 0.4489 2.8533 -0.70 -8.95 3.93 199 335 313 272 182 
-3.26 -6.41 1.74 -0.4900 1.2800 -3.9700 1.1844 -1.8367 2.4522 -3.12 -7.00 6.10 211 176 153 164 102 
-10.06 -6.22 6.81 -5.8900 -0.7200 1.3200 1.0811 1.3156 1.7167 -6.19 -5.00 5.71 213 172 162 164 106 
-2.12 -2.50 6.66 5.2700 1.0400 1.0800 0.5467 -0.1589 1.6744 -7.59 -2.78 5.53 214 175 167 168 109 
-4.41 0.55 7.05 0.3400 2.0800 1.5400 0.7389 -1.8522 1.6367 -6.44 -0.21 7.38 214 180 173 171 110 
-9.78 0.82 11.48 -3.5900 0.8500 2.9600 -0.3122 -0.3311 -0.9444 -5.31 -0.35 8.23 215 183 177 174 112 
-4.69 -0.51 7.80 0.8500 0.2300 -0.4400 0.0256 0.0644 -0.3544 -5.24 -0.92 8.23 213 183 177 174 114 
-5.38 -1.71 7.44 -0.9000 -0.8900 -1.9200 2.9178 -1.7544 -1.5711 -3.78 0.43 9.03 213 220 210 203 140 
2.62 4.64 6.66 4.5300 0.4200 -1.5700 2.9156 -4.1411 -0.1833 0.45 5.39 8.17 215 381 319 361 202 
7.27 9.22 10.81 1.1000 2.1500 5.4600 -2.9667 -6.6989 5.1656 8.67 3.90 2.36 215 385 332 379 220 
6.11 -0.54 -5.59 2.3900 1.5800 1.9700 -3.1989 -6.9822 6.5456 3.10 -1.31 -9.21 210 300 289 357 227 
0.14 2.11 -14.13 0.0700 1.6200 -3.8900 -0.7778 0.8244 -0.8656 3.12 1.22 -9.21 214 308 292 364 226 
4.47 0.88 -9.68 1.3900 -0.5700 0.0300 0.0244 0.0789 0.0333 3.15 1.51 -9.16 212 318 297 363 226 
3.68 1.50 -8.71 -0.3900 0.1600 0.4600 0.2100 0.3111 -0.1767 3.53 1.28 -9.05 213 319 294 365 226 
;
