8.54 1.41 4.56 -0.0200 0.0500 0.0000 -0.0178 0.0156 -0.0067 8.58 1.39 4.52 182 342 346 376 218 
9.30 1.83 5.16 1.1000 0.7800 1.4400 -0.3989 -0.0511 0.7200 8.61 0.86 4.60 181 336 343 359 219 
10.58 0.86 8.81 2.2400 1.9300 2.7500 -2.9822 1.8089 1.4511 7.44 -2.63 5.81 180 322 342 341 211 
6.05 -2.98 4.39 2.2100 1.2800 -2.9300 -3.3489 4.4056 0.1778 3.73 -6.55 6.26 179 323 342 353 212 
2.50 -6.56 2.95 2.3800 1.9100 -1.9500 -3.5633 3.5444 0.1556 -0.03 -9.21 3.36 178 315 341 341 210 
-0.55 -8.11 -1.53 -0.2600 1.6000 -2.0900 -2.5189 1.3378 0.0522 -0.76 -9.65 -1.51 167 318 342 328 201 
-2.42 -9.97 -11.31 -1.5900 0.5300 -7.9300 4.2800 0.4589 -0.9044 -0.15 -9.80 0.13 175 330 335 351 215 
4.32 -7.30 16.14 3.7200 1.5900 8.5200 -3.3733 -1.3500 0.5289 0.09 -9.77 0.79 166 331 340 349 215 
-5.38 -10.95 -13.67 -3.4900 0.0400 -9.3400 3.7600 1.8178 -1.2689 0.05 -9.77 0.75 175 339 349 369 218 
2.00 -8.62 4.19 0.9800 0.8700 -1.1400 -0.9278 -3.7800 0.5356 0.57 -9.76 0.65 167 324 334 349 215 
0.65 -6.94 -4.14 -0.8900 3.3800 -6.5100 5.5944 -4.0211 -1.4444 3.12 -7.86 4.95 178 325 337 340 214 
9.48 0.79 4.97 3.6100 4.9400 -0.7200 4.3578 -3.1500 -1.5644 7.82 -1.94 5.57 181 342 345 360 216 
15.79 5.61 10.63 1.2400 4.5700 11.5400 -0.0533 -0.5700 0.0133 8.53 0.93 4.74 182 351 349 374 217 
;
8.30 0.52 4.24 -0.2400 0.1000 0.4700 -0.0456 0.2989 -0.0589 8.56 0.81 4.69 180 345 348 369 217 
8.60 0.94 4.38 -0.0700 0.3600 -0.0500 0.0689 0.1989 -0.0133 8.50 0.78 4.82 181 349 348 366 217 
8.77 0.75 4.85 0.4900 0.0000 0.3600 0.1533 0.1744 -0.0633 8.47 0.83 4.86 180 344 334 368 219 
11.23 2.38 8.15 3.5300 2.5900 3.3800 -2.0067 1.2133 0.9522 8.15 -0.79 5.38 188 344 349 366 220 
7.34 -1.35 5.46 0.5300 2.0600 -1.0500 -3.6344 2.7189 0.7722 5.65 -4.92 6.31 181 335 348 368 218 
5.78 -4.75 2.87 2.6600 2.1100 -2.9100 -3.4889 3.9856 0.7156 1.66 -8.31 4.92 177 334 339 375 221 
0.38 -7.07 -0.26 1.0700 2.5700 -2.0300 -3.6378 3.4711 0.4256 -0.92 -9.76 -0.20 178 338 334 374 218 
-3.25 -9.42 -16.14 -1.5900 1.0800 -11.4800 4.4244 1.9378 -1.0678 -0.15 -9.76 0.84 176 361 353 395 224 
3.07 -9.27 3.98 2.0700 1.3500 -0.0900 -3.0700 -0.2500 0.7100 -0.32 -9.67 -1.54 169 360 362 388 227 
-4.19 -6.47 -6.72 -0.6700 3.6000 0.5500 4.6211 1.1489 -1.1144 0.22 -9.54 2.22 180 366 359 399 225 
2.84 -8.38 5.32 1.1300 1.2800 0.7100 -1.3944 -1.8389 1.4622 0.10 -9.59 2.02 174 357 358 366 220 
-3.90 -9.67 -2.97 -2.5500 -0.2600 -5.3400 1.1922 -4.2967 0.2844 -0.55 -9.46 2.49 174 330 339 326 216 
1.41 -4.23 -0.22 0.0000 3.8000 -5.9200 3.6211 -5.1533 -2.2256 4.69 -6.29 5.87 176 336 343 329 214 
14.29 -2.24 6.36 7.2700 1.8100 1.4700 3.2267 -1.7267 -1.5589 8.19 -2.23 4.90 181 340 346 339 215 
;
9.65 0.55 6.98 0.5400 0.8900 1.5300 0.9244 0.0700 -0.3489 8.25 -0.13 5.28 178 344 346 339 220 
8.54 -0.26 4.85 0.3600 -0.0300 -0.5700 0.0022 0.0733 0.0000 8.31 -0.31 5.18 180 341 348 340 216 
9.99 0.78 8.78 2.2100 1.5400 3.9800 -1.1989 1.1456 0.1411 7.82 -0.76 5.85 183 351 353 348 220 
8.03 1.31 6.77 2.2800 3.1400 -0.2000 -6.2956 5.5533 0.6411 3.42 -5.93 7.01 178 382 349 346 213 
1.67 -5.94 0.76 0.5000 1.5000 -3.6400 -3.7044 3.5600 0.6400 -0.70 -9.55 2.08 181 369 343 362 216 
-0.82 -8.29 -3.17 0.6900 1.4900 -2.7300 -1.2589 1.1089 -0.0711 -1.04 -9.64 -1.41 167 344 324 359 217 
-1.37 -6.96 -8.75 -0.7700 2.3600 -8.8200 7.9600 1.1256 -2.6267 0.69 -8.80 4.26 160 342 339 378 226 
3.28 -0.63 17.31 1.5700 6.3100 7.6500 -8.2467 -1.4467 2.0489 0.77 -9.44 2.53 157 337 343 381 225 
-4.45 -10.92 -12.31 -3.2900 0.1700 -10.0000 7.1100 -0.3456 -1.9589 1.01 -8.94 3.88 172 357 352 398 231 
3.02 -7.37 8.81 1.6600 0.7100 2.2800 -3.2044 -0.9333 0.9889 0.19 -9.58 2.06 167 333 349 362 225 
-3.01 -9.75 -3.73 -2.4900 -0.5700 -5.1700 3.3778 -3.7744 -0.4278 -0.06 -9.45 2.59 163 314 317 315 214 
3.95 -3.55 3.09 2.1500 4.0700 -2.2000 4.7278 -3.0011 -0.6778 4.17 -4.88 7.40 171 323 336 328 218 
10.63 -0.38 9.41 1.8200 1.6900 2.3800 2.3367 -0.9811 -0.3744 6.79 -1.06 6.98 178 330 342 335 217 
;
9.30 1.14 7.50 1.4100 1.1800 1.3500 0.7022 -0.1267 0.0122 7.48 0.08 6.33 175 329 342 337 218 
7.92 -0.05 5.11 0.3400 -0.0200 -0.8100 0.0567 -0.0256 -0.0467 7.73 0.03 6.03 174 328 347 335 217 
7.70 0.21 5.77 0.4300 0.2700 -0.1300 0.2389 0.3656 0.0378 7.50 0.13 6.30 176 335 343 338 218 
9.25 1.56 10.53 2.3100 2.1500 4.2000 -2.2200 1.1389 0.4189 6.58 -1.51 7.10 180 339 353 346 220 
6.79 -2.06 6.18 1.7500 2.4900 -1.3600 -4.6944 2.7444 0.6589 3.74 -6.63 6.17 177 336 344 353 219 
3.36 -5.16 1.30 1.5600 3.4500 -2.5300 -3.8644 3.9922 0.9722 -0.50 -9.59 1.98 174 329 349 366 221 
-0.70 -7.52 -3.81 0.5400 2.0700 -2.2900 -2.1111 1.4689 0.3578 -1.35 -9.36 -2.56 168 325 347 372 222 
-2.10 -7.95 -9.02 -0.8800 1.3300 -5.2500 4.6656 -0.1356 -0.7489 -0.58 -9.75 0.83 174 338 353 391 227 
3.76 -6.58 14.07 2.3800 2.7900 5.4600 -4.5900 -0.9222 0.5489 -0.14 -9.80 0.02 167 317 337 364 224 
-4.66 -9.88 -14.07 -2.9200 -2.1500 -10.4700 5.0511 -1.5289 -0.2867 -0.94 -9.76 0.04 175 340 342 377 230 
2.44 -5.31 15.34 2.8800 2.6500 6.4100 -3.9156 -2.2744 1.1344 -0.13 -9.71 1.35 179 344 353 395 225 
-0.95 -8.37 -4.83 -0.5500 0.9800 -2.9000 -0.9867 -0.6456 0.2611 -1.05 -9.37 -2.68 176 323 343 382 224 
-0.82 -6.03 -5.25 -0.1300 4.1000 -5.0000 5.7767 -3.4033 -2.7133 1.56 -9.18 3.04 179 314 335 365 225 
7.80 0.19 6.74 1.4800 5.2400 0.2700 4.8589 -2.6644 -0.4022 6.43 -3.69 6.41 182 325 344 355 226 
;
11.77 -0.28 9.38 2.9500 1.6000 3.6800 2.1244 -0.9644 -0.2022 8.08 -0.93 5.47 179 326 345 339 224 
8.52 -0.15 4.24 1.0800 0.4500 -1.3400 0.0322 0.1311 -0.0889 8.10 -0.54 5.49 177 324 349 339 223 
9.77 1.46 7.90 2.2300 2.2700 2.9800 -1.6278 1.0744 0.3644 7.60 -1.48 6.00 182 330 347 355 224 
9.81 -1.74 8.07 3.5100 3.1200 1.3400 -4.5767 2.9978 1.1178 5.13 -6.13 5.67 166 330 349 364 223 
7.96 -4.00 1.20 2.0600 3.5500 -2.6900 -4.2589 5.0322 0.3567 1.38 -9.45 2.19 175 334 347 384 223 
1.55 -6.55 -3.67 0.3200 2.3700 -3.2000 -2.9500 1.5378 1.0000 0.18 -9.39 -2.80 167 340 343 384 223 
-0.67 -8.23 -10.49 -0.2200 1.1600 -7.1400 4.8656 -1.1578 -0.1444 -0.21 -9.78 -0.54 164 336 347 375 226 
5.37 0.12 20.06 3.3700 3.8600 11.3300 -5.8844 -0.8267 1.1256 0.42 -9.76 0.84 177 340 353 396 225 
-3.52 -8.04 -13.27 -3.8200 -0.7500 -11.0900 4.1767 -0.7033 -0.1544 -0.23 -9.64 -1.75 174 346 343 392 226 
4.51 -2.01 17.43 3.4600 3.7300 10.4700 -3.7933 -0.7622 0.8222 0.48 -9.73 1.08 177 355 352 405 228 
1.41 -9.42 -2.83 0.8400 0.7600 -0.8000 -2.0089 -0.2700 0.6289 -0.38 -9.22 -3.29 174 349 350 382 222 
-2.21 -7.66 -7.51 -1.4200 1.6200 -3.8500 1.8289 -1.7311 -0.6756 -0.98 -9.37 -2.68 168 325 330 336 215 
-0.04 -5.03 -1.33 1.6800 3.2600 -2.7300 3.3144 -2.2133 -2.0633 0.72 -9.29 3.02 166 308 314 313 211 
;
8.37 0.82 5.15 0.0000 0.0500 0.0800 0.0111 0.0089 -0.0033 8.35 0.79 5.07 185 357 358 384 222 
8.35 0.83 5.15 0.0400 0.0400 0.0700 0.0089 0.0156 -0.0078 8.34 0.79 5.08 183 359 352 384 220 
8.51 0.91 5.24 0.6000 0.4000 0.4600 -0.2178 0.1033 0.0933 8.31 0.68 5.15 183 356 345 368 219 
10.33 1.29 10.10 3.1900 2.4800 4.1500 -3.8011 1.1422 1.0311 7.48 -2.42 5.85 180 338 355 352 221 
5.88 -2.38 5.90 1.3400 2.1700 -0.6000 -4.2522 3.0000 0.7167 3.86 -6.92 5.77 156 334 347 371 222 
2.63 -5.85 1.40 2.1200 3.9400 -1.7100 -4.6844 3.8289 0.4522 0.09 -9.75 0.97 155 325 346 372 220 
0.37 -7.83 -5.62 0.3600 1.3300 -3.3000 -1.8489 0.6022 0.5144 -0.36 -9.17 -3.43 137 310 338 326 211 
-2.11 -8.88 -7.26 -1.4300 0.3600 -4.1000 2.7089 -0.7589 -0.4022 -0.57 -9.57 -2.03 135 319 302 319 209 
1.69 -3.16 10.60 4.7900 9.6100 10.8800 1.0444 1.4967 -1.3367 1.57 -8.56 4.50 157 353 352 387 229 
-0.46 -9.39 -7.70 -2.3400 1.6100 -8.7900 -2.5656 0.3778 0.4500 -0.22 -9.51 -2.38 152 353 357 397 228 
2.93 0.93 13.23 3.4400 5.3000 17.6500 -0.7511 -1.2467 0.5100 1.01 -9.47 2.30 162 350 353 403 231 
1.83 -8.48 -4.40 -0.4500 1.2800 -4.2500 -2.2700 -0.9733 0.8444 -0.20 -9.43 -2.66 158 299 316 312 217 
-0.72 -7.20 -6.66 -0.0200 2.1000 -5.4300 5.5322 -3.6967 -2.2200 1.23 -9.42 2.39 167 311 321 320 217 
6.37 -1.05 4.48 3.1400 5.8500 -0.3400 5.6989 -2.5878 -0.9422 5.42 -3.81 7.22 179 326 342 344 217 
;
