8.29 1.87 4.88 -0.0600 0.0000 0.1400 -0.0089 -0.0622 0.0056 8.39 1.87 4.70 187 354 351 381 211 
8.34 1.90 4.77 -0.0800 0.0300 0.1000 -0.0122 -0.0344 0.0044 8.42 1.86 4.65 183 355 349 381 210 
9.94 2.50 4.92 1.5800 0.9000 0.5300 -1.0356 0.0878 0.7711 8.49 1.23 4.74 191 333 309 365 213 
13.34 2.92 11.34 5.3600 3.7500 4.6900 -5.7178 2.7733 1.3078 6.82 -3.79 5.93 155 326 317 372 212 
7.43 -2.50 2.94 4.8000 4.9900 -4.1600 -6.1722 5.1389 1.4789 1.27 -9.36 2.62 132 306 312 365 211 
-0.27 -5.75 -4.55 -0.5400 4.1200 -3.7700 -2.6400 1.5667 0.5344 -0.62 -9.30 -3.03 131 305 308 366 210 
-1.79 -5.47 -13.10 -0.9200 3.5100 -10.6200 4.1544 0.0678 -0.0344 -0.63 -9.65 -1.60 137 305 308 361 214 
4.02 -7.00 25.67 1.8500 -1.2000 16.6400 -2.5689 -0.4056 0.8889 -1.25 -9.49 2.11 137 315 313 366 215 
-3.08 -6.21 -15.79 -1.7800 2.7500 -16.7500 1.9989 -0.6433 -0.3522 -1.21 -9.71 -0.52 142 309 316 369 214 
-1.98 -3.65 15.43 1.4200 2.1700 11.0300 0.8511 -3.4800 -0.6233 0.73 -8.21 5.31 154 345 302 290 190 
5.79 -12.55 -2.37 2.9500 -3.3500 -8.9300 3.1033 -10.9967 -0.2533 6.31 -7.36 1.43 117 375 181 189 124 
5.96 -5.90 0.90 -1.0800 0.9800 -0.1200 3.7422 -1.9433 -0.6767 7.34 -6.26 1.74 110 382 179 181 119 
9.12 -0.92 2.47 1.5200 4.3500 0.1200 2.5789 -0.6622 0.3978 7.88 -4.76 3.35 111 383 176 183 122 
6.49 -0.89 6.88 -1.1800 3.2700 1.4100 -1.9111 1.1022 -0.0133 7.24 -5.24 4.02 113 406 185 187 125 
6.87 -5.54 1.02 3.0500 1.0700 -3.2200 -2.5744 4.2678 0.8178 5.12 -7.15 4.31 113 420 194 190 125 
-2.04 -9.94 6.87 -6.0900 -1.4400 2.8300 -0.4222 1.8522 0.1900 2.11 -8.03 5.20 117 421 209 195 128 
-2.56 -6.96 3.76 -6.3500 1.8200 -0.8200 -1.8278 -1.2067 -1.0811 3.44 -8.77 2.71 141 311 224 221 159 
;
