0.78 3.85 9.01 -0.0400 0.2600 -0.0100 -0.0311 -0.0256 0.0167 0.92 3.61 9.06 169 311 326 332 198 
1.12 3.47 9.06 0.0400 -0.2100 0.0000 -0.0322 0.0111 -0.0200 0.98 3.55 9.08 167 313 325 333 196 
0.24 5.96 11.74 -2.1200 2.3500 2.4100 -1.7444 -3.9044 0.5167 3.80 2.16 8.77 171 315 309 345 205 
7.41 -0.54 13.00 1.5600 0.3400 6.4600 -3.9911 0.1989 0.6933 5.43 -2.06 7.89 193 362 353 397 216 
5.89 -1.85 4.20 1.2800 5.7300 -0.8900 -5.0156 -0.0889 2.5811 3.31 -8.80 2.78 183 389 336 375 211 
-0.22 -5.12 -4.24 -2.0000 3.9000 -2.4200 -2.6911 -1.7933 1.5978 0.27 -9.24 -3.25 116 267 281 277 184 
-1.39 -6.49 -3.77 -0.6700 2.2400 0.9000 -0.6900 -0.2889 0.8300 -1.40 -8.45 -4.76 115 307 314 312 196 
-4.98 -6.08 -8.89 -4.0400 2.9800 -6.0200 1.3344 -0.6400 -0.9933 -1.47 -8.97 -3.66 123 327 335 336 209 
-0.86 -3.64 6.27 -0.9200 5.8700 7.6600 4.2989 0.8856 -0.3800 0.51 -9.16 3.44 132 342 349 372 212 
0.51 -5.57 3.15 0.4300 5.2000 -1.4600 -4.6956 -1.5967 0.3044 0.47 -9.67 -1.51 124 294 305 337 208 
-5.02 -3.49 -7.81 -3.2500 6.2100 -0.7300 6.7622 1.8278 -1.1800 0.68 -9.31 3.00 141 307 308 365 213 
-1.60 -11.57 5.33 -2.8400 -2.2600 0.8100 -0.7789 -5.6178 -1.2400 2.68 -9.25 1.78 172 287 295 321 209 
-1.32 -11.28 -9.42 -3.5600 2.1200 -9.7900 5.7600 -6.6822 -2.3556 4.31 -8.38 2.69 204 190 194 200 136 
-1.62 -0.99 0.18 -7.8100 5.2800 -3.8600 1.8889 -2.4600 -3.7744 8.10 -4.34 3.40 195 190 195 194 136 
16.22 13.85 -3.17 14.2700 13.4600 -3.5300 2.0133 -1.1667 -3.9622 9.28 3.14 0.41 184 199 199 199 137 
11.88 4.04 2.48 0.0400 0.6900 1.5100 -0.4944 -0.0022 0.8556 9.53 2.20 -0.63 196 196 202 201 137 
8.62 3.93 0.30 -0.7200 1.8300 0.3700 -0.2144 -0.2344 0.5367 9.64 1.70 -0.44 194 267 174 174 120 
15.63 1.09 -1.03 4.1400 2.2200 1.3800 1.1789 0.2878 3.1467 9.29 -2.49 -1.85 136 405 187 173 120 
0.11 -1.62 -0.48 -8.9700 0.8100 -0.1800 -1.2200 -0.1611 -1.4822 9.58 -1.77 -1.03 143 396 189 174 116 
5.95 0.81 -8.11 -0.9500 1.3800 -7.0600 -0.1600 -2.3756 -0.7044 8.95 0.07 -3.99 135 400 210 179 116 
27.37 1.85 -9.12 18.8000 3.5700 -1.2800 2.9711 3.4600 1.1722 9.08 -2.42 -2.79 141 400 215 183 119 
2.14 -1.50 3.20 -7.6700 2.3200 1.9900 -0.9822 5.4367 0.5233 7.68 -4.79 3.76 142 407 214 183 121 
-5.24 -3.33 4.11 -12.5300 2.8600 -1.2600 -1.7322 -1.4878 -1.6644 7.71 -5.39 2.75 140 410 214 187 121 
4.06 4.30 -13.34 -3.5900 7.4100 -11.2000 0.7011 -3.6878 -2.8389 9.44 -1.66 -2.03 139 405 212 187 122 
24.77 -0.01 -5.11 15.0200 1.5500 0.8300 0.9844 -0.4489 0.5544 8.62 -1.24 -4.50 144 406 217 189 123 
;
