9.09 1.28 3.48 0.0000 -0.0600 -0.0400 0.0044 -0.0078 0.0089 9.06 1.34 3.48 185 348 345 386 208 
9.10 1.35 3.43 0.0500 0.0000 -0.0500 -0.0111 0.0389 -0.0278 9.05 1.36 3.51 183 347 349 385 210 
9.45 1.68 3.61 0.5600 0.3200 0.1400 -0.0300 0.0611 0.1267 9.03 1.29 3.58 184 343 315 379 212 
11.12 4.11 9.20 2.7900 4.3400 4.4200 -4.9456 -0.0033 1.7644 8.59 -2.45 4.03 180 352 337 362 216 
10.43 -1.49 -0.60 4.4600 4.4500 -5.7200 -4.6511 5.3456 3.7078 3.62 -8.37 3.59 164 328 298 359 207 
3.11 -7.54 -2.73 2.2800 2.5700 -3.0700 -3.2000 3.3100 1.5300 0.00 -9.75 -1.00 165 335 325 379 208 
-1.61 -7.38 -5.31 -0.9800 1.3400 -2.6400 -0.8567 0.8867 0.6533 -1.12 -9.03 -3.64 163 332 326 385 210 
-1.97 -7.32 -8.35 -0.8500 1.9100 -5.7900 4.0756 -0.2833 -0.6222 -0.72 -9.75 -0.72 163 324 328 385 214 
4.59 -10.28 23.05 5.7600 -1.0100 18.0900 -3.5822 -0.7256 0.3956 -0.57 -9.78 0.05 163 334 319 367 214 
-7.72 -5.36 -21.41 -5.5100 2.9100 -17.9000 2.1989 -0.1778 -0.4700 -1.39 -9.35 -2.58 164 332 319 369 211 
0.31 -5.36 18.89 2.2700 3.6700 17.4900 1.2111 -1.5067 -0.5322 0.12 -9.12 3.59 172 346 310 381 215 
1.13 -8.32 1.13 0.1400 1.8200 -1.3200 -2.4211 -2.8656 1.3522 -0.34 -9.79 -0.36 168 316 304 321 204 
-6.98 -8.54 -4.21 -5.4600 0.8700 -3.7800 0.6078 -5.0356 -1.6611 -0.40 -9.77 0.73 202 234 213 243 163 
0.87 -5.29 -2.58 -3.8100 4.4700 -4.0500 1.3789 -4.1367 -3.9944 6.11 -7.50 1.55 207 180 187 192 121 
15.63 6.46 1.93 8.3300 8.8600 1.5200 2.0389 0.8578 -4.9956 9.69 -0.27 1.41 209 183 189 195 129 
12.47 1.30 3.99 0.5300 0.6400 2.0700 0.2511 -0.1489 0.5133 9.72 0.36 1.24 212 192 194 203 133 
8.34 0.13 1.11 -1.1200 0.1700 -0.2400 0.0233 0.1889 0.0033 9.71 0.07 1.32 213 193 192 203 133 
9.95 0.58 1.17 0.0500 0.2800 -0.0700 0.1411 -0.0144 0.0244 9.73 0.05 1.21 211 194 195 202 130 
9.59 0.31 1.01 0.0900 0.2100 -0.4000 0.0144 0.0789 -0.0222 9.72 0.03 1.24 204 195 193 207 134 
;
11.53 1.88 0.74 2.4600 2.4300 -0.5200 1.1167 1.7656 0.6333 9.57 -0.30 2.11 210 275 258 302 189 
4.79 -1.55 1.70 -3.6600 -1.0700 -1.8400 3.1800 -0.4778 -0.1667 8.79 0.43 4.31 193 375 344 422 214 
12.45 1.20 4.70 0.8400 0.2000 -1.1000 0.0500 0.5056 0.0389 8.81 0.78 4.22 180 385 347 422 214 
9.33 0.63 4.22 0.2900 -0.0800 0.0600 -0.1178 -0.0033 0.0011 8.86 0.68 4.13 182 378 351 422 211 
8.95 0.91 4.09 0.6100 0.3700 0.3000 -0.3089 -0.5522 0.2167 9.05 0.53 3.71 187 369 325 415 217 
15.72 3.60 9.87 6.5800 3.5800 4.9600 -5.1478 3.1911 0.3889 8.15 -2.06 5.03 182 369 352 428 218 
11.40 0.37 3.85 4.8600 6.7700 -3.1600 -5.9433 4.8244 2.4200 3.05 -8.33 4.16 154 358 352 426 215 
1.72 -3.40 -4.76 0.4600 6.2700 -5.1900 -3.8256 2.7744 1.7778 -0.94 -9.51 -2.19 132 348 349 409 212 
-4.09 -6.21 -12.31 -2.1200 2.2000 -9.1400 2.2500 0.2167 -0.2522 -1.51 -9.31 -2.67 128 341 322 384 209 
1.02 -7.02 20.91 4.5700 2.1800 24.1500 -0.3233 -0.3911 -0.3611 -0.65 -9.64 1.63 120 340 330 372 208 
-3.25 -6.08 -9.91 -3.3300 3.1000 -10.5800 -1.6500 -0.7811 0.4700 -1.51 -9.13 -3.22 129 339 318 359 206 
-1.79 -5.93 1.03 -0.3800 3.4400 4.2100 4.8700 0.3844 -0.6900 -0.51 -9.42 2.65 139 345 335 385 205 
1.77 -9.54 9.09 2.0700 0.1600 4.1700 -1.4689 -4.1989 0.6811 0.66 -9.52 2.24 171 327 315 300 198 
-2.74 -8.28 -1.06 -5.2500 0.0000 -4.5700 -0.2867 -5.7533 0.8900 -0.83 -9.68 1.29 178 215 211 221 152 
-8.96 -4.52 0.39 -7.3600 6.5500 -1.6600 0.0233 -1.6644 -4.8567 4.54 -8.41 2.17 193 191 199 203 137 
14.25 7.96 0.32 6.1200 10.4400 -0.1800 2.8878 -1.3656 -5.7289 9.47 -0.19 2.51 213 186 197 207 129 
15.10 4.43 5.78 1.7300 1.2500 2.7000 -0.1089 -0.0967 0.6967 9.34 1.58 2.52 209 193 206 210 136 
9.01 1.51 1.16 0.1500 0.6100 -2.0100 -0.3078 0.2578 0.7478 9.32 0.63 2.96 206 208 205 221 152 
8.87 -0.84 -0.37 -1.3400 -0.8300 -4.9100 1.9767 2.1667 1.1622 8.64 -1.00 4.51 202 363 338 391 206 
2.66 0.90 6.92 -1.5400 6.5700 9.5500 0.2411 -2.7511 0.5267 8.05 1.78 5.30 182 394 355 415 214 
;
