-2.14 -0.34 9.68 -0.0300 -0.0200 0.0700 0.0211 -0.0178 0.0256 -2.04 -0.32 9.58 186 398 370 432 231 
-2.02 -0.26 9.60 -0.0200 0.1300 -0.0300 -0.0322 -0.0467 -0.0089 -1.95 -0.35 9.60 187 394 368 428 229 
-2.74 -2.91 14.20 -1.8900 -2.4600 4.2900 -0.9567 -6.0489 -0.0489 2.26 -1.60 9.40 191 345 314 391 233 
5.80 -4.58 12.68 2.0500 2.0500 4.2500 -5.8644 -1.7978 2.2011 4.20 -7.92 3.95 143 305 307 324 219 
1.34 -3.26 -1.06 -0.6000 5.7700 -0.2700 -3.6578 0.1544 2.1678 0.99 -9.21 -3.19 136 306 301 312 209 
-1.30 -5.10 -3.94 -1.4700 2.9900 1.3300 -1.6722 0.3533 0.0478 0.17 -7.61 -6.17 135 309 299 319 212 
-1.32 -2.25 -14.42 -0.7600 4.4500 -10.3400 3.5533 -0.4811 -0.4822 0.36 -8.85 -4.19 146 321 310 357 231 
-3.00 -3.26 23.26 -1.5700 4.4000 27.9400 0.1278 0.4667 0.0556 -0.07 -9.37 2.88 155 350 341 400 238 
2.63 -4.77 -5.35 -0.3200 5.9200 -8.3100 -4.0600 -1.3467 -0.4433 1.46 -8.70 -4.26 151 338 337 378 235 
-2.26 -3.99 -2.12 -3.3600 6.7500 3.4000 6.8756 2.1889 1.3278 0.16 -9.33 3.01 170 361 338 400 238 
-0.92 -8.98 7.36 0.0900 -0.0400 1.9800 -1.7367 -3.2433 -0.8567 0.34 -9.32 3.00 185 357 342 386 230 
-2.46 -2.64 -5.89 -6.2900 6.0000 -8.1800 0.7978 -13.9022 -3.6067 5.79 -7.64 -2.03 209 338 327 329 230 
3.22 2.07 -8.82 -1.2000 6.1800 -4.0900 -4.3722 -4.0956 -3.7400 4.13 -1.91 -8.68 216 304 289 321 229 
7.90 0.07 -14.81 3.7300 -0.9400 -6.2100 -1.1289 -0.4478 -0.4900 2.95 1.73 -9.18 224 333 304 337 231 
6.48 -0.10 -11.98 3.7000 -1.7300 -3.5500 1.2589 0.5956 0.1944 3.42 0.82 -9.15 225 335 310 343 233 
7.58 2.18 -19.67 0.9600 6.4800 -8.1700 7.6022 4.6556 3.4456 5.36 -6.68 -4.77 229 426 348 424 237 
-1.31 1.42 2.87 -5.7400 10.2800 1.3400 0.8444 1.1267 0.6978 3.07 -9.20 1.40 232 440 352 439 236 
3.13 -5.25 1.09 0.0500 3.2200 -0.3500 -0.4811 -0.2711 -0.7189 3.97 -8.89 1.08 232 432 363 437 236 
;
3.19 -5.82 -0.13 -1.8900 2.9400 0.2500 -1.1078 -1.3700 -0.9644 5.19 -8.29 -0.63 209 363 296 338 222 
5.38 -5.12 -2.25 -0.8100 0.8500 -0.9800 -0.6178 2.9422 -3.7611 8.63 -4.64 0.27 205 339 310 322 216 
20.27 -1.62 5.95 11.9400 1.0900 5.7300 -1.6356 3.2178 -0.2144 8.99 -1.99 3.34 210 379 344 407 234 
11.42 -1.53 5.37 2.3000 4.3600 -0.6700 -5.9722 2.6544 3.6711 5.24 -8.06 1.92 164 360 346 406 235 
1.25 -3.54 -3.84 -1.5300 5.1500 -2.2200 -3.8411 1.4922 1.8522 1.33 -8.73 -4.24 146 357 342 384 234 
-1.32 -4.72 -10.01 -2.4800 3.5600 -5.6200 1.0756 0.3789 -0.2367 1.01 -8.35 -5.03 148 353 338 381 230 
-1.75 -4.38 1.92 -2.9100 2.6800 15.9300 4.8322 2.7822 0.5822 1.39 -9.36 2.56 156 352 354 385 231 
3.16 -5.65 1.07 1.3200 4.5300 -2.5300 -3.8367 -1.2967 -0.1211 2.00 -9.40 -1.94 153 350 331 340 219 
-2.07 -4.04 -3.70 -2.3900 4.8400 1.6000 5.4156 2.2633 0.2522 1.43 -9.20 3.04 168 359 346 372 229 
3.15 -7.62 8.93 0.1400 0.6700 2.4600 0.4000 -5.4833 -0.1411 3.75 -8.14 3.97 183 372 350 371 223 
2.29 -3.09 -2.41 -4.5100 4.8900 -5.5600 1.0167 -8.5378 -1.5689 6.66 -6.90 -2.02 196 359 337 367 230 
1.86 -4.58 -6.94 -3.4000 0.9000 -1.2100 -2.8211 -3.7000 -1.8100 3.83 -4.18 -7.99 219 310 303 334 232 
5.38 -1.04 -11.73 3.1900 0.2500 -2.4300 -2.2667 -0.8411 -1.1611 2.00 0.49 -9.58 223 326 302 342 231 
5.67 0.68 -13.64 3.8700 -1.5000 -4.4500 0.3667 0.4833 -0.0033 2.26 1.67 -9.39 222 336 310 355 234 
6.80 -1.45 -25.81 4.7500 -0.3600 -17.7200 7.2044 1.3989 1.9767 3.35 -4.13 -8.23 228 392 339 368 239 
0.36 3.36 -0.16 -7.5000 11.7500 -0.8300 3.4622 2.1022 1.6367 2.51 -8.99 3.00 232 443 373 433 239 
0.79 -1.43 2.62 -1.2600 6.5600 -0.7400 -0.2644 -0.2189 -0.5200 2.44 -8.93 3.23 234 437 382 437 241 
3.19 -6.06 1.14 0.0400 2.7800 -1.7500 -0.6078 -0.1956 -0.9000 3.62 -8.78 2.40 230 436 375 416 237 
;
