1.67 1.73 9.52 -0.2000 0.2100 -0.0100 -0.0367 -0.0533 -0.0133 1.83 1.50 9.51 178 366 371 404 216 
2.07 1.56 9.50 0.1300 0.0700 -0.0300 -0.0433 -0.0156 0.0067 1.91 1.47 9.50 178 366 373 404 216 
1.99 1.47 9.62 -0.0100 0.1300 0.1200 -0.1067 -0.2767 0.0000 2.21 1.31 9.46 181 359 361 408 221 
9.48 2.84 15.97 7.7600 2.2300 10.0200 -2.6056 -6.0122 2.5200 6.46 -2.03 7.08 146 337 302 337 213 
4.27 -1.92 5.80 -3.5000 5.0400 0.8700 -4.7378 -1.3000 4.4722 4.55 -8.60 1.22 121 295 285 268 188 
0.39 -0.91 -1.88 -0.2600 7.7700 -0.3200 -3.5056 0.5678 2.4944 -0.18 -9.02 -3.82 126 315 305 306 201 
-4.60 -4.80 -10.93 -4.3100 3.4500 -6.3700 0.7500 1.0356 -0.1711 -0.49 -8.29 -5.20 136 334 335 359 218 
-0.94 -4.61 3.17 0.5100 5.3500 13.3400 3.4978 1.8533 -0.3778 0.96 -9.68 1.21 143 370 352 386 225 
-0.01 -5.43 -6.29 -3.2400 3.2700 -11.9100 -1.6989 -0.8967 0.3200 0.71 -9.29 -3.03 146 366 352 391 226 
1.02 -7.14 11.85 -0.8200 1.0500 13.0600 1.7444 -2.4289 0.8511 0.82 -9.60 1.79 149 362 282 279 183 
-5.42 -12.44 -9.08 -5.6000 0.4900 -12.1300 4.8722 -10.9867 -4.1378 4.65 -8.55 1.15 151 413 178 180 121 
0.28 -1.23 -1.08 -6.7900 5.6600 -1.3300 0.3733 -1.9833 -4.5778 9.13 -3.56 -0.27 127 414 194 180 120 
12.42 5.59 -10.31 9.0600 7.6800 -8.0800 1.5322 -1.3189 -2.3089 9.25 0.71 -3.17 124 414 198 185 126 
24.55 3.78 0.17 11.6500 4.6300 4.3000 1.6889 3.2367 3.2967 9.39 -2.67 -0.82 126 414 203 189 128 
-0.68 -6.90 3.75 -9.9900 -1.4600 0.3000 -1.4211 1.9489 1.2367 7.45 -5.64 2.96 125 410 205 190 128 
-2.10 -0.18 -0.67 -9.0600 5.9100 -3.4700 -0.6300 -1.2722 -2.5167 8.72 -4.24 1.42 124 407 207 191 129 
;
16.20 3.64 -7.24 8.4000 4.3900 -6.5800 1.4167 -1.1033 -1.7356 9.76 -0.58 -0.63 124 400 210 194 131 
13.89 -0.48 4.34 1.2700 0.4800 6.0000 0.7122 -0.1156 1.5256 9.49 -2.19 -1.05 126 394 210 196 132 
6.11 -1.76 -0.87 -3.1700 0.9200 -0.3800 -2.5589 0.7044 0.1878 9.36 -2.66 -1.14 165 380 228 241 170 
18.11 0.13 2.10 9.9600 2.5100 2.4400 -4.9278 2.0156 2.0811 9.17 -3.38 0.75 169 361 353 407 230 
7.17 -2.62 -2.30 -0.6600 4.9300 -5.2300 -5.4300 6.0156 6.0889 2.61 -9.44 -0.15 140 361 361 404 229 
-0.06 -4.55 -5.80 -1.2500 4.8600 -2.8500 -1.9700 1.2078 1.2233 -0.46 -8.85 -4.18 134 352 348 383 223 
-3.17 -4.52 -13.61 -2.7200 4.5000 -8.1600 3.9922 0.7656 -1.0267 0.29 -9.62 -1.87 144 355 352 404 226 
0.95 -13.29 8.76 0.3100 -3.0100 6.5200 -2.9656 -1.5389 -0.1356 0.55 -9.64 -1.68 134 359 355 388 223 
-2.17 -3.46 -8.88 0.6800 4.9500 -0.3400 4.8022 1.7500 -0.1811 0.80 -9.66 1.45 147 360 358 401 228 
4.49 -8.74 10.09 1.4700 0.1200 5.7500 -1.0067 -2.6778 -0.2667 2.14 -9.36 1.97 155 351 346 320 203 
0.44 -9.96 -6.14 -3.2900 -1.0100 -7.9800 4.3933 -5.7656 -2.3956 5.18 -8.11 1.84 162 389 188 183 122 
4.87 -2.46 -0.64 -4.4700 3.9600 -0.1400 2.3500 -3.7522 -2.9233 9.15 -3.48 0.36 127 393 196 181 125 
9.09 9.32 -5.85 0.2100 10.0200 -5.1600 0.6922 -1.1922 -3.6278 9.23 1.87 -2.71 122 392 207 185 128 
23.40 8.95 -8.32 15.4700 6.1500 -3.5500 2.8511 1.1011 1.4089 9.03 1.28 -3.59 125 381 210 189 131 
6.69 -0.05 2.82 -4.0500 1.6300 3.1800 -0.3089 4.4578 3.4267 8.87 -3.80 1.72 126 387 216 193 133 
-3.12 -5.60 4.23 -10.1800 0.9600 0.9500 -2.1367 -0.1567 0.1211 6.94 -6.49 2.40 126 389 216 192 134 
2.72 3.27 -4.60 -4.7400 8.4200 -5.9300 -0.4856 -0.4467 -4.3289 9.36 -2.86 0.40 128 387 222 196 135 
17.50 1.70 -1.88 6.8700 1.7800 -0.6600 1.3989 -0.9478 0.2233 9.72 -0.92 -0.81 129 382 207 198 135 
11.35 -0.44 3.52 0.4500 0.7700 3.5100 -0.9189 0.8544 1.3900 9.45 -2.58 -0.23 137 367 209 212 151 
;
