2.33 1.28 9.38 -0.2300 0.1000 -0.0200 0.0211 -0.1289 -0.0444 2.60 1.18 9.37 180 334 323 338 201 
3.63 2.67 12.14 0.8000 2.4600 3.6000 -0.8056 -2.3067 0.5767 4.80 0.39 8.53 208 345 334 366 216 
0.57 -0.86 -2.99 -6.7900 0.5200 -6.8500 1.2178 -15.4511 0.0122 8.07 -0.37 -5.55 211 304 285 254 210 
0.53 -0.07 -5.89 -1.4000 0.0900 1.3000 -2.1300 -0.0878 -1.6578 3.85 1.39 -8.90 215 307 271 299 210 
8.69 -1.19 -16.57 5.2500 -3.6800 -7.5200 1.0978 0.1667 0.4144 3.70 1.97 -8.86 217 317 297 308 214 
9.07 4.25 -14.06 2.6900 5.9000 -4.4900 8.5200 4.1744 2.6378 5.32 -6.43 -5.14 222 424 362 424 228 
0.12 -0.07 -0.88 -4.4100 8.8700 -1.0200 0.4811 0.7100 1.2356 3.58 -9.11 0.45 222 424 377 427 228 
0.86 -4.08 2.11 -2.0200 4.1500 2.0700 -0.6233 -0.5378 -1.1600 4.15 -8.87 0.22 215 406 184 188 132 
6.30 -16.29 -5.69 -3.4500 -6.3000 -7.8500 5.9056 0.1056 -2.8811 7.41 -6.22 1.55 131 395 192 194 115 
9.78 -0.64 3.14 1.8500 4.7200 -1.0800 4.6033 0.2156 -0.0267 7.79 -2.91 5.18 138 388 202 198 120 
6.82 4.28 4.99 -0.4400 6.1700 -0.4200 0.0867 0.3189 0.6189 7.38 -2.19 6.07 144 382 206 200 123 
8.42 -0.89 2.89 3.8300 2.1800 -3.6600 -3.1567 1.2911 -0.8356 6.55 -4.04 6.07 143 396 209 207 129 
4.97 -9.58 5.00 -0.9300 -5.0900 -1.7000 0.1122 1.1311 0.3222 4.96 -5.12 6.73 144 404 213 206 132 
2.18 -4.07 7.63 -1.8900 1.2900 0.1200 -0.5456 -1.1256 0.0956 4.85 -5.50 6.50 149 398 211 207 133 
2.39 -2.62 4.50 -3.7700 2.7400 -1.4900 -2.7889 2.6722 -3.0078 5.73 -5.89 5.33 170 346 218 228 164 
4.93 -1.35 4.55 -1.1400 1.9500 -2.1400 -0.0611 4.0767 -5.6278 4.90 -1.42 8.37 190 320 281 294 196 
;
