2.17 1.82 9.30 0.0000 -0.0600 -0.0400 0.0178 0.0033 -0.0044 2.22 1.90 9.35 173 344 341 359 200 
2.25 1.98 9.31 -0.0400 0.0300 -0.1100 0.0756 -0.1000 0.0033 2.31 1.98 9.32 175 340 342 362 199 
4.27 2.76 10.84 2.1700 1.0400 2.4000 0.8767 1.0589 0.2011 1.88 2.51 9.28 187 336 302 388 217 
-1.94 3.10 7.94 -3.5800 -0.2900 -2.2100 -0.7922 -7.1278 2.1267 4.52 1.49 8.57 189 302 257 313 216 
3.72 -0.09 -10.96 -2.7100 0.5900 -6.5100 2.3122 -15.8267 0.4033 3.46 -0.53 -9.15 197 298 261 311 214 
5.92 0.82 -10.19 2.2600 0.6500 -1.0300 -0.9044 -0.5178 -0.2989 2.60 0.80 -9.41 200 309 282 324 216 
6.18 0.05 -11.64 2.9900 -1.4900 -2.3100 0.3789 0.3711 0.3989 3.10 1.00 -9.24 200 315 289 334 218 
9.68 -2.33 -16.67 4.7700 -0.6900 -7.7400 3.1744 1.2678 1.5867 4.72 -2.56 -8.20 205 368 317 358 219 
2.72 0.25 -5.37 -1.2800 6.5500 -0.3900 4.9978 4.4711 2.0044 6.05 -7.68 0.66 209 425 357 420 219 
-0.36 -1.34 1.28 -5.1600 6.7500 -0.9000 0.4900 0.7389 0.5344 4.22 -8.45 2.62 212 426 356 419 219 
2.88 -5.81 3.40 -1.1800 2.4000 0.5300 -0.6067 0.1733 -0.8256 4.71 -8.30 2.23 210 421 307 270 195 
1.71 -7.28 -3.40 -0.7900 4.0400 -2.6600 -2.0400 -1.4656 0.1822 5.24 -8.21 -1.07 128 367 174 165 109 
7.70 -10.79 -0.96 1.6100 -1.5500 0.9300 1.5778 -3.0589 -0.1344 5.31 -8.17 -1.07 128 408 180 170 113 
9.40 -7.84 -0.84 3.0000 1.0300 0.9500 0.8789 -0.7533 -0.1067 5.06 -8.30 -1.23 135 415 185 171 114 
5.60 -8.52 -2.65 1.8900 -0.4300 -2.8500 1.5278 1.4589 -0.3900 5.30 -8.24 -0.35 115 376 186 170 112 
3.12 -9.37 -3.03 -0.9900 -0.6400 -1.9000 -1.1089 0.1778 0.0733 5.10 -8.26 -1.30 121 395 187 174 115 
7.62 -5.64 3.09 2.3400 2.1900 1.2700 -1.3556 3.0367 -0.2011 5.47 -8.12 0.44 138 398 196 175 117 
10.14 -6.31 4.68 5.3700 1.6700 3.3000 -3.5378 5.3422 -0.5922 5.88 -7.83 0.34 167 393 274 254 191 
9.88 -6.34 -0.45 3.0800 1.7000 -1.2100 -5.5533 0.8800 2.5267 4.77 -7.66 -3.81 177 382 311 339 206 
5.78 -4.22 -9.68 0.9500 1.4800 -4.1200 0.1900 1.4822 1.6333 3.50 -8.04 -4.38 171 386 344 362 211 
1.47 -6.50 -8.20 -1.0500 3.4500 -5.1700 1.7944 -0.4433 0.5656 2.04 -9.14 -2.89 163 389 344 376 214 
-0.49 1.73 -5.39 -1.4000 11.4900 -5.0700 9.8744 -0.6778 0.2122 1.72 -7.17 6.45 188 364 339 395 219 
2.61 -1.91 16.73 1.9700 6.4000 7.2500 -8.3933 -1.0089 -1.4889 2.13 -9.13 2.86 184 368 339 391 218 
2.78 -6.67 -30.21 -0.4600 7.8500 -22.2100 7.9278 0.6844 0.6644 2.13 -9.29 2.28 189 368 346 399 218 
-0.73 8.54 30.73 -3.8800 7.7700 20.7100 -1.2089 -0.7856 0.0478 1.59 -4.76 8.42 192 379 357 404 219 
;
