4.54 2.77 8.30 0.0000 -0.0200 0.0900 0.0100 -0.0200 -0.0089 4.57 2.78 8.21 168 343 337 261 201 
4.52 2.95 8.52 -0.0800 0.1500 0.4000 -0.0022 -0.1467 -0.0233 4.66 2.80 8.15 165 341 340 306 202 
6.52 3.78 11.06 0.2900 1.5600 2.2900 -4.5344 -6.4944 1.9511 8.52 -0.39 4.82 207 349 348 326 205 
3.94 -2.43 -4.05 -2.5900 1.1100 -0.1700 -2.5822 -7.0678 1.6356 5.63 -3.06 -7.42 208 308 293 288 198 
1.32 -2.14 -10.10 -0.5800 -0.4800 -1.9400 -1.0378 -0.4844 -0.1533 2.93 -1.45 -9.24 206 299 286 301 201 
5.45 -5.16 -15.71 2.7600 -3.4100 -6.7500 2.2633 0.3600 0.3644 2.97 -2.82 -8.90 205 317 300 318 213 
4.60 -4.80 -9.95 0.2100 3.4300 -1.0000 6.6233 2.7333 1.3167 3.99 -8.39 -3.12 213 410 351 427 217 
-0.04 -1.99 1.50 -2.7800 6.6900 1.1300 0.7833 0.5000 0.6478 2.44 -9.46 0.73 213 414 361 440 219 
1.64 -6.27 1.61 -0.8600 2.9900 0.7900 -0.4111 0.2656 -0.4578 2.67 -9.41 0.55 214 411 359 426 218 
5.72 -7.53 0.28 2.4500 0.8500 0.0100 -1.0033 0.5711 -0.4900 3.58 -9.12 -0.33 208 342 284 269 188 
10.95 -9.35 -0.78 7.0100 -4.5600 -2.5600 -1.0711 10.9744 1.2767 3.55 -9.13 0.34 211 198 201 189 120 
0.89 -5.37 -4.85 -2.0600 5.9500 -6.4500 2.2400 4.7133 4.3233 -4.36 -7.49 4.57 209 172 177 169 106 
-3.33 1.77 4.64 1.0800 4.3300 0.2100 2.2811 -1.9511 2.9889 -6.62 -2.06 6.92 213 183 183 171 110 
-12.80 -2.22 17.12 -3.7900 -0.6600 6.8400 -0.9756 -0.0533 -1.1456 -5.70 -1.76 7.77 214 187 185 178 118 
-3.23 -2.99 4.26 3.5000 -0.5900 -3.6200 1.8611 -1.4856 -0.6778 -4.75 -1.77 8.38 213 239 225 216 150 
2.72 -0.25 5.16 5.4800 0.9500 -5.0200 3.2756 -8.6378 0.1656 5.10 1.11 8.29 212 352 333 396 214 
8.82 1.26 7.13 0.3000 0.7600 2.7900 1.1144 -1.4178 0.5367 8.84 0.81 4.14 210 356 352 407 214 
10.27 2.36 6.49 0.5300 0.3500 1.7100 -0.0156 -0.2244 0.1044 9.06 1.25 3.52 208 353 355 396 215 
;
9.97 1.42 4.10 0.5100 0.1800 0.4900 -0.0144 0.4289 0.0111 8.90 1.34 3.88 201 354 354 393 215 
9.11 1.19 4.08 0.3000 -0.1400 0.1400 -0.0922 0.1889 -0.0700 8.82 1.34 4.05 201 351 353 396 215 
8.72 1.76 4.73 0.0200 0.5100 0.7400 -0.0622 0.1056 -0.1511 8.76 1.37 4.17 204 349 352 382 215 
9.35 1.87 5.36 0.7000 1.7700 1.8700 -3.4711 -3.0911 1.1778 9.63 -1.11 1.47 203 342 307 344 209 
3.93 -0.94 -4.90 -3.9900 2.0600 0.4000 -3.5067 -6.6244 2.3100 5.43 -2.66 -7.71 208 290 312 331 216 
1.58 -1.14 -12.49 -1.2100 -1.3700 -4.9800 -1.3678 0.2833 0.0478 3.09 0.28 -9.30 204 325 320 344 217 
9.34 -3.20 -22.84 6.1400 1.4700 -11.6400 6.1267 2.5278 0.9200 4.03 -3.87 -8.05 214 405 344 432 224 
-0.26 -0.28 0.20 -3.9200 8.0800 4.0400 3.1922 1.9767 1.7156 3.81 -9.03 0.14 212 424 365 440 222 
0.37 -4.08 1.05 -3.0000 4.9800 0.5000 -0.2889 0.0033 -0.5311 3.81 -9.02 0.45 218 420 369 431 221 
9.73 -8.07 0.91 6.2500 -1.1700 1.1600 -3.0122 3.0133 -0.6956 5.24 -8.25 -0.73 213 244 241 243 174 
0.39 -10.78 -4.90 -1.8400 -0.3200 -7.8200 1.8378 8.5289 3.9011 -2.01 -8.80 3.82 211 195 197 199 132 
-2.34 -3.15 2.71 3.5000 4.5600 -1.0400 0.4978 -0.1011 2.8000 -6.86 -5.70 4.05 214 184 190 184 123 
-0.15 0.08 3.11 5.7100 3.8100 -1.6500 1.7511 -2.9300 1.7544 -6.02 -2.93 7.15 213 190 194 190 127 
-9.84 -3.55 15.65 -3.0700 -0.2900 4.2400 -0.7467 -0.5089 -1.5878 -4.06 -3.45 8.22 212 208 203 204 140 
-2.12 -2.39 5.00 0.6400 1.9300 -4.5000 1.6789 -5.8000 -2.9278 2.27 -2.83 9.10 212 295 278 278 186 
;
