3.24 6.73 5.53 0.0200 -0.1800 -0.6100 0.8944 0.3556 -0.1533 3.00 7.23 5.90 169 263 299 285 192 
2.37 8.09 5.57 -0.1100 0.1900 0.5300 0.8133 0.4200 -0.1511 2.37 8.17 4.86 177 274 308 299 197 
2.46 10.62 7.01 -0.1800 2.9300 2.7800 -0.4122 -3.6489 2.4589 4.28 7.80 4.11 193 288 294 300 205 
5.33 -1.79 -9.15 2.7400 0.0900 -0.0500 -0.4556 -9.9400 5.7456 4.79 -0.09 -8.55 200 282 299 315 212 
2.27 0.49 -6.11 1.2500 0.2900 1.9100 -1.6333 -0.4356 -0.4256 2.72 0.92 -9.37 205 301 296 316 214 
4.45 3.77 -9.72 1.7600 0.8600 -0.9800 -1.3544 0.1944 -0.4811 2.87 3.36 -8.75 207 307 291 318 215 
3.85 3.38 -10.85 0.4600 -0.4100 -2.1200 0.0967 0.0611 0.0611 3.21 3.90 -8.40 207 308 295 325 218 
9.76 1.91 -22.43 8.7600 0.4800 -15.8800 4.3711 2.7678 0.7478 4.29 0.85 -8.77 208 407 323 405 225 
2.99 6.62 -3.41 -5.9000 11.9200 1.8400 4.2533 2.0378 2.6433 5.45 -7.83 -2.25 212 428 331 419 225 
-0.96 0.51 0.05 -5.8000 7.6900 0.5100 0.2644 0.8656 -0.2989 4.97 -8.44 0.03 213 429 297 420 224 
3.15 -4.59 0.82 -2.0100 4.4100 0.9900 -0.8778 -0.4722 -1.1978 5.94 -7.75 -0.84 210 388 332 326 215 
3.00 -2.97 -3.85 -4.3600 2.1100 -1.5500 -2.0789 -1.1067 -3.5367 8.35 -3.42 -3.83 209 227 211 202 128 
32.90 0.64 -9.59 15.3500 2.3100 -15.7300 -6.1322 29.8933 4.0822 -2.89 -2.44 9.04 208 160 160 156 101 
4.12 1.35 7.08 0.0500 1.5300 -2.6400 -0.2211 1.5744 2.0700 -6.34 -1.24 7.37 211 166 165 161 105 
-7.30 1.53 7.17 -1.2800 0.9300 1.0100 0.4989 -0.4167 1.1978 -6.59 0.39 7.24 212 173 169 163 106 
-8.95 0.56 9.74 -2.0800 -0.4900 1.3200 0.0011 -0.3156 -0.3256 -5.91 0.49 7.80 211 175 171 165 108 
-7.65 -0.86 8.43 -2.1300 0.3300 1.3400 1.6967 -1.7600 -2.8100 -4.64 0.42 8.62 209 296 193 183 123 
8.18 2.14 12.03 9.6100 2.3500 3.2400 2.5944 -6.5844 3.4933 4.32 3.88 7.89 209 411 338 411 219 
10.69 3.37 1.88 1.5700 1.4100 -1.9400 3.7333 -1.1222 2.7633 8.95 1.41 3.74 195 419 357 420 220 
5.74 3.29 1.45 -2.6000 1.8500 -0.2000 2.6567 0.9533 0.7189 8.82 1.19 4.10 211 432 359 427 225 
5.08 3.81 4.05 -3.2500 2.4000 -0.6400 -0.0289 0.3156 0.4956 8.38 1.18 4.94 211 433 363 427 224 
8.10 5.04 5.06 -0.7600 4.6700 -0.1000 -2.2411 -0.6522 0.2667 8.61 -0.08 4.67 210 426 335 419 222 
10.98 6.48 -1.80 1.7900 6.7000 -4.8400 -4.9267 -2.7344 1.3800 9.57 -1.98 0.72 153 263 254 316 223 
1.83 -8.61 -4.89 -6.2400 -3.4400 -4.6600 -2.2944 2.4967 0.7322 7.70 -6.05 0.42 178 283 267 327 222 
5.78 -8.33 -1.10 -0.9800 -1.2300 -1.1900 -0.2544 -0.0200 -0.6411 8.07 -5.56 0.23 182 297 274 334 223 
;
