1.25 4.25 8.77 -0.0800 -0.1100 0.0900 0.0133 -0.0011 0.0000 1.31 4.37 8.67 181 367 358 417 222 
1.33 4.38 8.80 0.0200 -0.0900 0.4400 0.1533 -0.0144 -0.1256 1.29 4.46 8.63 187 349 351 380 220 
-0.87 8.00 12.00 -5.0100 4.1200 2.0100 -2.6522 -7.9689 0.4611 6.03 3.40 6.93 195 344 308 274 197 
7.33 1.79 -7.86 0.5400 -0.1100 1.1500 0.8489 -9.0900 1.3289 3.70 1.87 -8.88 209 273 259 289 205 
2.68 2.24 -8.73 -1.5700 -0.4100 0.1800 -1.1878 0.0711 -0.7767 2.80 3.53 -8.70 212 295 269 296 206 
5.93 3.21 -15.29 3.2900 -0.7200 -7.1200 1.5689 -0.4533 -0.0867 2.56 3.24 -8.89 208 296 282 304 212 
5.77 0.84 -13.34 2.2300 1.5800 -3.3700 4.9978 2.9100 1.3489 4.17 -3.20 -8.27 217 414 355 384 223 
1.74 0.89 -2.10 -3.8700 8.6400 1.6800 2.8044 1.6844 2.2289 4.54 -8.55 -1.54 217 433 372 420 224 
0.59 -3.89 0.80 -2.8100 4.3400 1.1800 -0.2489 -0.0822 0.1022 3.49 -9.13 -0.64 218 432 370 416 224 
2.53 -6.81 -0.33 -1.8000 2.6100 0.5900 -0.9756 -0.1100 -1.1178 4.47 -8.54 -1.74 214 367 316 328 214 
4.10 -8.72 -1.97 -1.8500 -1.3700 -0.5300 -2.3633 0.2800 -2.4356 7.14 -5.62 -3.67 213 200 190 185 124 
15.17 -6.76 -3.11 6.1200 -0.3900 -7.5700 -0.8611 15.3256 6.3989 1.62 -7.31 6.32 216 172 164 170 109 
1.53 1.27 0.51 2.8200 9.3200 -2.7900 1.3733 0.2311 5.1411 -6.76 -3.74 6.03 216 178 175 172 111 
-9.59 1.74 11.31 -5.0100 2.1800 6.0400 0.7589 -1.8111 0.6944 -5.69 -0.11 7.98 215 182 178 175 114 
-6.23 0.04 10.92 -1.0800 0.8700 1.1700 -0.5911 -0.2889 -1.5567 -4.58 -1.41 8.55 218 190 188 188 125 
-2.87 -2.21 9.51 0.6600 -0.0600 2.0800 -0.6622 -2.5389 -3.0911 -1.09 -3.37 9.14 202 298 185 182 123 
18.88 -1.17 -9.39 11.5900 -1.6800 -6.9300 2.5222 -11.1522 1.7056 7.85 -3.08 -4.99 138 415 192 181 122 
3.33 -4.59 -4.82 -1.0100 1.3700 1.3200 1.7278 -0.7933 1.4056 4.71 -6.70 -5.38 137 424 193 183 122 
3.47 -6.46 -2.76 -0.5400 1.4300 1.6000 1.1667 0.0467 0.3878 3.87 -8.25 -3.60 133 427 199 185 124 
8.55 -7.67 -3.39 5.0700 1.2600 -1.5500 1.9678 3.0444 -1.2756 4.68 -8.53 -1.17 129 417 202 186 123 
4.68 -8.51 -2.92 1.2500 -0.2800 -1.4000 -1.5867 -0.8578 -0.1067 5.04 -7.96 -2.68 143 426 205 193 131 
4.72 -8.74 -6.45 -0.5600 -0.2800 -3.7700 4.9044 -0.8278 -1.7456 5.53 -7.94 -1.52 135 424 206 199 135 
3.86 -6.18 -0.13 0.1700 1.9300 1.1600 -1.6822 -0.1756 -0.4389 5.70 -7.53 -2.63 152 420 211 204 137 
;
