-0.70 8.18 5.39 -0.0200 -0.0100 0.0200 -0.0011 0.0033 -0.0133 -0.69 8.21 5.31 189 277 263 329 205 
-0.79 8.18 5.36 0.0600 -0.0100 0.0200 -0.0189 0.2411 -0.1044 -0.93 8.18 5.31 191 275 273 333 208 
3.12 9.90 5.19 4.8500 2.1900 -0.1000 0.0500 3.3311 -1.0189 -2.89 7.93 4.98 192 298 295 349 213 
-5.18 6.29 7.49 -5.8000 -0.8700 -1.4000 -4.4811 -9.9533 5.6400 5.78 3.63 7.03 196 316 315 323 214 
16.86 3.37 -3.55 10.5500 2.8700 6.7200 -2.1167 -2.9678 1.1667 2.66 0.22 -9.43 198 320 308 316 217 
4.63 1.93 -12.51 3.7500 0.3300 -2.6300 -0.7189 0.8956 -0.3411 2.58 2.34 -9.16 199 329 320 343 222 
6.93 -1.25 -31.36 7.6900 -0.7000 -25.4700 7.8589 1.5522 0.8933 3.23 -3.47 -8.57 211 415 326 386 222 
-2.36 7.21 5.10 -6.2200 15.9100 6.2700 1.8456 2.4578 0.7656 3.42 -9.16 0.73 211 427 368 406 220 
-0.29 -0.94 1.37 -3.3400 7.4000 0.3500 -1.2267 0.8133 -0.9922 4.01 -8.92 0.67 209 429 373 403 220 
4.43 -1.25 -0.77 3.6900 5.2700 -0.4200 -3.4789 -0.6978 -1.6067 5.59 -7.43 -3.10 199 385 342 363 218 
14.05 -6.70 -12.80 8.0400 0.3900 -9.3700 -5.5556 3.5089 4.0011 5.04 -6.44 -5.40 152 328 274 292 206 
-2.82 -2.47 -8.61 -9.0200 4.9500 -3.8800 -0.4100 3.0911 4.9767 0.75 -8.62 -4.60 164 358 326 356 212 
-4.93 -4.07 -5.78 -4.5000 5.9100 -3.5400 1.4011 1.1878 -0.5389 0.78 -9.29 -3.01 167 373 335 384 215 
0.22 7.32 -5.75 -1.6900 16.6900 -4.9900 11.5556 -0.6367 -3.1022 4.33 -4.41 7.60 176 374 335 409 218 
7.99 3.77 28.15 4.3300 6.8400 18.2500 -6.3844 -1.0244 0.6633 4.62 -5.29 6.83 177 382 362 414 218 
2.07 4.28 -11.91 -2.4000 13.5500 -12.6400 -10.1144 -1.7700 1.7100 2.22 -7.36 -6.07 165 383 351 402 215 
0.07 4.90 -14.78 -2.7200 13.3500 -9.9500 9.5889 0.0756 -1.5167 3.23 -9.25 0.20 175 379 357 402 218 
12.83 13.39 22.02 4.8000 12.7200 13.2600 4.9189 -0.6722 -1.3667 6.20 -0.28 7.58 187 374 364 407 219 
5.86 1.95 11.91 -0.1700 2.1100 3.4600 -3.1356 -1.5444 0.2611 6.78 -1.49 6.91 181 357 302 296 207 
9.40 -8.64 -1.70 4.2200 -2.7600 -4.9300 2.5111 -4.0833 2.1067 8.62 -4.01 2.36 129 320 175 158 119 
6.95 -4.09 2.46 -0.5100 -1.0500 -3.2900 2.9867 1.4956 1.4856 6.15 -2.99 7.01 146 209 174 159 121 
3.54 1.38 5.21 -0.9800 3.0500 -3.1300 1.9656 1.9222 0.6422 3.89 -0.46 8.99 152 219 172 163 124 
1.54 2.32 8.64 -1.6000 2.0000 -0.9100 -0.3678 0.1589 0.4433 3.06 -0.35 9.30 150 217 180 166 127 
4.66 1.98 9.71 4.0500 3.7400 0.3500 -1.4989 2.0056 -1.8089 1.90 -1.04 9.56 139 207 178 174 131 
1.17 -3.95 6.86 2.1800 -1.9800 -4.2100 -2.0489 4.1167 -0.9611 -2.59 -4.43 8.35 131 205 193 178 136 
-11.47 -7.70 6.12 -6.1300 -1.5000 -1.0700 0.0122 -0.5122 -0.3489 -3.55 -5.18 7.52 136 223 194 184 138 
-4.79 -4.98 2.29 -3.3500 -0.0100 -7.2200 -0.0344 -4.6300 -0.4622 0.75 -4.97 8.41 158 230 204 200 151 
;
