8.44 2.06 4.48 -0.0500 0.1200 0.0700 -0.0078 0.0067 0.0000 8.50 1.91 4.48 188 339 341 390 213 
8.42 2.05 4.53 -0.0600 0.1200 0.1000 -0.0022 0.0011 -0.0011 8.50 1.91 4.48 190 339 342 389 212 
8.38 2.16 4.77 0.2600 0.6700 0.4700 -0.0500 -0.3311 0.2511 8.63 1.75 4.30 192 341 338 370 213 
8.56 2.79 4.31 -1.3000 3.1300 1.1300 -4.8944 -5.7356 3.3422 9.39 -2.57 -1.11 200 324 322 316 212 
1.76 -1.70 -6.31 -3.9600 1.1100 1.1100 -2.6189 -3.9300 1.3067 3.86 -2.51 -8.65 199 305 267 294 206 
2.15 -1.46 -10.82 -1.0100 -1.0800 -2.1000 -1.3656 -0.2389 -0.4389 3.32 0.31 -9.22 209 322 280 314 214 
7.74 -3.24 -15.97 4.7800 -4.0100 -7.3100 1.7711 0.0122 0.5289 3.13 -0.52 -9.27 208 338 286 315 213 
5.90 -1.31 -13.16 -0.6600 3.3300 -3.5500 6.1489 3.2778 1.2844 5.46 -6.99 -4.16 213 416 331 419 219 
0.50 -1.55 0.88 -3.8700 7.2600 1.1000 1.3433 0.4133 1.0589 3.96 -8.95 0.46 215 422 348 431 221 
1.21 -4.16 1.16 -2.5900 4.6300 0.7800 -0.7256 -0.6200 -0.7889 4.20 -8.86 -0.09 212 420 361 404 219 
3.76 -3.65 -1.80 -0.8500 3.3900 0.4800 -3.4744 -2.7778 -2.4133 5.82 -6.01 -5.10 205 321 299 330 215 
10.94 -7.79 -11.35 4.7500 -4.9700 -3.6900 -3.1922 -1.6156 1.1522 4.02 -1.80 -8.75 209 303 277 344 221 
0.90 3.87 -8.60 -1.5300 4.8200 -1.4700 -2.1633 -0.3711 0.1800 3.01 1.04 -9.27 209 324 275 353 225 
3.21 0.95 -10.22 1.3200 -0.4900 0.1300 0.6444 0.2500 -0.2300 2.60 0.53 -9.43 210 331 292 362 228 
2.26 0.50 -8.94 -0.6400 0.3300 0.3200 0.1256 0.6844 -0.7967 3.25 0.32 -9.24 211 325 294 339 221 
4.83 1.47 -10.23 -1.0400 1.0000 -1.9100 3.6000 6.3778 -1.7511 8.68 -0.55 -4.52 196 356 316 380 213 
;
8.68 1.83 1.34 -2.1000 2.4100 2.5100 4.8522 5.4133 -0.6389 9.08 0.36 3.67 208 370 337 415 217 
8.04 1.65 7.94 1.3100 0.5700 1.2800 -0.1900 -0.6089 -0.0889 8.64 0.49 4.60 188 366 339 402 216 
7.60 1.17 5.72 -0.8200 1.0600 1.7100 -0.4778 -1.5800 0.2744 9.15 0.20 3.50 206 364 340 409 220 
7.45 1.76 0.50 -0.8300 2.5300 -0.1800 -4.9067 -6.7256 2.0867 8.64 -1.89 -4.23 212 357 327 335 216 
4.93 0.16 -9.83 1.5800 0.1700 -1.2300 -2.1578 -0.8378 0.8467 3.30 0.60 -9.21 209 270 267 301 196 
3.25 -0.15 -14.71 1.0800 -1.5500 -4.5300 1.7267 -0.2233 -0.3522 3.16 0.42 -9.27 212 372 304 330 217 
10.60 -6.41 -12.98 6.2100 -1.0200 -3.7800 5.4856 3.2856 2.1211 5.50 -6.47 -4.90 214 415 362 429 221 
-0.92 1.37 1.51 -5.7500 9.9200 3.0200 0.9022 0.9300 1.0200 3.45 -9.15 -0.64 216 419 369 433 221 
3.08 -5.62 -0.98 -0.0800 3.2600 -0.2400 -0.3411 -0.0844 -0.4144 3.65 -9.05 -0.92 216 417 334 415 219 
2.11 -2.79 1.13 -6.7600 7.5000 4.7000 -0.9911 -1.4744 -1.0933 4.45 -8.34 -2.58 215 369 325 387 223 
8.62 -7.30 -12.29 5.3700 -1.7800 -5.6100 -5.8611 -2.2000 0.5078 2.43 -2.40 -9.18 207 296 257 358 227 
5.83 -0.70 -16.29 3.1000 -0.2300 -5.0600 0.3278 0.9022 0.4333 2.63 -0.37 -9.43 212 321 279 364 226 
2.07 0.41 -9.03 -1.5000 1.3400 -0.7700 0.8767 0.8244 -0.6911 3.61 -1.23 -9.03 211 317 270 361 224 
4.82 -0.79 -9.33 -0.6600 2.0800 -2.2400 4.0956 7.5167 -1.9922 8.74 -2.98 -3.27 202 354 315 378 216 
4.66 0.34 6.77 -4.1600 1.5500 3.6700 2.6167 3.8633 -1.3300 8.45 -0.09 4.96 187 372 339 402 215 
;
7.90 0.27 4.50 -0.5500 0.4500 -0.0100 0.0000 -0.0767 0.0778 8.21 0.01 5.34 178 370 343 400 218 
8.60 0.18 5.45 0.3600 0.1400 0.0700 -0.0267 -0.1978 -0.1044 8.36 0.00 5.11 180 369 346 401 219 
6.62 2.20 6.84 -1.5400 2.9500 2.4400 -2.3889 -3.8022 1.1556 9.52 -1.34 1.93 206 364 336 379 220 
5.08 -0.88 -8.25 -1.1700 0.8300 -2.2500 -4.1800 -9.0833 1.8444 3.84 -0.28 -9.01 207 334 302 358 223 
0.98 0.01 -14.75 0.1800 -1.4300 -4.5000 -0.0789 1.1467 0.2967 3.56 1.24 -9.04 210 326 287 316 216 
11.18 0.48 -20.62 6.1200 1.7200 -10.1400 8.0889 4.3544 1.3711 5.01 -5.27 -6.57 216 416 347 422 225 
2.44 -0.58 1.56 -2.3900 8.1400 3.4200 0.8556 1.2400 1.3867 3.52 -8.99 -1.66 214 421 347 437 223 
2.18 -4.65 -0.66 -1.1900 4.4400 0.9200 -0.2678 0.0789 -0.2756 3.55 -9.00 -1.57 215 414 370 432 222 
-0.28 -3.48 1.33 -4.1500 4.8600 4.1400 -2.6967 -1.9600 -1.3656 4.32 -7.68 -4.29 212 386 321 397 224 
6.45 -2.24 -12.89 3.5500 1.4800 -8.7200 -4.6278 -1.4722 -0.5589 3.19 -0.94 -9.22 209 301 272 340 226 
6.22 0.29 -11.22 1.1500 -0.6000 -1.0900 -0.8511 -0.0167 -0.3944 4.04 1.37 -8.82 207 324 286 356 226 
4.68 1.06 -10.43 0.7800 -0.0900 -1.4700 0.8089 0.2589 -0.1400 4.27 1.03 -8.76 210 320 289 345 225 
;
