9.24 1.80 -1.27 -0.2500 0.0700 -0.0800 -0.0189 -0.1322 0.0022 9.57 1.62 -1.33 293 425 402 425 309 
9.70 1.70 -1.53 0.7600 0.2500 0.4700 0.2000 0.1078 0.0678 9.57 1.56 -1.42 295 426 408 416 310 
8.33 0.89 -1.33 -0.4400 -0.0100 1.7600 -2.7778 -6.9922 3.8456 6.95 -0.47 -6.89 311 415 383 376 311 
0.63 1.91 -6.37 -6.3600 2.2700 2.0800 -1.6911 -1.3333 1.4611 3.70 0.24 -9.07 318 418 392 410 323 
8.85 -3.59 -19.15 7.2400 -3.9600 -11.4800 2.7056 0.8078 0.0289 3.86 -0.47 -9.00 324 471 397 434 329 
6.33 0.60 -10.13 -2.4200 9.3800 -1.0300 7.2400 2.2544 2.6867 4.81 -8.20 -2.38 340 534 469 528 347 
-1.97 0.32 2.69 -5.6000 8.8000 1.3600 0.8489 0.9767 -0.1211 3.63 -8.89 1.93 342 534 481 536 352 
4.35 -6.06 1.28 -0.9600 1.2000 -1.1700 -1.9622 0.8833 -1.6367 5.22 -8.27 0.67 304 355 320 339 263 
0.49 -0.89 0.04 -7.4700 5.1900 -1.9400 1.7922 1.2344 -3.8767 8.39 -4.81 1.58 283 250 254 261 197 
22.39 6.27 0.87 15.7600 5.9000 -0.2900 0.7911 -1.5067 -2.7778 9.73 1.15 -0.03 286 264 261 271 201 
10.06 2.06 0.30 0.1000 0.9700 0.7900 0.0333 0.1189 -0.0522 9.71 1.29 -0.36 285 267 264 277 207 
;
10.32 3.69 -2.19 0.1500 2.1600 -2.2900 -0.6922 -0.4989 0.9133 9.75 0.72 -0.71 289 346 305 324 261 
10.06 0.80 -1.39 -0.4900 0.0100 0.9500 -0.0956 1.6256 -0.0778 9.79 0.26 -0.42 294 421 361 419 294 
9.74 0.11 1.31 -0.1300 -0.7900 1.1800 -0.8944 -2.0811 0.0622 9.72 0.74 -1.05 301 431 406 440 309 
8.20 2.31 2.22 -1.8300 2.2000 3.6100 -2.3033 -5.5444 1.7156 7.87 0.17 -5.84 320 442 417 440 336 
-0.98 0.06 -12.80 -2.3700 -0.1100 -3.5300 -1.0844 0.5322 0.4356 5.06 1.00 -8.33 326 442 405 435 331 
8.05 -2.23 -16.90 3.9700 -1.8000 -8.3700 2.3500 -1.3844 2.1167 4.38 -1.61 -8.61 310 488 394 481 321 
2.94 -0.02 -2.43 -4.7600 7.9700 2.1000 4.0344 2.6333 2.7200 4.71 -8.50 -1.24 309 523 471 536 350 
0.04 -0.21 0.20 -3.3900 7.8600 0.0300 0.1133 1.0611 -0.2778 3.78 -9.00 0.93 341 537 472 525 343 
-1.12 -5.97 -0.54 -5.6700 1.3000 -4.0100 0.0978 -0.3444 -3.5289 6.73 -7.10 0.64 205 251 243 232 167 
2.68 1.74 2.95 -3.5200 7.6200 1.1700 3.0211 -0.6478 -4.3111 9.15 -0.45 3.49 278 265 254 242 183 
19.95 5.22 3.32 10.7900 3.3800 2.0700 -0.3256 -1.3933 -0.4311 9.50 2.05 1.26 281 271 263 249 190 
10.17 2.32 1.44 0.0400 0.5200 0.7700 -0.0700 -0.1033 0.1389 9.62 1.73 0.73 282 277 268 255 193 
10.29 3.28 -0.90 0.6700 1.3700 -2.7600 0.0611 -0.2189 0.5678 9.70 1.22 0.71 288 321 278 294 240 
;
