4.34 3.63 8.45 0.1200 0.0600 -0.0300 -0.1322 0.4156 -0.2022 3.44 3.30 8.56 164 310 324 323 199 
2.44 3.17 8.59 -0.6300 -0.0700 0.1600 0.0456 -0.5489 0.0356 3.57 3.37 8.48 166 307 322 322 199 
5.06 3.62 8.38 0.9100 0.1500 -0.0100 0.0089 0.2300 0.0456 3.90 3.35 8.34 163 308 323 324 198 
4.73 3.49 8.40 1.2800 -0.0400 0.1600 0.0333 -0.1689 0.0300 4.00 3.42 8.26 167 309 321 317 201 
5.78 7.08 12.52 6.0800 4.1500 6.4300 0.6222 2.1222 1.4022 2.11 4.62 8.38 183 323 329 353 213 
-3.54 -4.10 -2.00 -11.7000 -5.0700 -16.4900 2.9211 -22.2144 4.6144 7.83 -1.41 -5.73 201 301 288 325 212 
4.39 0.57 -3.92 -0.1300 1.2900 4.7500 -1.1689 -0.8711 -0.7133 3.34 -1.15 -9.14 203 305 277 335 211 
6.32 0.07 -12.99 3.1900 -1.9600 -5.1600 -0.9544 0.5100 -0.5833 3.41 1.49 -9.07 202 318 296 345 214 
8.45 -2.13 -13.66 3.6700 -2.8900 -5.6400 1.4789 1.2789 0.8378 5.16 -0.27 -8.32 204 321 296 323 211 
2.18 4.10 -11.55 3.0600 2.9100 8.2500 8.0222 4.7800 4.2311 5.97 -7.74 0.73 212 423 364 416 217 
-0.57 -0.26 0.14 -3.9700 8.1500 -2.5600 0.3022 0.9011 -0.3967 4.09 -8.35 3.08 212 425 361 419 218 
1.56 -5.35 3.18 -2.7400 1.8100 -0.3700 -0.6822 -0.1944 -1.2389 5.35 -7.73 2.77 210 428 357 414 217 
4.87 -5.50 -0.87 -1.2900 0.3500 -3.2700 -0.5278 -0.8178 -2.0156 7.59 -6.02 1.47 131 376 342 402 216 
12.34 -7.18 -1.37 0.3100 -2.2200 -3.2800 0.0622 -0.2744 -0.7822 9.22 -3.19 0.96 100 236 241 266 195 
9.87 -6.55 3.01 0.8200 3.5900 3.8400 1.0122 1.5300 -0.1867 8.96 -2.95 2.65 95 184 188 179 118 
6.45 -0.26 -1.35 -1.0400 2.6800 -4.0900 1.0389 -2.4778 -0.8844 9.51 -2.05 1.19 97 185 186 181 118 
12.92 3.38 30.03 5.0800 -1.3600 20.7300 -0.0211 -0.5911 0.7200 9.68 -1.39 -0.67 101 183 188 181 117 
11.44 2.97 3.85 2.9300 4.5800 -1.1400 -3.3544 0.4122 -0.8244 9.69 -1.06 0.97 102 186 190 185 118 
8.45 -1.97 -5.57 -1.2100 -0.2100 -3.9600 1.0333 0.0444 0.7278 9.67 -1.58 0.38 101 190 192 188 118 
7.50 -4.58 -3.14 -5.7400 2.1300 15.4700 -2.3267 -3.6544 1.3522 9.46 -2.27 -1.21 103 179 186 185 117 
9.43 -3.61 0.92 1.8600 -0.1100 2.9200 -0.0544 1.1656 0.0000 9.45 -2.60 -0.17 118 206 208 206 135 
9.26 -4.52 7.23 -1.0700 -2.9700 3.4500 -0.9578 0.9656 0.7122 8.72 -3.73 2.45 174 374 161 167 116 
8.59 -9.24 -0.01 -0.9900 -0.7700 -3.3200 0.2233 -0.8089 3.1144 5.87 -7.72 1.44 137 367 180 170 118 
2.95 -4.72 0.28 -1.4000 4.0200 -1.9400 2.2711 -0.1833 0.3656 4.03 -8.40 3.02 144 370 183 173 120 
3.06 -6.45 -0.36 -0.2700 0.8900 -4.8000 -0.0622 0.2422 -0.6600 4.39 -8.13 3.26 145 366 184 175 121 
5.12 -2.28 1.00 -3.0900 8.5400 -1.4200 5.7056 1.8878 1.4533 2.04 -4.75 8.32 147 380 185 177 122 
-5.70 3.63 14.19 -6.2700 4.9500 3.4000 -0.3322 -0.1100 -1.4111 1.33 -2.65 9.34 153 381 187 178 121 
;
