8.35 1.61 4.82 0.0200 0.0200 -0.0100 -0.0022 0.0322 -0.0011 8.37 1.56 4.85 161 346 346 385 205 
8.33 1.58 4.80 -0.0400 -0.0100 -0.0100 0.0022 0.0011 0.0044 8.36 1.56 4.87 163 347 342 386 204 
8.34 1.55 4.87 -0.0200 -0.0200 -0.0200 -0.0011 0.0011 0.0000 8.36 1.56 4.87 166 348 345 386 205 
8.18 1.58 4.88 -0.2900 0.0000 0.0800 -0.0200 -0.2678 0.0489 8.44 1.53 4.74 166 347 346 385 204 
9.95 2.82 6.40 0.6900 2.0300 2.3400 -2.5233 -2.1778 1.7056 9.28 -0.36 3.13 188 325 313 344 210 
8.02 -2.45 -2.49 -1.1100 1.4100 0.5000 -2.4189 -6.5978 3.6022 6.22 -4.35 -6.20 200 301 306 320 217 
-1.29 -2.49 -5.14 -5.2100 1.0600 3.1200 -2.8889 0.0333 -0.2322 3.56 -2.45 -8.79 206 296 285 307 212 
6.15 -2.14 -14.06 2.8700 -2.2200 -5.6800 -0.1011 0.0744 -0.5911 3.91 -0.08 -8.99 210 312 295 315 218 
10.06 -3.99 -15.69 2.9900 -1.3400 -5.9400 5.8067 4.0511 1.1678 5.82 -5.22 -5.90 212 416 361 407 222 
2.21 -2.08 -0.26 -3.6900 6.4100 1.7300 1.9344 1.4356 1.7578 4.46 -8.72 0.03 215 421 371 424 221 
2.18 -4.80 1.24 -1.6300 3.8000 0.4200 -0.2000 0.0678 -0.2433 4.07 -8.89 0.69 214 422 372 418 219 
2.02 -6.31 0.40 -2.4500 2.4400 0.3200 -1.2278 -1.0400 -0.9622 4.90 -8.46 -0.68 211 393 327 329 210 
4.09 -6.69 -3.64 -0.9400 -0.3000 -0.9700 -3.2089 -1.2267 -2.0467 6.24 -5.75 -4.90 186 293 208 206 146 
11.69 -5.81 -11.39 3.1500 -1.0700 -5.0900 2.3800 4.3044 -1.3100 8.69 -3.75 -2.55 154 192 188 193 127 
2.11 -2.17 -1.02 -3.3100 4.0700 -2.8100 2.0656 -1.7489 -0.1278 8.58 -4.49 1.50 138 172 167 178 112 
8.26 -4.51 12.74 -0.6400 3.6800 1.1400 -0.8467 0.7222 0.3567 8.40 -4.27 2.69 139 176 179 187 117 
10.99 -3.07 2.95 2.3400 1.7800 -0.5800 -1.3889 0.1822 0.2811 8.37 -4.61 2.17 141 182 178 189 118 
6.29 -3.68 -1.01 -1.8200 1.4200 -3.0700 -0.7244 -0.1711 0.0133 8.14 -5.24 1.51 133 185 177 191 120 
6.25 -6.67 -10.52 -1.6700 -1.7200 -11.2700 4.1067 0.0944 -0.0756 8.28 -4.82 2.04 134 174 184 187 118 
5.51 -5.39 3.53 -3.7900 0.4300 2.4800 -1.6933 0.4167 0.5500 7.83 -5.74 1.30 166 220 180 219 152 
4.07 -4.58 -1.73 -1.4800 0.9200 -3.1000 0.7289 2.2178 -2.8044 8.79 -3.26 2.86 178 322 302 376 208 
12.13 -1.01 1.13 4.5500 2.2400 -0.2500 2.0967 2.2300 -0.3444 8.66 -0.19 4.59 169 362 336 411 216 
8.20 0.15 3.24 -0.3400 0.1600 -1.1800 0.0256 -0.1800 -0.1456 8.79 -0.12 4.32 165 358 337 409 213 
;
9.02 -0.52 4.06 0.1300 -0.2600 -0.2600 -0.0189 0.0367 -0.0044 8.85 -0.19 4.20 159 350 332 406 214 
8.90 -0.25 3.92 0.0300 -0.0600 -0.2300 -0.0856 -0.0800 0.0056 8.89 -0.23 4.12 161 347 335 405 212 
8.59 -0.06 4.94 -0.9300 0.5300 1.4700 -0.1767 -1.1544 0.1856 9.15 -0.43 3.48 176 330 329 372 212 
6.91 0.76 -2.51 0.3200 0.7000 -1.7800 -5.1344 -9.0967 1.3756 6.97 -1.19 -6.78 200 274 273 285 203 
2.78 -0.64 -12.00 -1.3000 -1.2800 -3.3000 -0.1033 0.4489 -0.1489 4.70 0.18 -8.60 209 304 287 312 213 
8.16 -2.43 -14.37 2.9200 -2.0000 -5.8500 2.4678 0.1556 0.8811 4.95 -1.83 -8.26 208 334 303 350 220 
6.40 -3.55 -2.46 0.6900 3.4000 0.8600 4.3311 2.6511 2.0711 5.78 -7.76 -1.55 214 417 363 427 216 
0.98 -2.80 0.93 -3.4100 5.2300 0.1900 0.4644 0.5922 0.2233 4.49 -8.67 0.81 212 418 372 427 217 
2.26 -5.72 0.71 -2.4600 2.2100 -0.0300 -0.8133 -0.2467 -0.9022 5.11 -8.35 0.42 208 354 311 328 208 
3.98 -9.10 -6.20 -2.4900 -1.7200 -4.0800 -0.7956 2.0044 -2.7278 7.72 -6.03 0.26 188 211 223 222 159 
10.01 -3.90 3.80 2.5500 0.7000 1.1900 3.7467 0.3367 -0.9856 8.45 -2.94 3.99 199 193 190 182 111 
9.61 2.18 -5.53 1.8800 7.1000 -3.4400 -3.2389 0.3889 1.0767 8.65 -2.06 4.12 108 160 168 174 106 
6.99 -0.06 8.29 0.6600 2.7400 4.6800 -2.2100 -0.4000 -0.0689 8.65 -3.01 3.47 108 168 177 177 111 
9.44 -0.93 -0.96 0.1500 2.0200 -4.3200 -1.7833 -0.2322 0.0144 8.69 -3.92 2.28 102 169 177 178 116 
7.92 -5.59 -8.45 -2.4400 -2.5600 -10.1000 2.9811 -0.3678 -0.5989 8.98 -3.33 2.08 103 163 172 176 113 
10.30 -4.28 1.26 -2.2100 0.0600 0.3000 -1.2256 1.5400 0.7322 8.68 -4.02 2.15 121 203 214 212 153 
5.65 -3.73 -1.77 -1.9300 0.3300 -3.5300 0.5411 1.8622 -1.6456 8.77 -3.01 3.18 166 313 307 388 210 
13.11 1.80 8.13 11.7500 5.7900 12.4600 -0.2800 0.0700 0.4844 8.38 -0.60 5.04 168 357 337 415 216 
7.98 -0.26 3.82 -0.0100 0.3600 -0.6800 0.0611 -0.0078 0.0011 8.32 -0.31 5.17 158 356 348 418 218 
;
