1.55 -1.37 -2.60 -6.6300 1.1000 1.2800 -0.7744 -4.2900 1.1311 6.60 -2.74 -6.70 256 383 353 381 273 
0.89 1.53 -8.92 1.3100 2.3500 -0.2000 -2.5544 -0.7933 1.2422 2.52 -0.46 -9.46 265 366 358 398 275 
6.01 -0.31 -12.98 3.3300 -0.9200 -3.4100 0.2889 0.7256 -0.3167 2.75 1.39 -9.30 266 386 357 407 277 
6.24 -0.90 -18.15 3.4600 -0.4100 -8.4200 3.8289 1.1856 0.7500 3.46 -1.79 -8.99 275 451 399 436 283 
7.86 -4.84 -8.75 1.3100 1.6800 -5.1000 5.9400 3.1622 1.6722 5.20 -7.97 -2.35 277 484 426 485 284 
-2.78 1.98 2.48 -5.6200 11.5800 0.9500 0.5478 0.4022 0.3511 3.68 -8.97 1.42 280 486 433 495 285 
4.55 -4.63 -0.22 2.1700 3.6400 -0.8600 -2.0656 -0.8822 -0.4433 4.40 -8.74 -0.53 258 395 354 404 277 
6.98 -7.66 -7.51 0.9500 2.2800 -3.7500 0.3633 4.8478 4.2244 1.08 -9.60 -1.66 166 313 314 324 231 
-7.90 -11.27 -1.90 -8.0100 -1.9900 0.0800 0.2856 1.1967 1.5311 -2.23 -9.41 -1.61 159 294 294 299 212 
-4.41 -8.37 -2.09 -2.6100 1.2100 -1.0200 -0.7133 -0.7911 -1.0633 -1.50 -9.50 -1.88 154 281 280 283 201 
-3.86 -6.72 -5.92 -3.3400 3.5900 -4.2800 -0.8233 -8.2489 -4.8589 1.80 -9.12 -3.11 151 261 268 290 205 
4.34 -4.62 -9.39 1.1500 3.6700 -4.1400 0.0822 -3.5456 -3.0700 3.19 -7.18 -5.85 155 265 276 311 215 
6.34 -5.66 -5.29 2.1000 1.2700 0.8100 0.5833 0.0300 -0.5478 3.47 -7.33 -5.50 160 285 291 331 231 
;
6.08 -5.23 -3.78 2.6100 3.1800 2.1000 -0.2378 1.2356 -0.1467 4.39 -7.09 -5.14 188 322 317 348 240 
5.37 -3.71 -4.35 -0.3900 1.5800 -0.1400 -2.8056 4.8522 -1.5578 7.81 -5.01 -3.15 206 341 327 330 237 
11.28 -1.30 -0.93 1.8000 1.4000 -0.9700 -2.8267 -0.5322 -1.5378 9.69 -1.00 -1.10 247 370 359 380 258 
8.30 -2.15 -5.19 -0.8600 -2.0900 -0.8600 -3.5278 -7.5722 3.2244 5.28 -0.55 -8.24 263 346 346 373 268 
-0.08 3.03 -13.91 -3.2500 1.1700 -3.3900 -0.6756 0.7567 0.1933 4.09 0.99 -8.85 267 376 352 391 273 
5.35 0.56 -12.29 2.0700 -2.1100 -4.8900 0.1278 0.3811 -0.2967 4.78 1.89 -8.34 264 382 358 398 274 
10.73 -0.73 -21.53 4.4200 2.4100 -9.6900 6.2378 1.6478 1.9600 4.89 -4.25 -7.35 278 470 396 474 288 
0.25 1.80 -0.02 -3.3600 10.3400 0.5000 3.0300 0.8267 1.7800 3.29 -9.22 0.51 279 488 430 496 288 
-0.17 0.26 2.42 -2.2700 9.2600 0.5700 -0.4200 -0.0400 -0.5878 3.35 -9.14 1.11 277 484 413 487 286 
10.72 -7.50 -3.80 6.1000 0.5200 -3.2400 -2.8944 1.7578 2.3500 2.91 -9.09 -2.21 177 347 327 357 251 
-7.95 -10.81 -7.39 -7.3100 -2.3400 -2.9800 0.2467 2.6500 2.8467 -1.36 -9.40 -2.43 153 297 297 299 205 
-7.97 -8.22 -1.71 -2.8300 1.4800 -0.0200 0.1322 -1.5233 -1.4089 -1.58 -9.53 -1.63 157 300 302 307 209 
-4.21 -5.68 -8.18 -2.7000 5.3400 -7.5500 -0.6078 -8.7644 -6.2011 3.04 -8.57 -3.64 162 302 304 319 218 
9.39 -4.48 -10.32 6.7600 2.4000 -3.0100 1.3711 -2.4922 -2.1800 3.44 -7.33 -5.52 170 317 317 335 231 
6.69 -5.47 -3.70 2.5100 1.7700 2.0700 -0.0456 0.7011 -0.3011 4.19 -7.24 -5.10 178 325 321 337 236 
4.92 -2.23 -1.67 -0.2800 3.9200 3.0900 -1.4222 2.3556 -1.1233 5.95 -6.02 -4.94 187 336 330 337 240 
;
