9.20 1.71 0.89 -0.3000 -0.1600 0.1800 -0.0589 -0.3444 0.0667 9.61 1.82 0.60 228 379 341 361 239 
7.52 3.24 0.32 1.4600 2.2100 4.3800 -2.1478 -9.4922 3.6611 7.29 -0.35 -6.54 240 366 362 353 251 
3.39 0.63 -11.22 -1.3300 1.3400 -1.3700 -0.7400 0.4589 1.8644 3.68 -0.04 -9.08 244 339 328 343 251 
-0.11 1.33 -6.76 -3.9400 0.7900 1.4800 -1.2444 0.3000 -0.1700 4.26 0.81 -8.79 253 362 342 362 258 
13.40 -3.04 -15.65 9.3500 -3.8400 -6.0000 2.2900 3.0767 1.0111 5.64 -0.22 -8.01 263 434 385 434 273 
11.41 -2.56 -14.87 4.4900 3.8900 -10.3000 5.5333 3.1078 2.7889 6.55 -6.99 -2.06 269 474 367 488 280 
-2.07 1.98 4.04 -6.6700 10.1000 2.6900 0.3500 0.9167 0.6022 4.45 -8.54 1.85 274 483 420 495 285 
2.65 -4.47 1.18 -1.2600 3.0000 -0.4400 -0.7856 -1.3133 -0.9611 5.17 -8.30 0.61 258 455 297 290 226 
-1.95 -2.40 -1.01 -8.2700 6.6400 2.8100 -1.4056 2.5644 -6.8200 9.04 -3.74 0.52 155 431 242 277 179 
15.95 8.32 -8.21 9.2900 6.4800 -10.4300 1.7600 -1.2200 -3.0644 8.90 4.07 -0.56 154 424 249 278 180 
26.92 10.07 3.59 14.9300 7.2700 8.1600 1.2444 3.8656 4.3544 9.80 -0.01 0.34 162 425 251 273 184 
-2.55 -4.29 2.71 -10.9300 -0.9100 -2.6900 -1.7567 3.8256 1.6300 6.15 -4.83 5.91 170 426 260 269 187 
-3.56 -1.94 0.04 -9.2900 3.7600 -5.4100 -0.8100 -1.4156 -1.8867 6.91 -5.31 4.48 173 427 254 264 181 
9.03 7.47 -2.78 6.2600 9.8500 -8.1500 2.4711 -0.8544 -3.8667 8.72 0.46 4.44 175 395 249 257 179 
21.72 4.12 7.77 7.0200 3.5700 9.6900 1.2422 0.1333 2.1711 9.69 0.49 1.38 189 415 261 265 188 
5.74 0.54 4.72 -3.5100 0.5500 1.4000 -1.6144 0.3033 -0.0511 9.46 -0.43 2.52 194 421 255 269 192 
;
6.94 4.47 -6.78 1.5300 1.6900 -0.1200 -1.1278 -0.3922 1.1356 5.91 3.96 -6.73 232 373 371 419 273 
9.08 3.24 -7.71 2.4500 0.2500 -0.1400 1.5067 -0.6433 2.1022 5.92 1.66 -7.63 243 342 358 416 273 
3.57 0.34 -5.73 -1.4400 1.1100 3.4400 0.5822 -1.1444 2.6522 4.33 -1.59 -8.65 255 309 338 392 266 
-0.51 0.00 -1.65 -5.1800 2.4400 6.5400 -2.9444 0.0722 -0.4067 3.90 -0.04 -8.99 261 341 337 397 267 
6.10 3.11 -18.30 4.6300 -2.0100 -9.3900 0.6378 0.7822 -0.9478 4.18 2.44 -8.52 263 349 351 403 273 
14.00 -1.41 -27.48 6.0400 0.5000 -15.9000 8.4900 3.9822 1.3911 6.16 -5.05 -5.70 277 481 416 485 291 
-4.32 2.46 2.59 -10.0900 10.2900 1.5600 1.8744 1.7922 1.5389 4.42 -8.47 2.16 281 489 429 498 295 
1.54 -2.18 2.73 -2.0600 5.4800 -0.4700 -0.3667 -0.5844 -0.6833 4.67 -8.35 2.14 282 490 411 496 291 
6.79 -8.85 -0.66 0.5800 -0.6600 -1.8800 -1.3500 -1.2267 -1.6211 6.31 -7.47 0.71 215 420 240 245 172 
0.64 -1.69 -1.01 -9.0600 4.2300 -1.9400 0.3122 -0.6811 -4.6844 9.32 -3.00 0.29 166 433 236 248 168 
17.14 7.33 -10.41 13.3100 4.9500 -10.8400 2.7633 -0.3956 -2.9244 8.85 3.75 -1.93 173 435 247 259 173 
20.99 8.73 0.02 5.5600 6.6300 1.0400 1.4756 4.3156 4.5278 9.70 -0.91 1.03 180 440 255 259 174 
-5.37 -0.92 7.88 -12.9500 3.3500 3.2000 -2.4367 1.4744 2.1344 6.25 -5.82 4.80 179 443 262 262 172 
-1.95 0.39 -1.90 -8.2600 7.1400 -4.5000 -1.5089 -1.0733 -3.8511 8.33 -4.98 1.35 181 445 262 265 176 
13.13 2.31 -11.13 5.7000 2.1300 -11.9700 3.3367 -2.7633 -2.2844 9.75 0.69 -0.74 185 439 262 261 177 
15.91 6.07 8.10 3.4000 6.7400 10.2900 0.4011 0.2633 1.2667 9.59 -1.31 -1.54 189 440 267 262 176 
7.28 -1.29 -2.46 -1.9300 0.1400 -1.3800 -2.2722 0.1267 0.3300 9.46 -1.51 -2.07 200 442 259 263 189 
;
