-1.67 5.48 7.98 -0.1400 0.0400 -0.0400 0.0056 0.0222 -0.0078 -1.58 5.41 8.01 170 353 364 367 208 
-1.64 5.46 7.95 -0.0200 0.0300 0.0300 0.0144 0.0044 -0.0067 -1.59 5.42 8.01 168 354 363 366 208 
-2.11 5.81 9.22 -0.3100 0.1900 2.0100 2.3300 -0.7544 0.8444 -0.85 6.54 7.25 184 325 334 404 215 
-0.68 6.23 4.02 -5.9600 -2.7800 -6.4900 1.2556 -16.9344 6.1778 9.06 3.73 -0.03 188 286 269 283 220 
2.73 0.82 -7.69 0.4200 2.2300 2.4000 0.1044 -1.9556 0.9278 3.82 0.64 -9.00 194 269 262 298 222 
3.47 0.98 -7.83 0.8200 0.2400 0.9600 -0.8956 -0.2756 -0.8378 2.96 1.66 -9.19 198 285 261 314 223 
5.74 1.86 -10.80 2.1400 -0.5400 -1.7200 -0.1178 0.5000 0.1389 3.39 2.23 -8.92 198 290 280 320 224 
12.60 1.81 -20.51 5.5400 0.7600 -12.3000 4.1311 1.6533 1.5678 4.96 -0.39 -8.44 205 394 337 378 224 
1.85 3.61 -2.89 -5.3000 9.7200 1.1300 3.6933 2.1278 3.5833 5.80 -7.84 -0.96 209 419 362 411 221 
-0.58 -1.67 1.50 -3.9000 6.0300 1.3700 0.0567 0.5333 -0.2711 4.50 -8.66 0.90 207 415 363 411 222 
4.57 -6.26 0.77 -0.5500 2.0400 -0.0400 -1.1100 -0.2356 -0.9478 5.53 -8.09 -0.15 207 412 332 383 220 
5.19 -4.64 -1.70 -0.6100 2.9600 -0.4600 -2.4678 0.3578 -1.8144 7.01 -6.18 -2.95 190 347 212 221 176 
16.04 -9.32 -2.08 9.6100 -2.2000 -0.2900 0.5378 -0.4011 1.2689 8.11 -5.14 -1.96 142 358 169 160 128 
4.61 -12.15 -4.76 0.4800 -3.5000 -4.2400 5.1556 -2.8767 0.5789 6.68 -7.16 -0.43 114 294 167 160 123 
5.88 -4.41 -0.22 -0.8500 3.1700 -2.9400 3.6967 4.7144 -2.3178 6.13 -4.70 6.03 130 231 175 158 124 
-1.28 0.87 7.76 -3.0500 4.2900 0.5200 1.1711 1.8711 0.5556 1.03 -1.73 9.59 148 201 171 161 125 
-0.02 0.00 8.93 -0.5500 1.2900 -0.5800 0.4733 -0.5522 0.6356 1.09 -1.09 9.68 158 198 167 164 126 
2.37 0.94 9.73 1.7700 2.3600 0.1300 -0.9044 0.4378 -0.6567 1.06 -1.60 9.61 152 203 176 170 129 
3.62 -1.13 8.68 2.0900 -0.4900 -0.9700 -2.0533 1.9322 -1.3100 -0.49 -3.85 9.00 147 190 179 169 132 
-5.83 -7.66 7.46 -5.1000 -1.3100 0.0100 -0.1856 0.5656 -0.5367 -1.42 -4.83 8.40 151 200 186 175 136 
-2.45 -1.95 6.84 -2.0900 2.8500 -1.9600 -1.2344 -1.9656 -0.1267 0.42 -5.75 7.92 156 294 194 209 165 
5.05 -4.38 5.58 1.9300 0.4600 -2.1900 2.2989 -0.7233 -2.8144 3.72 -3.65 8.30 164 300 247 232 186 
9.98 1.57 7.03 3.3500 0.8700 -0.7300 2.7189 -0.1711 -2.7533 5.83 2.44 7.49 165 318 293 279 195 
8.04 5.76 11.52 2.6000 2.4000 5.6200 0.5267 -1.6811 1.8556 7.10 3.41 5.83 170 368 187 179 140 
15.05 4.62 8.82 7.2100 3.1400 3.1300 -0.1689 2.1144 2.2044 8.02 0.09 5.63 155 196 161 165 123 
6.88 -0.47 2.05 0.0700 0.9200 -5.5200 0.2122 2.3911 2.0956 4.96 -2.21 8.15 156 208 164 168 126 
1.00 0.12 5.34 -2.3000 2.4800 -3.0300 0.6411 1.0844 0.5544 2.18 -1.92 9.36 156 212 170 170 129 
-0.55 -0.32 8.13 -1.1300 1.8600 -1.7200 -0.2078 -0.5678 -0.6678 1.55 -2.00 9.47 144 210 167 178 135 
4.34 -2.61 9.87 1.9200 -0.5600 -0.5500 -1.7500 2.2311 -1.6122 0.07 -3.43 9.18 136 223 182 180 138 
-1.43 -7.75 7.82 -2.3900 -3.1000 -1.6000 -0.4578 1.0833 -0.4322 -1.17 -4.58 8.58 141 200 185 181 139 
-0.18 -2.51 8.01 0.1100 2.4700 -0.8300 -0.3311 -1.0544 0.1278 -0.41 -4.82 8.52 153 240 180 201 155 
;
