8.24 3.66 3.59 -0.0800 -0.1100 0.0300 -0.0078 -0.0067 -0.0489 8.34 3.74 3.52 175 334 345 417 217 
8.29 3.70 3.56 0.0100 -0.0100 0.1400 0.0578 -0.0878 -0.0378 8.34 3.80 3.46 177 335 345 417 215 
13.46 5.65 8.31 5.8000 2.5800 6.6800 0.5544 0.1711 1.0811 8.35 3.73 3.51 175 405 191 204 143 
10.65 3.22 4.11 -2.8300 1.1700 -1.3500 -0.8400 -4.8967 4.1100 9.76 -0.70 0.61 115 385 174 203 115 
1.19 -0.61 -1.10 -10.5400 1.3700 -0.0900 0.4667 0.6878 -1.1000 9.44 -2.15 -1.52 112 393 207 213 123 
11.40 2.99 -13.59 5.4000 2.1500 -9.6300 2.0689 -1.3333 -1.3967 9.34 0.73 -2.87 114 400 212 219 128 
22.51 2.24 2.79 8.4200 3.3600 4.7400 1.7722 4.2622 3.2233 9.49 -2.33 0.73 117 406 214 220 130 
-5.18 -2.42 8.61 -12.3300 2.3500 4.1400 -2.1267 1.4811 1.6233 6.68 -5.64 4.42 118 408 217 222 129 
-1.91 1.59 -1.72 -8.5800 8.8800 -4.1600 -2.6067 -1.8122 -3.0544 8.28 -5.23 0.30 118 405 217 222 130 
16.73 -0.64 -10.48 11.2100 1.3600 -7.9900 3.1367 -0.9433 -0.7300 9.46 -2.27 -1.20 123 402 214 220 133 
10.89 -0.54 7.01 0.5600 3.1800 7.3800 -1.1800 -0.0467 1.4600 8.92 -3.99 -0.79 142 413 212 234 152 
4.01 -1.58 -6.56 -6.5700 3.3800 -5.4400 -5.5189 -4.0678 2.3700 6.72 -4.13 -5.82 189 334 285 343 214 
1.15 -1.22 -7.17 -1.0600 -0.6000 1.8300 -3.4522 -1.8333 -0.2122 2.28 0.46 -9.52 210 319 326 382 222 
5.42 0.40 -15.83 3.6200 -2.3900 -6.7400 -0.0489 0.5078 0.0633 2.11 2.54 -9.23 214 344 336 397 224 
9.75 -1.52 -24.77 7.4000 -0.5300 -15.9100 6.2200 6.5733 1.4100 6.38 -3.48 -6.57 214 427 352 433 226 
2.44 3.66 -4.82 -5.4500 11.5300 -1.8500 2.1400 1.2933 3.2078 4.57 -8.62 0.98 216 431 361 440 224 
-0.70 -2.93 2.38 -3.0900 5.5500 0.3200 -0.0556 0.2956 -0.3411 3.42 -9.07 1.46 215 431 365 441 224 
3.56 -7.64 0.09 0.3100 1.8100 -0.9400 -0.1511 -0.1222 -0.6622 4.21 -8.78 1.12 214 429 362 431 222 
6.62 -8.19 -1.73 1.5600 -0.7300 -1.8900 0.5522 -0.9633 -1.2044 5.58 -8.04 0.50 195 349 310 332 204 
3.39 -5.42 0.16 -3.3300 1.6100 -2.3300 2.0922 3.8289 -2.0744 6.45 -5.90 4.43 193 347 323 341 208 
;
