3.04 3.72 7.64 -0.0900 -0.0600 -0.6900 0.0944 -0.0111 0.0378 3.37 3.90 8.34 173 320 312 277 199 
2.92 4.05 8.38 -0.3100 0.0900 0.3000 0.1133 -0.2689 -0.0500 3.39 4.12 8.22 174 345 275 256 196 
4.04 4.02 7.80 -0.1100 -0.7300 -0.9100 -0.0022 -0.8078 0.2444 4.30 4.06 7.81 155 360 187 177 129 
10.25 4.73 4.18 0.8100 0.1700 -0.9100 2.8700 -4.1144 1.6311 8.55 4.05 2.55 123 364 171 168 115 
11.45 3.52 -3.05 -0.3400 0.0000 -2.5200 1.0922 -1.3167 1.5956 9.44 1.44 -2.20 115 373 161 164 113 
4.39 2.73 -2.10 -4.7200 1.2800 -0.5600 -1.5244 -0.6933 -2.3889 9.00 2.67 -2.81 97 366 167 180 120 
21.74 5.60 -5.23 12.8000 2.8000 -0.0900 3.0356 2.0400 2.2900 9.38 0.97 -2.66 105 383 187 182 124 
2.39 0.26 6.91 -7.7200 0.8900 4.2900 -1.6056 3.6167 2.0100 8.88 -3.31 2.50 107 391 191 189 126 
-1.00 -2.16 1.72 -10.3400 2.5300 -1.4800 -1.0244 -1.0511 -0.6233 8.50 -4.47 1.95 108 389 194 191 125 
0.00 3.94 -2.43 -7.6100 7.0100 -3.8900 -2.6467 -1.1256 -5.0111 9.75 0.36 -0.95 104 380 193 188 126 
21.23 9.05 -8.98 13.6600 5.0300 -7.8100 2.2589 -0.5400 0.9767 8.99 3.22 -2.19 102 371 197 187 126 
7.25 0.51 9.36 -5.2600 0.3600 11.1200 -0.3744 0.6978 1.8422 9.41 -1.33 -2.39 107 364 190 189 127 
11.25 -3.57 -4.55 3.6000 -3.5400 -2.5800 1.4856 -0.1033 0.4378 9.53 -1.50 -1.70 151 383 178 181 124 
13.21 -4.28 -1.67 2.7100 -1.9800 -1.6200 2.3578 2.3467 0.6844 9.39 -2.50 1.24 142 387 189 180 124 
5.84 -1.39 0.51 -2.7200 2.0400 -2.8100 1.9711 1.2456 1.4589 8.07 -3.28 4.50 133 387 191 181 124 
4.63 1.11 5.40 -2.4800 3.9600 -0.2300 0.5111 0.0033 0.0967 7.60 -2.90 5.47 126 363 197 184 123 
8.06 -2.26 4.88 0.5500 0.4900 -0.8700 0.0089 0.1056 0.3867 7.38 -2.83 5.79 129 369 198 184 122 
7.70 -0.68 5.18 1.4800 1.9700 -1.9300 -1.5189 0.3378 -0.1544 6.96 -3.63 5.86 127 386 200 186 124 
5.05 -5.04 6.37 -3.8500 -1.3400 0.6400 -0.9167 1.0544 -0.0811 5.97 -4.52 6.32 127 399 203 185 124 
1.89 -5.21 9.33 -2.9400 0.9900 4.0300 -0.5367 0.6800 -0.0722 5.27 -4.64 6.83 127 409 204 188 125 
5.27 -5.00 6.64 -0.5000 0.0300 -0.0600 -0.3389 -0.2267 0.2511 5.37 -5.10 6.42 134 403 200 189 126 
-0.35 -5.24 4.65 -6.8100 -1.1100 -2.3900 -0.6389 -2.5167 -0.2844 6.49 -5.62 4.72 134 355 192 189 129 
8.25 -4.89 2.24 1.0300 -0.4500 -1.4700 0.4678 -0.8200 -1.8622 8.41 -3.35 3.76 133 367 201 189 128 
17.16 -4.59 6.10 6.3700 -2.4200 2.8900 0.0944 -0.8811 1.3322 8.85 -3.90 1.60 133 396 200 186 126 
9.08 -5.92 -0.38 0.3000 -1.2500 -3.1000 1.4533 0.9189 0.5400 8.23 -4.56 2.75 128 388 198 186 127 
4.93 0.22 3.65 -2.7900 4.3700 -0.2700 1.5444 -0.0778 0.2322 7.91 -3.58 4.55 109 360 200 189 126 
10.34 -0.33 3.25 3.1300 2.7500 -1.7900 -1.0344 1.1533 -0.2278 7.54 -3.53 5.17 119 381 203 188 127 
7.44 -3.54 3.76 0.8500 0.5000 -1.4900 -1.8322 1.7511 -0.5611 6.56 -4.30 5.87 118 409 205 192 126 
3.51 -9.56 5.46 -2.9300 -4.5200 0.6400 0.1667 0.5900 -0.4500 6.49 -4.46 5.82 119 411 210 193 127 
4.57 -3.18 5.40 -2.6900 1.2700 -0.5500 -0.4922 -0.3767 0.0411 6.55 -4.62 5.63 125 391 202 192 130 
1.02 -3.85 4.13 -6.2800 0.6400 -1.5500 -0.7778 2.2656 -3.9200 6.97 -3.54 5.91 146 347 207 212 150 
7.46 0.09 4.45 1.1500 -0.0900 -2.3300 2.2811 3.6700 -4.8400 4.06 2.55 8.55 160 340 277 250 180 
;
