2.70 -0.07 9.47 0.2400 -0.0700 -0.0500 -0.0389 -0.0156 -0.0311 2.45 -0.03 9.49 164 329 325 331 199 
2.52 -0.18 9.54 0.0100 -0.1000 0.0200 -0.0267 -0.0178 0.0667 2.49 -0.09 9.48 163 329 322 330 198 
2.54 -0.12 9.38 0.0700 -0.0600 -0.0800 0.0578 0.0367 -0.0400 2.48 -0.06 9.48 166 327 322 331 199 
6.29 0.78 12.50 4.3800 0.1500 3.7300 0.2333 2.0389 1.5111 0.95 0.62 9.74 169 339 167 174 130 
5.51 -1.93 -3.03 3.4400 2.4900 -10.4600 8.5189 -9.6544 1.8878 9.37 1.52 2.44 138 379 165 169 115 
2.11 2.33 1.81 -7.6600 2.0400 0.8900 0.8922 -1.9800 -0.2044 9.72 0.64 -1.08 134 391 179 173 118 
12.44 5.03 -9.71 5.7600 3.6900 -7.0100 1.6689 -0.4211 -1.4467 8.89 2.39 -3.36 131 390 180 177 120 
21.68 6.22 -1.53 7.0000 5.6900 3.5900 2.7078 4.6611 2.6389 9.77 -0.82 -0.12 141 395 186 182 123 
0.45 -3.04 5.42 -8.3800 -0.0400 2.9300 -1.9256 3.2622 1.3100 7.36 -3.94 5.13 147 396 190 186 126 
-3.98 -2.21 -0.24 -10.7600 4.2900 -3.7400 -1.6956 -1.5178 -2.3589 8.18 -5.12 1.70 146 399 192 186 127 
5.94 6.23 -11.43 -1.7700 6.7800 -13.2300 2.6422 -0.8467 -5.4778 9.63 1.59 -0.92 145 398 198 188 126 
20.02 9.09 -1.18 9.8400 6.1900 3.2300 2.4733 -0.8256 0.7556 8.77 2.35 -3.68 161 401 204 193 130 
12.86 5.21 -0.50 7.6800 2.4700 2.5200 -5.2678 3.1467 -1.2111 9.26 3.20 -0.34 211 333 226 209 135 
11.31 3.03 -0.74 3.6700 -0.1600 -12.6000 -2.5011 14.0511 3.0622 -2.23 -1.76 9.38 209 183 197 182 119 
0.72 2.52 -1.07 9.7800 3.8400 -8.5600 0.0111 0.4800 3.0922 -7.11 0.21 6.74 208 193 205 183 119 
-15.40 5.78 15.29 -11.0900 2.0300 8.3000 -0.1311 -1.0244 -0.1833 -5.89 2.88 7.28 210 196 209 185 122 
-6.81 2.83 8.12 -2.9200 0.8900 0.1500 -0.1956 -1.4100 -1.7722 -5.02 0.97 8.36 209 202 200 189 123 
-5.44 3.69 14.44 -2.8200 4.5300 5.2700 -3.0344 -4.3767 -2.2956 0.96 -1.74 9.60 203 339 235 213 145 
5.93 3.21 5.63 0.6300 9.4800 -3.8500 -7.1044 -6.8278 0.7656 5.98 -7.59 1.61 152 360 312 335 197 
-3.99 0.61 -14.24 -6.8600 6.1700 -10.9500 -2.8689 -0.8600 1.5789 1.77 -7.12 -6.50 164 374 317 347 198 
-0.61 -1.01 -13.93 -2.6300 8.0600 -10.2500 10.6833 1.5411 -0.3522 2.48 -9.23 2.16 169 350 340 375 208 
-1.27 26.27 11.91 -2.5200 24.7900 6.8000 10.8556 2.5089 1.2856 0.40 5.68 7.98 194 411 366 413 213 
0.23 13.83 16.66 -0.0600 3.3200 5.8200 -2.0956 0.0956 -0.1300 1.04 6.22 7.50 191 413 370 413 214 
;
