5.30 0.53 8.30 -0.0300 -0.0500 0.0600 0.0989 0.2400 -0.0044 5.21 0.66 8.27 203 378 373 420 228 
5.31 0.76 8.21 0.2400 -0.0400 -0.1300 -0.0311 0.2756 -0.0433 4.94 0.75 8.43 200 394 360 418 227 
6.13 0.25 10.33 1.5400 -0.6800 2.6000 -0.7167 0.3322 0.6000 4.38 0.01 8.77 198 400 187 203 147 
12.10 -3.92 2.48 1.9100 3.0900 -5.3200 3.3389 -10.4856 -1.1311 9.66 -0.54 1.56 202 413 180 175 121 
4.14 1.55 4.50 -6.2900 3.5300 5.7900 2.3856 0.5844 1.0722 9.38 -2.70 -0.83 184 425 190 183 125 
0.32 0.15 0.73 -8.7300 2.5100 0.7900 0.1144 -1.6267 -1.7111 9.61 -1.21 -1.50 178 423 191 186 126 
21.77 3.21 -12.84 15.6700 2.2600 -6.3700 3.2678 0.4789 0.3289 9.56 -0.04 -2.18 176 418 198 188 129 
8.88 2.84 4.80 -3.8400 4.4200 5.5100 0.1433 4.6211 1.7356 8.63 -3.18 3.39 182 421 200 189 129 
-3.58 -2.99 4.64 -10.3100 2.6000 -2.2100 -2.2956 -0.1300 -0.6033 7.30 -5.12 4.05 187 420 200 190 129 
0.09 2.39 -4.75 -8.2600 5.8900 -8.3000 -0.7711 -2.3489 -3.4911 9.57 -1.85 1.03 189 415 202 189 129 
23.02 2.58 -6.64 14.2400 1.1600 -3.8700 1.6033 -1.6211 0.3911 9.68 0.52 -1.46 190 409 203 192 131 
17.00 5.15 3.28 7.9800 6.2700 2.9900 -6.2233 6.2133 1.1700 9.58 -1.57 1.35 210 394 201 197 134 
3.24 -8.10 -8.02 -10.4000 -7.3400 -14.7800 -0.9678 5.1511 -0.2789 1.12 -8.08 5.43 213 431 191 193 131 
-2.26 -4.49 2.48 -3.4600 3.9600 -3.4700 1.0733 1.5689 -0.5656 0.02 -7.35 6.48 213 434 198 196 133 
6.09 -2.54 10.05 6.9300 2.8000 2.8100 1.8289 -0.1111 0.5367 -0.44 -5.38 8.18 204 433 198 200 133 
-2.27 -8.93 21.96 -4.3900 -3.5600 12.6200 -3.0511 -1.2456 2.8878 -0.72 -6.47 7.32 187 431 203 200 132 
-7.46 -1.77 3.47 -6.1700 6.9800 -1.6700 -2.4300 0.7733 -0.9022 -0.82 -9.15 3.41 182 430 202 202 134 
-2.67 -0.29 1.07 -1.7300 9.0700 -1.0100 0.7633 1.6222 -2.0189 1.03 -9.24 3.08 183 429 202 204 133 
6.90 -3.19 1.94 6.5100 4.0700 -1.2700 3.0489 1.1844 -0.8111 1.52 -7.68 5.89 184 430 205 204 133 
8.22 -7.70 15.03 3.6300 -4.3000 8.1400 1.6300 -1.2633 1.1900 1.99 -4.62 8.41 183 425 208 205 133 
;
-0.81 -5.58 9.51 -2.9100 0.2900 0.3900 -0.6567 -0.3811 0.0989 2.68 -5.32 7.78 185 422 209 207 135 
2.69 -3.73 7.82 0.3400 1.4800 -0.0600 0.2467 -0.0200 0.2556 2.37 -5.17 7.98 184 411 208 208 136 
1.75 -4.25 6.38 -1.8000 -1.0500 -1.4800 4.4178 -8.1044 1.1011 6.68 -2.69 6.64 170 351 197 199 130 
17.15 0.13 0.55 4.2300 1.7900 3.0200 5.0711 -2.0878 2.6456 9.02 -3.81 -0.49 201 401 196 192 129 
2.39 0.02 0.33 -5.9000 4.3100 -1.2200 -2.6789 -0.9489 -1.4289 9.22 -2.93 -1.59 145 366 202 193 125 
17.58 4.21 -10.77 16.0500 4.3900 -7.1600 1.0767 -0.3456 -0.5589 9.55 1.02 -1.95 113 376 225 198 125 
9.83 0.86 5.67 -2.3600 1.5500 6.1300 -0.1022 3.3400 2.6567 9.20 -3.05 1.46 115 388 223 200 125 
0.88 -4.95 2.92 -8.8900 0.4800 -0.1000 -1.0178 -0.3189 0.7400 8.01 -5.09 2.46 116 383 228 204 128 
0.93 1.94 -1.02 -7.1600 7.1300 -2.4100 -1.0489 -1.5044 -2.3444 9.28 -3.15 -0.07 118 385 229 204 129 
12.25 2.96 -7.57 3.6400 3.1100 -5.9300 0.4011 -1.3944 -1.5767 9.54 0.14 -2.24 118 386 229 203 131 
15.49 1.84 -1.71 6.2800 1.5700 1.7500 0.5444 0.8411 0.0767 9.55 0.31 -2.19 124 383 225 201 136 
19.98 5.48 0.56 10.0900 5.9500 0.5200 -6.7889 9.0222 3.4522 8.81 -2.87 3.19 197 403 218 206 134 
-2.29 -6.04 -3.89 -4.3500 0.5800 -8.9700 -2.0844 5.1211 -0.4533 0.06 -8.85 4.21 199 430 209 210 140 
2.52 -1.81 3.15 -0.8100 2.6800 -3.9300 2.8644 2.8467 -1.2511 0.62 -6.37 7.42 212 439 212 217 144 
7.77 1.54 14.95 5.5200 2.4300 8.5100 0.8811 -1.3067 3.4989 -0.86 -4.20 8.81 199 436 214 220 145 
-9.35 -8.68 16.69 -8.8300 -2.0000 6.8100 -3.7722 -1.1122 0.9644 -0.52 -7.14 6.69 191 436 215 219 145 
-5.37 -3.23 2.14 -4.7300 6.2400 -1.1300 -1.7844 0.9244 -1.4256 0.49 -9.27 3.13 191 437 215 220 144 
0.31 -2.67 1.55 -0.1700 6.6000 -0.5100 -0.1433 2.0700 -1.4200 1.94 -9.22 2.68 191 435 215 219 145 
8.64 -5.52 4.18 6.6000 2.5000 0.4100 2.1478 0.9144 0.1022 1.79 -8.11 5.19 189 434 218 221 145 
3.89 -11.15 11.28 0.2500 -4.3000 4.4800 0.7156 -1.4533 1.9811 0.98 -7.18 6.60 181 432 218 222 145 
-3.06 -7.60 7.04 -3.5100 0.2900 0.5600 -0.2244 -0.0344 -0.0122 0.86 -7.41 6.35 181 436 218 222 146 
1.18 -5.62 7.30 0.1400 1.7700 0.9600 -0.3089 -0.1278 -0.1911 1.02 -7.61 6.09 183 432 224 238 156 
;
