2.46 3.04 9.03 0.1500 -0.0100 0.0700 0.0233 -0.0078 -0.0133 2.36 3.08 9.00 193 415 378 415 214 
2.40 2.97 9.06 0.0200 -0.1100 0.0900 -0.0022 -0.0022 0.0056 2.36 3.08 9.00 194 415 378 415 213 
2.57 2.99 9.45 0.6500 -0.0700 1.6100 0.1589 -0.3689 0.0044 2.40 2.36 9.20 191 391 324 341 209 
6.21 3.69 11.84 0.8300 1.3000 2.6000 2.5089 -8.1189 -2.1322 8.39 1.32 4.89 149 405 183 201 138 
6.59 2.54 0.67 -4.8200 0.4400 2.5300 2.1744 -0.4811 2.0044 9.43 0.02 -2.66 147 402 186 210 139 
1.69 0.12 -2.63 -7.1000 0.5100 -2.0100 1.0189 0.0600 -1.2633 9.51 -0.26 -2.34 158 395 189 214 142 
23.75 2.29 -5.42 14.5500 1.9200 -2.2300 2.3500 2.2833 1.9556 9.64 -1.15 -1.36 160 407 197 218 145 
4.26 -5.52 6.47 -5.1500 -1.9000 4.6500 -1.8944 2.2700 2.0244 8.17 -4.82 2.45 153 410 199 220 145 
0.78 -2.78 2.50 -7.3300 2.7000 0.3100 -1.7356 -0.5611 -1.4756 8.39 -4.94 1.10 156 409 200 220 146 
1.43 3.43 -2.53 -6.7700 6.1900 -3.7000 -1.3011 -1.2178 -3.6211 9.72 -0.77 -1.01 150 392 200 221 147 
18.72 5.06 -8.42 11.1400 1.8300 -4.4800 1.9533 -2.0422 0.5200 8.92 1.04 -3.93 148 348 200 222 146 
12.93 -1.66 -0.10 2.6200 0.8600 4.0700 1.2589 0.2978 3.5722 8.28 -3.14 -4.19 161 341 195 223 142 
10.76 -8.13 -10.77 2.3100 -0.9200 -5.6200 4.2878 0.4500 3.5500 4.52 -8.35 -2.42 125 332 177 204 125 
-1.00 -5.03 0.75 -4.6400 4.4700 -0.3100 2.1644 1.3944 0.6800 2.54 -9.06 2.73 122 336 184 206 128 
0.82 -4.32 5.26 -1.5400 3.9700 1.2900 0.2411 0.3500 -0.2967 2.29 -8.56 4.18 127 342 188 208 130 
6.42 -15.09 -11.28 4.5600 -5.0000 -13.5100 3.9456 0.5722 1.1878 1.69 -7.56 6.00 130 344 186 212 132 
-4.42 5.10 23.68 -4.1100 9.0100 13.3600 -0.4578 0.5067 -0.6622 0.73 -5.29 8.22 128 346 191 214 133 
-0.97 -2.55 0.12 -3.0700 4.7400 -7.0300 -3.1656 -2.4289 -1.9567 3.93 -7.73 4.57 163 358 202 223 149 
;
9.87 -4.47 0.29 2.5000 1.4200 -2.5100 -0.8444 4.5556 -6.2822 7.90 -4.54 3.61 182 351 240 257 179 
15.74 0.51 7.14 7.0800 1.2500 2.8100 0.9278 -2.1056 -0.2011 9.04 -0.23 3.79 183 343 284 291 188 
9.94 -0.12 5.18 1.1300 0.9900 1.8200 -1.2967 -0.5100 0.7978 9.37 -1.55 2.43 180 344 259 263 176 
8.46 -2.13 2.59 -1.1300 0.1200 0.1500 -1.8722 0.6344 0.0944 9.12 -2.57 2.50 175 366 210 222 152 
2.67 -2.72 0.75 -6.9300 -0.2100 -0.9600 -0.7922 -0.7367 -2.1811 9.63 -1.36 1.19 146 394 192 199 134 
21.85 9.03 -8.87 11.6900 5.7800 -6.4000 3.8300 -2.7044 -0.2078 9.53 1.38 -1.81 143 386 197 205 137 
13.26 1.69 0.62 0.5900 4.2200 1.4500 1.3111 2.6700 5.0078 8.45 -4.89 0.79 141 391 207 215 142 
-3.66 -4.21 5.75 -10.9800 3.0500 2.3800 -1.5522 1.0478 1.5322 5.05 -8.01 2.52 147 398 210 218 146 
-2.18 0.23 0.00 -7.5600 8.9200 -1.9200 -1.4589 0.0067 -4.0733 7.95 -5.71 0.51 148 395 207 219 147 
15.11 3.12 -8.02 6.8800 4.9400 -7.2500 1.8189 -2.1700 -1.4422 9.67 -1.44 -0.72 145 382 212 222 148 
13.90 -3.12 5.91 3.7800 -0.7700 7.7500 -1.1456 -0.3233 1.2711 8.99 -2.89 -2.63 148 358 215 224 148 
9.81 -3.43 -4.11 3.9700 -0.5400 -2.4200 -1.4711 -2.7489 2.9011 6.54 -4.83 -5.47 134 326 208 218 143 
4.98 -6.42 -7.25 -1.1400 3.0800 -0.5000 4.1267 1.9644 2.8956 2.70 -9.40 -0.67 132 324 202 209 139 
-3.90 -2.57 3.74 -4.5600 6.8400 2.0200 0.0789 0.6500 -0.5222 1.88 -9.43 1.91 125 334 195 203 135 
7.75 -11.92 -11.57 6.0200 -4.5400 -17.2300 2.3767 -0.8744 0.6300 2.38 -9.21 2.36 125 336 199 209 137 
-4.75 5.69 18.45 -8.4600 12.2300 15.9100 2.6467 0.6644 0.4578 0.24 -5.96 7.78 135 344 213 216 143 
0.36 -4.62 3.40 -1.4500 3.2900 -2.7700 -1.8311 -1.1244 -1.8956 2.37 -7.78 5.46 153 348 216 222 147 
-5.58 -5.65 -7.63 -6.4000 3.1200 -12.3200 3.3267 3.2878 -8.5589 6.30 -3.68 6.53 171 361 251 260 179 
;
