2.83 8.85 10.53 -1.8300 1.1700 1.8800 -3.7367 -3.4278 2.5533 6.00 3.58 6.86 164 346 180 174 123 
11.17 3.20 1.78 3.5800 0.5900 -2.1500 1.4989 -3.4689 1.6389 9.58 1.63 1.24 154 361 181 176 129 
6.02 0.46 1.10 -4.9500 1.0200 1.5900 0.5844 -0.6511 1.3544 9.73 -1.13 -0.40 157 365 183 183 133 
4.80 1.99 -3.76 -3.7800 2.0600 -3.6400 0.7889 0.4600 -3.5322 9.54 2.16 -0.52 142 369 185 183 133 
28.66 12.98 1.94 19.4300 9.4800 4.0700 3.7922 2.6289 3.8867 9.56 2.07 0.56 155 370 188 188 136 
-3.76 2.13 3.47 -13.5800 4.4700 -0.3200 -2.9611 2.3667 3.9956 6.70 -5.68 4.34 158 371 192 190 136 
-5.00 -2.17 0.11 -9.6900 6.2900 -1.8100 -2.7422 -1.1578 -2.7978 7.34 -6.49 0.18 158 378 193 190 137 
10.43 6.41 -9.68 3.4600 8.1900 -9.5800 0.2111 -0.4933 -4.7211 9.62 0.24 -1.84 145 373 191 191 137 
18.95 2.03 -6.33 9.2600 0.1000 -2.3200 3.1011 -0.6144 1.8244 9.28 -0.24 -3.15 153 367 191 194 139 
5.59 -1.12 3.07 -3.1100 0.9600 4.1300 -2.4133 -0.7267 1.8844 8.38 -3.20 -3.94 159 372 190 195 138 
9.84 -6.34 -11.59 2.3500 -2.3600 -4.5300 1.3222 -0.7722 1.7044 6.06 -5.07 -5.79 160 394 195 194 138 
5.07 -4.72 -2.54 -0.4000 2.8000 1.2300 2.5400 0.9300 0.7500 5.22 -7.84 -2.69 160 404 193 196 138 
1.76 -4.18 2.73 -2.9300 4.0800 3.8800 0.3933 -0.2222 -0.4267 5.31 -8.20 -0.74 162 413 190 193 138 
6.83 -9.45 -6.89 0.9300 -1.4500 -4.9900 1.2100 -1.0822 0.1956 5.29 -8.11 -1.51 161 408 191 194 139 
12.75 -2.81 10.77 4.3100 2.9500 7.4500 -3.4022 2.2511 0.7322 5.21 -8.24 -0.96 164 412 198 197 141 
7.34 -10.56 -11.80 -1.0600 -0.8700 -8.7400 2.8022 -2.8222 -1.6978 5.68 -7.98 0.23 151 411 197 197 141 
4.39 -6.96 0.78 -0.4800 1.9400 2.3100 -1.3922 -0.2856 -0.4444 5.86 -7.84 -0.43 163 395 203 204 147 
11.59 -9.52 -1.40 4.8200 -2.7400 -0.1900 -3.7711 5.9411 -1.2056 7.57 -6.21 -0.17 131 317 175 176 126 
12.25 -7.54 -4.00 5.0000 -1.5100 -5.8500 5.5256 3.8333 0.0778 7.29 -4.13 5.09 144 176 179 171 128 
4.04 -0.84 4.82 -1.3800 2.4300 -2.9200 1.7733 1.6578 1.5022 4.16 -1.86 8.68 157 199 180 172 128 
0.71 2.28 8.09 -1.8300 3.4100 -0.8900 0.6600 0.4800 0.2644 2.98 -1.01 9.28 159 209 182 177 128 
1.97 2.25 8.77 -0.1300 3.1600 -0.7800 -0.8211 0.2144 -1.6100 2.59 -0.88 9.41 156 207 183 183 132 
3.90 -1.74 9.75 2.3400 -1.0100 -1.0400 -2.1156 2.8067 -2.0289 -0.43 -3.02 9.31 149 198 188 187 137 
-7.29 -7.02 6.63 -5.1300 -2.4700 -1.5400 -0.8544 1.5011 -0.4689 -3.09 -4.85 7.94 152 201 194 189 138 
;
