2.58 5.83 7.44 -0.0100 -0.0500 -0.0400 -0.0811 -0.1678 -0.0156 2.60 5.81 7.45 187 380 313 290 192 
2.38 5.06 7.45 -0.4200 -0.1400 -0.1900 -0.3611 -0.2611 0.0544 2.93 5.12 7.83 186 371 323 292 190 
4.40 13.02 16.71 -0.7700 8.8100 9.0400 -3.6389 -2.7911 -0.2811 4.45 3.84 7.84 183 343 166 169 119 
11.57 0.83 -3.67 -2.0400 -0.8600 -4.1300 5.5144 -3.5200 2.8967 9.72 -0.60 -1.13 128 373 170 169 120 
2.30 -1.53 -0.82 -7.6700 1.1300 1.6200 -0.5056 -0.1811 -0.7300 9.39 -1.66 -2.26 125 377 166 175 124 
10.17 1.72 -10.77 2.7300 2.1700 -8.1800 0.1556 -0.2856 -1.4289 9.08 0.24 -3.68 125 368 177 177 126 
24.76 0.10 -3.12 14.1700 0.0600 0.8100 2.4478 2.7200 2.3556 9.43 -2.16 -1.56 136 359 176 181 128 
-0.41 -1.07 5.98 -9.8400 2.3600 3.3700 0.1800 3.9333 0.8756 7.30 -4.57 4.67 139 369 182 184 128 
-1.39 -2.13 4.83 -7.6400 3.8400 -0.3200 -2.5100 -0.9867 -0.2567 6.83 -6.09 3.50 134 371 181 183 128 
3.28 1.10 -3.14 -4.0600 6.7700 -4.1200 -2.4267 -1.5311 -2.6422 8.71 -4.40 -0.84 121 370 184 183 126 
11.97 1.15 -9.98 2.7400 2.4300 -6.9400 1.2567 -1.1089 -2.6278 9.39 -0.40 -2.76 121 361 186 184 126 
18.46 0.01 -1.01 7.0400 0.9700 4.2300 2.5700 -0.1522 1.2733 9.19 -1.31 -3.14 129 355 183 188 128 
7.05 0.20 0.34 -1.9200 2.5400 1.5900 -3.2244 0.8767 0.0056 9.24 -1.70 -2.80 156 245 245 258 165 
19.19 -2.55 -8.19 8.2500 -1.2500 -5.9700 -0.9911 1.9511 4.0078 8.70 -4.16 -1.73 114 230 302 316 205 
2.00 -2.63 -1.50 -4.7800 4.4900 -1.7600 -0.0311 2.3033 4.8011 3.69 -9.07 0.42 111 227 251 245 164 
-3.68 -7.60 0.41 -5.6500 2.5500 -0.0800 -0.6511 0.3356 1.4400 -0.23 -9.80 0.09 117 230 244 229 149 
-1.91 -8.98 -0.40 -1.1300 0.6500 0.3900 -0.2567 0.3567 -0.0100 -0.72 -9.76 -0.54 119 242 247 236 152 
-4.52 -8.98 -0.76 -4.6500 0.6000 -0.4900 -0.7322 -3.4167 -2.9178 1.48 -9.56 -1.56 119 246 252 248 157 
4.50 -5.51 -10.06 0.8300 1.9800 -6.9700 1.0467 -7.7833 -3.7189 3.46 -7.81 -4.80 120 249 255 252 160 
9.02 -5.87 -6.66 6.5600 1.4200 -1.1800 0.8500 -1.5122 -0.7722 2.09 -7.89 -5.43 121 249 262 259 165 
2.99 -7.15 -3.82 0.3200 0.7100 0.9900 -0.4489 1.0100 0.1411 2.46 -7.88 -5.28 123 253 269 267 171 
11.04 -4.24 -1.80 7.9800 3.7000 3.5200 -1.8167 5.5100 0.5478 5.02 -7.20 -4.36 131 282 288 270 191 
11.49 -7.25 -6.27 6.4100 0.4300 -5.9000 -1.5389 8.0856 2.2189 5.15 -8.28 1.00 175 358 320 359 208 
4.10 -6.16 -2.19 1.3200 3.7800 -2.3000 -2.1000 1.7989 1.9400 1.93 -9.61 -0.13 176 372 329 365 210 
-0.32 -7.98 -4.53 -0.1300 1.7900 -3.7300 -1.9556 1.2644 0.9600 0.33 -9.33 -2.99 171 375 337 377 211 
-0.30 -8.01 -6.99 -0.0100 1.0900 -2.7500 0.8489 1.1156 0.7200 -0.21 -9.33 -3.00 171 363 341 380 212 
1.33 -5.45 -10.79 0.4600 6.3000 -10.3900 6.1844 -0.9000 -0.9222 0.62 -9.35 2.86 172 347 335 385 213 
6.36 17.97 6.10 4.0800 23.0300 3.0100 10.7856 3.4078 2.0389 -0.01 3.48 9.16 182 398 370 415 219 
-1.40 7.83 10.83 -1.3300 1.2900 0.5600 0.8400 -0.6033 0.6689 1.11 5.86 7.78 179 398 375 424 220 
1.13 8.71 11.15 -0.9600 2.4000 3.9400 -0.9878 -0.4867 -0.1967 1.85 5.62 7.81 180 396 367 418 219 
;
