3.95 8.25 6.61 -3.0000 2.2800 1.8900 2.4889 3.2589 0.1267 4.49 6.21 6.10 177 271 248 243 200 
4.70 5.89 6.28 1.1400 -0.0700 -0.1000 0.0922 -0.7622 -0.3033 4.45 6.35 5.99 178 279 268 262 200 
3.75 6.86 5.83 -1.0200 0.2500 -0.2400 0.1511 -0.4256 -0.1033 4.62 6.47 5.72 179 286 276 267 201 
6.46 9.80 10.86 3.3800 3.4200 3.9200 -3.0967 -4.5478 1.7433 7.66 4.51 4.12 180 344 171 166 126 
9.07 2.32 -0.12 -2.3100 1.2900 -0.9200 -0.2067 -2.3144 1.9833 9.79 0.01 -0.50 144 364 172 167 118 
4.49 2.33 -4.13 -5.1000 2.2300 -2.6500 1.1144 -0.4667 -1.7044 9.51 0.64 -2.27 125 368 173 171 119 
18.17 2.35 -7.50 9.9700 1.2500 -3.9500 3.9400 1.8578 -0.4489 9.51 1.39 -1.91 144 352 178 181 129 
9.57 4.12 3.30 -2.5700 5.0100 2.0100 0.9256 4.0133 3.1178 8.83 -2.69 3.29 161 343 185 184 133 
-0.56 -2.27 7.94 -7.7200 1.6400 1.7600 -1.8411 1.7533 -0.0500 6.24 -4.39 6.15 162 365 195 192 136 
-0.80 -0.32 0.63 -7.7500 5.3600 -3.8300 -3.5578 -2.0311 -2.6489 8.06 -5.09 2.27 153 379 190 184 131 
10.67 4.75 -8.89 2.5800 6.1300 -9.0700 0.3944 -0.2400 -4.6078 9.76 0.88 -0.16 155 379 195 185 133 
18.88 4.76 -3.95 9.1500 2.3400 -2.0500 1.6289 -0.2889 0.7967 9.54 1.40 -1.76 156 377 198 188 134 
7.70 -0.72 2.83 -2.1100 0.3400 4.9300 0.0489 0.2989 0.8344 9.56 -1.21 -1.79 156 355 202 189 135 
9.11 -1.30 -1.78 0.7900 -1.0600 -0.8600 -1.3856 -0.1689 -0.7378 9.62 -0.12 -1.87 189 247 210 205 153 
15.77 -1.68 -3.49 3.7800 -0.5700 -1.8200 1.5311 3.4689 0.3578 9.66 -0.55 1.55 206 184 176 176 118 
0.29 0.88 2.88 -10.2400 1.0900 -0.5800 0.7211 -0.1944 -0.1344 9.36 -0.28 2.91 206 177 187 177 121 
4.59 4.64 -0.75 -3.9700 3.9200 -1.4800 -1.3478 -2.8644 -2.5744 9.52 2.24 -0.62 206 187 194 180 121 
13.89 3.66 0.02 2.7600 0.6000 1.6300 -0.1489 -0.1489 0.4878 9.34 2.30 -1.85 205 190 196 182 122 
8.18 1.87 -2.26 -0.9500 -0.3900 -0.5000 -0.2967 0.1044 0.0333 9.40 2.28 -1.57 204 186 185 184 126 
13.18 3.77 -2.02 5.1100 1.8100 -1.5200 -1.1544 0.0278 1.7822 9.67 1.00 -1.21 168 239 168 183 132 
10.67 -0.86 -2.59 0.0000 1.0000 -1.5900 -1.6289 1.6656 5.0811 8.48 -4.92 0.03 151 213 219 257 170 
1.09 -3.83 -2.83 -5.3700 4.2300 -3.3100 -1.8711 2.0433 3.9211 2.81 -9.39 0.07 110 231 244 257 168 
-3.93 -8.17 -1.23 -5.0600 1.3600 -0.2100 -0.1800 -0.2356 0.7933 -0.10 -9.78 -0.65 116 251 244 260 166 
-0.31 -9.49 -1.30 -0.1600 0.4800 -0.3900 -0.0733 -0.1956 -0.2311 0.08 -9.77 -0.80 118 257 244 261 166 
-3.86 -8.31 -2.63 -5.0800 1.3300 -2.2300 -0.4667 -4.0733 -2.6378 1.57 -9.54 -1.62 115 254 243 252 160 
5.15 -6.30 -9.69 2.4200 1.8700 -6.2300 0.3600 -7.9700 -2.9956 3.03 -7.98 -4.82 115 243 245 254 160 
5.00 -7.04 -2.34 2.9000 0.8700 2.3800 0.0078 -3.1189 -1.0633 1.38 -8.07 -5.39 114 242 248 255 164 
3.11 -7.28 -5.59 1.2200 0.5300 0.5600 0.1056 -0.2400 -0.1967 1.37 -8.01 -5.47 119 242 248 253 166 
;
