2.80 1.46 9.18 -0.0300 0.0400 -0.0900 -0.0022 -0.0089 0.0022 2.86 1.42 9.26 166 340 348 364 201 
2.84 1.46 9.20 -0.0200 0.0000 -0.0700 -0.0011 -0.0011 0.0067 2.86 1.42 9.26 168 339 349 362 201 
2.89 1.41 9.21 0.0200 -0.0700 -0.0400 0.0522 0.1411 0.0133 2.78 1.45 9.29 166 338 345 361 201 
6.39 4.06 15.07 4.1800 1.8400 5.1000 -1.7611 5.2589 1.2400 -0.48 1.20 9.72 170 345 163 175 133 
0.84 0.15 5.83 3.5100 2.1600 -3.8100 5.7078 -7.9811 3.6622 5.76 2.37 7.56 134 371 167 158 111 
11.85 3.90 2.41 -1.7100 3.4500 4.0700 2.1256 -1.7356 2.0644 9.66 -0.82 -1.44 135 387 173 165 115 
2.01 1.98 -2.42 -6.9500 3.2700 -1.6600 -0.4044 -2.1589 -1.0733 9.24 -0.14 -3.26 137 386 155 167 117 
11.64 3.23 -9.88 5.3100 1.5000 -5.2100 0.7800 -0.8189 -0.8967 8.16 1.06 -5.32 138 384 180 169 119 
20.62 2.46 -5.15 11.3400 2.3600 0.3500 1.6322 3.0078 1.3200 9.04 -0.74 -3.71 141 387 183 173 121 
7.20 0.18 -0.20 -4.0300 1.2400 -0.9900 -0.3489 5.2967 1.5533 8.56 -3.41 3.33 140 389 184 176 121 
-2.02 -3.64 4.96 -8.6000 1.7400 -0.5300 -1.4311 -0.2678 0.8789 6.53 -5.85 4.39 143 391 185 177 122 
1.08 -0.01 0.90 -6.0400 6.4300 -2.3200 -1.7522 -1.5444 -2.3944 8.47 -4.67 1.55 140 391 187 180 123 
7.22 3.99 -11.00 -1.2600 5.7700 -10.0500 0.9533 -2.2222 -3.3578 9.64 -0.10 -1.78 138 385 187 180 124 
23.00 2.00 -4.13 12.9900 0.5400 1.5200 1.9511 -1.8589 1.7233 8.49 -0.62 -4.85 144 372 189 187 128 
8.67 0.30 1.20 -1.2000 1.9000 5.4600 -2.0944 -0.1678 2.1200 7.61 -2.54 -5.63 169 302 294 341 212 
-1.00 0.55 -7.09 -4.2400 3.6100 0.2900 -4.7367 -3.4278 3.3622 2.93 -1.10 -9.29 184 259 293 340 219 
4.04 3.31 -13.97 3.7500 1.9200 -6.3600 -1.7289 0.4756 -0.9411 2.63 2.61 -9.07 193 292 288 349 218 
7.08 1.59 -13.81 4.1900 -1.2200 -5.9700 1.9111 0.1911 0.5489 3.28 1.18 -9.16 196 340 314 362 221 
7.03 -0.99 -12.17 5.4500 2.5300 -3.3600 5.3511 5.2167 2.4733 6.69 -6.37 -3.27 208 422 360 412 216 
-2.16 2.22 -0.53 -6.7200 10.7900 -0.1800 0.7389 0.7644 0.9811 4.26 -8.82 0.34 210 422 357 413 217 
2.17 -4.43 1.08 -2.1700 3.9100 0.5000 -0.7722 0.0778 -1.0078 4.85 -8.51 0.18 210 422 329 411 216 
9.99 -6.44 2.65 3.1400 -2.0400 1.8500 -1.0556 7.1067 -5.3722 8.17 -4.44 3.10 209 238 229 207 139 
5.78 0.48 0.07 -1.3600 4.7100 -7.8000 -2.6644 12.5800 2.6944 -5.64 -3.65 7.13 209 165 166 167 101 
-2.07 3.54 1.54 4.3400 6.1200 -1.5400 -0.9878 -0.9311 3.4378 -7.78 -0.08 5.96 208 169 164 162 99 
-20.18 1.17 11.16 -10.8100 0.2000 4.3000 -0.5044 -1.0456 -1.3289 -6.77 0.26 7.08 209 177 170 171 103 
-4.50 0.63 6.55 2.5700 0.9700 -0.5600 -0.0344 -0.0233 -0.1367 -6.64 -0.48 7.19 209 177 169 173 107 
;
