1.01 -0.60 9.65 -0.0500 -0.2100 -0.0800 -0.0422 0.0289 0.0156 0.99 -0.47 9.74 172 366 373 391 216 
4.77 -1.57 13.83 4.6700 -0.5700 6.3400 1.2556 4.5278 1.8911 -1.75 0.21 9.64 195 393 266 206 136 
5.42 1.78 11.71 2.7000 2.3200 2.5900 -1.1067 -6.3656 2.8900 4.64 -0.96 8.58 140 391 188 173 115 
4.32 1.05 2.76 -7.9200 3.0300 1.2100 4.0744 -2.4611 2.4411 9.37 -2.72 0.95 129 398 200 180 117 
1.61 3.33 -2.26 -7.3200 5.3800 -2.5800 0.3156 -0.9789 -4.0311 9.75 -0.01 -0.98 131 393 204 183 119 
29.83 3.95 -4.86 20.9500 2.0400 -0.6100 2.8067 1.5900 1.6356 9.72 0.42 -1.20 140 395 206 187 122 
0.00 2.43 6.85 -9.4500 4.8300 5.6000 -1.3778 4.5022 1.2333 7.89 -3.59 4.57 141 398 206 189 122 
-7.51 -0.64 -4.22 -15.4200 4.6400 -8.9600 -0.6122 -1.9256 -4.0256 9.06 -2.92 2.31 139 397 208 191 123 
24.18 7.57 -4.73 17.4200 6.1000 -3.9900 2.0989 -0.9033 0.4956 9.78 0.62 0.21 144 398 207 193 125 
11.48 0.25 3.08 -0.2500 0.7900 2.0900 -1.7589 0.6044 1.1867 9.60 -1.97 -0.03 159 393 206 201 135 
17.99 0.38 -3.53 9.9100 3.3800 -1.6200 -6.0578 6.9811 2.5878 7.89 -5.14 2.72 193 356 294 310 202 
1.78 -5.64 -1.31 -4.4200 4.6900 -1.5800 -6.2633 3.2667 1.4644 1.15 -9.72 -0.40 206 363 341 406 224 
0.91 -6.31 -5.00 0.4300 2.3900 -1.7800 -1.8100 0.4556 1.0589 -0.56 -8.50 -4.84 158 329 326 338 207 
-4.73 -3.21 -12.21 -4.2600 6.1400 -8.9100 3.9578 0.4878 -1.3900 0.08 -9.34 -2.97 152 346 340 366 218 
-0.78 -13.19 31.03 1.5800 -6.4000 21.3900 -2.3667 -1.0467 -1.2211 1.26 -9.69 0.70 161 355 347 393 224 
-0.97 -4.39 -15.38 -3.0500 5.2800 -14.9900 0.9411 0.1522 0.0122 1.65 -9.39 -2.27 169 363 347 394 226 
1.11 -9.14 22.59 1.7000 -1.9600 17.7100 -1.1867 -1.2344 -0.1733 1.75 -9.55 1.31 174 364 356 407 227 
1.54 -7.92 -2.82 -0.5200 1.8300 -1.6700 -1.4944 -0.4789 0.4200 1.58 -9.44 -2.11 177 371 355 405 230 
;
