0.00 1.93 9.61 0.3300 -0.5100 0.1300 0.0956 -0.2878 -0.0256 -0.19 2.36 9.51 237 389 380 454 252 
0.44 2.24 9.55 0.3000 -0.1500 0.1500 0.0089 -0.0744 -0.0689 0.09 2.43 9.50 240 396 365 452 251 
1.84 4.30 15.76 3.1600 0.2100 6.9200 -1.4122 -3.5900 0.4544 4.06 2.40 8.59 217 419 239 241 172 
12.91 2.24 -1.06 4.2500 2.2200 -1.4700 3.8167 -3.9178 3.1244 9.78 0.01 -0.59 173 412 243 236 161 
4.85 -0.22 0.70 -4.8500 0.9900 1.3200 0.4433 0.1544 0.2211 9.71 -1.28 -0.44 173 421 249 243 166 
6.11 0.79 -2.93 -1.1600 1.9900 -3.7800 -0.0289 0.1211 -1.8122 9.77 0.49 -0.57 174 416 250 245 165 
25.77 1.23 2.77 13.9000 1.3300 3.2500 1.8456 3.6489 4.2311 9.39 -1.75 2.18 184 414 251 249 171 
0.27 -3.76 6.30 -9.5900 0.3300 0.0700 -1.5400 3.9244 1.8344 5.07 -5.65 6.19 188 415 252 249 172 
-2.58 -1.94 2.40 -6.8400 5.0300 -3.6900 -1.3200 -0.6889 -2.3633 6.04 -5.89 4.98 187 421 242 251 173 
10.55 4.92 -2.53 3.0500 8.4700 -6.6000 0.8233 -1.0256 -3.2000 9.02 -1.73 3.43 186 417 253 252 175 
18.41 -0.33 0.78 8.5200 -0.2700 -1.3100 0.7789 -0.9911 1.4133 9.54 -0.84 2.07 187 408 254 254 175 
7.40 -4.34 7.80 -2.2300 -2.2700 5.2600 0.6500 -1.1222 0.6667 9.44 -2.31 1.25 195 423 252 252 176 
13.91 -9.85 -1.30 4.2400 -6.3600 -1.8600 2.0078 -0.8400 1.9622 8.93 -3.98 0.71 197 436 249 255 175 
6.85 -4.40 -0.73 -1.9000 1.9100 -2.8400 3.7767 0.7211 0.5700 8.07 -4.25 3.59 201 439 243 254 176 
7.08 2.44 2.89 -0.2800 5.6100 -1.9000 1.0456 0.3156 0.5500 7.49 -3.21 5.44 200 433 250 254 174 
8.03 -1.49 3.64 1.3000 1.6100 -3.2000 -3.1322 2.4411 -2.3522 6.71 -4.03 5.90 193 426 261 258 177 
6.92 -7.45 4.17 -0.3000 -3.3600 -2.6200 -1.9689 2.2256 -0.5811 5.70 -5.30 5.95 192 433 265 262 179 
-0.31 -7.75 9.09 -2.8900 -0.2500 3.0900 -0.6656 -0.6589 0.5156 5.22 -5.85 5.87 209 452 278 275 195 
0.79 -4.57 3.84 -4.7800 2.1300 -1.5900 0.2867 -2.2744 -0.4889 5.85 -6.56 4.33 221 397 275 285 204 
;
