7.51 1.50 6.03 -0.0700 -0.0200 0.0900 -0.0089 0.0056 0.0022 7.60 1.48 6.01 230 365 370 441 263 
7.53 1.47 6.08 -0.0700 -0.0100 0.0600 -0.0067 0.0111 0.0000 7.59 1.48 6.01 230 364 369 438 263 
8.00 1.90 7.20 0.2200 0.9500 2.1400 -0.7478 -1.0733 0.5556 7.97 0.88 5.64 225 370 354 332 229 
13.53 0.38 5.29 5.7300 1.3000 2.1700 -4.1356 -2.0867 1.7556 9.39 -2.49 1.31 214 355 279 250 187 
10.51 -3.03 -3.43 0.1900 2.4100 -2.2000 -0.6000 -0.4333 3.9478 6.63 -7.05 -1.53 196 282 237 230 172 
-0.01 -5.44 -2.29 -4.2400 3.6600 -0.1900 0.6800 -0.0856 2.6511 2.34 -9.47 -0.96 195 281 251 246 180 
-1.18 -7.52 -0.53 -2.0200 1.9100 0.4600 -0.0867 -0.6156 0.0600 1.13 -9.70 -0.87 203 292 260 253 184 
0.66 -8.97 -0.52 -0.6100 0.3200 0.7700 -0.7311 -2.1678 -0.7233 1.65 -9.47 -1.90 202 295 263 257 188 
-0.45 -8.04 -4.64 -3.0300 0.9100 -1.4800 -0.7400 -4.1000 -2.1433 2.41 -8.50 -4.25 203 299 265 268 194 
5.35 -6.17 -8.36 3.7900 1.8900 -0.9400 0.5611 -3.0111 -1.4989 1.35 -7.93 -5.60 204 301 270 268 195 
3.62 -7.44 -5.57 2.3700 0.9300 0.2200 0.0244 0.3200 0.1144 0.92 -8.01 -5.58 206 304 269 269 198 
2.88 -6.08 -4.23 2.0800 2.4700 1.6700 -0.3678 1.6678 -0.2278 2.03 -7.73 -5.67 205 324 288 282 207 
7.82 -5.96 -4.34 4.3600 1.3200 -0.2000 -1.3589 7.9778 -1.3944 6.79 -6.42 -2.93 231 306 291 280 202 
2.21 -7.70 -1.27 -6.0400 -0.9300 -6.7900 1.0311 10.8611 0.8122 -0.45 -4.58 8.65 238 217 192 223 150 
0.87 -0.83 7.20 3.2400 2.1800 -0.7700 1.5389 1.1689 4.2644 -5.40 -0.84 8.13 237 208 194 212 142 
-12.28 -0.20 12.44 -6.3900 -1.6600 4.8500 -0.3844 -0.2744 -0.5322 -5.47 0.67 8.10 238 217 207 216 144 
-3.59 -0.28 7.69 1.7900 0.0700 -0.6500 -0.2756 -1.0633 -1.5522 -4.83 -1.22 8.44 237 221 212 218 149 
;
-0.39 1.72 6.52 0.3000 2.5500 -3.3800 2.2144 -8.4044 -2.6456 3.71 0.25 9.07 243 306 274 261 187 
8.06 0.05 6.41 0.3600 -0.6000 0.4200 0.4511 -3.8589 0.3678 8.88 0.60 4.10 249 365 333 361 234 
13.76 1.95 6.62 5.1100 1.1000 5.7100 -1.2544 -0.2011 0.5256 9.54 0.16 2.23 247 378 346 358 238 
15.78 -0.88 2.80 4.6400 1.4800 -0.6000 -3.5100 -0.3211 4.7500 8.29 -5.14 0.91 227 348 318 296 213 
0.87 -1.78 -4.18 -4.8600 6.2700 -3.6400 -0.5833 -0.5022 5.3233 1.17 -9.70 -0.77 190 266 251 243 170 
-2.14 -6.59 -0.14 -1.3200 2.8000 0.9500 -0.4956 -0.0956 0.1467 -0.74 -9.72 -1.01 198 281 263 257 180 
-2.56 -8.45 -2.64 -4.3500 1.2300 -0.7300 -0.9400 -3.5622 -2.6511 1.05 -9.38 -2.65 198 282 268 262 183 
1.70 -6.48 -10.00 0.0000 0.7700 -5.3500 0.8322 -7.4767 -4.1978 2.36 -7.84 -5.38 203 285 273 273 187 
6.67 -6.42 -5.96 4.2100 1.6200 1.5300 0.2767 -0.4478 -0.1244 1.40 -7.95 -5.55 209 289 275 277 191 
3.07 -6.70 -4.56 2.3200 1.3500 1.4000 -0.3400 1.2878 -0.3333 2.27 -7.72 -5.59 214 309 295 296 207 
12.18 -5.76 -4.06 4.9600 2.3500 -3.9300 -1.9178 14.4400 -0.2922 6.72 -7.00 -1.36 240 258 250 253 169 
1.13 -2.37 -4.93 -2.7600 5.6600 -6.4700 2.0278 6.3022 4.0267 -4.54 -3.56 7.92 236 210 205 208 136 
-6.09 0.74 8.88 -1.9900 0.3100 2.0300 1.2256 -0.6511 2.4444 -5.69 1.43 7.85 240 221 214 215 140 
-8.94 0.65 11.78 -2.3600 -0.2200 2.6300 -0.2322 -0.5489 -1.7522 -5.12 0.24 8.35 243 226 214 219 147 
-4.49 -0.54 10.75 0.0700 -0.4700 1.9500 -0.5089 -0.9267 -0.7733 -4.48 -0.58 8.70 241 244 236 232 156 
;
-1.01 -0.24 6.65 0.2600 2.0900 -5.9400 0.2856 -10.4311 -3.0333 5.83 -0.31 7.87 250 356 319 319 219 
9.92 -0.28 2.41 0.8600 -0.4800 1.4900 1.1389 -1.2356 -0.2178 9.68 0.43 1.46 252 373 344 364 239 
13.01 2.13 5.13 4.9000 1.1000 4.0600 -0.0311 -0.1289 -0.0989 9.57 1.05 1.85 247 382 346 362 240 
20.70 1.53 3.68 10.0600 2.1700 2.2900 -3.9100 1.4100 4.4333 9.20 -3.15 1.17 232 368 341 329 232 
5.15 -1.74 -4.43 -1.2700 6.1800 -4.4300 0.0833 1.1589 6.2700 3.07 -9.28 0.69 212 304 294 283 201 
-4.48 -4.55 1.04 -4.2000 4.4400 -0.0600 -0.6744 0.2578 0.7356 -0.93 -9.75 0.44 213 314 300 292 206 
-3.31 -7.77 -1.35 -2.2800 1.5200 -0.3900 -1.6311 -2.4833 -2.0967 0.83 -9.59 -1.84 213 308 296 292 203 
0.29 -7.33 -7.37 -1.8200 1.1700 -3.8900 -0.3678 -7.7633 -4.3167 2.56 -8.06 -4.95 212 306 295 291 203 
7.29 -6.90 -10.47 3.7100 0.5200 -2.6800 1.6256 -1.2456 -0.7033 1.77 -7.81 -5.65 217 314 303 302 211 
2.95 -6.84 -5.99 1.4400 0.6900 -0.5200 -0.5844 1.0267 -0.1156 2.14 -7.57 -5.84 218 322 311 312 218 
10.10 -4.86 -2.32 7.7800 1.3900 2.5100 -2.3289 6.6489 0.5111 5.35 -6.61 -4.87 216 271 260 258 176 
7.00 -10.72 -12.83 1.2600 0.5700 -14.5600 1.1389 14.3078 2.2633 2.27 -6.83 6.65 239 202 204 215 142 
-4.12 -0.74 5.80 3.7100 4.1300 -0.4300 1.9600 0.9267 3.5644 -6.12 -2.02 7.38 241 208 208 216 145 
-14.67 -0.47 13.31 -9.0900 -2.7000 5.1100 -0.0344 -0.7822 -0.0933 -5.85 0.58 7.84 240 208 212 219 148 
-5.14 -0.59 8.16 0.5100 -0.1600 0.3500 -0.2767 -0.3411 -0.7211 -5.49 -0.59 8.09 247 223 224 234 162 
;
