4.81 2.94 7.98 0.1200 -0.0100 -0.0500 0.0422 -0.0400 0.0100 4.78 2.97 8.02 164 298 333 336 206 
4.86 3.01 7.94 0.0700 0.0500 -0.0600 -0.0033 0.0456 -0.0189 4.71 2.97 8.07 165 298 333 342 206 
4.78 2.92 8.08 0.3400 0.3200 0.0700 -0.3489 -0.2744 0.3300 4.84 2.74 8.07 165 302 334 340 207 
12.22 -0.92 10.91 8.0700 -0.6400 4.5800 -3.2044 -3.4733 3.0711 7.29 -3.79 5.34 138 260 283 280 192 
6.66 -3.06 3.36 -2.7100 5.8500 0.5100 -1.3933 -4.6089 5.1433 4.06 -8.92 -0.07 122 193 210 201 137 
-2.84 -6.39 -1.27 -2.8900 3.2500 1.0500 0.1022 -2.0444 1.0322 -0.11 -9.65 -1.72 125 213 227 223 147 
0.87 -8.49 1.16 -0.2700 -0.2700 3.5000 -0.6200 -0.3911 0.0867 -0.32 -9.58 -2.06 129 226 238 236 155 
-4.79 -9.43 -2.93 -5.6100 0.0900 -0.3000 0.0722 -3.4967 -2.5778 0.96 -9.40 -2.62 141 226 245 242 165 
1.83 -3.31 -12.43 1.4100 5.9300 -10.1900 1.9611 -9.2789 -4.2756 3.75 -7.82 -4.56 146 233 256 256 173 
6.15 -6.96 -0.30 3.1500 0.8600 3.3300 -0.2456 -0.4344 0.0733 3.10 -7.99 -4.76 147 232 265 264 176 
5.37 -7.09 -3.26 3.2800 1.8700 2.7000 -0.5000 1.5756 -0.3022 4.06 -7.61 -4.65 149 260 284 288 190 
15.02 -3.35 -3.17 3.2300 1.6200 0.8700 -1.6789 6.3833 -0.4133 7.06 -6.60 -1.64 163 352 169 171 120 
10.92 -11.54 -12.53 -6.0800 -3.9900 -6.5100 5.1244 2.7067 -0.6689 4.94 -8.43 -0.76 132 365 170 171 120 
3.10 -9.56 0.18 -0.4200 0.4800 -1.0000 1.0389 1.7011 -0.0556 4.77 -8.09 2.78 142 361 181 175 123 
0.25 -4.02 1.59 -3.5500 4.5000 -0.1000 0.1833 0.3922 -0.4356 4.01 -8.23 3.51 144 356 187 177 125 
7.85 -13.82 -9.06 3.6400 -6.1200 -14.5600 3.6011 1.6367 -1.1922 4.55 -6.68 5.55 144 358 188 180 125 
-0.89 10.37 8.07 -5.6900 14.1700 0.8200 4.7222 1.5978 1.5689 1.02 -0.16 9.75 144 371 190 181 126 
-5.43 4.10 12.05 -3.9600 2.3100 0.3400 -1.9144 -1.3344 -1.4222 1.46 -1.13 9.62 150 371 195 185 127 
1.95 2.46 6.11 -1.3000 6.0400 -2.4800 -3.7289 -2.1333 -1.1478 4.54 -4.26 7.56 195 257 253 230 164 
9.96 -10.89 -4.39 8.1400 -5.7400 -5.8000 0.5544 -0.7089 -3.4656 8.08 -4.83 2.73 210 185 202 194 128 
0.64 -5.13 0.43 -13.2700 -0.5900 -5.4300 0.3922 -0.0744 0.7678 7.13 -5.15 4.32 207 189 203 195 127 
-1.34 4.82 -3.30 -6.8300 8.7300 -5.0700 3.0156 -2.8322 -4.0556 9.56 0.24 2.16 208 189 199 192 128 
24.46 8.08 -0.61 13.8600 4.9000 0.4200 -0.0867 -1.3833 -0.2022 9.25 2.85 -1.56 210 195 204 196 129 
9.55 3.61 -0.18 -0.0200 0.7600 1.2100 -0.0111 0.0356 0.1167 9.30 2.58 -1.68 210 194 203 194 130 
;
