9.12 2.84 3.28 0.2300 0.3300 0.3000 -0.0922 0.0589 -0.0278 8.92 2.57 3.15 202 336 339 398 218 
9.45 3.69 6.78 -0.2100 2.1300 2.8100 -3.2633 0.6967 1.3311 8.71 -0.18 4.49 201 353 340 359 219 
11.60 -1.53 7.27 3.7400 1.5500 1.6800 -4.7533 -0.4978 3.1678 7.04 -5.93 3.35 137 285 257 255 177 
2.26 -3.10 -3.90 -1.9700 5.4100 -5.5900 -1.9422 1.7089 4.0533 1.51 -9.67 0.51 128 264 251 250 171 
-3.25 -8.30 -1.70 0.0600 1.2800 -1.0700 -0.1611 -2.1111 0.5344 -1.15 -9.72 -0.53 148 259 266 259 175 
-4.88 -8.33 -2.71 -4.0000 1.6600 -2.1300 -0.4933 -2.2200 -1.6622 -0.16 -9.76 -0.89 135 263 273 265 176 
7.20 -4.43 -11.97 5.4600 4.0100 -9.8100 1.1700 -5.7833 -5.1478 4.80 -7.92 -3.20 132 265 268 273 179 
10.40 -5.88 -2.10 3.4200 2.3100 3.5000 1.2844 -1.8800 -0.5056 4.03 -8.08 -3.80 139 274 286 287 192 
6.13 -5.33 -1.71 2.3600 2.9200 1.3100 -1.0611 1.6678 -0.4789 4.90 -7.57 -3.82 155 285 293 288 195 
8.29 -2.49 -1.45 -2.1200 3.0900 0.6600 -2.5400 1.6956 -0.1133 6.99 -6.36 -2.60 193 318 300 319 214 
1.48 0.74 -3.05 -4.7800 6.2800 2.7200 -5.8944 -1.1078 0.9256 3.81 -3.03 -8.51 220 335 337 379 240 
1.23 -2.85 -19.38 -1.4700 -3.9400 -9.2400 -1.2311 -0.3078 -0.0600 3.34 1.48 -9.09 219 342 332 374 236 
6.85 -3.13 -16.06 3.7900 -4.3900 -8.3900 1.7944 -0.1767 0.1989 3.50 -0.08 -9.15 222 346 339 372 239 
4.28 5.92 -9.34 -1.8900 13.7800 0.3900 8.1856 3.3156 3.3133 4.45 -8.58 -1.62 230 436 345 448 242 
-2.72 0.58 3.20 -4.7800 8.9600 1.3700 0.1178 0.2700 0.1589 2.48 -9.39 1.29 232 439 365 452 242 
3.20 -5.89 1.46 0.2400 3.0200 0.7100 -0.6433 0.3278 -0.9789 3.56 -9.11 0.55 231 437 376 442 240 
;
2.19 -5.76 -0.93 -1.7500 2.4000 -1.4700 -1.0456 -0.7300 -1.1300 4.66 -8.52 -1.30 219 354 334 323 213 
7.47 -6.00 -1.37 2.4500 -0.2500 0.7000 0.5878 3.1389 -4.7456 8.86 -4.15 0.52 206 342 328 331 215 
15.49 -1.46 2.80 6.0200 -0.6600 2.8600 0.8256 -2.1856 -0.7056 9.77 -0.75 0.00 209 346 341 356 221 
16.55 -0.70 5.61 4.0400 -1.0100 2.2300 -4.6978 -0.7956 4.8567 8.36 -5.10 -0.38 157 295 278 292 191 
2.43 -3.75 -0.95 -2.7200 5.0800 -1.6800 -1.1911 1.4289 4.5578 1.75 -9.64 -0.01 136 303 292 303 196 
-3.73 -6.45 -1.38 -2.8700 2.5600 0.1000 -0.9644 0.2978 1.1344 -1.65 -9.50 -1.76 128 302 295 304 195 
-4.82 -7.60 -5.05 -3.9900 2.4900 -2.4800 -0.5033 -1.9133 -2.4567 -0.23 -9.40 -2.76 128 285 295 299 190 
3.20 -3.36 -12.78 3.2800 6.6500 -9.6500 1.1322 -11.4611 -8.3122 3.83 -6.86 -5.85 130 259 278 277 177 
6.86 -4.58 -3.96 3.5300 2.3900 2.4800 0.7522 -0.6600 -1.1122 3.30 -7.19 -5.78 135 271 286 297 190 
5.59 -5.21 -4.32 2.3500 2.1900 1.8200 -0.5244 0.8333 0.2689 3.86 -6.95 -5.73 148 293 298 306 197 
7.71 -1.54 -2.54 4.1400 4.2700 2.2200 -2.4378 1.3467 0.4922 4.71 -5.59 -6.53 192 321 311 353 227 
1.40 1.07 -8.86 -3.3200 5.0100 -3.7300 -4.8200 -0.7167 2.5411 3.82 -2.45 -8.69 212 329 313 362 236 
2.08 -1.97 -12.54 -3.9700 -1.8900 -2.6600 -2.2233 -0.2733 0.5600 3.43 0.85 -9.14 219 351 311 362 234 
5.01 -2.39 -13.21 1.8800 -4.0800 -4.9300 0.3456 0.0167 0.1522 3.58 1.33 -9.02 221 358 316 370 235 
9.32 -2.89 -24.96 2.9900 2.3900 -10.9700 6.3267 1.3322 1.5278 3.69 -4.02 -8.14 229 396 347 424 240 
1.26 1.84 2.27 -2.6100 9.5100 3.0700 2.3211 1.1289 1.5778 3.33 -9.21 0.44 227 444 368 448 238 
0.75 -3.20 1.84 -2.0500 5.9200 0.5300 -0.4922 -0.2411 -0.3633 2.85 -9.33 0.87 230 440 375 450 238 
2.36 -6.15 0.73 -1.3900 3.6800 -0.2300 -1.0800 -0.7689 -1.2389 4.17 -8.86 -0.26 223 408 362 394 229 
3.21 -9.09 -2.38 -0.1800 -1.1100 -0.0200 0.1744 0.6089 -3.9033 7.40 -6.17 -1.77 200 332 303 315 212 
11.71 -3.14 1.45 2.4100 0.0000 0.5100 1.1067 3.1478 -2.7967 9.31 -1.61 2.60 207 339 314 335 213 
;
