-1.90 -0.21 9.70 0.0300 0.0100 0.1000 0.0189 0.0478 -0.0044 -2.00 -0.22 9.59 188 378 378 432 219 
-2.03 -0.26 9.72 0.0100 -0.0100 0.1200 0.0244 0.0178 0.0011 -2.04 -0.20 9.58 185 377 370 422 219 
-4.71 -1.47 18.20 0.7800 1.2800 4.0600 -1.5700 -12.4400 0.7156 5.66 -1.37 7.88 150 289 278 281 200 
9.27 -1.52 3.83 0.2400 2.8900 0.3700 -1.4889 -4.3511 4.4600 7.32 -6.48 0.70 128 252 246 234 154 
-0.28 -3.63 -1.70 -3.1700 4.9800 -0.9300 -0.1356 -1.1756 4.4633 -0.15 -9.76 -0.84 114 244 245 233 145 
-5.69 -7.29 2.00 -3.7500 2.0100 2.2500 -1.2467 -0.8744 0.3222 -2.70 -9.31 -1.43 118 241 241 230 142 
-3.30 -8.30 -1.97 -2.2700 1.1100 -0.1800 -1.0733 -2.3478 -2.5067 -0.94 -9.45 -2.42 124 255 257 250 157 
0.66 -6.27 -7.86 -1.4200 3.1100 -4.9600 1.3300 -9.5456 -6.3789 3.60 -8.36 -3.63 127 258 259 256 161 
10.72 -5.17 -7.29 5.9700 2.3900 -1.6800 0.9922 -1.3200 -0.8844 3.77 -7.76 -4.63 127 262 271 267 170 
5.23 -5.87 -4.32 2.1900 2.1300 0.5900 -0.1744 1.8178 -0.5178 4.86 -7.39 -4.22 149 303 258 221 153 
19.87 -0.29 -4.88 15.2400 8.2100 -4.7100 -6.2789 21.4700 -0.6233 5.70 -6.81 4.13 205 427 194 196 137 
7.63 -4.50 3.17 3.1900 2.2500 -2.3400 0.4089 5.7378 -1.9700 1.49 -8.28 5.02 194 435 205 193 130 
6.41 -1.45 8.06 5.7000 5.5200 2.9700 1.3911 0.5944 -0.0689 1.12 -6.26 7.46 194 435 211 199 135 
7.51 -4.70 13.08 5.3800 0.1300 6.1500 0.2567 -1.3567 3.6778 0.18 -5.42 8.16 197 436 214 201 136 
-9.29 -7.87 14.43 -8.6800 0.3400 5.8100 -3.6611 -0.7067 0.4144 -0.10 -8.30 5.21 191 436 212 202 136 
-4.08 -1.99 1.59 -3.6200 7.4300 -1.5000 -1.7422 1.5544 -0.8911 0.33 -9.69 1.42 188 435 214 202 137 
0.35 -2.47 0.31 -0.1500 7.1300 -1.0800 1.1444 2.4056 -1.2822 1.88 -9.36 2.21 185 430 216 205 137 
13.88 -0.95 4.76 12.4300 6.2800 1.3300 3.5222 0.1233 1.3311 1.59 -7.43 6.19 192 437 226 211 144 
0.34 -12.53 17.30 -4.8800 -6.2300 9.2200 0.0844 -2.2767 2.0311 1.93 -6.16 7.37 185 434 223 208 141 
-1.99 -3.33 6.63 -3.1500 3.6700 -0.3400 0.1033 0.0278 0.1811 2.16 -6.60 6.91 186 429 221 209 143 
;
