4.10 1.56 8.72 -0.1000 0.1700 -0.0200 0.0078 0.0322 -0.0078 4.12 1.48 8.77 165 324 336 346 195 
4.09 1.61 8.70 -0.0300 0.1000 -0.0700 -0.0044 0.0022 -0.0100 4.11 1.50 8.77 164 324 334 346 196 
4.04 1.60 8.74 -0.0700 0.0800 -0.0600 0.0044 0.0056 -0.0044 4.11 1.50 8.77 165 325 337 347 195 
4.07 1.62 8.71 0.0000 0.0700 -0.0100 0.0233 0.0244 -0.0111 4.08 1.54 8.78 165 324 337 347 198 
6.45 2.55 10.85 1.1500 0.4000 3.1200 0.1256 -0.5278 -0.0022 4.23 1.93 8.63 165 336 244 261 194 
18.47 4.42 10.06 5.7000 5.4400 3.0400 -1.6144 1.6733 3.5022 6.34 -2.14 7.16 147 212 173 191 139 
-1.21 -3.50 0.04 -5.0300 2.8300 -3.9900 -2.6389 -7.0133 5.1378 4.11 -8.72 1.76 141 200 212 244 170 
-0.60 -8.22 0.83 -1.6500 1.8600 0.0400 -0.4578 -1.2000 1.8289 0.37 -9.79 0.38 132 214 227 244 157 
-2.88 -8.64 0.83 -1.7600 1.0900 0.5800 -0.0467 -0.2800 0.2178 -0.96 -9.75 0.18 134 230 241 250 160 
-1.92 -9.38 0.50 -1.2900 0.5000 0.1900 -0.7811 -1.5744 -0.5544 -0.42 -9.78 -0.42 131 227 240 249 163 
-2.01 -9.15 -2.48 -3.2900 1.0300 -1.9700 -0.1078 -6.2833 -3.0522 2.30 -9.33 -1.92 132 227 236 256 170 
2.63 -6.05 -10.29 1.2100 3.1000 -6.3500 1.4344 -7.4700 -2.7600 3.25 -8.30 -4.06 135 226 239 263 173 
7.86 -6.93 -2.45 4.5200 1.3600 1.7700 -0.1967 0.2989 0.0533 3.06 -8.32 -4.18 136 228 248 270 175 
3.00 -8.21 -4.44 -0.1600 -0.2600 0.0000 -0.1844 0.1378 -0.1967 3.36 -8.03 -4.49 135 230 251 273 178 
3.89 -6.72 -3.92 0.0800 1.2800 0.5200 -0.1144 1.0400 -0.3711 4.13 -7.82 -4.22 154 243 258 276 182 
5.98 -2.39 -3.16 -0.1400 3.4000 -0.5800 -2.7989 8.4200 -2.9244 7.94 -5.66 -0.97 164 267 276 273 185 
12.74 -0.51 3.62 3.4200 0.8600 0.5300 1.4656 -0.1844 -1.6900 9.06 -0.90 3.62 169 286 292 280 188 
10.62 -1.02 2.31 0.5500 -0.8200 -0.2000 -0.4056 -1.0911 0.2900 9.61 -0.50 1.85 110 287 296 280 187 
9.15 -0.50 2.51 -0.3200 0.1200 0.4300 -0.5656 -0.6389 0.1300 9.72 -0.85 0.92 169 285 295 276 184 
10.90 -0.02 2.27 1.4000 1.1000 1.7200 0.3100 1.0256 0.2344 9.63 -0.89 1.58 165 287 295 281 193 
14.60 -0.06 4.41 5.7900 2.7200 0.7200 -4.5400 2.9467 1.9689 8.41 -4.27 2.67 133 281 291 302 195 
7.68 -5.20 -1.11 2.3900 2.3300 -2.7500 -1.9367 2.0222 3.6900 4.27 -8.61 1.90 124 258 278 262 170 
0.44 -5.99 -1.28 -0.8700 3.1600 -1.7000 -0.7122 0.4856 2.0578 -0.09 -9.79 0.48 117 238 249 238 151 
-2.65 -9.24 0.95 -1.9800 0.5400 0.9100 -1.0433 -0.2989 -0.0422 -1.01 -9.72 -0.80 126 230 242 243 155 
-0.46 -8.48 -2.27 -0.1700 0.2900 -0.6400 -0.9433 -0.6589 -0.5567 -0.24 -9.54 -2.23 125 224 242 238 151 
-3.67 -8.63 -5.47 -4.2100 1.6000 -3.1400 0.5178 -5.0244 -3.8400 1.44 -9.32 -2.67 130 225 245 247 154 
2.58 -4.41 -10.21 -0.6500 3.7500 -6.2100 2.1100 -7.3533 -4.4556 3.51 -8.11 -4.24 135 233 251 249 158 
11.06 -6.07 -4.17 7.1900 1.4500 0.7100 -0.2200 0.1744 0.1256 3.35 -7.74 -4.99 140 233 249 249 162 
2.18 -7.18 -5.02 -1.5100 0.5200 0.0100 0.1022 0.3378 -0.2511 3.79 -7.66 -4.79 143 246 263 261 170 
0.87 -1.36 -5.47 -5.8500 4.4000 -2.6800 -1.3578 7.7444 -1.7900 6.82 -6.95 -1.11 154 253 251 257 170 
13.21 -1.92 1.39 7.8200 2.4500 2.1200 -0.3011 2.5589 -2.8267 9.53 -1.22 1.92 203 190 198 201 155 
12.91 -1.83 4.35 6.2400 -1.9300 -1.1800 -1.5867 0.2744 -0.5278 9.49 -0.01 2.46 205 187 201 192 145 
3.40 -0.99 -0.47 -7.4600 -0.2100 -3.7400 -0.5033 -1.5967 1.6822 9.17 -2.28 2.59 202 194 203 199 152 
-0.91 9.30 2.15 -4.5800 11.7300 -1.3200 -0.3889 -0.1689 -5.3511 9.67 1.59 0.31 204 203 209 205 153 
10.45 1.91 2.39 -1.0400 -0.0800 2.5400 -0.2611 0.3256 0.3311 9.64 1.75 -0.32 204 201 211 209 153 
9.12 2.36 -0.67 -0.0400 0.9500 -0.0600 0.0811 0.0133 0.0444 9.63 1.81 0.05 202 205 211 211 154 
12.12 5.69 3.41 2.4900 4.7400 3.0100 -1.4500 1.1556 0.8900 9.72 0.88 0.85 204 220 206 210 158 
;
