8.36 2.35 4.51 0.0000 0.0900 -0.0700 0.0044 -0.0589 -0.0100 8.39 2.28 4.52 173 335 330 363 200 
8.37 2.38 4.44 -0.0200 0.1200 -0.0100 0.0056 -0.0367 -0.0078 8.41 2.28 4.48 174 337 329 366 200 
8.94 2.72 4.94 0.8500 0.5700 0.6000 0.2578 -0.6844 0.7833 8.76 1.83 3.98 161 352 336 363 206 
13.73 3.57 4.58 4.3000 2.7600 1.0400 -3.0056 0.2967 2.8367 9.15 -1.83 3.00 127 323 325 325 203 
8.60 -3.56 -1.04 1.0300 1.9200 -3.3300 -2.5122 1.5267 3.5111 6.34 -7.18 2.07 109 252 250 242 160 
0.72 -6.28 -1.66 -2.8500 2.8800 -2.0500 -0.0189 0.3222 2.9433 1.87 -9.51 1.46 115 252 252 241 157 
-1.84 -8.31 2.55 -1.7000 1.1800 0.6300 -0.1456 0.1678 1.0556 -0.47 -9.65 1.63 116 256 252 250 161 
-2.72 -9.38 2.00 -0.8600 0.1900 0.8400 -0.3189 0.1278 0.3500 -1.53 -9.62 1.07 120 262 260 253 160 
-0.62 -9.23 0.11 -1.0600 0.2600 -0.1600 -0.9278 -1.7533 -1.0833 -0.51 -9.79 -0.14 119 253 255 251 160 
0.16 -7.56 -5.73 0.5200 1.7300 -4.6400 -0.7256 -6.2444 -3.0667 2.43 -9.10 -2.72 123 251 255 254 162 
7.78 -7.76 -4.73 4.6600 0.9700 -0.6800 0.5300 -1.2267 -0.7989 3.16 -8.54 -3.62 128 259 260 259 167 
6.29 -5.93 -2.63 3.3800 2.4700 1.4500 -1.1856 1.4111 0.5311 3.48 -8.22 -4.03 132 334 268 248 161 
4.49 -7.14 -8.37 -2.0500 1.0300 -5.7700 -0.7078 4.0644 2.6100 2.37 -8.38 -4.50 138 397 210 207 143 
-3.48 -8.57 -5.34 -2.9600 1.1100 -2.0500 1.7867 -2.3333 -1.3589 3.44 -8.95 -2.03 140 424 206 210 147 
5.62 -2.81 4.90 -2.3800 3.7600 14.6000 -0.3578 -3.1844 0.2122 4.15 -8.88 0.23 128 428 211 217 148 
9.37 -9.74 -10.24 3.2000 -2.5500 -11.7600 1.9156 2.0422 0.0433 4.10 -8.90 0.02 123 436 206 208 142 
6.37 -6.74 5.07 -0.8100 1.0500 0.6500 -1.8778 1.8633 0.0233 4.23 -8.80 0.86 133 418 215 225 155 
2.98 -7.46 -2.40 -1.8100 0.8300 -0.7200 -0.9789 2.7833 -2.2822 6.60 -7.22 -0.60 147 348 265 265 182 
6.79 1.92 1.92 -1.9400 5.0300 -2.8400 5.1322 2.5800 -4.5867 7.73 0.09 6.03 176 328 319 362 202 
18.32 3.80 12.76 7.0800 0.2500 9.6600 -1.5000 -0.6178 0.2156 9.10 0.67 3.58 175 344 331 385 209 
;
9.53 1.86 3.84 0.2900 1.1300 0.9700 0.0144 0.4478 -0.0578 8.78 1.06 4.23 175 343 338 382 209 
9.23 1.30 3.74 0.3200 0.2300 -0.2200 -0.0144 0.0811 -0.0778 8.81 1.11 4.15 170 344 337 382 209 
9.08 1.34 3.85 0.2300 0.1800 -0.1300 -0.0267 -0.0322 -0.0289 8.87 1.17 4.00 176 349 337 381 208 
8.91 1.46 4.14 0.0500 0.3100 0.3900 -0.2078 -0.3322 0.1844 8.98 0.99 3.79 173 347 335 360 209 
11.94 1.15 5.64 3.1900 1.3100 2.2100 -3.3178 -1.1122 1.6700 9.27 -1.90 2.56 150 323 315 315 189 
14.75 -1.57 0.04 4.9000 2.6000 -2.4700 -2.5500 0.6656 3.9678 7.25 -6.57 0.52 108 221 224 229 140 
0.37 -3.28 -2.83 -4.4400 5.9600 -2.8800 -0.4011 0.9067 4.6189 1.08 -9.74 0.04 118 231 237 243 151 
-6.59 -8.23 -0.22 -4.6900 1.2000 0.4200 -0.0411 -0.6711 -0.0600 -1.39 -9.69 -0.38 118 237 243 249 156 
-1.67 -9.19 -0.69 -1.8800 0.4200 -0.0500 -0.8100 -3.6011 -2.8744 1.39 -9.58 -1.52 124 242 250 264 166 
4.92 -7.47 -6.32 1.4300 1.2200 -3.2600 0.5100 -4.8889 -3.1067 3.83 -8.13 -3.90 133 239 262 311 185 
8.49 -6.07 -3.49 4.4800 1.4700 1.6200 0.5056 -0.6289 -0.5633 4.20 -7.71 -4.35 135 257 265 322 190 
5.56 -4.88 -1.05 1.1200 3.0900 3.4700 -1.4600 1.9756 0.1944 4.75 -7.35 -4.41 142 356 263 267 170 
6.39 -6.76 -11.34 0.6100 -0.6100 -7.8300 -0.2033 2.3133 0.8978 5.51 -6.88 -4.28 147 411 228 227 155 
2.63 -9.13 -3.75 -1.5700 -0.7400 -2.6500 3.4089 -0.4356 -0.0833 5.75 -7.93 0.05 130 425 230 231 160 
11.89 -4.40 8.70 0.9900 1.0700 2.0800 -1.5889 2.0033 0.5378 5.69 -7.91 1.07 124 415 218 217 156 
3.92 -4.51 3.68 5.1800 1.5200 3.4800 -0.6900 -0.6556 0.6700 5.83 -7.84 0.75 137 424 237 230 160 
3.60 -4.75 3.11 -2.2000 2.7900 2.3100 -2.4111 1.8622 -2.7578 7.15 -6.69 -0.39 143 407 276 283 184 
8.77 -3.40 -3.05 -0.3200 -0.3900 -5.8000 4.0867 3.2978 -3.3900 8.10 -0.70 5.47 172 375 327 404 213 
14.05 3.82 7.50 5.8000 1.9600 0.2200 0.3689 0.1544 0.2067 8.46 2.38 4.33 173 373 341 410 214 
;
