3.06 3.24 8.82 0.1700 0.0200 0.7200 0.1078 -0.5356 0.2744 3.75 3.61 8.30 194 357 337 392 229 
9.06 4.83 11.11 7.1900 2.7500 2.0400 -2.5056 -4.8256 1.5056 7.60 0.98 6.11 137 252 232 236 191 
13.15 -0.91 3.87 2.5700 0.8800 0.7100 -0.3811 -3.8089 3.4067 9.07 -3.61 0.88 128 237 235 242 186 
5.46 -2.23 -0.23 -2.4000 4.7100 0.5800 0.4256 -1.1411 4.8311 4.44 -8.65 -1.25 135 248 243 248 191 
-2.54 -6.30 -0.53 -3.5600 3.0000 0.8600 0.0167 -0.3089 1.3956 0.81 -9.68 -1.33 172 285 282 289 229 
0.26 -9.08 -1.46 -0.4000 0.5800 -0.1900 -0.2800 -1.1678 -0.3344 0.63 -9.55 -2.11 177 285 284 290 226 
-2.63 -6.38 -5.20 -4.2600 2.7100 -4.6600 0.1344 -9.0022 -5.1456 2.96 -8.49 -3.90 139 247 250 257 189 
4.90 -4.47 -10.72 4.2400 2.9200 -4.3100 1.2944 -4.6033 -2.8211 3.14 -7.28 -5.76 146 254 259 269 195 
6.97 -6.73 -4.29 1.7300 0.7200 0.7100 -0.1767 0.5511 0.0244 3.21 -7.15 -5.88 140 251 257 270 195 
6.18 -5.01 -2.31 2.6600 2.2800 4.0100 -0.5433 1.0922 0.6467 3.92 -6.85 -5.80 161 272 277 288 199 
1.23 0.71 -2.00 -3.6100 6.8900 4.5800 -3.8100 1.0000 -1.7044 5.84 -4.22 -6.64 225 323 317 324 241 
4.73 2.43 -23.25 1.2800 1.1400 -14.3400 -3.5811 -1.3900 0.8633 3.52 2.86 -8.69 208 297 269 301 209 
5.33 2.61 -10.33 2.4300 -1.0400 -1.6100 -0.5022 -0.6467 0.2422 2.80 4.09 -8.45 227 336 298 339 243 
4.43 3.91 -11.67 1.9600 -0.7600 -3.5900 0.5544 0.0456 0.3156 2.96 3.92 -8.48 222 335 302 338 234 
7.00 2.98 -17.01 3.0700 0.3800 -7.8000 4.0267 0.4222 2.1200 3.52 -0.45 -9.13 233 410 352 406 252 
3.76 0.21 0.61 -6.4100 7.5500 2.7300 4.0122 1.7022 2.0856 4.93 -8.25 -1.91 241 454 410 465 265 
0.41 -1.91 0.96 -3.5000 6.5300 1.5900 -0.2467 0.4989 -0.0600 4.13 -8.86 -0.65 255 467 412 464 266 
3.58 -5.61 -0.24 -1.6400 4.2200 0.0500 -1.3444 -0.7944 -1.0200 5.00 -8.19 -1.97 235 353 347 361 242 
1.54 -3.76 -1.43 -4.3700 2.2500 1.8100 -2.5511 -1.6478 -3.4989 6.82 -4.54 -5.38 232 335 324 369 243 
10.74 -5.20 -10.21 7.2500 -4.4000 -2.3300 -3.5133 -3.3211 0.4711 3.99 0.43 -8.94 222 355 347 385 233 
2.60 1.74 -7.43 1.7300 1.4400 0.3400 -1.3844 0.1889 0.6111 2.59 2.17 -9.20 220 309 301 368 238 
3.16 4.90 -12.23 0.2100 2.4100 -1.7600 0.8222 0.2922 0.0356 3.17 2.26 -8.99 227 330 312 374 242 
3.31 1.71 -7.24 0.0100 -0.6200 1.3100 -0.3200 0.3133 -0.0644 3.56 2.34 -8.82 226 331 303 369 240 
4.74 2.73 -9.61 0.3100 0.3600 -0.8800 0.1856 0.4600 -0.1211 4.45 2.58 -8.34 224 311 298 355 237 
9.88 4.84 -6.97 0.2400 1.9200 -0.7100 1.2111 8.2333 -0.9533 9.32 2.55 -1.61 228 368 356 378 239 
;
