3.28 2.25 8.94 -0.2000 0.0700 0.0500 0.0322 -0.0400 0.0333 3.45 2.20 8.90 179 334 329 335 201 
1.41 1.60 8.96 -3.0000 -0.1500 1.1100 0.0178 -2.8789 1.7011 5.59 1.75 7.86 146 307 299 345 203 
25.11 4.85 2.03 15.4500 2.6200 -3.4000 -1.3411 -2.3044 3.3333 9.72 -0.60 1.14 106 214 214 210 142 
11.67 1.06 -3.51 1.9400 4.7100 1.0400 2.6622 -3.5922 4.4789 6.10 -6.61 -3.89 107 217 211 214 139 
-0.56 -3.78 -0.80 -1.9100 4.8200 2.0500 1.4467 -0.9733 2.6100 0.66 -9.43 -2.57 111 231 239 239 158 
-5.52 -8.42 -1.34 -5.0600 0.8600 0.3500 0.4778 -1.0578 0.1744 -1.48 -9.54 -1.66 113 253 255 257 174 
-3.02 -10.88 1.24 -1.9300 0.0400 1.4000 -1.0556 -2.2233 -1.4633 -0.68 -9.49 -2.35 116 251 257 255 174 
-0.65 -6.68 -7.51 -3.7000 2.0500 -5.7400 0.5856 -10.9911 -6.3422 2.55 -8.45 -4.25 120 244 252 247 169 
8.43 -5.49 -9.50 6.4900 2.6100 -1.2900 0.7889 -2.0011 -0.9300 2.15 -8.18 -4.95 119 244 247 250 172 
1.33 -6.95 -4.55 0.0000 1.4400 0.8800 -0.3967 0.4633 -0.2444 2.22 -8.06 -5.12 123 251 257 261 185 
6.67 -4.18 -1.15 3.7900 3.5000 3.2600 -2.0656 3.1200 -0.9278 4.29 -6.79 -5.61 141 284 292 297 195 
4.81 -13.75 -8.66 1.6100 -8.6400 -11.0700 -0.9967 4.2733 -1.3767 8.65 -4.03 -2.21 153 331 181 176 112 
16.28 -2.14 0.73 5.6300 3.3700 -1.4000 3.8389 7.1156 0.1567 6.92 -2.95 6.27 157 185 168 169 111 
2.13 0.00 3.62 -4.0100 2.3700 -5.5600 0.4011 1.8200 1.5778 3.77 -2.53 8.69 160 187 166 175 115 
-2.32 0.00 8.77 -1.7900 2.3400 0.2000 -0.3544 1.6500 -1.4811 2.32 -1.94 9.32 155 186 168 178 116 
6.58 -0.89 7.95 5.2400 1.6000 -0.2800 -1.5733 0.9378 -1.9544 1.76 -3.32 9.05 136 194 178 185 122 
2.48 -6.91 7.47 1.2400 -2.6900 -1.0300 -0.9178 1.4056 0.0267 0.22 -4.72 8.59 139 194 183 188 126 
-2.46 -3.79 7.97 -1.6100 2.1400 -0.5700 -0.5189 -0.7289 -0.7278 0.51 -5.46 8.12 152 219 187 202 145 
-0.64 -3.96 2.22 -3.4300 2.5800 -4.5700 0.2722 -1.5378 -3.3200 4.09 -5.24 7.20 166 248 226 233 172 
;
