9.11 3.32 1.38 0.0300 -0.0100 -0.1200 0.0267 -0.0600 -0.0189 9.09 3.35 1.48 175 299 271 330 198 
9.00 3.32 1.22 0.0000 0.0000 -0.1200 -0.0067 -0.2767 -0.0422 9.11 3.40 1.20 175 303 283 327 197 
10.25 3.86 1.59 1.7000 0.8700 0.7100 -0.0433 -1.3489 0.9367 9.35 2.88 0.62 176 314 295 318 199 
21.31 3.53 -0.07 10.9900 3.2300 -0.7200 -2.3333 1.0589 5.2322 9.44 -2.60 -0.34 174 286 277 267 180 
3.45 -0.72 -4.66 -2.7900 6.5500 -4.8400 -0.8600 0.5000 5.2744 3.84 -8.98 -0.84 159 230 223 220 158 
-3.31 -4.75 0.32 -4.2100 4.1700 1.2100 -0.1056 -0.6100 1.6989 -0.68 -9.72 -1.04 160 239 234 232 163 
-2.76 -8.99 -1.46 -3.0200 0.1600 -0.4800 -0.5300 -3.1022 -2.6156 1.04 -9.53 -2.03 161 244 240 238 166 
2.76 -5.78 -9.79 -1.3700 3.1000 -5.3100 0.1000 -6.2378 -4.2989 3.69 -7.61 -4.95 165 249 248 251 173 
8.18 -5.42 -6.49 3.4500 2.3000 0.5100 1.2222 -0.6689 -0.8056 3.67 -7.52 -5.10 167 257 256 255 176 
9.66 -5.28 -1.79 6.8300 1.9800 4.0100 -1.0489 1.5367 1.0811 3.99 -7.23 -5.27 167 338 206 213 148 
5.60 -11.21 -10.03 2.9500 -2.6600 -7.2400 1.5911 4.2256 1.7456 3.62 -8.86 -2.10 111 358 181 185 111 
-1.50 -7.89 -3.81 -4.2800 1.7400 -3.5700 1.7456 1.7067 0.4511 2.58 -9.33 1.54 116 344 187 188 116 
0.40 -7.26 0.03 -1.8400 1.2200 -3.2200 0.5700 0.0533 -0.1489 2.41 -9.08 2.80 134 372 200 206 133 
5.10 -7.76 -5.20 0.0400 4.6400 -6.8900 5.9744 0.3456 1.8778 0.89 -6.20 7.54 124 392 197 202 128 
-3.67 7.20 19.71 -3.6600 8.2800 8.1100 -1.3700 0.5178 -0.8211 -0.10 -3.54 9.14 128 394 201 204 134 
-4.39 0.13 1.76 -4.6400 5.3600 -6.2800 -4.1389 -1.4933 -3.6878 3.45 -7.52 5.26 160 359 228 242 164 
11.13 -2.68 -2.84 4.3800 3.4400 -5.9400 1.1122 -0.0256 -5.8311 8.64 -2.31 4.00 175 327 292 298 188 
;
