8.97 1.00 3.84 -0.0100 -0.0800 0.0300 -0.0033 -0.0300 0.0033 8.98 1.04 3.79 176 337 346 360 210 
8.99 0.98 3.74 -0.0100 -0.0500 0.0000 -0.0056 -0.0389 -0.0156 9.00 1.04 3.73 177 338 348 361 210 
8.98 0.89 3.80 0.0900 -0.0900 0.1000 0.0100 -0.0611 0.0122 9.03 1.02 3.66 176 341 344 356 209 
14.59 1.79 8.63 5.2700 1.2400 4.7500 -1.9822 1.5822 0.4556 8.80 -0.15 4.31 166 311 192 193 120 
13.41 -1.41 4.79 3.3700 0.8200 -1.5500 0.1578 1.6244 2.1311 7.44 -3.83 5.10 126 205 170 172 108 
3.95 -5.27 2.09 -2.3600 -0.8400 -4.8400 1.6900 3.1167 0.7667 3.51 -3.73 8.35 137 179 166 175 113 
0.65 -2.68 5.72 -1.2900 0.0100 -3.5800 0.9867 0.9533 0.8200 1.34 -1.98 9.50 150 198 161 180 116 
-0.32 0.61 9.45 -0.9400 2.4000 -0.1400 0.0167 0.1622 0.7678 0.38 -1.65 9.65 155 204 179 183 118 
0.79 -1.24 9.40 0.8400 0.6100 -0.1700 -0.2689 0.0967 -0.6500 0.15 -2.04 9.59 155 205 183 184 121 
0.98 -1.81 9.97 1.4700 0.8000 0.8000 -0.7111 0.6844 -0.7611 0.00 -2.76 9.40 154 214 180 188 123 
-0.37 -3.99 8.63 0.1600 -0.6800 -0.7200 -0.4367 0.2222 -0.1600 -0.59 -3.52 9.13 154 214 184 191 125 
1.99 -5.33 7.41 2.4000 -1.3300 -1.4300 -0.0500 -1.2133 1.9456 -0.25 -3.84 9.01 154 216 187 193 126 
-3.21 -2.18 8.75 -2.8600 2.3300 -0.3800 -2.3333 1.2944 -1.1078 -0.80 -5.79 7.87 156 223 206 230 164 
1.31 -7.39 4.16 1.1800 -0.1700 -2.5400 -3.1289 2.8767 -1.5111 -0.68 -8.84 4.18 176 303 290 428 216 
1.46 -12.76 -1.29 1.2100 -2.6800 -2.3500 -2.0656 0.2922 -0.5144 -0.40 -9.79 0.21 170 374 347 437 220 
-1.83 -12.16 -4.01 -1.1600 -1.5100 -5.5700 2.1633 -0.8822 -0.0944 -0.08 -9.60 1.95 164 371 351 420 220 
2.75 -3.75 -2.02 2.8000 6.3700 -4.5100 7.1356 -1.7833 -1.0700 2.32 -5.12 8.03 173 379 352 431 223 
7.11 3.63 19.25 3.2500 9.4300 4.1300 -7.1789 2.2722 0.2989 1.64 -7.99 5.43 152 372 335 414 218 
-3.03 -12.33 -19.84 -3.0800 1.3300 -17.3800 7.0656 -3.0156 -0.8533 2.19 -7.32 6.14 159 382 346 422 223 
9.57 9.48 26.09 6.6500 11.6200 20.5400 0.3711 0.3189 0.3233 3.75 -2.38 8.74 160 392 358 432 224 
4.54 -0.91 2.63 2.6900 5.3500 -5.5600 -6.0600 1.2600 1.0767 2.07 -8.38 4.64 162 375 360 429 224 
-1.03 -10.16 -5.51 -2.2400 -0.4600 -6.3200 -1.4778 -0.1578 0.9189 0.27 -9.76 0.88 163 319 340 367 211 
-1.01 -9.71 -0.95 -1.6100 0.0100 -2.7400 1.5544 -1.9378 -0.4333 0.65 -9.49 2.37 163 296 309 311 205 
2.76 -5.00 -1.07 -0.4500 3.8800 -5.4400 6.3133 -1.5989 -1.3422 3.66 -5.61 7.15 176 302 319 325 207 
8.28 3.40 9.89 3.5700 4.6800 3.0800 1.8856 -1.8400 -0.6056 6.67 -0.20 7.18 180 312 327 320 210 
10.28 0.84 7.30 0.9800 0.2600 0.7300 -0.1633 -0.8111 0.0189 7.95 0.05 5.73 175 314 331 338 209 
;
7.43 1.31 6.23 -0.0800 0.0700 0.0400 0.0144 -0.0067 -0.0044 7.50 1.24 6.18 184 331 324 315 199 
7.45 1.31 6.17 -0.0100 0.0500 0.0000 0.0156 -0.0067 -0.0067 7.50 1.25 6.18 183 333 324 316 199 
8.03 1.80 8.42 1.0100 0.7400 2.9200 -0.3422 -1.3111 0.2744 8.05 0.98 5.50 170 269 210 221 155 
11.80 1.36 7.59 4.2400 1.6100 0.9000 -0.2311 -0.3111 1.8778 8.04 -1.91 5.26 135 215 188 187 124 
7.05 -3.28 3.68 -0.3600 -0.5300 -2.6300 -0.1144 1.6922 1.2844 5.91 -3.54 6.97 132 194 192 194 129 
3.97 -4.78 3.38 -0.1200 -1.0200 -4.5300 1.1589 1.4978 1.2689 3.23 -3.61 8.52 134 202 195 197 133 
0.62 0.13 8.87 -1.3500 3.1700 -0.0800 0.8956 -0.0544 1.1744 1.94 -2.50 9.28 141 215 201 200 133 
-0.07 -0.16 9.37 -2.5100 1.3200 0.3000 -0.3956 0.7644 -0.8911 1.18 -2.35 9.44 144 220 200 201 134 
1.63 -2.00 9.46 0.8400 0.4600 -0.2300 -0.7567 0.5367 -0.5689 0.65 -3.21 9.24 144 229 203 206 137 
0.62 -4.14 8.46 -0.4300 -0.7600 -0.5200 -0.5622 1.2022 -0.6956 -0.37 -4.11 8.89 142 230 205 208 140 
1.08 -4.44 6.29 1.4500 0.1100 -1.9600 -0.7911 -0.7144 1.5867 -0.74 -5.08 8.35 142 228 206 215 146 
-2.56 -4.18 7.11 -1.1700 2.5200 -0.5300 -3.0711 0.9600 -0.7267 -1.43 -7.61 6.01 154 272 250 262 185 
-1.00 -12.79 2.22 1.1800 -2.4300 0.7100 -2.1078 3.3811 -0.8878 -1.28 -9.58 1.62 176 330 330 407 208 
0.19 -9.93 -1.05 1.3700 -0.1000 -1.8400 -0.3533 1.1733 0.2189 -1.18 -9.73 0.17 173 331 320 417 211 
-3.11 -9.48 -3.53 -2.0200 0.1800 -4.5700 0.9456 -1.3011 -0.8044 -0.87 -9.71 0.99 168 332 342 419 214 
1.01 -4.49 -3.40 3.6300 3.6500 -5.5700 6.3222 -0.3222 -1.9278 1.32 -6.73 7.00 174 369 354 437 218 
6.42 2.73 24.36 2.1700 6.2000 10.3100 -4.1322 -0.2567 0.8411 2.39 -6.53 6.90 164 366 359 434 218 
1.44 -7.98 -2.74 0.0800 0.2200 -8.0800 -3.5011 1.6822 0.0544 0.69 -9.55 2.10 159 364 353 434 219 
-0.48 -8.68 -5.20 0.8600 1.5900 -7.8600 5.1111 -2.0344 0.0800 1.04 -7.75 5.90 162 360 349 430 219 
5.64 6.56 26.93 5.2000 8.7400 19.4500 -1.3722 0.0178 -0.0167 2.54 -4.78 8.17 160 378 361 433 221 
3.13 -3.12 -2.18 1.3200 3.8300 -8.1300 -5.2733 1.4067 1.3222 0.50 -9.59 1.94 162 351 349 406 215 
-3.16 -10.28 -5.32 -2.9300 -0.7400 -5.2100 0.3756 -0.8811 0.4422 -1.08 -9.74 0.33 160 293 287 305 200 
-0.88 -6.88 -3.12 -0.4300 3.8900 -5.6900 5.6856 -2.1367 -2.3311 2.08 -7.45 6.02 168 303 315 323 204 
11.43 2.39 5.71 6.3700 6.1600 -0.8700 2.9156 -3.2522 -1.3144 7.40 -2.33 5.98 169 316 335 358 208 
12.78 2.21 6.30 3.7700 2.0800 1.6400 0.7533 -0.5667 -0.2167 8.64 0.12 4.61 171 325 341 376 212 
;
