4.53 4.86 7.25 0.2000 0.0400 -0.1400 0.0200 -0.0489 -0.0189 4.36 4.83 7.32 178 344 329 312 205 
4.55 4.86 7.19 0.1700 0.0500 -0.1300 -0.0067 0.0089 -0.0056 4.38 4.84 7.31 180 342 329 314 205 
4.44 4.75 7.21 0.0400 -0.0300 -0.1300 -0.0578 0.0333 0.0000 4.38 4.75 7.37 180 345 328 312 206 
4.54 4.80 7.44 0.1800 0.0300 0.0700 -0.0433 -0.0122 -0.0600 4.32 4.74 7.41 179 342 324 313 207 
5.06 6.65 10.24 0.9200 2.5700 4.1000 -0.6433 -1.6978 0.7644 5.34 4.19 7.07 177 338 327 312 205 
10.39 3.66 10.73 3.0200 1.2800 3.3900 -1.9411 -1.4567 2.2156 7.67 0.78 6.05 172 340 157 161 123 
11.63 -0.45 -1.75 0.5100 2.9800 -4.0200 2.9789 0.8233 3.2222 8.31 -3.66 3.69 145 210 155 154 110 
3.80 -4.46 1.35 -2.5400 -0.1300 -4.6600 2.1722 1.8578 0.9011 5.89 -3.77 6.87 140 199 163 155 113 
2.80 0.38 6.12 -1.3900 2.9400 -1.9500 2.3844 0.9233 0.2200 4.02 -1.04 8.88 160 190 161 159 116 
1.56 1.87 9.64 -2.4900 1.4500 0.5700 0.2244 0.4456 -0.2478 3.03 -0.52 9.31 160 187 162 159 116 
2.78 1.04 10.02 -0.6900 1.1600 1.1600 -0.0456 -0.2722 -0.4044 3.18 -0.03 9.27 157 187 168 161 117 
2.90 0.25 8.45 0.1800 0.9700 -0.3500 -0.5578 0.5967 -1.3511 2.68 -0.34 9.42 153 191 167 166 121 
2.10 0.57 9.73 -0.1100 1.5000 0.7600 -0.9744 0.3922 -1.2056 1.85 -1.04 9.57 144 179 173 170 122 
2.18 -2.94 8.51 0.0300 -1.5400 -1.3500 -0.5167 1.1567 -0.5033 0.97 -2.35 9.46 141 196 176 171 126 
-1.82 -3.80 10.21 -3.8500 -2.2900 0.8000 0.3356 -0.9600 0.5400 1.70 -2.10 9.42 147 193 175 173 126 
4.43 -1.50 8.89 1.5900 0.2300 -0.4500 -0.0822 0.0789 0.2567 2.26 -2.11 9.30 150 200 169 175 128 
-1.41 -2.93 8.14 -4.5500 0.4700 -0.9800 -1.0322 -0.3167 1.1100 0.47 -3.80 9.02 151 235 202 200 152 
1.39 -3.96 -1.41 -0.9400 1.5300 -9.2100 2.2311 1.1467 -2.9944 2.72 -3.87 8.58 159 255 233 227 176 
0.11 8.22 10.26 -2.4600 7.4700 4.1100 4.4389 -0.4800 -1.5656 0.34 3.98 8.95 166 279 283 270 196 
7.09 11.36 20.50 3.7600 4.7500 13.7000 -1.0433 -3.0278 1.5400 4.07 5.49 7.02 166 331 251 213 158 
9.64 5.48 8.17 2.5400 3.3400 1.0600 -1.4511 -0.4333 2.6744 7.48 0.48 6.31 143 293 191 174 123 
8.76 -2.65 2.27 -0.2300 -1.1400 -5.3900 1.1656 1.7533 1.9178 5.81 -1.74 7.70 143 203 172 168 119 
3.47 0.56 3.35 0.1600 2.4400 -4.4500 1.6822 2.7967 0.3789 2.55 0.18 9.46 155 199 167 168 119 
-3.03 4.05 8.07 -3.5200 3.7600 -1.0500 0.2067 1.4022 -0.3644 1.22 0.81 9.69 158 195 173 174 123 
2.74 3.09 9.74 1.1300 1.8000 -0.0800 -0.1089 -0.1456 -0.4400 1.69 1.08 9.59 154 193 179 177 126 
2.85 3.50 8.94 1.8000 2.2900 -0.9500 -0.7678 1.3644 -2.0344 0.03 0.41 9.79 152 231 176 182 129 
1.08 -0.71 9.24 1.7400 -0.3100 -0.5300 -1.4778 1.4022 -1.0089 -1.48 -1.54 9.56 151 244 175 185 133 
-3.13 -4.53 8.63 -1.7300 -2.1300 -0.1100 -0.2300 2.1467 -1.3756 -3.50 -2.78 8.72 153 237 176 191 138 
-4.05 -2.75 8.45 0.0500 0.5000 -0.2800 -0.1311 -0.7256 0.1478 -3.51 -3.23 8.56 163 238 170 199 147 
-3.52 -3.83 4.97 -1.4100 -0.9800 -4.7400 -2.3067 -1.9200 -1.3078 -0.49 -5.27 8.25 172 407 195 187 132 
-1.44 -7.02 4.74 -0.1800 -0.0100 -0.0100 -0.7644 -0.2967 -3.7289 0.35 -7.02 6.83 176 427 210 181 132 
1.72 -5.64 7.88 -0.4800 1.4200 1.1100 1.6122 0.9211 -0.0456 0.68 -5.49 8.09 175 428 213 185 132 
-2.00 -1.38 9.02 -1.4200 3.0500 0.1700 1.8256 0.2878 -0.2944 0.07 -3.33 9.22 174 426 213 191 135 
6.40 -2.62 19.28 5.9000 -1.3500 9.1400 -0.4533 -0.4689 2.2844 -0.41 -2.23 9.53 172 426 212 195 135 
-4.07 -5.79 14.96 -4.1700 -0.1800 5.3400 -3.2167 0.1689 0.6433 -0.81 -5.76 7.89 171 427 210 194 137 
-6.48 -0.67 5.30 -5.9700 7.2500 -0.9800 -2.3367 0.3356 -1.7200 0.47 -8.65 4.59 169 424 210 191 136 
0.62 -2.94 1.76 0.7400 5.2900 -1.8500 -0.4811 1.7056 -1.8689 2.30 -8.86 3.50 168 421 215 193 138 
6.16 -2.92 1.86 3.8400 6.1100 -2.1200 0.0311 0.8867 0.8889 2.04 -8.65 4.12 166 413 214 189 139 
13.25 -4.96 -1.31 13.2700 5.3400 -2.6200 6.3311 0.2100 0.9256 0.40 -5.64 8.00 169 415 223 194 138 
-6.86 -4.49 23.49 -7.5200 -0.5200 11.4000 -0.4278 -1.6311 1.0222 1.19 -3.89 8.92 169 410 223 196 139 
;
