-0.10 2.91 9.32 -0.0300 -0.1800 0.0000 -0.0111 0.0089 -0.0311 -0.09 3.12 9.29 189 315 315 331 198 
-0.29 3.19 9.28 -0.1900 0.0500 0.0100 0.0033 0.0122 -0.0144 -0.14 3.12 9.29 188 318 313 331 198 
-0.40 2.88 9.69 -1.1000 -0.0100 0.7900 0.4267 -0.3422 0.2889 0.12 3.34 9.21 189 347 306 331 198 
4.37 4.51 12.33 3.4700 0.7600 4.3900 -0.3422 -3.5844 1.5578 5.00 3.27 7.77 188 383 197 180 136 
13.59 3.25 3.00 5.5200 2.3800 -1.7700 1.2667 0.4022 3.9156 8.20 0.47 5.34 145 190 164 165 125 
5.94 -0.36 3.75 -1.6600 1.5400 -2.3400 0.7211 2.2967 2.1144 6.54 -1.44 7.16 136 192 170 175 130 
2.88 -1.08 5.95 -1.8200 0.3900 -2.2000 1.0489 0.7656 1.7800 4.16 -1.70 8.71 144 205 178 180 133 
2.53 0.72 7.95 -1.2500 2.5000 -0.6400 1.0067 0.1467 1.1678 3.29 -0.99 9.18 150 212 179 181 136 
1.62 1.47 9.66 -1.2200 2.3000 0.3200 -0.4622 -0.1933 -0.2611 3.46 -0.91 9.12 151 208 182 184 137 
6.29 1.28 8.84 4.2800 2.6500 -0.5600 -1.1533 2.0933 -2.5611 1.79 -1.32 9.54 141 221 177 191 143 
0.12 -3.83 8.57 -1.1700 -1.7200 -1.2400 -0.8800 0.3756 0.3278 0.20 -2.66 9.43 148 223 191 205 155 
-2.91 -3.56 9.60 -2.4000 0.0500 0.4500 -0.5122 -1.0211 0.6322 0.55 -3.44 9.16 147 253 186 195 144 
-4.33 -6.51 2.95 -9.6500 -0.5200 -7.5400 3.1000 -4.1933 -1.0344 5.21 -2.88 7.79 171 402 198 201 143 
10.73 1.43 0.19 2.7100 2.4800 -3.6900 2.1500 -4.5611 -0.8544 9.45 0.30 2.57 153 414 205 205 145 
11.41 3.83 -1.84 1.5600 2.1300 -2.0100 0.1844 -1.4933 -0.9789 9.57 2.06 -0.56 151 426 216 211 147 
13.84 5.06 -7.46 7.2900 2.9500 -5.1500 1.0833 -0.3122 0.3000 9.24 2.51 -2.08 160 421 210 214 151 
18.04 4.03 1.60 4.5400 3.4500 2.6700 0.6844 3.7489 2.6689 9.67 -1.00 1.24 166 409 208 212 151 
0.89 -1.94 5.80 -8.0100 0.9500 1.1500 -2.1356 1.5278 1.1878 7.73 -3.96 4.55 165 413 213 212 149 
-0.33 -0.68 0.21 -8.4100 4.9800 -3.2300 -2.7600 -1.3933 -1.6178 8.49 -4.77 1.07 155 420 217 209 147 
6.42 3.18 -9.05 0.5200 4.9100 -9.5700 0.7411 -0.9500 -4.4500 9.68 0.66 -1.41 155 419 211 210 149 
20.53 3.26 -4.42 9.5400 1.7200 0.2100 2.9211 -0.5044 1.5089 9.36 0.57 -2.85 155 412 212 204 143 
7.28 2.43 3.27 -2.7200 3.6900 5.6700 -0.7978 0.8011 -0.0422 9.56 -0.77 -2.01 161 386 204 204 146 
19.33 2.51 -2.38 9.8400 2.1800 -2.0800 -4.8411 3.0133 2.8422 9.56 -2.14 0.11 180 341 311 331 207 
7.40 0.47 0.77 -1.3100 6.3900 -3.8700 -6.1644 8.2211 2.5233 4.18 -7.97 3.87 187 381 341 412 224 
1.34 -5.61 -7.08 -1.3900 3.5800 -5.8600 -3.6222 0.2667 0.5589 2.14 -9.20 -2.62 185 386 353 424 222 
2.05 -7.82 -7.26 0.3200 1.7600 -4.0700 1.9456 1.0856 0.5789 1.78 -9.48 -1.70 177 383 357 426 220 
3.30 -3.45 -3.64 2.3900 6.9600 -4.7500 7.5300 -0.9633 1.5200 0.52 -7.82 5.88 182 382 353 419 222 
2.35 11.01 8.59 1.7900 12.0800 -0.5400 6.2867 0.9478 1.8867 -0.05 2.02 9.59 189 391 354 427 223 
-0.44 9.00 14.84 -0.5900 3.7800 6.5400 0.5544 -0.5000 0.2100 1.14 5.19 8.23 193 400 362 428 222 
-0.61 6.62 10.47 -1.4400 2.0200 1.9000 -1.2822 -0.7811 -0.6222 1.52 4.36 8.64 193 399 366 428 223 
;
