4.91 3.03 7.89 -0.0700 0.0500 -0.0200 -0.0022 0.0200 -0.0067 4.96 2.95 7.92 185 376 348 386 211 
4.87 3.01 7.96 -0.0900 0.0400 0.0500 0.0311 0.0011 -0.0167 4.95 2.97 7.92 187 375 346 384 211 
7.84 4.78 12.70 1.8700 0.8600 6.1800 -0.6611 1.1422 0.8989 5.17 2.67 7.89 181 364 165 171 117 
19.70 5.57 4.09 7.9400 3.9700 -1.1500 4.4644 -3.1878 3.8578 9.56 -0.11 2.18 127 201 161 169 113 
6.84 -1.49 -1.64 -3.4800 0.8000 -5.7300 1.3456 3.8767 1.4156 7.24 -2.92 5.92 136 195 169 178 115 
2.34 -0.96 2.40 -3.4300 2.1000 -4.6000 1.8922 1.2467 1.6067 4.61 -2.33 8.33 144 198 173 183 116 
2.03 1.84 9.01 -2.5100 3.6700 0.7600 0.0667 0.2756 0.3511 3.54 -1.88 8.94 147 201 175 182 119 
6.11 -0.38 8.16 3.4500 2.6500 -0.8000 -2.1356 3.0744 -1.7444 2.00 -3.59 8.89 144 218 180 188 122 
-0.76 -7.64 4.58 -2.0700 -2.3500 -3.0800 -1.5600 4.0389 -1.5533 -2.28 -6.44 7.02 141 243 180 191 126 
-5.47 -8.42 5.75 -2.6200 -1.1300 -0.4300 -0.1167 -1.0433 -0.1644 -2.24 -6.97 6.51 154 237 184 196 133 
-4.23 -4.68 4.59 -2.3300 3.4900 -3.3500 -0.2922 -2.4289 -0.5144 -0.20 -7.39 6.43 164 274 204 223 168 
7.84 -0.89 4.70 5.1100 4.6800 -0.4700 5.6867 -0.9522 -2.7022 4.22 -2.10 8.59 176 331 286 287 191 
11.42 3.07 8.03 4.6100 2.4800 1.2100 1.7589 -1.4189 -1.0778 6.86 1.34 6.87 178 348 236 212 150 
15.67 3.36 14.34 7.3600 1.3800 9.1000 0.1978 -3.2956 2.6778 8.99 0.06 3.90 153 361 178 173 111 
11.17 -0.69 -0.94 0.3300 1.8200 -5.3400 3.0500 2.5667 2.3367 7.54 -2.17 5.87 146 192 176 176 114 
1.70 1.18 2.97 -4.5300 3.3200 -3.3800 1.0278 1.4322 1.3656 4.59 -1.87 8.45 150 187 179 180 116 
2.57 0.75 8.43 -1.2300 2.1100 -0.2600 -0.1044 0.3633 -0.4333 3.69 -1.35 8.98 147 188 181 182 118 
4.57 0.61 8.44 2.2400 2.4300 -0.8000 -1.7111 2.1111 -2.1522 1.87 -2.35 9.33 142 195 182 186 123 
-1.66 -7.03 7.09 -1.9500 -3.0000 -1.9900 -0.8944 1.0344 -0.4389 -0.45 -4.50 8.69 138 196 186 191 126 
-4.59 -6.27 8.43 -2.6600 -0.1500 0.0000 -0.1956 -0.4000 -0.2811 -0.80 -5.20 8.27 150 204 185 201 137 
-3.29 -3.39 3.08 -4.1700 1.9200 -6.6500 0.1289 -2.5722 -1.6956 1.91 -5.15 8.11 164 246 213 228 165 
7.03 -0.72 2.36 1.6700 1.8300 -4.7700 2.7400 -0.3044 -4.1133 6.03 -0.05 7.73 177 288 284 296 189 
;
