3.77 2.04 8.84 -0.0200 0.0800 -0.0100 0.0056 -0.0233 0.0300 3.76 1.97 8.83 161 313 321 319 200 
3.77 1.95 8.76 0.0000 -0.0300 -0.0300 0.0056 -0.0178 0.0167 3.80 1.95 8.82 160 315 321 321 201 
4.07 1.73 8.98 0.7200 0.2700 0.8000 0.4333 0.3989 -0.2089 3.52 2.22 8.87 164 317 318 335 202 
0.81 2.34 13.47 -0.7300 -0.8000 4.8300 -0.9611 -1.0244 2.4356 2.28 1.33 9.44 164 289 168 187 140 
13.99 3.25 6.14 5.8100 3.8200 -1.0200 5.8456 -0.6667 5.3133 7.74 0.53 5.98 146 172 164 165 125 
5.26 -0.88 3.43 -1.4000 0.0300 -4.1500 1.3122 1.0900 2.5322 6.15 -1.35 7.51 142 194 165 170 126 
3.28 0.55 4.78 -1.3500 1.6500 -3.6300 1.4400 1.3489 1.2500 4.07 -0.55 8.90 147 205 173 174 129 
0.77 3.72 9.28 -2.1400 3.8400 0.3400 0.1011 0.3533 0.8667 2.69 -0.14 9.42 151 208 172 177 128 
-0.89 -0.11 8.94 0.8400 0.6500 -1.0500 -0.2889 1.3578 -1.5644 2.61 -0.60 9.43 151 220 176 180 132 
3.78 1.14 9.39 2.8000 2.0900 -0.4400 -1.2633 1.5733 -1.2722 0.92 -1.52 9.64 141 242 177 185 137 
-2.35 -6.84 7.14 -1.2300 -3.7800 -1.7400 -1.3978 1.1711 0.4278 -2.28 -3.97 8.66 139 215 183 191 137 
-4.11 -4.37 7.54 -0.5200 0.4600 -0.4200 -0.0933 -0.7956 0.0289 -2.65 -4.69 8.19 144 230 189 194 141 
-6.23 -1.98 5.95 -4.7800 3.9900 -3.3100 -2.7867 -3.4311 -0.0389 -0.16 -6.55 7.28 157 311 248 274 194 
6.61 -7.32 8.11 7.4300 -0.4300 2.8800 -2.6800 3.5178 -3.0722 2.84 -8.09 4.75 138 327 328 372 215 
12.15 -9.14 8.92 4.9700 0.6200 1.4200 -4.3900 2.4511 1.5356 0.94 -9.67 1.31 126 331 331 378 214 
-0.83 -6.21 -8.64 -2.2700 2.9300 -6.3800 -1.1322 0.1778 0.7033 -0.18 -9.19 -3.41 126 335 333 376 214 
-2.74 -3.80 -9.03 -2.7900 7.9400 -7.0100 6.1489 0.7311 -2.0589 1.67 -9.38 2.29 130 334 318 382 212 
8.49 -2.06 35.81 9.5100 2.5700 26.6100 -2.4078 -1.0200 0.1978 3.08 -7.02 6.11 130 336 339 386 211 
0.19 -2.47 -5.87 -3.3900 6.3700 -9.4500 -4.3411 -0.6589 1.0189 2.01 -9.44 -1.68 129 326 321 365 208 
-2.16 -0.41 -8.96 -3.9700 9.3200 -4.8200 9.2622 3.2789 -0.9600 2.03 -7.81 5.56 140 342 338 387 212 
2.05 -8.32 8.57 0.2800 0.1700 0.1400 -2.8311 -2.1333 -0.4189 2.89 -8.57 3.78 142 327 255 250 179 
1.82 -9.65 -5.49 -3.4400 -1.8000 -12.0500 4.3656 -5.8389 -0.4922 5.17 -7.68 3.20 165 368 181 177 129 
2.42 0.39 -0.90 -6.2600 4.4000 -5.2200 4.1078 -5.3856 -2.7456 9.51 -1.78 1.55 139 384 185 174 128 
7.58 6.45 -8.16 3.3600 6.9700 -8.0100 0.0011 -2.4444 -3.0733 8.63 2.22 -4.08 131 385 187 174 130 
30.07 9.95 -6.96 19.0400 6.9800 -0.5300 3.8278 4.1711 2.9400 9.63 -0.83 -1.60 148 377 185 180 134 
-1.39 -1.53 1.87 -11.0800 2.5800 -0.6100 -2.0678 5.0767 1.7178 6.79 -4.89 5.10 149 387 194 183 136 
-5.74 -1.90 0.60 -11.4200 5.5400 -2.7300 -2.2333 -0.9511 -2.8311 7.24 -6.35 1.79 143 394 196 187 135 
6.47 8.28 -10.79 0.9000 9.7000 -11.3800 0.6122 -0.4978 -6.5922 9.48 2.01 -1.49 142 393 199 190 136 
23.97 6.71 -5.19 14.0000 4.4400 -0.9400 3.0367 0.0689 1.6756 8.87 1.58 -3.86 145 388 206 191 137 
7.88 1.92 0.40 -0.3600 2.6000 2.9500 -1.7189 1.7967 0.4856 9.37 -0.76 -2.76 149 382 202 198 145 
;
