1.17 4.59 8.54 -0.0500 -0.0600 0.0000 0.0211 0.0100 0.0033 1.24 4.63 8.54 191 389 405 437 245 
1.14 4.61 8.60 -0.0900 -0.0700 0.1600 0.0722 -0.0344 -0.0144 1.26 4.71 8.50 191 390 404 438 245 
0.63 7.75 12.78 0.3700 2.6000 4.9100 -1.1744 -0.1289 1.2711 2.86 4.41 8.27 165 348 180 198 143 
11.21 2.50 8.34 1.9100 1.6700 0.3600 1.1767 -2.9067 3.4744 8.54 0.65 4.77 131 180 164 186 127 
9.40 -0.68 1.52 -0.5000 0.5000 -2.4300 1.6811 3.6156 2.2444 7.83 -1.88 5.59 154 201 162 186 128 
2.28 -3.07 5.55 -2.6600 -1.0100 -3.1000 0.3533 2.0456 0.9689 4.37 -2.15 8.50 153 214 163 188 129 
2.64 -0.90 5.84 -0.2600 1.2800 -2.8100 1.1322 0.6556 1.2700 2.84 -1.32 9.29 157 222 167 193 131 
2.06 2.08 8.85 -0.4700 2.7000 -0.3500 1.0178 -0.5300 1.3022 3.00 -0.29 9.33 159 220 168 192 129 
2.26 1.82 10.11 -0.3100 2.0000 -0.0500 -1.0089 0.5800 -0.9833 2.72 -0.87 9.37 155 223 170 191 128 
3.52 -0.74 9.42 1.6400 0.9200 -0.4400 -1.8789 2.0122 -1.2067 0.56 -2.81 9.37 136 239 169 195 132 
-2.61 -5.75 7.27 -1.4000 -1.8400 -1.2800 -1.2267 1.5556 0.1733 -2.48 -4.65 8.26 139 233 174 197 132 
-5.37 -5.89 7.57 -1.8400 -0.3500 -0.0500 -0.0689 -0.9211 0.2356 -2.51 -5.06 8.00 147 246 171 197 135 
-4.28 -3.91 8.63 -1.9900 0.4700 -0.6400 -1.9133 -2.8700 -0.1678 0.50 -6.30 7.49 167 296 243 266 191 
4.92 -7.90 3.74 2.6400 -2.2900 -2.6200 0.1367 -2.5756 -0.2656 4.01 -6.16 6.48 188 407 354 428 231 
6.33 -9.17 2.70 3.8200 -1.8700 -2.1700 1.9822 -1.1856 0.4767 5.01 -5.60 6.29 190 426 382 442 232 
6.07 0.00 5.90 0.1200 3.7900 -0.2700 2.8333 -3.3856 0.7256 7.08 -3.20 5.97 186 426 380 439 231 
9.08 1.59 5.62 1.7400 3.6300 1.0000 0.8133 -1.1122 0.6256 8.26 -2.87 4.42 183 422 362 441 233 
7.83 -0.10 5.04 0.1900 3.3500 0.4900 -0.9244 -0.0267 -0.0322 8.30 -3.40 3.95 186 396 350 437 232 
11.27 1.84 1.98 3.3300 5.3700 -2.2200 -5.0222 -0.3011 -0.2278 8.61 -4.51 1.22 187 274 277 347 229 
5.99 -6.16 -2.84 -2.3900 0.2600 -2.5000 -3.0411 2.3989 1.4567 6.33 -7.48 0.09 200 273 274 349 229 
2.36 -10.84 -3.81 -3.5500 -2.9700 -2.9900 -0.3778 0.3178 -0.2644 6.07 -7.65 -0.76 202 286 284 355 228 
4.70 -6.59 -0.84 -1.4000 1.5800 0.2900 -0.9111 0.3767 0.2311 6.16 -7.53 -1.20 189 294 295 350 227 
11.09 -9.60 0.70 3.9900 -0.8000 1.7000 -2.2889 3.4056 4.5822 1.89 -9.34 -2.27 191 361 338 372 221 
-2.10 -6.72 -10.31 -1.4800 1.7500 -5.0000 -1.4111 1.0733 1.5478 0.02 -8.05 -5.58 177 351 346 384 222 
-1.91 -5.83 -9.49 -1.6600 3.4400 -5.2000 6.0389 -1.1356 -0.5322 -0.27 -9.75 -0.93 177 346 346 379 228 
5.45 -0.68 17.29 -0.0200 3.3000 17.8400 3.2022 -0.0644 -0.1144 1.07 -6.95 6.82 180 357 345 396 232 
5.37 -4.00 6.91 3.3400 6.3800 -0.7200 -6.7222 1.0667 0.5367 0.66 -9.76 0.61 177 358 351 399 229 
-0.98 -4.73 -17.84 -0.7700 3.9100 -13.5400 3.0189 -1.1344 0.2700 -0.39 -9.41 -2.70 173 321 326 379 225 
2.15 1.67 3.16 6.8100 11.2000 7.7300 8.9911 -0.6978 -1.1911 1.75 -5.88 7.64 183 359 350 404 232 
4.99 -3.68 13.00 1.0900 1.7100 2.3700 -3.5189 -0.4989 -0.7300 3.45 -6.59 6.38 176 352 347 376 226 
;
