9.03 2.89 2.04 -0.0300 0.0500 -0.0500 -0.1456 -0.0511 0.0022 9.14 2.85 2.09 251 410 371 428 272 
8.98 2.93 2.07 -0.1900 0.0600 0.0000 -0.1489 -0.1011 0.0256 9.16 2.80 2.06 253 422 369 410 267 
12.83 1.67 9.17 2.6700 -0.6000 5.9700 -2.4767 2.1956 0.7311 8.95 0.55 3.96 225 260 231 247 190 
13.07 0.02 6.85 5.0000 -0.5500 -1.3500 2.3333 -0.0967 0.9244 7.36 0.30 6.46 172 232 234 246 173 
9.42 -0.16 2.23 1.8300 0.5000 -5.2300 0.3400 2.9122 1.8067 5.50 -0.44 8.10 189 248 234 254 179 
-0.32 1.62 6.35 -4.1400 2.4000 -2.4000 0.0211 0.4811 1.4178 3.27 -0.91 9.19 194 257 228 246 169 
1.35 -0.23 7.85 -1.3500 0.9400 -1.4100 -0.4200 0.2522 -0.0867 2.96 -1.50 9.22 191 249 243 258 185 
4.43 -0.13 9.72 1.7100 2.4400 0.7700 -2.0378 1.6622 -1.6067 2.17 -3.40 8.93 185 257 249 262 187 
-0.07 -7.42 5.17 -0.7300 -2.3700 -3.6300 -1.5356 1.0056 0.2556 -0.49 -5.92 7.79 181 266 255 264 190 
-2.02 -5.91 8.36 -0.6700 1.2000 0.7600 -0.4422 -1.4433 0.1756 -0.01 -6.52 7.31 194 278 248 268 203 
-5.06 -2.81 4.21 -6.9600 3.8800 -3.3700 -1.4467 -4.6478 -1.5233 4.27 -7.30 4.95 236 351 352 430 266 
2.32 -4.25 -4.11 -6.3500 2.8100 -7.3100 -5.4233 -12.8556 2.1844 4.03 -6.55 -6.07 263 350 395 469 288 
0.88 -1.05 -19.91 2.8100 2.3100 -16.6600 -2.5489 0.2100 -1.0700 3.16 -1.12 -9.21 267 372 398 454 286 
5.72 -1.70 -10.38 1.6100 -0.0100 -1.4500 0.4456 1.2400 -0.2589 4.14 -1.35 -8.78 268 372 390 450 285 
3.36 0.24 -9.95 -1.0600 2.0900 -2.0400 1.7611 2.3544 -1.2144 6.33 -2.03 -7.20 265 402 379 427 278 
6.34 -1.48 -5.61 -3.3400 0.4700 -1.7100 3.3700 4.8144 -1.6433 9.67 -1.57 -0.11 254 401 379 417 269 
;
