1.84 5.01 8.22 -0.0400 0.0200 -0.0300 -0.0222 -0.0467 0.0100 1.92 4.93 8.25 168 358 365 395 212 
2.24 5.23 8.25 0.2800 0.2200 -0.0100 -0.1044 0.5122 -0.0322 1.68 4.88 8.33 168 358 364 391 212 
4.46 5.68 8.77 3.6700 0.6200 1.8900 2.6922 2.8678 1.7656 0.65 6.19 7.57 187 355 263 369 215 
-5.10 7.89 7.92 1.2400 6.5300 7.4200 -1.2656 -6.2756 5.4744 4.45 5.95 6.39 160 222 143 157 130 
7.79 3.68 2.58 1.0500 1.2100 -4.5400 0.6411 0.7278 3.4911 6.55 -0.29 7.28 131 201 152 177 137 
1.30 -1.76 3.31 -3.4200 -0.2000 -5.0500 0.6733 1.3900 2.2078 3.99 -1.23 8.86 134 197 161 180 138 
0.76 0.51 5.68 -2.1200 1.9000 -2.6600 0.9767 0.1667 1.1678 2.53 -0.56 9.45 143 194 156 180 137 
2.36 2.17 10.07 -2.1700 1.8900 0.4000 -0.6844 0.4911 -0.6111 2.42 -0.70 9.47 143 195 165 180 139 
3.58 1.84 10.03 1.6000 3.2000 0.6800 -1.3378 1.4100 -1.4756 1.48 -1.84 9.51 144 197 163 184 143 
3.77 -4.55 8.40 2.6300 -1.9700 -0.9000 -1.7456 2.2556 -0.8322 -0.45 -3.97 8.95 139 211 176 188 146 
-4.92 -6.22 7.36 -4.6300 -1.6900 -1.0400 -0.5767 0.8911 -0.1689 -1.67 -5.06 8.22 140 202 184 190 149 
-1.33 -3.56 7.91 -1.1000 2.0400 -0.4400 -1.1622 -1.7133 0.1478 -0.62 -5.96 7.76 153 232 196 218 185 
1.93 -7.98 6.79 2.4900 -1.2400 0.6500 -1.3078 -0.5933 -0.7078 1.98 -7.36 6.16 148 306 330 364 214 
6.12 -7.51 10.51 3.6500 0.0000 5.2300 -2.0444 1.3233 -0.2789 2.21 -8.43 4.48 153 327 338 388 218 
2.56 -8.63 -0.65 1.4700 1.0900 -3.0700 -3.1356 1.6967 1.6767 -0.69 -9.78 -0.02 155 335 341 391 217 
-3.46 -8.11 -11.39 -1.8400 1.4200 -11.7500 4.5244 -1.8678 -0.6122 -0.96 -9.56 1.91 159 396 356 414 218 
3.83 8.57 0.24 8.1300 16.5600 1.2100 9.6189 -1.5911 -1.4856 2.20 -0.13 9.55 160 381 362 408 218 
4.53 10.24 21.33 2.6000 11.5900 3.3100 -9.9333 0.1167 -1.1600 2.03 -6.56 6.99 162 346 340 379 218 
-1.01 -7.77 -28.88 -2.4400 1.9500 -26.5200 3.1211 -0.4622 0.2867 0.85 -9.76 0.06 153 330 326 387 217 
9.88 11.97 20.89 -1.5200 13.5700 16.3400 5.5100 0.0444 -0.2378 2.64 -1.71 9.28 165 348 343 389 217 
5.51 1.00 10.59 0.8100 0.7200 -0.3400 -0.3278 0.6500 -0.4700 2.85 -0.78 9.34 172 313 366 420 216 
-0.03 -3.57 2.74 -5.9600 -5.1400 -5.4100 0.8111 -9.4022 8.3667 8.98 -2.51 3.01 200 361 353 399 219 
1.27 0.76 -7.92 -4.3000 4.5200 -1.3900 -5.7789 -4.7789 2.5989 2.19 -3.66 -8.82 198 274 287 343 224 
8.53 -0.86 -16.60 7.6000 -2.4400 -10.1600 -1.6211 0.9567 -0.0900 2.57 0.86 -9.42 203 299 301 360 224 
1.94 1.46 -8.72 -0.4800 0.8100 0.8100 0.0556 -0.0311 0.1100 2.94 0.62 -9.33 203 306 301 362 227 
6.21 1.48 -8.96 3.2000 0.9100 0.0000 0.0933 1.2411 -0.1900 3.94 0.57 -8.95 200 303 313 369 226 
;
