2.43 4.74 7.24 0.2200 -0.1600 -1.0100 0.2511 0.0844 0.0911 2.21 5.08 8.08 182 406 359 410 214 
1.59 4.90 7.39 -0.4700 0.1900 -0.6800 -0.7878 0.1689 -0.1522 1.71 4.49 8.54 183 410 364 410 209 
2.93 3.18 13.73 0.7700 -1.0300 5.9900 1.8556 -0.5833 0.6033 2.41 4.92 8.13 182 363 308 322 203 
20.74 5.52 13.98 18.5000 6.6500 -1.3200 3.8200 -3.6889 6.8500 9.46 0.15 2.56 135 216 165 170 106 
0.44 0.09 -1.80 -8.6300 3.0500 -6.9100 2.0822 3.0400 2.3822 6.66 -2.90 6.57 143 182 173 176 111 
0.15 1.50 5.47 -3.8900 3.2500 -2.7200 1.3100 1.6978 -0.1956 3.87 -1.00 8.95 152 195 174 177 113 
2.70 1.27 8.88 -2.4400 1.0700 -0.1200 -0.6878 0.6911 -0.5222 3.07 -1.00 9.25 153 197 179 182 115 
4.29 0.36 8.70 1.4100 1.9300 -0.5400 -1.5189 1.1322 -1.2956 2.16 -2.48 9.23 148 204 179 188 121 
0.57 -5.29 8.33 -1.5900 -1.9600 -0.9500 -0.8144 0.1811 -0.1933 0.75 -4.22 8.81 145 213 180 191 123 
-3.99 -5.39 9.62 -3.3300 0.3000 1.1200 -0.4044 -1.5244 0.2000 1.31 -4.69 8.50 160 224 177 198 135 
-1.21 -5.48 4.22 -3.3900 0.6400 -4.1900 -1.7622 -1.3611 -1.4567 3.99 -6.19 6.46 125 279 316 349 196 
5.58 -7.54 -2.96 -0.5200 -2.3300 -8.3700 0.3667 -4.1344 -1.5933 6.95 -4.78 4.99 107 228 258 310 202 
18.01 -1.73 7.70 8.5600 0.8900 5.6500 0.2467 -2.3922 -2.1622 9.68 -1.31 0.78 95 201 192 204 125 
6.64 1.85 -1.42 -3.4700 3.1400 -3.2300 1.5567 -0.9589 -0.4744 9.78 -0.59 0.31 101 194 190 199 121 
6.03 -5.29 33.75 4.1800 2.7200 7.5600 -0.8467 -0.6756 1.3400 9.68 -1.15 -1.04 102 196 192 202 122 
10.60 2.83 -2.36 0.2000 4.4800 -2.5200 -2.3600 0.5811 1.0367 9.54 -2.06 -0.88 106 198 193 203 122 
8.23 -3.80 -11.87 -2.5900 -2.8800 -12.5700 3.1056 -0.3200 -0.5744 9.56 -2.10 -0.41 106 178 177 190 113 
9.99 -4.78 -4.67 -1.0000 -2.6700 -2.2100 -1.2689 0.2422 0.8100 9.20 -2.12 -2.64 109 193 191 205 124 
7.04 -2.47 2.67 -1.4500 0.0400 4.8400 -0.1922 1.8767 -0.4978 9.33 -2.66 -1.40 125 261 242 255 174 
9.96 -3.97 -5.49 0.1800 -1.1000 -4.8100 0.2500 2.2522 -1.0178 9.55 -1.34 1.72 161 325 294 321 195 
;
