1.91 2.38 9.32 -0.0100 0.0300 -0.0700 0.0100 -0.0156 0.0433 1.86 2.31 9.34 180 327 316 321 197 
2.08 2.36 9.30 0.2000 -0.0300 0.0000 0.0356 0.1578 0.0544 1.83 2.34 9.34 181 326 319 319 199 
3.76 5.53 15.19 3.4600 3.3300 6.9800 -2.4333 3.1378 1.1944 -0.40 0.98 9.74 190 382 184 213 155 
6.02 -2.56 8.30 5.7200 5.5300 1.2600 -0.7578 -7.7067 3.2644 7.04 -1.94 6.53 131 264 167 167 112 
8.16 -0.81 -0.94 -0.0700 2.0800 -5.1100 6.7333 0.4856 3.0256 7.48 -2.88 5.63 146 194 165 175 116 
3.27 0.31 5.48 -2.4600 2.1300 -2.1100 1.8578 1.2867 1.8178 5.30 -1.52 8.10 153 205 164 181 119 
1.93 1.95 6.89 -2.5300 3.0100 -1.2200 0.7844 0.2178 1.0522 4.03 -0.98 8.88 155 208 170 182 123 
5.20 2.51 9.41 -1.0900 2.2500 -0.6400 -2.1456 2.1089 -1.9567 3.37 -2.06 8.97 154 216 176 187 126 
8.33 -3.43 7.27 0.5600 -2.9400 -1.1800 -1.6233 2.4656 -0.8389 1.20 -4.13 8.81 152 203 178 188 129 
-5.21 -6.19 8.38 -5.0800 -1.4200 -0.3200 -0.3189 -0.4078 0.1911 0.09 -4.96 8.45 151 219 175 189 128 
-2.01 -3.27 8.23 -3.2200 2.2800 0.1700 -0.6956 -4.6067 1.6433 2.43 -5.93 7.41 151 255 174 189 129 
5.42 -4.91 6.04 0.7400 0.7400 1.7800 -0.5400 -3.3278 2.0578 5.66 -6.77 4.26 151 390 177 194 132 
10.20 -12.16 -0.14 4.5900 -4.6800 -3.7900 0.3411 0.1211 -0.1533 5.88 -7.17 3.16 151 375 178 192 131 
6.93 -6.99 2.35 0.6300 1.0600 -1.6400 1.2478 0.8067 0.8300 4.73 -7.11 4.82 150 368 180 193 131 
6.72 -11.96 -3.26 5.1900 -8.1700 -12.7000 2.0922 1.8144 0.7844 3.16 -6.20 6.90 153 374 180 194 132 
-8.03 17.26 23.54 -7.1400 17.0900 12.4700 -0.5989 -0.4022 -0.2100 1.58 -2.94 9.22 155 385 185 196 134 
1.73 -2.21 6.35 -1.3100 2.4800 -1.9700 -2.9067 -1.2822 -0.4900 3.35 -5.34 7.50 160 383 180 199 142 
;
