9.63 2.01 -0.15 0.2000 0.1600 0.0100 -0.1278 0.0300 -0.0511 9.59 1.99 -0.17 271 413 279 314 245 
9.66 1.94 0.28 0.1300 -0.0900 0.1800 0.2833 -0.4467 -0.0467 9.57 2.09 -0.06 259 406 235 250 190 
16.52 1.71 2.25 10.5100 0.8400 5.1200 1.7344 1.1267 0.3800 9.62 1.75 -0.65 191 286 223 230 173 
12.97 2.37 -1.09 2.3900 -0.0900 -4.2500 0.3700 3.4156 1.1678 9.08 0.77 3.59 207 267 225 241 181 
7.86 -1.01 -1.17 -2.2300 -0.6300 -5.5700 1.1756 3.8722 1.2822 5.49 0.54 8.10 215 281 224 252 187 
1.06 1.67 5.64 -2.7100 1.7700 -3.1300 0.0367 1.3911 1.5856 2.88 -0.33 9.36 219 275 229 252 188 
0.43 1.42 9.30 -0.8700 1.9900 -0.1300 -0.3889 -0.4656 0.8811 2.32 -0.89 9.48 216 262 225 248 186 
4.47 2.07 10.06 3.0000 3.5000 0.4500 -1.3733 1.4267 -1.6056 1.28 -1.90 9.53 213 261 235 252 188 
2.87 -2.36 9.42 3.2900 0.4600 -0.4400 -1.8167 2.5500 -0.9867 -1.09 -3.99 8.88 212 261 239 255 191 
-11.53 -9.13 4.81 -7.7500 -2.5900 -2.4700 -0.8156 -0.3900 -0.4278 -3.10 -5.95 7.14 217 279 241 270 210 
0.24 -3.53 6.93 3.7200 3.7200 0.9500 -3.4711 1.4400 -1.5289 -1.36 -8.56 4.58 271 366 411 498 314 
4.57 -11.80 -0.64 5.0200 -0.9500 -1.5100 -5.4922 2.9944 0.4889 -0.55 -8.37 -5.07 229 431 434 487 308 
-0.55 -6.90 -9.84 -2.7200 2.4800 -4.1600 2.1267 0.2267 0.2878 -1.04 -8.57 -4.64 205 421 404 421 286 
-0.37 -2.02 -9.78 -1.1200 8.3500 -5.8900 6.6611 1.3667 0.3911 -1.19 -9.33 2.74 223 452 432 481 312 
-0.82 -7.23 10.22 0.1900 6.0800 0.2500 -5.6511 -1.3067 -1.2644 0.29 -9.73 -1.16 221 458 433 485 311 
-3.40 -5.66 -10.82 -2.7100 4.2200 -1.6800 5.3244 1.0244 0.6678 -0.46 -9.44 2.59 222 458 438 486 317 
-0.62 -7.65 6.04 1.5600 3.1900 1.0100 -3.3200 -0.7333 -0.4922 -0.24 -9.78 0.58 249 444 398 422 293 
;
-0.42 -7.95 -4.36 -0.3400 1.8800 -3.3200 1.3056 -2.1489 -0.2678 0.00 -9.79 -0.55 251 407 398 393 283 
-1.63 -7.18 -4.19 -3.2500 3.2000 -6.2400 5.1311 -4.3422 -3.7378 3.75 -7.99 4.25 261 407 400 403 288 
7.83 -0.19 -0.60 0.2400 3.9500 -5.7900 4.1000 -4.9956 -2.4844 9.24 -1.49 2.91 263 414 408 409 290 
19.47 4.36 7.58 11.2900 5.1300 9.4100 0.9978 0.7156 -0.2567 9.68 1.07 1.11 252 399 271 274 208 
20.69 1.28 -0.63 7.6600 1.3700 -3.6600 3.7789 2.1944 2.2600 9.45 -1.68 1.98 205 246 234 227 171 
4.53 -1.64 -2.32 -4.0400 1.4400 -6.6000 2.8167 3.2456 1.0267 6.59 -1.00 7.18 231 270 230 234 177 
1.32 3.43 5.45 -3.2100 3.7300 -2.8700 0.2889 1.6911 0.5467 3.68 -0.15 9.08 234 269 234 239 180 
5.45 1.29 6.61 2.8500 1.8500 -1.7300 -1.9156 2.0033 -2.1011 1.75 -1.73 9.49 220 269 240 244 183 
4.11 -5.23 6.48 0.8800 -3.7600 -3.1000 -2.7433 3.3022 -1.4233 -1.08 -5.31 8.16 214 267 248 248 188 
-7.56 -7.64 7.55 -5.6100 -1.2700 0.2100 -0.7700 -1.1867 -0.1667 -1.61 -6.36 7.28 222 295 263 261 207 
-0.34 -3.60 5.80 -0.2400 2.8200 0.0600 -2.2811 -0.1489 -1.7056 0.90 -8.23 5.24 266 415 404 467 298 
9.50 -11.35 3.40 9.7300 -1.0400 1.5800 -5.5011 5.2656 0.1900 0.63 -9.65 -1.57 212 432 425 475 301 
-0.77 -4.86 -11.82 -3.4400 4.4500 -9.2600 0.8344 0.7700 0.1900 0.09 -9.10 -3.63 248 470 450 500 334 
-0.15 -3.15 9.24 -7.0300 6.9900 19.5000 3.6422 0.5622 0.2256 -0.18 -8.65 4.60 256 463 467 512 339 
0.92 -6.13 -0.94 -1.3500 4.7700 -8.2800 -3.5700 -1.1367 -0.5711 1.40 -9.68 -0.59 257 465 452 503 338 
0.43 -2.29 11.35 -1.3200 7.0500 13.2700 2.5378 -0.6467 0.5967 0.80 -8.44 4.92 269 464 462 504 341 
2.52 -8.18 4.99 1.5200 1.0700 1.1000 -2.4433 -1.0489 0.2367 1.39 -9.46 2.15 277 462 452 464 324 
-0.12 -8.11 -2.55 -0.3700 1.5400 -2.8200 -1.5311 -1.5300 0.8311 0.28 -9.76 -0.88 270 433 423 421 306 
;
