8.76 0.91 4.27 -0.0900 0.2000 0.0900 0.0300 0.0256 0.0178 8.86 0.73 4.12 181 331 334 380 209 
8.96 0.93 4.31 0.0800 0.1600 0.1600 0.0044 0.0378 0.0056 8.84 0.75 4.17 180 332 332 382 209 
9.29 1.16 5.72 0.6800 0.5700 2.0500 -0.8900 -2.1222 0.9922 9.31 0.01 3.06 182 341 249 252 188 
15.82 -2.25 4.41 5.1300 -0.4200 1.7200 0.1267 1.6522 1.8678 9.03 -2.84 2.53 170 211 163 177 113 
8.59 -5.32 0.76 0.3300 -1.9400 -4.5000 1.7567 2.9822 0.5456 6.79 -2.84 6.47 153 188 171 177 118 
2.55 -0.36 4.34 -1.9200 2.0800 -3.6800 0.9233 1.9267 0.8633 3.22 -1.66 9.10 152 183 178 181 121 
1.07 0.21 8.41 -0.6100 1.4000 -1.0500 0.3189 0.6600 0.1256 1.70 -1.15 9.58 152 193 178 181 122 
1.39 0.59 9.95 -1.2900 1.7000 0.3200 -0.6989 1.2489 -1.0256 1.47 -1.45 9.58 147 197 187 192 131 
1.79 -1.64 9.03 1.4600 0.5200 -0.6600 -1.3411 0.9711 -0.5889 0.46 -2.88 9.36 146 195 188 196 134 
-1.14 -5.88 8.04 -0.9800 -2.2400 -0.9100 -0.3444 0.7378 -0.1489 -0.78 -3.78 9.01 151 202 174 201 140 
-1.81 -3.06 9.08 -1.4000 0.9100 -0.3100 -0.8856 -1.2933 0.4267 -0.16 -4.53 8.69 160 219 219 215 157 
-2.04 -4.58 4.93 -2.8500 -0.1700 -4.3000 -0.7967 -0.7933 -2.2944 2.31 -5.50 7.77 198 183 213 214 138 
8.30 -6.57 7.72 6.7400 -0.0600 3.3200 -0.9833 3.4422 -0.7478 2.88 -5.60 7.51 212 166 185 182 116 
-5.31 -6.42 10.27 7.2000 -2.2800 0.3700 -0.3600 3.6078 1.9478 -5.82 -5.48 5.67 213 167 186 184 113 
-0.41 -2.51 3.20 6.5200 2.3500 -2.1200 1.1756 -1.2800 1.2900 -6.39 -3.85 6.35 213 170 191 185 117 
-12.62 -2.54 13.15 -7.3100 -0.3500 5.8300 0.2711 -1.2600 -0.0967 -5.25 -2.01 8.03 214 172 196 192 120 
-3.75 -2.13 7.46 1.8300 0.2500 -0.8700 0.1800 -0.1344 -0.7156 -4.76 -2.61 8.16 210 192 214 215 146 
0.84 -1.18 5.57 2.0300 1.0500 -4.9600 3.6500 -9.4667 -2.3022 3.96 0.04 8.96 209 320 316 362 205 
;
