7.46 2.42 5.82 -0.0600 0.0500 -0.0200 -0.0022 -0.0389 0.0122 7.47 2.34 5.89 165 326 322 343 212 
7.46 2.39 5.83 0.0000 0.1100 0.0300 -0.0778 -0.0756 0.0844 7.53 2.26 5.85 166 321 328 337 211 
10.58 2.62 8.65 2.5100 1.0000 3.4700 -1.3733 0.0300 0.8022 7.85 0.59 5.83 172 330 262 258 188 
12.13 -1.72 6.47 3.4400 -0.5100 0.3600 -0.3544 0.7000 2.1711 7.59 -2.20 5.80 139 241 210 211 141 
7.72 -3.26 2.98 0.0200 0.2600 -4.2000 2.2189 2.1878 2.4889 4.65 -2.92 8.12 131 202 204 198 138 
-4.86 2.29 2.16 -2.3100 0.7200 -2.6800 2.3733 0.7344 -0.2089 3.13 0.58 9.27 141 198 211 196 138 
-1.31 3.79 9.30 -3.2600 2.1600 -0.1100 -0.4889 0.5289 -0.7056 2.01 1.05 9.53 151 203 215 207 142 
2.53 1.33 9.28 1.7200 0.7900 -0.3500 -1.2011 1.0911 -1.2389 0.49 -0.12 9.79 135 203 202 212 147 
2.21 -1.19 8.70 1.0900 -0.3000 -0.7100 -1.5322 1.2578 -1.2589 -1.10 -2.15 9.50 133 208 207 220 156 
-4.35 -5.49 7.30 -2.9000 -1.6200 -1.0300 -1.0733 0.2756 -0.1556 -2.47 -4.31 8.44 135 237 225 242 179 
-4.96 -4.69 4.76 -2.5100 0.4500 -3.7800 -0.2522 -1.8556 -0.8233 -1.18 -5.37 8.11 154 274 263 264 193 
1.37 -4.25 -3.09 0.1000 0.3800 -12.1000 3.6822 -5.6400 -1.7256 5.50 -1.29 8.01 172 322 303 353 209 
15.26 5.05 11.01 5.7900 2.4300 2.1300 1.1067 -1.6911 -0.5667 7.97 2.16 5.27 177 364 340 413 217 
;
6.83 2.25 3.99 -1.7900 0.1700 -1.4400 -0.2433 0.2633 -0.1067 8.12 1.79 5.18 170 366 342 409 220 
9.44 1.69 5.12 1.0700 -0.1600 0.2000 0.1833 0.1644 -0.0989 8.19 1.95 5.01 170 358 337 402 221 
9.81 2.48 8.20 2.3200 0.5900 3.6500 -1.2578 0.4233 0.6933 8.26 1.35 5.09 171 366 298 288 203 
12.94 0.09 6.23 3.2700 0.0400 0.7800 -0.7156 1.7278 2.0978 7.63 -1.83 5.87 162 302 212 225 157 
7.06 -3.41 1.19 0.5700 -0.0900 -6.4800 2.6022 2.5756 1.9544 4.47 -2.70 8.29 144 175 211 212 147 
0.25 1.06 5.86 -1.6200 2.6900 -2.9100 1.8133 1.6656 0.3711 1.23 -0.19 9.72 155 181 221 221 152 
-3.70 3.01 8.42 -1.5400 1.4900 -0.3700 -0.1978 0.9800 -0.7378 -0.26 0.65 9.78 160 178 218 221 155 
-0.94 1.74 9.34 0.1100 1.4100 -0.3200 -0.7167 0.4444 -0.9722 -1.03 -0.10 9.75 160 185 224 224 158 
-0.13 -0.33 9.01 1.4700 0.5500 -0.4100 -1.0733 0.9122 -1.1844 -1.99 -1.73 9.44 149 191 221 229 163 
-2.93 -4.02 8.47 -0.0800 -1.1300 -0.6900 -0.9456 1.3544 -0.7244 -3.26 -3.47 8.56 152 191 234 235 170 
-5.28 -3.23 7.91 -3.2300 1.1300 -0.7800 -1.0678 -0.4833 -0.7944 -2.75 -4.74 8.12 150 250 232 246 181 
-1.23 -5.97 0.55 -0.5100 -0.3800 -7.3200 2.8122 -2.8333 -1.9456 1.20 -4.05 8.84 162 306 282 284 199 
;
6.73 0.54 6.65 2.5700 2.7500 0.2900 3.1378 -3.6089 -0.3433 5.81 0.88 7.84 179 333 326 358 209 
12.89 4.66 8.07 6.1100 4.5800 4.1100 0.1800 -0.0122 0.1367 7.65 1.90 5.82 179 334 340 391 214 
7.80 1.04 4.78 -1.1900 -0.1600 -0.3100 -0.2111 0.2189 -0.1478 8.26 1.23 5.12 174 326 341 390 215 
9.93 1.75 8.69 1.8400 0.3100 3.8500 0.6033 0.1844 0.2967 8.22 1.54 5.11 177 341 319 329 212 
13.88 0.88 8.15 5.2900 0.4100 1.1300 -1.0889 1.7256 2.2144 7.47 -1.01 6.26 174 292 206 233 166 
5.97 -3.80 2.20 0.7500 -0.7600 -6.0900 1.5222 0.7200 2.7211 4.75 -2.80 8.10 143 238 205 210 146 
1.67 2.43 5.79 -2.4900 3.7600 -3.2300 1.6044 1.8700 0.3600 2.28 -0.44 9.52 153 207 203 207 144 
-0.51 2.84 9.04 -3.8300 1.8100 -0.5700 -0.1278 1.5711 -1.2444 0.72 0.62 9.75 165 203 206 211 147 
0.65 1.50 9.39 0.6500 1.5400 -0.3500 -1.0589 0.4356 -0.6233 0.04 -0.42 9.79 159 203 208 217 151 
1.04 -1.68 8.74 1.6200 -0.3200 -1.0300 -1.3967 2.4411 -1.7856 -1.90 -2.56 9.27 137 211 215 227 163 
-5.55 -6.39 6.61 -2.2900 -2.4300 -1.3300 -0.3411 0.6278 -0.0867 -3.93 -4.18 7.94 141 219 223 232 167 
-4.90 -3.79 7.10 -0.6600 1.1400 -0.5400 -0.6267 -0.1878 -0.4678 -4.04 -5.07 7.35 148 241 227 242 179 
;
-4.42 -5.35 1.51 -0.8200 -0.6200 -7.2000 1.9333 -2.8200 -1.7378 -0.43 -4.19 8.85 168 273 248 272 195 
6.12 2.60 5.74 3.0000 4.3700 -2.2300 3.8511 -4.5533 -0.3556 5.50 0.74 8.08 176 320 324 361 211 
8.88 3.77 9.79 1.7100 1.9700 2.5200 -0.7322 -1.8556 0.0811 7.28 1.35 6.42 168 334 347 385 214 
7.12 2.15 11.15 0.1000 0.3600 4.3300 0.5633 -0.5656 0.0900 7.67 1.37 5.95 166 340 336 380 213 
13.84 2.36 11.76 6.4000 0.9400 4.1200 -1.4744 1.2844 1.6244 7.04 -0.61 6.79 168 344 251 246 172 
7.97 -2.61 1.20 2.3500 0.3100 -5.2200 -0.1578 1.5011 3.4489 4.14 -4.24 7.80 154 324 207 208 137 
1.05 -0.98 3.86 -0.9500 2.7200 -4.9100 1.7633 1.5000 1.2278 1.14 -3.06 9.24 137 286 201 201 137 
-1.49 2.36 9.81 -4.7800 3.8900 1.9700 0.8800 1.1411 -0.8544 -0.13 -1.18 9.73 159 220 207 204 138 
1.07 -0.35 9.53 1.4100 1.0600 -0.0600 -0.9333 0.8356 -0.8189 -0.70 -2.11 9.54 146 216 211 211 142 
0.71 -2.39 8.51 1.3800 -0.2200 -1.0300 -1.2633 2.6578 -1.3544 -2.67 -3.96 8.55 133 223 222 220 153 
-4.43 -6.06 6.65 -3.1200 -1.7800 -1.0000 -1.6000 0.5967 -0.4267 -4.22 -6.04 6.45 136 234 221 223 154 
-8.01 -6.09 3.62 -3.7000 0.9800 -1.9200 -0.7344 -0.8333 -1.1956 -3.81 -7.39 5.17 152 282 251 252 181 
;
-1.51 -3.72 -1.32 0.4600 3.2800 -8.5500 4.2656 -4.9233 -2.0022 2.06 -4.79 8.29 168 312 303 324 200 
14.57 3.01 11.17 7.6900 3.9300 3.0700 1.5889 -1.4444 -1.4022 6.97 -0.06 6.89 175 345 348 399 216 
9.20 3.73 8.01 2.4100 4.6700 2.6200 -0.3244 -1.6844 0.3411 7.77 1.12 5.87 169 351 348 411 218 
10.11 2.20 10.03 3.0500 1.0900 5.5100 -0.5078 0.9267 0.1500 7.58 1.07 6.12 175 342 313 281 196 
13.09 -0.31 7.30 4.8800 0.7800 -0.2100 -1.5356 2.6767 2.4744 6.02 -2.46 7.33 148 224 199 194 131 
3.32 -2.78 1.29 -1.5200 0.7000 -6.5600 3.0778 2.1444 0.7244 3.10 -2.11 9.05 132 186 203 198 140 
-0.16 1.69 7.53 -1.0000 3.1400 -1.8300 0.6700 1.0889 1.1389 0.39 -0.83 9.76 143 202 199 201 139 
-2.31 3.13 10.05 -1.0800 3.1000 0.1400 -0.2144 -0.2511 -0.1189 -0.12 -0.08 9.80 151 215 208 204 139 
1.58 0.50 9.79 2.1600 1.1600 0.0800 -0.9078 0.6811 -0.6956 -0.58 -1.06 9.73 150 216 194 203 146 
-1.94 -2.74 7.98 0.6000 -0.4600 -1.3100 -1.9133 2.0478 -1.6089 -3.14 -3.63 8.54 142 220 186 212 156 
-6.76 -6.52 5.95 -3.4000 -1.6100 -0.2300 -0.9622 1.2289 -0.7100 -4.96 -6.48 5.42 144 234 192 229 168 
;
-7.45 -7.08 2.52 -2.6500 0.1600 -4.2300 0.3922 -0.9422 -1.4533 -3.45 -7.44 5.36 158 289 247 265 192 
2.45 -1.95 -1.26 3.1700 2.9300 -9.8800 5.6900 -6.2800 -0.3711 3.02 -1.76 9.16 178 332 321 369 211 
12.58 5.16 11.26 4.9700 3.4200 3.5500 0.1111 -1.8067 -0.4011 7.13 1.79 6.47 185 355 356 416 218 
8.64 4.40 12.59 1.7800 1.7400 5.7300 0.2056 -0.1100 0.0322 7.63 2.11 5.77 181 358 287 390 218 
12.13 2.02 9.98 4.4200 0.8500 3.2300 -1.7967 1.0678 1.7422 6.92 -0.33 6.93 171 319 232 230 158 
9.21 -2.78 2.38 2.6800 1.2300 -5.0900 1.3333 1.4522 2.3733 4.35 -3.17 8.19 119 243 192 188 123 
2.40 -0.05 4.04 0.0700 2.1400 -4.9900 1.5789 2.3167 0.5000 1.50 -1.29 9.60 123 205 181 187 128 
-1.64 2.82 8.95 -0.4000 3.0400 -1.0300 0.0200 0.7122 0.2589 -0.32 -0.67 9.77 133 202 199 187 129 
1.58 0.31 9.76 1.3200 1.5700 0.8600 -0.7133 1.0456 -0.7178 -1.46 -1.58 9.56 131 206 214 191 131 
-0.64 -2.70 7.51 1.5200 -0.6600 -1.7900 -0.7767 3.2889 -2.0544 -4.02 -3.44 8.25 128 230 213 202 141 
-4.37 -5.70 5.20 0.2800 -1.1500 -1.7600 -1.6478 2.4111 -1.0189 -5.66 -5.98 5.31 127 240 220 217 155 
;
