3.16 1.84 9.10 -0.0100 0.0000 0.0000 0.0378 0.0133 0.0278 3.16 1.86 9.09 181 341 329 342 201 
3.16 1.49 9.09 0.0400 -0.5900 0.3900 0.6400 0.1556 0.2756 3.06 2.19 9.05 183 353 327 344 200 
3.56 4.03 12.79 1.2600 0.6700 5.2600 4.1711 -2.8544 0.4700 5.18 5.92 5.84 204 420 370 424 222 
13.03 4.79 2.07 4.6700 0.5400 -3.0600 0.2933 -1.1122 4.1489 8.58 1.91 4.34 211 427 378 431 228 
8.03 -0.26 -0.97 -1.4800 0.2600 -5.0500 2.5500 0.8367 1.8244 8.76 -0.51 4.36 206 440 380 436 227 
3.76 3.53 2.83 -4.2800 4.7700 -1.0900 1.4944 0.7911 1.0378 7.92 -0.82 5.71 204 441 384 437 229 
4.95 3.78 6.87 -2.7400 4.5700 0.3000 0.1378 -0.3367 0.5700 7.86 -1.03 5.77 203 438 365 431 229 
11.08 3.75 5.64 3.3100 5.2800 -0.0100 -3.5422 -0.8389 0.3711 8.48 -2.71 4.11 184 332 332 374 228 
8.23 -5.02 0.67 -0.3100 -0.1300 -1.2900 -3.4156 0.8311 2.0889 7.36 -6.28 1.57 194 264 254 320 221 
2.12 -11.19 -1.51 -4.2600 -3.9100 -2.4100 -0.8856 0.5900 0.0367 6.25 -7.54 0.30 203 270 257 321 218 
5.04 -7.76 -0.19 -2.3200 -0.7500 -1.0700 1.0200 0.1400 -0.5478 6.75 -7.07 0.71 206 267 260 311 217 
7.00 -4.97 -0.80 -1.8100 -0.7400 -2.8500 0.8411 0.5544 -0.9511 7.82 -5.58 1.92 205 212 194 202 130 
1.83 -5.01 -2.52 -5.7000 -0.2100 -7.3600 4.5144 -2.2622 -1.8278 8.64 -4.36 1.55 214 175 183 205 118 
5.10 8.77 9.13 4.9500 10.6100 5.3500 -0.8067 -1.5733 -3.8556 9.37 1.64 2.34 215 183 189 211 120 
17.31 4.91 0.02 5.8700 1.7200 -0.7400 0.0556 -0.5622 0.3156 9.44 2.59 0.35 214 190 191 212 122 
10.32 4.48 2.45 1.1400 2.3400 2.1900 -0.3689 0.7922 0.8600 9.60 1.71 0.99 211 239 200 215 141 
4.70 2.08 3.39 -4.9000 -0.7400 -1.9700 -0.9144 5.6356 -3.9778 6.23 3.17 6.87 209 348 322 384 207 
;
