3.33 2.83 8.71 -0.2800 0.0000 -0.0200 -0.0011 0.2289 -0.1344 3.32 2.82 8.78 167 314 308 326 199 
3.11 2.81 8.84 -0.1400 -0.0200 0.0000 0.0222 0.0278 -0.0056 3.20 2.86 8.81 166 314 311 324 199 
3.28 2.91 9.13 0.1500 -0.0400 0.3900 0.4933 0.2856 0.0622 3.01 3.15 8.77 170 343 309 329 200 
3.67 4.79 11.67 1.0400 2.0600 4.3600 0.2044 0.0889 1.0422 3.06 3.77 8.51 175 376 293 255 189 
11.19 4.04 9.43 5.6100 0.4000 -0.9100 1.4167 -1.3322 3.7600 6.51 1.04 7.25 161 241 166 164 128 
1.76 0.36 6.24 -4.5100 -0.8200 -6.1500 0.5289 0.7100 2.7400 5.99 -1.40 7.63 125 194 160 165 122 
4.52 -0.33 5.24 -0.3200 1.2800 -3.1600 1.1089 0.6578 1.6456 4.27 -1.36 8.71 118 192 163 165 120 
1.36 0.92 8.01 -2.2200 1.9800 -0.7000 0.8789 -0.0633 1.1500 3.63 -0.77 9.07 124 204 169 171 123 
3.74 0.92 9.08 0.0800 1.5500 -0.0200 -0.0244 -0.1422 0.2800 3.52 -0.92 9.10 131 201 173 172 126 
3.60 1.07 9.06 0.0200 1.9700 -0.0200 -0.5944 0.0644 -0.6533 3.47 -1.46 9.05 130 200 174 175 127 
4.98 0.26 8.72 1.5400 1.3300 -1.2000 -1.0011 0.7567 -0.9300 2.69 -2.30 9.14 129 205 173 176 129 
2.62 -3.40 9.10 1.3600 -0.8700 -0.3600 -0.4311 1.6767 -0.8422 1.08 -2.82 9.32 131 209 175 179 132 
-2.84 -3.87 8.54 -3.7500 -0.8000 -0.7100 -0.5711 1.7189 -0.7267 -0.38 -3.48 9.15 135 212 178 183 137 
-2.89 -2.76 6.61 -3.9600 -0.0800 -3.6300 -1.3844 -2.5478 -0.2622 1.86 -4.62 8.44 156 204 205 200 152 
4.35 -5.40 0.93 0.0800 -1.2200 -5.9200 1.9789 -4.1044 -1.4978 6.61 -3.34 6.42 121 279 325 355 215 
14.63 -3.24 3.55 6.4900 0.2300 -0.2400 0.8233 -0.7067 0.0678 8.54 -2.78 3.91 113 199 208 209 142 
15.06 -0.33 1.22 5.3500 2.7200 -1.6800 2.3322 -2.7022 0.1100 9.49 -1.94 1.45 110 176 183 177 111 
0.07 6.31 31.32 -0.1700 0.1900 14.4600 -0.1344 -2.3733 0.5967 9.48 -1.98 -1.52 110 175 183 180 113 
9.58 0.41 2.16 2.0200 3.2800 2.3200 -1.3911 0.3800 -0.3900 9.67 -1.33 -0.92 113 181 189 183 115 
9.08 1.41 -4.01 -1.0200 2.2900 -3.8600 -1.3522 -0.2233 0.1167 9.68 -1.25 -0.85 113 182 187 182 116 
4.48 -1.91 -1.46 -13.7700 9.0900 38.9200 -1.8689 -2.0256 1.5344 9.41 -2.30 -1.47 112 169 180 177 111 
7.88 -3.59 -1.25 0.3000 -0.1500 0.7800 0.1211 0.7489 0.0889 9.35 -2.81 -0.88 116 184 192 188 125 
5.80 -3.56 4.80 -4.0000 -0.9400 3.6600 1.0300 1.8844 -1.4611 9.43 -1.94 1.83 139 226 213 190 138 
15.88 -0.53 3.90 9.3000 0.3600 -3.8700 -4.2811 13.5678 -2.3022 1.14 -1.48 9.62 187 159 170 166 107 
2.12 -0.51 10.02 6.8700 3.0300 0.6600 0.1456 0.5900 3.6222 -5.83 -2.62 7.43 207 170 168 164 106 
-8.74 0.54 8.38 -3.8600 0.3900 1.0800 0.2567 -0.6233 1.1511 -5.75 -0.47 7.92 209 174 172 167 107 
-5.66 -0.20 9.30 -0.8100 0.6000 0.6700 -0.1689 -0.2189 0.0333 -5.23 -0.66 8.26 207 176 174 168 109 
-5.56 -0.03 8.06 -0.3000 1.0200 -0.2300 0.2533 0.2200 -0.4933 -5.28 -0.78 8.22 206 177 179 173 113 
-8.17 2.25 7.21 -1.9700 2.6200 -1.6400 5.1344 0.9122 -5.8956 -5.54 0.27 8.08 186 290 248 233 162 
;
