3.05 5.66 7.45 0.0000 0.0400 0.0900 0.2067 -0.0422 0.1067 3.14 5.67 7.34 170 361 364 389 211 
3.15 5.92 7.09 -0.1300 0.0000 -0.0600 0.3767 0.0867 0.0511 3.20 6.01 7.05 169 360 349 389 212 
3.33 6.45 7.16 0.4200 0.1000 0.3800 0.7533 0.3211 -0.0022 2.95 6.60 6.62 175 371 361 397 212 
0.01 10.47 11.86 -0.7000 3.6400 5.7100 -1.8144 1.3311 0.7167 1.50 6.54 7.14 170 263 187 173 150 
11.78 10.15 8.72 5.2800 4.5600 -1.0700 -1.4489 -2.6689 6.4789 7.14 0.85 6.65 118 167 159 157 124 
2.07 -0.40 1.77 -4.2000 0.9400 -5.8000 1.5467 2.0233 2.6878 5.16 -2.00 8.09 115 176 162 161 127 
2.19 -1.62 5.26 -1.0100 0.3200 -2.9900 1.9167 0.9067 1.4478 3.25 -0.71 9.22 129 187 168 168 130 
1.38 3.09 8.57 -1.2100 2.9400 -0.6700 0.4033 0.1400 0.7867 2.81 0.35 9.38 136 193 176 174 132 
2.32 1.10 9.00 -0.5200 1.3500 -0.4300 -1.2522 0.4044 -1.4756 2.24 -0.60 9.52 132 194 171 175 133 
3.05 -1.69 8.25 0.2900 -1.4500 -1.5900 -1.1533 1.3044 -1.3156 0.26 -2.28 9.53 132 195 184 179 136 
-2.25 -6.25 7.98 -2.7900 -2.9400 -1.1200 0.0978 -0.6567 0.4211 0.61 -2.67 9.41 138 201 185 182 138 
-0.09 -2.64 8.54 -0.8200 0.4000 -0.9300 -0.6233 -0.7722 -1.0556 1.78 -3.19 9.09 155 237 216 212 174 
4.57 -5.24 4.52 -0.1700 -1.9200 -3.2100 -1.9467 -2.5022 0.2856 4.72 -4.74 7.16 105 246 297 308 208 
4.60 -6.53 -2.78 0.2600 -0.2400 -6.5000 1.3600 -1.8378 -1.9756 7.17 -4.75 4.70 92 192 191 188 132 
11.79 0.04 5.72 2.6800 2.4700 1.0500 1.2122 -2.5544 -1.8667 9.46 -0.46 2.51 96 187 186 181 124 
13.10 3.17 -4.07 2.8800 2.7800 -4.9000 3.1189 -0.6222 -0.2611 9.75 1.02 -0.12 96 177 176 179 123 
7.33 2.18 2.77 -1.5600 2.5800 2.5400 -1.5311 0.5167 0.2389 9.80 0.07 0.31 99 189 190 188 128 
9.76 1.85 -3.28 -0.0400 1.7100 -4.3300 -1.7822 0.1000 -0.1156 9.78 0.02 0.58 98 190 192 189 129 
7.80 -6.08 -16.03 -5.0700 9.3800 36.2200 -3.8256 -2.4267 -0.2122 9.75 1.00 0.18 99 181 181 184 124 
9.06 -0.34 1.27 -0.6000 -0.7400 0.1600 -0.4144 0.4822 0.1878 9.72 0.33 1.21 102 192 196 194 137 
11.21 1.08 7.37 1.4100 1.2500 3.4500 0.8189 3.3233 0.5011 8.35 -0.27 5.12 158 313 205 189 138 
9.98 -1.22 6.54 4.0400 -1.7900 -1.9000 -0.0256 2.1167 0.6633 5.74 -0.91 7.89 152 215 173 170 126 
6.59 -2.79 5.12 2.0200 -2.2100 -4.4700 0.4067 1.4700 0.8222 3.82 -0.49 9.01 151 211 173 176 125 
2.11 0.38 6.75 -0.8300 0.6900 -2.6100 1.0200 0.5956 1.7133 2.46 -0.17 9.48 159 217 176 175 126 
2.93 2.64 8.69 -0.1100 2.5400 -0.6700 0.3233 0.1878 0.4878 2.66 0.25 9.43 161 212 175 174 126 
3.96 0.88 9.56 -0.8500 1.1400 -0.9400 -1.1356 1.3756 -1.8944 1.15 -0.64 9.71 156 199 181 180 130 
3.78 -1.96 8.99 2.2100 -0.8800 -0.9900 -0.6189 -0.2111 -0.0967 0.90 -1.64 9.62 150 204 183 185 132 
-1.41 -5.86 9.13 -3.1300 -3.5400 -0.0700 -0.2633 0.0444 -0.1722 1.49 -2.20 9.43 152 204 187 185 133 
0.95 -1.17 7.64 -1.0500 1.4600 -1.7400 -0.8078 -1.0400 -0.0589 2.27 -2.92 9.07 160 241 194 200 149 
-2.81 -4.07 0.94 -5.4800 0.6500 -8.1700 -0.4811 -1.4078 -4.0144 5.95 -2.30 7.44 170 280 249 223 170 
;
