7.12 5.33 -4.37 -0.0900 0.1200 -0.1100 0.1322 0.2167 -0.0378 7.16 5.32 -4.05 200 330 270 278 188 
7.09 5.35 -4.24 -0.0400 0.0300 -0.1300 -0.0133 0.0378 0.0089 7.17 5.32 -4.04 198 329 272 280 190 
8.64 5.46 -5.24 1.3000 0.2300 -1.6900 0.4167 0.8767 2.2522 8.08 4.10 -3.72 199 349 190 194 126 
16.68 0.04 -7.57 7.8700 -2.0200 -4.8900 4.7533 1.8367 0.8522 9.49 1.10 -2.19 140 198 174 181 116 
11.65 1.85 -0.25 1.9300 2.6700 -3.3700 0.8889 5.1978 1.2189 8.64 -1.31 4.44 154 195 171 190 122 
2.05 -2.26 2.81 -3.9500 0.3700 -4.3800 0.8911 2.7078 1.6833 4.57 -2.31 8.36 166 208 180 194 126 
1.58 -1.62 5.48 -2.7000 0.9200 -3.2000 0.5600 0.9456 1.2589 2.10 -2.02 9.36 182 232 192 210 141 
0.63 -1.10 7.57 -0.7500 0.7900 -1.7500 0.6822 0.4344 0.4356 1.00 -1.27 9.67 179 229 193 205 138 
1.07 0.77 9.53 1.0900 1.9200 -0.3700 -0.2622 0.4967 -1.0778 0.35 -1.28 9.71 179 228 197 207 139 
3.15 -1.15 10.44 4.0400 0.9600 1.0400 -1.7722 1.6533 -1.9089 -1.02 -2.98 9.28 171 238 193 208 142 
-5.94 -8.98 4.37 -3.2600 -3.2000 -2.8300 -1.0300 1.2000 -0.1533 -3.77 -5.51 7.17 175 250 203 210 144 
-4.58 -4.08 6.33 -1.3200 1.5200 -2.0000 -1.3656 -1.1467 -0.9589 -2.39 -6.88 6.56 190 318 206 225 155 
-0.83 -4.06 3.39 0.0500 4.3200 0.0800 -4.5689 5.3311 -3.1767 -0.98 -9.54 2.03 205 448 224 238 170 
2.68 -10.97 1.87 2.1900 -1.2300 -2.9400 2.7722 0.6756 -0.5811 0.49 -8.80 4.29 210 456 234 239 168 
10.21 -6.92 12.88 6.5000 -1.3200 6.5600 0.5711 -0.8656 2.9244 -1.43 -7.21 6.48 204 458 227 238 170 
-8.24 -9.79 12.15 -7.4100 -0.6500 5.1100 -2.6467 0.5578 1.7111 -3.53 -7.92 4.56 201 459 221 239 172 
-7.25 -1.51 1.95 -3.8800 7.5500 -0.9200 -1.2311 1.3122 -1.5011 -2.85 -9.29 1.24 202 458 226 239 172 
-1.00 -3.31 0.79 1.2000 7.0200 0.8500 1.0578 1.6678 -1.7033 -0.71 -9.68 1.33 274 517 299 310 246 
8.97 -5.45 3.40 9.3900 2.5000 0.2900 2.4422 -0.3367 0.3867 -0.29 -8.96 3.96 253 497 278 293 224 
4.11 -11.71 10.15 0.6300 -5.2300 5.9400 1.2389 -2.4111 1.2867 0.39 -7.20 6.63 251 491 283 294 224 
-2.86 -7.20 7.77 -3.8700 1.1500 0.5400 0.3533 -0.7811 -0.5400 1.85 -6.92 6.69 252 492 281 295 226 
2.56 -3.64 5.77 0.5300 1.9800 -1.8000 2.4056 -0.7856 0.2956 2.38 -4.80 8.20 257 475 300 306 233 
;
