9.22 2.91 1.83 0.1400 -0.1400 -0.1600 -0.0078 0.0011 -0.0022 9.10 3.03 1.99 169 338 321 344 218 
9.10 3.03 1.99 0.0700 0.0000 -0.0300 -0.0100 0.0011 -0.0122 9.09 3.04 2.03 168 361 257 269 178 
12.94 4.02 3.65 0.7300 1.9700 5.2400 -0.0856 -0.3167 0.9889 9.62 1.84 0.37 149 261 169 176 99 
16.91 0.57 -1.31 5.9600 -0.7700 -2.4000 1.0811 2.8889 1.5222 9.64 -0.05 1.78 138 197 166 187 105 
9.10 -1.91 -0.66 0.2800 -0.0500 -5.8000 2.0211 3.3344 1.5600 7.34 -1.15 6.39 143 224 168 190 110 
0.80 1.54 2.80 -3.6300 2.7900 -5.3900 1.4778 2.5856 1.0789 3.33 -0.03 9.22 155 232 170 187 111 
-0.19 2.50 8.74 -1.5800 2.0500 -0.2800 -0.8100 0.3811 0.5800 1.82 -0.78 9.60 155 229 173 187 111 
2.63 0.99 10.27 0.2700 2.4500 0.2900 -0.7256 0.4300 -0.6711 1.19 -1.48 9.62 152 238 175 190 113 
4.58 -1.21 9.05 4.4300 -0.3100 -1.3700 -1.6311 0.9889 -1.3978 0.76 -3.03 9.29 145 305 179 192 117 
-2.24 -5.89 8.55 -1.1600 -1.5200 0.1000 -0.8756 2.0567 -0.6722 -1.74 -4.45 8.55 145 280 182 195 117 
-2.40 -5.57 6.60 0.0000 0.1500 -1.5400 -0.9867 -1.2089 0.1311 -1.39 -5.88 7.71 141 302 185 201 119 
-0.39 -6.53 4.33 -0.8700 -3.2700 -4.4900 4.2722 -7.0978 2.1167 5.84 -2.39 7.50 145 421 198 204 120 
13.83 -4.29 3.41 6.2700 -1.0500 -1.9500 1.6756 -0.2300 0.8400 7.36 -2.24 6.07 144 421 193 205 117 
6.46 0.12 4.98 -1.1600 2.2400 -1.4200 1.0689 0.4989 -0.1511 6.91 -1.46 6.80 144 407 198 205 117 
4.72 1.06 7.88 -1.7900 2.4600 1.1600 -1.5756 0.9400 -1.0267 6.55 -1.53 7.12 140 406 199 207 118 
8.82 -2.59 4.62 2.4200 -0.3300 -2.5100 -1.7411 1.2489 -0.4400 5.78 -2.92 7.35 141 422 198 209 120 
6.21 -5.17 6.61 -0.6600 -2.5000 -1.2200 -0.5356 2.1967 -0.7533 3.85 -3.75 8.19 138 426 198 213 123 
2.82 -4.43 8.33 -0.6100 -0.1900 0.3200 -0.6222 -0.9411 -0.0022 4.38 -4.30 7.64 149 422 202 211 126 
-1.99 -2.49 3.93 -6.6200 1.9500 -4.7800 -1.2300 0.3900 -2.1056 4.98 -4.50 7.14 164 363 215 236 147 
9.48 -1.12 1.14 4.6800 2.4700 -4.8500 4.4700 -1.3089 -2.0722 6.41 1.22 7.31 188 338 327 406 206 
;
