3.29 4.72 7.96 -0.1100 -0.0700 0.0900 -0.0444 -0.0356 -0.0156 3.39 4.73 7.88 167 258 231 231 193 
3.29 4.68 7.91 -0.1700 0.0200 0.0800 -0.0489 -0.0556 0.0067 3.41 4.70 7.89 168 258 235 225 194 
5.27 7.22 12.84 1.9200 1.7000 3.8900 -3.9678 0.9978 0.6333 3.24 1.88 9.05 165 247 187 181 175 
-0.24 -2.87 8.84 -1.5700 -0.8000 0.2300 -4.2600 0.9878 -0.2411 1.42 -5.28 8.13 186 334 143 142 154 
0.59 -5.00 2.73 -0.3400 2.9500 -3.7800 -1.7389 0.7833 -0.2967 0.64 -8.22 5.30 186 342 156 160 153 
4.09 -3.70 1.40 3.3000 4.3600 -4.0100 1.9300 0.5167 -0.8011 1.16 -7.25 6.49 184 339 161 161 152 
7.01 -7.64 13.68 4.6000 -2.9600 6.6000 1.0533 -0.9189 1.8967 0.92 -5.15 8.29 186 341 162 173 161 
-1.31 -8.51 13.68 -2.3300 -1.7200 5.7100 -2.2111 -0.6133 2.2022 0.02 -6.73 7.12 192 344 162 163 156 
-5.77 -5.16 7.10 -4.5600 3.7800 1.6500 -3.0133 0.6000 0.1833 -1.07 -9.14 3.38 190 336 163 163 157 
-3.64 -3.58 1.37 -2.4500 6.4500 0.1700 -1.1367 1.4767 -1.7400 0.29 -9.78 0.57 188 337 168 163 160 
3.62 -3.89 -0.27 1.6100 5.3100 -0.8800 0.3456 1.4189 -1.9711 3.31 -9.19 0.77 187 341 164 164 162 
8.20 -6.70 0.95 4.1200 1.8700 -1.3200 2.5122 1.0444 -0.9478 4.52 -7.70 4.03 188 343 169 165 157 
9.48 -7.41 8.73 5.6900 -1.2500 2.1500 2.2822 -0.5789 1.4922 3.83 -5.87 6.85 190 342 169 171 154 
-2.48 -7.68 9.43 -5.1300 -1.0400 1.7500 0.2256 -0.6122 0.8856 3.13 -6.02 7.07 189 344 169 164 158 
0.43 -8.77 8.89 -2.8300 -3.5200 2.1000 2.4533 -3.2389 -0.4678 5.03 -4.74 6.95 150 205 152 166 172 
14.12 -5.25 4.92 4.7200 1.9900 -1.6200 1.2422 -1.5222 2.5067 6.99 -4.56 5.13 133 237 148 156 159 
7.95 -4.53 2.64 2.1700 0.7400 -2.2400 2.6011 0.7633 1.6944 5.88 -4.42 6.47 136 265 148 150 153 
4.76 -1.62 4.66 -0.1000 2.0600 -2.8900 2.6833 1.3800 1.6067 3.32 -2.43 8.89 145 263 149 150 154 
-0.02 1.70 8.90 -2.1400 2.9000 -0.5200 1.0767 0.9233 0.5411 1.58 -0.43 9.66 141 200 150 160 153 
1.33 0.42 10.11 0.6000 -0.0700 0.5100 -0.9289 1.8700 -1.5589 0.33 -0.94 9.75 142 152 161 159 164 
-0.04 -1.23 8.66 0.6300 0.7300 -0.4400 -1.2033 1.7367 -1.6489 -1.70 -3.16 9.12 132 159 160 166 158 
-1.97 -5.63 6.94 0.7900 -1.3300 -0.8900 -1.2922 1.4122 -1.0911 -3.44 -5.60 7.27 134 164 153 163 159 
-3.75 -7.16 6.17 -0.3300 -0.0700 0.2000 -0.3167 0.5333 -0.4178 -3.71 -6.58 6.24 133 168 158 169 163 
-5.70 -5.38 0.95 -2.9400 2.1500 -6.0000 -1.5000 -3.5044 -1.5511 -0.85 -7.75 5.94 133 191 176 172 160 
9.14 -3.91 -5.57 6.0700 3.7500 -8.2500 1.3667 -10.8067 -1.6256 7.44 -6.36 0.48 148 266 167 167 161 
16.26 -6.06 -4.09 5.8600 -0.6400 -0.7000 0.6689 -2.8733 0.1056 7.22 -5.42 -3.81 151 280 160 160 162 
8.62 -5.57 -4.46 1.0500 0.3500 -0.2800 1.2422 0.8433 0.5200 6.58 -6.52 -3.19 154 286 167 166 171 
6.11 -5.92 -2.00 -0.1900 1.1400 0.1000 0.9856 0.4044 0.2467 6.23 -7.37 -1.70 155 300 168 172 165 
7.36 -5.93 2.63 0.5000 1.1800 3.5000 -0.6500 0.3833 -0.1589 6.46 -7.26 -1.25 160 304 163 171 161 
7.40 -7.46 -4.36 0.7900 -0.4800 -2.0200 -0.0922 -0.1689 -0.0044 6.45 -7.00 -2.32 156 312 167 170 163 
6.71 -6.36 -1.59 0.4700 0.8000 0.0000 1.1100 0.3200 -0.1500 6.63 -7.14 -1.03 155 317 165 185 168 
7.37 -6.35 1.00 0.4900 0.5600 0.8600 -0.1789 0.3878 -0.1267 6.80 -7.05 -0.37 164 328 169 173 166 
7.11 -6.51 0.14 0.2700 0.5300 0.3000 -0.1056 0.1789 -0.0711 6.88 -6.97 -0.22 154 323 168 172 163 
8.27 -5.35 1.97 0.9400 2.0600 2.1000 -2.1978 4.3044 -1.5489 7.53 -6.13 1.30 157 299 163 173 168 
2.49 -6.60 3.88 -6.2000 -2.0200 -0.8300 -0.9144 -0.0611 -1.5756 6.73 -5.30 4.75 141 251 140 178 170 
8.83 -4.52 4.03 1.4900 -0.6000 -0.7900 1.0900 0.8289 -0.5744 7.60 -3.21 5.28 166 264 163 176 163 
4.99 -1.85 1.29 -2.5900 -0.0600 -5.2200 1.2622 -0.1067 -1.0167 7.46 -1.14 6.25 156 273 169 172 165 
10.63 2.34 1.21 4.2900 2.1000 -4.3500 3.8311 0.1356 -0.3756 7.30 2.37 6.10 142 271 163 167 164 
14.58 11.10 14.13 4.7000 7.3800 7.8300 0.2311 0.7967 4.1211 7.80 1.49 5.73 158 276 170 170 174 
1.37 0.51 7.53 -5.4800 1.9400 -0.5600 -2.2344 1.4489 1.6200 5.51 -3.21 7.44 163 276 180 180 167 
-1.71 -1.89 2.65 -6.9700 2.8000 -4.2400 -1.6922 -0.6122 -2.0056 6.13 -4.46 6.21 161 280 171 178 165 
6.35 -0.27 0.35 -0.6400 2.9500 -5.0500 0.3922 -0.5689 -2.6133 7.93 -2.02 5.39 151 265 172 180 163 
11.59 2.05 2.25 3.2700 1.6300 -2.4700 1.2700 -1.4389 -1.2744 8.82 1.04 4.13 8 277 172 178 165 
15.66 3.22 2.93 6.7800 1.2600 -0.1500 2.1644 -0.3456 0.8722 9.14 1.93 2.97 160 266 173 184 171 
8.92 4.55 8.72 -0.2100 3.5900 5.4500 -1.1711 0.5011 0.9278 9.28 0.37 3.12 164 271 175 170 169 
10.31 1.86 7.52 2.2700 5.6400 1.2200 -8.6100 6.3056 0.1189 4.48 -5.55 6.72 170 254 222 208 185 
3.76 -3.91 1.08 0.7600 3.6200 -3.9100 -7.0356 2.6911 1.7522 1.05 -9.58 -1.76 161 244 248 262 185 
0.32 -5.53 -7.98 -2.2000 2.7900 -5.0800 -2.1178 0.2633 0.5800 0.56 -7.42 -6.37 160 247 242 263 185 
-0.15 -4.89 -8.41 -2.3100 4.8000 0.4000 5.6156 1.5889 -0.5578 2.16 -9.46 -1.39 165 258 254 262 189 
5.35 -6.84 7.06 2.4700 3.3400 6.0600 -3.1700 -1.1967 0.5878 1.40 -9.27 -2.84 171 261 246 265 187 
-5.67 -7.89 -12.81 -6.1300 0.5600 -8.2700 -1.4278 -0.3922 0.8233 -0.94 -7.84 -5.81 165 261 242 268 192 
-2.05 -8.15 -6.39 -2.6600 0.9200 -1.5800 3.4778 2.1200 -1.3400 1.77 -9.42 -2.06 166 261 238 269 196 
9.81 -1.84 15.54 5.2500 7.4600 12.9900 -0.8356 -0.8800 -0.0189 3.19 -9.23 0.84 173 267 243 256 190 
-0.92 -11.39 -4.25 -1.7800 -2.3300 -2.6900 -1.7378 -1.1767 1.0133 1.66 -9.21 -2.92 7 259 236 250 188 
3.24 -8.93 -2.96 1.4400 0.4200 0.2800 0.2200 0.4578 0.1033 1.86 -9.18 -2.88 158 259 235 253 191 
1.20 -8.78 -2.38 -0.2600 0.5200 0.5300 0.3556 -1.0644 -0.5111 1.98 -9.21 -2.69 151 264 241 258 192 
2.06 -6.76 -3.46 -0.0700 3.1600 -2.0100 1.6689 -2.6078 -1.3956 2.71 -9.21 -1.94 164 251 233 241 189 
5.26 -4.90 -4.11 1.1500 4.1600 -5.4500 4.9078 -4.9367 -2.6811 5.64 -7.90 1.32 99 196 226 224 189 
14.07 -2.77 0.95 6.0200 3.8400 -0.5600 4.2700 -1.5378 -0.3956 7.71 -5.33 2.87 94 159 160 174 165 
10.58 0.68 3.97 1.5600 4.8300 0.3100 3.5156 -0.3944 0.6878 7.79 -4.13 4.28 100 156 159 155 138 
6.25 -1.59 8.70 1.0500 3.2200 2.4100 -1.6144 0.9822 -0.4789 6.76 -4.70 5.31 103 177 165 173 147 
8.15 -2.16 1.36 1.5100 2.8900 -3.7800 -1.5867 0.1856 -0.7222 7.04 -5.34 4.24 102 173 167 171 148 
11.96 -6.23 -2.44 4.3700 -2.0900 -5.8500 1.4844 2.5722 1.5489 6.19 -5.68 5.04 104 166 169 169 139 
4.11 -6.28 7.62 -3.7300 -1.1900 2.3000 -1.2344 -0.1422 -0.7289 6.69 -5.60 4.45 108 174 184 184 154 
;
