6.71 -1.12 3.06 -0.9800 -0.3400 -2.7300 0.6267 0.4700 -0.5478 7.87 -0.02 5.84 140 208 199 207 179 
7.20 1.31 7.45 0.4900 0.1800 0.7100 1.3867 0.0989 -0.2000 6.81 1.60 6.86 139 206 190 205 170 
14.02 2.34 13.72 6.4900 0.6800 8.1100 -0.9144 -1.4322 1.9611 8.54 0.50 4.77 147 229 204 211 179 
11.00 0.74 4.83 2.1200 3.9000 -0.1100 -3.5956 2.1067 3.3944 6.88 -5.41 4.41 173 255 227 265 194 
3.03 -0.84 -0.13 -2.6600 6.8200 -3.6900 -5.2744 -0.3567 2.7744 2.81 -9.39 -0.17 176 287 217 278 194 
0.37 -5.19 -7.17 -0.6800 4.5400 -4.1800 0.0989 -0.0200 0.4878 1.10 -9.41 -2.52 174 282 206 282 192 
1.29 -2.71 -4.76 0.6000 7.3600 -4.8600 5.1667 0.4733 -0.9344 2.08 -9.00 3.26 173 270 213 276 192 
6.64 5.70 6.99 8.1000 10.5100 4.9000 7.9311 -1.9067 -0.3944 4.27 -0.90 8.77 173 270 230 273 197 
2.39 5.49 19.16 -0.3300 4.3000 10.7600 -1.4944 -0.7933 -0.4567 4.69 1.29 8.51 180 276 243 276 200 
5.75 0.44 4.42 1.2400 0.6100 -4.6100 -1.7956 0.1056 -0.4744 4.70 -0.96 8.54 176 266 243 275 194 
5.78 -1.10 7.84 1.0000 0.0200 -0.2300 -0.0789 -0.1589 -0.2044 4.71 -0.97 8.54 169 268 249 281 198 
4.82 -0.93 10.33 0.3700 0.3300 3.3300 -0.7056 -3.1889 -0.0167 6.54 -1.41 7.16 9 237 223 206 188 
12.97 -2.69 6.48 3.9800 0.4900 0.5300 -0.1556 -3.9856 4.3700 8.02 -5.33 1.83 11 229 140 135 145 
2.23 -3.61 -1.28 -2.7600 5.0100 -0.7500 1.6133 -0.6089 3.8656 2.32 -9.41 1.46 107 222 126 138 142 
-1.84 -7.80 1.01 -1.8100 1.2700 -0.9400 -0.0433 -0.0711 -0.2833 1.32 -9.55 1.76 103 224 134 141 142 
2.78 -13.93 -1.94 1.4000 -3.4800 -3.8300 2.4756 0.5578 0.2167 1.02 -9.03 3.66 112 235 147 146 151 
-0.21 -3.79 2.99 -1.3600 5.2600 -2.5300 3.4167 0.5067 -0.5833 0.68 -6.11 7.63 113 238 161 154 152 
-1.14 3.35 14.50 -2.4000 7.1300 5.0000 -2.5733 -0.0422 -0.8444 1.05 -6.06 7.63 120 245 160 151 152 
1.74 -6.07 2.87 -0.3000 1.5200 -1.8600 -4.4244 -0.4900 -0.8256 2.37 -9.24 2.23 115 235 161 151 151 
5.74 -14.34 -6.12 2.2200 -3.2900 -3.0600 0.8233 0.3611 0.0522 2.58 -9.45 0.39 114 235 160 151 157 
2.22 -7.67 2.34 -0.2800 1.7800 1.1300 0.1967 0.1844 -0.0400 2.56 -9.35 1.41 118 236 168 158 158 
2.49 -9.09 1.05 -0.3500 0.0800 -0.0600 -0.2378 -0.0378 -0.0900 2.62 -9.38 1.07 123 237 166 158 156 
2.24 -11.15 0.04 -0.7500 -3.0700 -1.1000 0.1322 1.7889 -2.1656 4.05 -8.85 1.13 122 245 149 149 161 
8.07 -9.08 2.47 1.2900 -0.1600 -0.8800 5.0289 1.3300 -0.8144 4.94 -5.28 6.61 130 327 149 150 161 
3.89 1.25 5.34 -0.5300 3.7600 -2.5700 4.2822 -1.0422 0.2567 5.67 0.06 7.99 130 341 154 158 166 
6.08 2.52 6.05 1.4200 0.6700 -1.5600 0.1511 -0.1011 -0.1378 5.64 1.82 7.80 139 351 160 155 167 
5.82 2.44 7.61 0.2900 1.1400 -0.3100 -0.7278 0.1900 -0.4067 5.37 1.51 8.06 129 349 155 159 165 
5.52 0.99 6.69 0.1500 -0.0400 -1.5600 -2.0278 0.3933 -0.7500 4.94 0.12 8.46 128 358 161 163 169 
4.94 -0.05 8.22 0.4700 0.2600 0.0300 -0.5578 -0.0600 -0.0200 4.82 -0.86 8.49 127 366 164 164 165 
4.39 -1.57 10.64 -0.2800 -0.4700 2.1300 -0.2011 -0.1333 0.0711 4.86 -1.20 8.43 126 368 179 166 174 
5.32 -1.20 7.75 0.0600 0.1700 -0.5400 -0.1333 0.2578 0.1389 4.71 -1.50 8.46 132 367 167 167 172 
4.97 -1.41 8.09 0.2000 0.6700 -0.3000 -0.4733 0.0133 0.2789 4.72 -2.02 8.35 128 368 167 162 171 
-0.12 -1.12 4.94 -7.0800 1.3600 -3.5100 -2.4756 -1.6300 -0.3022 6.20 -4.49 6.11 121 209 200 199 178 
14.01 -9.06 -3.00 7.5200 -3.3100 -3.9200 -1.9267 0.0322 -1.8900 8.90 -3.61 1.94 104 150 175 195 165 
18.80 1.58 1.62 7.1700 4.7900 0.0400 2.2889 0.7400 1.4578 8.79 -3.31 2.79 104 159 170 165 144 
-3.16 0.32 27.00 -7.2600 1.5300 11.7100 -1.1133 1.4156 0.1111 7.28 -4.14 5.09 109 158 165 165 148 
8.89 -1.79 4.26 1.5500 2.1100 -1.9800 -2.1844 0.1178 -1.1011 7.56 -4.64 4.16 105 167 171 162 150 
8.60 -4.82 -2.02 -0.1900 -0.9400 -6.1300 -0.0478 -0.5033 -0.3889 7.94 -4.50 3.57 109 162 183 169 151 
9.14 -5.94 1.71 -2.4600 -1.2000 1.7600 1.1233 -0.9467 0.2044 8.32 -4.28 2.92 109 174 171 155 149 
6.83 -5.28 2.06 -1.1200 -0.0900 -0.4900 0.3622 0.0844 0.1689 7.99 -4.56 3.37 113 175 169 160 148 
7.72 -4.10 3.03 -0.3500 0.4200 -0.3400 0.0556 -0.2589 0.0711 8.00 -4.57 3.33 107 174 165 166 149 
7.34 -4.75 5.92 0.8300 -0.5800 2.9600 -0.6500 1.1122 -0.4356 8.18 -4.36 3.17 128 199 190 191 167 
11.74 -6.15 4.15 4.7300 -1.8600 -0.2400 -2.4744 2.0367 1.7467 6.31 -6.42 3.87 157 218 199 188 169 
4.94 -5.67 1.41 -0.0400 2.8200 -1.8200 -1.3878 0.2878 2.8567 2.23 -9.17 2.65 134 214 202 193 172 
-1.68 -6.58 -0.57 -1.8600 2.7600 -2.0500 -0.3611 -0.9811 0.9756 -0.18 -9.70 1.42 133 192 194 196 169 
-0.03 -9.83 1.60 0.5500 0.1400 -0.1300 -0.9011 -0.6489 -0.4111 0.18 -9.79 0.41 136 190 185 194 169 
0.70 -9.78 0.70 0.0600 -0.0800 0.3900 -0.1044 -0.2022 0.0589 0.26 -9.80 0.07 135 198 196 192 165 
-1.52 -9.74 -1.49 -1.2400 0.2800 -1.4800 -0.2467 -2.1922 -1.2222 1.35 -9.70 -0.46 122 201 191 193 166 
2.94 -8.00 -4.17 0.9700 1.3500 -2.6000 0.4289 -4.3544 -1.9678 3.32 -9.03 -1.85 132 195 183 193 166 
6.76 -8.00 -1.56 3.2300 0.1400 1.1900 0.1978 -1.2933 -0.7844 4.20 -8.29 -3.10 138 192 182 193 162 
3.98 -8.09 -2.44 -0.3800 0.2400 0.5300 -0.0889 0.6989 -0.0822 4.53 -8.20 -2.89 131 192 189 195 162 
7.04 -6.93 0.28 2.3800 1.8600 3.3500 0.0133 2.3567 -0.6189 5.66 -7.80 -1.76 7 229 219 206 178 
13.31 -8.10 0.10 7.4000 0.1000 -0.2600 -2.7533 6.3967 1.4478 5.59 -8.03 0.47 167 282 218 253 184 
6.44 -6.54 -2.67 2.9200 3.0900 -1.4700 -3.3244 2.1389 2.6356 2.09 -9.41 -1.77 172 298 245 278 190 
-0.52 -6.07 -8.47 -1.2300 2.4000 -4.5000 -1.3389 0.0067 0.7778 0.24 -8.48 -4.90 175 308 248 276 186 
-0.81 -3.28 -8.32 -0.7300 6.4800 -4.0800 2.8433 0.3867 -0.3244 0.30 -9.33 -2.99 175 300 235 281 186 
1.97 0.53 -3.62 1.3700 10.4600 -4.6600 6.9544 -0.3300 -0.9889 1.64 -7.89 5.57 172 299 236 287 186 
10.81 7.92 20.19 4.1600 9.7200 15.8100 6.5567 -2.3889 -0.1278 4.46 1.61 8.57 177 292 232 291 194 
4.96 2.41 9.96 -0.1100 1.1700 1.3400 -1.8367 -0.4656 -0.4300 5.15 0.70 8.31 170 287 249 289 193 
5.17 0.09 7.14 0.1700 -0.3200 -1.4300 -0.0433 -0.0622 -0.1278 4.90 0.54 8.47 170 287 249 294 192 
4.89 0.12 8.52 0.1700 -0.1100 0.3400 -0.3222 -0.2422 -0.0778 4.89 0.18 8.49 173 281 258 297 187 
5.10 0.01 8.28 0.0400 0.0500 -0.1600 -0.2922 -0.2089 -0.0711 5.05 -0.13 8.40 170 288 254 289 189 
4.90 -0.20 8.07 0.1400 0.0500 -0.8000 -0.3400 -0.3356 -0.2411 5.40 -0.36 8.17 175 276 252 270 191 
5.57 -0.54 8.19 -0.2000 -0.0200 0.1800 -0.4456 -0.5144 -0.2778 6.02 -0.68 7.70 179 213 188 181 170 
10.73 -1.79 13.64 5.6600 -1.9700 5.2900 -1.8711 2.8211 0.5100 4.24 -2.51 8.47 177 160 139 143 136 
2.31 -2.27 1.36 2.7700 1.5300 -6.2600 -0.0422 3.8667 2.8522 -3.16 -3.61 8.55 186 152 142 148 136 
-3.37 0.45 -2.18 0.8700 2.0900 -10.6900 2.5333 -1.6356 2.1600 -4.78 0.08 8.56 187 156 148 150 141 
-4.02 2.15 19.22 1.3000 -0.2800 7.7700 -0.7156 -0.3589 -0.3967 -4.01 1.00 8.88 189 163 154 147 138 
-4.47 0.75 7.10 0.7400 0.0100 -1.8500 -0.0633 0.2111 -0.2044 -4.27 0.60 8.80 186 162 155 151 140 
-5.10 0.99 8.10 -2.3800 0.3900 -1.4800 -0.5156 -3.3622 -0.9656 -1.64 0.02 9.66 187 178 157 151 144 
2.85 -0.73 6.10 -0.4200 -0.2200 -3.1400 -0.7944 -6.1811 -1.6289 6.34 -0.50 7.46 146 240 193 203 179 
15.88 -3.80 6.91 8.6000 -3.6400 1.0100 -0.2000 -2.2722 0.9344 9.19 -0.80 3.31 105 196 191 209 182 
9.55 -0.02 0.61 -0.1700 3.0400 -2.0100 1.3189 -0.7722 2.0722 8.78 -3.60 2.46 101 172 163 173 157 
3.67 0.52 1.52 -4.0400 5.1200 0.0100 2.5211 0.7944 1.1756 7.48 -4.38 4.56 102 167 165 166 153 
7.42 0.01 7.38 0.4700 3.1400 1.2900 -2.7656 0.4556 -1.7322 7.84 -4.54 3.73 105 173 175 171 162 
10.50 -3.93 -1.37 1.3900 -0.2400 -4.0000 -0.6133 -0.2344 -0.3767 8.48 -4.11 2.69 108 176 183 176 155 
7.02 -7.45 -1.01 -2.5200 -3.0300 -3.0600 1.9300 -0.3178 0.7344 8.25 -4.47 2.83 108 179 165 161 147 
4.69 -5.48 2.20 -5.6200 -1.0700 0.7700 -2.2256 0.0567 -1.2111 8.95 -3.79 1.23 102 184 174 176 155 
;
