4.40 3.26 8.31 0.0100 0.0900 0.0600 -0.0222 -0.0500 -0.0133 4.35 3.17 8.18 180 253 259 254 202 
4.43 3.10 8.15 0.0600 -0.0300 -0.0300 0.0000 -0.0044 0.0133 4.37 3.17 8.17 185 256 265 251 197 
4.50 3.18 8.11 0.1300 -0.0200 -0.0400 0.0422 0.0289 0.0167 4.36 3.20 8.17 180 258 262 250 196 
4.42 3.13 8.09 0.0800 -0.0500 -0.0500 0.0678 0.0567 0.1444 4.34 3.21 8.17 171 254 261 254 195 
4.08 2.95 9.63 -0.7700 -0.1000 2.0300 -0.2533 -2.4222 1.4333 5.77 2.50 7.52 180 229 261 252 196 
12.43 1.50 12.01 3.9900 2.0300 5.2200 -1.6722 -0.7700 2.8344 8.26 -1.29 5.11 179 222 249 259 199 
7.81 1.18 4.37 -0.7200 6.6300 -0.3500 -3.8611 1.8056 3.9744 5.44 -7.39 3.44 185 238 250 265 200 
-0.40 -3.52 -0.23 -2.4200 5.9400 -0.6500 -4.0844 -0.1944 1.7033 1.17 -9.44 -2.35 184 258 257 283 196 
-1.61 -6.09 -5.68 -1.3000 1.5900 -0.6900 -2.6156 1.1611 0.8678 0.06 -7.69 -6.07 180 257 256 293 204 
-0.85 -3.59 -10.08 -1.3800 4.8300 -3.9500 2.0189 1.2089 -0.1389 0.71 -7.76 -5.94 181 271 264 300 201 
-0.72 -0.35 -4.45 -2.1900 9.7100 -2.6800 7.7711 0.0133 -2.4878 3.32 -8.72 3.01 181 268 258 291 198 
17.31 12.86 34.37 0.6700 10.0900 20.1200 2.0011 -0.5956 0.2144 4.90 -0.08 8.49 182 262 275 280 198 
5.36 -0.05 6.19 -0.0100 1.6700 -3.2900 -1.2900 -0.6144 0.1044 5.96 -2.63 7.32 183 267 275 289 204 
5.65 -1.91 6.57 -0.3900 0.7300 -0.7800 -0.0100 0.0889 -0.2878 5.98 -2.48 7.36 191 267 278 289 199 
6.04 -1.95 7.60 0.1800 0.9600 1.4800 -0.1422 -0.1467 -0.0044 5.86 -2.58 7.41 185 265 279 285 201 
5.11 -1.17 6.85 -1.7300 1.0900 -0.9000 -0.7922 -1.7522 -0.5411 6.86 -2.79 6.42 182 208 160 160 158 
9.60 -2.61 9.81 4.0000 -0.4600 3.0700 -1.0067 2.4667 0.2900 5.46 -3.19 7.48 10 166 139 136 144 
5.33 -4.27 8.68 2.7500 0.3000 -0.5500 -0.4733 4.1856 2.4633 -0.48 -4.85 8.50 185 154 138 140 134 
-3.99 -1.20 6.76 0.5600 2.9100 -0.5500 0.2333 1.7156 1.9978 -5.84 -3.48 7.06 190 154 140 147 130 
-6.71 -1.90 -2.82 -0.5600 0.5100 -10.9700 2.2667 -0.9889 0.9400 -6.18 -1.42 7.47 186 156 149 143 135 
-6.63 1.37 17.95 0.2500 -0.2000 5.8400 -0.6622 -0.3467 -0.3500 -5.80 -0.05 7.90 189 158 149 151 141 
-5.51 0.62 7.18 0.3900 0.8500 -0.7700 -0.1589 -0.0367 0.0067 -5.86 -0.31 7.85 195 166 157 151 137 
-5.24 0.36 8.21 0.4000 0.6300 0.2100 -0.0422 -0.1178 -0.0822 -5.69 -0.34 7.97 190 165 157 154 134 
-5.23 0.16 8.38 0.2500 0.4100 0.2400 -0.0678 -0.1178 -0.0478 -5.45 -0.31 8.14 191 164 157 151 136 
-4.61 0.12 8.09 0.5100 0.4000 -0.2100 -0.0222 -0.2189 -0.0467 -5.16 -0.35 8.33 189 161 160 151 147 
-5.27 0.05 8.49 -0.2600 0.4800 -0.1200 -0.1144 -0.6244 -0.2778 -4.62 -0.56 8.62 192 173 160 157 139 
-3.57 -0.33 9.00 0.5400 0.3400 0.3400 -0.0333 -0.2456 -0.2778 -4.03 -0.86 8.89 193 169 157 154 135 
-1.65 0.02 10.37 1.2300 1.9500 0.8000 -0.6533 -6.2844 -2.0700 2.20 -2.14 9.31 157 202 185 165 162 
11.60 -2.98 7.76 6.3900 1.5500 0.3500 -4.5967 -0.0856 2.2256 4.50 -7.09 5.04 127 219 194 181 171 
-0.08 -5.13 -2.51 -3.6200 3.2800 -4.3700 -1.8522 -1.4089 2.7678 0.21 -9.78 0.55 122 212 196 187 173 
-2.45 -8.85 2.78 -1.5800 0.2300 2.3100 -1.1200 -2.0744 -1.2022 0.44 -9.78 -0.41 131 199 186 179 167 
-0.76 -10.38 -1.89 -1.0700 -0.3900 -0.2800 0.0433 -2.7811 -1.9922 1.88 -9.51 -1.47 121 195 177 175 169 
3.31 -6.99 -4.06 0.3300 1.9100 -1.2000 0.7767 -3.8222 -2.7222 4.39 -8.28 -2.85 109 179 191 178 171 
7.59 -6.99 -2.15 3.1500 0.6400 1.8900 0.1322 -0.3433 -0.1256 4.81 -7.86 -3.32 113 179 189 173 165 
4.63 -7.88 -3.42 -0.2900 -0.0300 -0.1500 0.0389 0.2222 -0.0789 4.92 -7.87 -3.14 115 181 188 174 164 
5.44 -7.66 -2.73 0.4100 0.3400 0.4600 -0.0311 0.2178 0.0500 5.07 -7.83 -3.00 112 183 190 175 175 
5.39 -7.37 -2.18 0.3400 0.5200 1.0700 0.0011 0.3756 -0.0856 5.25 -7.79 -2.79 97 195 197 183 170 
7.52 -5.70 2.18 2.6700 1.6600 2.6300 0.1267 6.2256 -1.5622 6.66 -7.02 1.54 15 184 187 166 168 
5.13 -7.25 4.71 0.8900 -1.4800 -1.3800 2.7589 8.1578 0.2822 -0.88 -3.85 8.97 161 165 150 147 137 
-1.47 -1.08 10.29 2.7700 1.0700 2.3300 -0.0633 0.5522 2.0500 -5.95 -2.01 7.52 181 149 138 152 139 
-9.28 -1.25 -3.71 -1.7400 2.3200 -6.1900 4.1878 1.1289 -1.0156 -6.49 0.08 7.34 186 151 160 154 143 
-5.41 -1.10 8.26 0.2700 -0.7000 -0.5800 -0.5444 -0.2678 0.0700 -6.13 0.00 7.65 189 159 156 155 141 
-5.90 -0.14 7.19 0.2900 -0.1600 -0.4100 -0.0789 -0.2267 -0.0356 -5.96 -0.19 7.77 190 160 155 156 141 
-5.61 -0.31 8.05 0.1800 -0.1500 -0.0200 -0.0589 -0.2033 -0.0811 -5.68 -0.31 7.98 190 159 159 155 146 
-6.88 0.06 7.80 -2.6400 1.1200 0.2900 -0.2956 -2.7911 -1.0944 -3.99 -0.96 8.90 190 174 170 156 152 
-0.53 1.83 17.23 0.9600 5.7600 3.4700 -6.3933 -3.6144 -1.5411 3.80 -6.02 6.73 172 268 245 245 181 
6.46 -2.68 -1.82 1.0600 6.8900 -3.7200 -5.5111 -1.0244 1.5967 3.82 -8.64 -2.61 149 295 234 265 182 
2.55 -4.64 -8.77 0.1400 3.1400 -2.5500 -1.3489 -0.0767 1.3878 1.41 -6.81 -6.90 176 294 233 267 197 
-1.23 -2.04 -11.10 -2.9500 6.1400 -6.0100 3.7111 1.7822 0.4478 1.49 -8.77 -4.10 169 275 269 291 185 
-0.09 4.12 -6.00 -2.2700 14.8100 -8.2900 10.7200 -0.6511 -0.6978 2.16 -6.42 7.08 170 272 239 286 189 
0.89 13.23 39.78 0.7500 5.2500 24.7400 -1.5900 -2.1778 -0.2400 3.80 1.01 8.98 167 273 268 280 191 
;
