3.39 7.27 5.45 0.0500 -0.0600 -0.0200 0.0056 -0.0178 0.0078 3.35 7.36 5.53 161 264 202 203 175 
3.36 7.29 5.53 0.0100 -0.0700 0.0000 -0.0078 -0.0100 -0.0033 3.35 7.37 5.53 164 265 200 205 174 
3.37 7.31 5.58 -0.0100 -0.0800 0.0000 -0.0133 -0.0033 0.0011 3.35 7.36 5.53 165 267 211 212 176 
3.02 7.51 5.50 -0.9800 0.2500 0.0200 -0.0544 -0.3333 0.1400 3.47 7.31 5.53 166 269 200 207 176 
4.33 6.55 5.15 0.6500 -0.3100 -0.4200 -0.7611 -0.2667 -0.1022 3.95 6.71 5.95 164 250 197 195 172 
5.63 6.89 6.47 1.0500 1.1800 0.3100 -1.3433 -0.1756 0.9833 4.53 5.42 6.79 160 246 192 202 175 
13.63 3.45 4.21 5.9500 0.3500 0.7000 0.5422 -6.2033 4.5089 9.77 0.74 -0.20 151 281 167 199 179 
9.13 -1.23 -3.03 -0.5200 2.1100 -0.8600 1.4567 -0.1200 3.1333 8.25 -4.93 -1.89 146 309 160 202 169 
4.72 -3.98 -0.14 -2.5200 2.6800 0.0000 2.7000 -0.5133 0.5867 7.10 -6.73 0.64 151 336 191 197 168 
7.23 -5.69 1.52 -0.1900 0.5500 0.7400 -1.6089 -0.6511 0.0378 7.18 -6.66 -0.28 168 344 184 188 165 
6.75 -6.98 -2.18 -0.3400 0.3900 -1.1300 1.7644 0.8311 0.0011 6.93 -6.91 0.50 166 351 196 194 180 
8.00 -5.79 1.50 -0.0700 0.3800 -0.1300 -0.5544 0.2356 -0.0244 6.91 -6.93 0.46 165 353 194 199 170 
5.88 -4.67 1.00 -1.1800 1.7100 0.8100 -0.9467 0.0211 -0.9667 7.57 -6.22 -0.24 168 299 197 195 170 
11.54 -5.01 0.40 3.1400 -0.5300 0.5100 -1.7356 3.1244 -2.3467 9.02 -3.71 0.94 161 234 203 195 150 
12.43 -5.96 3.31 4.2300 -2.7100 -2.0200 -0.4522 8.0778 1.0578 5.22 -3.19 7.65 172 158 149 150 161 
-0.92 -1.28 4.97 0.0700 1.5500 -3.8400 0.8944 4.3511 2.1322 -3.94 -1.86 8.78 180 156 139 163 148 
-4.84 0.96 1.56 2.0700 1.0200 -5.3100 1.7267 -0.2856 1.3433 -5.97 1.30 7.66 189 161 145 164 150 
-9.85 2.20 10.70 -3.6200 -0.4900 0.1600 -0.6400 -0.2733 -0.6533 -4.92 1.53 8.33 184 162 144 167 147 
-3.87 1.63 8.67 0.9900 0.1300 0.2300 0.0422 -0.1456 -0.0256 -4.92 1.39 8.36 187 167 144 170 151 
-4.58 1.37 8.51 0.1600 0.0000 0.1600 0.0600 -0.2056 0.0978 -4.70 1.46 8.47 184 168 142 174 155 
-4.68 1.40 8.62 -0.1800 -0.0600 -0.0300 -0.0511 -0.2656 -0.1489 -4.49 1.34 8.61 192 174 146 170 154 
-3.52 1.30 8.60 0.5800 0.0000 -0.0800 0.1222 -0.2889 -0.0133 -4.11 1.31 8.80 187 170 148 168 151 
-3.99 1.28 9.19 -0.1500 -0.2000 0.0300 -0.0456 -0.4956 -0.1778 -3.60 1.30 9.02 186 172 152 170 155 
-6.45 2.29 10.99 -4.9500 1.1800 2.6900 -0.1211 -6.0222 -0.4444 1.42 1.18 9.62 184 234 211 197 183 
12.38 0.19 10.50 6.9600 -1.0900 1.1400 -0.7356 -3.1478 2.8000 7.28 -0.97 6.49 134 317 178 177 163 
3.91 1.32 1.17 -3.7800 2.2800 -5.1500 3.5544 1.5956 0.1467 6.91 0.39 6.93 112 332 163 156 149 
4.88 3.48 5.60 -0.6700 1.6600 -2.0000 0.8156 -0.2556 -0.6000 6.36 2.26 7.10 124 348 165 163 154 
7.61 3.11 6.25 1.8600 1.2100 -0.9200 -0.8933 -0.0144 -0.3511 6.20 2.08 7.30 122 356 180 195 168 
4.48 0.92 8.98 -1.1400 -0.1000 1.5900 -0.6344 -0.1267 -0.0722 6.00 1.32 7.64 126 363 188 204 178 
6.54 1.33 7.67 0.6300 0.2500 0.1200 -0.1367 0.1756 -0.0878 5.95 1.12 7.71 122 367 194 195 175 
5.52 1.03 7.47 0.0400 0.3600 -0.3500 -0.0933 0.0189 0.0789 5.87 0.93 7.79 132 367 194 193 172 
-0.48 4.54 6.98 -6.8700 3.9000 -2.0300 -3.3722 -1.1789 1.0667 6.26 -1.81 7.32 159 219 245 250 189 
5.57 -3.46 -0.54 -1.9800 0.9500 -4.0800 -6.3100 -4.8256 1.3022 7.53 -6.19 -0.99 156 183 192 206 167 
8.53 -6.29 -13.93 3.6200 -1.8100 -6.2700 -2.8800 -1.3333 -0.6778 4.34 -2.15 -8.52 155 191 203 217 173 
6.07 -3.29 -11.40 2.3600 -1.9400 -2.5600 0.2200 -0.1400 0.1956 3.96 -1.62 -8.82 159 209 201 232 181 
8.29 -6.37 -15.28 3.6400 -2.6900 -6.7200 2.3189 0.1433 1.6056 3.64 -3.84 -8.25 173 249 226 273 204 
1.71 -2.01 -5.08 -2.1300 6.0200 4.0600 5.5911 2.5300 1.3811 3.14 -9.03 -2.16 187 339 277 289 200 
0.89 -3.88 0.47 -1.3900 4.9100 1.7300 0.4878 0.5944 -0.1744 2.73 -9.39 -0.68 193 343 264 295 199 
2.63 -9.45 -0.13 -0.1300 -0.1600 0.4300 -0.3656 0.0078 -0.1189 2.90 -9.31 -0.94 191 345 268 295 201 
3.73 -9.44 -0.97 0.5900 -0.0800 0.1500 -0.0722 -0.0344 0.0389 3.00 -9.26 -1.15 189 337 289 300 207 
3.25 -8.51 -0.45 -0.2300 0.8200 0.4100 0.1778 -0.0789 -0.1733 3.20 -9.21 -0.98 195 342 299 301 201 
1.61 -7.86 -0.76 -3.4600 0.4400 -0.3900 -0.1022 -0.1222 -2.2556 5.21 -8.25 -0.94 165 301 176 156 163 
8.67 -6.42 -4.49 2.6700 -1.2300 -4.9300 5.7867 0.8567 -2.2800 8.29 -4.55 2.58 96 325 144 142 149 
12.78 2.23 4.33 3.4800 4.3200 0.2700 3.6200 0.8578 0.0044 8.61 -0.56 4.65 102 322 153 156 160 
3.17 2.77 6.57 -4.6000 1.6900 0.1100 -0.2489 0.7200 -0.8767 7.66 0.12 6.11 107 342 174 183 161 
9.17 1.57 6.15 0.7900 1.2900 -0.2100 -0.5156 0.8089 -0.8933 7.23 0.88 6.55 115 365 181 184 163 
6.80 0.92 5.33 1.0000 0.3100 -1.6400 -1.6367 0.3822 -0.2544 6.80 0.16 7.05 115 372 190 184 166 
4.71 -2.23 9.64 -1.3100 -1.3500 1.8500 -0.3411 0.1878 -0.1200 6.09 -0.57 7.65 117 372 191 187 164 
5.54 1.19 6.74 -1.0500 2.3300 -0.3100 -1.2256 0.5189 -0.1300 5.82 -1.55 7.73 142 343 195 175 174 
6.35 -0.73 9.00 3.6700 2.8100 1.4100 -5.9622 2.2667 0.1322 4.05 -6.40 6.22 159 234 261 256 195 
1.90 -7.92 -2.27 -1.2200 -0.0800 -4.2700 -5.0467 1.0744 1.8000 1.41 -9.52 -1.84 169 256 261 292 194 
0.19 -7.61 -8.74 -1.5000 1.9300 -5.0200 1.0156 0.4167 -0.5222 1.83 -9.23 -2.74 154 271 266 304 191 
0.75 -2.58 -6.82 -2.0000 7.1800 -6.5800 4.7811 0.5400 -0.9656 3.04 -9.04 2.25 163 268 274 302 192 
7.13 12.06 6.71 6.2900 16.7900 3.8300 8.8744 -1.9000 -1.9967 5.75 -0.02 7.93 167 283 283 280 194 
;
