5.45 3.93 7.22 0.1500 0.1200 -0.1700 -0.0578 0.0622 -0.0100 5.26 3.76 7.36 185 252 243 213 198 
5.07 3.66 7.44 -0.0100 -0.0800 0.0000 -0.1333 0.1867 -0.1711 5.02 3.75 7.53 184 251 236 211 191 
4.75 3.55 8.46 -0.3100 -0.1000 0.6900 -0.4078 -1.0056 0.0800 5.45 3.34 7.43 180 236 231 203 188 
9.32 2.95 7.80 3.3600 0.1700 1.7600 -0.3833 -5.9422 2.9044 9.22 1.30 3.05 145 204 133 139 150 
14.57 -2.23 -1.19 4.0800 0.8000 -0.8900 2.1167 -1.9278 4.7333 8.28 -5.09 -1.27 121 219 122 146 146 
6.46 -5.77 -3.17 0.6600 1.5800 -3.8600 2.8867 0.6044 2.9689 4.23 -8.73 1.41 123 238 125 148 149 
0.86 -5.11 -0.29 -1.2300 3.7600 -4.8700 3.8800 1.3500 1.3378 0.98 -7.31 6.45 123 250 153 151 152 
-1.96 1.20 10.62 -1.5400 5.4700 2.0600 0.7167 0.6600 -0.0833 -0.57 -4.77 8.54 125 258 153 151 159 
-1.81 -1.54 9.70 -1.0600 4.0500 1.9100 -2.5822 0.3733 -1.1733 -0.25 -6.91 6.94 135 247 159 153 156 
2.52 -13.58 -0.57 3.0300 -6.5700 -6.5400 -1.7756 -0.2211 -0.3711 0.98 -9.02 3.70 127 240 146 154 152 
-0.80 -6.90 5.49 -3.0700 2.9800 1.1700 0.1767 -0.2356 -0.7889 1.59 -8.69 4.23 136 242 150 159 159 
0.36 -4.76 0.13 -3.5500 3.6100 -3.3700 -1.6267 -0.9922 -3.9700 5.81 -7.63 2.02 5 228 186 187 189 
14.88 -5.81 -0.13 4.6800 -1.7000 -2.8500 -0.0344 0.1844 -2.7922 9.09 -3.59 0.75 108 186 193 205 187 
13.60 -1.57 2.67 2.9500 1.6400 0.6900 0.7044 0.0378 1.1133 8.79 -4.11 1.36 89 160 166 169 160 
7.51 0.45 -0.26 -1.9400 6.1400 -1.7600 2.0344 1.3511 1.2222 7.53 -5.03 3.74 108 155 158 153 156 
8.46 -2.78 8.57 0.8800 3.3300 3.1300 -1.7044 0.7467 -0.2056 6.88 -5.84 3.82 105 169 165 171 153 
8.83 -4.14 -0.17 1.7200 1.6000 -3.3800 -1.0033 0.4033 -0.9289 7.42 -5.67 2.97 94 168 163 173 161 
7.47 -6.70 -1.33 -0.3900 -1.7500 -4.1400 0.0078 -0.6878 -0.5622 8.04 -4.97 2.58 105 176 173 168 158 
4.61 -3.65 14.63 -0.8100 1.3800 11.8100 -0.1356 0.3733 -0.0978 8.15 -4.76 2.62 111 171 168 155 160 
7.91 -3.80 4.16 0.1400 0.8600 0.5600 0.5800 -0.1111 0.0200 7.94 -4.64 3.38 109 175 170 156 155 
7.86 -3.61 3.24 0.3300 0.9900 0.0000 0.0633 -0.0978 -0.0356 7.98 -4.56 3.38 110 175 176 169 164 
8.59 -3.82 8.31 -0.1100 0.3200 3.7900 -2.4056 5.6778 -1.0244 6.35 -4.85 5.67 147 233 170 161 152 
4.16 -4.98 5.45 2.7200 1.4100 -1.0500 -3.2389 2.9744 -0.5322 1.20 -7.69 5.96 186 317 152 153 148 
1.67 -6.45 4.84 -0.1500 3.3700 0.2000 0.5233 1.0644 -1.7833 1.58 -7.84 5.67 187 341 157 158 148 
7.66 -3.22 5.30 7.1100 2.5600 -0.8700 2.2322 -0.4400 -0.0300 2.29 -5.81 7.55 186 348 159 160 157 
3.59 -8.84 14.82 -0.5800 -4.6200 6.9500 -0.2011 -1.5400 2.8656 2.22 -5.59 7.74 195 343 171 162 152 
-2.67 -7.36 12.20 -4.1500 0.9400 4.9200 -3.0622 0.1700 1.4611 0.48 -8.30 5.19 192 346 167 161 148 
-4.53 -3.49 4.53 -3.8400 7.1200 2.5600 -2.6478 0.9511 -0.4778 0.01 -9.73 1.18 190 341 173 164 151 
1.30 -1.96 -0.43 0.2600 7.4100 -0.5600 0.1289 2.3611 -1.7111 2.15 -9.56 0.25 192 327 167 162 155 
6.91 -3.94 1.83 3.9100 4.2100 0.0900 2.7167 1.6489 -2.1889 4.45 -7.80 3.91 190 333 173 171 159 
11.65 -5.17 7.22 6.7200 -0.2500 1.5500 3.1744 -0.5200 -0.0556 5.50 -4.37 6.83 194 336 168 164 157 
2.73 -6.51 12.88 -3.3800 -2.2900 4.6400 0.3000 -1.5456 2.2467 5.34 -4.56 6.83 190 323 168 168 152 
4.43 -2.60 5.17 -1.5800 1.8400 -0.9300 1.8556 -5.0422 0.3878 7.56 -4.25 4.56 154 239 166 163 156 
10.06 -0.97 -4.64 1.6700 0.2500 -2.0600 3.0367 -6.0156 -2.3700 8.89 -1.72 -3.76 107 218 178 172 163 
11.95 -3.15 -7.42 3.7400 0.4500 -1.2300 2.8244 -1.1222 1.0667 6.14 -4.54 -6.14 108 257 170 164 156 
4.30 -3.41 -4.03 -1.7300 3.4300 0.8200 2.3278 0.9533 0.5133 5.52 -7.38 -3.33 117 302 173 165 159 
5.01 -6.00 -1.99 0.7800 1.5700 1.3800 2.2211 0.3411 -0.2244 5.67 -7.96 -0.68 112 321 171 163 172 
5.40 -7.14 -0.17 0.0000 0.5500 -0.2900 -2.1722 -0.3767 0.3522 5.47 -7.79 -2.34 119 318 180 166 161 
4.97 -7.99 -5.54 -0.5300 0.1200 -2.1300 1.2978 0.3233 -0.3467 5.52 -7.85 -1.98 116 323 176 167 162 
4.59 -4.33 5.42 1.2100 3.4500 6.6800 -0.0811 -0.0444 -0.3356 6.14 -7.63 -0.20 117 324 178 164 164 
11.54 -5.91 4.66 6.1000 0.6400 4.3600 -2.7044 4.6056 -1.2411 6.92 -6.81 1.33 157 232 212 207 189 
9.01 -5.00 -0.54 3.1600 3.6100 -4.1300 -4.1844 -0.0944 2.0144 5.03 -8.41 -0.13 177 254 244 251 189 
4.16 -3.33 -6.35 0.0500 4.8100 -2.5700 -2.2767 -0.2767 2.2144 1.65 -8.55 -4.49 173 270 247 272 195 
-0.90 -5.67 -7.96 -1.8400 3.0300 -3.3500 1.5856 1.0956 0.5744 0.46 -8.82 -4.25 172 272 264 279 185 
-0.37 -1.16 -5.11 -1.4800 8.9000 -3.4800 6.0811 0.9789 -1.3067 1.78 -9.33 2.41 166 274 271 278 193 
4.29 6.35 7.56 2.8900 10.4500 1.3200 7.9567 -2.3467 -2.0433 4.82 -0.88 8.49 177 276 260 279 193 
7.09 3.64 15.86 2.7500 1.6300 5.7100 -1.2300 -1.4344 -0.0656 5.61 1.19 7.94 173 275 267 287 196 
5.25 1.33 7.13 -0.2300 0.5400 -1.0200 -0.6156 -0.2144 0.0044 5.85 0.24 7.86 171 273 265 287 194 
6.70 0.47 7.25 0.5000 0.5300 -0.4000 -0.4178 0.0156 -0.0356 5.87 -0.16 7.84 163 278 267 284 204 
6.45 0.23 7.10 0.4800 0.6400 -0.5600 -0.7122 -0.1467 -0.2622 6.12 -0.72 7.62 165 280 268 291 193 
7.80 0.39 11.44 1.9900 1.0000 4.4500 -4.2267 2.9589 -1.1256 4.47 -2.76 8.27 177 324 116 145 152 
4.46 -6.51 4.99 1.8500 3.3800 -1.3100 -2.7533 3.2122 -2.0300 2.19 -7.85 5.44 190 337 121 153 145 
5.27 -2.80 1.96 3.6200 4.9100 -2.9600 1.2989 0.4978 -1.1444 2.72 -6.99 6.30 186 333 130 156 151 
8.06 -4.93 9.41 5.2900 -0.5300 2.6900 1.5567 -1.0211 0.8811 3.33 -5.07 7.70 189 326 138 165 154 
3.62 -8.79 14.66 -0.0300 -3.4700 7.3500 -1.4578 -0.6689 3.5278 2.38 -6.49 6.94 193 324 133 166 154 
-3.05 -5.39 9.00 -3.5900 3.3500 3.5100 -2.9489 0.6867 0.9611 -0.11 -9.11 3.60 190 330 162 166 150 
-3.33 -2.68 2.86 -2.4900 6.6900 0.7500 -1.4489 1.6456 -1.2222 0.32 -9.78 0.55 188 333 143 162 155 
3.07 -2.53 -0.14 1.4000 6.6600 -0.6300 0.5733 1.9967 -2.1489 3.09 -9.26 0.90 188 337 157 164 165 
9.46 -3.13 2.43 4.9300 4.5400 -0.6800 2.6744 0.7733 -2.1189 5.55 -6.84 4.29 188 330 148 176 154 
15.31 -3.16 6.72 9.5700 0.8100 2.2800 4.2033 0.2367 1.5922 6.03 -3.24 7.01 190 336 162 172 159 
-1.84 -7.20 12.02 -7.0300 -1.9900 2.6800 -0.2778 0.1878 1.1800 4.68 -4.21 7.50 189 334 160 171 157 
4.25 -3.44 9.86 -1.0600 0.0600 2.9000 1.2244 -5.2911 0.7356 6.50 -4.30 5.94 105 191 212 188 171 
13.23 -6.26 -1.66 4.6400 -0.7800 -2.7600 -0.0700 -4.5078 3.2378 7.48 -5.84 -2.45 121 203 212 208 167 
0.82 -3.58 -2.84 -3.4900 4.3700 -0.5200 1.7889 -0.6589 3.0156 2.14 -9.42 -1.63 113 185 184 189 159 
-1.46 -8.10 3.19 -1.0500 0.7400 2.4100 -0.6133 -1.4489 -0.5178 1.21 -9.65 -1.17 117 184 186 176 163 
0.23 -9.08 -4.06 -1.0200 0.5600 -1.7400 -0.3344 -3.1933 -1.8389 2.19 -9.17 -2.68 116 182 184 180 162 
2.25 -7.18 -7.42 -0.4900 1.8300 -3.2400 0.6600 -5.1611 -2.9856 3.26 -8.21 -4.23 120 184 184 180 160 
7.59 -6.74 -3.27 4.0300 1.1800 1.5900 -0.1200 0.1856 0.0322 3.52 -7.86 -4.67 123 187 193 181 163 
1.73 -4.45 -2.35 -2.8200 2.4500 1.4500 -1.8467 0.9822 -1.8567 5.32 -6.40 -5.18 141 197 192 196 186 
;
