2.32 6.22 6.96 0.1900 -0.2100 -0.2200 -0.3389 -0.1700 0.0800 2.24 6.26 7.20 158 264 249 244 191 
2.38 6.01 7.51 0.0000 -0.1700 0.2700 -0.1422 -0.0889 0.1211 2.41 6.07 7.30 165 263 244 245 193 
2.47 5.76 7.40 -0.0300 -0.1800 -0.0100 -0.1944 -0.0967 0.0511 2.60 5.83 7.43 164 258 249 247 197 
3.03 5.32 7.53 -0.0500 -0.0600 -0.0400 -0.5044 -1.2467 0.6422 3.83 5.08 7.45 14 261 251 231 198 
6.59 3.65 4.04 1.8200 -0.8000 -1.7100 0.5278 -0.1622 0.2056 5.38 4.87 6.58 10 259 239 240 194 
13.83 7.18 9.75 6.6400 1.2800 2.8300 1.0778 -0.8900 2.6878 7.71 4.02 4.51 169 287 239 264 197 
9.86 3.52 3.05 0.5900 1.5900 -1.7700 1.4244 -0.2356 3.5533 8.72 0.35 4.46 175 301 249 275 199 
5.88 1.32 1.59 -2.1000 1.7900 -3.6800 1.3956 1.0822 1.6578 8.05 -0.97 5.50 180 313 265 284 206 
3.20 1.95 5.54 -4.1000 3.2200 -0.5400 0.4300 0.1889 0.5611 7.30 -1.34 6.40 160 301 263 273 204 
5.83 1.00 7.06 -1.0900 2.6900 1.1700 -0.9889 -0.3311 -0.1678 7.65 -1.84 5.84 141 234 240 257 203 
8.19 0.73 5.37 0.8300 3.4000 -0.3800 -3.1733 0.7222 -0.2633 7.48 -3.90 4.98 163 207 183 216 199 
8.59 -4.06 2.70 1.7000 1.5900 -1.8000 -2.5867 1.3867 1.5611 5.90 -6.67 4.09 170 200 191 224 198 
1.71 -11.68 2.17 -3.3200 -3.7200 -1.3100 -0.3844 0.2856 -0.3089 4.94 -7.71 3.50 171 206 216 236 204 
5.52 -7.10 3.65 0.5400 0.8100 0.5100 -0.2967 -0.1167 0.1356 5.03 -7.75 3.27 175 214 206 235 205 
4.93 -7.56 2.89 -0.1000 0.4800 0.0000 -0.1200 -0.0478 -0.1789 5.15 -7.81 2.91 171 211 208 235 202 
1.16 -5.48 2.87 -5.0100 1.9500 -0.4000 0.0389 -0.8056 -1.1511 6.16 -7.22 2.43 143 197 201 206 199 
5.69 -7.49 -2.65 -1.3900 -2.2000 -4.6400 -0.2722 -0.8911 -1.5833 8.20 -5.17 1.43 93 161 174 170 173 
14.91 -5.43 0.32 8.0200 0.4300 -1.8600 2.7800 -0.3333 0.3089 8.17 -4.21 3.40 96 167 158 158 156 
8.64 1.90 4.57 0.2900 6.2200 0.8200 2.1578 0.9511 1.3089 7.15 -4.14 5.26 104 165 160 155 154 
-0.48 -2.91 20.44 -3.6500 -2.0600 7.9500 -1.9167 0.3967 -0.6322 6.46 -4.53 5.81 106 164 165 160 158 
5.43 -4.61 7.60 -0.1600 0.7400 0.7800 -1.5722 0.6856 -0.4378 5.62 -5.70 5.65 102 169 166 174 163 
5.34 -3.94 2.71 -0.2000 2.1000 -2.7000 -0.8789 0.2011 -0.9933 5.80 -5.95 5.20 112 172 175 164 158 
8.13 -5.24 0.81 1.3200 -0.0900 -3.6500 -0.2178 -1.2656 -1.5978 7.70 -4.79 3.71 106 171 170 163 159 
7.40 -6.19 9.73 0.0600 -1.5500 11.2200 0.1267 -1.2056 0.0156 8.48 -3.80 3.12 104 169 173 164 156 
7.28 -4.01 1.97 -0.6700 0.6600 -2.0200 0.5467 0.0367 0.5300 7.53 -4.47 4.39 106 175 170 166 162 
8.08 -3.47 4.98 0.5300 0.6400 0.1900 -0.1089 -0.1522 -0.1811 7.86 -4.29 3.97 105 177 176 173 157 
6.32 -4.58 4.04 -1.2600 -0.3000 0.8100 0.3656 -1.1444 -0.5756 8.41 -3.87 3.20 116 178 181 178 162 
13.92 -6.73 6.23 6.5400 -2.2900 3.2700 1.8656 1.0100 0.4556 8.44 -3.16 3.84 149 245 163 162 156 
9.48 -3.62 0.44 0.8500 0.7100 -4.4500 4.5367 -0.5300 1.2922 7.79 -2.49 5.40 115 298 155 150 143 
3.58 0.34 1.04 -3.7600 1.8500 -5.1900 1.5578 0.7822 0.3367 7.05 -1.09 6.72 114 322 168 160 150 
7.51 3.35 6.77 0.9800 3.4800 -0.0400 -1.0944 1.3444 -1.0633 6.18 0.03 7.60 117 345 168 164 153 
7.27 0.11 6.70 1.0100 -0.0200 -0.8600 -1.0900 0.1778 -0.7533 6.15 -0.21 7.63 122 354 168 168 150 
4.91 0.08 6.68 -0.5900 0.9800 -0.8900 -1.3056 0.2733 -0.9922 5.53 -0.68 8.06 124 358 170 167 150 
4.80 -1.40 11.29 -0.9200 -0.8600 2.7900 -0.6300 0.0933 -0.1878 5.24 -1.09 8.21 124 361 172 172 152 
5.34 -1.23 7.47 -0.0600 0.6600 -0.4900 -0.7778 0.8689 -0.0244 4.66 -1.96 8.39 122 363 183 175 154 
-2.15 -1.68 5.44 -5.2200 1.9700 -2.9500 -1.8222 -0.2211 -1.2411 4.09 -3.89 8.01 152 350 174 175 151 
4.04 -4.28 5.00 2.7200 1.2900 -2.1900 -3.7322 7.9867 -4.9889 0.58 -6.84 7.00 187 349 159 158 143 
2.39 -9.69 12.76 1.6900 -2.6400 5.3500 -0.2000 0.8678 -0.3322 0.62 -6.60 7.22 191 337 162 155 140 
1.60 -6.30 5.16 1.6000 2.0700 -2.8400 0.5500 0.1200 -0.0644 0.27 -6.59 7.25 190 344 166 160 146 
3.67 -3.21 7.92 3.3400 0.6200 1.3500 2.0233 -0.0689 1.3467 -0.41 -4.21 8.84 195 342 163 158 146 
0.09 -5.56 16.72 -0.5600 -2.1600 7.2300 -1.4789 -1.2567 2.2289 -0.01 -4.42 8.75 190 349 163 164 147 
-4.46 -6.05 11.40 -4.8600 1.2100 3.3600 -3.3478 -0.0156 0.6889 -0.48 -7.82 5.88 192 348 170 166 142 
-4.28 -3.85 2.95 -3.9200 5.4900 -0.3900 -2.0622 1.1411 -1.2033 0.06 -9.54 2.26 191 347 176 172 151 
0.02 -2.90 -0.18 -0.4500 6.9800 -1.4600 0.3067 1.6867 -1.3522 1.81 -9.47 1.73 193 347 168 166 146 
6.53 -3.40 2.13 3.8800 4.4300 -0.1100 2.9633 1.0822 -1.8178 3.41 -7.72 4.98 193 344 171 166 149 
13.07 -4.04 10.17 8.2300 0.5900 2.9700 3.5856 0.5033 0.8967 4.15 -4.19 7.82 187 341 171 167 147 
0.06 -6.21 14.07 -4.7700 -1.7300 4.5800 -0.4800 -0.9200 2.3322 3.22 -4.65 8.00 191 337 166 181 150 
0.71 -3.71 6.94 -1.8200 1.2700 -0.8200 0.3467 -0.0033 -0.0222 3.08 -4.78 7.98 195 333 175 172 150 
3.19 -6.49 12.01 -0.2300 -0.3800 5.4800 1.1489 -4.8078 0.8489 6.23 -3.67 6.61 187 204 214 178 166 
11.08 -3.24 6.67 4.0500 2.4900 4.0800 -2.5344 -1.3478 3.3478 6.52 -6.59 3.19 148 205 270 264 189 
0.12 -1.30 -3.02 -1.9100 6.4100 -4.2600 -3.7622 -0.6911 2.8167 1.93 -9.42 -1.91 164 228 277 285 194 
-2.40 -7.27 -10.03 -3.7100 2.1400 -6.9800 1.2911 0.4133 0.0089 0.20 -9.33 -2.98 172 243 271 279 189 
-1.62 1.50 -4.99 -1.6300 12.2000 -4.9000 8.0956 -1.2500 -2.8533 3.03 -7.77 5.14 172 246 260 247 193 
12.23 -2.44 33.04 6.1700 1.8000 19.3100 -4.6256 1.1622 0.9967 2.87 -6.67 6.58 168 259 269 260 191 
0.91 -0.58 -2.36 -1.8600 8.2500 -5.6300 -5.1133 0.1844 2.2933 -0.43 -9.66 -1.61 175 266 265 268 197 
-5.16 -5.90 -16.58 -3.5400 3.5700 -11.9100 3.5667 0.2889 -1.3300 -0.50 -9.65 -1.62 177 264 255 280 190 
4.62 3.34 5.49 4.7500 8.4900 8.0700 7.4978 -1.1611 -2.2644 3.19 -5.74 7.28 177 253 271 281 195 
;
