5.29 5.86 5.55 0.0600 -0.0700 -0.0100 -0.0344 0.0844 -0.1222 5.37 5.99 5.60 185 242 209 204 187 
5.20 5.94 5.55 -0.1600 0.0000 0.0000 0.0133 0.0300 -0.0289 5.40 5.99 5.57 183 238 206 202 190 
5.18 5.56 5.26 -0.8100 -0.5400 -0.5100 0.0733 -0.2044 0.0678 5.41 6.00 5.54 181 239 206 206 189 
4.98 6.23 6.06 -0.2100 -0.3200 0.0500 -0.2500 0.0433 -0.2489 4.99 6.06 5.86 182 237 209 204 200 
5.42 5.87 6.52 0.7600 0.0100 0.7100 -0.9089 -0.4700 0.8811 5.23 5.41 6.28 160 228 214 206 189 
18.08 7.41 11.83 9.3300 5.4700 9.3400 -0.5689 -1.4444 3.7133 9.49 -0.06 2.44 172 244 252 249 192 
10.00 0.47 0.20 0.2900 3.9600 -4.9000 -5.1522 2.9911 2.8933 6.62 -6.15 3.79 176 270 227 271 193 
2.12 -3.18 -2.01 -1.9700 5.3500 -3.7200 -3.0144 0.0511 1.5111 3.50 -9.15 -0.04 171 270 238 275 193 
0.51 -5.66 -8.12 -2.1700 4.0000 -8.0100 3.6522 1.0389 -0.8944 3.54 -8.96 1.80 168 274 258 282 198 
7.90 1.53 16.67 3.5000 6.0900 13.7700 6.0067 1.5111 0.3944 3.47 -3.11 8.62 183 291 265 235 193 
2.50 0.04 12.66 -0.7200 5.8500 2.4500 -6.7244 0.8300 0.5378 2.56 -7.65 5.56 178 283 259 257 192 
0.43 -5.61 -9.97 -0.6000 3.5400 -11.2000 -2.1067 -0.0667 -0.2178 2.14 -9.52 -0.92 176 286 259 265 195 
2.74 -4.23 -2.99 0.7500 5.7800 -1.8800 6.4678 -1.3189 -1.3711 3.71 -7.58 4.99 176 285 255 247 199 
5.25 -3.77 20.03 0.7300 2.0300 12.2700 -2.3478 0.9678 0.8133 3.39 -6.27 6.72 29 280 267 238 193 
-0.22 -6.55 1.29 -2.3100 2.0500 -3.3300 -4.4778 0.0767 -0.1778 2.24 -9.35 1.91 183 273 259 251 192 
2.70 -7.74 -3.05 0.5100 1.5900 -2.9000 0.3800 -0.1511 -0.4822 2.76 -9.38 0.72 181 273 264 251 197 
2.41 -9.07 1.41 -0.4100 0.2100 0.0000 0.0667 -0.2611 -0.3456 3.19 -9.19 1.21 169 271 260 251 202 
3.23 -7.87 -1.02 -0.3600 0.9600 -2.5100 0.6056 -0.5900 -0.8933 4.32 -8.71 1.26 180 252 246 236 193 
6.03 -8.03 1.93 -0.5500 0.5700 -0.8300 1.3744 -0.9311 -1.5156 6.11 -7.17 2.70 162 244 202 187 181 
8.54 -5.67 8.96 3.0500 0.2600 2.6000 -0.8889 10.7822 -0.8611 3.15 -5.40 7.54 187 319 145 138 133 
0.47 -5.16 6.38 -0.2200 2.0200 -0.7600 -0.2578 1.3233 -1.0578 1.15 -6.76 7.00 184 322 153 141 146 
6.82 -2.63 8.76 6.5700 1.8100 1.3900 2.1633 -0.7733 0.7822 1.23 -4.55 8.59 192 328 163 152 139 
1.53 -8.26 15.51 -0.6500 -4.3500 7.8500 -0.8322 -1.5322 3.7189 1.37 -4.82 8.42 193 326 151 148 140 
-5.68 -6.50 11.54 -5.8600 0.7000 4.0500 -3.3800 0.2833 0.9178 -0.36 -8.16 5.41 190 326 160 154 136 
-3.50 -3.28 3.22 -2.8300 6.4600 0.1300 -2.0267 1.9600 -1.2278 0.01 -9.65 1.73 190 331 159 155 139 
2.19 -2.32 -0.40 0.8400 7.0800 -1.6100 0.9100 2.3900 -1.9967 2.24 -9.32 2.02 192 333 157 157 146 
6.20 -2.39 5.46 2.8500 4.8800 1.4400 3.0000 1.8822 -2.3456 3.75 -6.73 6.06 194 326 166 155 146 
14.41 -3.07 12.76 7.8900 0.0300 6.6300 3.0589 0.5544 3.1711 2.98 -2.82 8.90 190 320 160 156 142 
0.33 -4.85 12.76 -4.8100 -2.2100 2.7600 -0.6178 -1.3156 3.1644 2.95 -3.79 8.54 191 324 164 152 149 
0.38 -2.47 7.31 -2.5800 2.6100 -0.8900 -0.6356 0.1256 0.2367 2.83 -5.24 7.78 189 326 167 155 148 
2.75 -5.06 7.31 0.5200 0.0100 0.0800 0.6078 -0.2356 -0.2133 2.92 -4.74 8.07 188 322 171 160 150 
5.39 -6.25 8.88 1.1200 -2.2100 0.5100 1.0967 -1.6478 0.6200 4.53 -3.70 7.86 195 298 170 169 149 
8.94 -6.81 6.41 2.7800 -2.9900 0.5600 3.2644 -5.1356 1.7989 7.70 -2.88 5.33 160 256 158 161 148 
10.37 -2.36 1.91 1.6200 0.5900 -3.1200 4.3100 0.0433 2.1600 7.98 -3.31 4.63 116 302 156 153 144 
5.54 0.15 3.07 -1.6600 2.3400 -3.5700 2.2178 1.8611 0.5278 5.93 -1.47 7.67 130 306 159 155 149 
2.10 2.30 7.79 -1.8400 2.7700 -0.4500 0.2933 1.4078 -0.2733 3.80 0.00 9.03 136 233 167 152 146 
3.29 0.91 8.82 0.9800 0.9100 -0.6900 -1.4556 1.1178 -1.4500 1.93 -0.94 9.56 123 166 165 152 151 
1.13 -2.04 9.67 0.5500 0.7300 -0.1800 -2.7078 1.5533 -1.1722 -0.23 -3.96 8.96 139 163 160 147 150 
-1.87 -6.40 6.90 -0.4800 -1.9300 -2.0200 -1.6600 1.6267 -0.6789 -2.32 -6.54 6.92 131 171 166 149 152 
-2.68 -7.73 6.41 0.1200 -0.1300 0.2000 -0.0811 -0.2056 -0.0733 -2.18 -6.96 6.55 130 179 168 154 154 
-1.85 -6.80 6.24 -0.0500 0.1600 -0.4000 -0.0044 -0.3400 -0.0156 -1.88 -7.02 6.57 134 172 159 156 152 
-4.54 -5.18 6.52 -4.7800 1.5100 -2.5900 1.4478 -4.9489 1.4556 0.56 -6.32 7.47 130 182 170 150 154 
3.38 -7.05 4.94 0.1500 -0.9400 -0.4900 -0.6689 -4.5489 3.3544 3.31 -7.61 5.22 129 218 168 156 156 
0.51 -11.39 2.28 -1.5200 -2.3400 -1.0500 -1.2744 -0.7978 0.9811 1.68 -9.27 2.71 126 243 170 144 150 
3.44 -13.96 -0.64 2.2700 -4.8200 -2.7200 1.1556 -0.0144 -0.2900 1.82 -9.19 2.86 125 251 167 147 153 
2.91 -7.95 1.97 0.4700 1.3800 -3.1900 3.4222 1.2278 -0.0378 1.41 -6.87 6.84 131 249 173 154 154 
-1.64 0.52 8.27 -2.1000 6.2300 1.3700 2.1511 0.7478 -0.0911 0.16 -3.51 9.15 127 245 176 150 154 
-1.21 0.59 9.98 -1.2100 4.5100 0.5100 -2.8867 -0.2011 -0.4644 0.42 -5.86 7.84 131 238 182 158 152 
1.28 -8.74 3.74 0.2800 -1.2200 -2.0800 -3.0811 -0.5211 -0.3578 1.45 -8.82 4.01 130 229 179 160 149 
2.81 -10.81 2.23 0.4800 -1.0500 -0.2400 0.3478 0.1667 -0.1422 1.82 -9.05 3.29 129 227 176 161 153 
0.63 -7.88 4.15 -1.9000 1.0400 0.6600 -0.1944 -0.3233 -0.2722 2.22 -8.95 3.31 134 227 174 161 158 
0.32 -10.16 2.24 -2.9200 -2.2900 -0.9200 -0.7444 -1.5733 -2.0511 4.64 -8.48 1.62 166 218 179 170 161 
10.24 -9.95 -0.92 4.6900 -2.5100 -2.3000 1.2700 1.2033 -1.5133 6.86 -6.82 1.57 172 247 195 196 180 
6.59 -3.48 1.88 -0.8400 2.4100 -1.4500 2.9556 1.2011 -0.7344 6.78 -4.31 5.61 180 305 247 221 194 
4.66 2.67 6.70 -1.7600 5.8000 0.5300 0.9022 0.0867 -0.1044 6.56 -2.79 6.73 185 325 274 262 198 
6.55 1.46 7.10 -0.1800 4.2700 0.0500 -2.0689 -0.6200 -0.4711 7.17 -3.58 5.64 184 320 272 279 197 
7.36 -3.63 2.86 0.4700 0.9200 -1.6400 -3.4644 0.3567 0.1678 7.08 -5.87 3.39 185 211 232 280 199 
5.92 -9.25 -0.63 -2.3800 -3.1300 -2.0900 -1.4833 0.4833 1.1222 5.64 -7.88 1.46 161 199 213 255 193 
4.24 -9.27 1.43 -0.3400 -0.5400 0.4000 -0.2667 0.2311 -0.1178 5.46 -8.07 1.02 161 210 216 257 204 
5.49 -7.76 1.64 -0.1500 0.3900 0.5100 0.0267 0.0578 -0.0144 5.53 -8.01 1.15 159 213 220 266 198 
5.33 -7.92 1.58 -0.1700 0.1400 0.2600 0.0533 0.0411 -0.1500 5.67 -7.88 1.31 165 210 218 261 196 
5.06 -7.58 1.82 -1.0100 0.3400 0.4300 -0.0756 0.0467 -0.0300 5.70 -7.86 1.28 164 215 218 246 199 
4.89 -7.33 1.77 -0.4200 -0.0500 0.4800 -0.2533 -0.1411 -0.4789 6.18 -7.55 0.95 162 216 218 227 192 
8.12 -7.96 1.26 1.6400 -0.3300 0.4000 0.0944 0.3267 0.2078 6.21 -7.49 1.21 167 211 217 238 200 
5.06 -7.60 1.68 -0.9900 0.0700 0.2000 0.1589 0.1789 0.0767 5.93 -7.64 1.57 170 222 214 198 188 
4.50 -12.53 -0.76 -3.4000 -4.5000 -3.4600 7.3989 -1.5489 -0.2844 6.44 -4.93 5.50 117 351 151 149 146 
6.61 -0.07 5.41 0.5900 2.4600 -1.1200 3.4667 -0.2233 -0.2400 6.77 -0.01 7.08 117 344 161 153 146 
6.38 3.97 5.27 -0.6000 2.7700 -2.0200 1.1078 0.5600 0.2978 6.22 1.51 7.42 119 334 163 151 156 
3.68 2.85 7.99 -1.2500 0.8600 -0.0600 -0.8744 0.1878 -0.8622 5.81 1.32 7.78 121 352 174 165 153 
6.65 1.21 7.12 0.4600 0.0100 -0.7600 -1.6122 0.5567 -1.0456 5.45 0.65 8.12 125 364 171 170 160 
4.86 -0.74 9.59 -0.2700 -1.3600 1.3500 -0.5367 -0.1022 -0.2600 5.16 -0.20 8.33 127 360 172 177 155 
4.71 -0.31 9.02 -0.3300 -0.1000 0.1700 -0.1833 -0.1122 0.2267 5.13 -0.59 8.33 122 367 177 174 157 
3.66 -0.68 8.12 -1.5100 0.1100 -0.4300 -0.2244 -0.2800 0.1589 5.16 -0.93 8.28 127 368 177 180 163 
-0.02 -0.87 4.09 -5.2300 1.0900 -4.2900 -2.1156 -0.2722 -1.1500 5.58 -2.58 7.63 158 180 175 172 159 
8.74 -6.11 7.91 3.3200 -3.3300 1.0100 0.8644 5.4222 -0.8644 1.25 -1.66 9.58 182 149 168 157 152 
-1.83 -0.55 10.97 -0.7600 0.5600 0.5500 0.8822 3.0978 1.1944 -3.74 -0.08 9.06 187 149 150 146 149 
-4.77 2.06 5.15 -0.2900 1.5200 -3.0100 1.2200 -0.0344 0.8122 -4.82 1.79 8.34 186 153 158 144 150 
-6.95 2.32 10.28 -1.7000 0.0700 1.2000 -0.0544 -0.0511 -0.4533 -4.69 1.84 8.40 194 164 160 144 148 
-3.75 1.32 7.51 0.6100 -0.5400 -1.0800 -0.0322 -0.0244 -0.0389 -4.89 1.61 8.33 185 163 164 144 152 
-4.98 1.59 8.62 -0.6100 -0.0500 0.2700 -0.0789 -0.1633 0.0133 -4.66 1.61 8.47 187 162 157 148 148 
-4.77 1.41 8.16 0.0200 -0.1900 -0.4500 0.0067 -0.1089 -0.1144 -4.55 1.48 8.55 193 164 165 157 156 
-4.47 1.17 8.54 0.0300 -0.2000 0.0700 -0.0144 -0.0111 -0.0022 -4.46 1.46 8.60 195 170 169 156 149 
-4.60 1.25 8.46 -0.0400 -0.1900 -0.2100 -0.0100 0.0067 -0.0200 -4.41 1.42 8.63 189 168 166 152 153 
-4.43 1.21 8.36 -0.2800 -0.0700 -0.1500 0.0767 -0.3078 -0.0533 -4.20 1.42 8.74 189 170 163 154 151 
-4.03 1.25 8.75 -0.3300 -0.1700 -0.1500 0.0133 -0.3478 -0.1844 -3.87 1.29 8.91 188 165 166 160 158 
-3.47 0.99 8.86 -0.0800 -0.2000 -0.1700 -0.0467 -0.2911 -0.2222 -3.57 1.07 9.06 195 173 171 160 156 
-4.33 1.22 8.27 -1.0800 0.7400 -1.2100 0.0578 -2.2567 -0.3511 -1.86 0.91 9.58 189 195 171 155 165 
2.29 2.98 9.54 2.0200 0.9200 1.9400 1.7700 -7.1278 1.5400 6.10 2.52 7.24 190 274 246 227 186 
9.19 -0.72 2.08 -2.5800 0.5500 -1.0000 -3.0467 -6.9589 6.7578 8.24 -4.79 -2.27 189 262 244 264 207 
-3.88 -3.54 -4.84 -6.8000 1.3200 1.4700 -4.0167 -1.7489 1.4478 2.22 -3.82 -8.75 189 241 253 291 199 
4.61 -4.05 -11.65 1.7000 -1.7800 -1.4600 0.2667 0.0556 -0.0022 2.46 -2.49 -9.15 183 249 252 290 196 
2.51 -2.50 -7.63 -0.0400 0.2500 1.3800 0.1256 0.1789 -0.0778 2.86 -2.77 -8.95 183 247 250 286 197 
3.18 -3.04 -8.36 0.5600 -0.3300 0.3800 0.0244 0.0533 -0.0889 3.01 -2.74 -8.91 182 251 255 287 201 
3.27 -2.78 -8.06 0.0500 0.0000 0.9200 -0.1567 0.6322 -0.2589 3.53 -2.60 -8.76 180 248 247 273 192 
;
