3.14 7.01 5.93 0.3100 -0.0600 -0.1900 0.0222 0.0089 0.0156 2.86 7.09 6.13 154 212 200 208 184 
2.70 7.05 6.17 -0.2200 -0.0200 0.0600 0.0122 0.0611 -0.0078 2.85 7.11 6.11 156 214 198 205 183 
2.50 6.90 6.08 -0.3700 -0.1800 0.0000 0.0122 -0.1067 -0.0422 2.81 7.14 6.10 152 211 209 209 188 
2.43 7.34 7.45 -0.4600 0.4400 1.2900 -1.2611 -1.0467 0.3811 3.47 6.49 6.47 142 214 203 201 185 
5.53 5.08 6.07 1.7000 -0.3200 -1.3300 -0.9833 -0.0311 0.3678 4.21 4.84 7.41 170 199 189 170 151 
8.25 6.30 9.75 3.0300 2.6600 3.9400 1.1778 -1.0311 3.2644 5.97 3.96 6.69 186 173 150 140 141 
8.91 4.12 6.85 0.9900 3.2400 -0.5000 -0.6267 -1.6467 4.7800 8.58 -0.83 4.65 186 160 125 145 143 
-0.78 -1.75 2.68 -9.0900 2.2000 -0.1600 -0.6133 -1.3900 0.6422 8.29 -4.32 2.93 186 160 145 153 146 
3.21 1.41 0.41 -4.9000 4.6500 0.0400 -2.8078 -2.3078 -3.3289 9.67 -0.97 -1.24 191 164 147 152 145 
25.28 0.57 -6.45 12.3400 -0.4800 -2.6500 0.7911 0.3400 1.9422 9.70 -0.02 -1.40 185 163 148 151 150 
1.25 -0.75 0.71 -6.9300 1.1300 1.0700 0.1378 0.1033 -0.1756 9.64 -1.67 -0.62 187 169 156 154 154 
11.26 -1.62 -0.22 0.9800 0.0500 0.6300 0.3000 0.3133 0.3178 9.64 -1.74 -0.39 189 169 157 156 151 
8.17 -0.90 0.49 -1.2100 0.7300 0.2000 -0.1967 0.0867 -0.5389 9.72 -1.26 0.06 190 169 161 153 146 
12.98 -1.64 -0.23 4.1400 -1.0900 -0.4400 0.1878 0.5200 -0.0267 9.76 -0.77 0.54 186 168 158 158 150 
14.32 -2.70 0.74 3.6300 -1.2400 -0.9900 1.5122 1.7178 1.4756 9.12 -2.15 2.87 184 215 192 188 186 
7.89 -1.96 2.75 -2.4700 1.2100 -3.5300 2.7467 2.6167 1.3111 6.96 -2.29 6.50 186 324 213 247 199 
2.50 1.39 5.40 -3.6700 3.2300 -1.6300 0.3767 -0.0756 0.3222 6.46 -2.02 7.09 188 329 251 268 199 
4.53 3.52 8.15 -2.0300 5.1200 1.7000 -1.8567 -0.4456 -0.7533 6.90 -2.55 6.47 186 268 266 264 197 
11.02 -1.15 2.11 2.7700 2.2900 -2.6100 -3.3144 -0.2456 0.5533 7.53 -5.02 3.75 174 226 228 265 199 
3.26 -11.01 0.33 -5.1800 -5.9000 -2.5700 -2.0033 1.5444 0.7244 5.63 -7.51 2.81 164 227 238 267 203 
6.66 -6.92 1.50 1.3800 0.3900 0.4200 -0.3744 0.1344 -0.2867 6.00 -7.38 2.35 167 235 232 275 203 
5.28 -7.49 1.53 -0.7200 0.1000 -0.5500 -0.0700 -0.3033 -0.0433 5.95 -7.55 1.89 168 234 238 278 201 
6.50 -7.25 1.64 0.3400 0.0800 -0.0600 -0.0822 -0.1989 -0.1600 6.22 -7.42 1.54 167 230 235 277 201 
6.22 -7.36 1.33 -0.2000 0.2400 -0.1000 -0.0778 0.1144 -0.1589 6.39 -7.29 1.43 163 229 238 274 203 
-0.10 -4.86 0.17 -7.2600 2.3000 -1.7000 1.5444 0.6778 -1.7589 7.15 -5.91 3.15 177 230 236 220 200 
10.22 -0.81 0.12 2.6800 1.1300 -3.8300 5.4256 0.3700 -2.9611 8.42 1.25 4.86 186 269 225 273 203 
17.17 11.23 7.76 8.6600 8.2900 4.5500 3.3589 -1.7133 5.6411 9.52 0.96 2.11 189 335 261 307 203 
5.74 2.28 2.36 -2.5300 7.0400 1.2400 -3.2700 0.1556 5.6656 6.51 -7.32 -0.16 191 266 281 294 206 
-2.91 -3.97 -3.70 -3.2600 2.8600 0.8400 -6.5956 -1.7078 0.5233 2.62 -5.03 -7.99 188 226 229 260 203 
4.21 -3.13 -16.54 1.8200 -1.1800 -4.4500 0.3767 0.2956 -0.0178 2.71 -2.15 -9.17 183 235 221 265 199 
3.14 -1.95 -7.71 -0.1000 0.6400 1.4300 0.1622 0.3411 0.0733 3.18 -2.59 -8.90 182 248 243 266 203 
3.31 -2.55 -8.83 0.1000 -0.1300 -0.1600 0.0100 0.0300 -0.0667 3.32 -2.55 -8.86 179 250 247 271 203 
3.70 -2.58 -8.25 0.1500 0.0800 0.5500 0.0722 0.0178 0.0033 3.44 -2.69 -8.77 185 244 247 273 205 
3.60 -2.66 -8.24 0.1500 -0.0200 0.4200 -0.0211 0.1044 -0.0333 3.58 -2.69 -8.71 181 244 250 275 204 
3.82 -2.64 -8.65 0.2800 -0.0100 -0.0300 0.0733 0.1633 0.0056 3.76 -2.72 -8.63 177 248 245 282 208 
3.95 -2.56 -8.34 0.2500 0.5400 0.2900 0.0311 0.9311 0.1067 4.59 -2.79 -8.20 179 244 247 267 200 
7.44 -3.11 -7.02 2.1300 -0.5700 -0.4400 0.4867 5.1278 -0.1511 7.88 -3.11 -4.93 176 243 183 153 161 
11.07 -1.52 1.99 2.4500 2.1800 2.3700 -2.5178 10.3711 -0.5800 6.95 -3.32 6.06 187 310 150 140 128 
1.03 -4.07 8.54 -1.5100 -0.4300 0.8000 -2.3078 1.9689 -0.8789 1.21 -6.37 7.35 190 335 157 160 135 
3.27 -3.66 4.11 2.5600 3.5200 -2.4600 0.8544 0.3611 -1.1756 1.08 -6.76 7.01 191 339 156 161 130 
6.12 -4.86 7.88 4.8900 0.7200 0.7400 1.7811 -0.7278 0.8822 1.28 -5.17 8.23 193 335 157 156 129 
2.25 -8.90 16.32 0.3100 -5.3200 8.0200 -0.8089 -1.2522 3.0656 1.00 -5.04 8.34 191 327 157 163 132 
-5.85 -4.96 10.42 -5.8200 1.8200 2.8200 -3.2800 0.2578 0.4200 -0.20 -8.26 5.27 191 329 157 163 135 
-3.48 -2.98 2.33 -3.3300 6.8800 -0.5900 -1.7567 1.5522 -1.5489 0.44 -9.62 1.82 187 341 160 171 136 
2.06 -2.07 -1.12 1.2700 7.7500 -2.2600 1.1222 1.7878 -2.0589 2.88 -9.10 2.23 194 335 162 169 138 
8.41 -2.99 5.66 5.6300 4.5400 1.9800 3.4211 0.6667 -1.6400 4.34 -6.07 6.35 191 318 145 168 137 
14.05 -1.70 12.27 7.4000 1.5500 6.9000 3.1667 0.2011 4.1844 3.32 -2.92 8.74 188 331 149 162 139 
-5.21 -4.73 11.63 -9.7400 -1.8100 3.0800 5.0567 -13.8956 -1.0933 9.41 -0.08 2.73 186 232 206 214 172 
8.71 -1.98 -6.23 0.5500 0.7300 0.6600 -0.5389 -2.8900 2.3889 4.42 -2.86 -8.27 141 197 213 220 167 
1.49 -3.44 -9.16 -1.8800 -0.8300 -0.5400 -0.5533 0.0100 0.2733 3.88 -2.31 -8.70 138 204 211 225 163 
5.54 -3.47 -10.69 2.0300 -1.9600 -2.3400 -0.0844 -0.0578 0.2067 3.77 -2.09 -8.80 151 216 215 240 179 
8.01 -4.86 -12.78 3.3100 -0.7900 -4.0200 1.5744 1.0989 1.1122 4.30 -4.07 -7.81 169 232 229 239 181 
2.55 -0.81 -4.83 -4.5400 5.3800 1.2000 4.6222 2.5433 1.0467 3.93 -8.31 -3.40 190 300 268 273 193 
1.36 -4.13 -0.40 -1.6500 3.7700 1.1800 0.1767 -0.0511 0.0889 3.80 -8.86 -1.75 192 323 278 282 192 
4.02 -8.58 -1.47 0.8000 0.0400 0.0900 -0.4300 -0.0289 -0.0711 3.90 -8.74 -2.09 187 332 290 291 193 
3.86 -8.78 -2.39 -0.0200 0.0000 0.0000 0.0344 0.0956 -0.0189 3.91 -8.70 -2.24 191 330 291 287 195 
3.82 -8.45 -2.00 -0.1100 0.4900 0.3200 -0.0011 0.0544 -0.0400 3.99 -8.69 -2.15 191 327 284 284 200 
3.29 -7.49 -2.20 -1.1700 0.5900 -0.3400 0.1633 0.5389 -0.8556 4.78 -8.33 -1.93 190 313 275 290 201 
5.04 -9.13 -4.33 -0.3700 -1.8400 -3.2300 1.0256 0.8011 -1.8544 6.54 -7.23 -0.96 192 314 268 287 197 
12.09 -7.06 -0.84 4.3200 -0.9100 -1.7200 3.5033 0.6800 -0.5778 7.70 -5.22 3.07 127 311 155 132 152 
5.93 0.06 4.26 -1.0600 3.3100 -0.7400 4.1833 2.1422 -0.9611 6.80 -1.45 6.91 101 334 145 130 150 
-0.28 5.34 9.07 -4.4800 2.3700 1.0100 1.8389 0.1289 -0.8133 5.61 3.23 7.35 124 343 151 149 161 
2.04 1.95 7.58 -1.9500 -2.2500 -0.9200 -0.1689 0.0444 -0.2700 5.23 3.19 7.65 128 354 162 144 159 
5.43 3.84 7.26 0.6100 0.8900 -0.7400 -0.5244 -0.0956 -0.0867 5.05 2.82 7.91 127 352 162 138 143 
4.93 1.70 7.34 0.3800 0.1800 0.2300 -1.5167 -0.0311 -0.2744 5.03 1.45 8.28 125 367 158 135 158 
4.97 -0.65 9.71 -0.1000 -1.4000 1.6200 -0.5633 -0.1967 0.0156 5.24 0.28 8.27 121 370 160 154 157 
;
