6.43 3.47 6.87 -0.1300 0.5100 0.2400 0.0411 -0.5411 0.1256 6.67 2.95 6.54 12 245 243 233 185 
6.85 3.04 6.72 0.1400 0.0700 0.3000 0.0511 -0.0100 0.0422 6.77 2.96 6.44 9 246 247 235 196 
7.20 3.04 6.69 0.7600 0.3600 -0.0300 -0.2322 -1.5233 0.6222 7.58 2.36 5.74 10 238 242 254 192 
10.70 1.59 2.90 0.0200 -0.3900 -1.6700 0.6633 -1.3722 1.2411 9.36 0.71 2.83 97 154 149 156 147 
13.36 -1.36 4.90 6.8100 -1.8900 1.7200 1.7278 -1.2311 1.2356 9.67 0.19 1.60 94 153 139 146 134 
10.10 2.87 0.71 -1.3500 5.5800 -1.5700 2.1300 0.8167 3.1322 8.66 -3.67 2.76 96 157 148 152 143 
3.03 0.60 0.37 -3.2500 4.9300 -2.8000 2.5522 0.7611 0.2856 7.53 -3.70 5.07 97 155 148 144 134 
10.23 0.36 10.10 1.7900 3.9100 3.4600 -2.9756 1.7100 -0.7367 6.89 -4.63 5.21 103 162 170 165 139 
6.88 -3.76 -1.89 0.3800 0.2700 -7.5100 -1.0867 0.3422 -1.1067 7.18 -5.08 4.32 107 165 167 160 140 
9.10 -5.51 0.47 1.9900 -1.5900 -4.1700 0.8289 0.3511 0.6322 7.09 -4.66 4.91 105 160 163 159 137 
6.43 -6.83 3.51 -0.4600 -1.3700 -0.3500 -0.0578 0.8222 0.7144 6.37 -5.46 5.06 105 170 170 164 141 
3.44 -5.49 6.27 -2.8100 0.0900 1.5100 0.1178 -0.7144 -0.5578 6.58 -5.32 4.93 100 172 175 172 152 
6.59 -3.48 5.04 -2.2800 -0.5600 0.5300 0.1778 1.0700 -2.5756 8.02 -2.79 4.90 120 201 195 180 163 
12.04 0.11 3.45 4.7800 -0.0100 -0.5100 1.0089 1.7867 -1.4222 7.44 0.44 6.36 177 218 149 136 132 
13.35 5.26 8.19 5.1600 3.0900 1.9000 2.4422 -0.8144 2.3078 6.72 1.78 6.91 188 166 136 149 135 
5.77 3.61 8.22 -3.8800 2.0400 0.9900 -1.1878 -1.3000 3.4111 7.90 -2.03 5.44 190 167 140 152 150 
1.07 -3.10 2.89 -6.8200 1.0400 -0.8200 -0.7300 -1.8056 -0.2444 8.44 -4.18 2.72 191 172 147 156 138 
8.41 0.38 1.09 -0.9200 2.6100 -0.4100 -2.3933 -1.8400 -2.5411 9.71 -1.29 -0.34 193 173 137 155 141 
14.12 -2.04 -2.06 3.6000 -0.4700 0.1700 -0.0789 1.4944 0.5756 9.72 -1.23 -0.25 190 175 148 155 141 
11.36 2.55 3.17 1.0400 3.6400 -1.7100 -5.0667 9.4489 0.4878 6.15 -3.65 6.70 194 248 145 161 147 
1.26 -8.28 8.04 -1.5800 -1.3400 1.6200 -2.8522 1.9756 -0.1711 2.38 -6.89 6.54 199 318 158 160 143 
1.63 -7.62 3.58 0.8200 -0.4500 -1.9700 -0.7256 1.4133 -0.7400 1.45 -8.23 5.12 194 323 153 158 141 
3.39 -6.39 3.05 1.9200 2.0600 -2.2500 0.9156 1.0411 -0.6356 1.36 -7.83 5.73 191 338 149 152 141 
4.40 -4.13 6.90 3.6800 2.3300 0.1200 2.2500 0.2433 0.0267 1.06 -5.19 8.24 192 339 158 156 142 
4.15 -5.50 14.08 2.1300 -1.8700 5.7000 -0.0767 -1.1133 2.4200 0.69 -4.44 8.71 193 343 162 165 148 
-4.90 -9.97 15.04 -4.2200 -3.2400 6.3500 -2.6433 -0.7600 0.8200 0.16 -6.67 7.18 195 352 165 161 142 
-3.67 -4.07 6.60 -4.1300 4.9700 0.8900 -2.9567 0.1478 -0.2556 0.11 -9.18 3.42 195 346 168 159 144 
-2.75 -3.13 0.59 -2.8700 6.4900 -1.1400 -1.0467 1.1844 -1.4300 1.40 -9.65 0.95 192 346 167 160 146 
4.42 -2.63 -1.01 2.0100 6.8300 -1.6000 1.1667 1.5756 -1.7467 3.75 -8.80 2.14 191 343 166 161 148 
7.98 -4.69 3.71 3.9300 2.9800 0.9400 3.3522 -0.0122 -2.6400 5.75 -5.60 5.61 190 350 175 167 146 
9.84 -4.22 13.35 3.1100 -1.5000 6.9200 2.4011 -0.0544 2.6767 4.64 -3.53 7.87 194 339 172 166 142 
-0.32 -5.15 9.26 -4.6100 -0.6300 1.2400 -0.3411 -0.1356 0.5389 4.39 -4.41 7.57 194 335 172 157 146 
4.14 -4.42 6.56 -0.0200 0.6200 -0.7200 0.3089 0.0422 0.0556 4.41 -4.42 7.55 191 207 166 157 154 
6.12 -3.44 6.09 2.3100 1.3300 -1.0600 4.6833 0.9233 1.8778 3.31 -1.97 9.01 193 156 177 163 153 
6.02 5.06 8.86 3.7600 3.7100 2.7100 5.3622 -1.9144 3.3033 4.43 4.03 7.76 191 160 160 160 148 
7.34 4.91 7.89 -0.9600 2.5800 2.8300 -1.8667 -2.7778 4.6578 8.75 0.02 4.41 193 152 154 163 141 
1.37 -1.75 2.64 -7.6800 0.1500 0.9300 -1.2733 -2.6856 0.3100 9.26 -3.19 0.35 193 149 152 167 147 
11.93 0.70 -2.79 4.0000 1.8100 -2.3500 -0.8633 0.2822 -2.4033 9.75 -0.17 -0.94 194 154 149 169 155 
10.80 -0.25 -0.79 0.7600 -0.4200 0.3800 0.1011 0.1489 0.2756 9.75 0.00 -1.00 194 159 154 171 151 
9.54 0.03 -0.47 -0.4200 0.1400 0.4500 0.0444 -0.0467 0.1122 9.76 -0.19 -0.86 193 160 153 170 147 
;
