6.53 1.58 7.15 0.0200 0.0700 0.0100 0.0144 0.0144 -0.0067 6.49 1.53 7.18 183 263 262 256 192 
6.42 1.60 7.22 -0.1300 0.0000 0.0500 0.0256 0.0289 -0.0100 6.46 1.56 7.20 177 260 264 256 196 
6.11 1.60 7.77 -0.1000 0.0900 0.2400 -0.0656 -0.2111 -0.5767 6.37 1.82 7.22 178 259 252 244 199 
6.81 2.05 6.56 -0.0300 0.3500 -0.1000 -0.7633 -1.1544 -0.4278 7.17 1.65 6.47 165 231 180 212 201 
10.91 1.88 -4.84 2.0500 0.9200 -0.8800 2.1511 -8.2211 0.7089 7.54 1.69 -6.03 142 205 187 189 183 
3.53 0.97 -9.30 -4.3100 -0.8300 -1.1200 -0.3067 -0.8578 -0.0256 4.52 1.58 -8.55 139 212 194 193 182 
7.23 0.52 -15.31 4.6600 -2.5900 -9.4700 1.8333 -0.4489 0.5978 3.72 0.59 -9.05 145 224 202 203 189 
7.91 -2.80 -13.00 4.1100 1.6400 -4.1600 4.1267 1.7589 2.1911 4.68 -5.30 -6.78 192 265 230 225 199 
0.98 -2.62 -2.25 -3.4200 7.9000 1.2400 2.0167 1.4533 1.7989 3.56 -9.10 -0.73 189 308 271 264 195 
0.14 -4.38 0.40 -2.4500 4.4000 0.8500 0.1311 0.1667 -0.4133 3.26 -9.24 -0.23 189 312 276 267 200 
2.67 -7.17 0.10 -0.3000 2.3600 0.6800 -0.9656 0.2978 -0.6511 4.06 -8.85 -1.08 188 307 271 274 202 
2.54 -5.28 -3.54 -1.7700 2.3400 -1.5800 -1.9700 -0.1133 -1.4844 5.37 -7.52 -3.25 184 243 207 189 186 
3.86 -6.21 -9.24 -1.6400 -0.2700 -4.2400 -0.6600 -1.3556 -1.6011 6.07 -5.22 -5.64 133 240 155 136 154 
12.81 -7.23 -10.41 6.6100 -2.4200 -3.9700 2.8511 -0.7133 -0.7778 6.12 -5.46 -5.36 123 267 158 153 159 
5.94 -4.83 -2.24 -1.0000 2.4900 1.5100 3.2478 0.5556 0.2233 5.83 -7.62 -1.98 132 306 160 159 162 
5.27 -4.25 6.16 -0.0600 2.6900 4.7200 -1.3600 -0.2000 -0.1244 6.15 -7.55 -1.08 125 298 165 162 160 
6.15 -9.29 -8.26 0.2800 -2.0400 -5.4500 0.5233 -0.1578 0.0189 5.88 -7.37 -2.66 130 305 169 164 165 
6.25 -6.87 -0.98 -0.2700 1.0100 0.7500 2.0433 0.3956 -0.2511 6.23 -7.55 -0.41 137 330 180 171 167 
6.44 -8.01 -1.99 -0.2100 -0.7400 -1.7000 -0.6811 0.0700 -0.0811 6.47 -7.30 -0.92 140 293 174 168 164 
6.31 -7.07 -0.90 -0.2300 0.3300 0.6200 -0.0033 0.3900 -0.3456 6.74 -7.06 -0.85 141 284 162 168 173 
13.25 -7.07 4.77 5.8700 -1.3100 2.2100 -1.9900 3.1389 -0.4189 7.40 -6.30 1.28 144 262 236 240 197 
9.56 -5.19 2.05 0.6100 2.3700 -1.1200 -3.6267 3.3367 2.6389 4.33 -8.60 1.79 168 271 259 266 194 
0.17 -4.79 -5.57 -2.8800 4.9100 -5.5200 -2.1644 0.4411 0.9489 1.53 -9.52 -1.74 160 274 274 274 192 
-0.83 -3.86 -8.74 -2.7800 6.7500 -8.1900 5.8511 0.2622 -1.8244 2.63 -9.04 2.73 170 269 269 273 193 
11.48 -2.13 28.96 6.6700 2.2800 23.2400 -0.1367 0.4856 0.2900 3.75 -4.67 7.75 171 285 268 275 200 
1.76 -3.01 4.93 -1.5700 5.4200 -2.4700 -5.3500 -0.5444 1.8689 1.68 -9.41 2.15 172 287 276 274 194 
-0.37 -5.58 -11.93 -0.9800 3.2500 -11.9100 1.5256 -0.4178 -0.4622 0.88 -9.76 -0.23 173 264 264 263 191 
3.46 -2.38 4.86 3.3100 5.4200 6.0200 5.3400 -0.8556 -2.2178 3.93 -6.49 6.20 170 275 243 261 193 
5.79 -6.34 12.94 0.7500 0.6700 4.5800 -3.1811 -0.3122 0.9511 3.82 -7.52 5.00 172 281 256 266 196 
-0.29 -6.45 -0.73 -3.1500 2.4300 -3.0100 -3.5033 -0.8411 0.5567 2.69 -9.42 -0.34 184 287 260 272 198 
1.31 -8.03 -5.93 -1.4700 1.2300 -4.3600 1.6544 1.4233 -0.9967 3.27 -9.23 0.27 179 271 251 238 196 
0.82 -5.76 -1.81 -3.4700 2.7100 -5.1700 3.7144 0.7356 -2.5189 5.27 -6.67 4.87 175 205 161 158 140 
7.45 3.81 5.09 3.8500 5.9700 -1.0400 5.9322 -0.2144 1.0144 5.05 1.14 8.32 185 182 141 133 145 
11.41 9.28 18.52 2.3900 6.2600 9.5400 -0.7056 -1.9200 3.6378 8.09 1.10 5.42 187 166 128 144 144 
3.44 -0.31 3.61 -6.0000 2.1200 0.8100 -1.5433 -1.7033 1.8233 9.01 -3.53 1.58 192 157 144 147 144 
9.86 -0.13 -3.30 2.9300 2.9500 -2.3600 -1.8100 0.3344 -2.6089 9.69 -0.94 -1.09 172 156 138 151 144 
8.77 -2.17 -0.72 -2.0000 -0.5400 -0.0600 0.3544 0.3778 0.4044 9.70 -1.25 -0.62 189 165 146 151 153 
9.30 -0.97 -0.50 -0.2600 0.0800 -0.2900 0.0056 0.0533 -0.2456 9.74 -0.98 -0.37 193 167 153 154 150 
12.99 1.85 1.48 3.9700 2.6600 1.6600 -0.4289 1.8800 0.5833 9.67 -1.39 0.77 171 206 167 155 164 
12.49 -2.32 6.10 4.3400 -0.4700 2.5600 -1.5722 2.5700 1.6244 7.87 -3.35 4.78 148 264 237 238 187 
5.11 -2.78 0.93 -0.9200 5.6600 -4.0200 -5.0122 1.7333 3.2256 3.63 -8.76 2.47 165 279 234 261 198 
-0.63 -4.33 -8.09 -1.8800 4.8800 -7.4200 -0.2256 0.2656 0.4111 1.57 -9.64 -0.76 165 296 258 273 193 
1.84 -3.48 -3.51 0.0100 6.1400 -5.2600 6.5633 0.2244 -0.9367 2.24 -7.92 5.31 174 290 277 260 190 
4.26 -3.60 29.00 -1.2200 0.3900 17.1600 -3.2800 1.2400 -0.0300 2.02 -6.11 7.39 156 311 291 290 190 
1.62 -5.95 -0.69 0.1500 2.7000 -7.0600 -4.3422 -0.5422 0.2833 1.18 -9.63 1.35 162 312 291 295 205 
2.26 -7.43 -10.50 -0.0800 2.7100 -9.1600 3.6356 -0.0411 -0.5589 1.35 -9.37 2.54 171 314 283 301 196 
5.83 -0.39 11.03 4.2400 6.0000 8.0000 4.7767 0.3489 -1.6056 3.41 -4.21 8.17 183 311 287 286 192 
2.35 -2.30 12.34 -0.7400 2.7300 -0.7300 -5.1122 0.0511 0.1478 2.84 -7.65 5.43 168 306 284 303 193 
2.31 -6.46 -4.78 -0.5000 1.9700 -8.3700 2.7778 0.8278 -2.2011 3.79 -7.17 5.50 179 264 238 225 191 
6.44 -0.65 0.75 5.0900 4.8700 -6.2100 7.8178 3.3667 -2.2533 3.38 0.58 9.18 181 171 139 160 153 
10.06 10.35 13.96 3.5700 6.4900 8.2100 3.5511 -3.3233 3.4611 6.32 4.93 5.64 194 161 142 148 149 
7.41 5.09 6.31 -3.3300 3.5300 3.3500 -2.1167 -2.2389 4.3378 9.69 -1.17 0.93 186 159 133 150 150 
-1.59 -0.59 -1.25 -5.2700 1.7300 -2.1000 -1.7989 -0.8533 -3.4956 9.71 0.47 -1.27 190 168 127 156 153 
10.11 -0.49 0.98 -2.0100 -1.4400 2.7000 -0.0356 0.6511 0.4700 9.73 0.60 -0.97 193 159 153 165 159 
9.29 0.26 -1.51 -0.4100 -0.3600 0.3700 -0.0344 0.1756 0.0889 9.76 0.43 -0.82 194 164 142 162 153 
10.82 1.08 -0.28 2.3400 1.4400 0.9400 -0.1300 -0.1900 0.9800 9.75 -0.20 -0.93 191 173 155 164 153 
18.79 -4.10 -3.27 7.2600 -1.3300 -0.7100 2.4556 -0.0856 5.5422 7.31 -6.45 -0.98 140 248 136 163 155 
-5.76 -2.70 2.83 -9.6000 5.8600 0.9500 0.9344 1.2367 1.0111 2.94 -8.96 2.65 114 263 156 132 148 
4.40 -11.22 -2.73 0.6700 -2.1100 -6.4500 3.0156 0.8111 0.3444 2.58 -7.82 5.31 119 272 137 139 149 
-1.70 0.12 8.24 -2.6800 6.4800 1.6100 2.7522 0.4533 -0.4333 1.82 -4.15 8.69 122 269 153 145 148 
1.09 2.97 11.05 -0.2000 7.7900 1.8000 -3.6022 0.5511 -1.1489 2.12 -5.82 7.60 123 257 160 148 164 
2.26 -5.93 1.78 -1.1300 1.1300 -2.2400 -5.0322 -0.0222 -1.2967 3.64 -8.98 1.45 123 249 160 149 153 
7.37 -14.24 -6.52 2.6800 -4.8100 -4.8500 1.1633 0.3733 0.0378 4.23 -8.84 0.18 134 241 159 152 151 
0.04 -6.50 1.95 -4.7400 2.1700 0.8000 -0.2222 1.7011 -2.8078 5.73 -7.84 1.32 135 227 161 164 163 
5.81 -7.30 1.19 -1.2800 -2.2900 -2.9700 2.5356 3.0100 -3.2933 7.17 -2.54 6.17 145 243 175 180 183 
4.52 2.11 7.05 -1.6000 1.7400 -1.7500 1.4867 0.0700 -1.8056 6.70 1.38 7.02 142 255 185 180 170 
10.13 5.81 4.20 4.9200 2.8200 -0.8800 3.6467 0.0256 0.4722 6.00 5.00 5.91 146 273 176 180 173 
14.41 8.28 11.26 5.4700 3.6700 7.1900 0.5422 1.0678 3.6500 7.82 3.44 4.80 144 276 180 175 167 
4.24 2.94 8.39 -3.0400 2.5100 1.4200 -2.3578 2.7467 1.9878 6.12 -1.34 7.54 146 269 181 179 165 
-2.88 -1.31 6.42 -7.2700 2.8800 -1.5000 -1.9422 -0.4589 -1.0078 4.83 -4.25 7.39 141 273 183 182 179 
2.34 0.42 -1.66 -3.6100 4.0500 -8.4700 -0.8478 -0.7856 -3.4744 7.36 -3.16 5.65 139 278 186 185 169 
11.46 2.55 0.00 4.0300 1.8500 -5.0700 2.2344 -1.1667 -2.6022 8.37 1.84 4.75 149 254 184 185 166 
18.25 5.09 3.99 6.1300 0.6700 -0.3400 2.4611 -0.5067 -0.0489 8.41 4.44 2.34 146 259 187 191 168 
10.30 6.38 7.23 1.1200 2.1000 5.0300 -0.1389 -0.2289 1.6689 9.09 3.21 1.75 142 258 185 193 167 
;
