5.12 4.49 6.93 -0.0900 0.0200 -0.1300 -0.0111 0.0022 -0.0522 5.11 4.51 7.04 169 237 217 218 196 
5.10 4.64 6.73 -0.1600 -0.0700 -0.2100 0.2156 -0.0611 0.0822 5.11 4.75 6.88 175 236 193 198 192 
11.85 6.06 10.49 5.2700 1.9000 5.6800 -0.9167 -4.2922 2.8811 8.74 2.87 3.38 154 233 149 144 147 
5.75 1.26 1.56 -2.8900 0.6800 -3.1800 -1.0189 0.8944 0.5711 8.41 0.05 5.04 145 235 152 153 156 
6.81 2.72 0.13 -0.5100 2.3300 -5.1000 1.7667 0.3100 -1.0633 7.77 1.62 5.75 150 234 152 160 158 
15.19 4.59 6.30 8.0200 1.5700 2.0000 2.3733 -0.1056 1.6811 8.06 2.98 4.70 7 237 157 157 159 
10.55 6.29 10.92 1.6000 5.1800 4.7300 -2.0422 3.7433 3.5356 6.82 -1.34 6.90 157 240 153 170 166 
-8.83 -3.85 4.99 -11.8000 1.3300 -2.6900 -1.5311 0.0267 -0.4689 3.26 -5.56 7.38 159 249 163 164 162 
1.93 2.15 -1.72 -1.7900 7.8600 -8.0900 -0.0344 -1.2489 -3.3922 6.41 -4.24 6.08 156 244 169 164 160 
11.39 1.54 1.93 4.0300 2.6600 -2.6900 2.0622 -1.2656 -2.0622 8.23 -0.11 5.32 158 244 166 167 159 
18.20 3.44 7.93 8.8900 2.0700 4.4200 3.9589 -0.4933 1.3478 8.74 2.33 3.76 154 239 168 175 167 
7.44 3.61 7.19 -1.9700 2.0200 3.9000 -1.0356 0.3367 -0.0289 9.22 1.33 3.05 154 234 176 167 166 
9.11 1.19 5.62 -0.5400 -0.5300 0.4500 -1.6656 4.1667 -0.9389 7.26 1.20 6.47 163 221 178 167 163 
9.73 3.42 4.04 5.7200 1.5900 -3.3300 2.2278 1.4333 0.2489 4.06 3.20 8.32 182 163 155 150 151 
10.98 6.25 12.59 3.9100 2.3300 5.4800 0.0222 -3.5289 3.6289 8.01 1.87 5.32 188 156 152 143 151 
3.75 0.96 4.73 -5.8300 2.5700 1.3000 -0.6556 -1.6711 2.9611 8.93 -3.17 2.49 189 158 150 155 161 
0.33 -0.85 2.02 -8.1800 2.8000 1.2100 -1.8478 -1.9544 -1.8433 9.45 -2.55 -0.36 193 166 161 149 161 
20.42 1.81 -7.91 10.4800 0.3800 -7.0100 -0.5144 -1.2611 0.0878 9.59 0.26 -2.01 189 162 158 150 162 
6.81 0.24 0.22 -2.4000 0.9500 1.7600 -0.2256 0.2411 -0.0033 9.63 -0.52 -1.75 189 167 162 153 159 
10.23 -0.37 -2.07 0.7200 0.0000 -0.4200 -0.1089 -0.1300 -0.0033 9.60 -0.43 -1.94 188 171 171 156 159 
9.67 -0.08 -1.43 0.0000 0.2500 0.2800 -0.0733 0.1300 0.0011 9.63 -0.44 -1.76 190 168 163 155 154 
9.65 -0.30 -1.80 0.3500 0.0800 -0.0800 -0.0233 0.1022 -0.0022 9.63 -0.42 -1.75 191 165 160 154 161 
10.96 -0.18 -1.78 2.3700 0.0400 -0.3100 0.0389 0.5444 0.0944 9.70 -0.47 -1.33 190 185 155 167 175 
16.17 -2.54 -1.58 6.2100 -1.8100 -0.9500 2.4889 3.4544 1.6322 9.46 -1.98 1.64 195 279 230 191 193 
5.13 -0.55 0.08 -3.8000 2.6500 -3.8500 1.6011 0.0778 2.0444 8.11 -3.77 4.01 191 309 255 230 196 
3.65 0.17 4.05 -3.3100 4.3500 -0.4000 0.9378 -0.4044 0.1900 7.71 -3.71 4.78 188 322 271 236 192 
10.36 1.05 5.77 1.6200 4.4000 0.0600 -3.0378 0.3111 -0.6856 7.97 -3.94 4.12 184 288 255 249 194 
8.87 -4.06 0.95 0.5400 1.1700 -2.0100 -3.1556 1.3222 0.3133 7.68 -5.44 2.73 166 194 215 257 206 
5.47 -7.90 -0.72 -2.0600 -1.4400 -2.9800 -1.9900 1.9311 1.1011 5.94 -7.45 2.29 153 198 228 243 199 
4.49 -10.01 -0.08 -0.8400 -2.0600 -0.3500 -0.0644 0.1978 0.1756 5.39 -8.03 1.56 150 205 229 254 196 
5.31 -7.82 1.12 0.1200 0.2700 -0.2400 -0.0456 -0.0200 0.0378 5.29 -8.14 1.35 156 209 228 257 199 
5.11 -8.06 0.87 -0.1900 0.2400 -0.3000 -0.1033 -0.0756 -0.0200 5.30 -8.16 1.16 153 208 232 256 202 
9.10 -6.11 0.67 5.7500 3.2700 -1.2400 -2.6256 6.6133 2.4467 3.63 -8.99 1.39 158 210 214 181 190 
-0.18 -8.64 -2.12 -2.0000 -0.5600 -3.3400 -2.8111 3.0644 2.7178 -0.94 -9.42 -2.55 150 237 226 236 188 
-3.17 -7.65 -5.63 -1.7400 0.0800 -2.4200 -1.3089 -0.2222 0.4344 -2.43 -8.00 -5.12 149 251 237 257 196 
-5.67 -5.21 -10.24 -3.8400 3.6300 -5.2200 4.0067 1.5900 -1.7378 -0.32 -9.41 -2.71 153 249 237 256 196 
13.67 -4.32 22.22 7.7100 3.1900 16.0600 -1.6700 -0.7256 -0.0378 1.15 -9.71 0.72 163 256 240 258 192 
-0.70 -9.45 -3.37 -1.5700 0.3000 -2.4700 -2.3178 -1.3511 1.5578 -0.76 -9.28 -3.05 154 251 242 255 203 
-8.19 -7.32 -11.14 -4.7500 1.3500 -6.7100 1.6089 1.5322 -0.8711 -0.78 -9.25 -3.13 165 259 243 262 196 
1.43 -5.88 2.17 2.2000 3.7600 4.9400 3.0511 1.4644 -1.9311 2.10 -9.49 1.24 150 253 241 252 192 
7.54 -8.28 3.91 4.4800 1.2200 2.7800 -1.6078 -1.6611 0.3511 2.51 -9.47 -0.25 9 253 236 251 195 
-5.51 -9.27 -7.91 -6.5100 -0.4900 -6.1900 -0.3544 -0.2378 0.1411 0.42 -9.43 -2.64 162 252 246 252 203 
2.80 -8.39 -2.38 0.9400 0.9500 -0.6000 0.9744 -0.9933 -0.9344 1.85 -9.51 -1.47 11 256 249 258 197 
3.31 -10.13 -2.87 0.8300 -0.9000 -1.8600 2.1656 -2.6689 -0.2367 2.39 -9.50 0.36 161 251 222 240 198 
4.70 -9.48 0.93 1.9400 -0.2000 -2.0000 5.1311 -1.5967 0.9956 2.40 -7.91 5.26 168 278 242 209 194 
3.46 -2.86 8.58 1.7400 2.2400 -0.2500 3.0944 -0.8389 2.1078 1.55 -4.07 8.78 163 281 144 154 162 
-0.07 1.08 9.06 -0.8500 2.9900 -0.5400 1.0567 0.0733 0.9711 0.66 -1.48 9.67 159 213 138 158 160 
-2.03 0.50 9.26 -0.4200 1.8600 -0.6600 -0.2833 -0.3389 -0.6400 0.20 -1.51 9.68 164 155 150 146 154 
1.49 -1.47 9.53 1.9400 1.2200 0.0300 -2.2478 2.0989 -1.6311 -1.35 -3.93 8.87 130 156 142 147 151 
-2.37 -6.03 6.08 -0.2300 -1.0100 -1.7700 -1.3567 1.7056 -0.6011 -3.64 -6.24 6.62 117 171 134 163 160 
-3.11 -7.04 6.50 0.1600 0.5100 1.0100 -0.2289 0.1889 -0.1922 -3.43 -6.60 6.38 115 167 144 167 162 
-3.86 -7.09 5.06 -0.3800 -0.1800 -0.9000 0.0811 -0.1967 0.0122 -3.42 -6.67 6.31 117 176 147 162 157 
-3.47 -6.25 6.08 -0.3700 0.3300 -0.6300 0.0456 -0.2856 0.0011 -3.15 -6.59 6.54 124 178 153 162 161 
-5.44 -3.29 2.57 -4.8900 2.8300 -4.7100 1.7756 -5.7367 -1.8700 2.25 -5.50 7.79 163 181 165 212 193 
6.54 -0.79 1.49 -1.1000 2.5100 -4.1400 -2.8567 -6.4767 -1.2122 8.76 -4.12 1.50 162 231 216 220 199 
9.92 0.07 -10.65 4.4800 1.4600 -4.8100 -4.7833 -4.5656 0.2056 5.01 -0.37 -8.42 173 236 235 246 199 
8.79 0.35 -14.76 5.2800 -1.8700 -6.5300 -0.0189 -0.7244 0.5156 3.85 1.51 -8.88 175 254 235 251 206 
7.77 -2.90 -14.32 3.4600 -0.1200 -4.6800 3.6078 0.7333 2.4611 3.87 -3.75 -8.18 187 245 235 266 210 
0.18 -2.19 -3.19 -2.6800 7.4400 5.0500 3.6711 1.9078 1.2744 3.15 -8.70 -3.23 195 323 266 250 200 
2.18 -3.78 -0.92 -0.6200 4.0900 1.6600 0.0289 0.0278 -0.0311 2.85 -8.96 -2.75 189 331 287 262 198 
2.90 -7.67 -2.17 -0.2500 1.8200 0.6800 -0.3622 0.7900 -0.6300 3.48 -8.66 -2.99 187 318 252 267 209 
1.15 -6.65 -2.82 -3.4000 1.7200 -1.0900 0.5344 2.6556 -3.2689 6.98 -6.79 -1.06 188 216 199 169 185 
8.88 -4.01 -0.90 1.6500 -0.2600 -3.2000 2.9578 5.4611 -2.8900 7.67 -1.31 5.96 186 167 149 151 137 
8.80 7.41 12.34 3.6300 5.5300 5.4600 4.8911 -0.8233 2.5378 6.18 3.62 6.68 187 150 151 137 138 
9.78 6.51 8.56 0.7100 4.0000 3.7100 -1.0267 -1.9756 4.3867 8.92 -0.45 4.03 189 158 129 146 138 
-0.34 -0.62 4.76 -10.4900 2.4800 3.1800 -1.7000 -2.3911 -0.2589 9.18 -3.41 -0.47 192 159 133 152 145 
18.79 1.58 -11.42 11.3400 2.0000 -9.3300 0.0478 -0.8178 -0.2100 9.57 -0.14 -2.13 194 157 142 151 143 
9.41 0.74 -0.64 -0.6600 0.9900 0.7200 -0.0511 0.3311 0.1022 9.67 -0.36 -1.55 194 164 151 156 143 
;
