4.14 3.98 7.94 -0.2700 0.0000 0.1500 -0.1222 -0.1622 -0.0633 4.50 3.93 7.77 168 267 248 249 196 
4.75 3.92 7.75 0.2400 -0.0200 -0.2100 -0.1989 -0.0867 0.0756 4.49 3.74 7.86 179 271 248 247 192 
4.57 3.99 8.57 -0.4000 0.4200 1.0300 -0.1389 -1.1589 0.6311 5.19 3.34 7.61 169 264 249 242 190 
10.15 2.32 9.16 2.7200 0.1800 3.7100 0.5067 -1.9033 2.5378 8.45 1.39 4.77 173 260 201 188 188 
11.39 -0.35 4.54 3.4800 -0.1700 -1.5200 0.4800 1.9667 2.0767 7.37 -1.05 6.38 168 278 170 164 181 
5.83 -1.84 4.29 -1.0000 0.2200 -3.6900 0.7367 2.1567 1.9411 4.13 -1.87 8.69 164 278 170 163 174 
1.76 0.01 4.76 -0.7200 1.6800 -4.1200 1.1589 0.8500 0.6533 1.96 -0.97 9.55 174 210 143 156 170 
-0.51 0.38 9.06 -0.6900 0.6900 -1.0300 0.1478 -0.5111 -0.5333 1.08 -0.64 9.72 164 158 148 141 166 
1.87 -0.32 9.65 1.5000 1.2800 -0.1300 -1.2589 1.0078 -1.1756 0.37 -1.94 9.60 138 142 125 124 165 
-0.30 -3.19 8.34 0.7400 0.1200 -0.3700 -1.1411 2.3089 -1.0178 -2.09 -3.92 8.73 123 162 126 137 174 
-2.12 -6.08 7.55 0.0200 -1.1500 -0.8700 -0.1533 0.0833 -0.1833 -2.35 -4.53 8.37 124 178 141 148 174 
-2.30 -4.32 8.01 0.0700 0.3500 -0.3300 -0.1178 -0.1844 0.0844 -2.26 -4.67 8.31 129 177 145 148 171 
-3.12 -4.33 3.18 -2.0000 -0.4800 -6.2500 1.0578 -3.0156 -0.1378 0.38 -3.83 9.01 148 184 151 153 156 
9.08 -2.55 11.25 6.4900 -0.1000 2.8000 -1.6422 2.0111 -0.2122 2.06 -2.63 9.21 175 185 121 158 164 
-1.65 -4.03 11.55 0.3900 -0.4200 1.7000 0.2189 3.1678 1.6667 -2.82 -2.52 9.04 189 162 140 154 157 
-3.44 0.43 4.90 2.7300 0.9300 -6.6900 0.9633 0.5322 1.8389 -5.38 -0.40 8.18 192 163 149 155 159 
-9.03 4.88 16.41 -3.2200 2.3400 7.5500 -0.4344 -0.8033 -0.5600 -4.39 1.20 8.68 190 169 150 155 164 
-4.60 1.10 8.40 0.2500 0.5100 -0.6000 -0.3467 0.0833 -0.2789 -4.50 0.39 8.69 192 167 151 165 164 
-4.08 0.07 7.85 0.5700 0.2200 -0.5500 -0.0911 -0.1000 -0.1722 -4.40 0.02 8.75 190 174 157 168 166 
-4.54 0.38 8.81 -1.0900 0.8100 -0.1700 -0.3356 -0.8433 -0.7333 -3.54 -0.55 9.12 189 177 152 165 164 
0.90 1.47 9.77 -1.9000 1.2500 1.0100 -0.0133 -7.4889 -0.0956 6.02 -0.05 7.73 130 240 158 160 159 
9.95 -0.67 3.64 1.8400 0.0100 -2.4200 -0.6689 0.5589 -1.6611 7.88 -0.17 5.82 133 283 158 160 161 
11.06 2.58 0.61 3.1900 1.3700 -5.2500 2.0033 0.1011 -0.5189 7.69 1.91 5.76 138 287 161 165 175 
16.19 7.01 12.51 7.9000 5.2100 8.2600 1.0189 1.3911 3.4056 7.53 1.54 6.07 135 289 173 158 173 
1.39 1.51 9.26 -6.0900 2.6100 1.1600 -2.4033 2.3789 2.3711 4.93 -3.66 7.63 152 290 164 164 170 
-1.82 -0.27 1.93 -5.5100 5.2200 -5.3700 -1.8478 -0.1989 -2.3267 5.01 -5.34 6.51 145 284 168 156 171 
7.16 0.48 -0.75 0.6600 3.7600 -6.3600 0.8389 -0.7522 -2.8578 7.44 -2.56 5.84 154 277 167 160 180 
11.94 0.53 2.74 4.4000 0.0400 -2.1900 2.0256 -1.4544 -1.3522 8.64 1.17 4.47 146 275 174 161 176 
10.35 4.06 12.14 -1.5500 1.4300 7.7400 0.5533 -1.2456 1.4011 9.12 1.66 3.19 160 254 170 167 175 
8.48 2.32 3.94 -0.6700 0.6900 0.2600 -0.2800 0.5778 -0.3833 8.95 1.56 3.67 159 255 168 159 175 
8.37 2.66 2.97 0.7900 -0.2000 -2.2900 2.2133 2.3844 -1.2744 6.77 3.99 5.86 184 260 220 213 195 
13.10 8.25 7.33 4.6500 3.6300 3.5800 0.8256 -3.4156 5.4967 9.55 1.35 1.73 189 266 260 249 200 
6.82 0.30 2.36 -3.6500 4.1000 1.4500 -2.3022 -1.2167 5.4411 6.81 -6.83 -1.71 192 257 268 264 201 
-1.25 -3.24 -2.18 -4.4800 3.8800 2.7800 -4.4433 -1.4289 1.9133 2.25 -6.51 -6.97 189 218 232 241 205 
3.88 -4.31 -18.08 1.1600 -0.8800 -8.3100 0.2067 0.0633 -0.0289 1.99 -3.56 -8.91 173 228 237 242 199 
2.59 -3.46 -7.70 0.1700 0.9300 0.9700 0.1167 0.4300 -0.0789 2.49 -4.01 -8.59 176 233 252 248 206 
3.62 -4.11 -9.27 1.2100 0.0600 -1.0500 0.1011 1.7644 0.0589 3.70 -4.14 -8.07 176 224 235 236 203 
12.04 -3.92 -9.43 7.0300 1.2600 -2.8200 -0.8978 8.6789 3.4233 7.59 -5.88 -1.97 156 244 241 240 200 
-0.13 -4.55 -4.23 -5.9600 4.9500 -3.2100 -4.4856 4.2911 4.8044 0.86 -9.71 -1.01 153 247 236 223 201 
-0.62 -6.40 -3.93 1.8600 2.3000 0.4100 -1.4878 0.4178 0.8200 -1.13 -8.66 -4.45 152 258 253 233 195 
-6.37 -6.54 -14.51 -5.7900 1.7800 -9.2100 3.0511 1.8000 -1.1611 -0.12 -9.09 -3.67 156 252 248 245 196 
11.61 -4.70 24.36 9.7900 4.4200 22.6400 -1.2611 -0.4822 0.4778 0.96 -9.75 0.09 164 258 243 245 196 
0.44 -7.83 -4.15 -1.1800 1.2400 -2.9800 -2.1056 -1.3200 1.2589 -0.72 -9.02 -3.76 160 256 249 253 197 
-7.62 -7.63 -13.47 -4.5100 1.0600 -7.5800 2.1544 1.8233 -1.0356 -0.25 -9.15 -3.50 161 258 251 251 194 
3.44 -5.06 6.85 3.4900 5.1700 10.0100 2.7433 0.6889 -1.1700 2.11 -9.49 1.23 161 260 235 246 195 
4.13 -9.06 -3.12 1.6500 0.2200 -3.1200 -0.3811 -0.1656 0.5622 2.15 -9.56 -0.24 165 253 232 243 197 
1.94 -9.56 -0.24 -0.1000 0.1700 -0.2900 -0.0756 -0.1489 0.0333 1.84 -9.62 -0.21 165 259 237 249 196 
1.59 -10.66 -0.07 1.5400 -0.9600 0.5600 1.8456 -7.0311 -1.4744 2.97 -9.31 -0.69 170 250 234 248 193 
1.66 -10.19 -2.09 -0.7200 -0.4000 -1.8900 -0.6556 -1.0511 1.1033 1.26 -9.52 -1.95 170 267 237 269 202 
-1.29 -6.17 -6.86 -2.7900 3.7300 -6.2100 2.4211 0.0133 -0.8233 1.32 -9.70 -0.37 174 275 252 275 202 
-0.58 2.44 -1.72 -0.4900 10.6500 -1.5100 8.2344 -0.9744 -3.1633 4.56 -4.90 7.15 175 270 259 276 198 
9.10 1.37 23.11 4.2300 4.0800 9.8100 -4.3022 -0.1222 1.6389 4.12 -5.48 7.00 176 280 262 277 202 
0.41 -4.02 -1.14 -2.1500 4.9000 -4.4200 -4.1278 -0.5856 2.1922 1.44 -9.57 1.54 179 283 259 280 196 
-1.57 -7.23 -12.10 -2.3900 2.7900 -10.5700 2.5033 0.7100 -0.9000 0.95 -9.71 0.97 182 282 255 289 201 
7.03 -3.04 8.59 6.3200 3.7100 9.7100 4.3556 0.4044 -1.4644 3.65 -6.01 6.82 188 283 273 276 197 
5.70 -5.34 10.54 2.5400 1.9600 2.5000 -3.3356 0.0189 1.7844 2.71 -8.31 4.44 182 288 269 276 199 
-0.64 -5.94 -1.03 -2.4000 3.3500 -4.2100 -3.5322 0.3389 1.0578 0.59 -9.75 -0.79 180 285 268 280 199 
0.51 -9.04 -4.49 -0.6200 0.5200 -2.5100 0.6033 0.7089 -0.7689 1.39 -9.62 -1.25 174 283 265 294 204 
-0.06 -8.05 -2.92 -1.4800 2.1600 -2.5600 0.5022 1.1722 -1.1733 2.58 -9.45 -0.40 185 277 257 277 198 
4.09 -4.74 -5.25 0.0200 4.0100 -6.1400 3.5378 -1.6967 -2.7078 5.74 -7.62 2.24 116 235 255 237 201 
16.52 -5.78 3.14 3.8400 0.2400 -2.9000 3.2400 -2.9878 -0.3167 8.38 -4.40 2.52 93 158 159 174 170 
12.21 1.79 5.50 2.2000 5.6100 2.0300 2.6300 -1.9233 1.1522 8.55 -4.22 2.25 100 166 155 157 155 
6.21 -1.58 16.74 0.8300 3.2800 8.7100 -0.9733 1.1233 -0.1889 7.98 -4.34 3.66 99 167 162 173 151 
10.91 -0.64 -0.83 2.4400 3.7000 -5.1200 -2.5744 1.2444 -0.6411 8.12 -4.66 2.90 104 172 159 167 147 
11.29 -8.51 -5.39 3.2400 -5.0000 -9.1100 0.4556 0.4622 0.1900 8.34 -4.23 2.92 101 170 143 148 137 
13.37 -1.85 7.91 -2.9000 0.5500 2.9700 -1.8856 1.5156 0.0411 8.18 -4.50 2.99 107 173 173 164 148 
;
