1.96 4.82 8.16 -0.1800 -0.0400 -0.0600 -0.0256 -0.0233 -0.0544 2.15 4.87 8.23 174 347 312 342 211 
2.62 4.86 8.21 0.2400 0.0400 -0.0100 -0.2022 -0.0033 -0.0500 2.22 4.73 8.29 161 345 317 346 210 
2.39 4.56 8.23 0.1600 -0.0200 -0.0200 -0.0656 -0.0167 -0.0144 2.24 4.59 8.36 181 338 299 330 210 
3.82 8.83 21.69 4.2200 2.5800 10.2300 -5.1478 -4.7267 1.4756 5.45 -0.14 8.14 173 336 282 252 206 
7.75 2.50 9.19 0.8100 6.4200 -1.5800 -5.8044 3.4522 2.4667 4.01 -6.65 5.97 168 339 306 286 206 
2.85 -3.23 -4.84 0.1900 5.5000 -7.0800 -3.3356 2.1878 1.9678 0.54 -9.74 0.96 174 343 299 296 207 
-3.05 -9.09 -5.36 -3.5000 1.0900 -5.1500 2.1744 -1.4011 -0.6956 -0.10 -9.61 1.93 177 340 305 292 205 
4.01 -2.25 -3.27 0.7900 6.8000 -6.0700 5.7111 -2.4833 -2.8411 4.28 -5.97 6.48 175 335 300 293 205 
3.76 7.20 10.79 1.1400 8.9400 8.9000 4.2889 2.2289 -0.3333 3.32 2.65 8.83 178 335 297 300 205 
0.83 4.39 16.80 1.2500 0.2400 7.7400 -0.2100 -0.2111 -0.1344 2.72 4.17 8.44 172 334 299 324 207 
3.05 4.06 8.74 0.1500 -0.0300 0.2200 -0.1567 -0.2911 -0.0711 2.83 4.05 8.46 173 331 303 324 211 
3.59 8.71 16.24 -0.2800 6.1600 8.5700 -1.4544 -5.6556 0.3367 6.78 3.56 6.12 6 274 240 221 205 
8.07 2.55 -1.28 0.5800 0.9800 -2.3500 -2.6911 -3.8244 4.9300 9.18 -3.40 -0.43 171 205 122 141 145 
-0.42 -4.49 -0.61 -4.1000 3.2600 -0.4400 1.3700 -0.4578 2.7556 4.03 -8.73 -1.91 112 224 111 131 131 
2.35 -11.94 -7.22 -0.4300 -3.1200 -5.8000 0.8178 0.2711 -0.5233 3.79 -8.94 -1.33 117 254 132 146 137 
3.87 -11.63 -10.69 0.0200 0.8700 -10.1000 6.4544 1.6378 -1.4556 4.71 -6.90 5.11 117 288 125 149 139 
3.03 5.73 14.55 -1.2900 8.4500 5.9600 -0.6622 -0.0833 -0.0022 4.46 -4.55 7.44 119 302 132 151 138 
4.67 -5.70 5.75 -0.0400 -0.0500 -0.7500 -0.3589 -0.1456 0.0222 4.58 -5.42 6.76 121 303 137 148 148 
3.93 -2.78 9.06 -0.6200 3.5100 3.2900 -2.7833 -0.2900 -0.5378 5.16 -6.82 4.78 153 303 146 164 162 
3.07 -9.00 -1.20 2.2200 -3.2800 -7.0600 -1.8756 -2.3667 -2.9211 7.99 -5.42 -1.68 134 317 146 177 180 
8.57 -2.11 -5.13 -0.0700 1.6700 -2.9200 4.0511 2.0600 -3.8067 9.79 -0.32 0.33 122 338 146 175 181 
8.97 6.77 0.89 -2.1000 4.0500 -0.6600 0.8522 0.7767 -0.0933 9.69 0.93 1.11 101 342 147 176 183 
10.82 3.02 0.13 1.1300 2.0400 -0.9400 -1.3033 0.4033 -0.5222 9.56 1.32 1.70 119 351 153 182 181 
9.46 3.84 -0.58 -0.0900 1.9900 -3.3000 -1.7200 0.2033 0.7167 9.38 0.67 2.74 124 341 147 180 179 
6.98 -4.27 3.43 -3.1800 -2.9400 1.1000 -0.9767 1.3122 1.3400 8.85 -2.67 3.23 122 334 151 176 178 
8.38 -4.92 4.62 -0.0500 -1.6300 0.6200 -0.4544 0.0267 0.0667 8.62 -3.17 3.41 124 340 151 180 176 
8.20 -2.30 3.91 -0.8900 1.4800 0.7400 -1.9767 0.5944 -0.2244 8.51 -3.80 3.03 136 240 159 180 194 
7.77 -4.64 -2.24 -0.0900 -1.3000 -3.7800 -1.0378 2.8056 -1.9856 8.07 -3.08 4.63 103 173 189 201 187 
15.25 -2.66 4.98 3.5100 -0.4800 -0.0900 1.7767 -1.9089 -0.1444 8.70 -1.37 4.30 96 144 145 166 144 
11.60 2.01 -1.59 2.4600 3.6500 -3.9200 3.4300 -0.9344 0.8356 9.19 -1.00 3.26 97 149 148 167 139 
11.87 4.51 6.08 2.3900 4.8000 4.1500 3.0400 0.2789 0.0856 9.42 -0.30 2.70 95 154 151 164 139 
9.05 3.07 5.28 2.2500 4.0700 2.5400 -2.2711 0.6167 -0.7422 9.48 -0.28 2.47 98 153 162 172 140 
9.40 1.76 -2.25 0.0200 1.5300 -6.0900 -2.1522 0.1289 -0.6378 9.29 -0.32 3.09 103 157 158 172 142 
10.92 -1.45 -2.04 2.3900 -2.5800 -3.3700 1.0589 0.5533 -1.5600 9.30 1.77 2.53 101 156 162 169 142 
9.74 1.52 1.86 0.8100 -0.4900 0.8100 1.6967 -0.2022 -0.0911 9.42 2.54 0.93 97 153 157 167 141 
13.07 1.55 3.39 3.4300 0.1600 5.3800 -0.6056 2.8567 1.1444 9.23 1.54 2.91 107 175 167 180 159 
14.17 1.21 2.65 3.4300 4.7800 -6.5700 -8.1311 3.1922 5.0244 4.67 -7.12 4.84 136 203 179 198 169 
-3.00 -5.23 -6.74 0.3800 3.2500 -1.9800 -1.8067 0.4178 3.5100 -2.00 -9.46 -1.60 159 207 179 203 169 
-1.56 -10.90 -0.04 1.9400 -0.4100 1.7700 0.0989 0.1144 0.1389 -2.27 -9.36 -1.80 157 206 180 209 168 
-5.58 -7.62 -5.71 -4.3600 1.9800 -4.0900 0.2289 -6.0500 -6.4933 1.99 -9.30 -2.35 160 200 168 204 169 
5.22 -1.65 -10.69 1.4700 4.4600 -4.5800 0.5467 -6.2544 -5.8100 4.78 -5.16 -6.82 158 183 183 199 167 
6.29 -3.81 -8.53 0.1600 0.7900 -2.0100 1.3056 -0.2900 -0.6467 5.14 -5.37 -6.38 148 193 181 198 168 
7.35 -6.18 -1.68 1.9300 -0.1700 3.3300 0.0022 0.6900 0.3733 5.71 -5.64 -5.61 160 188 185 204 178 
8.36 -4.07 -1.73 2.2100 2.9000 4.6000 -1.5633 2.2511 1.0356 6.40 -5.61 -4.86 162 221 190 199 182 
10.28 -3.49 -10.56 4.3700 3.1500 -7.2100 0.8744 6.2156 3.4633 5.82 -7.86 -0.63 154 331 277 307 189 
1.16 -9.24 -4.01 -1.4900 -0.7100 -3.6900 -0.7567 3.0944 0.9422 1.63 -9.43 2.11 7 345 275 325 193 
0.06 -9.09 -5.29 1.3400 0.8000 -6.2800 2.3289 -1.3933 -0.2000 1.21 -9.15 3.29 163 342 288 327 200 
3.30 -0.27 0.66 4.4300 6.9000 -3.1800 6.5422 -1.6911 0.8222 1.97 -4.10 8.68 168 350 294 331 198 
1.59 6.03 14.95 -2.6900 3.3700 3.5500 3.1367 -0.5544 0.4722 2.48 2.57 9.13 173 348 280 323 188 
2.08 4.48 9.76 0.1800 0.4900 0.5600 0.6789 -0.4567 -0.0689 1.71 4.08 8.74 174 347 291 318 194 
2.45 5.27 11.48 0.1100 1.7500 2.9900 -1.1522 -0.4078 -0.3044 2.19 3.47 8.90 169 336 269 293 197 
2.42 5.14 12.52 -0.8700 3.1000 2.4700 -2.7600 -0.6600 -1.8711 3.66 0.79 9.06 146 184 148 170 166 
8.14 -3.54 7.63 5.7500 -0.9500 -1.5900 -2.6022 4.4656 -0.3300 0.20 -3.19 9.26 9 153 132 160 146 
1.92 -4.52 5.78 5.4200 -0.1500 -3.6400 0.5256 3.3078 1.4633 -5.06 -3.14 7.78 176 145 137 150 142 
-2.01 -0.83 2.70 5.5000 -0.1000 -4.3300 0.8922 1.3367 2.8133 -7.95 0.31 5.72 178 147 141 152 143 
0.92 7.13 2.66 6.4500 3.8500 -2.0400 1.3689 -0.1467 4.8056 -6.32 5.64 4.92 180 149 138 158 146 
-12.79 9.03 8.29 -4.2300 2.5500 1.9800 -0.1122 -0.9656 -1.3056 -4.93 5.97 6.01 182 153 148 158 156 
-4.09 5.90 6.37 0.0700 0.4200 -0.1700 -0.5267 -0.7633 -0.7756 -4.88 4.88 6.95 183 157 151 163 149 
-4.66 6.26 8.35 -0.8300 3.8300 -0.5700 -2.1922 -6.5489 -3.5311 -0.07 1.64 9.66 162 213 177 180 172 
8.79 2.52 1.78 2.3800 1.1200 -4.2100 -2.0356 -4.2133 1.5256 8.24 -0.33 5.29 100 236 192 206 176 
11.87 -6.00 -0.61 3.1000 -3.1200 -4.6900 0.0833 -1.7822 1.2256 9.36 -2.62 1.22 85 166 127 155 141 
8.01 -2.25 -5.72 -1.7200 1.7600 -7.6800 3.8100 0.2822 0.1078 9.22 -2.37 2.33 85 166 151 159 131 
8.66 4.61 0.98 -1.1100 5.6500 -1.3700 4.7244 -0.6867 -0.1589 9.38 -0.03 2.84 95 160 145 148 129 
9.40 2.42 5.07 -1.1800 2.5900 3.4000 -2.2600 0.3467 -0.2722 9.41 -0.16 2.75 94 165 155 161 135 
11.83 2.93 -2.20 1.4500 1.9300 -6.2900 -1.6833 0.3122 -0.6000 9.26 -0.24 3.20 97 168 155 161 133 
8.86 -5.82 -2.88 -0.3500 -6.5400 -4.4900 1.2422 -1.1456 -0.6067 9.65 0.76 1.56 97 168 157 164 142 
10.45 1.13 -0.88 0.8900 0.2500 -1.4100 2.3222 0.2533 -0.6156 9.63 1.67 0.67 98 166 157 166 134 
9.53 -0.17 1.22 -0.8300 -0.8800 1.3300 -0.0933 0.2278 0.3811 9.69 1.26 0.77 100 171 161 167 137 
;
