2.15 3.34 8.99 0.0300 -0.0600 0.0000 -0.0022 0.0178 0.0089 2.06 3.41 8.95 171 338 295 294 204 
1.97 3.29 8.91 0.0600 -0.0800 -0.1000 -0.0311 -0.0478 -0.0122 2.09 3.40 8.95 172 339 297 293 202 
2.13 6.20 10.02 -1.8000 2.9000 3.6600 -1.2322 -5.2189 -0.7078 5.56 3.14 7.43 170 297 276 259 199 
13.55 3.67 3.84 3.6100 2.2700 -0.7000 -2.9178 -1.7078 3.2900 9.25 -1.44 2.90 163 321 274 275 198 
7.62 -2.10 1.33 -1.2600 3.0800 -2.2400 -3.2089 3.0622 4.0056 6.62 -6.97 1.89 169 340 302 301 207 
0.82 -6.37 -3.56 -2.8900 2.2400 -4.1600 -0.8111 1.7033 1.5722 3.12 -9.22 1.10 166 344 293 301 199 
0.23 -6.80 -8.52 -0.9200 4.0500 -8.6100 6.1333 0.0567 -0.8100 3.26 -7.48 5.43 165 344 303 305 199 
5.37 10.82 11.13 1.3100 11.1500 1.3900 7.0133 -0.5978 0.5356 4.17 2.96 8.36 181 352 310 314 198 
5.02 7.48 11.15 0.1500 2.4700 3.6900 0.2300 -0.6622 0.1367 4.69 4.81 7.13 8 339 310 298 200 
4.47 5.93 7.82 -0.6300 2.4500 1.9700 -1.2300 -0.9833 -0.4778 5.51 4.02 7.04 181 301 288 235 203 
6.74 6.78 11.50 3.1500 3.1700 2.9500 -4.3233 -0.2744 -1.4767 5.58 1.02 7.99 170 187 160 156 190 
6.62 -2.13 5.31 3.3400 -2.4200 -4.8100 -1.5922 5.4322 0.5122 -0.91 -1.96 9.56 10 152 128 158 152 
-1.26 -1.01 2.63 4.3200 -0.2400 -6.3700 1.2056 2.5322 2.4033 -6.49 -0.14 7.34 173 153 138 154 146 
0.08 4.32 1.40 7.3400 2.1600 -4.8200 0.8967 0.1078 3.6667 -6.29 4.22 6.22 178 152 140 159 149 
-14.57 13.27 15.58 -10.7600 6.8500 8.4100 -1.0356 -1.9667 -0.5667 -3.76 5.53 7.16 179 155 148 167 154 
-4.62 5.63 6.73 -0.4400 0.4000 -0.2800 -0.2489 -0.3611 -0.6856 -3.65 4.72 7.77 184 159 148 164 154 
-8.25 6.91 10.24 -5.6300 3.2700 2.1600 -1.4100 -5.4733 -2.3800 -1.19 3.31 9.15 176 195 167 193 173 
11.35 4.28 6.29 5.9400 3.0000 -2.2300 -5.8356 -5.6622 2.0633 7.70 -2.38 5.56 161 204 179 196 180 
3.98 -2.30 -1.24 -3.0800 5.0200 -3.5200 -4.6878 1.0322 5.0811 3.58 -9.12 -0.19 166 208 187 209 184 
-8.31 -8.13 -3.95 -5.2700 1.9000 -1.1300 -0.2000 0.1000 0.8922 -1.01 -9.60 -1.71 170 213 181 204 189 
-1.66 -9.84 -1.48 -2.0200 -0.5600 0.1800 -0.4333 -0.5500 0.2500 -1.32 -9.47 -2.17 168 214 188 204 187 
-2.57 -5.97 -7.79 -2.1100 4.1800 -5.0000 0.2133 -8.7022 -6.9333 3.15 -8.40 -3.94 164 200 193 206 186 
6.60 -1.34 -6.18 1.2200 4.9700 -2.5500 -0.6167 -1.6411 -2.4367 3.88 -6.43 -6.29 144 199 188 199 180 
7.49 -6.07 -7.86 2.6400 0.6000 -0.4500 1.9378 -0.1733 -0.4122 3.89 -6.91 -5.75 165 205 195 205 174 
6.99 -6.33 -3.56 2.5200 0.6900 0.9200 -0.2322 0.6378 0.0389 4.51 -6.79 -5.43 168 204 197 209 189 
9.80 -3.84 -0.96 5.3600 2.8600 4.5400 -2.0089 3.5000 -0.5811 6.29 -5.89 -4.66 166 208 200 192 186 
13.91 -6.31 -4.52 2.2000 -2.3100 -6.0600 -2.1056 7.7922 -0.0011 8.72 -3.99 2.03 165 172 152 180 185 
8.36 -2.55 1.26 2.3900 1.5300 -7.7200 1.2344 8.0633 1.9300 0.56 -3.41 9.17 162 156 144 153 159 
-4.92 2.61 2.80 3.6400 3.3900 -5.4100 1.4378 3.3722 3.7178 -7.62 1.29 6.02 173 154 150 164 161 
-9.55 7.55 4.25 -4.1800 3.9300 0.5000 -0.3800 -0.9600 2.5489 -6.23 5.03 5.64 175 156 153 168 163 
-8.26 8.25 7.96 -2.6500 3.0900 1.3400 -0.2000 -0.5889 -0.3733 -5.41 4.91 6.53 175 159 154 168 162 
-4.78 6.66 7.13 -0.2700 2.0500 0.8100 -0.7211 -1.4922 -0.9644 -4.93 4.01 7.46 178 156 150 169 165 
-4.16 9.33 14.30 -1.9300 9.3700 1.0900 -6.7333 -7.5311 -3.1833 3.79 -2.69 8.63 173 200 169 199 190 
4.98 -0.78 -0.83 -4.6300 5.1800 -3.2400 -4.2011 -1.7289 2.5189 5.47 -8.13 0.10 171 306 255 270 192 
-0.28 -7.60 -3.49 -2.7500 0.7300 -3.7300 -1.6256 0.6733 1.0311 2.62 -9.18 -2.22 173 331 278 298 193 
0.22 -10.89 -3.88 -2.1200 -2.2200 -2.0100 0.5367 -0.0222 -0.3278 2.78 -9.14 -2.20 174 335 286 306 191 
0.84 -5.85 -6.04 -2.1100 5.0800 -6.3700 6.1378 0.4611 -1.1722 3.95 -8.34 3.29 174 329 291 296 195 
3.79 5.70 4.40 1.0800 9.5200 -2.6900 7.8989 2.2578 -0.1522 3.20 -0.39 9.25 167 337 292 308 194 
4.00 7.05 15.40 0.3000 3.5200 5.4200 1.7833 0.9789 0.6944 2.45 3.74 8.72 181 327 298 313 193 
2.45 5.18 10.14 -1.0900 1.0300 0.8500 -0.3822 0.0856 -0.2411 2.45 3.68 8.74 182 341 292 316 194 
;
