2.57 3.59 8.74 0.0400 0.0000 -0.0700 0.0067 -0.0033 0.0056 2.54 3.61 8.75 167 263 240 249 198 
2.86 3.65 8.82 0.2400 0.0100 0.0100 0.0111 0.0167 -0.0244 2.60 3.64 8.72 163 263 235 249 198 
1.90 3.75 8.69 -0.8800 0.1200 -0.0800 -0.5733 -1.1533 -0.3867 3.33 3.48 8.53 172 293 203 235 201 
10.13 2.41 9.41 3.2800 -0.4800 1.6000 -2.7411 -10.8689 -0.4011 9.37 1.89 2.14 162 289 134 161 174 
7.66 2.69 -5.36 -1.2100 2.9100 -1.9800 0.7900 -4.3733 4.1089 6.66 -3.45 -6.30 110 321 146 165 166 
-1.67 -3.08 -7.98 -5.5200 3.7100 -2.5700 3.8044 -0.4422 -0.2456 4.13 -7.45 -4.84 118 334 154 153 178 
12.11 -6.87 7.79 5.3200 2.0700 5.0300 -3.2078 3.1367 0.3567 4.97 -7.61 -3.67 120 339 163 170 174 
0.23 -6.67 -10.77 -4.0800 1.6100 -6.3900 5.3067 1.7178 -1.1533 5.67 -7.83 -1.61 125 334 163 165 175 
5.54 -7.17 0.95 2.8600 0.2500 2.5200 -2.7267 2.1500 -1.6678 6.87 -6.55 -2.45 151 218 148 176 179 
14.86 -6.37 -4.01 5.8800 -0.8600 -5.6800 2.5311 8.9300 -1.0311 6.66 -3.00 6.53 174 147 156 167 182 
5.16 -0.40 5.68 2.8300 0.7800 -3.8100 2.4878 5.2744 1.1400 -0.85 0.27 9.76 179 154 162 168 181 
1.82 2.24 -0.56 6.2500 0.1300 -8.9900 0.7800 2.4778 2.3833 -5.10 2.89 7.86 180 142 166 173 179 
-19.82 17.42 19.94 -17.0400 10.8900 12.9300 -0.4311 -1.3411 0.7956 -3.44 6.25 6.71 184 151 165 178 178 
-4.02 5.62 6.34 -0.6900 0.3100 -0.5400 -0.2467 -1.2567 -0.6878 -2.56 5.07 7.99 183 147 169 185 182 
-1.05 9.89 10.26 -1.0500 4.9200 2.3500 -0.3433 -8.9644 -0.6833 4.58 4.73 7.26 158 203 150 181 186 
14.48 3.46 1.08 3.0800 -0.6800 -2.6100 0.8011 -3.4300 5.4244 9.78 0.18 0.58 118 296 177 189 185 
2.13 -4.06 0.53 -8.2100 -0.3700 -0.3500 2.9311 1.7589 -0.0144 9.35 -2.38 1.73 114 339 166 182 194 
8.14 2.74 5.65 -1.3600 3.5000 1.3900 -0.6833 0.1667 -0.4578 9.23 -1.27 3.03 118 344 167 186 199 
9.05 -0.26 1.27 -1.0700 1.3200 -2.0600 -1.2056 0.6533 1.2200 8.67 -2.54 3.79 115 323 172 185 193 
7.90 -4.86 5.46 -1.9800 -0.7500 2.2200 -0.2333 1.3644 1.5600 7.01 -5.36 4.26 122 320 177 182 190 
4.65 -6.22 6.22 -1.7400 0.0600 1.2800 -0.9156 -0.4456 -0.1278 6.85 -5.91 3.76 121 325 173 188 190 
2.65 -3.27 3.83 -5.6000 2.3100 0.4200 -3.3022 -2.1122 -0.3456 7.40 -6.42 0.35 154 276 207 217 194 
-0.29 -3.62 -7.57 -4.8600 3.0800 -2.6900 -3.8122 -5.0678 -0.6067 6.52 -4.45 -5.80 179 229 225 267 195 
6.21 3.08 -15.43 3.8400 4.1300 -5.0300 -3.4000 -0.6078 -0.6567 2.43 1.59 -9.36 185 222 220 264 197 
5.94 1.97 -12.64 2.8000 -0.0700 -2.6400 0.1556 0.3189 0.0500 2.16 2.37 -9.26 182 233 226 266 198 
8.51 -1.74 -19.12 5.4800 -1.8300 -11.2600 2.7567 1.1056 1.1244 2.77 -0.10 -9.40 181 244 238 273 199 
3.28 6.05 -6.89 -3.2300 10.2400 -4.6700 9.2689 6.7244 3.9122 4.55 -8.68 -0.12 189 345 267 326 198 
-1.25 -1.16 4.90 -4.1600 6.7700 0.9500 0.6800 1.1178 -0.4722 3.05 -8.40 4.01 193 353 284 322 199 
3.77 -6.95 4.22 -0.0400 1.2000 0.7100 -0.7744 0.0256 -1.0922 4.37 -8.09 3.38 189 352 287 312 201 
6.02 -6.88 2.78 0.6100 0.4700 1.9300 -2.8133 -1.1567 -4.9278 8.07 -5.53 0.54 141 331 148 171 178 
13.17 -4.97 -8.47 1.4400 -2.1600 -5.5100 5.7644 1.2922 -1.1056 9.40 -2.09 1.79 131 339 150 174 180 
8.72 8.78 5.62 -1.7500 8.5200 2.5700 1.5244 0.1578 -0.6878 9.41 0.28 2.71 124 340 155 174 183 
6.60 2.52 2.09 -1.4200 2.3600 -1.2200 -1.1722 -0.2889 -0.3422 9.15 0.79 3.42 127 350 158 182 183 
9.44 -0.13 1.68 -0.3900 0.0500 -1.6800 -1.2744 1.0000 0.7111 8.74 -0.50 4.41 127 345 154 181 187 
6.54 -2.06 6.80 -3.7500 -0.8700 2.5000 -0.9389 1.5189 0.3878 7.89 -3.21 4.84 132 354 157 187 185 
7.11 -4.85 5.18 -0.5400 -1.0100 0.3000 -0.8256 0.0811 -0.3244 7.88 -3.95 4.29 134 350 159 190 185 
7.71 -2.58 4.31 -0.0200 1.9500 0.3400 -3.9544 2.8178 -1.5300 7.74 -4.77 3.66 160 329 212 205 196 
7.18 -3.48 4.38 1.8300 1.6800 -0.3400 -5.7689 4.2300 2.8311 3.49 -8.29 3.88 157 347 282 282 194 
-0.15 -11.07 -0.22 -2.7000 -2.3500 -4.1600 -0.3878 0.0544 0.2589 0.86 -9.62 1.66 160 352 273 314 195 
1.68 -9.05 -4.19 -0.2200 1.0100 -7.3700 3.2822 -1.3044 -0.8833 2.22 -8.49 4.37 168 356 275 318 197 
5.30 5.73 3.44 -0.7800 10.1200 -4.9300 7.8667 -0.5544 0.2733 3.43 -0.15 9.18 161 356 296 316 195 
2.27 7.34 16.29 -1.0000 2.8000 5.8300 0.0656 -0.8000 -0.4344 2.89 3.64 8.63 170 353 308 320 199 
2.93 3.52 9.51 0.1300 -0.0500 1.0200 -0.0522 -0.0722 0.0278 3.03 3.63 8.58 164 356 307 328 195 
;π
