0.44 6.63 7.23 0.0600 0.0000 0.0100 -0.0189 0.0122 0.0022 0.42 6.62 7.21 166 362 318 311 207 
0.58 6.57 7.33 0.1600 0.0000 0.0500 0.0022 0.0089 -0.0111 0.42 6.61 7.22 167 359 315 310 204 
0.37 6.61 7.26 0.0400 -0.0200 0.0300 -0.0678 -0.1022 0.0000 0.46 6.55 7.27 157 349 301 309 209 
3.63 12.87 12.36 2.6200 6.8300 3.2500 -3.1189 -4.2722 2.7033 3.83 3.29 8.40 165 236 152 170 171 
15.34 -2.46 3.04 3.0100 1.3600 3.8700 -0.0278 -3.6544 5.9844 8.70 -4.07 -1.95 128 273 128 134 126 
1.36 -0.83 -5.33 -3.5100 5.5800 -1.4800 1.0567 -2.4944 1.2900 3.77 -7.59 -4.91 108 312 141 146 129 
5.45 -7.48 -2.90 1.6400 1.3900 1.2200 1.8589 -0.7600 -0.1878 3.17 -8.66 -3.31 112 326 155 149 141 
6.51 -8.02 3.67 -3.0000 0.7300 2.5100 -2.1767 2.7233 -0.1544 3.87 -8.76 -2.07 110 334 162 157 142 
4.92 -7.46 -11.59 1.3500 -0.3400 -8.2300 2.9133 -0.9033 -0.0289 4.27 -8.35 -2.85 113 327 167 158 142 
6.11 -6.89 2.13 -3.4600 0.5300 0.9400 -1.5244 1.9144 -0.4033 4.63 -8.54 -1.28 144 313 164 172 161 
4.69 -7.92 -0.47 0.9000 0.3300 -1.7000 -1.8667 -2.2544 -0.7878 5.15 -7.22 -4.16 154 234 154 146 138 
2.94 -6.27 -6.81 -2.6500 1.9600 -2.9000 1.5122 -1.0389 -0.1878 3.87 -7.84 -4.41 115 246 155 150 133 
2.94 -8.98 -10.10 0.5700 -0.8500 -5.6100 2.4511 1.6633 -0.7589 3.56 -8.78 -2.52 118 238 158 154 131 
4.35 -9.06 -4.85 -0.3800 0.9300 -8.0600 5.5422 0.6522 0.6489 3.35 -8.28 4.03 122 254 156 165 137 
0.59 12.60 21.04 -2.2100 15.7700 15.0600 0.0911 -0.3211 0.4956 2.36 -5.29 7.90 123 275 162 163 139 
3.51 -5.78 7.50 0.5800 0.7000 0.9900 0.0011 0.0222 -0.1833 2.35 -6.05 7.34 117 272 161 166 138 
2.79 -7.00 4.79 0.3500 0.3100 -0.6200 -0.9800 0.4278 -0.3489 2.22 -7.16 6.31 131 275 160 167 142 
0.24 -6.54 4.02 -1.8600 1.1300 -1.6900 -1.8700 -0.2244 -0.5578 2.21 -8.71 3.90 169 290 215 240 185 
-5.62 -1.82 1.04 -5.4300 8.7100 -0.5400 -6.1289 -3.9533 -0.5067 2.65 -9.09 -2.53 181 241 245 276 192 
1.37 5.08 -12.34 1.2900 8.0600 -2.8500 -4.4333 0.2589 -2.7989 3.53 -2.42 -8.81 188 222 250 274 207 
6.58 0.17 -18.50 4.9200 -1.0600 -7.0100 -0.4167 -0.2878 0.0422 2.31 0.88 -9.48 186 239 251 285 211 
2.79 1.39 -9.16 0.2000 0.7100 0.1700 0.4844 0.1833 0.1622 2.62 0.32 -9.44 188 240 258 283 210 
2.41 1.08 -9.21 1.1400 1.7900 0.2000 0.6700 1.5100 -1.1078 3.44 -0.10 -9.17 188 240 228 239 204 
7.38 1.35 -12.24 2.4600 0.5100 -4.5000 5.6356 5.0800 -2.5244 8.89 -0.65 -4.07 183 286 252 307 206 
8.35 -1.38 -0.66 -1.4600 3.6400 2.4000 3.6878 -0.4678 3.4733 7.24 -6.29 -2.01 185 290 270 317 208 
2.64 -1.77 2.41 -3.4300 5.7900 3.9200 -5.2089 -0.8933 2.7244 3.82 -7.63 -4.82 189 235 223 280 209 
3.11 -0.54 -11.19 -0.1600 2.4600 -2.8200 -3.7533 1.3878 0.4222 2.19 -1.50 -9.43 188 241 239 249 209 
2.44 0.95 -10.79 1.1400 0.2700 -1.2700 -1.1056 0.1544 0.1744 2.34 0.58 -9.50 189 249 253 283 210 
2.69 0.72 -9.46 -0.2100 0.3400 0.1600 0.3222 0.0911 0.0000 2.46 0.20 -9.49 188 255 260 288 215 
2.62 1.03 -8.68 0.2300 0.8600 0.5400 -0.0700 0.1033 0.0733 2.47 -0.09 -9.48 191 257 255 291 214 
;
