2.28 6.11 7.35 -0.0400 0.0100 0.0100 -0.0022 -0.0044 -0.0022 2.32 6.07 7.33 175 355 315 340 202 
2.29 6.07 7.38 -0.0200 0.0100 0.0500 -0.0011 0.0078 -0.0022 2.32 6.07 7.33 177 355 319 345 196 
2.25 6.03 7.35 -0.1000 -0.0600 -0.0300 0.0011 0.0022 0.0011 2.32 6.07 7.33 178 357 314 344 195 
-2.65 4.13 6.12 -5.5500 -0.8900 -0.9000 -2.1856 -3.3289 0.9833 4.15 4.98 7.35 176 282 220 227 176 
15.00 7.85 7.08 6.1200 3.2500 3.0600 -3.6278 -7.5567 1.6656 9.27 2.89 1.32 152 187 112 131 139 
9.15 1.17 -7.67 0.7200 3.7900 -1.9300 4.4578 -4.7600 5.4100 5.89 -4.73 -6.24 107 190 126 134 137 
-1.11 -6.68 -4.81 -5.0600 -0.3400 -4.4400 0.3944 -0.1011 0.9633 4.28 -8.07 -3.55 111 223 134 143 132 
7.27 -10.74 -14.80 1.4500 1.8600 -11.6300 7.5011 1.6544 0.3856 4.36 -7.97 3.67 112 265 128 146 135 
1.03 9.85 20.23 -2.1400 8.2500 5.7800 -2.1667 0.6511 -0.7411 4.19 -6.20 6.33 110 287 136 149 135 
3.97 -4.33 7.10 -1.0500 3.3900 2.2800 -1.3433 -0.4033 -0.1856 4.61 -7.00 5.07 130 287 144 160 148 
2.70 -1.45 3.28 -2.1200 4.6500 0.1900 -4.9767 -0.1589 -3.4233 7.23 -6.61 0.28 127 218 156 185 175 
11.67 -4.98 -3.06 2.8000 -1.9900 -3.4200 -1.7556 2.1000 -3.7800 9.70 -1.08 0.84 104 165 167 173 156 
14.08 -2.36 -1.31 3.5800 -2.1900 -3.0800 1.6100 -0.3178 0.8256 9.73 -0.87 0.76 103 151 148 158 130 
5.67 5.21 -4.09 -3.6500 7.3500 -5.1900 4.9656 -0.0422 0.7833 9.48 -1.18 2.18 104 155 157 162 132 
19.08 7.47 16.33 0.8900 4.0600 9.4900 0.4200 -2.4378 0.5967 9.72 -0.67 1.07 110 155 156 160 129 
10.95 3.89 2.16 1.0700 3.8000 -0.2400 -2.7744 -0.1411 -0.8367 9.73 0.04 1.19 106 157 162 162 128 
7.42 -1.83 -6.88 -0.6600 -2.5400 -5.8600 0.0344 -0.6444 -1.1533 9.76 0.81 0.24 107 162 161 164 133 
11.07 -1.72 -3.97 0.9500 -3.3000 -3.1900 3.0578 0.2456 -0.9422 9.48 2.43 -0.54 106 153 155 168 139 
8.33 5.10 0.23 1.0500 2.1700 0.6300 -0.3889 -0.2678 0.0089 9.46 2.55 -0.18 105 166 166 171 148 
10.68 5.52 6.34 1.0600 3.2900 2.2300 -6.2844 3.0400 -0.1533 8.50 0.64 4.83 130 240 192 197 172 
6.36 -0.38 3.98 -2.1300 3.3200 -3.6700 -7.2667 5.1700 2.2522 3.64 -7.54 5.09 157 254 140 174 160 
-2.03 -7.04 -2.59 -3.5300 1.6900 -6.0300 1.0111 0.9511 -1.9333 2.08 -8.86 3.62 167 327 138 159 160 
9.50 -4.57 4.64 7.0300 3.2100 -0.8000 3.2422 -1.8967 1.0222 3.09 -6.38 6.77 174 330 134 165 165 
5.56 -9.49 17.28 -0.7800 -3.7700 10.9600 0.0156 -2.3444 4.2433 3.15 -6.13 6.96 10 336 146 167 163 
-4.32 -4.12 7.87 -3.6600 5.1000 2.5000 -2.2211 0.6322 1.9300 -0.10 -8.83 4.24 16 336 150 165 162 
-6.42 -1.87 5.42 0.9500 7.2200 4.0400 -1.1156 2.9978 -1.8767 -0.83 -9.65 1.49 8 331 151 169 161 
4.49 -3.82 -0.48 4.5600 5.1400 -1.7600 1.5489 2.1456 -1.3589 0.70 -9.55 2.08 7 336 157 168 160 
9.34 -10.29 0.04 7.3000 -2.2800 -3.4600 3.2444 -2.2767 -0.4144 3.23 -7.49 5.43 159 333 158 175 163 
-0.17 -11.02 10.93 -5.2600 -3.0200 3.1500 0.7511 -6.1444 -1.4333 6.71 -6.13 3.67 166 326 146 167 155 
3.93 -7.65 0.31 -2.5100 -1.7400 2.3000 -0.1000 -5.7500 -0.8422 7.85 -4.55 -3.69 117 314 154 153 151 
8.70 -1.93 -13.78 0.1600 2.0300 -10.4200 1.7822 -1.5267 0.8244 4.49 -5.16 -7.02 110 322 160 159 154 
6.76 -4.05 -4.34 1.8800 3.5100 2.3000 5.2867 1.2878 -0.5356 4.35 -8.33 -2.78 118 327 162 153 149 
2.58 -6.15 3.77 -3.4500 0.8900 3.0000 -4.5378 -0.4600 0.0167 4.28 -7.34 -4.87 116 327 161 167 150 
7.13 -7.03 -14.90 1.5600 0.4100 -5.9700 4.1956 4.0356 0.0833 4.90 -7.78 -3.40 117 333 160 166 150 
10.57 -6.41 5.16 3.1300 0.4700 2.9200 -1.2922 4.7356 -0.1011 5.77 -7.78 -1.51 131 328 165 175 153 
12.04 -7.16 -2.75 6.5800 0.3200 -0.9000 -2.6011 8.4911 1.3967 5.90 -7.81 0.43 161 339 205 248 174 
3.54 -7.57 -3.10 0.1200 2.0300 -4.1500 -0.9444 2.2044 1.1100 3.28 -9.00 2.05 162 350 288 312 183 
1.85 -7.65 -8.38 -1.9600 1.8200 -12.3100 4.2456 -1.9978 -0.2622 3.53 -7.91 4.58 163 346 296 320 191 
6.80 14.46 6.57 3.6100 16.7300 2.8300 8.4411 2.0989 0.6244 4.57 1.46 8.55 166 341 303 331 188 
0.47 9.59 14.45 -0.4100 9.0400 19.6400 -1.1689 -2.2033 0.4333 4.26 4.53 7.58 167 331 308 326 182 
2.46 4.85 9.24 -0.8100 0.0700 0.6700 -0.2211 -0.2744 0.0356 4.53 4.31 7.54 167 328 306 326 182 
3.54 4.37 7.83 -1.1600 0.3800 0.3500 -0.8478 -0.9122 -0.0344 5.10 3.87 7.42 165 315 289 294 191 
5.27 3.61 7.31 -0.1200 0.5800 0.9700 -0.1000 0.0867 -0.0456 5.59 3.50 7.25 165 303 287 297 187 
4.88 5.58 10.99 -0.5500 3.3700 6.8400 -1.8889 0.1156 -0.2044 5.79 2.70 7.43 8 314 177 168 178 
7.04 6.97 8.91 2.2800 11.5800 -2.3600 -10.1133 3.1822 -0.0878 5.17 -5.99 5.78 167 331 139 164 157 
3.31 -3.43 -7.67 2.2200 3.6200 -11.3100 0.9444 1.6244 -0.8567 3.70 -7.66 4.86 175 340 145 173 162 
12.97 -10.58 7.20 9.0600 -4.4700 0.9200 2.4100 -3.4178 2.8656 4.05 -5.96 6.64 176 342 147 176 165 
-4.18 -8.71 12.69 -5.8100 0.1800 6.3900 -1.6522 -1.3433 2.4078 2.20 -8.25 4.80 175 344 158 181 165 
-4.65 -2.62 5.75 -4.9100 6.3100 2.0900 -1.1011 3.0067 0.1367 -0.07 -9.35 2.92 177 345 148 176 167 
2.58 -1.24 2.68 1.3400 7.7300 -0.1700 -0.1111 2.2911 -2.3800 1.89 -9.27 2.55 177 339 158 178 164 
11.78 -4.50 -3.18 7.9700 4.0800 -6.2700 2.6578 0.0989 -2.4056 4.78 -6.91 5.04 176 338 153 182 167 
7.63 -11.42 10.50 -0.8200 -5.8800 6.8700 1.5233 -1.1811 2.3178 5.46 -5.21 6.25 174 345 154 188 168 
0.13 -7.39 10.46 -3.0800 -1.2700 4.1500 -0.1289 -4.4322 -1.6867 7.79 -4.63 3.73 161 193 179 176 159 
17.27 -1.32 1.36 6.1600 0.4400 -8.9300 -1.5900 1.4022 2.9367 6.93 -6.92 0.19 139 173 146 191 162 
-3.51 -0.36 -0.93 -4.8900 8.5400 1.7100 -0.6644 0.9189 3.8267 0.27 -9.77 -0.75 155 179 173 193 155 
-4.89 -10.15 -1.64 -3.8700 -0.2400 -0.5200 -0.0600 -0.2511 -0.4933 -0.52 -9.72 -1.15 157 191 187 199 160 
-6.00 -8.28 -2.95 -6.9100 1.3200 -2.5700 -1.0289 -4.5033 -4.9667 2.24 -9.18 -2.58 159 184 178 191 157 
3.76 -1.06 -10.86 -0.6700 6.3200 -4.4900 1.0856 -8.0033 -5.1378 3.83 -5.54 -7.12 156 170 178 191 153 
8.02 -5.26 -9.54 3.4100 -0.4500 -1.6000 1.9800 -0.9056 -0.9044 3.90 -5.67 -6.97 158 185 179 195 156 
4.57 -6.34 -1.57 0.5500 -0.3300 4.2900 -0.3489 -0.1333 -0.0211 4.25 -6.14 -6.34 151 187 182 194 159 
;
