1.88 4.19 8.59 -0.0100 -0.0700 -0.0400 0.0000 -0.0056 -0.0011 1.91 4.28 8.61 169 266 267 249 185 
1.85 4.22 8.54 -0.0500 -0.0500 -0.0500 -0.0022 -0.0156 0.0000 1.91 4.28 8.61 171 265 265 250 185 
1.99 3.97 8.27 -0.3400 -0.3000 -0.3100 -0.1400 -0.7356 -0.0467 2.66 4.24 8.43 170 252 243 236 179 
0.78 4.32 8.57 -2.8900 0.6700 1.2100 -0.0333 -5.0833 0.1522 5.83 3.90 6.85 168 241 192 202 185 
14.10 3.00 3.49 4.4200 2.4200 0.6000 -2.4889 -7.1911 3.7600 9.74 -0.05 -1.10 168 211 129 140 151 
4.82 -1.88 -5.26 -2.2600 4.3000 0.7300 3.6900 -2.3989 4.5000 4.76 -7.41 -4.30 114 255 140 137 139 
-1.17 -9.65 -8.50 -3.6100 -1.2400 -5.6000 1.5233 1.5433 -0.6556 3.44 -9.02 -1.68 117 261 144 145 146 
4.17 -7.76 -11.29 2.8900 7.8500 -6.7800 7.8556 1.3078 -0.6200 3.57 -6.96 5.90 118 278 144 155 150 
1.08 -2.90 9.11 -2.5700 2.2400 1.0000 -0.5633 -0.0167 0.0656 3.25 -6.19 6.87 125 287 154 153 150 
4.71 -5.40 7.03 1.2300 0.5400 -0.1600 -0.7022 0.3467 -0.1533 3.38 -6.32 6.68 124 289 152 151 148 
4.80 -2.32 9.09 2.7800 4.1800 4.0400 -4.9467 4.4556 -2.8611 3.39 -8.03 4.48 155 252 161 169 159 
18.34 -6.18 -5.07 17.7300 2.8600 -7.0100 -5.1489 14.0178 -0.3244 2.42 -9.39 1.41 146 239 223 209 188 
-2.63 -5.35 -4.56 -0.3800 3.1800 -1.5000 -1.7111 -0.8411 2.3300 -3.11 -8.77 -3.06 158 270 245 193 187 
-7.36 -8.58 -8.59 -3.9100 0.6100 -8.2200 2.4267 0.6711 -1.1689 -2.70 -9.19 -2.09 155 269 254 201 188 
8.77 -1.44 19.69 8.4500 0.4600 16.7100 2.8222 -0.2711 -0.2189 -0.33 -9.04 3.76 154 272 249 193 195 
0.95 -6.42 5.06 -0.2400 1.8100 0.6800 -2.6244 -0.9067 1.0489 -0.93 -9.69 1.13 157 266 248 193 192 
-9.50 -9.38 -17.25 -8.2900 -0.4400 -16.2100 1.8456 1.4678 -1.2811 -0.79 -9.76 -0.34 152 269 249 193 192 
12.16 1.65 24.26 15.9100 7.9200 15.5400 -0.1722 -1.1744 -0.2544 2.57 -8.57 4.00 156 276 243 188 190 
1.25 -8.82 0.95 -1.9500 -0.4500 -1.4500 0.5867 -4.3833 -1.6811 5.81 -7.69 1.75 159 248 155 143 182 
10.31 -4.48 -5.22 1.3700 0.5600 -3.9200 3.7744 -6.6778 0.6511 5.35 -7.59 -3.12 156 246 120 138 142 
3.66 -10.15 -7.74 -1.2700 -1.5100 -4.2700 2.0567 0.9511 -0.5822 4.57 -8.62 -0.91 127 273 147 146 145 
4.51 -10.27 -10.27 -0.6600 1.0900 -10.5300 7.1178 0.5700 0.0411 4.20 -7.20 5.15 130 285 154 148 152 
3.69 9.84 19.26 0.2900 7.6400 5.3300 -1.6411 0.7389 0.2656 3.78 -4.43 7.88 130 294 160 153 149 
4.46 -6.13 6.95 0.3100 -0.0500 0.5600 -0.4667 -0.0922 0.2211 3.76 -5.30 7.33 134 297 159 154 150 
2.92 -4.76 8.35 -1.1400 1.6900 1.7000 -1.8656 -0.1600 0.3744 3.55 -6.92 5.97 142 268 155 155 155 
-2.48 -2.77 2.52 -6.5300 6.0900 -0.9800 -4.3911 -0.5678 -1.2744 4.68 -8.59 0.49 163 246 205 203 180 
1.73 -2.55 -7.74 -3.2200 3.8200 -5.7200 -5.7467 -3.4856 -1.5889 5.26 -4.31 -7.05 169 223 221 233 188 
9.20 2.48 -15.54 5.4600 1.6300 -6.2400 -1.6711 0.1800 -1.0178 3.42 0.99 -9.13 176 259 230 256 187 
5.93 0.45 -12.32 2.7800 -1.3500 -3.4900 0.3378 0.0589 -0.0511 3.21 1.37 -9.16 174 262 231 259 189 
8.85 -0.98 -17.28 3.3700 -0.6500 -8.6000 2.3200 1.2889 1.5322 3.87 -1.50 -8.88 179 262 244 265 192 
2.72 6.58 -14.02 -4.2200 13.2300 -6.5400 11.1611 5.6389 3.9500 4.08 -8.91 0.22 188 322 235 302 195 
-5.04 -0.06 6.37 -5.3600 7.1000 1.2500 0.1122 0.2200 -0.2933 1.94 -8.75 3.95 191 335 263 311 195 
1.89 -8.32 2.92 -0.7800 0.3500 -0.9200 -0.8156 -0.8422 -0.1322 2.70 -8.89 3.11 188 332 265 274 194 
0.98 -5.84 1.41 -1.8800 2.8700 -0.4300 -3.2422 -0.2211 -2.1800 4.67 -8.60 -0.59 153 290 154 161 159 
7.09 -6.96 -3.11 1.6800 -0.8200 -2.6700 -2.2200 -1.5022 0.2233 5.08 -7.10 -4.45 126 310 146 153 149 
6.85 -8.29 -11.29 1.2600 -1.1500 -5.3200 1.9722 -0.0322 0.2644 4.16 -7.75 -4.31 113 330 155 164 149 
2.02 -6.90 -0.47 2.8600 3.6800 5.0200 4.7211 0.9589 -0.3233 4.21 -8.84 0.45 117 339 168 167 154 
1.13 -7.55 1.30 -1.7400 1.3300 1.1400 -4.0178 -1.5078 -0.1722 4.20 -8.25 -3.21 118 325 169 170 156 
5.01 -6.94 -13.69 -0.5400 0.7500 -7.9100 3.0967 0.6511 -0.1533 4.40 -8.29 -2.81 121 328 174 170 152 
10.43 -6.09 10.81 0.2800 2.3700 5.1100 -0.4267 3.4189 -0.5533 4.79 -8.50 0.92 120 342 177 167 155 
3.62 -7.66 2.47 -1.1200 1.1700 1.3600 -0.5867 -0.1267 0.1500 4.74 -8.55 0.69 126 346 173 175 161 
;
