4.10 4.43 7.76 0.5000 -0.0500 -0.0400 0.0178 -0.0167 0.0122 3.75 4.52 7.84 172 269 226 228 193 
3.79 4.44 7.81 0.0000 -0.0500 0.0100 0.0067 -0.0033 -0.0044 3.75 4.52 7.84 166 268 227 228 196 
3.82 4.42 7.81 0.0000 -0.0600 0.0200 0.0144 -0.0122 -0.0111 3.77 4.53 7.83 168 270 225 229 197 
-0.18 4.54 9.00 -3.6200 0.9000 2.6600 -0.0700 -5.7578 0.2789 6.93 4.47 5.29 165 269 239 235 199 
16.40 3.91 1.54 7.3600 -0.2100 0.3100 -0.6444 -2.7156 2.6344 9.60 1.65 -1.11 168 292 234 279 202 
5.70 -4.34 -7.07 -4.9100 -2.7900 -5.4200 2.3911 0.2200 2.1067 9.30 -2.73 -1.45 159 316 260 301 200 
3.74 -2.34 -2.37 -4.8500 1.6500 -2.3000 3.0200 0.8922 -0.5422 9.32 -2.87 1.01 177 322 271 306 200 
9.85 3.24 2.72 0.6400 5.6000 1.3200 1.8378 0.3056 0.1489 9.29 -2.13 2.27 185 332 257 307 199 
9.41 1.62 3.10 0.1400 3.7000 0.5600 -1.4244 0.1856 -0.4378 9.29 -2.10 2.29 195 332 275 311 204 
10.71 0.00 0.29 1.4200 2.0800 -2.4400 -4.0833 0.8556 -0.4578 9.02 -2.67 2.74 197 308 250 292 203 
8.33 -4.67 -0.94 -2.5000 -0.1400 -2.6000 -3.5744 -0.0956 2.3189 7.80 -5.93 0.15 186 207 188 258 203 
4.09 -10.85 -0.92 -3.2800 -3.6200 -0.2800 -0.2656 -0.0089 0.5811 6.21 -7.53 -0.83 187 223 207 272 205 
3.95 -6.70 -0.08 -3.6500 1.2700 0.6000 0.6156 -0.4233 -1.7633 7.24 -6.57 -0.65 184 229 215 237 199 
3.06 -1.16 -2.20 -1.7700 3.3100 -1.1400 -0.0033 0.0844 -3.5767 9.47 -2.51 -0.06 101 266 245 242 200 
16.16 -2.65 -3.18 5.8100 -4.1500 -0.4600 -0.9078 -2.6556 -0.0600 8.94 -0.90 -3.92 96 167 145 162 153 
9.86 -6.04 -12.13 -0.1500 -3.1200 -8.0400 4.4456 2.0089 -0.9922 9.42 -1.37 -2.31 91 149 147 155 136 
6.34 8.37 -3.33 -2.7200 9.3200 -2.9500 3.9467 1.8533 -0.8322 9.66 -0.06 1.65 99 159 148 159 135 
5.80 4.00 12.81 -1.7300 3.4900 3.5500 -0.0444 -1.9233 0.7111 9.59 0.25 2.02 100 163 147 150 137 
10.67 5.98 4.89 1.0900 5.6700 2.3000 -2.5900 -0.3489 -0.5778 9.67 0.32 1.59 99 165 149 156 136 
8.56 0.25 -3.76 -0.0100 -0.9800 -5.8400 -1.8011 -0.1644 -0.9600 9.71 0.83 1.03 101 166 147 159 140 
11.05 -1.54 -4.87 0.4900 -2.8600 -5.2100 0.3200 -0.4589 0.0389 9.71 1.26 0.51 99 169 157 160 140 
9.82 -2.86 -5.80 0.2100 -4.0600 -6.6700 2.7156 0.0089 0.0411 9.78 0.59 -0.28 101 161 149 151 124 
7.93 -1.86 -2.30 -1.8000 -2.7300 -2.1300 0.0933 -0.4744 -0.0167 9.77 0.72 0.02 104 162 152 159 131 
7.53 1.17 1.51 -2.6200 0.8800 2.3200 0.7256 -0.9422 -0.2556 9.75 0.58 -0.79 103 189 167 180 165 
16.76 2.03 -0.37 6.1200 -1.6300 -3.1200 -2.4922 -0.2900 0.0100 9.64 1.59 -0.74 148 301 189 232 198 
7.69 -2.19 -6.13 -2.8600 -2.6000 -5.8200 3.1644 -1.1756 1.4156 9.73 -1.10 -0.48 121 328 122 148 154 
2.08 3.35 1.52 -4.8700 5.4700 1.5700 3.2789 0.4933 -0.6867 9.51 0.33 2.36 125 344 143 158 160 
9.24 5.16 0.98 0.2800 3.2200 -2.3000 -0.2344 -0.0067 -0.3278 9.36 1.51 2.46 127 333 150 161 165 
9.64 5.23 1.46 0.2800 3.1600 -1.5800 -2.0678 0.4089 -0.5067 9.15 1.51 3.17 127 341 155 167 162 
9.93 0.40 0.69 0.5100 -0.8700 -3.2800 -2.3933 0.2267 1.2578 9.00 -0.50 3.86 129 343 153 164 160 
6.08 -6.39 6.70 -2.4000 -4.3400 2.4800 -1.5333 0.2989 0.2300 8.61 -2.62 3.88 131 342 147 164 161 
8.96 -3.66 5.24 -0.8600 -0.6600 0.9800 -1.2511 0.3556 0.2622 8.36 -3.41 3.81 141 336 154 171 164 
10.25 -4.12 -2.61 9.5900 2.0500 -7.7700 -6.1233 14.7967 0.6089 3.26 -6.54 6.53 157 281 172 193 175 
-2.17 -7.28 2.84 0.0200 1.9900 -0.2400 -0.7222 2.4456 0.6544 -1.55 -8.72 4.20 169 318 158 173 167 
2.32 -9.90 7.86 4.5300 -3.4000 2.5900 1.6778 -0.5656 -1.9644 1.79 -7.65 5.86 171 331 162 180 171 
4.68 -10.81 9.98 1.1500 -4.9700 2.0500 0.9022 -2.6422 2.6000 2.59 -6.77 6.60 173 321 165 180 170 
-0.77 -8.52 11.54 -2.3600 2.7900 5.5200 -1.8844 -0.8756 2.7378 0.18 -8.38 5.07 174 333 165 181 172 
-3.67 -3.35 7.35 -2.7700 4.1700 2.3800 -1.2867 1.5411 0.4400 -1.72 -9.22 2.84 173 336 169 181 171 
-1.68 -5.14 2.72 -0.0800 4.0200 1.3400 -0.4111 2.3911 -0.6522 -1.81 -9.55 1.27 175 334 165 184 168 
-0.33 -5.65 1.18 1.3400 4.0400 -0.0700 0.4889 1.8722 -1.7667 -0.21 -9.72 1.21 174 341 169 182 169 
8.60 -5.36 -0.46 7.1500 3.9200 -3.0300 2.1178 0.3356 -1.1467 1.84 -8.93 3.58 169 336 168 185 168 
9.92 -10.79 6.10 6.6900 -4.0500 -1.2100 2.4089 -2.5411 0.2889 3.77 -6.79 5.97 167 330 175 187 172 
1.80 -4.89 11.72 -6.6400 2.3400 6.8200 1.7089 -1.6444 2.6878 4.21 -6.36 6.14 177 332 170 183 170 
1.22 -7.66 11.03 -1.7900 -2.1400 3.9900 0.5267 -3.5267 -1.2778 6.55 -5.54 4.73 174 298 172 176 167 
5.34 -3.83 5.96 -1.0500 1.2900 0.3600 -0.3789 -0.2989 0.5456 6.05 -6.48 4.17 176 328 251 286 181 
3.92 -6.14 -0.83 1.4300 2.3800 -3.6500 -2.2056 1.9389 1.7167 2.78 -8.81 3.27 173 344 280 308 192 
0.65 -7.87 -5.45 -2.2700 1.6300 -9.9600 0.4067 0.2589 0.2389 1.71 -9.28 2.63 169 340 288 311 188 
8.61 3.87 0.10 5.3200 11.3200 -4.5000 9.1844 -1.2622 -0.6978 4.60 -1.93 8.43 175 347 293 314 192 
7.40 11.85 29.51 -0.2000 8.7700 11.3300 -6.1322 0.0767 -0.1244 5.51 -2.44 7.72 169 348 295 321 192 
6.94 -2.50 2.29 -1.8400 1.7000 -8.1000 -4.2422 1.8089 0.6611 3.56 -7.75 4.82 175 354 299 319 197 
0.54 -11.01 -11.85 -3.6400 -0.8700 -15.4900 3.2311 -1.8633 -0.7711 3.75 -7.63 4.86 179 344 301 316 197 
6.61 11.27 18.25 -0.3600 10.6600 11.7600 2.4456 -2.1967 1.0733 6.06 -0.56 7.68 181 353 308 307 194 
8.04 1.02 10.85 2.4100 2.6300 2.9100 -3.1611 1.1156 -0.0856 5.90 -2.99 7.23 173 352 303 303 195 
6.95 -2.15 5.78 0.4600 3.1100 -2.8100 -4.0156 1.7456 0.8611 4.00 -7.57 4.77 172 343 305 307 199 
;
