3.61 4.58 7.59 0.1700 -0.1800 0.0000 -0.0333 -0.1111 0.0333 3.50 4.72 7.84 170 317 296 312 187 
4.17 4.66 7.45 0.3100 0.0500 -0.2100 0.0244 0.2811 -0.0689 3.36 4.74 7.89 173 320 302 319 189 
2.63 4.62 7.88 -0.6200 -0.1600 -0.0400 -0.0122 -0.0633 -0.0289 3.21 4.76 7.94 169 323 305 318 192 
4.07 4.84 7.61 0.6900 0.0800 -0.2800 0.0122 0.0011 0.0311 3.38 4.76 7.87 172 325 305 318 191 
0.61 7.50 13.22 1.3100 4.4300 7.5500 -1.5911 -6.9067 0.9178 7.48 3.44 5.31 167 313 263 262 193 
15.09 5.74 3.54 5.3800 6.8700 -1.1500 -6.7056 1.6700 4.0822 8.02 -4.34 3.57 170 318 282 290 196 
1.40 -1.12 -5.12 -3.0900 7.0000 -6.4700 -3.3856 2.5444 3.3311 2.57 -9.44 0.55 162 340 277 282 203 
-1.84 -7.04 -7.71 -3.1800 2.9700 -7.4700 1.5200 -0.3789 -0.4700 1.63 -9.64 0.70 162 336 290 296 197 
6.73 9.13 5.35 5.8900 15.4000 5.6100 6.3533 -1.1633 0.2744 4.74 -2.00 8.34 175 330 277 303 197 
7.60 3.74 18.04 5.7600 5.8400 6.5500 -5.7667 1.6667 -0.2356 4.66 -5.06 6.98 172 344 291 306 197 
3.61 -3.02 -1.95 -1.7000 4.5100 -9.2100 -4.5300 1.9533 1.7300 2.80 -9.33 1.03 170 343 289 305 196 
-0.97 -5.87 -13.59 -1.0700 8.8700 -15.2700 12.6933 -3.3844 -2.1167 4.63 -5.52 6.64 175 345 300 310 199 
10.61 4.39 19.62 3.8800 4.5400 8.9800 -0.5244 -1.2944 -0.4844 7.08 -1.77 6.54 175 345 288 298 197 
10.74 -2.90 5.86 4.3300 -0.9200 0.3600 -1.8044 -2.6167 -0.1856 9.27 -2.30 2.18 9 307 267 304 201 
8.31 -7.58 -8.83 -1.3100 -3.2800 -9.7500 3.7822 -0.8267 0.4089 9.19 -3.39 0.02 171 333 277 319 208 
7.54 3.55 -0.72 0.6700 7.7100 -0.9400 3.8056 1.0522 -0.5967 9.29 -1.70 2.60 188 356 284 328 205 
9.77 7.10 2.85 -0.2400 6.9900 -0.7000 -1.3778 -0.1833 -0.2356 9.35 -1.28 2.64 196 350 287 326 203 
10.85 -0.36 -1.31 2.9100 0.9100 -4.5000 -5.7300 2.2800 0.1522 8.42 -3.31 3.77 178 236 195 271 197 
7.31 -7.67 -1.49 -2.2100 -2.3600 -2.9200 -1.4044 0.5478 2.1711 7.06 -6.72 0.98 182 239 195 270 205 
4.66 -9.86 0.28 -1.0400 -2.0400 -0.0400 0.1878 0.2056 0.1967 6.25 -7.50 0.83 181 243 208 283 205 
7.31 -6.18 1.46 0.1800 1.0400 0.2600 0.0244 -0.0856 -0.0200 6.39 -7.36 0.98 182 246 206 285 206 
4.15 -5.69 1.09 -3.1800 1.7800 0.3400 -0.6978 -0.5856 0.1722 6.33 -7.48 0.17 174 234 182 189 189 
0.98 -7.46 -7.61 -0.6200 0.4100 -6.5600 0.5344 -2.5100 -1.9811 6.66 -7.08 -1.24 132 313 143 156 127 
8.85 -8.42 -0.02 4.0100 -1.2600 -1.0300 -1.2322 -2.5122 0.7111 5.04 -7.32 -4.13 114 326 155 166 132 
3.52 -5.83 -7.70 0.3800 2.4900 -2.2000 2.9589 -1.1467 0.0811 3.50 -8.57 -3.20 118 324 154 173 135 
16.94 -7.72 13.11 3.6200 1.1200 6.2400 -1.7778 3.5433 -0.1011 4.19 -8.79 -1.09 5 333 158 173 137 
4.69 -5.97 -8.93 0.0800 0.8800 -7.4400 -1.0089 -0.9211 -0.5433 4.72 -7.59 -4.01 115 336 163 183 142 
5.24 -6.07 -3.96 -0.3500 2.0500 -1.0900 4.2733 1.4800 0.0944 4.90 -8.48 0.36 120 333 161 174 139 
3.42 -7.75 -2.05 0.3100 0.7000 -1.3000 -0.9144 0.4000 -0.2611 5.16 -8.32 -0.35 130 292 159 166 139 
8.02 -9.30 -0.19 2.4100 0.7200 -0.0800 -2.7667 3.8400 0.9222 4.54 -8.68 -0.27 158 194 179 214 177 
3.10 -6.13 -5.76 0.4600 5.7400 -2.9000 -1.7367 1.2478 5.3867 -1.29 -9.57 -1.66 154 187 185 221 169 
-8.46 -8.24 1.81 -3.3100 -2.2100 2.1100 0.0467 0.3156 0.1000 -3.66 -8.79 -2.33 162 207 193 223 170 
-7.02 -8.21 -2.46 -6.9500 1.0700 -0.9400 -0.9578 -4.6211 -3.9800 -2.26 -9.27 -2.25 156 180 180 210 164 
3.46 -1.13 -6.84 0.1500 5.1800 -5.5000 -0.6989 -7.1333 -6.4811 4.08 -7.43 -4.92 172 186 179 216 171 
7.82 -3.48 -10.41 5.9600 2.5100 -1.5300 1.3889 0.5533 -0.9289 5.60 -6.22 -5.10 176 191 188 213 172 
5.98 -3.42 4.40 -3.7800 -0.9800 4.4300 -0.5122 -1.3922 -0.3667 5.92 -6.68 -4.04 174 190 191 219 168 
9.44 -5.50 -2.23 2.2500 2.1300 2.6900 -0.4700 2.3633 0.5067 6.38 -6.69 -3.25 177 248 188 201 174 
6.56 -1.89 -3.54 -3.5600 3.5200 -1.8900 -1.9267 2.9456 -2.5678 8.73 -4.22 -1.43 5 270 181 202 173 
7.82 -0.41 -3.20 -2.3900 -0.2800 -5.0200 -0.5800 1.3500 -4.9989 9.45 2.08 1.56 157 294 138 161 146 
15.14 11.78 -1.63 7.0500 6.4200 -3.0600 5.6478 0.7956 -0.8822 7.36 6.42 0.82 117 325 145 167 150 
12.41 11.31 1.44 2.6000 6.1400 3.6700 2.8144 0.8600 2.9011 8.96 3.20 -2.34 122 333 155 170 150 
7.11 4.12 2.86 -4.4800 1.5600 0.7400 -3.2989 3.2589 1.9422 9.64 -0.14 1.78 121 328 160 177 151 
1.20 -1.67 -0.35 -9.2200 1.0200 -1.3200 -2.6600 -1.7178 -0.8533 9.53 -2.03 -1.06 122 337 153 175 151 
10.24 3.61 -12.33 -1.9600 1.2300 -9.3900 -0.3289 -1.1611 -3.3233 8.50 3.05 -3.79 124 331 150 178 153 
11.41 5.90 -11.10 5.3900 2.7400 -5.0100 3.1511 0.8722 -0.6111 7.69 3.38 -5.04 125 327 156 183 157 
9.37 7.05 3.05 0.8900 4.5400 7.9600 -1.1411 0.6400 0.5700 8.13 2.19 -5.01 128 330 163 179 153 
5.37 3.75 -3.29 -2.4600 1.2300 1.4100 -2.1589 -0.0967 0.3956 8.17 3.01 -4.49 159 334 190 206 173 
19.43 3.42 -9.62 9.6600 0.8100 -5.2300 1.8733 0.9533 3.2867 9.35 1.13 -2.70 174 273 239 289 195 
4.74 1.33 1.54 -8.4200 5.3300 4.9400 -2.5089 -2.6256 5.7756 5.70 -6.45 -4.67 188 243 230 282 208 
-4.68 -0.42 -3.33 -8.1200 6.5100 2.8200 -4.4567 -2.0611 0.3922 2.58 -4.56 -8.28 188 264 235 290 205 
4.57 2.70 -16.19 4.8400 1.2800 -7.9800 -2.3700 0.0333 -0.7900 2.72 0.78 -9.38 187 262 241 289 207 
5.38 1.44 -10.56 2.4400 0.1500 -1.0400 0.3078 0.1022 0.0789 2.97 0.91 -9.29 184 268 244 294 210 
2.91 1.52 -8.64 -0.8200 0.6900 0.5600 0.1522 0.0544 0.1089 3.14 0.60 -9.26 186 268 239 293 213 
2.84 2.14 -8.95 0.8400 1.7400 -0.5500 -0.5733 0.1656 -0.1378 3.47 0.89 -9.12 184 285 244 285 205 
9.07 1.50 -15.04 1.9800 2.2100 -4.6600 2.9144 5.7256 3.7822 6.83 -3.69 -5.97 162 228 207 198 175 
1.21 4.35 -4.05 -4.6700 11.9400 -0.1300 -1.0978 2.2978 8.5422 0.22 -9.60 -1.94 164 207 184 191 150 
-4.21 -7.17 0.77 -3.9600 1.0300 2.3600 -0.4489 1.2533 0.7500 -3.56 -8.85 -2.24 154 221 180 205 157 
-6.77 -9.07 -1.75 -5.6900 0.1700 -0.2800 -1.4289 -6.2889 -5.4211 -1.05 -9.41 -2.54 167 221 197 205 157 
1.39 -3.14 -7.15 -0.5800 5.8600 -1.0400 -0.8056 -3.8678 -3.9856 2.95 -7.22 -5.93 170 213 187 203 161 
6.63 -4.84 -10.84 3.2400 1.8100 -3.4500 1.3011 -0.5578 -1.3078 4.36 -6.40 -6.00 169 230 200 213 166 
6.61 -6.34 -5.10 1.8600 0.7900 0.8600 0.9256 0.6111 0.0222 5.00 -7.05 -4.62 173 229 203 216 171 
5.26 -6.04 -4.94 0.6700 1.2600 -0.1200 -0.0522 0.7711 0.1100 5.32 -7.02 -4.29 172 223 204 210 169 
3.45 -2.66 -3.29 -2.6900 2.7800 -0.7700 -0.0544 6.2022 -5.1900 9.22 -3.32 0.24 159 199 148 191 178 
17.41 4.11 6.43 7.4900 2.9500 3.0800 3.0689 0.3100 0.5622 8.55 1.99 4.35 175 167 153 156 150 
2.90 0.65 5.94 -7.8900 2.6000 2.9700 -1.7733 -3.1456 4.9056 8.93 -3.76 1.45 189 154 143 141 142 
-0.69 -2.12 -1.75 -5.0000 3.1000 -4.0300 -3.8989 -2.2300 -2.0511 9.05 -2.57 -2.73 177 157 145 150 142 
14.33 -0.19 -1.96 2.1000 0.6000 0.8900 -0.0011 1.0389 0.0311 9.50 -1.37 -1.98 185 164 150 153 147 
9.53 -0.25 -1.57 -0.4800 0.9400 0.0000 -0.1056 0.2278 -0.0578 9.56 -1.38 -1.68 188 167 156 154 148 
10.09 -0.53 -2.05 0.3400 0.6600 -0.4700 -0.1856 -0.1122 0.0767 9.56 -1.21 -1.78 190 167 155 154 147 
;
