4.29 4.88 7.32 -0.1000 -0.0300 0.0600 -0.0122 0.0189 -0.0089 4.31 4.91 7.30 170 291 288 295 203 
4.22 4.83 7.33 -0.1200 -0.0200 0.0900 0.0033 0.0011 -0.0033 4.31 4.91 7.30 169 291 289 290 207 
4.21 4.89 7.35 -0.0500 0.0100 0.0300 0.0167 -0.0067 -0.0044 4.30 4.92 7.30 170 295 291 296 204 
3.51 5.12 8.35 -2.9100 0.1000 2.0300 -0.4044 -2.0333 0.1267 4.95 4.73 7.01 171 263 218 266 204 
13.64 6.74 4.47 5.4300 2.2200 1.8800 -0.1178 -2.8811 1.5356 8.79 2.94 3.19 172 150 124 143 155 
8.35 1.79 -0.16 -1.8900 1.7400 -1.1300 2.3511 -0.6522 4.3422 9.53 -2.21 0.49 182 142 130 143 136 
-6.15 -1.89 7.55 -15.4900 2.4200 6.8500 -2.1711 -2.9311 0.5722 8.76 -4.27 -1.04 191 155 130 149 142 
21.64 2.17 -22.21 13.7000 1.5300 -13.7500 -0.4600 -0.3711 -1.3633 8.93 0.60 -4.00 192 152 130 156 144 
8.67 0.94 -1.86 -0.4800 0.3800 1.6000 -0.1856 0.1944 -0.1200 9.00 0.43 -3.86 190 159 136 157 145 
9.67 0.80 -4.10 0.8200 0.4300 -0.2500 -0.5044 0.0467 0.1578 9.06 0.61 -3.69 186 160 139 161 151 
17.90 -0.40 -7.93 8.8200 -3.0800 -5.5500 1.0667 -0.3411 2.0978 9.10 -0.63 -3.59 183 254 224 210 182 
2.01 -5.31 -6.86 -7.7600 -1.4100 -4.8500 5.9044 -0.8211 0.2689 9.05 -3.74 -0.29 182 323 261 321 194 
8.56 4.20 0.59 -1.7900 7.6900 -0.5900 2.7644 0.3433 -0.4922 9.27 -2.55 1.90 190 344 281 330 196 
9.53 5.02 2.25 1.5200 7.4100 -0.0600 -2.5511 0.9433 -0.1833 9.06 -2.83 2.43 194 311 280 302 196 
7.26 -3.63 -3.09 -0.1900 -1.3100 -6.0500 -3.8911 0.7111 0.5533 8.32 -4.21 3.01 194 214 205 252 202 
2.89 -10.90 -1.28 -4.7300 -5.1000 -2.9700 -0.5856 0.3944 0.3889 7.50 -6.18 1.26 189 234 225 266 207 
8.74 -6.66 2.39 0.5600 0.2600 1.0200 -0.1878 0.5744 -0.3844 7.67 -5.93 1.43 187 240 227 275 207 
3.35 -4.80 -1.08 -5.4100 0.8600 -2.6200 1.2967 -0.2133 -1.4756 8.38 -4.74 1.83 191 255 218 222 200 
12.66 3.34 4.86 4.2300 2.3000 -0.3800 6.5733 -1.2989 -0.8433 8.61 2.76 3.78 190 315 270 302 202 
4.59 1.81 5.18 -5.5800 2.1100 2.6000 -1.7067 -3.5933 6.4011 9.01 -3.85 -0.05 190 260 252 263 203 
4.66 1.08 -3.12 -3.2300 8.5800 0.4100 -6.7911 -0.8678 1.0767 4.84 -3.83 -7.61 191 214 11 284 207 
7.13 -0.09 -18.73 1.3900 -1.1700 -8.2900 -0.9189 0.1967 -0.4400 3.20 0.79 -9.23 193 235 245 297 212 
3.96 -0.08 -8.86 0.3500 -0.3300 0.9400 0.5078 0.2400 0.1478 3.31 0.19 -9.22 199 238 249 294 213 
2.66 0.28 -8.98 -0.2900 0.3500 0.5100 0.1500 -0.1200 0.0211 3.21 -0.11 -9.26 195 238 249 296 210 
4.81 0.09 -9.63 1.8500 0.3800 -1.1000 -0.5444 0.9078 0.0867 3.74 0.16 -9.06 188 207 234 280 207 
11.91 1.50 -5.61 4.3000 2.3100 3.9500 -0.9056 8.0344 2.3633 9.51 -1.77 -1.58 175 214 149 165 161 
4.26 1.47 -0.69 -1.8000 8.7600 -6.4600 -6.1367 8.6600 4.4400 1.65 -8.70 4.20 184 299 152 154 152 
2.48 -5.94 0.11 4.0300 3.4900 -1.8700 0.5300 0.9367 -0.9867 0.07 -9.21 3.34 166 314 145 157 155 
5.89 -8.76 3.09 5.1800 -0.1400 -1.5700 1.9289 -2.1111 -0.1144 1.82 -7.95 5.43 174 321 154 163 156 
5.20 -11.53 15.01 -2.8100 -6.2200 9.2900 -0.7922 -3.5167 2.5067 2.71 -7.66 5.47 157 322 158 165 165 
0.16 -6.72 8.41 -2.2100 2.4500 4.6600 -1.7133 -0.5978 2.3067 0.69 -9.45 2.50 174 334 160 170 159 
-3.77 -4.87 5.47 -3.8900 4.3900 4.0200 -0.9689 2.5356 0.2678 -1.13 -9.71 0.67 181 333 162 168 157 
3.76 -2.12 -0.58 5.1900 7.0100 -1.6800 0.0633 2.4222 -1.5011 0.47 -9.79 0.00 176 328 161 167 158 
6.48 -7.82 -1.60 6.2100 0.6700 -3.9800 1.7444 -0.1333 -2.0400 3.13 -9.10 1.86 172 324 144 166 160 
4.16 -13.60 6.99 -0.4000 -5.6500 4.6100 1.8378 -1.5233 0.1656 4.57 -7.77 3.85 173 319 161 168 164 
5.12 -6.99 4.25 -0.7000 0.0900 0.1800 0.3811 -3.1944 -2.0633 6.95 -6.40 2.61 167 244 147 174 161 
6.74 1.77 -6.87 0.6200 2.3500 -2.3000 3.5644 -7.9156 -2.3933 7.80 -1.49 -5.74 178 224 228 228 195 
5.17 1.81 -10.69 0.4300 2.6900 -2.6200 -5.2400 -1.9056 0.0567 3.39 2.50 -8.85 182 234 218 272 201 
5.91 3.07 -12.37 3.6300 -0.6500 -4.0700 -0.1011 0.4378 -0.0211 2.74 3.83 -8.59 183 264 224 277 205 
9.53 3.60 -20.43 5.1300 1.6500 -11.6500 3.5956 1.3389 2.1956 4.10 0.18 -8.90 184 238 231 275 201 
-2.55 7.06 -7.39 -7.6100 10.6300 2.1600 7.1789 5.6856 1.8344 5.73 -7.80 -1.51 182 330 240 299 198 
-1.76 -2.19 4.69 -4.3000 5.2300 2.3900 0.3400 0.4511 -0.1911 3.71 -8.60 2.89 185 341 275 284 206 
2.69 -7.50 2.29 -0.9300 0.8300 0.6800 -0.6089 -0.5444 -1.0700 5.21 -8.11 1.75 188 354 268 283 199 
5.43 -8.37 0.63 -1.4100 -2.3100 0.3200 0.0533 -0.3767 -3.5344 8.44 -4.90 0.88 130 335 131 147 177 
9.44 -5.41 -4.46 1.2000 -0.9400 -4.5100 6.8000 1.0567 -2.4611 9.52 -1.10 2.03 104 354 143 146 155 
9.42 7.51 2.33 -1.1200 5.6200 -0.5200 1.4756 -0.1011 -0.4300 9.37 2.01 2.03 110 342 152 153 166 
7.37 4.96 0.52 -0.3200 2.7600 -1.5400 -1.5467 -0.1067 -0.4656 9.15 2.50 2.47 110 342 156 163 164 
9.58 2.70 0.95 -0.4800 0.0700 -1.6100 -1.9333 0.3589 0.5578 9.16 1.20 3.26 117 354 167 170 166 
8.27 -3.52 5.18 -0.4200 -4.1100 1.6800 -1.1067 -0.1144 -0.0833 9.11 0.42 3.60 113 353 163 170 164 
;
