6.75 1.03 4.61 0.3900 -0.5100 -2.9300 0.0244 -0.2178 0.2067 6.32 1.53 7.33 165 273 256 263 207 
11.06 3.57 13.03 5.1800 2.7400 7.0500 -1.5178 -0.5956 0.8789 7.26 0.56 6.55 169 270 237 248 201 
10.09 1.33 4.71 1.6300 4.7100 -1.5500 -5.9267 1.9011 2.2500 6.59 -5.51 4.72 167 242 212 233 203 
4.57 -1.67 -3.50 0.9800 6.9800 -6.4400 -6.4467 7.0300 3.0500 0.47 -9.79 -0.27 137 239 213 221 197 
-0.95 -6.44 -8.45 0.2700 0.2600 -5.6700 -0.3900 0.0378 -0.0611 -0.29 -8.99 -3.90 154 239 212 207 194 
0.33 -2.42 -0.59 -3.0900 7.6100 10.4700 5.5756 1.2356 -1.3911 2.25 -8.23 4.83 167 256 229 245 199 
4.43 -5.53 6.42 1.1700 4.1900 -0.3000 -3.6700 -1.6289 2.1578 0.97 -9.65 1.44 151 261 235 239 202 
-7.61 -9.82 -11.48 -9.0400 -0.1900 -9.3200 1.4189 1.1900 -1.1689 0.39 -9.79 -0.29 161 254 238 242 199 
13.27 -3.72 16.09 6.2400 7.7300 12.8400 1.6589 -2.9111 -2.9967 4.87 -7.86 3.24 162 254 241 244 202 
3.95 -5.07 -4.41 -4.0700 1.8400 -6.8400 4.6744 -7.6922 -2.9611 8.27 -5.25 0.06 166 227 217 227 202 
5.40 -0.07 -5.42 1.1500 4.1000 -0.1900 -1.2478 -8.1800 -2.7078 4.20 -2.17 -8.58 179 206 187 216 195 
8.53 3.22 -13.88 5.6100 1.1700 -4.7700 -1.8456 0.6378 -1.3378 1.79 2.90 -9.19 180 230 206 228 199 
7.33 2.99 -13.74 4.8000 -1.1000 -5.2700 0.8633 0.1311 0.8822 2.00 3.02 -9.11 181 226 211 235 196 
6.44 6.32 -21.34 1.6800 9.2200 -11.1200 8.3222 3.3133 4.5978 5.05 -3.66 -7.56 185 277 267 294 201 
-7.68 3.75 2.00 -12.3000 10.1200 1.4400 0.5689 0.4011 1.5589 3.23 -9.11 1.59 190 320 290 319 200 
2.50 -7.72 1.96 -0.6900 1.4600 1.1600 -0.9967 0.1422 -0.9322 4.22 -8.82 0.69 189 323 282 287 205 
9.20 -4.47 0.93 4.2700 3.2800 -0.4800 -3.5889 8.8422 -1.6756 5.71 -7.74 1.85 178 235 207 215 199 
8.89 -7.80 -0.97 4.5300 1.2300 -2.6000 -5.1333 4.6956 4.5033 0.27 -9.79 -0.24 140 221 193 196 194 
-9.79 -4.83 -11.72 -3.2600 3.0000 -4.7700 -1.8178 -1.3144 -0.2089 -2.81 -7.84 -5.17 151 229 191 215 190 
-13.47 -0.01 -16.22 -9.6100 8.1300 -16.3100 8.4400 1.6344 -3.2022 -0.28 -9.80 0.14 170 243 204 227 194 
7.83 -6.44 14.94 6.4700 1.5900 7.9400 -2.9422 -1.2578 1.2311 0.47 -9.56 2.12 167 248 219 232 196 
-6.31 -5.75 -6.76 -6.1800 3.7000 -6.0000 -2.4267 -1.3878 0.7889 -1.65 -9.46 -1.96 168 248 234 230 198 
-7.29 -4.14 -7.55 -4.1700 5.8700 -0.2000 5.1944 0.8200 -3.2156 1.66 -9.27 2.72 168 253 227 243 200 
5.34 -7.27 7.28 2.8600 1.5800 3.3500 -1.3600 -1.6378 0.6889 2.13 -9.24 2.48 165 285 247 244 202 
2.67 -6.55 3.57 1.4400 3.1300 2.5400 -3.7122 -0.3611 2.5500 -0.80 -9.69 -1.22 160 259 240 234 197 
-8.26 -4.60 -10.83 -4.0800 1.8300 -4.4200 -1.3911 -0.3322 0.7622 -4.11 -6.97 -5.52 159 242 221 225 193 
-4.13 -5.81 -7.31 -0.8100 1.9400 -1.8800 0.5644 0.0156 -0.4100 -3.45 -7.37 -5.46 154 228 214 214 191 
-7.73 -3.37 -15.19 -8.8800 7.0300 -6.3600 9.7278 2.2589 -4.5389 0.90 -9.12 3.48 162 247 210 225 193 
4.72 -8.67 11.36 3.3300 0.3000 6.4800 -3.0433 -1.1444 0.8889 0.66 -9.54 2.15 163 247 221 228 193 
-4.49 -5.59 -7.45 -5.3700 4.1100 -6.5600 -3.1856 -1.9311 1.1767 -1.89 -8.99 -3.40 157 239 219 223 197 
-9.00 -4.40 -15.21 -7.9500 4.5000 -11.5600 7.1456 2.0433 -2.7422 -0.15 -9.76 -0.88 167 251 206 228 197 
7.20 -2.37 17.45 5.5400 3.7400 8.6800 0.2211 -1.8967 -0.9167 3.26 -8.00 4.62 159 253 236 234 197 
4.30 -7.30 3.50 0.3900 0.7700 -0.4800 0.0989 -3.6333 1.1622 3.85 -8.58 2.75 165 258 228 233 200 
1.86 -11.46 5.68 -2.5100 -1.8300 3.2600 -1.4378 -1.6067 2.5033 0.94 -9.75 0.45 170 328 276 291 203 
-2.04 -5.96 -5.42 -2.1400 3.2400 -3.2700 -0.9644 0.7611 0.7411 -1.04 -9.51 -2.15 9 327 284 255 202 
-4.44 -5.39 -15.08 0.9000 7.4500 -15.1900 7.9167 -1.9989 -3.2356 2.02 -8.95 3.45 158 323 289 253 203 
5.52 10.40 34.16 0.5300 8.4300 23.1000 0.5933 -3.0122 0.0567 5.28 -1.71 8.08 171 341 297 312 204 
8.58 0.49 0.86 2.4500 6.7200 -5.7200 -6.1711 3.1911 1.9244 3.84 -8.22 3.70 165 340 300 311 206 
-0.58 -7.62 -9.77 -2.4500 1.6700 -9.2600 -1.4500 0.8156 1.1822 1.42 -9.63 -1.12 173 336 300 250 204 
4.89 6.42 -7.61 3.2900 18.8600 -2.2800 13.8956 -2.7289 -2.3244 3.94 -4.46 7.78 171 329 297 305 207 
5.69 0.29 17.21 -0.5300 1.3400 5.1100 -1.7556 -1.7022 -0.2756 6.80 -2.97 6.40 170 306 246 225 195 
9.21 -5.70 5.69 2.7700 -0.8000 -0.3300 -4.1056 -0.4244 0.5200 6.69 -6.29 3.43 152 246 110 135 143 
2.04 -9.43 -10.52 -1.9100 0.0900 -10.9800 4.1011 -0.9922 0.6578 5.54 -7.02 3.99 122 189 116 133 136 
6.18 -0.94 5.92 0.7400 4.9400 -0.1500 3.2222 -1.7967 1.1300 5.51 -3.85 7.13 123 192 123 141 139 
5.92 2.55 12.35 -1.6700 5.0200 4.6600 0.0578 0.0922 0.1078 5.11 -3.03 7.79 123 192 121 138 136 
7.01 1.72 10.41 2.5600 5.3300 3.2900 -2.4844 2.3011 -1.5989 4.47 -4.37 7.55 121 180 125 145 139 
5.86 -5.00 -1.04 -0.6800 0.3800 -7.0700 -2.3356 -0.1667 1.8467 2.98 -8.02 4.78 129 185 127 146 138 
-3.42 -12.81 1.96 -4.4900 -3.7400 -1.1400 -0.2744 0.0500 -0.2567 2.17 -8.91 3.45 125 185 126 149 139 
3.76 -8.25 2.74 1.3000 0.7700 -0.4700 0.0167 0.0822 -0.2544 2.59 -8.84 3.35 127 193 129 148 143 
1.74 -7.67 3.83 -2.0600 1.6700 0.3800 0.0467 0.2944 -1.8111 4.03 -8.27 3.36 154 234 133 158 175 
0.83 -1.61 -2.07 -5.3700 4.8400 -5.5200 4.5889 0.7333 -6.0911 7.93 -1.93 5.43 158 255 156 181 186 
16.92 9.81 7.30 8.9900 5.9500 1.2300 5.7911 0.6611 -2.2233 6.56 5.95 4.19 159 283 146 168 167 
9.14 14.68 7.84 3.9000 6.9300 4.5900 2.3356 -1.0456 4.4044 8.45 4.94 0.49 141 299 148 167 165 
2.81 3.62 2.69 -7.2600 2.6600 1.6300 -0.0044 2.1044 3.3556 9.59 -0.74 1.88 135 305 144 161 168 
-0.25 -0.90 4.21 -8.8200 2.4900 0.9400 -5.7511 -1.0367 -0.9767 9.46 -2.54 0.33 129 314 150 171 162 
10.22 5.14 -13.00 1.3100 4.0000 -9.3200 0.6278 -0.6822 -3.8489 9.12 3.06 -1.85 130 321 150 169 157 
11.07 4.09 -9.90 4.2300 0.2500 -6.6000 3.5922 -1.2200 -0.2544 7.92 3.77 -4.37 129 306 149 170 159 
10.67 7.33 4.26 1.0300 3.8700 8.1000 -0.3933 -0.2211 1.1856 8.29 1.87 -4.89 131 305 151 172 158 
;
