2.65 3.78 9.06 0.1700 -0.1100 0.3600 0.0478 -0.6967 -0.0467 3.01 3.92 8.46 163 279 265 277 200 
3.89 4.06 7.99 0.6700 0.0000 -0.4400 -0.1033 0.7656 -0.0044 2.63 3.87 8.61 161 271 265 277 201 
2.09 3.53 8.56 -0.4600 -0.2700 -0.1400 0.0000 0.0733 0.0056 2.36 3.86 8.69 163 273 267 275 201 
2.85 8.10 15.82 1.2000 3.2900 11.3600 -3.6144 -4.5467 -1.9100 5.40 1.87 7.96 7 278 220 226 200 
10.75 1.66 6.64 2.8100 1.1400 0.3500 -2.6122 -1.4856 2.5856 8.59 -1.92 4.30 148 238 141 150 148 
6.25 -0.99 -8.69 -1.5700 1.1900 -10.6700 3.2944 -0.1444 1.9133 7.09 -5.57 3.83 111 209 131 152 145 
3.76 -1.60 4.82 -2.0300 2.9500 -1.0200 3.5444 0.2611 0.7856 5.76 -3.72 7.00 120 203 131 156 145 
6.20 0.82 9.96 0.0200 3.6900 1.8300 -0.3144 0.4389 -0.0167 5.36 -3.44 7.44 120 206 135 155 146 
5.16 0.15 9.13 -0.1300 3.9900 2.6700 -1.5611 0.7644 -1.3122 5.18 -3.86 7.37 121 199 136 160 153 
8.89 -3.88 1.40 3.8400 1.9500 -4.5700 -2.8822 0.7067 1.1767 3.96 -7.04 5.54 124 208 137 162 151 
-0.77 -12.12 0.74 -3.1000 -3.5800 -2.8000 -0.5022 0.5189 -0.0289 2.98 -8.41 4.05 124 211 140 166 149 
3.40 -7.86 4.54 0.4100 0.4700 0.2600 0.3067 0.1922 -0.1444 3.12 -8.14 4.47 124 213 142 162 152 
3.06 -7.36 4.95 -1.9200 0.6300 0.4700 0.3833 -0.3533 -1.2011 4.08 -7.53 4.77 153 256 141 181 166 
7.11 -9.52 5.74 1.2300 -2.6800 -0.8000 -0.3533 4.3644 -1.3022 3.72 -6.78 6.02 170 183 138 164 169 
5.29 -4.22 -0.22 3.8600 3.0100 -8.6200 3.0267 4.7244 2.2622 -1.74 -4.95 8.28 172 157 147 169 159 
3.42 9.35 2.63 8.8800 11.2800 -4.8400 2.7333 5.0433 6.2000 -6.80 2.58 6.56 183 153 149 167 156 
-16.08 11.43 15.30 -9.2100 4.9900 7.1500 -0.8178 -1.4778 -0.5244 -4.59 5.35 6.80 185 160 150 177 159 
-3.14 4.81 8.06 1.6900 -0.0100 0.9000 -0.4000 -0.0244 -0.5167 -4.34 4.67 7.43 191 169 155 176 160 
-4.40 4.00 7.05 -0.2300 -0.2300 -0.5600 -0.0767 -0.7111 -0.3244 -3.95 4.24 7.90 185 168 159 174 159 
-5.17 7.17 9.19 -3.5000 2.9000 -0.4700 -0.4822 -7.3222 -2.1733 2.00 3.83 8.79 152 225 158 181 160 
8.99 3.17 -3.69 3.0700 -2.2000 -8.0500 2.3222 -3.5311 -1.3011 7.09 6.14 2.82 139 281 159 187 159 
15.75 10.99 -0.48 8.0200 4.7900 -0.9400 3.3622 0.0889 1.7844 7.87 5.81 -0.51 135 299 163 182 158 
6.79 6.72 2.43 -3.5700 3.8600 4.1100 2.6800 1.1878 2.7767 9.63 1.48 -1.05 139 319 156 177 155 
0.06 1.44 4.58 -9.6000 1.7400 3.3400 -4.1511 -0.4300 0.9089 9.75 -0.92 0.32 138 308 161 184 155 
7.05 4.39 -10.88 -2.5000 2.8500 -10.9200 -1.2189 0.9178 -4.8733 9.04 3.78 -0.04 121 304 164 182 165 
18.62 9.24 -6.38 6.7300 2.6000 -2.6000 3.6133 0.3022 0.6856 8.03 5.19 -2.14 133 297 161 190 157 
5.82 6.35 4.69 -1.6900 2.3500 6.4900 -0.5733 -0.1222 0.4489 8.53 3.44 -3.37 138 293 166 185 157 
7.11 3.79 -3.89 -1.7500 0.2000 -0.4900 -1.1244 -0.8011 -0.1389 8.27 3.96 -3.46 155 317 184 198 172 
19.77 3.32 -7.11 7.3300 -0.2600 -3.2500 3.5578 -0.1556 2.6567 8.90 1.68 -3.75 173 271 253 295 206 
2.17 2.80 0.73 -6.1900 6.9100 6.0100 -1.9633 -1.9133 6.1900 6.53 -5.29 -5.04 182 221 246 288 199 
-3.81 0.69 -3.93 -5.8300 5.2200 2.4200 -5.7678 -1.7622 0.0944 2.71 -2.00 -9.20 185 245 246 295 204 
2.89 -0.46 -15.22 0.1100 -0.4300 -4.1100 -0.1656 -0.2967 -0.2533 2.59 0.90 -9.41 184 249 243 295 207 
2.86 0.54 -9.58 0.0900 -0.1200 -0.0500 0.4111 0.3456 0.1044 2.84 0.49 -9.37 182 253 241 296 208 
5.49 1.41 -10.31 2.1600 0.8300 -2.7600 -0.0233 1.7111 0.5833 4.05 0.22 -8.92 181 242 222 245 192 
10.09 3.11 -10.91 0.2800 4.5900 -4.7700 -2.1722 11.1422 3.1722 8.33 -4.21 2.98 167 251 228 215 187 
0.12 -0.55 -3.46 -2.9800 5.1100 -8.9000 -7.4856 4.2822 4.1722 0.17 -9.78 -0.67 153 263 248 248 185 
-1.31 -6.84 -7.31 -1.6300 2.2400 -5.4600 0.4611 0.3900 0.1389 -0.77 -9.23 -3.19 150 259 249 245 184 
1.43 -1.55 1.57 -4.7100 8.4800 8.5100 4.6300 0.1578 -0.7989 1.32 -8.49 4.71 159 264 251 259 188 
4.30 -5.79 7.27 2.5500 3.2900 1.3000 -3.9044 -1.1867 1.7933 0.45 -9.70 1.35 157 265 255 249 190 
-7.32 -9.70 -11.38 -6.9400 -0.1400 -10.3100 1.6367 0.6811 -1.3033 -0.18 -9.78 -0.60 154 262 253 254 187 
5.13 -1.82 12.96 10.7200 6.7600 16.8500 3.7044 1.8144 -1.5744 2.61 -8.08 4.89 153 272 266 260 188 
-1.51 -10.18 3.04 -3.5600 -2.4200 0.2700 2.2822 -6.4767 0.0200 5.10 -7.62 3.46 10 314 261 268 191 
8.74 -6.74 0.80 0.3000 1.6000 -0.9600 0.2722 -1.9956 3.7767 2.90 -9.18 1.84 170 353 282 302 195 
-2.04 -7.82 -2.07 -3.7500 1.3700 -4.4200 0.2144 2.3578 0.7478 -0.17 -9.68 1.52 169 356 280 308 193 
-2.94 -2.53 -12.05 1.5700 9.5700 -13.7400 10.0422 -3.5089 -2.3422 3.17 -4.64 8.03 166 355 299 327 202 
10.05 9.36 25.56 5.3500 8.7900 15.7700 -1.9822 -0.8533 0.5078 5.00 -0.47 8.41 169 357 295 320 199 
7.48 0.70 1.88 1.3200 5.7800 -6.9400 -6.4878 0.8100 1.5256 3.74 -7.73 4.72 165 361 299 312 199 
-2.80 -8.83 -12.49 -4.8300 -0.2100 -15.3600 0.7689 -0.3378 -0.3611 2.44 -9.39 1.42 166 344 285 310 199 
12.98 7.67 9.29 9.2200 13.5800 10.1900 4.4044 -0.3156 -1.8056 6.74 -2.82 6.53 44 345 291 304 203 
7.48 -0.58 7.53 -0.2800 1.1300 1.7800 -1.9733 0.0267 -0.9733 7.68 -2.12 5.71 105 230 239 221 196 
8.69 -6.03 0.75 1.4800 -3.2800 -6.3500 0.0600 0.4922 0.2378 7.28 -3.03 5.81 8 158 150 161 151 
7.42 -3.13 -1.58 -0.1900 0.6600 -7.0600 3.3000 -3.0811 0.8344 8.18 -2.45 4.81 8 154 146 151 138 
10.12 4.77 -0.76 2.5800 6.3600 -3.8700 4.2833 -1.7611 -0.6622 9.45 0.06 2.61 7 152 142 151 134 
12.74 3.98 6.11 2.4200 3.4800 3.4400 -1.6311 1.5667 -0.2522 9.44 0.29 2.60 7 160 153 158 143 
8.73 4.73 0.33 -0.6300 3.9200 -2.7400 -2.3700 -0.2444 -0.4189 9.39 -0.25 2.80 94 166 158 164 144 
11.15 -2.55 -5.19 -0.0600 -3.0400 -7.4600 -0.4211 -0.6367 -0.6478 9.52 0.11 2.33 96 156 156 170 140 
9.28 -1.11 -0.33 -0.0900 -1.7100 -0.4700 2.7100 -1.1956 -0.5500 9.70 1.42 0.17 94 158 151 163 137 
12.46 0.23 -0.24 1.0600 -1.7300 0.5300 -0.0311 1.6311 0.3222 9.68 1.22 0.97 96 164 159 170 146 
;π
