2.12 3.24 8.91 0.0000 -0.0200 -0.1200 -0.0622 -0.0278 -0.0433 2.06 3.24 9.02 155 306 286 304 200 
2.33 3.08 9.06 -0.0800 0.2700 0.3300 -0.0856 -0.1667 0.1367 2.32 3.22 8.96 157 313 286 304 201 
4.22 3.21 9.10 1.4300 0.1600 1.0400 0.0867 -0.2911 0.2322 3.18 3.27 8.67 155 332 281 294 199 
5.70 3.79 16.96 2.3200 1.9600 7.3000 -4.7311 0.0278 1.6033 3.29 -0.94 9.18 165 353 236 259 195 
3.88 -0.83 8.03 -0.1600 5.0600 -0.6800 -4.7544 1.0856 1.8544 0.65 -7.69 6.04 189 395 214 217 172 
-0.54 -4.66 -1.84 -0.3700 4.2700 -5.6400 -1.3444 0.0644 0.0400 -0.30 -9.49 2.42 192 402 218 224 176 
0.54 -5.49 0.65 0.2400 2.7300 -1.9800 1.5033 -0.1811 -0.2833 0.13 -9.13 3.57 195 400 224 226 177 
6.12 -1.80 5.78 5.9600 5.9700 0.5000 3.4244 -0.9356 1.0667 0.23 -6.97 6.89 191 398 224 227 175 
4.14 -7.97 15.93 3.1500 -3.6600 8.0800 1.7922 -2.7200 2.9933 1.67 -3.91 8.83 192 398 224 227 177 
-3.76 -6.43 14.96 -7.1900 -1.1000 5.2500 -2.0133 -1.2567 2.5522 2.01 -6.20 7.32 192 400 228 227 177 
-3.39 -4.04 9.03 -5.2100 3.8000 2.8500 -2.5467 0.9822 -0.7722 1.88 -8.47 4.55 191 400 228 229 177 
3.56 -0.19 4.64 0.2900 8.3100 1.0800 -1.5589 3.2300 -1.9667 3.47 -8.71 2.84 191 399 228 228 177 
6.70 -2.76 3.33 3.5400 4.6200 -0.8800 1.5222 1.7956 -1.6178 4.19 -7.25 5.10 191 399 227 229 177 
8.13 -5.98 7.15 3.6400 -0.5900 1.1300 1.9467 -0.0689 -0.1400 4.14 -5.00 7.34 191 398 231 229 176 
3.42 -7.95 10.16 -1.0100 -3.5500 2.1700 0.1678 -0.7333 -0.1567 4.66 -4.12 7.57 192 398 227 229 178 
4.27 -6.77 10.64 -0.2500 -2.0900 4.9000 -0.2133 -3.3767 0.3056 6.59 -4.77 5.45 182 368 272 279 189 
7.97 -4.45 4.57 0.1200 4.9500 1.0600 -2.5267 0.7156 4.0633 4.18 -8.56 2.31 169 395 357 417 202 
1.87 -4.46 -2.77 -0.5100 4.7100 -3.5600 -1.4089 -0.9689 1.1767 1.68 -9.60 -1.04 172 402 372 421 202 
-0.38 -7.66 -3.52 -0.3200 2.3100 -1.6900 0.4956 -0.4767 -0.7000 1.48 -9.63 -1.06 171 401 370 419 203 
4.56 -8.26 -5.92 2.6900 1.0800 -5.9700 1.3867 -0.6800 -0.0500 1.87 -9.61 -0.44 160 369 357 405 205 
7.12 4.36 -4.30 5.3100 13.7900 -7.4900 8.8167 -1.8867 -0.2822 3.47 -5.83 7.07 167 377 369 414 205 
2.34 8.98 15.34 5.4100 8.5000 9.7500 4.1422 1.1633 0.4500 3.54 2.07 8.90 170 384 378 415 207 
2.20 5.30 12.72 -1.1600 1.6500 4.2300 -0.0667 -0.5222 -0.0711 4.18 3.35 8.21 169 383 380 413 207 
3.63 4.06 9.23 -0.7900 0.8900 0.9300 -0.5978 -0.2556 -0.2544 4.13 2.94 8.39 173 385 369 395 207 
;
