4.60 1.89 8.49 0.0000 -0.0100 0.0500 0.0011 -0.0044 0.0011 4.60 1.90 8.44 164 331 336 349 217 
4.69 1.94 8.45 0.0500 0.0400 0.0100 -0.0033 0.0156 -0.0044 4.60 1.90 8.44 165 331 337 349 217 
4.66 1.86 8.63 0.0400 -0.0200 0.1400 0.0144 0.0244 0.0000 4.59 1.91 8.45 167 332 337 350 217 
4.58 1.91 8.42 -0.0700 -0.0600 0.1200 -0.0011 0.0056 0.0089 4.58 1.92 8.45 164 330 335 350 216 
4.65 1.93 8.55 0.0700 0.0100 0.0400 0.0033 -0.0044 0.0022 4.58 1.92 8.45 166 330 336 348 215 
4.57 1.90 8.48 0.0000 0.0000 0.0000 -0.0067 -0.0189 -0.0067 4.59 1.92 8.45 166 330 335 350 217 
7.91 5.03 13.55 7.0500 4.9200 10.7700 -3.3956 -1.4367 0.0689 6.28 0.38 7.51 166 319 245 241 196 
7.83 1.21 6.61 1.1100 4.9500 -4.0700 -5.8433 9.3489 -0.1289 1.33 -7.15 6.57 188 373 182 197 172 
4.13 -6.01 -2.91 5.6500 3.9100 -4.1900 -0.1356 1.1389 -1.8878 0.56 -9.48 2.43 195 391 180 188 163 
4.57 -7.06 3.02 4.1400 2.6900 -0.2900 0.8233 -0.3456 0.2500 0.87 -9.16 3.38 195 393 181 191 165 
4.83 -3.29 4.32 5.3500 4.8800 0.2800 3.5244 -1.8533 3.6111 -1.39 -6.99 6.73 198 392 180 194 177 
-6.19 -11.99 20.87 -6.3100 -6.2000 11.3600 -2.0067 -1.6467 2.9344 -1.67 -5.42 7.99 198 396 185 197 179 
-7.12 -3.10 11.75 -6.0800 4.9500 4.7900 -3.8200 1.7100 -0.2533 -1.92 -8.65 4.18 200 395 187 200 180 
-0.89 1.82 0.58 0.6100 10.4100 -2.4000 -0.7244 2.4033 -2.2044 0.66 -9.65 1.57 197 399 190 199 180 
9.53 -4.26 2.62 7.7400 4.4000 -0.4300 2.3600 1.7656 -0.5778 2.18 -8.35 4.64 199 397 190 200 180 
7.81 -4.15 8.15 4.8100 1.1100 3.5000 4.0711 -1.4167 2.7633 1.02 -4.74 8.51 200 398 193 202 181 
-2.27 -8.88 15.88 -3.8800 -3.7500 6.5600 1.1267 -4.2244 -0.2856 4.67 -2.39 8.27 168 393 202 213 182 
14.67 -4.32 2.72 3.8000 -3.4800 -7.2500 5.1967 -6.1278 1.8889 9.43 -2.12 1.62 113 376 180 195 169 
6.11 -1.44 -2.31 -4.2500 2.2600 -2.0300 4.8144 0.2156 -0.9144 9.42 -2.26 1.49 104 386 182 197 163 
8.21 4.15 1.35 -2.1500 4.2900 -0.9800 1.7989 0.5744 -1.0178 9.30 0.59 3.03 97 392 180 196 163 
9.50 2.51 2.05 1.0800 1.6500 -1.4100 -0.8311 0.0856 -0.1500 9.23 0.66 3.21 102 390 182 198 164 
8.97 1.90 2.13 -0.5700 0.6300 -2.2300 -1.7633 0.4856 -0.5567 8.83 0.15 4.25 102 411 185 199 165 
9.91 -0.82 2.44 1.0600 -0.4800 -2.0100 -0.7444 -0.0678 0.6556 8.61 -0.85 4.59 107 404 185 198 165 
5.26 -6.35 6.54 -2.7100 -4.7600 1.3400 -1.3300 -0.2156 0.0022 8.39 -2.20 4.56 106 406 184 200 165 
8.83 -2.58 4.80 0.3400 -0.1600 0.4500 0.0700 0.0878 -0.1678 8.51 -1.97 4.44 109 407 187 201 166 
3.60 -2.29 4.64 -7.0300 0.1800 0.5300 -1.8178 -0.7211 -0.2033 8.70 -2.37 3.83 137 353 201 213 175 
8.14 -0.51 -0.95 4.3800 1.6800 -5.3400 0.6800 6.2111 -2.1433 5.82 -0.30 7.88 171 317 300 323 198 
;
6.65 5.74 16.96 -2.6500 2.4900 6.4000 0.9722 0.3778 -0.0922 3.13 2.28 9.00 176 325 342 384 202 
4.76 3.13 12.27 2.5900 0.3200 3.4800 -0.0733 -0.1067 -0.0922 3.36 2.57 8.84 173 334 349 384 211 
3.93 2.73 9.63 0.4600 0.2000 1.0800 -0.4422 -0.5200 0.0822 3.72 2.31 8.77 170 331 304 340 209 
3.87 2.42 13.86 1.8300 2.5600 4.4300 -4.5678 2.1511 -0.1800 1.44 -2.28 9.42 172 335 235 240 195 
-1.58 -5.02 5.01 -1.0600 1.5000 -3.8600 -4.2689 3.7367 -1.3311 -1.64 -8.24 5.04 185 378 196 216 180 
0.31 -5.75 0.32 1.7700 3.3200 -2.7500 0.1000 1.7344 -1.3378 -0.75 -9.28 3.07 196 392 183 207 162 
4.64 -6.54 3.37 4.4700 1.8900 -1.2300 1.8967 0.5611 0.4211 -0.32 -8.39 5.06 196 407 182 201 157 
2.63 -6.59 8.26 3.8100 0.0400 1.4500 2.0056 -0.8889 2.4067 -2.19 -5.78 7.60 198 411 185 203 158 
-1.13 -7.02 13.14 -1.6000 -3.7700 5.2400 -0.6167 -1.5156 2.6289 -2.07 -4.30 8.56 199 410 188 205 159 
-7.03 -5.22 10.20 -5.6300 1.0200 1.8700 -2.5533 0.0078 0.1656 -2.15 -6.80 6.72 200 412 190 206 159 
-5.65 -2.99 6.01 -2.9300 5.4700 0.6300 -1.5211 1.6878 -2.1844 -1.14 -8.87 4.02 199 412 189 207 160 
2.23 -2.99 2.23 2.5000 5.1900 -1.7000 0.9522 2.2100 -1.7356 0.40 -8.99 3.87 199 415 191 209 159 
5.21 -6.93 5.40 5.0600 -0.0700 -0.1000 2.3844 0.8200 0.4533 -0.19 -7.30 6.54 197 415 191 207 160 
5.65 -5.77 11.32 3.2000 -2.4000 3.5800 2.0200 -2.3800 2.2022 -0.22 -4.28 8.81 198 414 191 209 160 
-4.24 -4.89 12.77 -4.8200 -0.9800 2.1200 -0.4600 -0.0511 0.0778 0.61 -3.66 9.07 199 413 195 211 162 
0.09 -5.83 9.62 -1.4400 -3.2500 0.4000 1.5889 -5.8578 -1.1589 4.95 -2.37 8.12 141 404 196 213 160 
16.63 -0.55 -4.14 2.2300 -0.9000 -7.2100 5.8456 -2.9700 1.1689 9.72 -1.16 0.47 105 395 186 207 156 
7.95 0.51 -1.38 -3.4300 5.6100 -1.2600 3.1733 0.5378 0.3033 9.57 -2.10 0.25 102 400 188 208 157 
8.78 4.03 3.93 -1.1300 3.2600 3.6300 -0.1989 0.4222 -0.2611 9.55 -0.94 1.97 100 406 188 209 158 
10.37 0.28 1.76 -0.2400 1.8500 -0.3400 -0.6533 0.3556 -0.0489 9.47 -1.08 2.26 100 413 189 211 159 
9.44 0.17 1.06 0.1000 0.8200 -1.3900 -1.3256 -0.0733 0.5244 9.35 -1.75 2.34 103 420 188 211 157 
7.76 -4.33 4.11 -1.4400 -2.9800 1.9700 -1.6233 0.5111 0.2900 9.00 -3.01 2.44 105 415 187 209 155 
6.68 -6.18 3.61 -2.2500 -2.3700 0.9500 -0.1889 0.0300 -0.5100 9.05 -2.92 2.36 104 416 188 210 157 
1.84 -2.99 2.77 -8.5500 -0.3100 0.3500 -2.2600 2.0000 -2.0500 9.16 -2.02 2.85 153 284 197 228 175 
;
