3.98 1.62 8.83 -0.0500 -0.0200 0.0600 0.0000 -0.0256 0.0089 4.08 1.65 8.75 163 327 334 364 207 
4.04 1.67 8.75 -0.0300 0.0700 0.0200 0.0278 -0.0278 0.0133 4.11 1.66 8.74 162 328 329 362 206 
7.49 3.13 15.74 2.8400 1.8800 8.2900 -1.6000 0.1756 0.8689 4.87 0.35 8.50 165 379 256 257 203 
0.15 0.09 8.29 -0.1600 4.6000 -2.2400 -6.3811 3.8900 -1.3356 0.03 -7.68 6.08 194 390 186 206 165 
2.51 -4.82 -2.60 4.0300 3.8600 -6.0900 1.0822 1.3511 -0.8389 -0.50 -8.52 4.82 199 406 177 199 154 
6.97 -5.11 8.32 8.2400 1.8000 2.4700 2.6844 -0.6411 2.6767 -1.49 -5.71 7.82 200 407 178 198 153 
-0.82 -6.98 13.31 0.4800 -4.3200 7.5600 2.0044 -2.9167 3.7189 -0.63 -1.93 9.59 201 400 191 203 150 
-6.23 -0.46 12.13 -3.6200 4.7200 3.0500 -2.8822 0.0300 0.6578 -0.91 -5.22 8.24 199 400 192 206 152 
-5.20 -0.50 7.03 -3.6600 7.3000 0.4600 -2.6500 1.2256 -2.5633 -0.24 -8.51 4.85 200 403 196 209 154 
2.60 -2.79 0.94 1.5200 5.9200 -2.9500 0.3000 2.4778 -1.9578 1.59 -8.80 4.00 198 408 195 208 154 
7.18 -3.28 4.35 5.3000 3.5900 -1.9400 3.0811 -0.2511 -0.9867 2.44 -6.46 6.95 199 405 197 210 154 
4.72 -6.10 12.69 1.3700 -3.1600 7.4300 2.9200 -0.5778 1.3467 2.58 -2.22 9.19 198 400 200 212 155 
6.31 -1.23 15.55 5.5200 1.3900 5.8500 -0.0489 1.9033 2.7456 2.08 -1.18 9.50 193 197 230 245 179 
-1.38 -3.16 3.86 1.1900 0.5500 -4.9300 -3.1011 5.5922 4.7033 -6.35 -3.13 6.77 197 156 171 181 133 
-8.13 1.66 -3.22 1.5700 3.4000 -7.8200 -0.9144 1.0567 3.4033 -9.16 0.36 3.48 195 151 175 182 136 
-5.77 5.21 10.50 1.1700 1.8500 10.1200 0.6811 -0.5589 2.1800 -7.74 4.95 3.40 195 157 178 184 140 
-7.72 5.00 4.70 -0.0300 0.2300 -0.0400 -0.5022 0.2811 -0.5100 -8.00 3.82 4.18 195 161 180 187 138 
-8.19 2.72 2.71 1.4500 0.1700 -0.5500 -0.0456 -0.2744 -0.1956 -8.11 3.28 4.41 197 163 180 187 141 
;
