0.66 4.83 7.54 -0.3400 -0.0800 -0.4400 -0.1900 0.1300 -0.0789 0.85 4.81 8.49 160 335 329 387 213 
0.88 4.91 8.42 -0.0300 0.1200 -0.0200 -0.0156 -0.0267 -0.0011 0.93 4.78 8.51 160 336 330 388 213 
0.89 4.88 8.51 -0.1000 0.1100 -0.0300 -0.0256 -0.0378 -0.0122 0.97 4.75 8.51 159 330 329 386 213 
0.61 4.89 8.59 -0.4700 0.4100 1.2900 -0.3922 -0.5889 -0.2756 1.28 4.64 8.54 158 327 312 355 214 
3.63 7.24 20.97 -0.5900 3.9400 12.2200 -7.3522 -4.0322 0.2778 4.51 0.22 8.70 190 370 173 170 149 
1.89 0.77 -1.59 -0.8200 7.2100 -9.0000 -4.5189 1.4656 -0.0067 2.30 -7.87 5.37 193 384 178 178 154 
3.57 -3.99 3.16 1.9700 4.0200 -1.4200 0.5856 0.8867 -0.2578 1.49 -8.25 5.07 193 384 183 185 155 
4.21 -1.31 -1.14 4.6300 7.2900 -6.9900 4.3300 -0.4856 1.3878 0.97 -5.80 7.84 195 378 152 185 155 
4.40 -1.86 23.85 4.2200 -0.1000 14.2800 0.6011 -1.2978 3.4578 0.51 -2.20 9.54 195 377 179 182 154 
-4.19 -4.79 13.86 -5.8500 -0.6600 3.7600 -2.2100 -1.1633 1.5056 1.74 -5.00 8.24 194 378 182 182 157 
-2.56 -2.48 7.38 -3.4500 4.5500 0.3700 -1.9167 1.1633 0.2744 0.64 -7.48 6.30 195 379 183 188 157 
-2.74 -3.05 6.02 -3.1500 5.4100 0.8500 -0.9733 1.4300 -2.5111 1.25 -8.40 4.89 193 384 185 192 158 
4.30 -1.63 2.82 1.9100 6.1400 -2.0700 0.8044 1.8689 -1.8922 2.91 -7.47 5.63 191 377 182 190 156 
9.79 -3.49 8.26 6.5600 2.6500 1.1600 2.1622 0.3656 0.2733 2.72 -5.00 7.97 192 375 182 194 157 
-1.33 -10.01 14.05 -3.8400 -6.7600 5.4600 1.5889 -1.1867 -0.4978 2.98 -2.62 8.96 186 344 199 204 166 
6.81 -3.56 11.89 2.1700 -0.9500 3.7600 0.5189 0.9600 1.8900 3.56 -1.40 9.02 181 190 227 217 168 
7.35 0.06 9.34 6.1200 2.3600 -0.2700 -1.5544 5.0356 2.2000 -2.86 -3.21 8.81 183 160 199 183 152 
-2.94 1.29 5.29 3.9500 4.5400 -0.4800 -2.1656 2.1844 2.9089 -8.18 -2.57 4.74 187 163 204 185 155 
-4.48 2.64 1.86 5.0800 4.7200 -0.8700 -2.6333 0.4244 2.8389 -9.35 0.14 2.93 191 168 203 187 159 
-16.62 4.25 3.78 -8.1900 2.0100 -0.4500 -0.1822 -1.6889 0.5300 -8.22 2.74 4.58 192 172 205 188 160 
-8.78 3.15 5.38 -0.9200 0.9600 0.5900 0.1133 -0.2600 -0.5722 -7.98 2.67 5.02 193 173 207 191 160 
-7.95 2.55 5.21 0.2700 -0.1400 0.0900 0.1344 -0.0722 -0.2400 -8.06 2.50 4.98 189 171 207 193 160 
-7.83 3.14 5.56 -0.4300 0.8400 0.2200 0.2100 -1.0111 -0.2256 -7.62 2.35 5.69 183 220 217 203 165 
-3.30 6.30 13.39 1.8300 5.8600 4.2700 -2.5811 -3.4633 -3.6867 -3.13 -2.45 8.96 171 259 272 259 177 
5.68 -1.68 0.16 1.8700 3.0400 -8.5200 -4.0211 -4.1789 2.5922 2.12 -8.06 5.15 154 218 249 238 160 
-1.86 -7.47 4.40 -3.7400 1.8600 1.2300 -2.7622 2.4556 2.3600 -2.03 -9.50 1.27 162 197 204 213 146 
-5.56 -8.46 0.37 -5.1800 0.3400 1.4900 -1.4367 -1.2189 -0.8022 -2.35 -9.49 -0.71 166 205 201 211 142 
-1.51 -9.46 1.20 -2.1200 0.6700 0.5800 -0.5967 -0.3556 0.2311 -2.47 -9.39 -1.30 167 202 207 211 141 
-5.13 -7.40 -6.14 -3.5900 2.5700 -5.0700 -0.5056 -7.6311 -6.1900 2.13 -9.06 -3.06 168 197 202 200 142 
6.38 -4.14 -9.50 2.4000 3.5600 -3.5300 0.1678 -2.7400 -2.0867 3.33 -7.37 -5.53 167 193 201 193 141 
5.25 -7.07 -6.50 3.1200 1.3600 -0.3100 0.8711 -0.2856 -0.4700 3.47 -7.76 -4.88 163 198 213 199 129 
7.08 -7.05 -3.05 2.0600 0.9200 0.9900 -0.0567 0.3667 0.0689 3.63 -7.80 -4.68 166 200 212 203 136 
7.32 -2.70 0.04 4.3400 5.5200 5.5100 -2.3311 6.3211 0.5244 5.18 -7.25 -4.07 169 212 192 214 151 
2.62 -1.27 -3.85 -5.4700 2.4800 -5.9400 -1.7056 10.4178 -7.5878 7.64 -1.49 5.95 166 236 244 241 171 
5.32 2.89 8.91 0.3000 1.0400 0.0400 0.9700 1.7878 -0.0167 0.35 2.01 9.59 159 270 255 248 178 
;
