1.87 1.46 9.51 0.0000 0.0800 0.0000 -0.0033 0.0022 -0.0011 1.89 1.38 9.52 168 338 346 373 206 
1.86 1.41 9.52 -0.0300 0.0300 -0.0100 -0.0044 -0.0022 -0.0022 1.89 1.38 9.52 169 336 343 373 207 
4.61 3.41 10.00 7.1800 3.7400 0.6900 -2.1633 1.8900 -0.4211 1.55 0.53 9.66 170 361 235 263 206 
-5.49 -4.83 11.77 -4.8100 0.5500 2.9200 -6.0922 4.1733 -1.9922 -2.81 -7.01 6.24 187 377 174 196 169 
-1.69 -4.35 1.34 0.5300 4.2800 -2.3700 -0.8933 1.4567 -3.1633 -0.45 -9.43 2.64 194 395 170 193 159 
4.12 -4.41 1.19 3.5200 4.4600 -1.8900 2.3567 -0.5589 1.0489 -0.17 -8.78 4.35 194 398 172 192 158 
4.00 -7.60 11.42 3.2700 -2.0500 5.9900 1.7944 -1.9400 3.0911 -1.12 -6.16 7.54 196 397 173 196 161 
-6.26 -7.98 13.24 -4.4500 -1.3500 5.9800 -1.3800 -1.2911 2.4733 -1.67 -5.96 7.60 196 397 173 199 162 
-7.60 -4.10 7.59 -5.1700 3.8200 1.3900 -2.1633 0.9344 -1.0633 -2.11 -8.28 4.79 195 397 181 201 162 
-1.43 -2.26 3.36 0.0000 6.7700 -0.3500 -0.5500 1.9522 -2.2644 0.00 -9.40 2.77 196 396 182 202 163 
3.84 -5.24 2.67 2.8300 3.5600 -0.6400 2.7278 0.3922 -1.8700 1.76 -8.15 5.14 195 397 181 204 163 
10.13 -4.30 8.40 6.3800 1.1500 0.4500 2.5644 -0.2978 1.3544 1.90 -5.50 7.89 195 399 186 204 163 
-1.29 -8.69 12.89 -3.3200 -3.8300 4.4100 0.0744 -0.4178 0.5689 2.23 -4.30 8.52 195 396 187 206 167 
2.58 -7.90 10.16 1.7500 -3.9600 2.4300 1.7956 -5.8067 -0.7133 6.39 -3.19 6.71 183 326 204 226 179 
12.23 2.93 -4.82 -0.3400 3.4700 -7.6400 4.4811 -0.6900 1.0367 9.30 -2.28 2.09 189 339 213 237 192 
4.69 -1.01 0.81 -5.2100 2.8400 -1.5800 3.8178 -3.8200 0.5144 9.08 -2.52 2.70 193 371 361 421 219 
6.49 2.35 4.52 0.9900 4.2400 1.7900 0.9567 -0.2744 -0.1267 9.23 -2.05 2.56 196 385 365 430 219 
9.68 -0.09 3.79 0.5200 2.0600 0.1500 -0.8200 0.4033 -0.2800 9.20 -1.95 2.77 196 374 365 427 220 
10.58 0.46 2.91 0.8100 2.2700 -0.7500 -1.6378 0.6378 -0.0011 8.92 -2.23 3.38 194 362 362 424 219 
8.82 -2.26 3.26 -0.5300 0.7200 -0.1700 -0.3778 0.1978 2.7578 8.22 -4.62 2.66 185 294 322 346 205 
3.31 -8.21 1.51 -2.5000 -0.1900 0.0200 -1.9722 0.3156 0.0278 7.11 -6.70 0.76 182 281 311 366 217 
8.15 -7.72 -1.45 -0.1200 -1.2500 -1.4600 -0.0267 -0.4889 0.0133 7.24 -6.60 -0.11 181 290 315 368 217 
8.13 -6.20 0.11 0.0700 0.2100 0.0000 0.1978 0.1689 -0.0944 7.34 -6.49 0.11 183 293 314 369 217 
5.11 -5.69 0.61 -3.6100 1.0700 0.2600 -0.1444 0.0211 -0.5144 7.58 -6.21 0.17 179 293 318 351 215 
1.13 -4.21 -4.21 -4.1800 1.4200 -4.5600 2.9211 5.5122 -4.3244 7.94 -2.18 5.31 176 350 334 387 211 
3.86 5.44 13.07 -1.3100 5.9000 7.5600 1.1233 3.9878 -1.1478 2.28 2.61 9.17 183 363 360 415 212 
;
