1.63 4.12 10.45 -0.2600 1.8600 1.4400 -0.3278 0.1078 -0.2922 1.87 2.34 9.33 152 324 312 316 201 
2.62 1.07 7.39 1.1900 -1.5900 -2.2800 0.5067 1.1656 0.4867 0.98 2.81 9.34 156 342 330 350 203 
1.98 2.03 9.70 -0.3000 0.0500 0.0500 -0.1589 0.5022 0.1756 0.82 2.15 9.53 156 339 321 338 202 
-1.48 0.34 19.39 -1.9600 -2.0900 8.9000 -4.8444 1.6433 0.4733 -0.82 -1.05 9.71 190 396 202 212 175 
1.49 2.49 12.92 2.3100 9.8500 3.2300 -8.4856 0.6956 -1.1011 0.58 -8.50 4.85 200 397 183 191 152 
1.94 -1.10 -3.87 -1.3000 7.2300 -4.5600 0.1633 0.2222 0.3600 1.26 -9.54 1.84 198 398 191 194 155 
2.13 -4.10 2.22 2.0900 5.1400 -0.4100 2.4444 0.5433 0.6978 0.22 -8.80 4.32 198 403 198 206 163 
2.96 -6.00 9.68 2.6800 -0.9400 3.6700 3.0322 -1.8711 2.3322 -0.74 -5.58 8.02 200 404 200 209 165 
-1.34 -7.72 14.95 -2.3600 -2.3800 6.4600 -1.1900 -1.9022 3.6322 -0.06 -5.07 8.39 200 404 206 211 166 
-7.00 -5.22 10.02 -6.4200 1.7400 2.4200 -1.9878 -1.2444 0.6844 -0.08 -7.28 6.56 199 405 208 212 167 
-4.57 -4.08 5.13 -3.6400 4.8800 1.1100 -1.8344 1.6267 -1.6900 0.16 -9.17 3.44 198 403 205 211 168 
2.46 -2.26 2.49 1.5600 6.9700 0.1500 -0.3178 2.4178 -1.8400 2.19 -9.14 2.78 195 402 205 211 168 
5.73 -2.69 2.76 2.7600 5.0500 -1.2100 1.5644 1.7056 -2.1433 4.01 -7.45 4.95 196 402 210 212 168 
8.18 -10.49 10.27 3.6000 -5.6900 3.8800 2.7889 -1.0122 -0.5689 4.99 -3.85 7.50 191 394 210 212 169 
10.52 -0.62 3.07 3.0100 1.7600 -5.5700 4.9200 -2.9067 1.1533 7.98 -1.23 5.55 188 223 226 225 174 
12.86 5.05 2.08 3.7000 2.9600 -0.4800 7.8922 -0.0933 1.1778 9.04 2.24 3.05 198 221 219 223 168 
9.36 3.31 7.78 -1.2300 2.4300 5.3700 1.4189 -0.5956 3.9489 9.64 -1.36 1.15 201 188 189 192 150 
2.00 2.91 1.52 -5.7500 5.4600 -0.4000 -3.7344 -0.7211 -1.7600 9.66 -1.60 -0.40 203 184 198 196 156 
11.11 -1.62 -5.50 0.0700 -0.6200 -2.3800 0.4578 0.4756 -0.0744 9.58 -1.42 -1.50 204 184 200 196 157 
9.29 -0.42 -0.69 -0.1300 1.1600 0.6800 0.0467 0.2200 0.0400 9.60 -1.53 -1.24 204 185 203 199 157 
9.16 -1.23 -1.10 -0.2400 0.4400 0.2300 -0.1033 0.1978 -0.0567 9.62 -1.52 -1.13 203 186 205 199 157 
;
