-0.33 2.20 9.57 -0.2200 0.2700 -0.0500 -0.1044 -0.0711 0.0189 0.20 1.96 9.60 158 304 300 305 200 
0.28 1.80 9.57 0.0100 -0.1200 -0.0100 0.0356 -0.0267 0.0478 0.27 1.94 9.60 157 303 302 306 201 
-0.69 1.90 10.95 -0.5700 0.4400 2.4800 1.1489 -0.8411 1.1278 0.81 2.54 9.43 164 343 299 298 199 
-1.26 1.64 16.06 0.1500 2.1600 4.6900 -7.0811 1.3511 0.1256 -0.34 -5.08 8.38 187 378 199 208 182 
1.84 -3.01 -1.34 3.0900 4.5600 -7.3900 -1.5389 0.4944 -0.1578 -0.21 -8.48 4.91 201 394 193 215 186 
1.64 -2.99 1.31 3.2400 5.6900 -2.4700 2.4289 -0.3711 0.2467 -0.33 -7.60 6.18 201 392 186 200 172 
5.33 -4.18 13.07 3.2800 -1.1100 4.4200 2.5367 -2.4511 1.9433 1.05 -4.26 8.76 201 392 195 205 175 
-0.46 -6.91 17.18 -5.4500 -3.2300 7.5200 -1.4956 -2.1278 2.8800 2.24 -5.17 8.02 201 395 196 209 176 
-2.82 -3.66 9.94 -5.8800 4.0500 2.4500 -2.6333 0.5589 0.6722 1.39 -8.16 5.24 201 395 201 211 175 
-2.45 -1.82 3.74 -1.3400 7.7800 0.2800 -1.0200 2.5556 -2.2056 2.03 -9.01 3.27 202 394 201 212 175 
5.75 -2.01 3.91 3.4800 6.4500 -0.6600 1.5878 1.7311 -2.2289 3.54 -7.48 5.24 199 397 202 212 174 
8.28 -4.06 6.93 4.3400 0.9400 0.1600 2.5500 0.5800 -0.5789 3.62 -4.49 7.92 199 393 204 211 175 
7.24 -2.71 10.39 2.2900 -0.3500 2.3900 1.9567 -1.0733 1.2367 4.46 -1.85 8.53 197 392 204 212 174 
3.37 -2.31 10.81 -2.7900 -0.7400 1.6400 -0.0867 -0.1200 0.6700 5.16 -1.94 8.10 197 395 204 210 171 
3.70 -3.97 10.54 0.4800 -2.4500 3.5800 -0.3211 -0.8367 0.2133 5.37 -2.24 7.88 188 330 236 252 189 
7.27 -2.98 7.47 2.5600 1.6600 0.1500 -2.7433 -1.3478 2.0100 4.59 -6.36 5.87 174 285 198 214 163 
6.86 -6.13 1.56 3.4800 2.8500 -2.3700 2.2011 -1.8656 3.8700 2.96 -7.44 5.64 105 279 171 188 137 
5.59 0.03 6.17 2.5100 5.3300 -1.0700 2.6800 -0.5889 1.4156 3.31 -4.40 8.11 107 254 173 191 140 
1.68 -1.56 9.59 -1.5100 1.8900 1.4800 0.0033 -0.4533 0.4044 3.52 -4.03 8.21 111 273 173 193 141 
3.52 -2.92 8.77 0.4700 1.6800 0.9300 -0.2178 0.6011 -0.4667 3.27 -4.04 8.31 113 279 175 195 143 
4.84 2.76 10.19 2.0900 6.7600 1.4500 -1.4733 1.3867 -2.1878 3.05 -4.37 8.22 114 282 177 195 142 
4.77 -8.59 3.66 0.7100 -3.7400 -4.0900 -1.9011 1.4200 -1.2744 2.93 -5.87 7.28 116 284 176 196 144 
2.00 -9.30 3.86 -0.2500 -1.7400 -1.9000 0.0300 -0.0633 -0.0200 2.95 -6.24 6.95 116 284 179 195 145 
;
