-1.47 5.48 8.04 -0.0100 0.0300 0.0300 0.0056 -0.0044 0.0211 -1.28 5.49 8.01 157 369 374 410 215 
-1.25 5.50 8.03 -0.0200 0.0100 -0.0100 0.0111 -0.0033 -0.0022 -1.28 5.49 8.01 159 367 371 412 216 
-1.47 5.48 7.92 -1.0800 0.5300 0.6600 -0.2156 -1.4844 0.2500 -0.50 5.40 8.16 161 327 335 370 214 
5.98 11.07 21.45 2.9500 6.4400 11.2600 -5.7989 -3.0211 2.7411 6.07 -0.44 7.68 169 332 325 362 215 
3.23 2.21 0.06 -2.8500 7.8300 -4.9600 -4.7633 -1.4189 2.9356 5.82 -7.50 2.43 161 345 342 377 214 
2.60 -2.91 -7.33 -1.2400 3.5700 -6.1100 -3.6500 0.3756 1.3722 2.78 -8.28 -4.45 164 349 347 369 213 
0.79 -7.06 -5.22 -1.0800 0.9200 -1.2000 1.1989 0.9822 0.2489 2.33 -8.96 -3.21 164 345 337 374 215 
2.92 -0.99 -10.54 -1.2200 9.7800 -11.1700 6.3889 -1.5733 -1.4256 4.28 -8.59 1.98 165 347 339 375 215 
11.25 10.35 8.88 3.9200 14.7200 6.1400 10.6322 2.0411 0.7211 4.47 1.68 8.56 169 361 343 382 223 
-9.76 5.76 20.66 -8.5300 0.5700 9.8600 -0.6267 -2.0667 -0.3756 2.66 4.15 8.47 171 396 375 430 233 
2.97 4.64 7.32 -0.6500 0.8600 0.2800 0.2822 -0.1500 0.2400 3.05 4.11 8.36 174 376 381 422 230 
8.16 9.12 19.16 2.9100 4.4000 8.4600 -5.5167 -3.9222 -0.2178 8.37 1.28 4.93 168 347 259 250 202 
12.24 -1.89 -15.24 -3.6500 -0.0100 -7.9600 4.9878 1.3244 0.7711 9.54 -1.99 1.05 123 366 184 191 194 
2.44 1.67 4.14 -6.1700 1.9000 0.7600 2.1567 0.7667 -0.2533 9.04 0.29 3.77 123 379 191 200 196 
8.49 3.10 2.17 0.1300 2.4200 -1.5700 0.1689 0.9033 -0.5311 8.73 0.80 4.37 127 380 194 204 196 
9.89 6.06 3.77 2.7000 6.0500 -1.6500 -1.4489 0.6944 -0.5500 8.24 0.74 5.25 128 384 192 203 195 
7.51 -0.76 6.65 -4.9200 1.1200 3.0100 -3.1078 2.5700 0.6233 7.80 -3.23 4.98 135 366 198 210 196 
7.05 -6.55 5.32 -0.7800 -2.9100 -0.0300 -0.5422 -0.1822 -0.6033 8.07 -3.20 4.54 134 368 198 210 197 
8.25 -1.98 5.20 -0.1500 0.9500 0.3400 -0.2589 0.1422 0.2267 8.05 -3.11 4.64 136 365 200 213 197 
7.86 -3.35 1.00 0.5700 0.0000 -4.5100 -6.3478 4.4733 -0.8822 7.05 -5.08 4.52 143 364 213 215 196 
-8.50 -8.77 3.92 1.3200 0.2000 1.7900 -1.1422 -3.6744 0.6522 3.74 -7.90 4.43 164 199 206 218 175 
5.16 -6.36 7.66 -2.2600 -0.5300 0.6900 -3.0400 0.9978 2.9244 1.11 -9.70 0.88 162 196 185 192 150 
-3.21 -10.94 2.57 -3.6600 -0.6600 1.6300 -0.4567 -0.8233 -0.3078 0.20 -9.78 -0.53 160 200 191 193 151 
-1.00 -9.73 -0.14 -0.7900 0.0400 0.8200 -0.1156 0.2278 0.1489 0.17 -9.77 -0.73 161 208 192 202 154 
-2.66 -7.94 -6.36 -2.7800 2.5800 -4.5200 -0.0578 -10.2400 -7.2300 4.33 -7.79 -4.08 160 204 193 201 154 
8.87 -1.52 -11.87 5.9400 4.0500 -3.0800 0.9367 -0.6678 -1.9356 3.58 -5.69 -7.13 161 206 186 200 157 
5.99 -5.20 -5.88 2.4300 1.4400 0.5300 0.4989 -0.5400 -0.5133 3.53 -6.52 -6.40 156 209 193 200 159 
4.43 -6.81 -3.40 1.5300 0.0900 2.5100 -0.1411 0.3078 0.1256 3.91 -6.76 -5.92 162 210 197 202 159 
14.74 -4.97 1.24 7.9900 2.8300 6.5500 -1.6589 5.2656 0.4622 6.07 -6.19 -4.57 162 200 188 202 163 
22.30 1.01 0.48 3.6900 1.3100 -1.7900 -2.2211 13.9111 -4.8756 5.75 -1.91 7.70 165 203 206 210 171 
14.12 4.09 6.03 11.3100 6.0300 -4.0400 -2.6300 -0.1933 -0.3478 1.52 -3.72 8.94 162 219 215 218 178 
0.32 -2.42 1.22 0.1700 0.8600 -7.6600 4.1756 -0.5078 1.5711 0.29 -1.52 9.68 165 248 230 232 187 
-2.20 9.27 16.97 -3.1200 5.2000 8.3800 2.0811 0.9033 1.7533 0.35 4.15 8.87 170 296 269 272 207 
;
