2.83 3.06 8.50 -0.3000 -0.1600 -0.1800 -0.0078 0.1500 0.1244 2.98 3.15 8.79 156 280 270 267 184 
3.71 2.62 8.90 0.5700 -0.6200 0.3600 0.5433 0.1633 0.4644 3.12 3.40 8.64 158 289 283 273 184 
10.03 6.76 19.49 3.6100 2.8400 10.9900 -4.2733 -3.5344 3.6489 6.23 0.13 7.57 159 353 336 366 194 
2.29 5.01 4.10 -4.3000 11.0800 1.1900 -4.0544 -1.8078 4.9600 4.86 -8.36 1.58 164 377 357 396 203 
-4.10 -4.07 -5.58 -5.9200 2.4300 -7.2300 -1.4556 1.1333 0.0978 2.03 -9.40 -1.88 166 376 357 401 205 
3.03 -7.52 -6.75 0.9900 1.4900 -6.8100 2.6089 -1.6967 -1.0233 3.57 -9.11 0.65 163 372 354 400 205 
4.72 2.53 -3.74 0.4000 11.7300 -6.0400 9.8689 -1.5156 -1.0289 5.03 -3.19 7.78 180 375 360 400 207 
6.01 13.11 16.84 0.8500 9.8300 12.7000 2.4733 3.8089 0.4600 2.30 3.41 8.90 186 395 368 416 214 
0.83 3.41 9.95 -2.6300 0.1100 -0.0300 -0.1989 -0.4767 -0.1478 3.28 3.04 8.72 184 386 368 405 210 
3.41 6.65 15.93 -0.4800 3.9900 7.0600 -5.0556 -6.1122 -0.3689 7.40 0.51 6.40 171 372 225 210 170 
4.83 1.03 -10.46 -3.3700 4.6000 -6.5500 -2.4889 -3.9267 2.2900 7.71 -3.21 -5.12 152 384 190 193 158 
5.46 -4.54 -7.04 -0.5400 0.6300 -1.2100 4.5300 -0.8267 0.6644 6.57 -6.28 -3.66 143 361 200 196 164 
6.68 -5.46 3.35 -1.3400 1.8500 3.3200 -4.2700 -1.1322 -0.5644 6.42 -6.46 -3.61 135 393 205 211 168 
8.54 -6.37 -9.67 2.2300 -0.9500 -4.6500 5.2289 1.0422 0.0300 6.02 -7.27 -2.62 138 396 211 215 171 
8.97 -6.12 -0.87 0.0900 0.6500 -0.4500 -0.9856 1.7800 -0.3144 6.58 -6.99 -1.94 150 376 224 224 174 
7.76 -0.79 3.37 -1.9100 4.1900 3.7500 -4.0578 6.2589 -3.7767 9.14 -3.34 1.17 154 350 268 270 186 
;
