0.06 4.79 8.42 -0.1000 -0.1300 0.0600 -0.0100 -0.0633 -0.0311 0.15 4.98 8.44 198 337 286 298 226 
0.20 4.89 8.44 0.0200 -0.0200 0.0400 0.0333 -0.0656 0.0067 0.25 5.00 8.42 199 338 288 295 224 
0.17 5.06 8.42 -0.0700 0.0600 0.0000 -0.0122 0.0089 0.0078 0.24 5.00 8.43 200 337 290 298 224 
-0.09 5.60 9.06 -0.6200 1.0300 0.7400 0.7700 -0.5844 0.5789 0.90 5.41 8.12 204 361 304 310 229 
7.24 9.19 12.77 4.9200 4.7400 5.6800 -2.6478 -3.2433 1.8256 6.13 3.68 6.70 212 384 350 368 244 
8.80 2.35 8.10 1.2000 4.0300 1.2700 -5.0633 -0.4711 3.8533 7.05 -4.13 5.41 216 429 409 447 256 
1.32 -3.48 -0.01 -1.8600 5.5100 -4.5700 -3.1478 0.6100 3.4011 2.61 -9.29 1.73 213 442 408 463 257 
-0.86 -6.47 -2.50 -1.9400 3.0100 -4.0700 -0.6322 1.0678 0.0889 1.09 -9.74 0.27 222 442 416 472 258 
0.53 -10.25 -1.86 -0.8600 -0.4100 -3.0400 0.2367 -0.8267 -0.3933 1.60 -9.65 0.55 232 439 422 468 262 
3.84 -3.74 -8.62 4.0400 6.2700 -9.3700 6.9222 -3.2633 -0.2422 2.81 -7.36 5.83 233 434 425 464 262 
11.76 16.54 9.72 2.7200 15.1600 -0.5800 6.5522 0.2367 0.2811 4.66 2.84 8.14 242 434 423 465 263 
9.03 7.99 14.20 2.5100 2.2600 4.8300 0.8622 0.1000 -0.2856 5.36 5.06 6.45 241 433 427 470 270 
3.24 6.76 8.35 -1.2800 2.3400 2.2700 -1.0289 -1.2822 -0.2800 5.67 4.74 6.44 232 424 417 442 264 
12.84 5.69 9.78 4.0100 2.0600 4.2700 -2.8656 -2.1544 0.7744 8.44 2.59 4.25 199 385 195 209 187 
8.12 -0.67 -4.65 -2.1900 -1.2900 -6.2500 2.4556 -2.0456 1.8044 9.69 -0.43 1.40 149 413 202 214 181 
6.83 2.82 -0.48 -5.7400 3.6800 1.0700 3.7589 0.7800 -1.0456 9.70 -0.01 1.38 159 425 208 221 188 
8.03 2.68 1.76 -1.0900 1.0400 -0.9900 0.4322 -0.1367 0.2578 9.52 0.85 2.15 161 427 198 218 184 
9.22 4.96 1.72 0.6300 4.3400 -2.0900 -1.4422 0.4256 -0.4022 9.23 0.98 3.15 146 418 197 209 173 
7.25 0.86 0.16 -1.2100 0.6500 -2.5100 -1.8089 -0.2789 2.0844 8.78 -1.26 4.17 147 409 198 208 175 
4.98 -8.45 7.19 -3.7500 -6.1100 2.3800 -1.1922 -0.4844 0.2578 8.17 -2.99 4.51 166 424 216 227 191 
;
7.72 -2.50 4.89 -1.7600 0.7400 0.1200 0.1078 -0.1767 0.1811 8.19 -2.74 4.62 184 424 218 232 202 
-0.78 -1.79 -2.80 -6.2800 0.9900 -6.8200 -3.6778 5.4667 -6.0956 8.03 -0.70 5.58 200 307 287 294 233 
11.80 10.82 15.47 6.7600 7.2200 12.0600 1.5189 3.6744 -1.2222 5.29 3.44 7.50 219 338 353 345 239 
-1.89 3.25 12.41 -3.4300 0.6100 1.3100 -1.5889 -0.6867 -1.1056 3.97 2.31 8.66 218 356 352 356 242 
7.04 0.65 14.12 4.1100 -0.4500 9.5100 -0.6833 -3.4867 0.9722 7.24 1.20 6.49 223 388 379 404 248 
12.48 1.01 9.86 6.0100 4.8000 3.9000 -4.9500 2.2333 4.2844 6.25 -5.66 4.99 224 429 405 451 254 
4.82 0.26 -2.93 -1.1200 7.9700 -3.9300 -3.0400 0.5444 2.8211 1.61 -9.66 0.44 223 427 413 453 255 
-3.06 -6.38 -3.21 -3.9900 2.6800 -3.1000 0.1467 0.9522 0.0011 0.23 -9.80 0.04 216 420 407 447 250 
-0.79 -9.18 -2.77 -0.8100 0.6400 -3.4400 0.8322 -2.3600 -0.5156 1.10 -9.68 1.03 219 413 408 435 251 
3.16 0.03 -9.35 5.3700 11.9400 -10.9600 6.9444 -1.8367 -1.5856 4.09 -6.16 6.43 217 404 409 437 252 
8.44 14.36 16.43 3.6500 13.8800 9.5700 5.2133 1.3067 0.0289 5.17 2.67 7.89 221 418 396 444 255 
6.02 7.59 11.86 0.6900 1.9000 2.5300 -0.1656 -1.0511 -0.0400 5.12 3.95 7.36 221 418 416 452 255 
4.04 5.05 9.06 -1.2100 1.7300 2.2900 -0.9311 -1.0956 -0.2267 5.71 3.43 7.19 219 399 393 389 253 
12.91 6.49 12.69 8.0000 3.7900 3.5300 -0.8389 -3.7800 2.0078 9.52 0.89 2.14 197 381 201 221 187 
7.84 -3.22 -5.97 -4.7400 -3.4400 -6.9900 2.6944 0.8022 0.7500 9.52 -1.37 1.88 153 415 203 220 177 
3.55 1.90 1.38 -6.9100 1.9500 -1.3900 3.0133 0.7233 -1.6122 9.31 0.88 2.94 152 422 213 228 187 
9.07 3.89 2.54 0.2300 1.5800 -0.8500 0.3178 0.1089 0.3822 9.11 1.75 3.16 151 417 213 226 184 
8.39 3.41 3.57 -0.3100 2.1300 0.6100 -0.7733 0.4478 -0.5556 9.00 1.76 3.46 153 421 212 230 185 
9.33 6.00 1.61 0.4400 4.2400 -2.8700 -1.8689 0.6611 -0.2633 8.61 1.44 4.45 154 421 214 229 186 
6.77 -2.82 5.00 -1.6300 -2.9200 0.8100 -2.0322 0.5278 0.4289 8.55 -0.50 4.76 157 416 214 228 183 
7.48 -3.75 6.13 -0.3200 -2.0800 1.0100 -0.1011 0.0300 -0.3256 8.53 -0.81 4.75 163 424 225 239 195 
3.88 -1.98 3.53 -5.6800 -1.2300 -1.5000 -1.8933 -0.4189 0.1333 8.69 -1.45 4.29 181 395 227 242 199 
;
