-0.53 3.81 8.65 -1.0200 -0.1800 0.0000 -0.0533 -0.3422 0.0022 0.57 4.01 8.92 157 294 328 345 206 
0.77 3.66 8.99 -0.0300 -0.3500 0.0300 0.0178 -0.0833 0.0578 0.96 3.97 8.91 160 308 312 294 207 
16.38 6.60 16.15 5.8700 2.5900 6.7600 -3.9011 -2.4811 3.4100 8.24 -0.51 5.28 157 331 336 340 207 
5.85 0.59 -0.17 -3.1100 6.2700 -5.5000 -3.9367 -0.7256 4.8011 5.70 -7.70 2.03 162 334 333 343 208 
-0.86 -3.78 -3.08 -3.2300 6.1000 -2.9000 -2.7189 -0.1567 1.5522 2.07 -9.24 -2.54 163 360 346 364 209 
0.66 -6.05 -7.09 -1.2700 3.3100 -5.9200 1.8844 0.2767 -0.0778 2.12 -9.40 -1.80 163 375 350 371 212 
6.58 2.05 -1.40 6.1700 11.2000 -3.0000 9.3167 -1.9533 1.8611 2.44 -4.10 8.56 167 366 338 369 214 
4.22 15.22 15.17 -4.0100 9.2600 4.2100 4.2511 -0.5611 0.9100 2.86 3.93 8.51 168 372 348 372 214 
1.71 7.78 12.88 -1.5200 2.2300 3.9000 -0.1567 0.5467 -0.1656 2.33 4.88 8.17 168 360 351 376 214 
-7.15 13.39 12.72 -8.2700 6.8400 3.0700 -1.8811 1.2289 -2.9144 0.26 3.62 9.10 180 250 208 222 200 
5.02 2.17 12.34 7.3400 -1.7100 1.0700 -3.0811 3.9300 -1.7067 -6.21 -0.26 7.58 177 195 180 192 174 
-0.77 -2.05 3.84 7.7800 -1.4000 -1.6800 -0.0956 1.1967 1.4078 -8.68 -0.59 4.51 182 168 169 178 158 
-1.71 4.88 2.96 4.6500 2.7400 0.6800 1.3456 0.2144 3.7578 -7.89 4.20 4.01 185 177 177 179 164 
-12.15 10.35 5.79 -6.6400 3.9900 0.0900 -1.0733 -0.9644 0.1978 -5.74 5.51 5.71 184 179 179 184 165 
-5.24 5.96 5.43 0.6500 0.3700 -1.2800 0.1144 -0.0244 -0.3267 -5.26 5.20 6.42 186 181 183 186 168 
-8.82 7.46 7.70 -5.3100 3.3100 2.3300 -0.6111 -1.2178 -1.2278 -5.21 4.25 7.12 183 207 175 198 187 
2.67 10.40 7.62 8.0300 8.8800 -4.0100 -6.3900 -7.1533 -2.2933 2.39 -3.13 8.97 145 233 216 233 190 
5.26 -4.17 -3.25 0.4500 2.3000 -8.1300 -4.5967 -1.0067 2.6033 1.93 -9.50 1.45 151 237 212 227 178 
-2.58 -8.51 0.82 -3.6900 -1.3200 0.5800 -0.7667 0.3389 1.5122 -0.17 -9.79 -0.40 151 228 206 224 179 
0.60 -9.20 0.31 -0.0700 0.3100 1.1500 -0.2722 -0.0967 0.6044 -0.13 -9.73 -1.13 152 239 216 237 180 
-1.97 -4.36 -11.46 -3.9300 4.4000 -9.8800 2.0900 -10.8544 -10.5400 5.47 -6.41 -5.00 152 227 207 226 175 
7.26 1.52 -11.52 -0.3400 3.2400 -8.1800 1.4967 -1.8511 -1.6411 3.16 -4.90 -7.87 146 226 205 222 176 
6.61 -4.29 -3.61 3.6000 1.7000 3.6300 0.6600 1.4767 -0.1800 3.29 -7.00 -6.01 152 231 211 226 183 
3.09 -6.15 -6.27 -0.3800 0.6100 -0.2000 -0.1778 0.2022 0.2278 3.64 -6.82 -6.01 153 233 213 231 182 
;
