3.71 2.20 8.87 -0.2200 -0.1700 0.2200 0.0133 -0.0322 0.0322 3.96 2.34 8.65 151 341 348 378 211 
7.96 3.95 10.00 6.5200 2.7500 2.0300 -0.9478 -1.5778 1.3511 5.12 1.54 8.21 156 349 345 340 206 
8.23 5.19 17.08 0.0600 7.2600 9.5500 -4.4233 2.5533 3.7911 5.28 -4.57 6.87 164 351 345 377 206 
-1.86 4.57 -2.23 -0.2100 10.0500 -5.3500 -7.5556 2.4478 -0.5011 0.98 -9.60 -1.70 165 358 354 401 206 
3.80 -7.85 -10.71 3.3400 1.2000 -5.7000 -0.2333 -0.2367 -0.2789 1.45 -8.89 -3.86 165 368 360 410 207 
1.03 -6.26 -10.28 0.5200 3.2400 -8.7800 3.5900 -0.5633 -0.0244 1.10 -9.70 -0.87 165 373 360 407 209 
5.82 4.84 -0.05 3.9300 13.6400 -4.1400 11.3789 -1.1067 0.4944 2.46 -2.48 9.16 168 381 368 405 207 
-2.46 12.16 14.20 -2.7000 7.0400 4.8200 1.1167 -2.3278 0.9456 2.58 4.25 8.44 168 383 370 400 209 
3.47 3.76 9.81 0.5900 -0.4400 0.3800 -0.4833 -0.1200 -0.1378 3.05 3.73 8.53 165 377 358 397 212 
2.67 3.78 8.64 -0.3100 0.2300 0.1700 -0.4467 -0.5144 0.1000 3.43 3.37 8.54 166 372 362 387 209 
5.73 7.22 15.29 2.2900 4.9800 5.6900 -4.0244 -1.8244 0.8311 5.26 -0.53 8.25 182 342 349 359 207 
4.61 2.48 4.75 -0.0100 8.2900 -2.7200 -7.2678 5.0444 1.1444 1.25 -8.24 5.15 176 352 354 386 208 
3.39 -6.36 -5.79 2.0300 3.6000 -5.6900 -2.8078 2.0889 -0.3733 0.94 -9.66 -1.35 175 376 366 414 209 
2.20 -8.25 -6.52 0.7800 1.2600 -5.1400 1.1444 -0.7178 -0.0667 1.07 -9.61 -1.60 170 381 365 412 214 
4.37 -0.87 -2.67 6.9700 8.7100 -0.0400 8.9400 -1.6067 1.0500 1.15 -6.43 7.31 170 383 366 413 212 
-5.46 2.34 24.73 -2.7500 6.8500 9.0400 -5.2978 -1.2900 -1.0444 1.64 -7.32 6.31 171 390 366 416 212 
4.76 -5.43 -3.07 1.0400 3.9300 -8.0800 -3.8589 1.3467 -0.4333 1.86 -9.62 0.22 172 388 366 419 214 
1.55 -5.45 -11.98 4.4100 6.8200 -11.5900 6.2511 -0.4456 1.3711 0.66 -8.54 4.76 170 385 362 409 212 
-3.98 -1.80 22.32 -2.7400 3.5800 15.0200 0.2000 -0.5044 -0.1811 1.28 -5.16 8.23 170 387 367 409 212 
2.36 -6.49 3.85 0.0500 0.3300 -3.0700 -1.8422 0.3667 -0.5978 1.98 -7.20 6.35 172 372 349 357 207 
1.02 -6.11 -0.45 -0.9800 1.1900 -7.1800 4.4800 -0.4844 -1.9367 2.93 -5.09 7.85 168 312 301 304 201 
;
