1.49 0.00 9.66 -0.0600 -0.0700 -0.0400 0.0078 -0.0011 0.0000 1.52 0.06 9.68 161 313 310 331 203 
1.57 0.00 9.70 0.0000 -0.0500 0.0000 0.0011 -0.0067 -0.0022 1.52 0.06 9.68 164 312 309 330 202 
1.63 0.08 9.93 0.0300 0.2300 0.0600 0.0056 0.0044 0.0233 1.51 0.07 9.68 162 313 309 330 204 
2.16 -0.11 11.59 -0.8300 -0.0800 2.2800 1.9844 -3.2589 0.4067 3.65 1.02 9.04 167 319 303 316 203 
7.98 2.36 14.14 2.1100 5.3500 4.2500 -6.6500 0.7022 1.9133 5.12 -5.16 6.57 168 327 328 380 208 
1.05 -0.11 -0.17 -0.5900 8.0000 -2.3300 -6.2644 3.2567 1.6133 1.10 -9.72 -0.64 172 363 355 415 208 
2.27 -7.32 -7.83 1.0700 1.5000 -4.3600 -0.5656 0.2344 -0.4411 1.51 -8.76 -4.13 172 367 361 419 208 
1.66 -6.16 -9.39 -0.1000 3.5300 -5.5500 2.8456 -1.0367 -0.2689 1.53 -9.45 -2.08 169 362 362 413 208 
6.80 -3.33 -2.98 4.7000 7.1700 -3.9100 7.6756 -1.8811 0.7178 2.24 -7.67 5.67 164 362 362 410 208 
1.92 8.63 13.71 -1.3900 10.2300 4.4400 5.6244 -1.8611 1.1611 3.26 0.67 9.22 167 361 360 399 210 
0.15 4.30 16.37 1.3100 0.9400 6.3600 -0.3578 -0.2878 -0.1967 4.53 2.32 8.37 165 352 361 394 210 
4.17 3.43 9.84 -0.2500 1.4100 2.2100 0.7844 -1.5811 -0.1911 5.45 3.07 7.54 174 351 354 378 210 
7.72 5.91 4.81 0.9900 2.2700 0.1500 0.9078 -3.2933 2.4889 9.07 2.52 2.71 194 326 342 380 214 
2.96 -1.53 0.39 -6.6200 1.3100 1.4000 -4.5900 -5.4967 5.3400 7.36 -4.50 -4.64 192 283 288 341 220 
3.45 -2.16 -8.59 -2.6600 0.7700 -1.9500 -2.8644 -0.4844 0.7867 4.09 -2.65 -8.50 191 297 288 354 223 
3.96 -1.54 -11.49 0.7200 0.1400 -2.2400 -0.0789 0.0400 0.0022 3.92 -1.71 -8.82 194 304 289 354 222 
4.16 -2.03 -8.46 0.8000 -0.0900 0.3900 0.1456 0.1000 0.0467 4.10 -1.87 -8.70 194 310 292 353 222 
;
4.48 -1.99 -7.93 0.0800 0.0300 0.8100 0.0189 0.0500 0.0044 4.28 -2.00 -8.58 193 309 290 353 222 
4.45 -1.93 -8.02 -0.1200 0.0800 0.5100 -0.1111 0.0133 -0.0389 4.41 -1.93 -8.53 191 310 294 355 221 
8.14 -1.35 -8.52 2.7800 1.0500 -1.5400 1.1611 8.6189 0.0822 8.18 -2.26 -4.89 178 302 295 313 213 
4.21 0.83 5.88 -0.5700 1.3000 2.1700 3.1744 2.7822 0.4644 7.35 -0.25 6.47 179 324 323 349 209 
6.89 3.28 14.85 -2.0000 0.2100 3.6400 -0.1544 0.6389 -0.0933 4.52 1.44 8.58 183 327 339 368 208 
8.26 3.98 13.31 3.7400 3.5800 5.8300 -1.9367 -1.1933 1.0011 6.40 -0.19 7.42 189 352 350 397 210 
11.14 1.82 7.55 5.4300 6.2600 0.5800 -6.7244 4.8556 1.5922 4.11 -7.07 5.40 180 370 367 417 210 
3.78 -3.69 -1.48 1.5800 6.6000 -2.3000 -5.2400 2.3056 1.3878 1.19 -9.66 -1.13 176 383 374 422 209 
0.06 -4.94 -7.14 0.0400 2.6500 -3.6200 -1.1933 -0.1478 0.2556 0.48 -8.58 -4.71 173 382 374 423 209 
1.00 -7.80 -6.47 0.0000 0.1400 -2.0400 0.0333 -0.1822 -0.2700 0.61 -8.43 -4.95 171 379 374 423 210 
1.33 -6.63 -10.50 -0.4000 4.0200 -7.4900 3.7933 -0.7689 -0.9411 1.20 -9.47 -2.22 166 374 369 419 210 
6.95 -0.31 -0.42 6.3200 9.7500 -1.8900 7.4911 -0.9689 -0.4989 2.98 -6.72 6.48 167 372 369 414 210 
9.81 4.85 19.03 4.8600 6.5700 10.9100 4.2333 -0.0144 0.6833 4.42 -0.09 8.75 166 365 367 406 210 
2.32 2.39 10.59 1.6400 1.0600 3.3800 0.9822 -0.2722 -0.0500 4.73 1.95 8.36 167 361 366 404 211 
4.37 2.36 9.25 -0.3200 0.2100 0.8900 -0.0789 -0.3522 -0.0678 4.98 2.27 8.13 169 360 362 401 211 
4.72 2.76 9.87 -0.5000 0.8000 1.8200 -0.5856 -2.1144 0.0444 6.24 1.76 7.35 174 363 343 390 213 
9.71 1.24 2.55 -1.4600 0.5200 -0.2800 -0.8633 -6.1667 3.4978 9.70 -1.36 -0.32 189 342 322 392 215 
2.81 -1.91 -2.20 -3.3700 1.6500 3.3300 -3.5289 -1.4533 2.3111 5.41 -3.83 -7.21 191 286 277 326 217 
4.67 -1.89 -10.61 1.1700 0.9000 -1.9700 -1.3344 0.5811 0.0278 4.43 -1.30 -8.64 193 296 277 330 218 
5.67 -0.52 -10.12 0.8700 -0.3400 -1.0700 0.1778 0.1600 -0.0511 4.62 -0.74 -8.61 190 299 280 329 219 
4.60 -1.23 -7.81 0.4100 -0.0700 0.8000 0.1278 0.2400 0.1167 4.77 -1.05 -8.49 191 304 280 334 217 
4.91 -1.10 -8.05 0.2800 0.0800 0.4600 0.0433 0.0378 -0.0344 4.89 -1.08 -8.42 191 305 285 335 218 
;
