0.36 7.10 6.63 0.1000 0.0100 -0.1300 -0.0933 -0.0644 -0.0367 0.30 7.07 6.78 160 369 362 403 214 
0.34 7.11 7.04 -0.1400 0.0300 0.3000 -0.7644 -0.4378 0.0178 0.50 6.76 7.07 160 342 345 392 214 
0.53 7.42 8.19 -2.4000 1.2700 1.7100 -0.2244 -2.8211 1.3889 2.51 6.24 7.12 164 322 350 378 214 
6.59 7.05 14.26 0.1300 5.6400 5.1400 -5.4344 0.4756 2.1867 5.38 -1.22 8.10 163 352 348 380 211 
4.44 2.63 0.19 -0.2400 8.0300 -6.7700 -6.6067 3.3167 2.4611 2.55 -8.43 4.30 160 343 338 354 211 
1.64 -6.53 -3.17 1.2100 3.0600 -4.9000 -0.4244 -1.1967 -0.0922 1.46 -9.55 1.63 160 353 353 369 212 
1.72 -7.68 -4.61 -0.4900 1.9200 -6.2200 0.4578 -0.2167 -0.1178 2.22 -9.42 1.54 161 352 349 368 210 
9.47 -1.80 -6.96 6.0200 7.8700 -11.5800 9.3467 -3.3522 0.3111 4.71 -4.90 7.06 167 364 355 381 211 
3.01 17.22 11.67 -0.0900 15.7800 5.6100 4.0422 1.3111 1.4256 4.03 3.87 8.05 180 371 341 381 213 
-0.14 7.38 13.29 -2.6900 1.6600 4.1000 0.2544 -0.6656 -0.1789 3.36 5.40 7.45 180 368 356 401 219 
3.08 6.20 7.38 -0.7400 1.4200 0.0800 -0.1189 -1.4867 0.2778 4.39 5.02 7.18 180 358 353 386 217 
0.16 11.79 9.84 -4.1700 6.9200 3.3300 -3.2933 -2.5733 -2.2056 6.24 4.08 6.36 157 324 326 345 215 
6.44 4.90 11.10 -0.4700 0.7600 -1.3700 -4.3011 -2.6589 -1.2711 6.95 1.82 6.66 90 236 217 218 182 
9.16 0.86 -8.32 0.2800 1.1200 -12.8000 -1.1656 -5.3733 2.5722 9.68 -1.50 0.39 89 175 152 179 148 
5.08 1.62 -12.38 -5.2200 4.3700 -11.9900 5.1956 1.1656 -0.5511 9.55 -1.94 1.03 93 170 160 171 135 
7.68 7.82 -3.70 4.2400 12.1500 -1.9900 5.5433 1.1167 -1.1244 9.72 -0.19 1.25 96 175 158 176 136 
22.03 8.48 3.10 3.4000 8.7700 5.6000 0.9633 2.1256 -1.1289 9.77 -0.37 -0.75 97 180 168 178 134 
12.01 8.49 3.69 2.2700 8.2700 2.7500 -3.1178 1.5911 -1.0800 9.79 0.43 0.31 95 180 166 179 136 
8.78 3.33 -3.71 -0.9700 1.4200 -6.7300 -3.8556 0.2967 -1.1144 9.48 1.14 2.21 98 182 173 181 137 
9.54 -3.84 -6.56 -0.6300 -6.2300 -8.2300 0.9167 -0.7100 -0.7489 9.28 2.33 2.11 97 182 177 182 136 
8.11 4.83 2.26 -3.3900 2.0100 -0.5500 4.3444 -2.0433 0.5611 9.43 2.57 -0.78 98 166 171 173 132 
9.16 0.18 -1.00 0.8000 0.0900 3.0700 -0.2689 -0.4011 0.4344 9.42 2.57 -0.87 101 184 177 184 141 
11.27 9.10 6.14 3.0400 5.8300 4.4800 -4.0633 5.4556 -2.7300 7.54 3.81 4.97 151 291 233 239 178 
11.52 2.92 7.27 2.8300 0.2700 -2.9000 -6.0767 1.3811 -0.2278 3.17 -2.49 8.93 166 222 161 165 144 
6.57 0.05 2.51 3.8600 4.5000 -5.1900 -1.9822 -1.8889 4.1611 1.31 -6.57 7.15 117 217 141 166 131 
-0.63 -0.48 8.74 -0.0900 5.4800 1.5100 1.8033 -1.4756 2.0400 1.08 -4.76 8.50 127 236 156 169 133 
0.78 -1.54 11.48 -0.1200 3.3500 3.1100 -0.3067 0.2267 0.1944 1.89 -4.47 8.51 130 232 157 170 134 
1.12 -1.31 9.33 -0.8700 3.2200 1.4400 0.1367 0.8556 -1.4389 1.68 -4.21 8.69 127 235 159 171 135 
7.80 -0.54 8.38 4.1600 3.1900 -1.3200 -2.4956 0.6589 -0.9178 1.58 -6.22 7.40 129 232 161 171 136 
-0.24 -12.49 1.32 -1.0500 -4.6600 -4.5500 -0.4711 0.2433 -0.5878 1.43 -7.41 6.25 129 233 163 173 137 
-0.15 -7.48 5.13 0.3900 0.2100 -0.7300 0.6100 -0.5133 0.0567 1.75 -7.03 6.60 130 233 163 173 138 
-0.59 -6.31 3.42 -4.7000 0.2800 -4.5000 0.1800 -1.0722 -1.0189 3.13 -6.67 6.46 144 250 169 177 159 
;
