1.48 5.21 8.02 -0.0800 -0.1200 -0.0100 -0.1478 -0.0400 -0.0567 1.48 5.27 8.13 148 343 337 378 210 
1.53 5.34 8.20 -0.0300 0.0100 0.1000 0.0367 -0.0122 0.0256 1.62 5.26 8.11 149 340 352 381 210 
0.35 8.15 11.84 -4.4400 4.4000 6.8100 1.0411 -1.8589 1.4433 3.73 5.72 7.03 160 323 327 306 207 
8.61 7.98 8.35 1.7000 6.5700 0.9000 -7.2378 0.0778 2.5211 7.25 -1.63 6.39 161 351 341 359 207 
5.19 1.37 -6.60 -3.3800 7.3400 -9.9000 -2.1456 -3.1389 3.8300 5.44 -8.02 1.46 163 385 362 393 211 
-2.96 -8.10 -1.31 -4.3900 0.7500 -1.9400 -0.8189 0.1056 -0.0489 2.30 -9.51 0.59 163 386 363 393 210 
-0.33 -8.87 -4.44 -2.2000 0.7400 -6.3600 1.5189 -0.5800 -0.4222 2.59 -9.34 1.48 163 371 359 390 211 
6.91 -4.90 -5.65 0.6900 4.9600 -10.2800 6.8478 -2.6956 0.6300 3.59 -6.48 6.41 163 376 358 392 211 
4.51 11.89 9.99 0.2400 11.7400 4.2800 5.3211 1.6467 -0.0022 2.61 2.13 9.20 163 377 366 395 210 
2.92 13.05 16.87 0.3500 5.7600 8.0800 -0.3289 -0.1711 -0.1467 2.30 4.20 8.55 161 376 369 406 219 
2.94 4.43 6.89 0.4300 0.3600 -1.4000 0.2211 -0.3033 -0.0211 2.77 4.15 8.44 162 366 369 401 218 
5.71 18.15 22.66 -6.7800 12.4600 9.3300 -6.9611 -2.9222 -2.6178 5.70 -0.47 7.95 164 298 307 287 204 
11.29 3.39 3.24 7.4900 7.0900 -4.2400 -7.5067 4.7656 -1.1244 3.66 -7.21 5.53 166 252 299 288 206 
7.13 -3.28 -2.07 3.1900 6.4000 -3.7100 -3.5311 1.8189 -0.0678 1.77 -9.64 0.11 160 255 294 283 205 
2.12 -7.81 -5.72 -0.6300 0.8500 -5.1900 -0.0311 -1.1689 0.1711 1.12 -9.62 -1.47 158 255 267 257 195 
-8.11 -8.74 -10.68 -4.7300 3.2300 -8.1300 6.6189 2.1933 -0.9000 2.57 -7.80 5.34 165 266 289 279 202 
2.83 -0.21 16.64 -0.0800 6.7200 7.5600 -3.9889 -1.9133 1.4733 2.08 -8.89 3.56 166 269 295 282 201 
-5.40 -10.96 -12.25 -6.0900 -3.4700 -15.7400 -0.4256 1.6467 -0.8100 1.66 -9.65 -0.26 166 266 290 284 201 
2.25 -2.77 12.67 -0.0500 12.5700 22.2900 1.5267 -0.6167 -0.7222 3.23 -7.78 5.00 169 271 303 286 203 
4.07 -7.45 -2.76 1.9500 1.2300 -6.3000 -0.7167 0.1711 1.7789 1.84 -9.09 3.17 160 316 226 230 191 
-1.97 -8.05 -0.34 -2.8200 0.3200 -4.5200 2.3600 0.6844 -0.5433 1.15 -8.43 4.86 169 364 153 186 185 
1.95 2.21 7.75 1.3600 7.8400 -0.5200 4.3067 0.5278 1.3411 0.04 -3.90 8.99 186 362 155 185 178 
2.36 -1.92 21.67 -0.6000 -0.3700 12.1100 -0.5333 -2.7067 4.3189 1.13 -2.55 9.39 187 369 161 193 181 
-6.76 -4.99 11.16 -6.5000 2.1900 1.7300 -3.9100 0.5789 1.1733 1.09 -7.01 6.76 185 375 174 194 180 
-4.25 -3.28 5.70 -4.8800 4.0200 -0.6400 -1.5956 2.1800 -1.8756 0.97 -9.02 3.70 185 378 177 198 181 
0.99 -1.52 4.48 -0.4000 7.3000 0.8700 0.0000 2.3033 -1.8667 2.57 -8.74 3.60 185 380 182 200 183 
6.81 -3.40 3.11 3.3100 4.0000 -2.0300 2.1500 0.9600 -0.8656 3.08 -7.23 5.86 183 379 184 200 181 
7.67 -5.44 8.15 5.7100 -1.3100 1.6100 2.8833 -0.4711 1.0144 2.57 -4.68 8.22 185 382 183 202 182 
-0.34 -6.97 12.12 -4.2900 -3.5400 2.7800 0.2211 -0.5433 0.3100 3.15 -3.99 8.38 183 383 186 201 181 
2.36 -4.28 7.96 -0.4000 0.1300 -0.2500 -0.1411 0.0011 0.3300 3.20 -4.21 8.25 181 379 179 200 181 
3.00 -2.31 4.83 -0.2900 1.8600 -3.5900 1.9344 -0.5522 -0.3300 3.55 -2.73 8.72 166 350 198 216 190 
2.74 0.55 6.65 -1.7600 -0.2500 -2.7300 3.4322 2.7067 0.6289 1.42 2.26 9.43 164 320 277 307 200 
;
