2.96 1.73 9.17 -0.0300 0.0100 0.0000 -0.0022 0.0022 -0.0011 3.00 1.73 9.17 161 349 350 376 202 
2.98 1.79 9.15 -0.0400 0.0500 -0.0100 0.0011 -0.0056 -0.0011 3.00 1.73 9.17 161 350 350 375 202 
2.99 1.68 9.13 -0.0200 0.0200 0.0000 0.0033 -0.0033 0.0000 3.00 1.73 9.17 161 348 349 376 203 
2.98 1.78 9.16 -0.0400 0.0600 0.0200 0.0022 -0.0022 0.0022 3.00 1.73 9.17 159 348 350 374 202 
2.47 1.68 8.87 -0.7500 -0.2000 0.0800 0.2511 -0.8656 0.1267 3.43 1.82 9.00 167 343 345 367 202 
9.89 4.49 21.29 5.6600 6.8900 10.7000 -6.9400 -1.9656 1.4633 6.41 -3.04 6.75 168 332 344 376 203 
3.17 6.07 -2.17 -1.2100 13.3900 -6.0600 -6.8478 3.6333 3.4300 1.19 -9.69 -0.81 169 338 326 406 205 
0.18 -6.03 -8.39 -0.3700 2.7600 -5.3600 -0.9756 -0.0922 0.0567 0.46 -9.12 -3.56 167 344 359 416 207 
-0.94 -6.96 -9.90 0.3400 2.6200 -6.0900 3.1667 -1.5356 -0.6556 0.29 -9.68 -1.52 168 345 353 413 206 
4.33 0.34 -4.43 3.2400 11.4800 -7.1900 9.1611 -3.0211 -0.5678 2.60 -6.18 7.14 164 357 342 412 208 
4.82 10.42 18.82 -1.1700 7.0300 5.5800 3.3800 -0.4778 0.5011 3.90 2.26 8.70 163 351 363 396 211 
3.25 3.84 13.19 -0.8900 -0.2500 0.8200 -0.3867 -0.0489 0.0144 4.32 2.65 8.38 163 345 365 391 213 
3.50 2.61 8.12 -0.0400 -0.1800 -0.6700 -0.0822 -0.1689 -0.0122 4.29 2.60 8.42 166 347 363 392 215 
4.27 2.96 8.40 0.0600 0.3900 0.0000 -0.0211 -0.0622 -0.1511 4.41 2.59 8.36 171 350 353 376 213 
8.58 3.66 8.92 1.7400 1.2400 3.6800 -3.4622 -7.0822 1.8289 9.64 0.39 1.71 186 295 294 318 207 
0.51 0.49 -3.14 -5.3800 2.5200 1.0700 -2.3000 -5.9922 3.8133 5.35 -3.34 -7.50 192 250 253 293 204 
1.85 -1.92 -11.27 0.6500 0.3800 -2.2100 -1.3844 0.3633 -0.3944 3.25 -1.08 -9.18 194 261 242 306 205 
4.01 -1.47 -9.41 1.2100 -1.2700 -1.2000 -0.5811 -0.2344 -0.1189 3.40 0.18 -9.19 194 264 252 305 205 
7.48 -1.55 -13.31 3.1500 -1.8200 -4.6200 0.6800 0.7867 1.1544 3.97 -0.58 -8.94 190 269 265 309 204 
10.58 -2.78 -16.72 4.4300 -0.2900 -8.8100 8.2578 2.9233 1.8300 5.19 -6.58 -5.07 204 412 374 444 210 
-0.72 0.19 -0.96 -4.6800 8.5100 0.6000 1.2378 1.6611 0.9578 3.41 -9.14 0.92 203 420 385 448 211 
0.55 -6.31 3.96 -2.5800 2.3500 1.5400 0.3522 -0.3789 0.1711 2.83 -9.20 1.85 202 418 388 450 212 
3.52 -8.87 2.37 0.4700 0.2000 0.9700 -0.1289 -0.0133 -0.1289 2.92 -9.23 1.50 206 416 387 446 213 
3.59 -9.01 1.38 0.7500 0.3200 0.1200 -0.0344 0.2756 -0.0500 3.07 -9.21 1.36 206 417 388 447 213 
2.96 -8.63 1.49 -0.3600 0.6500 0.3200 0.1400 -0.0122 0.0056 3.03 -9.20 1.51 204 417 389 446 212 
;
