5.22 0.52 8.39 0.1400 -0.1100 -0.0200 0.0000 0.0056 -0.0022 5.06 0.63 8.37 162 338 365 404 208 
5.06 0.48 8.37 0.0000 -0.1300 0.0000 0.0033 -0.0067 -0.0011 5.06 0.63 8.37 164 338 366 402 208 
5.11 0.51 8.36 0.0500 -0.1400 0.0000 0.0022 -0.0033 0.0044 5.06 0.63 8.37 165 338 367 404 208 
5.16 0.50 8.65 -0.3000 -0.1100 0.2800 -0.0122 -0.9222 0.5333 5.48 0.47 8.11 165 334 354 388 206 
14.46 -0.16 13.84 6.8800 1.1300 6.4300 -2.7300 -0.8033 4.1878 6.96 -3.99 5.63 167 378 367 414 208 
1.88 -0.40 0.25 -1.7700 8.4000 -2.5500 -4.8422 0.4711 2.9889 2.57 -9.45 0.40 166 387 373 419 207 
-0.47 -7.14 -5.02 -1.3100 2.5500 -2.1600 -0.3422 -0.9356 0.8000 0.31 -9.52 -2.32 166 383 370 418 205 
0.50 -9.45 -5.23 0.1500 -0.2600 -2.9300 1.0244 0.3300 -0.6389 0.85 -9.60 -1.78 163 378 370 409 207 
2.83 -5.24 -6.56 2.1000 5.0800 -7.8000 8.4956 -2.3500 -1.0167 2.29 -7.66 5.67 169 373 368 400 208 
5.93 8.22 10.01 2.5400 10.0400 3.5300 5.0244 -2.0389 -0.0478 4.53 0.70 8.66 174 378 368 397 207 
7.18 4.75 14.41 1.1600 2.7200 5.8400 -0.5167 0.0478 -0.4756 5.35 1.78 8.01 172 378 367 397 207 
4.82 2.81 10.55 -0.3100 2.1200 3.1500 -2.2767 -0.5800 0.0789 5.63 0.27 8.01 167 368 333 313 201 
4.76 -0.43 5.92 -1.3700 1.3500 -1.8100 -3.1267 0.4267 -2.1522 5.95 -2.78 7.28 156 335 170 186 173 
10.76 -0.91 1.00 4.2700 0.9000 -5.1200 2.0989 0.1744 -1.1878 6.66 -0.80 7.14 137 356 167 187 168 
11.31 2.41 6.84 4.4500 0.5500 1.1300 3.4978 0.2000 1.5600 6.95 2.32 6.50 141 372 172 192 174 
5.89 5.57 11.81 -1.9200 3.7400 5.2600 0.1411 0.8667 3.3189 7.11 0.61 6.71 144 386 176 196 175 
1.77 0.93 7.93 -4.2800 3.3000 0.6200 -4.2411 0.6978 0.0511 6.29 -3.71 6.53 144 387 179 198 176 
4.49 -1.11 2.53 -2.7700 3.7800 -3.3200 -1.7000 1.0178 -3.4600 7.14 -4.01 5.38 131 386 181 199 176 
10.71 -0.36 2.43 3.9900 0.7300 -3.4000 2.0700 -0.0256 -1.4933 7.40 -0.60 6.40 134 383 186 205 176 
11.37 0.68 8.07 3.3100 -0.6700 1.8500 2.3733 -0.0289 1.5056 7.41 1.56 6.21 143 386 188 204 177 
4.95 2.15 9.43 -2.7400 1.0500 3.4900 0.0467 -0.3278 1.1222 7.97 0.75 5.65 146 383 189 206 179 
;
