2.19 3.09 9.01 -0.0100 0.0200 -0.0100 -0.0122 0.0044 0.0011 2.18 3.01 9.07 159 299 278 305 194 
0.80 2.91 9.44 -1.7600 -0.0800 0.1600 0.1633 -0.3378 0.1133 2.04 3.05 9.09 157 303 279 306 195 
2.03 2.94 12.99 1.2700 0.8700 7.3700 -0.0811 -4.4167 0.1256 5.16 3.36 7.62 164 322 284 306 195 
16.32 5.95 9.67 7.7100 6.4100 3.7800 -3.0511 -2.3744 4.5256 8.12 -2.92 4.64 172 375 341 403 204 
0.21 1.18 0.65 -4.6700 8.5800 -1.6100 -3.6011 -0.7200 4.9000 -11.20 38.90 7.85 175 398 352 417 206 
-4.32 -6.57 -5.68 -4.2100 2.1300 -4.1300 0.1522 0.4422 0.0967 0.43 -9.72 -1.21 175 394 354 419 206 
-1.03 -8.65 -5.64 -0.9500 1.6600 -7.6100 1.3411 -2.8656 -1.2633 1.77 -9.63 0.37 172 395 370 421 211 
6.04 2.18 -3.13 3.7900 11.5500 -7.3000 8.7667 -1.4256 -0.8978 4.29 -4.68 7.47 173 404 379 431 210 
2.72 9.65 14.22 5.0500 7.9900 8.7500 4.1356 0.6433 0.4033 4.00 2.88 8.47 174 404 381 432 211 
4.04 7.35 10.95 -0.5400 3.1600 3.0000 -0.2778 -0.3156 0.0589 4.67 3.73 7.76 173 400 381 429 212 
5.12 7.58 14.85 -0.5100 4.6100 6.9600 -2.9400 -1.5656 -0.5344 5.56 2.04 7.81 172 338 348 336 206 
12.03 4.82 7.53 3.6200 6.1100 -1.2300 -6.9933 -1.1800 2.3711 6.21 -5.72 4.97 172 230 208 213 151 
2.45 -1.11 -6.37 -3.8300 7.6200 -8.6300 -2.3344 1.2756 4.1300 0.46 -9.79 0.00 172 226 202 218 145 
-3.74 -8.49 0.01 -0.8800 0.0200 1.6300 -0.1533 0.4744 0.9789 -2.18 -9.50 -1.06 172 241 212 226 148 
-2.14 -9.67 0.64 -0.5900 -0.3600 1.2800 -0.2833 -0.1333 0.0422 -2.27 -9.39 -1.63 172 247 218 231 151 
-7.91 -7.53 -4.59 -6.7100 2.0700 -3.3000 -1.3600 -11.8522 -6.0833 0.51 -9.48 -2.45 172 240 222 232 153 
-1.29 -5.34 -9.19 -1.7400 3.0600 -5.3700 -1.2222 -5.6133 -3.1756 1.06 -7.91 -5.69 171 243 223 230 154 
4.39 -6.18 -7.92 1.8700 1.6200 -2.0200 0.8978 -0.5589 -0.6833 1.56 -8.04 -5.38 172 241 224 234 156 
2.11 -7.87 -2.07 1.1800 0.0700 2.5000 -0.2078 -0.4800 -0.1867 2.08 -8.16 -5.01 170 243 225 237 157 
8.64 -5.51 -2.94 7.6100 2.2900 3.1800 -1.3733 5.2089 0.5511 3.94 -7.43 -5.03 170 258 244 253 174 
;
