-1.15 6.12 7.54 -0.1400 0.0300 -0.0300 -0.0067 -0.0067 0.0067 -1.05 6.12 7.58 155 384 376 415 211 
-1.07 6.14 7.60 -0.0100 0.0100 -0.0100 -0.0167 0.0244 -0.0067 -1.05 6.11 7.58 156 385 376 415 211 
-3.47 7.04 10.05 -3.4200 0.9700 2.1700 -0.5556 -4.6344 1.2533 1.57 5.57 7.91 156 313 301 359 205 
10.91 5.94 10.87 0.3800 3.3300 3.7300 -4.3756 0.2333 2.4622 7.27 -1.18 6.47 160 324 316 347 203 
0.90 -0.18 0.44 -4.1000 5.5900 -4.7900 -4.5178 -1.2967 2.3178 5.33 -7.64 3.06 160 336 323 355 203 
2.60 -5.28 -2.47 -2.3200 3.0900 -3.3100 -1.2267 0.7489 0.7133 3.59 -9.12 0.06 164 357 338 375 205 
2.89 -8.66 -4.41 -0.4300 0.2100 -4.2900 1.1678 -1.0378 -0.7000 4.10 -8.90 0.35 163 361 351 391 208 
7.47 -3.85 -4.74 1.6700 5.4400 -5.3500 6.2789 -1.1100 -0.3744 5.76 -6.86 3.98 164 368 358 391 209 
7.01 11.08 10.13 0.1700 12.8200 2.6900 7.2333 5.0244 0.1689 3.79 2.15 8.78 164 385 360 403 209 
2.83 5.77 11.00 0.5300 1.4100 3.3200 0.0878 -0.3989 -0.1122 3.10 4.46 8.15 168 395 372 415 215 
3.16 4.36 8.07 -0.0400 -0.1100 -0.1500 0.0911 0.0589 0.0422 3.03 4.44 8.19 167 393 374 417 216 
2.01 8.34 12.42 -2.6000 4.1900 4.6300 -2.4500 -3.3400 -0.2711 6.04 3.24 7.00 166 322 287 278 200 
4.55 2.44 2.79 -3.2200 0.1500 -2.7600 -1.6089 -3.4578 -1.1900 8.66 1.91 4.16 168 330 191 182 141 
12.33 2.54 -1.25 2.6400 1.6700 -2.6400 -0.1467 -0.9867 0.3511 9.35 1.32 2.63 145 354 185 176 124 
6.67 1.30 -0.53 -2.1800 -0.3800 -3.1100 1.5978 0.7156 -1.3344 9.01 2.59 2.84 132 360 191 182 129 
9.87 5.41 -2.03 1.9500 1.5800 -4.7200 4.3722 1.4456 -0.6611 7.61 5.66 2.47 129 365 197 185 131 
10.72 13.45 8.06 1.9900 7.1300 7.1400 1.9256 0.2222 2.6489 8.52 4.78 0.75 137 365 201 187 134 
5.75 5.54 2.37 -4.3400 3.6400 0.5500 -3.2844 1.3300 2.9056 9.55 -0.19 2.18 137 365 204 189 134 
1.57 0.86 -0.14 -7.5700 4.0500 -2.2300 -5.9933 -0.7789 -0.0011 9.19 -3.40 0.13 137 365 205 190 135 
9.14 3.58 -3.99 -1.3600 3.9200 -5.7500 0.5878 3.5444 -6.2522 8.78 3.30 2.83 132 367 208 195 140 
14.22 11.22 2.50 5.8500 4.0900 0.7000 3.8144 0.5433 0.9533 7.14 6.57 1.38 135 366 208 194 141 
6.63 8.63 7.99 -1.4300 3.1400 8.2900 -0.5111 0.4056 0.7344 8.29 5.22 0.03 155 352 212 203 151 
12.96 5.36 -0.04 3.9000 0.9000 -2.2000 -4.0344 -0.3756 1.9467 9.24 2.80 1.68 163 364 309 363 197 
9.74 0.25 -5.92 -0.2400 1.5300 -5.3300 3.2256 -2.2722 4.0689 9.27 -3.05 -0.88 167 392 335 403 206 
5.74 0.00 0.63 -2.0100 4.8500 1.1400 2.6400 -0.0556 0.3089 8.51 -4.82 0.64 177 393 339 401 206 
8.78 -1.50 1.37 0.0700 2.9300 0.2300 -0.1211 0.5067 -0.2711 8.56 -4.60 1.27 181 388 338 398 206 
9.93 0.57 1.58 1.0500 5.0100 0.1700 -2.6867 1.1289 -0.6444 8.66 -4.41 1.21 179 346 339 387 207 
6.24 -4.77 -1.46 -1.1900 0.5800 -2.0600 -5.6222 -0.5067 0.6989 7.85 -5.80 -0.84 174 259 274 330 200 
4.83 -9.16 -5.56 -2.2100 -2.5100 -2.7200 -0.4567 0.0367 0.2656 7.33 -6.14 -2.14 174 272 287 336 205 
7.38 -6.07 -1.62 -0.3500 0.0400 0.1100 0.3633 -0.0889 0.0111 7.39 -6.21 -1.67 173 272 293 337 204 
7.41 -5.16 -1.05 -0.2100 0.8700 0.3700 0.1389 -0.0233 -0.1089 7.52 -6.13 -1.39 174 278 296 338 203 
;
