5.01 -0.48 8.50 0.0000 -0.0700 0.0700 0.0222 0.0578 -0.0044 4.83 -0.37 8.52 160 332 341 333 200 
4.79 -0.27 8.70 -0.0300 0.0900 0.2400 -0.0989 -0.1889 0.0333 5.06 -0.44 8.38 165 323 331 326 198 
18.29 0.49 16.73 7.5400 3.3200 7.3300 -4.7533 -0.1311 3.6400 6.20 -5.46 5.26 173 338 346 381 203 
3.48 -0.10 -0.78 -0.4200 9.1000 -2.0900 -6.0144 2.5667 3.0811 1.85 -9.52 -1.38 173 371 371 423 206 
-1.78 -5.49 -9.42 -1.9300 2.6700 -4.3800 -0.1433 1.2533 0.4289 0.86 -8.61 -4.59 175 379 382 436 206 
1.03 -8.22 -5.24 -0.5000 0.1900 -1.6700 0.6133 -0.1767 -0.5122 1.53 -8.96 -3.67 173 378 378 433 208 
2.77 -6.70 -9.83 0.4100 3.7400 -8.9700 3.5344 -1.3167 -0.7978 2.19 -9.49 -1.10 172 375 382 432 208 
4.42 10.71 -0.51 3.3400 19.4900 -2.0800 10.7933 0.0589 0.2156 2.65 -1.80 9.26 173 374 374 420 207 
12.80 9.16 25.62 2.5100 2.2900 26.9400 0.3256 1.1133 0.0078 2.98 3.15 8.79 175 364 372 394 207 
2.71 1.61 6.91 0.4600 -1.0500 -0.2700 -0.5089 -0.0133 -0.1856 3.38 2.72 8.79 174 353 356 381 206 
5.53 3.90 17.47 0.2700 2.5700 8.4800 -3.3989 0.5211 -0.1778 3.95 0.04 8.97 167 321 171 179 140 
9.88 -3.25 8.43 3.6300 3.2700 -4.7600 -5.0033 2.1511 2.9056 2.22 -7.16 6.30 130 267 155 165 126 
-1.00 -4.67 2.47 0.2200 3.1100 -2.1900 -0.3389 0.4678 2.2400 -0.84 -8.11 5.43 127 267 158 170 129 
1.99 -5.51 5.32 2.1400 1.7800 -0.8800 1.8744 -0.3233 1.0878 -1.00 -6.43 7.33 122 280 160 171 130 
-2.00 -3.23 10.95 -0.3200 2.4000 3.0600 0.2844 0.0856 -0.1622 -0.60 -5.37 8.17 122 278 162 173 131 
-1.17 -3.71 8.91 0.6200 1.6000 1.5300 -0.6656 1.0056 -0.8022 -1.03 -6.02 7.66 118 267 160 173 133 
-0.69 -5.90 7.05 4.9000 0.7900 -0.6400 -2.5233 0.0633 0.3967 -2.09 -7.91 5.39 120 264 161 174 131 
-9.17 -10.52 0.05 -5.5500 -1.9100 -3.5900 -0.7722 0.6044 -0.0256 -3.15 -8.72 3.17 123 267 164 175 133 
-2.13 -8.89 2.59 0.8800 0.2100 -0.2800 0.1678 -0.0033 -0.3411 -2.49 -8.88 3.30 124 270 165 177 135 
-4.25 -7.29 0.33 -2.2000 2.0200 -3.5000 0.5211 0.2122 -1.1233 -1.48 -8.95 3.70 159 284 181 195 158 
0.67 0.93 0.74 -0.2600 8.3300 -5.3800 5.3622 -2.0989 -3.9867 3.70 -4.76 7.72 173 288 292 297 193 
;
13.76 3.07 15.79 5.8800 2.2600 4.5500 0.9889 -0.0067 -1.0044 5.33 0.17 8.22 175 327 334 353 200 
6.35 -0.92 7.92 -0.1100 -1.2400 -0.7700 -0.0167 -0.0678 -0.0311 5.71 0.60 7.94 173 333 338 355 200 
5.95 0.44 8.54 -0.3000 0.4600 1.6700 -0.5300 -1.3333 0.5989 6.26 0.08 7.54 177 341 342 361 201 
10.58 -0.89 12.43 2.0800 3.3800 4.7200 -5.9733 -0.3378 2.6522 5.96 -6.69 3.96 179 349 358 400 205 
3.18 -1.28 -1.21 -0.6900 8.5800 -3.0600 -6.1000 4.8089 2.6189 1.45 -9.51 -1.87 175 377 380 429 208 
2.73 -4.04 -6.78 0.7300 4.6000 -2.9400 -1.6544 1.1400 0.2789 1.29 -8.05 -5.44 172 380 383 433 206 
1.07 -7.37 -7.33 -0.2400 0.5000 -3.0200 0.9333 -0.7667 -0.4356 1.52 -8.47 -4.69 173 381 382 431 207 
3.18 -5.40 -12.34 4.4500 6.7500 -9.7200 4.6789 -0.4367 0.7656 0.93 -9.76 0.14 175 380 379 431 210 
5.92 8.25 8.42 1.2100 15.5300 -2.0800 8.4378 -3.4522 1.3278 1.29 -2.95 9.25 175 377 376 415 209 
1.42 5.66 16.38 -0.9100 3.1600 6.0500 1.3744 -0.1300 0.1567 2.65 2.89 8.98 174 369 377 415 208 
1.64 1.86 9.63 -0.1700 -0.6500 0.8400 -0.3389 -0.1944 -0.2589 2.87 2.58 9.01 176 369 372 412 208 
3.51 3.70 13.43 0.5400 1.1400 5.3500 -1.6478 -0.8178 -0.3000 3.72 1.22 8.98 163 288 215 225 177 
5.78 -0.81 11.81 6.2500 -0.8800 -1.7000 -5.2322 0.1278 1.0356 2.75 -4.00 8.51 144 212 154 172 123 
-3.07 -4.38 -0.18 -3.6100 2.1700 -6.6100 0.3311 -0.4278 2.3578 -0.18 -6.71 7.14 115 232 161 175 121 
-1.36 -3.99 8.51 0.9400 1.7800 1.4100 0.6989 -0.7878 0.6511 -0.77 -5.54 8.04 117 244 163 177 123 
-1.37 -4.34 9.08 -0.2600 0.9300 0.4800 -0.2433 -0.3122 -0.2689 -0.50 -5.44 8.14 116 245 163 177 125 
1.04 -3.50 10.33 2.3900 2.6600 1.8800 -0.7189 2.0411 -0.5656 -1.30 -6.20 7.47 119 244 165 179 124 
1.72 -6.81 4.05 0.0500 -0.2100 -4.0900 -1.7678 0.7644 0.4367 -2.33 -7.79 5.47 119 245 164 181 126 
-5.81 -10.87 1.83 -3.2500 -2.1400 -2.2500 0.0111 -0.3656 -0.3611 -2.31 -8.36 4.55 119 246 167 182 122 
-2.52 -7.36 4.61 -2.1900 0.9200 -1.9500 0.0711 -0.3856 -0.4389 -1.66 -8.30 4.95 142 261 174 191 147 
;
