5.85 2.64 7.32 0.0300 -0.0800 -0.0600 -0.0011 -0.0044 -0.0022 5.83 2.73 7.39 160 345 335 352 206 
5.87 2.66 7.26 0.1000 -0.0200 -0.1300 -0.0011 0.0033 0.0067 5.83 2.73 7.39 161 344 334 352 206 
5.87 2.66 7.29 0.0900 -0.0200 -0.0700 0.0089 0.0078 -0.0033 5.83 2.74 7.39 162 336 330 342 204 
12.96 -0.19 11.80 4.8100 -2.4600 0.8300 -3.1911 -4.4933 2.6789 8.23 -2.31 4.79 160 383 246 254 194 
4.46 -1.23 -1.65 -3.4300 4.5700 -1.3800 2.8222 -5.5156 3.1633 6.71 -7.11 -0.66 166 419 191 203 177 
4.34 -6.73 0.48 -0.4800 2.0700 2.2400 1.3200 -2.3911 0.5033 5.04 -8.39 -0.57 173 415 176 186 175 
4.92 -6.76 -4.76 0.0500 -0.1700 -3.4900 1.2122 -0.2267 0.2056 4.49 -8.65 -1.05 183 416 182 191 170 
4.99 -8.75 10.18 1.2000 0.8200 6.0500 -2.0600 1.0600 0.5978 4.50 -8.70 -0.38 187 421 185 197 170 
2.91 -8.33 -7.85 -0.6400 -0.3200 -5.3900 2.1578 -0.6633 -0.5244 4.35 -8.67 -1.40 190 391 188 199 174 
4.97 -8.21 5.92 2.0000 0.7000 2.1700 -0.5700 0.7211 0.1178 4.85 -8.51 0.35 194 410 199 208 179 
3.53 -1.09 5.39 -1.1300 6.1000 5.7200 -5.4189 6.0278 -2.6144 6.93 -6.91 -0.49 165 285 239 241 200 
;
12.54 -2.07 0.00 5.3500 2.0000 -1.5800 0.6156 5.4756 -4.3278 6.73 -0.78 7.08 161 316 308 334 202 
11.03 9.42 16.39 10.8600 5.7200 11.6900 -1.3400 0.3811 0.2189 6.34 3.47 6.61 160 344 334 356 205 
5.75 3.07 7.21 0.4500 -0.1200 0.3500 0.0089 -0.1633 -0.0433 6.13 3.22 6.93 159 343 330 353 204 
6.21 3.03 6.95 0.7100 0.0800 -0.0600 -0.0522 0.0133 0.1167 6.12 3.09 7.00 158 327 300 315 203 
11.08 -2.25 7.82 5.3600 -1.7500 -4.0400 0.3133 -10.1689 3.8156 8.85 -3.17 2.76 156 366 188 191 165 
4.94 -0.56 1.51 -2.3100 5.5100 4.6600 3.0622 -0.8411 1.0989 5.32 -7.95 -2.11 127 395 193 197 166 
6.45 -6.82 -1.16 1.9400 1.4100 -0.6100 2.0322 0.2111 0.2167 4.78 -8.56 0.11 121 400 196 200 167 
-2.99 -4.21 7.19 -0.0900 2.8300 8.8100 -1.4256 0.1189 0.3644 5.13 -8.07 2.12 124 404 197 206 172 
6.27 -9.62 -3.96 0.1400 -1.0800 -4.5000 0.9478 -0.5611 0.1733 4.77 -8.55 0.52 128 384 196 208 172 
8.08 -5.80 6.83 1.8600 1.7000 2.6100 -1.0078 0.9233 0.0100 5.13 -8.05 2.19 139 398 203 215 176 
3.42 -2.76 5.38 -0.5800 5.3400 4.5300 -3.2378 3.5700 -2.2500 6.25 -7.49 0.86 154 328 245 263 192 
;
3.01 -4.00 0.72 0.1000 1.9500 -1.7000 1.3111 3.4067 -7.5667 6.74 -1.05 7.04 157 333 331 360 203 
10.64 5.53 6.83 2.4400 8.0000 9.6800 3.9344 -2.0944 -0.4656 6.92 4.19 5.52 153 324 333 365 204 
7.13 5.76 5.90 1.2200 1.1900 0.7300 -0.3544 0.2044 -0.0033 6.89 3.74 5.87 154 324 335 362 205 
15.51 9.29 11.00 10.2400 11.0800 6.2400 -6.8600 1.5300 3.6567 7.36 -1.20 6.35 164 316 211 236 182 
9.25 -2.68 -6.23 2.2400 5.6700 -1.9800 5.6222 -7.4522 3.2344 5.68 -7.57 -2.53 110 378 183 191 174 
3.87 -4.54 1.78 -0.5000 3.4400 2.6100 0.6344 0.2200 0.3344 4.30 -8.79 -0.56 117 400 192 198 173 
5.74 -8.05 -1.58 -0.0200 0.9100 -1.0300 2.3144 0.3189 -0.5067 4.51 -8.58 1.42 117 399 193 201 178 
5.79 -4.53 9.91 0.9900 1.3700 2.0500 -1.6300 -0.0689 0.3967 4.83 -8.19 2.36 117 407 195 205 178 
5.28 -8.71 -3.34 0.6300 -0.1600 -4.1200 2.0644 -0.7389 -0.2544 4.79 -8.37 1.73 122 394 197 209 179 
6.96 -5.99 5.81 1.7800 1.9100 2.0000 -0.9033 1.1967 -0.3500 5.03 -7.93 2.80 132 392 204 215 180 
3.14 -1.11 4.44 -2.3700 6.9500 3.0400 -5.2744 6.4711 -3.6844 6.50 -7.26 1.05 147 309 242 269 195 
;
7.25 0.20 2.55 2.1800 3.1200 -3.3300 3.0578 -0.5656 -5.2200 7.31 0.98 6.45 158 329 323 359 203 
18.15 5.28 14.88 4.3900 1.5200 -0.6900 -0.7833 0.9844 0.3500 7.63 2.75 5.50 156 348 345 384 208 
8.49 3.63 5.64 0.8100 0.7300 -0.6700 -0.0422 -0.1400 0.0000 7.55 2.70 5.63 158 345 348 380 207 
8.05 3.30 5.36 0.6800 0.7800 0.9800 -0.1956 0.0044 0.2867 7.67 2.48 5.57 155 305 313 322 203 
14.31 -3.18 2.16 6.4700 -1.7600 -3.6900 2.2678 -9.1744 4.1911 9.43 -2.61 -0.53 154 363 186 174 156 
3.01 -1.56 0.29 -3.1700 6.3600 3.6600 3.1033 3.1622 1.3933 4.23 -8.67 -1.75 121 400 200 189 166 
3.78 -6.79 -2.32 0.4500 2.5200 0.0900 3.0956 -0.3278 -0.0589 3.86 -8.89 1.46 129 402 212 200 176 
2.96 -7.22 4.67 -1.6700 0.6700 1.2700 -4.0056 0.9433 -0.6289 3.98 -8.92 0.83 126 406 211 203 178 
4.56 -8.67 -2.98 -0.7400 0.8100 -1.1900 4.2644 -0.3544 -0.2678 4.10 -8.52 2.57 134 402 208 210 180 
3.73 -4.79 4.06 -2.4600 4.1100 2.2800 -2.4267 1.0289 -1.0711 4.75 -8.48 1.21 151 376 222 230 187 
4.58 -2.56 -0.10 -0.5800 3.8200 -3.6300 -1.8344 8.1844 -6.8933 7.82 -3.82 4.50 153 356 325 353 201 
;
8.48 8.14 3.49 1.0000 6.8400 -4.5900 2.5889 -4.0922 -0.4056 7.37 4.26 4.86 160 354 361 389 205 
3.80 3.14 2.47 -3.4800 0.3900 0.4400 0.0811 -0.2444 -0.0667 7.34 3.98 5.13 161 350 360 388 207 
8.20 5.03 6.12 1.4700 2.0000 2.8600 -0.8889 -1.0333 0.8800 7.85 3.12 4.97 165 316 299 309 201 
10.80 -0.38 2.55 2.0800 1.5700 -3.1400 1.4478 -7.5567 4.5700 8.89 -4.05 0.76 173 347 190 206 188 
2.74 -2.72 -0.48 -2.0500 5.1100 1.6100 3.5544 -2.7322 2.3222 5.09 -8.36 -0.47 137 393 188 199 180 
3.46 -6.78 -0.31 -0.2400 0.9500 -1.3700 0.8333 -0.1633 -0.0978 4.42 -8.69 1.02 131 405 189 202 181 
3.07 -1.74 6.54 -4.2400 4.2800 8.6100 -0.9211 -1.1444 0.0411 4.69 -7.86 3.51 138 409 196 207 182 
7.44 -9.25 -4.36 3.0100 -0.5700 -5.0400 1.4322 -0.2267 0.6444 4.37 -8.65 1.47 135 385 194 210 182 
6.73 -5.32 8.57 2.8600 1.5500 2.6600 -0.8633 0.7511 -0.0700 4.81 -7.84 3.38 147 409 203 215 182 
2.85 -2.68 6.03 -2.1400 4.9500 3.2100 -3.9333 3.2833 -1.6944 5.18 -8.13 1.78 159 336 216 241 188 
;
