3.62 -4.07 2.28 4.4500 -1.4300 1.0000 3.0656 0.6456 -0.6967 8.15 -2.89 4.61 154 264 275 257 173 
4.39 -0.59 4.84 -0.9400 4.1400 -0.9700 3.4733 8.3778 -0.8589 4.21 0.23 8.85 162 323 325 324 196 
5.69 0.75 8.45 0.3300 0.5600 0.7600 0.2889 -0.4989 -0.0800 5.40 0.25 8.18 165 334 306 287 196 
17.54 -4.08 3.61 7.4200 -1.1100 -1.1500 -2.7289 -8.8133 6.1689 8.55 -4.71 -0.86 166 387 195 205 140 
-4.24 -3.38 -0.52 -6.3000 4.1200 2.7200 0.7144 -0.3033 0.2978 4.50 -8.15 -3.06 127 395 209 212 146 
4.87 -6.62 -2.64 -0.6600 2.0600 -1.0600 4.7767 -0.8411 -0.2111 4.76 -8.45 1.40 137 400 225 226 158 
1.83 -6.65 5.32 -2.4800 0.7300 0.1200 -4.2944 0.2000 -0.8989 4.86 -8.51 0.00 132 403 221 223 156 
1.54 -7.72 -1.97 0.2800 2.9000 1.1800 5.5489 1.6967 -0.4144 5.12 -7.75 3.14 141 401 233 233 164 
3.53 -8.46 4.14 1.1900 -2.3300 3.0500 -1.6678 -0.6822 -0.9344 5.79 -7.78 1.40 132 396 228 228 161 
2.99 -10.08 -3.69 -0.1700 -2.5000 -4.3800 3.1389 -3.8611 -0.9556 7.69 -5.93 -1.33 127 400 219 223 160 
5.58 -4.60 -4.22 -4.7800 1.3800 -3.0300 5.1033 1.5600 -3.2089 9.31 -1.86 2.43 127 407 210 224 162 
8.17 8.69 6.91 -2.0900 8.6800 4.3300 0.3556 0.7856 -1.0311 9.14 1.30 3.28 115 402 220 223 161 
8.34 1.94 2.71 -1.5200 0.8800 -1.0500 -0.9500 -0.0200 -0.2300 9.09 1.09 3.48 120 406 225 226 161 
9.59 1.86 1.16 0.5000 0.2000 -2.1200 -1.5522 -0.0489 -0.8033 8.90 1.24 3.91 121 416 221 226 160 
9.79 -0.58 5.87 -0.3000 -2.0000 3.0300 -0.7933 0.6556 0.2256 8.65 0.88 4.51 123 407 227 227 162 
6.11 -1.90 6.96 -2.9500 -2.0700 1.8400 -0.2689 0.0389 -0.0400 8.61 0.00 4.68 136 410 214 229 162 
;
