3.02 0.73 9.20 -0.2900 -0.1200 -0.0100 0.0478 -0.1778 -0.0022 3.33 0.84 9.18 158 360 365 398 215 
3.55 0.89 9.06 0.0500 0.0000 -0.0400 0.0244 -0.0367 -0.0300 3.44 0.91 9.13 160 360 363 397 217 
3.57 0.47 10.21 -1.3100 -0.7300 2.4600 -0.9667 -3.2800 0.4278 4.92 0.49 8.46 159 331 259 336 220 
17.27 -1.05 -1.35 6.3300 -0.0200 -2.4100 -0.1178 -8.6833 4.2256 8.52 -4.11 -2.56 146 378 179 208 194 
4.26 -2.71 -3.11 -1.2500 4.2900 1.1900 3.4767 -2.2733 2.1378 3.67 -8.61 -2.90 113 394 188 204 184 
-0.44 -8.15 0.87 -1.4400 1.1300 0.7700 1.5189 -0.9856 0.0078 2.27 -9.53 0.24 111 401 196 207 188 
3.92 -6.76 2.76 0.1900 2.3600 2.5100 4.1222 -0.1756 -0.4278 3.17 -8.49 3.72 114 410 200 208 190 
0.16 -8.05 2.51 1.3000 0.3900 -2.0200 -3.3322 -0.4533 -0.0567 2.77 -9.40 0.10 117 408 203 210 192 
4.72 -9.30 -5.92 0.6700 -0.2600 -4.9700 3.1222 -0.0478 -0.2311 3.21 -9.24 0.54 119 403 206 212 193 
6.57 -8.50 10.55 2.4600 0.4800 3.6300 -0.5711 2.0611 -0.1544 3.25 -8.76 2.96 123 408 186 219 197 
6.57 -8.24 7.49 5.0000 0.9600 4.0500 -2.0944 7.0044 -1.8178 2.45 -8.82 3.50 163 402 183 222 205 
4.01 -6.64 -0.06 3.5200 4.0300 -1.6500 -3.2722 8.1400 1.4322 -0.26 -9.80 0.09 187 404 186 202 195 
-1.68 -6.26 -1.05 1.2900 1.4800 -1.4800 0.6600 1.4722 -0.3422 -0.51 -9.70 -1.34 203 408 183 210 191 
0.57 -14.89 -0.18 2.6200 -4.3100 0.7100 0.7322 0.2411 -0.6656 0.79 -9.77 0.17 202 411 175 214 194 
3.11 -6.19 -3.40 5.3200 4.1800 -3.6400 1.8267 -0.8511 0.8578 0.57 -9.57 2.04 201 412 180 216 197 
4.92 -8.37 5.80 3.9800 0.1300 2.3900 2.4022 -3.3078 2.2533 -0.30 -8.47 4.92 200 409 182 217 196 
-1.81 -9.89 12.74 -4.1100 -2.4700 5.3500 -0.8811 -1.6189 2.8833 -2.07 -7.85 5.48 198 409 183 220 200 
-7.12 -4.62 7.83 -4.4500 3.6500 4.2600 -2.1344 1.5278 -0.3278 -2.74 -9.05 2.58 201 411 181 220 200 
-3.76 -4.39 4.40 -1.1800 6.1700 3.5600 -1.3078 2.2467 -1.8744 -0.82 -9.76 -0.33 202 409 185 224 200 
4.13 -4.25 0.13 3.5800 4.1500 -0.6300 0.8178 2.3400 -1.7078 2.00 -9.59 0.26 200 412 187 221 200 
7.51 -9.38 -0.08 4.4200 -0.8200 -1.5600 2.4833 0.4989 0.2089 2.69 -8.72 3.57 201 412 189 225 201 
0.72 -12.49 6.28 -0.2800 -3.4500 2.8000 0.8300 -0.8200 0.7289 2.35 -7.88 5.33 199 414 190 225 201 
;
