-1.85 3.25 8.54 -2.7000 -1.1000 -0.1400 2.5011 -0.5111 -0.4789 0.81 6.22 7.53 166 407 373 424 214 
0.71 5.47 10.77 -0.5600 0.1800 2.3500 -0.0978 -0.3256 0.0467 0.63 5.40 8.15 162 405 372 424 213 
-1.90 6.41 12.20 -0.5500 2.9100 8.1100 -1.4133 -8.6767 0.2144 4.81 4.82 7.05 186 364 215 223 199 
11.17 5.76 -5.41 -3.5800 2.6400 1.8200 2.7622 -1.7367 4.8778 8.03 -3.31 -4.54 123 378 170 194 148 
0.72 -1.61 0.15 -4.8500 4.8000 4.1200 1.5733 -1.4700 1.0111 4.88 -7.37 -4.22 114 390 181 203 154 
5.14 -8.43 -8.16 1.8200 -0.3400 -3.4700 3.6900 1.2689 -0.4700 4.49 -8.35 -2.47 116 402 190 207 163 
2.49 -6.43 0.26 -6.2500 1.2000 1.5000 -4.9111 0.8222 -0.6889 5.00 -7.59 -3.65 113 394 194 213 165 
5.45 -5.89 -6.77 -6.4800 6.2600 -1.0400 0.2800 -3.3044 -0.6578 5.47 -8.01 -1.39 118 389 196 214 174 
4.04 -6.31 -1.93 -1.4100 1.9000 0.6600 -1.5667 -2.9111 -0.4789 5.05 -7.00 -4.63 168 344 214 274 202 
3.15 -1.36 -3.61 0.7600 4.8700 1.8500 -4.8589 -1.2844 -0.2433 2.38 -3.15 -8.97 184 232 237 259 175 
2.57 5.99 -17.17 2.9900 2.6300 -9.5600 -3.9544 -0.4811 -0.2978 0.33 4.42 -8.74 185 251 236 275 172 
2.84 4.27 -11.82 1.7600 -0.7000 -3.4600 0.8922 0.1344 0.2367 0.73 4.06 -8.89 181 260 243 279 171 
9.12 3.38 -19.15 7.7600 2.8200 -11.5300 2.2756 1.6167 1.9756 2.36 1.39 -9.41 184 305 266 300 188 
2.32 5.90 -2.61 -3.9900 12.2600 -2.1300 4.7211 4.2144 3.2911 4.83 -8.39 -1.49 202 417 372 435 215 
-1.55 -2.42 2.16 -4.0500 5.9300 2.2700 0.4511 0.1033 -0.0167 3.63 -9.07 0.73 203 414 376 438 216 
0.89 -5.20 0.37 -3.0400 3.9800 0.4000 -1.4022 -0.9878 -1.2078 4.79 -8.49 -0.95 200 406 365 418 214 
;
