-2.01 6.10 7.39 -0.2800 0.0400 -0.1200 -0.0033 -0.0433 -0.0033 -1.75 6.03 7.52 173 369 368 405 217 
-1.55 6.02 7.54 0.1100 -0.0100 -0.0100 -0.0044 0.0444 -0.0144 -1.72 6.04 7.52 172 369 366 406 217 
-8.62 6.03 9.49 -6.7900 1.7700 4.3400 -2.1911 -5.7911 -0.5233 0.55 5.09 8.35 161 314 250 220 181 
9.49 -1.71 -2.88 10.7100 -0.5700 -9.5700 3.8367 -15.2256 6.1267 9.50 -2.08 -1.17 190 348 149 165 146 
3.94 0.50 -1.00 -5.6100 5.9600 1.9300 3.9467 -4.0911 1.9222 5.95 -7.29 -2.73 116 375 162 173 147 
6.42 -6.89 -4.75 0.4900 -0.4500 -2.7700 1.3622 -2.4167 0.3089 4.42 -8.12 -3.24 110 380 167 173 148 
-0.89 -1.98 9.75 2.7000 7.4200 16.7800 -0.4156 -2.2944 0.5567 4.36 -8.63 -1.59 117 384 175 178 149 
4.27 -8.25 -9.99 -1.5000 -1.5900 -8.9100 -0.3300 -1.8844 0.1733 4.90 -7.38 -4.19 113 387 181 182 152 
-3.64 -0.69 3.44 -4.9800 8.1100 13.7400 -1.2822 -1.6200 0.3756 6.37 -7.44 -0.16 120 384 186 187 156 
13.30 -4.96 2.02 7.5400 1.7600 2.5800 -2.7544 4.2500 -1.2356 7.60 -6.19 0.16 137 358 186 199 171 
13.54 -7.31 -2.02 3.8700 0.0900 -1.8700 -1.3922 7.6311 -1.6200 6.22 -5.48 5.22 156 377 305 337 202 
2.84 -2.88 3.32 0.5500 3.5800 -4.5700 -4.5900 0.2522 0.0333 3.31 -8.26 4.10 162 401 357 403 208 
5.93 -7.54 -16.53 2.8600 1.6600 -16.6400 4.5756 -0.2378 -0.0100 3.57 -8.28 3.83 163 400 350 402 209 
16.08 11.88 8.24 8.6000 16.4400 8.8400 9.0244 -1.5133 1.7978 5.45 -0.42 8.13 162 407 367 406 212 
6.50 3.41 14.80 4.3700 4.7700 6.1300 -4.1667 2.8456 -1.9700 4.99 -2.16 8.15 164 404 370 414 212 
7.71 1.11 1.59 1.1200 5.9000 -8.9200 -6.2578 1.7778 -0.1733 3.77 -7.84 4.50 161 404 371 409 212 
4.71 -5.72 -16.02 0.1600 1.0900 -17.8300 7.0356 -2.8267 1.1589 3.91 -8.01 4.08 168 404 369 406 213 
9.21 7.37 11.67 1.3400 8.6700 0.8200 5.8833 -3.9678 0.7189 6.45 -0.46 7.36 168 394 364 406 213 
4.96 4.56 17.67 -3.6100 3.1700 6.6000 -3.9189 -0.0722 -0.6433 6.71 -1.59 6.97 169 390 318 295 211 
8.21 -3.80 5.56 3.8700 0.8600 -0.9300 -4.9167 7.9300 -2.4256 1.92 -5.71 7.72 170 395 199 204 201 
4.05 -5.41 4.87 2.5400 1.9500 -1.5000 -1.8244 2.5689 -1.1000 -0.52 -8.58 4.70 190 404 166 169 171 
1.94 -5.88 1.73 2.2700 2.9900 -2.4900 1.3333 0.4078 0.6500 -1.05 -8.27 5.15 194 404 158 156 172 
4.99 -1.45 5.80 5.6500 5.9500 -1.2200 3.8722 0.2944 1.5600 -1.72 -4.51 8.53 194 409 165 173 184 
3.64 1.20 19.55 3.3600 2.1500 12.1700 2.2167 -1.5311 3.5022 -0.20 1.15 9.73 194 409 162 180 189 
-1.86 2.06 19.77 -6.1200 -0.5200 7.9300 -2.7978 -0.4956 2.7744 1.67 -1.17 9.59 196 403 169 173 189 
-3.25 -1.44 8.70 -4.4200 3.2400 -0.1700 -3.3133 1.6367 0.2078 -0.20 -6.51 7.33 195 408 174 178 188 
-2.27 -1.64 5.69 -2.0400 6.1500 -0.3900 -1.4978 2.2256 -2.8344 0.12 -8.54 4.80 193 407 173 182 189 
3.70 -1.70 3.57 2.0300 6.0700 -1.5500 0.4933 2.1956 -2.1056 1.65 -8.46 4.67 196 399 170 181 190 
9.93 -3.26 4.80 7.8800 4.0700 -1.2600 2.9400 0.4356 -0.2989 1.91 -6.07 7.45 195 396 173 184 190 
6.30 -4.46 11.42 4.8600 -1.2000 2.7600 2.7400 -1.2267 2.4056 1.36 -2.86 9.27 195 397 175 185 191 
-0.53 -1.90 14.18 -5.5900 -0.7000 4.1500 -0.2278 -0.7611 2.2722 2.09 -2.48 9.25 195 399 175 186 190 
;
