-3.19 4.63 7.94 0.0200 -0.0300 -0.0600 -0.0011 -0.0089 0.0111 -3.21 4.67 7.99 158 358 362 406 208 
-3.09 4.64 8.79 -0.8600 0.0400 0.9500 0.0100 -1.4556 0.0122 -1.74 4.54 8.51 174 337 336 372 211 
9.14 6.18 7.36 6.1500 1.1400 -0.4100 -0.1700 -11.5000 2.4489 8.99 3.66 1.36 181 349 155 186 181 
5.63 1.70 -5.65 -1.9700 3.6500 0.4800 4.5778 -3.5222 2.6711 6.16 -3.45 -6.80 116 376 170 189 157 
1.38 -3.78 -3.81 -1.7600 1.8500 1.8300 1.6633 -1.3267 0.2489 4.73 -6.68 -5.39 115 384 174 195 152 
4.11 -7.20 -5.84 -0.9900 0.2600 -1.0700 2.4411 -0.5989 -0.3367 4.48 -8.00 -3.46 115 384 183 195 155 
8.45 -6.32 6.74 4.3300 2.0800 7.2400 -1.2344 1.9022 0.0422 4.82 -8.35 -1.75 118 395 192 201 156 
4.19 -7.80 -10.02 -0.1900 -0.6000 -6.4600 0.7189 -0.4389 -0.0700 4.60 -7.69 -3.96 117 391 194 198 157 
8.24 -5.67 7.68 2.7600 2.8400 7.0400 -0.9700 0.8167 -0.1144 5.21 -8.28 -0.65 139 382 192 204 169 
9.22 -6.34 0.55 3.8100 1.7200 1.2300 -2.7511 5.4578 -1.2533 6.70 -7.15 -0.19 114 378 198 203 172 
7.03 -4.32 0.11 -0.5300 2.2800 -4.6300 -3.9556 12.4411 1.6778 1.54 -8.81 4.01 172 397 175 207 176 
4.01 -5.92 8.26 2.3600 1.0600 2.1200 1.0367 1.1511 -0.6733 1.71 -7.66 5.87 180 410 190 210 178 
2.95 -4.19 4.71 2.1500 2.8600 -1.8300 1.7300 0.0867 0.9267 0.79 -6.33 7.44 187 407 193 211 173 
3.71 -3.73 11.63 3.6500 1.0600 3.5100 2.2722 -0.9633 2.1089 0.21 -3.45 9.17 190 406 192 214 172 
-3.09 -5.74 16.54 -4.4700 -2.4600 6.6800 -1.5767 -1.7711 2.1622 1.13 -4.03 8.86 190 405 196 216 173 
-1.00 -3.18 9.24 -1.6700 3.0500 2.0300 -2.6167 0.0322 0.7933 1.01 -7.20 6.57 190 408 195 217 172 
-2.68 -5.24 4.67 -4.2900 3.2500 -0.5700 -1.6311 0.8422 -1.0567 1.07 -8.85 4.06 189 406 196 218 169 
0.85 -3.73 3.86 -0.7000 5.1400 0.2500 -0.5322 2.5078 -1.9211 2.30 -8.88 3.44 189 406 194 218 169 
5.12 -3.65 4.13 2.6000 4.3000 -0.4900 1.7278 1.6300 -1.5833 3.45 -7.28 5.58 189 406 198 219 170 
7.65 -3.91 7.30 4.7400 1.4100 1.1100 2.7711 -0.1189 0.3822 3.20 -4.51 8.09 188 405 198 219 170 
4.03 -5.20 12.28 -1.2100 -2.2300 3.7100 0.8478 -0.6022 1.7222 3.45 -3.02 8.66 191 400 198 221 171 
-0.65 -4.36 10.07 -3.8000 -0.7400 1.2700 -0.1978 -0.4056 -0.3233 3.88 -3.14 8.43 186 387 193 213 175 
1.12 -1.42 9.24 -2.9200 0.5400 0.3600 1.5667 -0.6544 -1.1844 4.66 -1.51 8.48 96 249 260 287 190 
9.08 -0.57 7.23 4.4000 0.1600 -1.8600 1.8633 -4.6289 1.5233 7.40 0.16 6.42 99 180 185 217 155 
9.51 -2.50 -2.85 0.3400 -1.6400 -5.0500 4.5089 -4.1644 1.1711 9.75 -0.98 -0.33 90 161 167 196 128 
8.55 0.24 -4.29 -1.1900 2.2400 -2.8000 3.5900 -1.4689 -0.4578 9.26 -2.15 -2.39 91 167 173 196 131 
11.12 3.42 -6.14 2.5800 5.7700 -3.5500 3.1644 0.0567 -1.1767 9.24 -2.17 -2.42 97 171 178 201 134 
10.48 7.72 8.23 1.4900 11.6300 11.1000 -2.4500 0.8389 0.1622 9.41 -2.07 -1.79 98 175 184 203 138 
9.73 3.05 -3.20 0.7100 3.5800 -2.9700 -3.8456 0.4722 -0.5122 9.64 -0.76 -1.57 99 177 185 204 137 
8.41 -4.39 -7.75 -1.0500 -5.2000 -6.1300 0.2767 -0.6000 -0.7844 9.56 0.61 -2.08 97 178 185 205 138 
10.52 -0.86 -3.71 0.7100 -0.5800 0.1300 3.2744 -0.9267 -0.0967 9.08 0.37 -3.67 99 176 187 201 139 
10.70 -1.11 -4.55 1.4300 -0.8400 0.7800 -0.7944 1.1044 -0.0467 9.14 0.37 -3.51 97 178 182 205 140 
7.55 2.30 0.40 -2.1700 1.6600 3.0200 -2.9544 1.4311 -0.5289 9.59 1.13 -1.69 111 183 196 214 153 
8.70 3.05 -1.14 0.0400 0.2100 -2.7300 -5.0889 4.0322 -1.6467 8.43 2.69 4.21 123 229 215 256 177 
8.53 4.72 4.94 1.3100 0.2400 -3.3400 0.2100 5.5333 -1.7889 3.22 4.02 8.34 165 317 284 303 192 
;
