-0.38 2.51 9.41 -0.0400 0.1200 0.0000 -0.0044 -0.0078 0.0056 -0.26 2.43 9.49 160 335 345 348 193 
-0.40 2.54 9.52 -0.3600 0.1300 -0.0100 0.1511 -0.1411 0.0389 -0.02 2.61 9.45 159 332 335 350 196 
12.61 5.86 11.24 7.9100 2.5000 2.5000 0.3822 -8.8700 3.4078 8.50 1.62 4.60 159 367 188 199 174 
6.82 1.18 -3.97 -3.0000 4.1200 0.1000 5.5444 -5.2989 3.7500 7.22 -5.75 -3.28 127 390 195 202 177 
3.05 -3.85 0.18 -1.4800 3.7500 2.1900 0.8011 -1.9867 0.1322 5.36 -7.79 -2.58 126 394 196 204 176 
7.76 -6.55 -4.93 2.5400 2.0500 -0.9200 2.5311 -1.0356 0.0733 4.93 -8.29 -1.74 119 387 197 202 177 
9.79 -2.26 11.13 1.3600 3.0200 5.2800 -2.5033 2.2922 -0.5100 5.13 -8.34 0.32 117 393 205 206 182 
5.60 -9.30 -8.23 0.1800 -1.7500 -6.4400 0.6078 -0.8833 0.4444 5.12 -8.01 -2.37 118 382 204 207 181 
7.85 1.36 17.80 7.2300 7.1900 9.5300 -2.0533 1.2078 0.1211 5.50 -8.00 1.31 123 378 208 216 185 
12.41 -5.36 5.11 8.9800 2.4000 4.5700 -2.2633 5.0578 -1.4311 6.26 -7.29 1.91 147 351 249 231 187 
6.27 -6.62 -1.84 2.5700 7.4300 -1.2000 -2.4778 6.4511 -1.5556 3.96 -8.68 2.23 167 381 347 391 198 
4.32 -5.15 -6.15 0.3800 0.5900 -7.1300 -1.6189 0.0878 0.0478 2.80 -9.11 -2.30 172 385 351 393 199 
3.51 -6.75 -6.37 0.3200 2.9100 -5.5200 1.1500 -0.9244 -0.9822 3.56 -9.05 -1.19 167 378 341 389 201 
8.93 0.01 -1.52 3.6600 9.2700 -3.6900 9.2267 -2.3089 2.0722 3.68 -6.67 6.17 166 379 347 388 202 
4.68 11.79 11.31 1.2700 12.2000 3.5600 5.9478 1.5711 0.6822 3.45 2.08 8.93 168 385 348 393 202 
3.53 6.15 11.67 -0.7000 2.8100 2.7600 0.8278 1.0056 -0.2489 2.54 4.17 8.50 167 382 354 414 206 
;
2.93 4.70 8.36 -0.7300 0.8000 -0.0300 -0.8511 -0.2611 -0.3489 2.87 3.72 8.60 170 351 351 380 202 
3.09 2.43 6.07 0.4400 -0.0100 -2.1800 0.1244 -0.7344 -0.9300 2.90 3.21 8.79 164 324 344 382 204 
2.51 3.92 11.25 -2.4800 -0.0700 3.0200 0.1156 -1.7678 -0.4011 3.79 3.19 8.45 166 333 320 335 203 
11.66 4.69 8.21 7.6100 1.9800 3.0900 -2.9511 -9.0667 3.6300 9.80 -0.04 -0.27 185 333 196 204 145 
7.97 0.43 -2.53 -0.0100 5.3000 1.0700 0.3433 -0.3933 3.8956 6.82 -5.59 -4.27 140 375 199 207 150 
-0.65 -4.81 -8.12 -3.8000 1.5900 -3.7300 1.6167 0.0400 -0.0811 5.15 -7.54 -3.56 129 395 203 209 152 
6.49 -4.57 3.77 -14.2000 8.3000 7.1900 2.0678 0.5356 -0.8289 5.34 -8.11 1.32 130 393 210 216 161 
7.18 -7.91 -4.04 3.1600 0.1000 -2.9700 -2.5789 -1.9467 -0.3189 5.75 -7.36 -2.98 125 403 206 214 160 
8.13 -7.78 -6.92 4.9300 1.8500 -5.0200 6.3789 2.6867 -0.3833 5.19 -8.21 1.28 129 400 210 219 163 
5.42 -6.59 0.57 0.0800 1.3600 -0.5000 -1.0944 0.7422 -0.6489 5.70 -7.95 0.56 139 393 216 225 168 
14.56 -4.93 4.14 8.8300 2.1400 2.8700 -3.3144 8.3778 -1.1867 6.42 -7.09 2.13 149 336 246 260 184 
7.16 -4.07 2.22 3.1400 4.5800 -0.9400 -3.9578 3.0311 -0.2044 4.22 -8.46 2.59 166 371 342 389 198 
7.96 -6.96 -4.83 2.8000 1.3400 -4.5000 -1.8467 -2.1233 0.0900 3.89 -8.72 -2.22 171 377 348 401 201 
2.22 -9.22 -3.34 -1.9800 -0.2900 -2.0000 1.0044 -2.0378 -0.7489 4.12 -8.74 -1.65 173 376 354 401 201 
4.80 -6.14 -7.70 1.8400 2.9800 -6.4700 4.9489 -0.6822 -0.4956 4.73 -8.49 1.25 172 379 351 397 201 
4.88 0.74 2.11 -0.6700 8.9700 -1.0200 7.5544 -0.6178 0.1756 5.46 -4.08 7.04 172 375 354 394 201 
-0.93 6.85 10.84 -1.1500 7.1000 2.7200 4.1211 -0.1133 0.1889 3.93 2.35 8.66 175 376 347 397 203 
;
