1.38 6.77 6.95 -0.1400 0.0100 -0.0400 -0.0022 -0.0056 0.0022 1.44 6.72 6.98 181 386 381 433 230 
1.34 6.73 6.99 -0.1300 0.0200 -0.0200 -0.0022 -0.0089 0.0044 1.45 6.72 6.98 180 382 381 435 229 
1.34 6.75 6.86 -0.2200 0.0800 -0.2100 -0.0489 0.0233 -0.0778 1.54 6.65 7.03 182 388 342 391 229 
7.81 4.67 9.21 3.6200 0.3200 2.8600 -0.0989 -8.2733 1.1200 7.75 4.02 4.44 176 367 192 205 194 
9.74 2.74 -5.40 -0.8500 4.1400 -0.0900 6.3389 -3.6289 5.4544 7.25 -4.62 -4.70 123 401 189 200 179 
0.54 -2.91 -0.77 -3.5200 4.0700 1.0600 1.4967 -0.0367 0.2300 5.16 -8.11 -1.89 116 409 193 199 179 
7.62 -5.48 3.30 1.9500 5.0300 3.6900 0.5689 -0.9411 -0.6256 5.51 -8.06 0.81 124 404 198 208 184 
6.23 -8.28 -5.60 1.3200 -0.8400 -4.1300 -1.4356 -0.2756 -0.0722 5.30 -7.83 -2.58 121 412 198 207 185 
-3.05 -0.53 17.24 0.0800 6.6900 11.4400 -1.0022 -1.7133 0.6378 5.73 -7.90 0.82 139 396 203 218 188 
11.43 -8.27 4.94 6.8300 -0.2300 4.3000 -4.2600 7.9467 -1.7456 7.04 -6.42 2.29 195 246 247 263 207 
6.44 -7.22 0.45 5.4700 3.1000 -4.0800 0.2956 6.4678 0.7533 0.82 -6.91 6.90 202 201 207 206 170 
-0.77 7.90 0.12 4.4900 12.5700 -5.0600 3.4211 2.0922 7.0978 -7.38 -0.73 6.41 200 205 217 214 169 
-18.92 3.29 6.10 -7.0700 -0.7900 -1.0500 0.2222 -0.9456 -0.3656 -7.04 2.84 6.19 206 206 225 217 171 
-7.92 2.69 6.86 1.4200 0.1100 0.2900 -0.2256 -0.3267 -0.5033 -7.13 2.39 6.29 205 212 227 221 174 
;
