-0.36 6.58 7.22 -0.0600 0.0600 -0.0700 -0.0133 0.0033 0.0133 -0.28 6.51 7.32 177 397 383 431 227 
-0.56 6.55 7.32 -0.2200 0.0200 0.0400 0.0133 -0.0600 0.0100 -0.25 6.52 7.31 178 397 384 432 228 
-2.44 6.86 7.95 -4.0500 -0.2300 1.5300 -1.3122 -1.9500 -0.6922 0.71 5.59 8.02 181 381 296 311 215 
9.32 1.45 6.40 4.5700 -0.4100 -3.0100 -0.6000 -10.1089 -0.4322 9.45 1.75 1.94 161 381 201 216 202 
8.01 1.62 -3.61 -2.2600 4.5500 0.4100 3.7089 -3.2500 3.9989 7.55 -4.33 -4.51 142 403 202 222 199 
4.42 -2.46 -0.15 -0.5400 3.4500 3.7400 2.3422 -0.4022 0.9189 5.25 -7.67 -3.12 133 409 210 216 197 
1.30 -4.28 10.35 -3.3000 3.1400 5.3200 -1.2967 -0.3544 0.2889 5.16 -8.26 -1.06 130 405 210 226 200 
6.71 -9.03 -9.63 0.1800 -1.2700 -6.1800 1.6556 -0.9256 0.3300 4.98 -8.12 -2.31 136 411 216 231 203 
9.58 -2.02 7.68 0.6600 4.4000 3.6000 -2.1878 0.6344 -0.8278 5.91 -7.68 -1.45 182 368 251 270 210 
4.32 -10.05 -3.55 -1.0800 -2.9000 -0.7400 1.0589 -4.6344 3.4333 3.93 -8.66 -2.37 203 325 331 367 216 
-0.19 -4.25 2.73 -3.8300 3.4000 6.5700 -5.7733 -1.3511 -0.1333 1.31 -5.94 -7.69 204 290 303 351 227 
-2.00 8.57 -12.90 5.6900 9.1600 -10.9700 -3.9067 -0.7656 -0.7656 1.42 1.72 -9.54 203 312 315 365 233 
1.44 -0.85 -9.33 0.8500 -1.0800 -0.5800 0.3933 -0.3122 0.1722 1.16 0.88 -9.69 203 312 320 367 233 
;
2.75 1.50 -8.55 0.7000 0.7400 0.9000 0.1867 0.0867 0.0200 1.37 0.42 -9.70 204 315 321 368 233 
1.78 0.80 -9.06 0.6400 0.4100 0.6000 -0.0311 0.0789 0.0067 1.53 0.42 -9.67 204 319 323 370 234 
1.89 0.58 -9.48 0.4400 0.1400 0.2500 -0.0711 -0.1344 0.1400 1.66 0.48 -9.65 200 322 323 367 232 
7.86 4.00 -10.58 6.6900 3.7900 -2.1900 -1.6878 11.0744 0.7578 7.12 1.12 -6.64 193 368 272 281 202 
12.09 -0.66 -0.56 1.0600 0.3700 -0.1200 0.7556 -1.8278 4.9056 9.15 -3.21 -1.43 173 398 195 215 172 
2.79 -2.70 -1.17 -4.2300 2.9900 1.7900 1.6567 -2.3656 1.3789 6.18 -7.03 -2.89 123 395 200 212 163 
6.67 -6.94 -4.39 1.1500 0.1400 -1.1400 2.0144 -0.6822 0.2911 4.94 -8.05 -2.61 121 398 205 215 168 
8.72 -5.31 5.82 2.1700 2.6200 2.9200 -3.9533 2.3311 -0.1844 5.43 -7.82 -2.31 123 407 211 220 169 
6.88 -8.96 -9.97 0.8000 -1.6400 -6.3900 3.5956 -1.9000 0.7722 5.01 -7.75 -3.28 130 399 217 224 176 
8.78 -5.29 4.36 2.1600 1.3500 -0.1600 -1.9789 1.5478 0.0533 5.70 -7.85 -1.35 157 384 223 237 180 
7.31 -5.47 -2.66 2.0500 1.4500 -1.1000 0.1989 -0.8133 -1.3756 6.38 -6.92 -2.72 188 329 304 353 220 
1.87 -6.98 3.62 -2.4700 1.8500 6.6200 -2.0933 -2.4733 2.3722 3.52 -8.33 -3.78 203 302 333 370 227 
-0.93 0.81 -1.53 -3.9000 6.5400 4.5800 -6.2089 -1.8833 -1.4311 2.85 -2.20 -9.11 203 304 323 376 238 
4.50 5.05 -20.76 0.0700 1.9400 -8.8900 -0.2344 -1.1356 0.2056 1.58 2.09 -9.44 202 311 328 378 237 
3.78 0.88 -8.51 1.1900 -0.4400 0.9300 0.5067 0.0167 0.4244 1.89 1.05 -9.56 200 313 332 376 239 
1.60 1.30 -8.68 -0.0500 0.5600 0.9900 0.1656 0.1400 -0.1578 1.84 0.65 -9.60 201 315 332 377 237 
;
