-0.44 5.76 7.78 0.1100 0.1300 -0.0800 -0.0289 0.0167 -0.0544 -0.46 5.67 7.98 161 291 306 342 211 
-0.35 5.78 7.90 0.1400 0.1100 -0.0700 0.0644 0.1378 -0.0233 -0.52 5.65 7.99 162 291 308 344 210 
-0.73 5.75 7.98 -0.8000 -0.0100 0.0200 -0.3022 -0.6600 -0.1144 -0.12 5.20 8.30 161 282 297 306 209 
4.93 7.98 12.61 3.9300 3.1700 2.2400 1.7278 -11.1022 1.6667 8.26 5.01 1.61 167 326 164 191 187 
9.23 5.99 -6.25 -3.4100 6.4700 -2.2800 5.3656 -2.2389 5.3489 7.10 -4.55 -4.99 110 373 164 183 179 
0.39 -2.86 1.32 -4.9700 4.8200 4.5200 1.6967 -0.7044 0.5033 4.67 -8.19 -2.66 110 385 182 187 158 
5.08 -7.91 -4.27 1.3500 0.7800 -1.4100 0.7256 -1.8256 0.3500 4.58 -8.30 -2.49 103 389 178 195 146 
8.66 -8.09 -6.94 -0.4600 2.4400 -4.3500 -0.6544 -2.2656 -0.5744 4.56 -8.65 -0.61 103 395 193 195 153 
6.62 -8.87 -4.34 1.3200 -0.8500 -3.4400 -1.4411 -0.4378 -0.2989 4.72 -8.10 -2.86 104 401 196 199 155 
4.90 -7.13 -1.72 -20.6000 9.1500 26.2800 -1.4322 -3.0922 0.6311 5.04 -8.40 -0.31 118 385 189 197 157 
8.16 -3.40 4.31 1.3000 4.1600 5.0600 -2.0400 2.4900 -4.3300 8.17 -5.37 -0.62 151 273 224 238 188 
13.44 -6.83 -3.87 3.2700 -4.8400 -5.8100 0.2144 3.8011 -1.7789 8.01 -0.77 5.59 93 232 241 262 181 
13.99 2.56 0.47 7.2100 1.3800 -5.8000 4.6456 -3.4622 2.3233 8.60 1.44 4.47 93 158 167 185 144 
9.08 3.05 -2.69 -1.8100 3.0300 -2.3100 5.8967 -1.6689 0.3656 9.79 -0.16 -0.40 95 160 167 177 130 
13.77 8.14 -4.99 2.6400 8.1300 -1.9200 3.5689 -1.5033 1.3656 9.40 -1.84 -2.05 94 162 174 180 132 
9.92 4.63 -2.25 2.1200 8.3400 -0.0800 -3.3356 1.4444 -1.0967 9.63 -1.07 -1.51 97 167 178 186 134 
10.40 0.96 -9.40 0.5900 -1.2700 -7.8000 -3.0178 -0.1122 -1.2922 9.56 1.21 -1.80 99 169 180 187 136 
9.54 -4.02 -4.89 0.3600 -7.6500 -2.0600 0.2556 -2.2500 1.0033 9.01 1.60 -3.50 97 170 183 189 137 
12.35 5.19 -1.87 6.1200 8.2600 4.6600 0.8878 1.0122 0.3144 9.10 0.16 -3.63 101 169 181 191 142 
10.04 3.70 2.10 2.2700 5.4300 7.7400 -3.7889 2.4578 -0.0944 9.56 1.09 -1.85 118 197 211 231 175 
11.72 -1.93 -5.06 -0.6900 -3.0100 -1.6700 -4.4611 0.0944 2.8933 9.65 -1.63 0.60 161 321 205 205 157 
10.33 -0.30 -4.81 0.3100 4.2200 -2.2400 0.7211 -2.9900 2.0944 7.43 -5.48 -3.27 124 378 184 190 146 
6.57 -4.44 -5.37 1.3800 2.9800 -1.4400 1.8767 -1.5856 0.5833 5.10 -7.55 -3.60 115 390 194 191 146 
7.47 -6.17 0.40 -3.9200 8.0200 1.7300 1.6256 -2.3078 -0.5278 5.47 -8.10 0.75 116 407 199 195 152 
3.33 -7.74 -3.96 3.3700 -0.5300 -4.6700 -1.4744 -0.6511 0.5589 4.87 -8.02 -2.84 112 404 200 198 149 
-6.98 -0.64 20.11 -2.4000 6.4400 14.8500 -1.4300 0.2811 0.8011 5.37 -8.19 -0.20 120 389 209 203 154 
6.72 -6.18 1.27 0.9000 2.1000 1.7600 -0.8644 0.3367 -0.2989 5.80 -7.89 -0.37 141 394 204 211 161 
6.63 -3.47 -1.58 -2.3400 1.4100 -0.4800 -3.3178 4.1511 -2.7044 8.54 -4.70 -1.03 143 340 210 209 161 
13.33 2.02 -0.31 5.1400 1.6100 -4.7500 1.5067 10.6844 -3.2522 4.42 2.65 8.34 154 330 311 355 195 
;
