-1.81 5.36 10.35 -1.9800 0.2900 2.1400 -2.0556 -1.1511 -0.8311 -0.18 3.65 9.09 175 303 318 334 211 
1.91 2.02 10.33 -0.1600 -1.1000 1.5000 1.4522 -5.3256 -0.7400 4.80 4.30 7.38 174 305 226 249 202 
13.64 7.33 1.03 5.5700 2.6600 -1.1500 -0.1078 -6.5611 2.4222 8.87 3.20 -2.67 170 339 185 198 180 
7.18 3.42 -7.03 -1.0500 4.2200 -0.7600 3.4222 -2.0700 2.4567 6.20 -2.09 -7.29 126 373 182 191 161 
2.44 -2.43 -6.38 -1.7700 3.4100 0.0100 3.7878 0.1289 0.7367 4.46 -7.20 -4.93 118 380 192 195 162 
8.96 -5.72 3.05 3.6100 5.7400 3.5200 3.9211 3.7967 -1.6422 4.84 -8.52 -0.28 126 365 209 202 165 
5.52 -7.41 -7.87 3.3700 -1.2100 -7.3200 -1.7444 -2.2522 -0.2678 5.08 -7.10 -4.46 121 384 212 205 169 
3.05 1.57 -0.47 -11.7100 6.2000 12.0100 -2.0967 -1.7411 0.1467 5.03 -8.39 -0.58 135 370 220 215 176 
3.33 -7.33 0.41 -1.9200 1.2700 2.3800 -2.4644 -0.3222 -0.8122 5.85 -7.39 -2.68 135 377 219 216 175 
6.02 -5.71 -5.42 1.1800 1.2100 -1.6100 -1.5144 -1.5322 -0.5511 5.79 -5.39 -5.78 5 381 216 213 172 
7.49 -5.07 -8.80 1.2500 -0.1600 -1.9100 0.4589 0.1167 0.1767 5.70 -5.12 -6.11 4 384 219 213 173 
6.94 -5.55 -6.92 1.5500 0.3800 -1.6400 1.6233 0.2156 0.4200 5.47 -6.32 -5.11 122 381 219 213 169 
-20.25 -2.54 15.26 -7.5100 11.8500 20.7200 -1.4656 -1.7622 0.5256 5.08 -8.35 -0.70 133 363 223 217 174 
8.92 -7.07 -10.37 2.1200 0.2500 -5.8200 -1.8189 -1.0044 -0.1456 5.57 -6.63 -4.59 131 382 218 212 170 
-3.34 3.40 19.62 2.0500 8.4800 18.7100 -2.5211 -1.8622 0.5111 5.36 -8.17 -0.67 133 349 227 219 175 
5.88 -7.78 0.72 3.0500 0.5100 4.9000 0.0411 -1.7167 -0.4878 5.71 -7.52 -2.63 115 286 190 194 152 
5.77 -5.03 -1.88 -0.2900 2.1700 0.2800 -0.3233 -1.0889 0.1189 5.86 -7.37 -2.72 119 278 190 193 149 
5.31 -10.65 -11.85 -0.3900 -2.6400 -3.9100 0.9611 0.2878 0.7811 4.53 -8.00 -3.39 118 285 186 195 149 
5.42 -14.86 -11.72 1.4100 -5.9000 -13.9800 5.6378 0.6444 1.3956 3.27 -9.10 1.60 120 286 188 191 143 
-1.48 17.91 20.22 -5.0300 26.3000 21.4500 -1.8800 0.1778 0.5867 2.71 -6.08 7.19 119 289 187 195 145 
3.32 -8.32 4.59 0.1400 -0.6100 -0.7200 -0.5544 -0.1511 0.0856 2.95 -7.34 5.78 122 294 192 197 146 
;
