2.47 1.78 9.36 0.0200 -0.0800 0.1000 -0.0211 0.0644 0.0156 2.45 1.90 9.30 162 345 344 395 218 
2.14 1.75 9.46 -0.3400 -0.1500 0.2000 0.0000 -0.0744 -0.0067 2.46 1.88 9.30 163 345 334 396 219 
2.58 1.82 9.21 0.0600 -0.0500 -0.0600 0.0022 -0.0267 0.0067 2.55 1.89 9.27 163 343 345 395 219 
0.74 1.65 10.47 -1.9600 -0.4000 1.2800 1.5867 -2.7122 0.4389 3.98 2.55 8.58 169 354 279 282 210 
17.28 1.11 5.31 4.7500 -0.4300 1.8100 -1.6922 -4.2900 3.0733 9.29 -1.39 2.81 117 366 171 179 180 
3.52 -0.63 -1.74 -5.9200 2.8400 -0.7000 5.4622 0.0533 1.1522 9.12 -3.12 1.74 120 393 175 186 187 
6.53 2.10 3.74 -2.4100 4.3800 0.2300 1.8344 -0.0478 -0.5467 9.06 -1.73 3.32 116 401 185 189 191 
9.34 -0.04 2.95 0.1400 1.0900 -0.3800 -0.3456 0.0211 -0.4033 9.18 -0.73 3.36 112 407 186 191 192 
9.68 1.71 3.28 0.8100 2.1500 -0.9200 -1.2778 0.6878 -0.2133 8.95 -0.86 3.89 115 406 186 193 191 
9.68 -0.57 2.14 0.5400 0.0300 -2.2200 0.0567 0.8167 0.8367 8.44 -1.89 4.61 118 391 186 191 190 
4.74 -4.02 9.13 -2.9600 -1.4400 4.0900 -1.2278 0.7411 0.2233 7.61 -3.20 5.28 126 390 189 193 192 
3.21 -3.43 7.72 -5.0600 -0.1700 2.3800 -2.2000 1.6233 -2.5533 7.67 -2.93 5.35 158 387 186 194 193 
5.43 0.25 2.68 -1.3800 0.8300 -4.1700 1.2867 0.4611 -3.5044 7.29 1.35 6.40 153 389 185 195 192 
16.36 11.21 7.53 6.5300 5.3900 0.6500 1.7900 -0.2322 -0.5889 6.93 5.28 4.49 147 391 183 195 194 
10.10 7.92 4.49 2.6400 2.4100 1.6400 2.1978 -0.0267 1.4767 7.47 5.68 2.82 146 391 183 196 193 
7.70 6.56 4.95 -1.8600 2.7200 2.9900 0.1444 -0.6956 2.9056 9.31 2.53 1.70 144 386 185 195 192 
6.82 1.93 3.00 -2.5400 2.3200 1.4000 -2.2578 -0.0367 2.3367 9.56 -1.57 1.47 136 390 185 197 187 
5.87 -0.05 1.21 -3.7400 2.1300 -0.6500 -3.2033 0.1033 -1.1422 9.56 -2.10 0.53 134 391 188 197 186 
12.36 2.14 -2.07 1.3000 1.1300 -3.2100 -1.8456 0.4933 -2.1067 9.74 1.00 0.47 128 394 186 198 191 
12.04 3.32 -0.58 2.8900 0.2700 -0.9300 1.2567 0.4900 -1.3600 9.09 3.62 0.53 129 395 188 200 192 
11.44 4.89 2.52 1.5300 0.4100 2.8300 1.0233 0.5544 0.1256 8.93 4.04 0.08 135 398 190 201 190 
8.65 3.80 2.11 -0.4300 0.0500 1.6300 -0.1033 -0.2256 0.4278 9.22 3.31 -0.12 137 393 193 202 195 
9.52 3.83 1.21 1.8200 0.9300 1.3300 -0.7544 0.3444 -0.0344 9.21 3.31 0.53 154 356 225 242 205 
;
13.02 2.29 0.97 3.2200 -0.6300 0.9200 -0.6456 1.1344 0.9833 9.32 2.35 1.90 158 356 243 260 201 
11.84 -0.08 -0.02 1.4700 -1.1900 -3.0500 2.0678 -0.6456 2.3000 9.58 -0.33 2.03 148 367 191 203 192 
5.53 2.49 2.24 -4.3100 3.8200 -0.4700 3.6167 0.1033 0.5933 9.28 -0.91 3.01 133 398 192 199 188 
8.79 2.43 2.61 -0.1400 1.9400 -0.6800 0.9811 -0.3589 -0.0611 9.34 0.04 2.96 118 398 190 200 186 
8.09 1.67 3.29 -0.6200 1.3800 -0.7400 -0.5000 -0.1044 -0.2389 9.19 0.31 3.38 124 402 193 200 187 
9.91 2.20 2.51 1.4200 2.3000 -1.6900 -1.3944 0.7267 0.0467 8.95 -0.28 3.99 125 410 196 200 188 
9.07 -1.45 1.27 0.4000 0.2300 -0.4000 -0.0033 0.2589 1.2767 8.57 -1.67 4.45 126 393 192 200 185 
6.39 -4.74 8.37 -2.0700 -2.5300 2.0400 -1.2700 0.3411 -0.1511 8.07 -2.74 4.84 128 396 192 202 187 
6.82 -2.85 6.47 -1.2900 0.0900 1.7200 -1.0311 0.5300 -0.7244 8.07 -2.81 4.79 154 395 194 203 189 
3.09 -2.24 3.77 -4.7400 0.1100 -1.6000 -1.3067 0.8889 -3.2378 8.06 -1.13 5.45 162 394 191 198 188 
7.41 3.60 2.14 2.0900 2.8700 -1.7600 1.5656 0.1311 -2.5578 7.77 3.18 5.06 155 394 190 201 189 
12.08 8.75 3.56 2.5700 3.7300 -1.5200 1.6589 0.0311 -0.7989 7.03 5.61 3.90 153 394 193 202 188 
10.88 7.37 6.40 3.0100 1.4700 0.7100 1.5067 0.2300 1.4856 7.45 5.63 2.98 153 398 196 203 190 
8.05 6.05 4.63 -0.4700 1.9400 2.0600 1.0856 0.0333 2.6378 9.03 3.03 2.31 147 395 193 203 188 
5.90 3.13 5.14 -3.3300 1.6000 2.9900 -0.9856 0.5522 1.4322 9.35 0.42 2.91 152 391 193 203 188 
6.01 0.62 3.11 -4.4400 1.4100 0.2400 -3.0044 -0.3189 0.0167 9.47 -1.43 2.09 147 395 194 204 192 
7.33 0.00 -0.63 -4.3600 0.3300 -3.3900 -1.5100 -1.4467 -1.5344 9.77 0.01 0.80 147 397 193 205 194 
10.70 3.06 -1.69 0.3400 0.7100 -2.8300 0.5189 -0.2789 -1.8833 9.25 3.07 1.02 147 400 193 207 193 
11.73 5.22 1.43 2.1400 1.1900 0.4800 1.2289 0.0244 -0.2078 8.86 4.18 0.23 147 398 195 207 193 
9.04 4.00 0.85 1.3300 0.3700 2.0900 1.1233 0.3533 -0.3689 8.73 4.40 -0.63 149 401 195 208 192 
;
