1.17 7.39 6.31 -0.0400 0.0300 0.0000 0.0156 0.0200 0.0033 1.25 7.40 6.30 164 379 363 405 210 
1.19 7.78 7.66 0.3300 0.3900 0.9200 -0.6644 0.0778 -0.5900 0.75 7.12 6.69 164 367 353 396 212 
-4.35 9.32 10.71 -4.5700 4.7000 7.5300 -1.1367 -6.2944 1.4078 4.19 6.47 6.05 163 305 290 331 211 
10.32 6.58 4.49 4.4500 2.3700 -2.5100 -0.1111 -4.2711 1.6967 8.76 3.32 2.88 160 291 253 305 207 
7.12 -0.08 -8.36 -4.6900 -2.2400 -9.5200 3.3889 -0.7822 3.6611 9.71 -1.00 0.92 116 307 159 183 171 
2.89 3.53 3.80 -6.1100 5.5700 2.3300 4.3722 0.1344 0.5700 9.38 -1.90 2.09 100 355 172 189 170 
9.84 1.03 2.63 0.5000 2.4200 1.0800 0.1689 -0.3056 0.3144 9.32 -1.72 2.51 93 364 172 189 167 
10.08 0.57 2.15 0.6900 2.3200 0.1000 0.0333 -0.0922 -0.7867 9.48 -0.56 2.43 94 370 175 189 168 
8.50 2.41 0.81 -1.1300 2.5000 -1.8700 -1.3056 0.1222 -0.8611 9.44 0.36 2.59 102 378 182 194 169 
11.28 1.99 -0.87 2.3400 0.8500 -4.5400 1.9089 -2.1156 3.4433 9.58 -0.48 2.02 110 363 180 190 169 
3.30 -6.69 5.59 -3.4300 -4.5100 3.5100 -1.7889 -0.0400 0.2867 9.22 -1.84 2.76 110 365 180 196 169 
8.97 -1.52 3.39 -0.1700 1.3100 1.3100 -1.6700 0.7056 0.0378 9.04 -2.31 3.00 153 359 196 191 180 
13.80 -1.79 7.29 6.0000 -0.0600 0.9800 -2.5122 4.0567 -0.6833 5.59 -2.90 7.50 167 325 293 347 201 
5.84 -2.24 9.55 1.7500 2.9800 0.0100 -4.8011 5.4789 -0.1444 0.68 -8.17 5.37 169 377 337 380 204 
1.74 -7.70 -4.58 2.1600 1.5800 -7.7700 -0.1522 -0.1322 0.3033 1.42 -9.34 2.61 169 387 345 384 205 
1.44 -8.52 -4.57 1.3500 0.5300 -9.5000 1.6767 -3.1000 -0.0256 2.06 -8.95 3.43 166 383 344 383 205 
7.29 0.70 -3.89 5.8200 11.2200 -8.2400 7.8411 -2.0156 0.2356 4.05 -2.33 8.61 163 384 344 387 209 
4.02 15.67 11.58 1.9000 13.6200 7.3400 4.5656 2.0167 0.6733 2.59 5.20 7.89 166 376 329 393 211 
1.89 8.22 12.83 -1.9800 1.7300 3.5600 -0.4044 -1.1333 -0.2789 3.72 5.46 7.24 167 369 359 402 217 
3.47 6.69 7.78 -0.5500 1.5000 0.2900 -0.2444 -2.0811 0.5833 5.00 5.03 6.75 167 312 336 360 211 
7.65 7.35 5.82 1.4700 2.3100 1.1000 2.6700 -1.6011 0.6511 6.92 5.57 4.14 169 248 253 254 199 
10.88 4.06 2.57 1.3100 -1.4900 1.9100 -0.6022 -0.6722 4.5211 9.44 2.50 0.81 172 173 177 175 140 
-0.58 0.07 3.60 -9.8000 2.2600 3.3000 -4.1556 1.6300 0.0133 9.51 -1.87 1.45 193 155 153 166 131 
8.40 0.74 -3.30 -0.1400 2.5000 -4.0500 -1.8833 -1.5911 -2.0622 9.79 0.28 -0.44 195 162 162 171 135 
13.15 1.72 -1.92 2.6700 0.6700 -0.0100 0.4111 0.2444 -0.0844 9.71 0.84 -1.00 197 166 166 175 136 
;
