0.51 5.82 7.96 0.0900 -0.1100 0.0300 -0.0078 0.0044 -0.0144 0.31 5.90 7.82 167 379 374 416 217 
-3.35 4.71 10.56 -2.3200 -1.0400 0.4900 -1.9133 -1.5944 -0.9589 0.92 4.05 8.88 160 283 276 306 215 
9.20 4.55 7.23 7.3900 2.0400 6.0700 0.1789 -8.0044 1.0089 8.23 4.99 1.81 159 282 245 249 205 
10.27 3.98 -7.79 -0.7900 2.6800 -8.1200 2.6522 -0.0833 4.2144 9.78 0.32 0.58 111 311 155 176 165 
3.33 2.57 -1.24 -4.9500 5.4800 0.5000 5.3878 0.9722 0.3478 9.34 -2.50 1.60 110 371 184 186 175 
6.68 2.41 3.53 -1.4500 3.3200 0.0600 0.8744 -0.6811 -0.0511 9.44 -1.13 2.37 110 381 191 194 179 
10.02 0.91 1.99 1.6700 1.8700 -0.7800 -0.8244 0.4889 -0.5078 9.49 -0.78 2.33 113 385 194 196 181 
10.24 3.81 1.23 -0.5100 2.7500 -3.2300 -2.8033 2.4300 -0.1767 8.22 -1.12 5.22 115 383 193 201 181 
8.04 -3.79 4.31 -3.7600 0.2900 1.3900 -1.9822 -0.3056 4.0422 6.57 -6.58 3.09 117 343 194 201 182 
8.01 -8.50 2.90 1.7600 -1.6200 0.1000 -0.5033 1.1311 -1.5656 7.18 -5.94 3.02 121 349 198 204 183 
5.95 -2.89 5.01 -1.2800 3.0900 0.4800 -5.3511 5.8289 -1.8800 5.60 -6.66 4.50 161 332 314 351 205 
7.54 -7.07 3.46 0.6800 0.9600 -1.2700 -3.5833 0.3911 -0.4489 4.26 -8.61 1.92 169 371 361 404 220 
5.21 -7.10 -11.05 -0.7100 3.4100 -13.0000 3.0511 -1.0056 -0.5533 4.75 -8.37 1.82 167 378 343 416 226 
7.04 3.82 26.99 -3.8500 7.0300 27.5400 2.2511 -0.2022 0.3822 5.09 -4.42 7.11 166 375 369 410 229 
8.57 -2.17 10.34 3.1900 4.0100 2.5200 -4.7278 0.8967 -0.2678 5.55 -6.93 4.15 165 383 367 423 226 
5.32 -3.11 -6.62 -0.6600 5.5400 -8.1200 -3.7578 0.7056 0.2867 5.08 -8.35 -0.71 169 388 369 426 225 
4.20 -5.41 -7.32 -0.9000 1.6600 -6.5900 4.0267 -1.3878 -0.3856 5.68 -7.96 0.68 164 363 357 392 224 
12.71 2.18 14.68 3.5900 7.0400 16.2400 3.9522 0.2278 0.5556 6.09 -4.80 5.99 165 364 363 391 226 
5.22 -4.49 6.12 -0.6400 0.6800 0.4000 -1.0056 -0.4056 -0.6633 6.68 -5.24 4.89 164 338 349 339 216 
11.55 -5.20 2.60 2.8300 0.0500 -2.2400 -3.3622 0.3167 1.4456 6.24 -6.93 3.00 165 220 216 219 159 
6.30 -6.36 -2.53 -1.5400 2.6400 -2.3000 1.1233 -2.1989 2.6267 3.53 -9.11 0.72 149 199 188 200 137 
2.92 -9.51 1.89 0.7100 -0.2000 2.2000 0.5744 -2.5467 0.6967 2.22 -9.55 0.05 149 202 193 207 143 
3.87 -9.64 2.36 0.3200 -0.2700 1.8200 -0.1856 0.3922 0.1878 2.06 -9.56 -0.56 151 208 195 210 146 
2.18 -9.61 0.60 -0.1200 0.0300 1.0500 -0.4700 -0.1733 -0.0267 2.15 -9.51 -0.97 150 212 199 213 149 
-1.64 -8.79 -4.22 -3.9100 0.6700 -1.4800 -0.7811 -5.3100 -3.7033 3.91 -7.83 -4.41 155 219 198 217 154 
3.92 -1.64 -10.90 2.4300 5.1500 -3.9500 -1.0711 -2.6289 -2.1867 2.14 -5.84 -7.57 156 221 198 220 158 
4.03 -6.10 -8.09 1.6400 0.2400 -0.5000 1.4722 -0.5378 -0.7889 1.91 -6.83 -6.76 157 225 211 224 171 
3.81 -6.00 -3.19 2.2200 1.0000 3.9000 -0.3067 1.0633 -0.1689 2.25 -7.52 -5.86 156 226 213 227 173 
2.96 -7.07 -5.99 2.1500 1.3100 1.0800 -0.4144 1.1278 0.5433 2.51 -7.32 -6.02 161 227 216 229 173 
5.64 0.36 -0.92 -1.2200 6.2200 2.9300 -3.1111 11.0378 -2.3444 8.74 -4.22 -1.36 160 232 243 246 191 
15.11 4.02 11.39 11.2200 3.8400 5.6000 2.0144 6.8378 -2.6389 3.75 2.93 8.57 164 346 341 397 210 
1.95 8.64 10.29 3.1900 5.6200 0.8200 0.9800 3.4222 -0.0656 -0.73 6.38 7.40 152 410 374 434 217 
;
