0.17 7.66 6.17 0.1200 0.0100 0.1000 -0.2633 0.1133 -0.1844 0.08 7.53 6.27 182 399 387 431 222 
-0.47 7.17 6.79 -0.2100 -0.1400 0.2500 -0.2367 0.0467 -0.2300 -0.31 7.19 6.65 179 394 382 425 226 
-0.72 6.98 6.66 -0.1200 0.0000 0.0200 -0.2433 0.0156 -0.1656 -0.47 6.98 6.86 180 389 380 420 226 
-1.08 6.89 7.82 -1.3100 0.3400 1.0900 -0.8211 -1.2022 -0.0889 0.02 6.34 7.47 180 376 339 384 227 
8.32 6.47 10.22 6.0800 2.5400 4.5900 -1.6933 -6.5867 1.6878 7.44 2.91 5.68 154 357 195 214 195 
11.53 2.01 -3.97 -1.6200 1.0200 -4.8900 5.5311 -1.8433 3.9444 9.60 -1.98 -0.14 120 373 194 206 190 
3.47 1.73 2.08 -4.5300 4.6700 1.6700 2.6067 1.0933 -0.5411 9.16 -2.70 2.21 119 391 195 205 185 
8.61 0.17 2.44 -0.7100 1.5700 -0.5300 0.9967 0.1956 -0.7311 9.22 -1.13 3.12 121 395 200 207 187 
9.52 1.42 2.75 0.4900 2.0700 -0.4600 -0.8111 0.4333 -0.6333 9.18 -0.40 3.42 121 394 204 210 190 
8.66 2.20 2.82 -0.5500 2.5200 -1.8500 -1.5533 1.1256 -0.0100 8.39 -0.92 4.98 124 394 206 211 191 
6.91 -3.79 3.93 -2.4500 -0.7800 1.5000 -1.4711 -0.0078 1.6122 7.82 -3.78 4.53 128 356 206 214 193 
5.92 -5.99 6.24 -1.1400 -1.4300 1.3100 -0.8822 0.0667 0.0878 7.33 -4.69 4.51 130 354 209 215 193 
7.39 -5.07 5.21 0.7000 -0.3400 0.5900 -1.7722 2.7222 -1.2122 6.67 -4.88 5.27 172 311 197 205 195 
4.90 -9.37 3.88 1.9600 -4.0800 -1.9800 1.4489 2.2067 0.4356 3.90 -5.04 7.45 156 189 173 183 171 
2.98 -1.44 7.84 0.2000 2.9900 -0.9900 1.6467 -0.1644 1.5700 2.69 -3.93 8.56 133 202 169 184 167 
0.77 -1.71 9.55 -2.1000 1.4600 0.6600 0.3056 -0.9289 0.7011 2.98 -3.33 8.72 134 231 171 187 170 
2.74 -2.74 8.75 -0.4300 0.8900 0.1300 0.0878 0.1944 -0.3033 3.33 -3.32 8.60 138 240 173 188 173 
2.86 -1.13 9.68 -0.2300 2.5900 1.3500 -0.4767 0.1311 -1.1233 3.63 -3.18 8.53 141 245 174 188 174 
9.85 2.77 9.79 6.3400 6.0600 1.4500 -1.6256 0.9156 -1.2289 3.57 -3.86 8.27 144 252 176 191 175 
-1.72 -11.90 1.55 -3.2600 -5.9800 -4.5200 -0.4644 -0.1478 -1.3356 3.87 -5.22 7.34 143 250 178 191 176 
3.82 -5.75 7.67 -0.6100 -0.7000 0.0000 -0.1367 -0.2689 0.2456 4.06 -5.28 7.19 142 254 177 191 176 
;
