-0.36 5.85 7.87 -0.1600 0.0500 0.0000 0.0200 -0.0956 0.0978 -0.21 5.82 7.88 169 362 365 404 208 
-0.37 5.84 7.91 -0.1500 0.0400 0.0300 -0.0333 -0.0533 0.0400 -0.21 5.79 7.90 169 361 366 404 210 
-1.20 5.77 8.58 -1.1400 0.0000 0.7900 -0.1922 -2.1000 0.6678 1.07 5.88 7.77 168 336 353 391 211 
4.93 6.74 13.00 -1.1200 1.2600 4.9800 -0.4500 -6.2778 2.1744 7.45 4.49 4.52 167 317 187 197 173 
14.01 4.25 -2.31 1.3800 0.8100 -4.4200 2.5711 -1.9811 3.9011 9.80 -0.23 -0.21 113 329 146 181 156 
3.73 -0.70 -3.68 -6.3100 2.9800 -2.8200 5.0267 0.2211 1.5822 9.07 -3.54 1.07 111 357 170 183 152 
5.43 0.30 3.26 -3.0000 2.9300 0.7200 1.2122 0.4611 -0.2211 8.85 -2.99 2.97 109 368 171 188 152 
9.15 -0.83 2.47 1.1200 1.9600 -0.4600 0.4633 0.3989 -0.3600 8.90 -2.27 3.43 96 371 169 188 150 
9.79 0.36 2.60 1.2700 2.4000 -1.4800 -0.6967 0.2100 -0.3878 8.90 -1.99 3.58 105 377 175 189 152 
10.05 1.75 2.48 1.1700 3.3300 -2.0500 -1.8967 -0.1322 1.0422 8.66 -3.17 3.33 108 320 177 190 153 
6.11 -6.94 2.82 -2.0400 -2.9000 -0.3200 -2.0156 0.6567 -0.1433 8.07 -4.90 2.62 110 354 179 191 154 
7.62 -7.17 2.35 -0.2900 -1.5000 -0.2500 -0.0978 0.3644 -0.3878 8.34 -4.38 2.69 113 358 178 196 157 
10.51 -2.26 2.88 2.1000 1.4800 -1.0400 -3.3556 1.9567 0.5489 7.40 -5.49 3.33 152 292 210 222 180 
5.48 -3.13 5.25 -0.0900 2.7700 1.3600 -3.7211 5.0778 0.4100 2.78 -8.29 4.43 159 329 307 339 195 
1.91 -9.32 0.95 -0.6800 1.2000 0.4600 -2.3333 2.3900 0.5533 0.89 -9.63 1.56 163 380 356 386 201 
-0.88 -9.53 -3.37 -0.0800 -0.1800 -4.1600 -0.7911 -0.0956 -0.3900 1.46 -9.69 0.11 161 387 358 391 203 
2.87 -8.40 -4.65 1.0700 1.0800 -5.8500 2.8022 -1.7733 -0.5378 2.27 -9.36 1.84 159 386 359 399 203 
5.86 -3.14 2.30 -0.7700 6.1100 -4.1000 6.8244 -3.3089 1.2622 2.98 -5.11 7.81 162 390 367 405 205 
6.44 5.98 10.78 -0.4600 7.5700 3.1800 2.8578 0.1544 1.1700 2.68 1.14 9.36 162 392 367 405 206 
1.06 7.64 14.11 -0.9900 3.8600 4.9900 0.7511 -0.4167 0.0467 2.96 3.37 8.71 161 393 371 407 207 
2.27 5.29 11.52 -1.7400 2.2600 2.8100 -0.8289 -0.3222 -0.7100 2.99 3.21 8.76 164 395 366 400 206 
0.14 6.92 12.90 -2.2700 4.7200 2.6600 -2.2422 0.0956 -1.7422 2.79 1.31 9.30 167 290 282 272 200 
1.21 1.80 9.80 0.2900 2.3000 0.3100 -2.8022 3.5689 -3.7256 -0.52 -1.84 9.61 167 198 171 194 178 
5.47 -2.32 7.33 8.2900 1.9900 -0.2800 -2.1633 2.0622 -0.2322 -4.32 -5.02 7.22 188 167 151 179 155 
2.34 -3.26 2.73 6.3400 2.5600 -2.6600 0.2033 1.0089 3.7278 -7.23 -3.29 5.73 192 174 172 187 157 
-4.48 6.49 5.11 0.4700 7.1500 1.2300 0.2411 0.2978 5.3811 -7.72 3.29 5.05 193 181 174 187 159 
-14.39 7.13 5.43 -6.6700 2.1700 0.2900 -0.4100 -0.4344 -0.4033 -6.58 4.57 5.64 190 181 177 189 160 
-5.48 5.33 5.64 1.0000 0.4200 -0.3100 0.1989 -0.0578 -0.3022 -6.85 4.17 5.63 192 185 177 190 161 
-5.94 4.69 5.72 0.6200 0.4100 -0.1300 0.0622 0.1044 -0.1089 -6.92 4.13 5.56 191 183 180 192 162 
;
