1.10 7.49 6.22 -0.0400 0.0100 0.0100 -0.0589 0.0633 -0.0333 1.10 7.46 6.26 178 401 391 438 224 
0.59 7.64 6.75 -0.3000 0.1200 0.3500 -0.5833 -0.2833 -0.0411 1.13 7.16 6.59 175 351 369 416 224 
-0.06 7.17 8.68 -4.0100 -0.1400 3.2200 0.8889 -5.5578 0.0967 4.00 7.00 5.58 173 337 302 335 228 
12.50 10.73 2.81 5.1300 5.1200 0.8000 0.6922 -1.0978 2.6678 7.93 5.48 1.78 161 284 175 196 182 
8.91 5.69 -5.68 -2.4700 2.8400 -6.6800 3.7344 2.4167 3.9678 9.63 0.90 1.61 120 330 181 198 165 
2.21 2.24 2.27 -7.9000 3.0700 0.7800 3.6133 1.0633 0.5078 9.41 -0.22 2.73 128 376 184 208 173 
7.70 0.89 2.75 -1.2800 1.5900 0.1400 0.1378 0.1856 0.0500 9.36 -0.73 2.80 127 386 189 209 175 
9.66 3.60 3.40 1.2500 3.9100 -0.2700 -1.5033 0.4611 -0.5733 9.30 -0.36 3.07 128 390 193 210 174 
8.85 2.49 2.05 0.8600 2.7000 -1.3000 -1.4467 0.1500 -0.1344 9.02 -0.52 3.79 131 325 194 213 175 
5.38 -5.21 3.10 -4.7800 -2.2900 0.9200 -1.5444 1.1511 1.4033 8.03 -5.07 2.42 133 351 196 215 175 
6.99 -6.12 3.95 -0.8600 -0.7600 1.3800 -0.4856 0.5700 -1.0544 8.28 -4.53 2.64 136 363 197 218 178 
3.17 -3.79 3.16 -5.9800 0.3400 -0.0700 -2.3633 -0.9567 -0.1522 8.54 -4.43 1.85 157 365 202 221 179 
7.41 -4.89 -4.53 1.5500 -0.7700 -4.5700 -1.4289 -0.3022 -0.5144 9.07 -3.68 -0.56 144 377 194 204 158 
10.20 -4.83 -0.50 1.9300 1.3800 1.8000 0.2367 -2.9900 2.0900 6.68 -6.29 -3.44 130 389 196 208 159 
8.52 -5.78 -4.75 3.0500 1.1300 0.0800 1.5967 -0.9167 0.2822 5.32 -7.19 -4.00 117 403 202 209 160 
5.07 -6.64 -0.37 -8.7000 3.8300 -0.0500 1.3911 -0.0344 -1.2467 5.39 -8.10 -1.13 131 385 208 219 168 
6.26 -7.41 -4.71 0.7400 -0.5400 -2.7900 -1.3667 -0.1922 -0.3111 5.43 -7.13 -3.96 129 399 205 215 165 
4.24 -1.39 -4.06 -9.8200 8.4600 12.0500 -0.4222 -1.8589 -0.6667 5.77 -7.90 -0.57 129 369 202 217 167 
10.42 -5.74 3.53 3.2700 1.8300 4.5600 -3.6644 3.8800 -2.1511 7.16 -6.64 -0.78 154 318 276 264 178 
13.49 -4.49 3.66 7.4900 3.0100 1.1300 -6.6100 9.1589 0.0889 6.66 -5.94 4.04 157 300 314 344 199 
5.40 -1.62 3.07 2.4700 6.2800 -0.5000 -4.9478 3.0644 1.0144 1.86 -9.58 0.94 173 331 315 344 197 
2.37 -7.69 -4.99 1.2900 1.6100 -3.4000 0.2567 -1.3100 -0.1167 1.43 -9.55 -1.70 163 329 308 334 200 
-1.03 -11.19 -6.81 -1.2500 -1.4500 -5.9500 0.2700 0.8433 -0.3711 1.72 -9.57 -1.23 168 316 303 320 200 
0.08 -4.50 1.53 -9.0900 11.2600 6.0500 3.8322 -1.1167 0.0689 2.33 -7.06 6.38 174 323 304 329 202 
3.03 -6.06 7.31 0.7000 1.7200 1.4600 -2.7678 -0.8944 0.4344 2.53 -8.75 3.60 175 323 298 327 201 
1.71 -9.36 -2.70 -1.2700 -0.0700 -3.6600 -1.6800 -0.9633 0.2311 2.20 -9.55 0.24 172 312 289 311 198 
2.57 -9.39 -3.25 0.3900 -0.2900 -3.1700 0.4922 0.2211 -0.4078 2.60 -9.45 0.12 174 310 284 299 196 
2.67 -8.78 -6.82 0.1700 1.4300 -7.6700 0.6789 0.9311 -0.2822 2.85 -9.36 0.64 173 309 281 298 194 
5.14 5.92 24.87 2.3000 12.1600 16.0300 -0.4978 1.4167 0.2511 2.66 -6.67 6.67 172 318 288 310 197 
1.91 -5.30 8.11 -0.3400 1.4400 1.8300 -1.3178 -0.5789 0.0956 2.77 -7.68 5.42 175 317 286 305 197 
2.41 -8.37 0.90 -0.9400 0.3100 -2.3900 -2.0689 -1.3044 1.1244 2.59 -9.15 2.38 156 292 265 274 189 
1.34 -10.41 -3.34 -1.5900 -0.8600 -4.3800 0.6656 -0.5400 -0.0789 2.40 -9.44 1.12 156 298 268 283 191 
2.17 -4.09 -3.99 -0.7700 4.8900 -7.2100 5.1822 -0.2100 -0.7622 3.35 -7.53 5.30 156 287 265 282 194 
;
