-2.01 4.78 8.25 -0.1000 -0.0300 -0.0300 0.0044 0.0067 0.0000 -1.90 4.81 8.32 143 349 346 387 211 
-2.16 4.76 8.34 -0.2600 -0.1200 -0.1500 -0.0511 -0.1256 0.0700 -1.82 4.79 8.35 144 342 345 379 209 
-7.21 2.96 12.55 -2.3000 -0.3200 4.7500 0.5767 -9.5422 -0.3922 4.60 4.92 7.11 150 305 252 254 202 
13.34 7.01 1.48 3.8100 2.4400 -2.0900 0.6067 -1.5856 3.6644 9.37 2.33 1.68 157 298 156 168 168 
8.05 5.07 -7.17 -2.5300 4.0400 -1.7800 3.7889 2.3900 2.1033 9.56 -2.11 0.49 118 338 159 179 157 
4.40 0.26 2.08 -4.7600 3.6500 0.8100 3.7856 -1.8333 0.9922 8.95 -3.70 1.52 119 376 166 185 159 
8.66 -1.03 1.85 0.7100 2.0700 -0.7600 1.1044 -0.5567 0.0633 9.11 -3.30 1.49 110 376 168 185 158 
8.62 -2.50 1.94 -0.3700 0.8800 0.4900 0.3156 0.0700 -0.2689 9.20 -2.92 1.70 105 380 177 189 159 
9.46 -0.95 1.22 -0.0500 1.5600 -0.9200 -0.4089 0.6944 -0.5044 9.20 -2.38 2.37 120 386 178 191 162 
11.05 0.41 0.73 2.2600 2.6600 -2.0000 -1.2489 0.1100 1.0544 8.97 -3.16 2.38 122 373 179 192 161 
3.77 -6.89 2.58 -4.5300 -2.1500 0.8700 -1.4089 0.8122 0.3411 8.04 -5.33 1.73 123 376 184 193 160 
7.24 -6.42 1.13 -0.6600 -0.9600 -0.2100 -0.5600 0.4511 -0.7289 8.32 -4.95 1.51 137 371 184 195 162 
10.97 -2.61 1.53 5.1200 3.1200 -1.0600 -5.3600 4.0078 -1.8089 8.60 -4.17 2.18 153 275 208 219 175 
4.34 -5.53 5.44 -1.1200 0.8600 0.5800 -3.2111 3.6000 1.4856 3.44 -7.65 5.06 162 329 307 332 196 
1.03 -5.79 4.53 -0.6200 0.6000 -1.6000 -3.5944 0.9111 0.1667 2.16 -9.52 0.86 174 361 331 361 199 
2.92 -9.05 -2.04 0.5700 0.4800 -1.5900 1.2967 0.4522 -0.3678 2.73 -9.38 0.74 175 365 335 371 200 
2.34 -9.41 -2.33 -1.0700 1.0800 -5.3800 2.0111 -0.6944 0.1067 2.72 -9.11 2.36 168 354 350 374 204 
3.18 -0.66 -1.57 -0.4700 6.8700 -6.5000 6.9289 -1.4344 0.1422 3.58 -5.44 7.32 169 357 354 376 204 
-1.77 6.31 16.02 -2.4200 5.3800 6.0900 3.6189 -2.6811 0.2622 3.90 1.52 8.86 166 362 356 379 203 
3.34 3.86 11.61 -1.5700 0.9200 2.1000 0.3456 -0.1711 0.1433 3.77 2.73 8.62 164 363 356 388 205 
3.23 3.50 9.23 0.3700 0.6200 0.3400 -0.0878 -0.3056 -0.0767 3.96 2.78 8.52 161 369 338 385 205 
1.98 4.07 11.81 -1.2100 2.1600 6.1400 0.3589 -4.6833 -0.3433 6.99 3.07 6.14 160 360 334 370 205 
13.22 4.64 3.23 3.4100 1.7800 -1.8400 -2.1856 -1.8667 1.7056 9.46 1.03 2.34 163 332 326 374 207 
7.90 -1.30 -4.88 -4.6600 -0.5600 -4.8700 2.8256 -1.7278 2.3289 9.46 -2.47 -0.67 166 370 335 402 205 
4.75 -1.66 0.33 -2.7300 2.5800 0.2100 1.7178 -0.0122 0.2589 9.06 -3.61 0.95 165 375 339 407 206 
9.46 -0.97 1.47 0.8200 2.4300 0.5000 0.4533 -0.1600 0.2367 8.98 -3.78 1.02 167 368 344 406 207 
10.07 -1.75 2.18 0.2200 1.6400 -0.0300 -0.4978 0.5200 -0.2411 9.02 -3.61 1.27 169 362 336 397 209 
8.95 1.08 1.39 -0.5400 4.5900 -0.0400 -1.6022 0.1189 0.1989 8.95 -3.81 1.14 170 329 323 380 213 
9.19 -4.19 -0.84 3.0200 0.3400 -0.6900 -3.5044 2.4978 1.3800 8.31 -5.18 -0.36 176 275 281 349 211 
8.09 -6.61 -4.23 -0.6900 -1.7600 -2.6700 -1.4189 0.5733 -0.1300 8.44 -4.68 -1.69 175 265 292 360 214 
9.16 -5.38 -3.29 0.2900 -0.7400 -0.8100 0.2856 0.0456 0.1467 8.45 -4.60 -1.85 176 273 299 363 214 
8.68 -4.06 -0.83 0.3200 0.6800 0.6600 0.1900 0.2011 -0.1044 8.49 -4.66 -1.50 175 278 300 364 214 
7.86 -4.16 -0.99 -0.5300 0.5400 0.3900 0.1667 -0.0944 -0.0567 8.55 -4.60 -1.36 174 278 301 367 212 
8.14 -3.96 -0.85 -0.5000 0.5300 0.3300 0.0700 -0.0200 -0.0100 8.61 -4.51 -1.21 176 279 303 368 213 
;
