0.15 4.08 8.84 -0.5800 0.3300 -0.0500 -0.0256 -0.3367 -0.0611 1.56 3.89 8.86 148 284 298 299 195 
0.32 3.79 9.16 -1.9500 -0.4900 0.7900 1.3733 -1.0611 0.1222 2.15 4.99 8.16 156 309 295 323 202 
13.00 12.55 10.72 13.0300 8.0700 0.9800 1.3356 -6.2956 3.8944 7.76 5.31 2.77 158 346 181 206 196 
5.59 5.91 -10.41 -6.6100 4.4400 -8.9200 6.8711 -0.0733 5.0478 9.57 -1.69 1.30 127 386 188 201 190 
2.42 6.11 3.29 -6.3900 7.9800 0.7300 5.6733 1.1089 0.1300 8.57 -0.73 4.69 128 399 191 204 192 
7.77 4.32 4.33 -0.0900 3.6800 -0.6800 0.7911 -0.2622 0.1800 8.53 0.87 4.75 121 402 195 204 192 
8.60 3.89 3.45 -1.4100 3.8800 0.4300 -1.0433 0.5367 -1.1033 8.36 0.87 5.04 120 408 197 203 192 
10.26 5.79 1.14 2.5600 4.3100 -4.4600 -1.7311 0.5267 -0.3900 7.80 0.48 5.91 122 384 194 203 190 
4.16 -5.36 5.82 -5.2300 -6.2100 0.9500 -2.7222 0.8522 0.1144 7.54 -3.11 5.43 123 387 196 202 186 
6.66 -5.63 4.64 -0.1100 -1.1300 0.2200 -0.2633 0.2667 -0.3622 7.52 -3.01 5.51 129 380 194 205 188 
16.12 -2.20 4.55 6.3500 1.8500 -4.4400 -4.7389 8.2089 0.8578 3.24 -6.43 6.65 147 294 273 290 196 
-3.80 -7.35 2.90 -3.8000 1.1400 1.5400 -3.0278 0.1133 0.0033 -0.75 -9.72 0.97 163 373 333 398 203 
2.14 -10.11 -3.36 1.2400 -0.7500 -3.3600 -0.3189 -0.9011 -0.5722 0.20 -9.69 -1.46 164 378 349 407 205 
0.04 -8.69 -2.82 -0.1200 1.1700 -2.0700 0.6944 -0.3500 -0.5100 0.61 -9.76 -0.70 159 374 342 394 206 
3.25 -2.40 -6.53 0.0300 7.3700 -10.1100 5.6733 -4.8811 -0.7678 2.58 -8.23 4.65 154 371 359 406 206 
13.75 8.70 9.37 -1.7300 12.3100 -1.7500 6.6978 -1.6433 -0.0600 4.56 -0.62 8.65 157 374 363 410 206 
3.21 7.32 16.76 -2.3800 4.5300 6.7500 0.3867 -0.2433 -0.2122 4.35 2.85 8.30 157 379 365 416 210 
;
