-3.33 4.63 5.17 0.2300 -1.5700 -2.1100 -1.6133 -0.8689 0.5967 -3.15 5.18 7.70 163 322 325 330 201 
-4.14 6.41 9.04 -3.3100 2.1500 6.4100 -0.6567 2.0022 -0.9656 -3.24 5.31 7.57 158 319 327 355 204 
-7.25 5.05 9.95 -5.5000 0.9100 3.8900 -0.6289 -6.9156 0.1278 1.67 5.18 8.15 160 303 277 284 194 
10.86 6.75 6.80 6.3400 1.9100 -0.9200 1.2389 -5.1900 2.7367 8.08 3.52 4.27 164 300 210 220 173 
7.35 0.19 -4.97 -4.0700 0.8800 -3.8900 2.7300 -2.8644 4.2678 9.52 -2.27 0.52 128 324 165 184 138 
2.68 -0.43 2.51 -2.8900 3.1900 0.8900 3.0956 0.0344 0.4744 8.76 -3.38 2.80 107 368 175 185 140 
8.28 0.40 4.73 -0.4500 2.8900 -0.1800 2.6744 -1.5233 0.6800 8.89 -2.48 3.30 107 377 183 188 141 
9.05 -1.32 2.72 0.8200 1.0900 -1.4500 -0.3244 -0.1344 0.0767 8.94 -2.15 3.38 110 380 186 192 142 
9.48 0.01 3.17 0.6600 2.1400 -0.5900 -0.7600 0.9578 -0.5811 8.74 -1.86 4.03 115 383 186 197 144 
8.68 -0.79 2.71 -0.2200 0.8200 -1.4800 -1.2444 0.6133 0.0911 8.36 -2.23 4.60 116 388 188 198 144 
6.19 -3.83 4.65 -2.9700 -0.5900 0.5600 -1.2656 0.6411 0.8133 7.66 -4.50 4.14 118 382 190 197 144 
6.25 -5.88 5.76 -1.3900 -0.5200 1.8300 -1.7289 0.5167 -0.6344 7.64 -5.01 3.54 138 364 173 207 152 
11.91 -3.89 4.32 4.8600 0.7400 -0.4900 -3.5922 5.6422 -1.7800 6.42 -4.79 5.64 153 293 270 290 187 
2.55 -4.93 6.02 -2.1000 1.1800 -2.1800 -4.4489 2.7144 -0.5356 2.36 -8.71 3.82 166 349 330 368 197 
1.16 -8.62 -1.80 -2.0300 0.4100 -3.4700 -0.2867 -0.0056 -0.1500 1.93 -9.55 1.06 169 363 352 382 198 
5.47 -8.24 -5.45 2.3000 1.1800 -7.0000 2.1989 -0.9778 0.1611 2.55 -9.24 2.03 166 358 352 385 200 
4.23 1.58 1.30 0.6800 9.0400 -4.9100 6.8478 -1.5456 0.7967 3.57 -4.35 8.02 166 357 353 383 201 
4.94 6.41 15.08 1.1600 6.0400 4.1000 3.9211 0.8200 0.8578 3.00 1.83 9.15 166 358 351 383 201 
1.13 6.45 14.20 -2.6800 1.4600 4.5200 -0.1956 -0.0100 0.0078 2.27 3.26 8.96 163 356 360 405 209 
4.06 3.25 8.47 0.7100 0.3400 0.6100 0.2189 0.1389 0.1622 2.63 3.40 8.81 169 354 350 383 208 
3.69 6.99 14.34 -0.6300 4.4800 4.9600 -4.9044 -5.5411 -0.5133 7.17 0.75 6.64 171 342 222 229 182 
9.44 -1.30 -4.14 -0.0800 1.9700 -3.4000 -3.5922 -3.6978 3.7467 7.78 -4.89 -3.41 158 349 182 191 168 
4.35 -5.79 -5.56 -2.5600 1.1900 -0.3400 1.0644 -1.3222 0.2244 5.91 -6.49 -4.36 114 380 170 192 160 
6.40 -6.50 -2.25 0.0600 0.5300 1.8400 0.4656 -0.2167 -0.1156 5.28 -6.83 -4.64 111 386 184 190 158 
6.34 -6.48 -3.24 2.6100 2.5600 1.1800 2.7433 0.7044 -0.4456 5.27 -7.95 -2.25 111 400 194 196 161 
6.74 -8.22 -2.17 1.5400 -0.8300 0.2900 -1.9433 -0.4189 0.3111 5.09 -7.28 -4.14 112 400 196 200 163 
2.97 -5.75 -7.64 -1.5500 0.3900 -2.2000 -0.4856 -0.6911 -0.2778 5.01 -6.25 -5.65 114 402 196 201 164 
5.52 -6.64 -7.81 0.5600 0.1300 -3.0900 2.4456 0.0189 0.2111 5.07 -7.21 -4.29 115 390 198 202 165 
9.04 -6.92 3.49 3.0100 0.9500 3.8400 -0.5100 2.0367 -0.0833 5.39 -7.87 -2.24 119 398 201 201 166 
4.14 -5.42 -0.24 -1.3400 2.3800 2.8900 -1.6767 1.0133 -1.1600 6.47 -6.63 -3.18 123 395 194 208 170 
7.28 -3.00 -2.80 -1.0200 1.6300 -0.9100 -1.3878 5.9822 -4.0022 9.55 -2.15 0.55 153 329 199 209 181 
11.59 7.11 6.21 3.1100 2.2200 0.2100 1.3833 2.7389 -5.3233 5.71 5.02 6.18 167 313 286 303 197 
;
