-0.98 7.54 6.15 -0.1600 0.0400 -0.1300 -0.0856 0.1256 0.0367 -0.47 7.56 6.22 173 410 384 435 219 
-1.71 6.81 6.17 -1.4500 -0.4300 -0.2600 -0.0633 -0.3967 0.1456 -0.28 7.22 6.62 160 405 379 429 219 
-1.15 8.98 11.96 -2.3700 3.0100 7.3800 -0.7633 -5.6944 1.2322 3.27 6.80 6.26 162 325 302 334 214 
19.33 10.80 -8.74 12.6700 6.6000 -6.0000 4.0589 -1.0656 5.4044 9.36 2.36 -1.71 137 308 218 215 163 
-1.25 0.85 -2.49 -10.0100 5.0500 -0.5700 7.7911 1.7411 0.0500 9.36 -2.82 0.64 118 364 211 210 158 
4.47 2.43 2.28 -4.2800 3.0800 -0.9200 1.2111 0.8844 -1.1689 9.29 -0.54 3.08 115 375 215 213 159 
8.45 3.58 3.03 -0.1900 3.1100 -0.8300 -1.1611 0.2033 -0.7044 9.20 0.33 3.36 116 382 216 218 161 
8.52 3.67 1.75 -0.7700 2.8300 -2.2100 -1.1700 0.0456 0.1511 9.09 -0.04 3.67 118 343 212 214 159 
9.05 0.00 8.02 -4.2500 2.7100 5.1400 -1.5100 3.2333 0.0811 8.46 -3.34 3.64 126 346 224 223 167 
8.45 -3.54 4.35 0.0100 0.5600 0.4200 -1.9322 0.3233 -0.3656 8.39 -4.15 2.89 126 347 221 208 145 
6.92 -5.53 0.10 -3.9600 -1.3000 -3.9800 -5.1844 2.2289 -0.6056 8.32 -5.06 1.05 165 353 201 198 138 
11.69 -5.51 0.90 3.9000 0.7400 1.9800 -0.8078 -0.9122 1.4444 7.61 -6.09 -0.96 129 369 212 203 138 
12.65 -5.18 -5.61 7.2800 0.9100 -2.1400 0.0533 -1.5978 0.2944 6.00 -6.64 -3.99 129 380 203 201 136 
4.79 -6.49 -2.64 -2.0400 2.0100 1.1000 4.6378 0.1644 -0.1333 5.33 -8.18 -0.85 136 377 215 206 141 
6.93 -7.26 -0.67 5.3500 0.5500 0.7900 -2.8533 1.2078 0.2178 5.34 -7.41 -3.55 133 376 216 209 142 
7.46 -6.36 -10.08 1.2300 0.2300 -5.0100 3.0833 -0.1089 -0.2344 5.45 -7.51 -3.15 145 363 218 212 147 
10.38 -3.88 4.41 5.6400 1.6200 1.9500 -1.3867 3.5933 -0.9444 6.38 -7.40 -0.78 141 373 225 220 151 
6.51 -5.16 1.93 0.1800 2.4300 4.0100 -1.2878 0.5378 -0.6111 6.80 -6.97 -1.10 163 344 255 249 173 
16.05 -12.65 -4.60 6.5600 -6.1200 -7.5800 0.5667 2.8089 0.0889 8.18 -5.35 -0.61 163 338 330 349 201 
5.27 -3.09 -2.13 -3.1000 3.6900 -4.2100 5.9178 -3.7433 0.0244 8.23 -4.86 2.17 175 388 353 396 215 
5.47 0.74 0.91 -1.9000 4.8700 -1.2000 1.9733 -1.0200 -0.6167 9.02 -2.76 2.64 186 390 358 401 217 
9.90 3.23 3.83 -0.8700 5.3200 1.2300 -0.1167 -0.4278 -0.3800 9.18 -2.05 2.76 190 377 350 395 217 
10.30 5.65 0.28 1.5200 7.2600 -3.0500 -4.7422 -1.8111 0.4300 9.23 -2.60 2.01 190 274 334 325 195 
7.06 -6.32 -1.36 -5.4700 -4.0500 -2.6800 -3.5411 2.4722 -0.5000 8.14 -5.45 0.38 195 272 327 346 222 
6.93 -7.90 -2.37 -0.5200 -1.8400 -1.8900 -0.3267 0.5744 -0.4989 8.47 -4.93 0.07 193 276 328 349 222 
7.05 -3.78 1.46 -2.1600 1.2300 1.0500 0.2500 -0.2489 -0.0222 8.48 -4.89 0.35 193 279 329 337 221 
0.51 -3.66 -2.21 -6.7800 0.6500 -3.4300 -0.2211 1.8589 -2.5522 9.20 -2.50 2.29 187 293 331 323 217 
9.58 3.53 1.31 3.9600 5.3300 -5.0100 2.1400 4.4156 -1.8422 5.74 3.05 7.33 177 313 323 330 207 
;
