2.65 6.24 7.08 -0.0600 0.0100 0.0400 -0.0122 -0.0967 0.0211 2.84 6.23 7.01 157 290 290 303 199 
2.91 6.10 7.06 0.0300 -0.0800 0.0300 0.0467 0.0256 -0.0100 2.84 6.25 6.99 155 291 292 303 198 
2.44 6.25 7.08 -1.1400 -0.2600 0.0900 -0.0111 -0.2367 0.0144 2.95 6.26 6.94 156 294 288 303 198 
8.44 7.92 8.24 6.3200 2.1800 3.2900 0.8011 -3.8244 0.6356 5.78 6.50 4.51 153 309 264 272 197 
14.13 8.67 -8.45 3.2700 4.0600 -6.5600 5.5444 1.2189 3.7778 9.37 2.55 -1.34 154 323 215 220 185 
3.27 5.80 -4.09 -6.7200 5.1600 -1.5800 6.2289 1.8811 -0.0978 9.79 -0.48 0.29 124 367 198 202 150 
8.21 6.58 3.05 -1.6300 5.7300 2.1700 1.4978 0.3578 -0.0533 9.73 -0.05 1.20 111 372 195 203 150 
9.48 2.08 1.63 -0.1300 1.9200 -0.4800 -0.6378 0.2078 -0.2089 9.70 -0.11 1.41 111 372 198 203 151 
10.14 3.84 1.09 0.2700 3.5400 -1.3800 -2.0800 1.2589 0.0222 9.38 -0.14 2.85 119 338 201 206 152 
9.04 -0.56 1.74 -4.3300 1.4500 0.1400 -3.1511 -0.2667 4.2089 7.88 -5.77 0.73 120 283 203 209 149 
5.33 -11.18 -0.72 -2.1400 -5.1000 -2.1100 -1.3889 0.9500 -0.7044 7.34 -6.43 -0.87 122 295 203 212 153 
3.71 -9.20 -0.17 -2.0600 -2.7200 0.4700 -0.3978 -0.3911 -1.1333 8.25 -5.22 -0.87 137 296 236 228 160 
9.05 -6.06 -5.56 -0.3800 -2.0200 -4.8100 2.8644 0.4778 -1.4000 9.26 -3.22 0.19 156 355 323 374 200 
12.74 3.12 -0.53 1.8300 4.5700 0.0400 3.5556 -1.1311 0.2700 9.42 -2.71 0.25 173 397 349 404 204 
10.33 0.79 0.26 0.6000 3.6600 0.9700 0.8622 -0.3367 -0.0678 9.32 -3.02 -0.35 181 399 352 404 205 
10.62 2.85 0.25 1.5300 6.2700 0.3700 -1.7167 0.5078 -0.1711 9.38 -2.80 -0.38 188 391 353 396 206 
9.93 -1.56 -2.62 0.9000 -0.9400 -3.5000 -5.1011 0.7056 0.3822 9.22 -3.30 -0.24 173 261 285 317 198 
3.41 -8.95 -4.90 -5.7000 -5.8200 -3.3900 -1.0178 -0.1756 1.3867 8.33 -4.86 -1.74 177 279 284 338 206 
8.99 -5.61 -2.96 0.4400 -1.3200 -1.5300 0.3133 1.0756 36.0100 8.95 -3.91 -0.76 174 282 292 340 206 
7.85 -3.64 0.41 -1.4800 0.3300 1.0100 0.0233 -0.1044 -0.0478 8.90 -4.05 -0.67 177 285 304 341 207 
4.20 -2.54 -0.15 -4.2100 1.3800 1.1600 -0.9978 0.6778 -1.5733 9.25 -2.98 -1.24 170 302 316 333 205 
6.09 -1.15 2.29 -4.6800 -2.1100 -0.9400 -0.0311 4.3089 -5.8133 7.73 3.11 5.15 169 365 342 384 201 
4.65 11.18 12.91 1.3000 5.9300 4.9400 -0.0178 0.8400 -0.6856 2.69 5.00 7.98 166 319 328 343 199 
2.87 6.15 11.52 -2.4600 -0.4000 2.8900 -1.3967 0.5544 -0.2044 1.53 4.58 8.53 160 294 300 274 186 
;
