-0.55 4.66 8.46 0.1000 -0.2500 0.2100 0.0078 -0.0167 -0.0111 -0.62 4.86 8.49 151 304 296 306 204 
-0.95 4.78 8.41 -0.5400 -0.1700 -0.0500 0.8533 -0.1811 0.0211 -0.35 5.32 8.22 153 322 287 306 206 
3.94 8.24 10.52 1.2500 3.4000 4.8800 1.1144 -10.4300 0.0600 6.70 6.64 2.66 150 316 271 268 204 
11.42 7.67 -3.87 1.6100 3.6600 -3.0500 1.2456 2.2400 3.4789 9.53 1.96 -1.15 152 305 186 187 197 
4.98 -0.97 -7.72 -6.5400 -0.1700 -7.2800 5.2900 -0.0222 2.7333 9.45 -2.58 0.04 107 334 168 169 153 
4.67 2.22 3.26 -3.5000 5.5700 0.9100 3.6111 0.4489 0.2800 8.76 -2.49 3.62 4 364 179 179 164 
8.93 2.68 5.67 1.2500 4.6200 1.6500 0.0278 0.0667 -0.3967 8.86 -1.38 3.95 92 369 181 183 164 
9.62 1.50 3.77 0.4600 2.4700 -0.6100 -1.0822 0.6433 -1.1533 8.74 -0.62 4.38 110 373 181 183 165 
9.40 2.49 2.29 0.6400 2.1900 -3.0500 -1.2067 0.5367 -0.7178 8.35 -0.34 5.12 112 355 177 183 157 
8.88 -0.52 7.01 -3.2500 1.6500 1.5800 -1.7367 2.6733 1.5267 7.42 -3.68 5.23 114 338 185 187 162 
3.52 -5.59 6.52 -1.8700 -0.7800 0.9800 -1.1611 0.2978 -0.5700 6.87 -4.73 5.14 116 339 186 189 163 
6.93 -5.41 6.07 1.3100 0.2000 0.4300 -1.3378 1.4833 -0.6378 6.54 -4.91 5.40 144 341 178 182 155 
4.93 -7.99 5.79 0.0800 -3.8000 -2.3500 -2.1700 2.9322 -0.6267 4.49 -5.54 6.72 132 329 176 177 152 
8.30 -1.38 6.10 3.3100 4.3600 -0.8100 0.9044 0.0067 2.0633 2.88 -5.83 7.33 127 228 175 171 150 
2.05 -2.30 10.22 1.4100 2.5700 3.3100 0.1400 0.9133 0.9800 1.12 -5.93 7.72 128 231 181 176 151 
0.03 -5.10 8.68 0.1300 0.6400 0.9200 -0.0744 -0.7178 0.2078 1.38 -5.94 7.67 129 241 181 176 153 
1.56 -4.11 9.46 1.0200 1.8400 2.4400 -0.1367 0.3089 -0.4778 1.51 -5.85 7.72 130 240 183 177 154 
2.46 -0.27 12.41 2.3200 4.9400 3.9600 -1.1078 0.6644 -1.8756 1.67 -6.04 7.53 129 238 183 181 154 
5.17 -7.50 4.49 3.0700 -1.1700 -3.0100 -1.2311 1.7544 -1.2800 1.45 -7.06 6.64 126 242 184 179 153 
0.64 -10.58 2.60 -1.4500 -3.0400 -3.3400 -0.2711 0.1822 -0.5833 1.85 -7.61 5.89 129 244 181 180 154 
0.54 -8.20 4.66 -1.0300 -0.7100 -1.3500 0.4844 -0.5089 0.0100 1.94 -7.38 6.15 140 270 182 183 157 
1.04 -9.20 4.23 -1.0000 -3.0900 -3.3700 1.7478 3.4578 -1.7300 1.51 -5.41 8.03 167 253 205 196 168 
5.92 -1.57 2.36 1.6800 2.5100 -5.6600 0.3244 7.7333 2.8567 -7.01 -4.02 5.55 170 180 202 194 167 
-10.44 3.98 5.12 0.2700 6.7800 1.8900 0.3133 -0.0144 2.5544 -8.32 0.69 5.12 180 165 178 179 158 
-15.86 4.21 5.76 -9.1500 0.1100 -1.0500 -0.3189 -0.8378 0.2689 -7.95 2.68 5.07 182 161 180 181 157 
-5.58 2.95 4.78 2.2700 0.3800 -0.9600 -0.0400 -0.3589 0.2133 -7.42 2.66 5.82 183 168 185 182 157 
-9.07 3.50 6.30 -0.5700 0.1100 0.3200 0.0578 -0.2833 0.0711 -7.23 2.98 5.91 182 170 185 183 159 
-7.87 2.95 6.04 -0.2900 -0.2500 0.1800 0.1356 0.0322 -0.1567 -7.26 2.97 5.87 181 172 187 184 159 
;
