6.17 5.54 5.19 -0.1500 0.1400 -0.0200 -0.0011 -0.0133 -0.0044 6.32 5.39 5.20 182 338 337 345 210 
3.96 5.52 5.07 -2.6700 -0.0400 -0.4900 0.3944 -2.4533 -0.1411 6.98 5.51 4.11 180 332 320 337 213 
13.85 9.89 7.32 8.2600 4.8000 5.9700 -1.8511 -4.8856 2.2678 8.86 4.12 -0.74 187 339 237 282 212 
10.74 2.67 -8.77 0.4400 1.4700 -6.6500 3.1133 2.0956 2.9567 9.65 -1.11 -1.31 102 354 195 211 162 
-1.48 0.26 -0.69 -10.5000 2.6600 -0.9000 4.9389 -0.6633 0.3200 9.37 -1.74 2.28 107 379 209 218 165 
5.98 6.26 5.98 -0.2400 4.8900 -0.1000 -0.6111 0.0567 -0.6222 9.42 -1.01 2.51 109 381 213 223 168 
11.76 3.22 2.17 3.4100 4.5300 -0.4000 -1.6956 2.2456 -1.2333 8.88 -0.32 4.13 121 387 218 234 173 
5.86 -4.04 1.57 -3.1100 -1.2800 -0.9500 -0.5833 -1.1356 3.6911 8.28 -4.64 2.44 126 330 218 238 172 
4.93 -8.64 4.38 -0.9900 -2.2700 1.2900 -1.2067 0.5967 -1.2478 8.23 -4.67 2.55 133 348 223 244 177 
7.32 -5.19 2.12 -2.1400 -2.3100 -3.2800 -2.4656 6.9044 -4.4544 7.24 -1.60 6.41 172 360 228 248 178 
1.85 4.33 2.80 -2.3200 1.8400 -4.9800 4.6922 1.7733 -2.6789 4.18 5.31 7.10 171 386 231 232 152 
10.75 18.62 5.78 5.6500 10.3100 1.3000 3.8833 1.1033 2.3311 4.02 8.27 3.38 160 388 224 231 155 
0.30 15.76 7.22 -5.1800 7.6100 4.8000 0.1378 -2.3411 5.6789 8.45 4.74 1.48 163 387 222 233 158 
-0.66 4.27 2.75 -9.1100 3.2900 -0.0800 -4.2378 0.0144 2.4033 9.37 -0.91 2.71 156 390 225 240 164 
4.29 1.75 -3.32 -3.0500 3.4800 -6.9400 -3.7322 2.2567 -4.4700 9.42 -0.04 2.69 161 396 218 227 163 
12.31 10.32 0.37 7.2500 7.0700 -3.0400 3.3389 0.9856 -1.4989 5.92 6.30 4.61 158 397 216 232 164 
9.39 11.10 3.70 2.4600 3.9200 2.1800 2.1278 0.7100 2.0589 6.68 6.90 1.93 158 396 221 237 173 
6.69 13.28 12.98 -0.5300 8.7300 10.5800 -4.0444 0.2967 2.1978 8.33 3.88 3.41 171 349 278 279 193 
11.13 4.68 2.66 2.0300 5.8700 -4.3700 -7.1089 4.1478 0.9789 5.92 -4.65 6.28 174 342 319 342 201 
5.47 -3.01 4.10 -0.0200 5.1200 -1.6100 -4.5400 2.7389 -0.0700 2.98 -8.92 2.77 174 394 371 421 213 
2.18 -5.56 -10.29 0.4100 4.0500 -10.0100 0.5311 -0.5544 -0.5500 3.36 -9.20 0.38 177 404 377 422 216 
7.95 6.28 -4.75 3.4600 18.2900 0.0000 12.3956 -3.2867 1.1544 4.65 -3.33 7.95 175 391 374 423 212 
4.12 2.56 18.19 0.9000 6.2200 8.0000 -5.1267 0.2889 -1.0244 4.88 -5.36 6.60 175 394 376 425 218 
4.31 -4.81 -2.66 0.6000 3.1900 -7.1900 -4.6900 1.4844 0.7589 3.52 -8.91 2.07 175 387 375 421 219 
0.84 -2.91 -11.43 -2.2300 6.1200 -13.3900 1.2689 -1.5767 -1.8333 4.55 -8.61 1.12 173 381 376 415 219 
5.68 18.00 22.08 2.8500 19.5800 24.5100 4.4533 -0.0878 1.9956 4.26 -0.84 8.78 173 382 378 415 219 
5.97 3.55 14.72 0.4600 5.0600 5.6200 -3.3467 0.6467 -0.7933 4.95 -3.03 7.90 174 373 374 398 216 
5.43 -2.66 -2.98 1.2700 4.1100 -7.8000 -4.5967 1.3011 -0.1356 3.74 -8.49 3.16 165 331 334 324 209 
2.74 -8.11 -4.94 -1.5500 0.7000 -7.7700 1.6822 -0.4811 -0.0389 3.85 -8.13 3.89 165 286 283 279 204 
;
