0.96 3.22 9.25 0.0300 0.0700 0.0200 -0.0056 0.0022 -0.0022 0.93 3.18 9.22 162 346 357 380 208 
0.93 3.26 9.24 0.0000 0.0500 0.0100 0.0000 0.0011 -0.0056 0.93 3.18 9.22 162 347 354 382 208 
1.19 4.41 14.23 -0.8900 2.1100 5.4100 -2.1778 -6.1022 0.3422 4.75 2.23 8.27 161 346 232 237 190 
13.56 -0.81 -1.24 0.3900 -0.3600 -5.5400 3.9722 -6.9089 3.0156 9.59 -1.99 -0.36 121 377 166 192 154 
2.13 0.46 -0.51 -6.4600 3.7100 -1.1400 5.4922 1.0044 -1.3622 9.40 -1.00 2.58 115 397 169 197 157 
7.62 5.28 3.99 -1.8700 3.4400 0.0200 0.7056 0.0356 -0.5089 9.03 1.73 3.38 117 394 177 199 160 
9.46 4.43 2.43 0.4700 2.6600 -1.4200 -1.9433 0.6433 -0.5311 8.62 1.62 4.36 119 405 180 201 160 
9.38 0.57 1.38 0.7400 -0.6700 -3.1200 -1.3844 0.4089 0.0067 8.28 0.77 5.19 119 398 179 205 163 
5.76 -2.81 8.88 -3.2100 -2.6000 3.6700 -0.6900 0.3711 1.0056 7.96 -1.00 5.63 125 395 186 209 168 
3.51 -1.21 6.68 -5.4600 0.5000 0.4900 -3.3978 0.2100 -0.7667 7.96 -2.46 5.15 148 351 231 239 187 
4.21 -2.86 3.72 -1.8900 -1.2700 -4.0000 1.1000 0.5822 -2.0167 6.32 -0.16 7.49 157 327 265 278 191 
11.33 5.40 9.15 4.4900 3.3200 2.8800 1.0667 -1.3522 0.2056 7.67 2.38 5.61 162 347 248 256 187 
14.25 0.55 5.51 4.8600 -0.6000 0.8100 -0.1144 -1.3967 2.8333 9.34 -0.31 2.95 163 368 191 206 167 
7.48 0.21 0.40 -3.0800 2.5600 -1.7300 2.2622 0.4411 1.1267 8.89 -2.42 3.33 131 390 177 201 164 
4.87 2.97 6.50 -3.5900 2.7200 0.2800 1.8356 -0.3367 -0.5822 8.87 -0.77 4.10 125 392 179 204 165 
9.04 1.05 2.46 -0.5800 0.8100 -1.2900 0.3978 -0.3300 -0.3778 9.09 0.60 3.62 119 393 181 205 166 
9.69 4.26 2.29 0.5000 3.5000 -1.1200 -1.8000 0.5722 -0.9822 8.80 1.15 4.15 120 400 182 207 167 
9.94 1.25 1.68 0.3700 -0.1300 -2.2300 -1.3500 0.9167 0.0289 8.36 0.23 5.11 124 397 190 210 170 
6.93 -5.14 8.84 -1.0400 -4.1400 3.7300 -0.9711 0.4433 0.3611 8.03 -1.17 5.49 126 396 193 210 170 
4.78 -1.85 6.23 -4.5000 -0.4000 0.7200 -0.8100 -1.5178 0.4578 8.41 -1.92 4.65 152 395 220 237 185 
0.30 -3.70 -1.52 -6.3800 -0.4100 -5.0400 -4.2611 -1.1489 -1.5722 9.34 -1.98 2.20 154 353 304 325 197 
;
