-1.28 5.80 7.78 -0.1200 0.0100 -0.0100 0.0156 0.0311 0.0267 -1.16 5.79 7.82 172 357 357 384 213 
-1.10 5.89 7.72 -0.0900 0.0600 -0.0300 -0.1156 0.0333 -0.0556 -1.11 5.78 7.84 174 356 350 385 213 
-2.19 4.64 8.86 -2.0200 -1.0700 0.2400 1.0733 -3.4122 0.4300 1.82 5.59 7.84 173 310 292 331 215 
7.93 9.15 9.57 2.5000 3.0200 5.4800 -0.0644 -5.0844 1.7867 7.64 5.82 1.95 167 306 229 237 196 
12.09 5.64 -6.94 3.9200 2.5600 -7.3900 2.7978 -4.8111 4.6633 9.65 0.47 -1.64 108 317 140 162 153 
4.47 2.74 -6.07 -4.9500 7.0500 -4.6800 7.1256 -0.0844 0.6700 8.87 -3.96 1.31 106 377 152 168 159 
5.17 2.85 4.33 -3.2000 5.0000 0.9000 1.2689 0.0156 -0.3644 8.93 -2.24 3.36 109 382 158 176 161 
9.25 -0.33 2.20 0.4200 2.1100 -0.3600 -0.0489 -0.2733 -0.1544 9.23 -1.32 3.01 109 384 161 181 162 
9.68 0.68 1.43 0.6300 2.3300 -1.3700 -1.0800 0.5267 -0.6411 9.16 -1.04 3.32 102 388 165 183 162 
12.05 2.97 0.52 2.5700 3.7000 -3.4300 -1.9700 0.4100 0.2556 9.00 -1.49 3.57 105 389 167 184 163 
7.09 -3.69 3.43 -2.2100 -2.8300 -0.3800 -2.1389 0.8900 -0.9833 8.72 -2.16 3.91 115 387 164 186 163 
8.14 -5.24 2.88 -0.7500 -2.5200 -0.2800 -0.0844 -0.0622 0.2578 8.79 -1.70 3.99 117 386 169 187 164 
6.44 -1.12 4.28 -2.4400 0.4800 0.3900 -0.2822 -0.3022 0.2778 8.75 -2.19 3.84 135 372 160 181 162 
10.45 -0.11 4.91 3.6200 2.7600 -0.3400 -4.0489 6.3544 -0.6200 5.99 -3.52 6.91 167 314 234 241 189 
1.72 -3.48 8.85 -0.2100 3.8100 2.4600 -2.9389 1.9411 -0.4011 2.19 -7.71 5.64 170 345 321 325 199 
2.75 -6.88 2.63 1.7200 1.4400 -2.2600 -2.3111 1.2711 -0.3644 1.33 -9.25 2.95 170 378 362 391 204 
2.46 -8.05 -5.82 -0.2800 2.4100 -9.9000 1.3133 -1.8333 -0.8311 2.48 -9.02 2.92 169 387 355 402 206 
11.06 3.75 8.80 5.9700 11.0000 6.9200 5.9122 -1.7078 1.7422 3.59 -3.31 8.50 169 384 363 400 207 
-0.03 1.56 19.87 -2.2300 3.9700 9.7300 -3.2122 2.5889 -1.7867 2.93 -4.68 8.10 170 386 369 401 207 
7.78 -0.85 4.01 4.7700 6.5600 -4.0800 -4.5889 1.4433 -0.8511 1.87 -8.56 4.39 168 388 370 400 209 
1.54 -7.40 -8.24 0.0800 1.8000 -10.8900 0.5422 -0.5756 0.2556 1.65 -9.26 2.74 168 386 367 394 210 
5.63 -3.62 -5.27 5.2300 5.2700 -8.0500 7.0578 -3.2056 0.7367 3.16 -5.56 7.42 168 380 359 394 209 
0.49 3.43 27.46 -7.5000 4.9400 12.6100 -1.5689 -1.2978 -0.3044 3.93 -3.62 8.22 167 377 358 386 209 
4.66 -3.40 9.84 0.7000 0.4400 2.8200 -0.9411 0.0244 -0.7433 4.34 -3.80 7.93 164 327 312 302 200 
8.38 -7.41 7.00 4.7300 -1.8100 -0.7800 -2.6811 1.2367 1.3700 2.91 -6.70 6.53 163 268 137 158 151 
3.37 -5.50 1.88 0.7400 1.6400 -4.3900 2.2444 -2.3467 2.3600 1.31 -7.30 6.40 114 223 149 159 134 
1.07 -1.50 8.81 0.6700 5.2600 2.8300 1.5822 -1.8767 1.3333 1.71 -5.26 8.09 121 259 152 163 138 
2.00 -3.20 10.55 -0.1000 1.4900 1.4000 -0.1111 -0.5133 0.3378 2.35 -5.35 7.87 124 263 153 165 140 
1.64 -4.18 8.23 -0.8000 1.3500 0.2500 0.1256 0.1133 -0.3178 2.36 -5.17 7.98 126 272 154 167 140 
2.90 -2.22 8.34 1.1900 2.8300 0.2300 -0.6200 1.5578 -1.0311 1.77 -5.51 7.91 127 264 159 167 142 
4.41 -4.51 6.39 1.5100 1.1600 -1.7000 -1.4233 1.3578 -0.8444 1.71 -6.60 7.04 127 270 159 169 142 
1.54 -8.59 4.95 0.5500 -1.7100 -1.3300 -0.5778 0.3489 -0.7489 1.78 -7.17 6.43 124 273 156 170 144 
2.06 -7.58 6.00 -0.5100 -0.2100 -0.0500 0.0222 -0.4700 0.1133 2.02 -7.28 6.24 124 273 160 172 145 
1.69 -6.44 4.97 -0.3900 0.9500 -1.1300 0.4500 -0.2911 -0.2144 2.58 -7.08 6.26 130 263 162 173 147 
2.16 -4.06 -1.42 -1.5600 1.9200 -7.6800 2.7689 0.6067 -2.3678 4.65 -4.52 7.34 162 273 177 191 168 
5.36 1.83 6.46 -1.5000 2.0000 -1.7700 3.5044 2.2489 -2.8156 4.25 1.83 8.64 168 308 253 269 192 
-0.18 9.75 15.50 -0.1700 5.6100 6.4500 1.0378 2.1278 -1.2556 1.46 4.77 8.43 173 353 344 379 200 
-3.88 4.44 13.27 -2.8200 -0.3600 9.4700 -0.3744 -1.8244 -0.2778 -0.83 5.62 7.98 174 375 359 413 215 
-0.24 6.03 8.83 -0.3300 0.3500 0.6500 -0.0511 -0.0978 -0.1544 -0.45 5.61 8.02 172 376 363 413 213 
-0.99 5.88 7.81 -0.6100 0.3400 -0.2100 -0.0267 -0.1522 0.0267 -0.31 5.59 8.04 170 373 364 410 214 
;
