-0.81 5.03 8.53 -0.3200 0.1800 0.0400 -0.3600 -0.3767 0.0756 -0.64 4.84 8.49 167 357 370 400 221 
-4.24 4.70 13.50 -3.1100 1.2000 4.8500 -0.9689 -5.8378 -0.5467 3.50 3.99 8.24 170 329 260 274 206 
12.12 3.95 7.42 5.4500 1.5800 1.0300 0.2411 -2.6811 1.6033 8.31 2.30 4.65 166 324 183 195 171 
11.84 0.45 -5.35 2.5700 3.5800 -9.9300 6.4889 -4.6633 3.0844 9.72 -1.17 -0.43 117 350 177 183 159 
1.56 0.13 0.07 -6.8600 2.8400 -1.1800 4.7256 1.4144 -0.4667 9.42 -1.25 2.38 110 376 191 191 159 
7.18 5.19 5.13 -3.3100 4.1400 0.7500 0.7411 -0.0556 0.1422 9.34 -0.26 2.96 111 378 196 193 161 
9.99 4.45 2.63 0.8800 4.3700 -1.2100 -1.3444 0.1333 -0.4400 9.13 0.42 3.55 117 382 198 196 163 
9.58 2.80 0.99 0.4000 1.5200 -3.5200 -1.3500 -0.4933 1.3511 8.95 -0.56 3.95 119 350 195 199 162 
3.05 -7.31 5.58 -3.6500 -5.1300 1.8600 -2.2400 0.2122 -0.4144 8.65 -2.59 3.80 120 359 196 201 165 
10.17 -5.35 2.82 1.6000 -2.9700 -0.7400 -0.1856 0.2067 -0.4144 8.84 -2.45 3.45 122 370 198 201 165 
8.02 -4.98 2.57 -0.2300 -2.1900 -1.8500 1.5622 -0.2567 0.0022 8.93 -1.66 3.67 124 373 201 203 165 
8.63 0.62 2.34 0.6500 2.2100 -1.2700 1.8967 -0.0178 0.1167 8.99 -0.71 3.83 123 379 200 204 166 
11.39 2.52 1.27 1.8500 3.1700 -2.7500 1.4256 0.0389 0.7211 9.03 -0.60 3.76 124 375 202 206 167 
7.67 2.79 5.05 -1.7500 4.0800 1.5000 -0.8600 1.3289 -1.2922 8.75 -0.18 4.41 115 372 203 205 167 
10.38 3.94 2.32 1.3700 4.7700 -2.7300 -1.0667 -0.0811 -0.8000 8.83 0.41 4.23 121 381 203 205 167 
10.35 2.70 0.90 -0.6100 2.5000 -2.7900 -2.8911 -0.4144 1.1989 8.88 -1.56 3.85 121 329 204 206 168 
8.16 -9.47 3.35 -1.3600 -8.7400 -1.2600 -1.4244 -0.0933 -0.1667 8.61 -3.05 3.54 122 343 204 207 168 
9.06 -5.41 2.86 0.3500 -1.7500 -0.1400 -0.1000 0.6433 0.0511 8.46 -3.22 3.74 127 354 210 209 168 
11.20 -5.06 4.82 1.7700 -0.9500 -1.0900 -4.4656 5.5567 -0.6278 5.55 -4.99 6.35 167 252 181 199 157 
5.76 -7.30 3.26 2.5000 0.2200 -3.6800 0.3000 2.4756 1.6511 1.92 -6.13 7.40 109 242 178 196 150 
0.32 -0.80 7.95 -0.1000 5.0100 2.4900 0.7878 0.1567 2.1389 -0.26 -4.55 8.68 114 232 181 198 149 
-0.47 -2.32 10.56 0.4900 2.1900 1.5000 -0.1644 -0.6067 1.1867 0.28 -4.45 8.73 122 249 182 196 150 
0.52 -3.86 8.19 1.5100 1.4900 0.0300 -0.2556 0.3644 -0.0100 0.13 -4.70 8.60 123 249 183 198 149 
0.02 -2.56 10.53 -0.5700 3.5500 2.3300 0.2278 1.2300 -0.8667 -0.26 -4.70 8.59 125 252 184 199 150 
0.96 4.63 13.56 1.8800 8.5100 1.5700 -2.0300 3.0444 -4.1244 0.39 -5.92 7.80 126 248 186 195 149 
8.93 -11.07 5.51 7.3300 -4.9300 -1.3300 -0.5611 -0.0922 -1.1022 2.17 -5.82 7.58 126 246 185 198 150 
2.35 -6.03 7.06 -0.9500 0.0900 -0.5100 0.1356 -0.2311 0.4000 2.25 -5.89 7.50 129 253 187 197 152 
6.86 -2.92 -1.00 4.2600 2.5800 -9.3300 1.8711 2.9011 -0.0711 0.26 -4.76 8.56 173 295 194 204 164 
;
