-0.05 6.27 7.40 -0.1300 -0.0200 -0.1100 0.0000 -0.0111 0.0011 0.06 6.29 7.51 192 389 390 434 239 
0.00 6.25 7.36 -0.0600 -0.0300 -0.1400 -0.0044 -0.0044 0.0011 0.06 6.30 7.51 192 390 391 434 240 
-0.91 6.20 7.46 -4.0200 0.0100 2.0700 -1.9478 -1.8478 0.1422 0.82 5.50 8.07 178 321 304 300 227 
9.99 5.68 15.51 7.6100 2.8300 5.6000 1.4522 -5.5000 1.7078 7.24 4.07 5.19 173 328 194 197 174 
8.92 1.09 -7.88 -5.5300 -0.7500 -9.2900 7.0089 1.0356 2.3411 9.74 -1.10 -0.03 115 385 171 191 146 
4.76 4.37 -0.37 -7.2600 4.4600 -0.5800 4.0989 1.8800 -2.3211 9.57 1.01 1.83 122 401 189 196 154 
7.15 3.03 0.76 -1.9700 1.1900 -1.5100 0.7233 0.0422 -0.0422 9.44 1.83 1.87 127 400 193 204 197 
9.35 5.34 2.07 0.5900 3.1000 -1.2700 -1.4356 0.2633 -0.3622 9.28 1.92 2.51 150 419 218 223 179 
8.91 3.19 1.22 0.0700 1.4200 -2.3200 -1.9156 0.6733 0.0011 8.81 1.37 4.07 169 438 234 243 199 
11.01 -1.72 4.06 -0.8600 -1.9000 0.5600 -1.6311 1.0411 0.9967 8.62 -1.39 4.46 169 416 237 246 200 
6.94 -2.65 6.54 -0.3500 -0.0600 1.1700 -1.8656 1.0744 0.1744 7.95 -2.58 5.11 176 398 250 251 218 
8.49 -3.16 2.06 0.9200 2.5000 -7.1400 -7.4822 7.9356 1.0122 2.66 -7.82 5.28 201 234 245 261 186 
3.64 -9.80 -0.71 0.9400 0.6600 -1.7900 -3.3611 -0.5589 -0.0022 0.44 -9.78 -0.52 197 220 214 226 154 
-2.00 -10.93 -1.41 0.1100 -1.0200 1.6600 -1.1911 -0.5878 0.4400 -0.26 -9.36 -2.88 197 245 231 243 172 
-2.38 -10.02 -3.09 -0.2300 0.5300 -0.4500 0.2044 -0.6500 -0.4478 -0.50 -9.35 -2.89 197 249 237 246 176 
-4.33 -8.02 -6.93 -3.5900 1.5600 -3.9500 0.8422 -7.2178 -5.6267 1.77 -9.18 -2.94 195 254 237 250 178 
6.44 -1.38 -8.11 2.1600 4.1300 -2.6800 1.1589 -7.2544 -4.4889 3.50 -7.01 -5.88 196 256 237 252 185 
4.06 -6.05 -8.21 3.6800 0.7900 -2.1200 1.7278 -1.6144 -0.3489 2.71 -7.57 -5.60 190 252 239 248 180 
3.67 -7.29 -2.71 0.5500 0.1400 1.7600 -0.2133 0.1533 0.2033 2.95 -7.82 -5.12 177 241 226 236 168 
4.13 -6.28 -3.82 1.5200 2.2100 2.1700 -0.9311 2.2122 0.1900 3.62 -7.55 -5.09 179 241 228 239 174 
6.81 -0.22 -5.41 -5.5200 4.0000 -8.4300 -2.3311 15.9111 -4.3356 7.56 -4.53 4.29 184 284 266 276 204 
;
