-0.73 6.26 7.37 0.0100 -0.0700 -0.0600 0.0044 0.0033 0.0033 -0.73 6.34 7.44 170 372 359 407 211 
-0.70 6.26 7.40 -0.0300 -0.0900 -0.0300 -0.0022 0.0011 -0.0011 -0.73 6.34 7.44 168 375 358 406 213 
-0.74 6.29 7.36 -0.0300 -0.0600 -0.0800 -0.0178 -0.1122 0.0089 -0.68 6.34 7.44 168 374 354 402 212 
-2.19 5.67 9.55 -2.6100 -0.0300 2.1900 -1.2756 -4.1222 -0.4022 1.84 5.45 7.93 164 308 227 243 200 
12.24 7.38 8.54 6.1500 2.6300 3.3200 -0.1111 -6.0211 1.5911 8.01 4.61 3.25 141 306 155 172 148 
10.85 4.38 -6.56 1.1000 3.0800 -6.9500 4.7689 -0.2389 3.1878 9.77 0.14 -0.80 100 345 158 171 136 
3.09 0.92 -0.95 -4.0500 3.9200 0.2900 4.9300 1.4844 -0.2433 9.62 -1.55 1.02 106 367 167 178 140 
7.40 1.87 3.33 -1.7800 2.3400 0.4500 1.2289 -0.4678 0.3144 9.59 -0.98 1.79 107 370 174 181 142 
8.58 2.18 3.80 -0.6500 3.0000 1.6300 -0.4222 0.3444 -0.2889 9.54 -0.89 2.06 105 367 174 182 143 
9.98 1.19 0.78 0.9600 2.0700 -1.6200 -0.3500 0.4022 -0.5611 9.47 -0.73 2.43 110 374 178 184 145 
9.81 1.26 2.85 0.5000 1.4600 -0.5900 -1.4511 0.2944 0.3956 9.15 -0.83 3.42 114 351 177 186 146 
5.85 -4.57 1.62 -3.6000 -1.6000 0.0800 -0.8389 1.0822 1.2189 8.39 -4.26 2.75 114 346 175 186 145 
5.81 -5.55 4.49 -2.0700 -1.0300 0.6600 -0.2356 -0.1956 -0.3167 8.33 -4.08 3.15 119 341 179 187 146 
6.58 -2.83 3.59 -1.7500 1.3400 0.9200 -1.5233 -0.7789 -0.0111 8.65 -4.32 1.60 156 315 229 219 184 
3.68 -4.18 -2.94 -4.5700 0.2300 -2.7400 -1.7211 -3.7667 0.2511 8.12 -4.42 -3.26 178 259 284 300 197 
6.43 -1.69 -9.07 0.8200 1.6800 -2.1400 -1.6767 -4.3100 -0.4056 5.17 -1.99 -8.08 185 243 241 281 197 
3.15 1.92 -11.02 0.1700 0.6600 -1.4600 -1.7822 -1.9533 0.1800 1.62 1.10 -9.60 186 255 254 285 197 
2.79 2.58 -11.87 2.2400 -0.4500 -2.2700 -0.4867 -0.2833 0.1544 0.07 2.58 -9.46 186 261 255 284 196 
1.82 0.79 -12.14 1.6200 -1.9600 -3.4300 0.8467 0.1089 0.4211 0.28 2.00 -9.59 185 271 254 289 200 
4.23 0.13 -16.46 1.4600 0.4700 -5.3700 2.3989 2.2467 1.2500 2.71 -1.09 -9.35 189 331 270 343 211 
7.43 -1.56 -6.12 -3.6800 6.3900 -4.2400 3.7656 4.2356 2.5111 4.77 -8.45 -1.40 200 394 342 417 214 
-1.99 -1.98 1.46 -5.5400 6.8600 -0.5200 1.5544 0.6000 0.0056 3.72 -8.55 3.01 200 395 343 423 213 
3.82 -7.06 4.52 -0.0800 0.9800 1.2000 -0.4144 -0.0133 -0.3289 4.06 -8.37 3.07 200 393 343 420 213 
4.47 -8.23 2.60 0.2400 0.4000 0.0600 -0.0944 -0.3533 -0.1222 4.35 -8.43 2.46 198 388 347 417 213 
4.67 -6.90 2.41 -0.8200 1.7600 0.1000 -0.4900 -0.1744 -0.3633 4.86 -8.33 1.73 198 346 300 321 208 
3.20 -4.12 0.62 -3.3500 3.7000 -0.1800 -2.0733 0.5111 -2.4989 6.95 -6.91 -0.05 182 279 247 241 191 
5.66 -1.19 -0.44 -4.0500 1.5000 0.0100 -2.4144 -1.1578 -3.8844 9.49 -1.89 -1.57 169 271 221 222 179 
16.03 2.17 -5.98 7.2000 1.0600 -1.7600 -1.5189 -2.4644 -0.9600 8.38 2.17 -4.59 169 281 203 201 169 
16.20 1.33 -9.92 8.5800 -1.7800 -4.4500 1.7433 -2.5378 2.3767 6.16 0.30 -7.62 139 276 152 159 132 
4.52 -0.92 -13.92 -2.0700 3.5700 -7.1200 6.4589 1.7444 1.6889 5.15 -7.68 -3.23 113 264 162 165 138 
1.23 -6.43 -6.89 -3.7100 2.1800 -9.3200 5.7467 1.8122 -0.4111 4.58 -7.23 4.77 117 291 173 169 143 
-2.09 11.11 16.92 -4.0700 13.1100 8.2700 -1.7367 0.2611 -0.3822 3.92 -4.41 7.82 123 307 179 174 149 
5.59 -5.02 7.97 0.9500 0.3400 0.9800 -0.1589 -0.1711 0.2700 4.17 -5.09 7.26 125 308 182 176 151 
4.05 -4.19 6.99 -0.2200 1.6200 -0.1100 -0.5056 -0.2389 -0.0389 4.35 -5.46 6.87 125 311 184 177 152 
;
