-1.43 5.75 7.78 -0.3300 -0.0400 -0.0800 -0.0133 0.0000 -0.0100 -1.17 5.81 7.81 177 369 374 418 218 
-1.74 5.81 7.59 -0.7000 0.0300 -0.1100 -0.2300 -0.4900 0.0356 -0.93 5.72 7.90 174 332 361 408 220 
-2.73 5.79 10.24 -3.2500 0.5500 3.1600 1.0856 -7.0311 0.8389 3.78 5.92 6.84 174 322 268 264 209 
19.93 5.64 -2.03 9.7400 1.8200 -3.8600 1.7489 -2.7900 4.2722 9.31 3.05 -0.36 122 349 173 183 178 
2.03 0.32 -7.43 -8.7800 0.5700 -5.5800 6.5411 0.5611 1.3878 9.70 -1.37 0.27 116 385 183 191 187 
4.63 5.44 2.64 -4.3000 6.2100 -0.4900 2.4167 0.9200 -0.3056 9.37 -0.21 2.86 110 385 184 195 187 
12.58 1.54 -0.02 3.4500 1.6800 -2.0100 -0.5222 0.4656 -0.4911 9.32 0.33 3.00 116 392 191 196 186 
9.71 4.04 2.85 0.2800 2.3900 -2.2800 -2.1200 1.1467 -1.1067 8.57 0.97 4.66 122 392 193 201 190 
8.00 -0.11 0.45 -0.8100 0.6600 -2.1600 -2.4689 -1.2211 4.2433 8.35 -3.02 4.14 126 290 191 206 195 
3.98 -8.30 6.64 -2.1700 -3.6000 1.0600 -3.2311 2.2178 -1.6767 7.84 -5.05 3.00 137 298 205 219 198 
9.27 -4.69 3.66 -0.3500 -0.3800 -0.3500 -0.9356 0.5367 -0.1544 7.94 -4.35 3.76 142 282 228 243 198 
6.31 -4.83 3.45 -1.3200 -0.8200 -1.9900 0.4111 2.2222 -1.7833 7.04 -2.45 6.36 99 235 218 258 192 
3.44 -1.63 6.21 -0.1300 0.5300 -1.5900 1.7489 0.8900 0.5011 4.34 -1.37 8.68 103 193 183 197 137 
0.15 -1.92 9.39 -0.9000 -1.4900 -0.0200 1.3700 -2.1233 1.7800 4.09 0.06 8.91 100 179 179 186 116 
12.94 2.00 3.53 6.7200 1.9400 -4.2300 2.0078 -0.6711 2.8522 5.58 0.76 8.02 98 180 180 189 118 
10.04 8.44 11.33 -1.1300 7.2000 4.1100 0.6344 -3.5067 2.5356 8.43 -0.35 4.98 100 177 180 189 120 
10.61 3.06 10.33 -0.9500 5.0200 7.7100 -2.1111 0.4911 -1.7444 9.03 -0.16 3.81 100 186 185 193 122 
11.35 4.50 0.07 2.1600 3.2100 -5.6000 -1.6867 -0.0989 -1.9200 8.48 1.26 4.75 104 187 186 194 123 
13.78 -4.31 -3.30 4.3800 -7.0700 -6.1600 1.3611 -2.1356 -0.5189 9.03 3.00 2.34 103 188 183 192 123 
5.55 4.82 6.55 -4.3600 7.5500 14.9300 -0.7733 -0.8867 0.7211 9.43 2.66 0.10 102 191 183 194 125 
5.68 1.61 5.27 -3.4100 -1.4700 3.6500 -2.1311 0.9956 0.6322 9.40 2.00 1.94 110 204 198 212 148 
5.12 -1.35 0.34 -5.4400 -2.4500 -4.9100 -1.5989 2.5367 -3.3078 7.04 3.01 6.11 143 328 263 275 190 
;
