-1.11 5.24 8.16 -0.1100 -0.1400 0.0100 -0.1722 0.1033 -0.0911 -1.02 5.31 8.17 176 406 367 431 205 
-0.94 5.11 8.09 0.0300 -0.1200 -0.1900 -0.1078 0.0856 0.0022 -1.05 5.10 8.30 178 403 350 429 204 
-8.33 7.44 17.47 -3.8800 3.2500 11.6800 -2.8633 -4.8044 -0.9056 2.14 2.34 9.27 151 287 161 176 147 
13.44 -2.58 -7.89 -5.2300 0.8600 -10.4900 7.0067 -4.8200 3.9956 9.17 -3.23 1.19 114 365 163 185 147 
2.09 2.59 4.26 -3.9000 6.6600 0.1300 2.9567 0.1500 -0.2433 8.72 -1.81 4.08 118 383 167 187 151 
8.61 3.68 6.15 -0.0900 3.7900 1.3900 -0.2000 -0.0800 -0.3356 8.74 -0.57 4.40 117 378 171 189 151 
8.31 2.32 5.39 -0.7800 2.6400 0.1700 -1.5089 0.9633 -0.9089 8.29 -0.25 5.23 122 394 175 192 153 
7.74 -0.93 3.11 1.1700 -0.7300 -2.5800 -0.4044 -0.1589 1.1389 7.83 -1.57 5.67 123 388 175 195 154 
;
3.69 -4.47 9.31 -4.5400 -0.8000 2.7400 -1.0744 0.0178 0.6644 7.18 -3.39 5.74 149 300 203 221 184 
2.67 -4.50 -0.17 -3.2700 -0.6300 -7.7400 -3.1067 9.2111 -4.2367 4.51 -4.06 7.69 153 285 224 232 187 
9.63 5.31 12.81 7.3200 6.1800 8.6900 3.3289 5.8889 -0.1011 0.31 1.11 9.73 157 284 242 254 196 
-2.06 3.19 17.66 -0.9700 0.1600 3.5000 0.3633 -0.8356 -0.8244 -0.08 1.95 9.60 151 286 205 216 178 
13.89 3.85 21.28 14.7400 2.9300 10.0200 -1.5333 -12.9878 4.6756 9.00 0.93 3.76 123 323 175 188 135 
-1.22 2.50 -2.06 -9.3600 7.2000 -0.2300 5.5400 1.3822 1.0589 8.82 -3.20 2.83 122 381 176 195 148 
5.37 3.92 6.84 -2.1200 3.0500 -1.0200 0.1089 -1.0722 -0.0156 8.78 -1.22 4.17 119 386 177 197 150 
9.16 3.61 5.55 2.8000 4.4800 1.9300 -1.3544 1.2778 -0.6878 8.57 -0.60 4.71 119 394 180 198 152 
9.06 1.85 3.62 0.5700 2.1100 -1.9700 -1.5333 0.3178 0.1389 8.24 -1.13 5.18 122 394 178 198 153 
;
6.29 -1.86 6.27 -2.4200 -0.2300 1.4400 -0.9622 1.2067 0.5178 7.41 -2.59 5.86 123 391 180 199 153 
4.01 -4.97 8.83 -2.7900 -1.5000 2.9100 -0.6822 0.5133 -0.6756 7.16 -3.20 5.87 149 382 195 209 164 
5.34 -3.06 4.39 -4.2300 -1.0400 -1.2600 -1.9311 3.7622 -3.0822 6.78 -2.57 6.59 156 307 226 233 183 
5.34 1.84 5.36 1.9100 3.4400 -1.3100 2.5844 3.0944 -1.7422 3.95 0.90 8.92 162 335 222 233 183 
6.85 8.00 13.13 2.8500 4.1100 4.6900 0.2244 3.2200 -0.4689 2.00 3.23 9.03 154 325 208 214 173 
2.88 3.05 10.57 0.8700 0.8100 3.7400 1.2744 -3.2233 0.6067 4.45 3.41 8.03 161 322 213 226 180 
15.83 2.09 2.07 4.2400 2.3200 -1.4000 1.8744 -3.9722 6.1522 9.35 -2.53 1.48 130 352 181 193 168 
-0.89 1.59 4.36 -8.7900 4.9300 0.7500 3.4822 -0.2989 0.0544 8.54 -2.94 3.80 111 385 186 196 169 
10.69 1.31 2.84 1.2600 1.7000 -2.4600 -0.1978 0.7678 -0.4089 8.33 -1.83 4.82 120 391 179 198 168 
8.99 1.03 4.99 0.5300 2.3600 -0.2200 -0.9300 0.5222 -0.4733 7.87 -1.81 5.55 122 399 189 199 170 
7.96 -2.53 4.93 -0.3500 1.3000 1.2700 -0.5433 -0.2356 1.1944 7.53 -3.71 5.05 122 388 190 200 166 
;
5.20 -6.40 6.52 -2.7500 -2.2100 1.3000 -0.6611 -0.3411 0.1711 7.22 -4.51 4.85 123 390 192 199 169 
7.07 -4.16 5.39 -0.5700 0.2000 0.6800 0.0022 -0.1433 -0.2267 7.46 -4.22 4.75 136 392 195 203 173 
-1.02 -3.14 5.58 -8.9300 1.1000 -0.1500 -2.7100 0.0567 -2.5178 8.23 -3.44 4.06 155 344 219 225 186 
13.93 2.84 4.68 4.6200 3.7600 -1.2600 1.8911 9.6211 -2.6056 3.63 1.63 8.96 160 341 225 230 189 
1.32 7.86 12.87 -0.3900 4.7200 9.7400 -0.7122 -0.7922 0.1444 1.68 3.66 8.93 151 324 217 226 172 
5.48 5.39 15.41 5.7100 1.6300 7.4100 -0.9011 -3.7956 1.6622 5.36 2.70 7.75 157 335 196 210 177 
9.77 0.01 -0.30 -1.0400 2.1500 -3.2000 3.5189 -3.9311 5.0167 9.12 -3.25 1.55 129 368 193 209 172 
2.95 1.11 3.76 -3.8500 4.6200 0.2600 3.0467 0.0844 -0.1078 8.44 -3.33 3.70 118 386 195 206 172 
10.48 -0.91 3.71 1.1500 0.9700 -1.0300 -0.3856 0.4033 -0.3989 8.48 -2.51 4.21 121 387 197 207 171 
9.18 2.03 4.35 1.1200 4.1500 -0.0200 -0.9444 0.9300 -0.8489 8.22 -2.12 4.90 121 397 195 206 172 
6.88 -3.15 2.61 -0.0200 -0.7700 -2.7400 0.4278 0.1367 1.0844 7.69 -3.02 5.28 123 400 198 207 170 
;
4.89 -3.30 8.77 -1.8000 -0.1800 3.1900 -0.9167 0.3789 0.1878 6.83 -4.14 5.67 124 397 198 207 171 
5.24 -5.91 5.17 -0.5100 -0.5500 0.2000 -0.1811 -0.0444 -0.2633 6.98 -4.53 5.18 135 396 201 212 175 
1.68 -2.22 5.17 -4.9700 2.9800 0.8400 -2.0889 -0.3678 -1.9178 8.11 -4.35 3.36 151 377 221 239 187 
4.25 0.84 -1.32 3.2900 4.9100 -2.7100 0.0367 -2.6211 -3.5456 9.31 -0.24 3.06 155 358 217 231 185 
13.24 6.70 5.34 3.2600 3.4200 1.8000 1.1533 0.4789 -1.3422 8.70 3.29 3.08 159 353 221 229 181 
10.48 3.76 3.70 4.1100 0.7100 1.4600 0.2389 -0.4522 0.5778 8.96 3.13 2.45 154 354 217 225 180 
20.13 2.31 0.17 6.7600 1.0400 -1.3900 1.8333 -0.7578 4.5911 9.71 -1.36 0.09 131 378 211 208 167 
2.31 2.15 -0.49 -8.5100 6.7200 -0.8200 3.8744 2.0722 0.2878 8.50 -3.77 3.08 123 389 206 209 168 
4.92 -0.09 5.20 -1.4800 2.0700 -0.0900 0.6744 -0.8211 -0.2578 8.45 -2.26 4.41 123 390 208 208 168 
9.00 1.00 5.30 -0.6100 3.2400 1.0300 -0.1567 0.0656 -0.3478 8.49 -1.96 4.48 122 394 208 208 167 
8.33 1.75 4.80 -0.1900 3.8400 -1.1300 -1.2967 0.6244 -0.5322 8.24 -1.86 4.97 122 399 206 209 168 
9.28 -1.93 2.11 0.1700 0.0900 -1.4300 -1.0200 0.9756 0.4767 7.69 -3.05 5.26 124 391 206 208 170 
5.00 -5.72 8.93 -2.2700 -1.9100 3.0400 -0.8300 0.4156 -0.2622 7.24 -3.69 5.47 125 396 209 211 169 
;
5.60 -2.59 6.15 -2.2500 1.1000 1.0000 -0.4444 -0.3844 -0.1756 7.59 -3.71 4.96 150 387 222 221 177 
0.70 -1.38 1.03 -6.9100 2.0900 -3.4100 -3.9322 1.9133 -4.6389 8.74 -2.17 3.86 157 331 223 225 180 
11.43 8.43 10.56 6.3500 5.9600 6.1000 1.6867 1.0211 -1.8111 6.75 3.10 6.39 156 333 226 227 162 
3.85 5.78 11.86 0.2000 0.2500 0.4700 -0.3933 -0.6056 -0.1511 5.90 3.69 6.89 156 336 227 219 156 
7.39 4.30 10.82 3.0000 1.5700 6.7500 0.1978 -2.4167 0.9800 7.24 3.33 5.70 144 346 224 221 169 
12.93 -0.05 -0.84 1.7800 0.5800 -4.0400 2.3856 -2.8756 5.0144 9.47 -1.98 1.57 123 379 211 213 162 
2.87 2.28 2.76 -6.4200 5.1600 0.7100 3.5300 -0.2656 0.7156 8.59 -3.71 2.91 124 391 211 209 164 
7.50 -0.41 2.75 0.0500 2.2600 0.1200 0.7822 -0.7244 -0.3789 8.91 -2.27 3.40 119 395 210 210 165 
9.84 1.06 3.46 0.8600 2.7000 -0.1400 -0.5589 0.5533 -0.4011 8.86 -1.87 3.75 117 403 211 210 164 
9.31 2.26 3.42 1.2100 3.7200 -1.4000 -1.5267 0.4344 -0.3067 8.61 -1.79 4.32 120 400 211 212 164 
7.89 -3.02 3.84 -2.5100 -1.1400 0.1500 -0.6967 1.0556 0.1900 7.92 -2.68 5.11 119 399 214 211 166 
;
