3.95 1.38 8.90 -0.0300 -0.0800 0.0600 0.0044 0.0022 0.0022 3.99 1.47 8.83 169 339 353 379 214 
3.90 1.37 8.91 -0.0200 -0.0900 0.0700 -0.0022 0.0022 -0.0011 3.99 1.47 8.83 169 339 351 379 213 
4.57 1.59 8.85 -0.1600 -0.0100 0.6100 0.4600 -0.9022 -0.0789 4.65 1.76 8.44 169 329 340 373 212 
11.51 2.55 9.48 5.9800 0.7300 5.8600 -1.1444 -3.1167 0.6022 8.53 1.77 4.49 179 338 178 202 188 
11.31 0.29 -1.13 -0.0400 -1.8000 -4.7800 2.0278 -1.8111 1.1944 9.76 -0.39 0.80 123 365 179 194 176 
4.56 -0.96 -1.96 -4.6200 0.0000 -2.6300 3.7289 1.4911 -0.4067 9.57 0.12 2.09 119 396 181 195 176 
6.99 5.60 4.45 -1.7600 4.2400 1.5900 1.1456 0.7167 0.0344 9.18 1.32 3.18 115 396 184 195 177 
8.41 2.07 3.05 -0.3800 0.6800 -0.1300 -0.4189 0.0611 -0.1578 9.07 1.31 3.47 115 398 186 199 177 
9.39 2.90 3.22 0.2700 1.6800 -0.7100 -0.9456 0.3211 -0.1411 8.90 1.07 3.96 118 406 189 200 178 
9.11 1.05 2.66 0.5400 0.2000 -1.8200 -0.8767 0.6067 0.3800 8.61 0.24 4.68 119 394 186 202 176 
7.43 -0.60 7.67 -2.0500 -0.3400 3.7400 -0.4833 1.2000 1.0900 7.87 -1.17 5.71 120 386 191 203 177 
5.35 -2.58 7.61 -1.9000 -0.2200 1.5000 -1.0744 -0.2311 0.3156 7.53 -2.62 5.70 150 378 199 211 186 
9.38 -3.07 3.55 2.3500 -0.0800 -2.6500 -1.4378 2.3911 -1.1000 6.69 -3.30 6.36 183 249 220 233 199 
0.36 -5.52 6.49 -7.4800 -2.0000 -0.1200 -0.7044 -3.1200 -0.1178 7.70 -4.05 4.50 198 181 204 204 165 
11.13 3.06 0.58 2.8900 4.9200 -1.7300 -0.6867 -0.4878 -3.4522 9.71 0.05 1.34 202 178 192 195 157 
16.83 3.22 0.44 4.0700 1.1200 0.2900 -0.2233 -0.2322 0.6367 9.79 0.40 0.18 201 182 196 198 160 
8.56 -0.07 1.00 -0.9400 -0.0600 0.7500 -0.1411 0.3933 0.1444 9.78 0.03 0.63 203 184 198 199 161 
;
