2.28 3.38 8.96 0.0000 0.0100 0.0300 0.0211 0.0400 0.0289 2.23 3.40 8.92 157 303 287 312 195 
2.25 3.42 8.90 0.1200 -0.0800 -0.0600 -0.0078 -0.0289 0.0389 2.24 3.40 8.91 158 303 285 312 196 
4.98 0.97 12.07 2.2900 -4.3700 4.5400 1.0744 -8.1844 0.7856 7.24 3.70 5.47 157 320 272 260 188 
11.00 1.92 -2.84 3.2500 0.5900 -3.3900 4.2633 -8.4678 3.1200 8.21 -0.01 -5.35 168 315 209 203 171 
5.48 1.29 -9.94 -0.6200 5.3300 -4.5300 4.6067 -0.4567 1.6378 5.49 -6.40 -5.00 138 325 177 175 147 
4.48 -6.10 -10.68 0.3900 2.2300 -9.6300 5.6900 -0.2178 1.9200 3.80 -8.92 1.42 129 350 180 183 152 
-0.74 9.83 15.07 -3.7900 17.2000 12.7900 2.5444 0.3711 -0.1656 2.86 -5.35 7.70 133 366 189 187 156 
3.61 -7.54 4.55 0.8900 -1.1300 -1.3700 -0.8667 -0.2433 0.0844 2.97 -6.77 6.43 137 367 192 190 160 
1.35 -6.59 4.09 -1.8500 0.0600 -2.0100 0.4656 -1.7911 -0.5056 3.95 -6.87 5.76 166 339 235 235 185 
4.41 -4.45 6.57 -0.6600 1.1000 0.4700 0.9033 -2.9678 2.5722 5.55 -6.22 5.14 192 337 348 388 210 
2.36 0.40 5.71 -2.2600 8.9500 4.2700 -7.6933 -1.3522 1.6767 3.80 -8.61 -2.74 194 329 329 382 221 
1.81 5.61 -17.50 1.9900 9.4600 -16.0700 -5.3856 1.2711 -0.5522 1.12 -0.82 -9.70 192 331 333 388 222 
2.97 -1.50 -11.66 1.1900 -0.6700 -0.9300 0.2778 0.1267 0.0978 0.89 -0.62 -9.74 193 332 336 384 221 
1.27 -0.71 -8.49 0.1500 0.4000 1.0300 0.1467 0.1167 0.1489 1.05 -1.00 -9.69 193 334 338 381 221 
;
