0.81 5.42 8.10 0.0500 -0.0200 -0.0100 -0.0111 0.0067 -0.0022 0.75 5.41 8.13 153 350 354 382 206 
0.87 5.39 8.17 0.1100 -0.0100 0.0000 0.0000 0.0000 -0.0022 0.76 5.41 8.13 154 350 352 381 207 
0.65 5.63 8.82 -0.4400 0.2400 0.5700 -0.4956 -0.9067 -0.1089 1.07 5.28 8.19 3 319 340 376 213 
4.08 2.86 8.80 4.9900 -0.8700 1.7200 1.3822 -14.4356 3.5544 8.81 4.13 -1.18 161 283 216 211 192 
4.04 -1.44 -9.19 -5.5100 6.4900 -5.0800 6.9867 -3.9967 3.7411 5.86 -5.30 -5.79 143 264 144 144 139 
-1.16 -2.68 -4.26 -3.9500 4.8500 0.1500 1.0667 0.6600 -0.1167 4.42 -8.17 -3.11 122 285 157 152 147 
2.16 -13.20 -9.99 -1.1200 -5.0800 -9.6200 4.9567 0.7622 -0.1067 4.03 -8.86 1.14 125 287 158 158 148 
3.19 9.59 6.37 -0.1800 16.7300 0.8700 4.7678 1.1589 -0.1089 3.29 -3.89 8.37 130 306 160 160 151 
2.03 -3.50 5.86 -0.6900 1.0000 -1.6400 -3.4067 0.1422 -0.9956 3.76 -6.32 6.48 146 309 174 173 165 
9.55 -6.50 2.54 5.4200 1.1000 -2.2500 -6.4222 12.1233 -6.5244 4.39 -7.55 4.45 186 368 179 182 177 
-5.32 -11.66 -0.30 -3.4800 -1.0900 -1.3700 0.4111 -0.1656 0.1933 -0.03 -8.88 4.15 190 380 183 182 175 
3.76 -2.35 0.51 3.9400 6.0700 -5.0600 2.8778 0.6289 0.7689 -1.19 -7.44 6.27 190 379 175 174 174 
6.01 -5.61 18.35 6.1700 -1.2800 11.5700 2.0267 -1.6544 2.4344 -0.96 -2.83 9.33 187 372 181 175 172 
-7.64 -5.92 17.11 -7.3300 -2.1300 8.5500 -2.4356 -1.5333 2.2678 1.33 -3.86 8.91 190 373 185 177 173 
-3.42 -3.53 5.63 -6.0200 2.4100 -2.5200 -1.8411 0.4722 -0.1356 1.08 -7.13 6.64 189 377 182 176 171 
-1.40 -0.34 4.63 -2.0200 7.6700 -1.2800 -0.9011 1.5911 -2.5856 1.92 -8.19 5.02 189 379 181 179 173 
7.34 -0.29 3.82 4.3600 6.9100 -1.9600 1.3167 2.1967 -2.0444 2.76 -6.63 6.66 193 381 168 177 171 
14.14 1.27 13.27 7.7700 2.1500 3.5300 1.5444 -0.2411 0.0222 3.24 -2.97 8.76 193 372 181 180 176 
2.46 -4.64 12.74 -1.4100 -2.9300 4.4500 0.7356 -1.5144 0.7156 4.60 -1.45 8.53 186 318 172 194 186 
15.24 -2.62 7.57 8.3900 0.5300 1.1100 -0.2278 -4.1611 3.3544 8.69 -3.47 2.91 165 199 203 222 175 
3.61 0.57 -2.04 -8.1800 5.1000 -5.4400 -2.9067 0.9856 4.3711 3.37 -9.18 0.65 161 198 189 205 155 
0.51 -8.80 -0.69 0.1500 2.2100 1.0200 -0.4444 0.2311 1.3622 0.51 -9.78 -0.32 159 203 196 207 158 
-2.04 -10.64 -0.31 -5.5400 -1.3200 -0.8000 -0.0711 -3.1867 -1.4533 1.26 -9.63 -1.30 157 203 199 207 160 
-1.36 -5.35 -10.31 -3.6800 3.2000 -5.2600 1.8356 -9.6667 -5.9800 3.25 -7.48 -5.43 161 202 197 199 161 
2.59 -5.53 -10.04 0.5800 0.4200 -3.8000 1.6067 -3.1478 -1.0211 2.08 -7.19 -6.32 160 206 196 195 162 
4.56 -6.53 -3.10 -0.7600 0.5700 2.3400 -0.0444 -0.5633 -0.5456 2.37 -7.71 -5.56 161 209 197 196 157 
3.30 -6.61 -4.34 1.5900 1.9400 1.8400 -0.8567 1.2833 0.4333 2.80 -7.42 -5.75 166 205 195 207 165 
;
