-0.86 5.49 8.09 0.0000 0.0800 -0.0300 -0.0667 0.0467 -0.2556 -0.87 5.39 8.14 164 364 361 396 209 
-1.03 5.42 8.74 -0.2800 0.0500 0.2500 -0.1200 -0.2756 0.1878 -0.61 5.23 8.26 161 353 358 393 209 
-2.63 5.73 12.16 -1.6200 1.7100 6.0600 -0.0756 -1.1022 -0.4744 0.98 5.05 8.34 165 307 282 285 206 
5.26 4.92 9.75 2.4600 0.6500 2.6400 0.6111 -10.8656 3.9078 9.25 3.09 -0.93 174 295 158 164 165 
9.01 4.02 -9.32 -0.5000 6.6600 -0.7000 4.1878 -0.6833 1.8622 5.51 -5.54 -5.92 138 291 132 151 140 
1.90 -4.30 -5.71 -1.8000 1.6600 -3.2500 1.8089 1.0044 -0.1133 5.49 -7.54 -3.01 117 285 153 159 141 
6.78 -8.90 -14.85 1.5200 5.4800 -8.5500 7.8544 2.5933 -0.3922 4.05 -6.73 5.86 125 327 155 164 152 
2.09 4.47 12.73 -1.1000 8.3900 4.3100 -1.3111 -0.1322 -0.5711 3.71 -5.71 7.05 126 331 163 166 155 
3.14 -6.21 7.19 -1.5100 0.6700 0.9100 -0.7644 -0.2511 -0.0067 3.88 -6.53 6.19 134 331 165 168 155 
4.31 -3.83 8.47 0.0000 3.4000 3.7600 -6.1678 2.0733 -2.7189 5.10 -8.02 2.38 153 299 185 189 173 
9.78 -9.35 -6.64 4.3500 -3.4400 -7.1200 0.2389 -0.5756 -1.5978 8.05 -5.55 0.74 154 364 315 356 203 
5.99 -4.36 -3.39 -3.6300 2.0700 -4.3000 5.1056 -1.8656 0.8511 7.80 -4.88 3.36 171 416 359 411 207 
7.88 2.01 5.19 0.6800 5.9700 1.2800 1.9722 -0.3533 0.0089 8.22 -3.28 4.21 187 413 357 408 209 
9.67 0.99 5.17 1.4600 4.0900 0.7700 -0.4633 0.4900 -0.1156 8.30 -3.17 4.14 189 390 329 383 211 
9.07 2.10 4.30 0.8700 6.1700 -0.6100 -3.4211 2.1700 -2.0822 8.16 -3.20 4.38 189 351 301 355 206 
6.27 -4.13 -0.96 -1.6100 -0.6900 -4.5600 -6.1100 -1.2100 1.0178 7.47 -5.94 2.21 176 251 276 330 207 
3.01 -10.92 -4.67 -3.1700 -3.7800 -3.8600 -0.5422 0.0778 0.4833 -1.77 -0.01 -0.01 182 262 291 337 209 
6.73 -8.04 -0.28 0.0900 -0.1900 0.0600 0.0467 -0.1089 -0.0111 6.81 -7.05 -0.21 180 266 293 337 210 
9.23 -4.74 0.14 3.2500 2.5800 0.4500 -1.0889 3.8633 -0.0356 6.80 -6.96 1.15 171 268 283 289 197 
8.12 -5.68 8.38 2.3300 0.6400 3.6300 -4.2289 6.0244 -0.6700 3.49 -8.27 3.93 172 350 338 359 200 
2.56 -10.05 -2.28 -1.6100 -0.3000 -3.8000 -2.0067 0.1300 -0.2411 2.77 -9.32 1.23 170 377 348 380 205 
5.18 -6.84 -5.89 1.6500 2.9200 -7.4200 1.5156 -0.8533 0.4389 2.90 -9.31 0.94 161 372 348 379 208 
2.85 -2.32 1.76 5.4300 8.0200 6.1300 7.1878 -0.8000 0.4978 3.86 -4.81 7.62 163 376 358 382 209 
-0.75 4.06 24.14 -4.9200 5.7000 11.4100 -3.3333 -0.4767 -0.8022 3.62 -4.66 7.82 162 377 362 384 209 
6.68 -2.03 5.05 4.5500 5.0100 -1.3900 -5.4800 1.4878 -0.5356 3.08 -8.64 3.44 162 380 362 388 208 
2.75 -7.49 -9.22 0.6000 2.7100 -9.3800 -1.8922 0.6067 -0.9122 3.46 -9.14 -0.70 164 378 360 389 209 
5.06 -4.61 -6.65 1.0600 5.4200 -8.0300 8.9978 -3.1167 0.5756 4.05 -6.87 5.69 162 369 353 383 212 
9.30 5.12 22.97 -9.2700 5.6800 9.5000 0.9167 -2.7822 1.1044 4.66 -2.78 8.16 164 371 358 382 209 
5.11 -1.29 11.40 0.9900 2.4100 3.5500 -1.8767 1.8922 -1.2444 4.48 -4.31 7.58 166 365 352 368 210 
6.14 -4.20 3.75 1.9200 1.1900 -2.6400 -2.6122 1.3744 -0.2956 4.47 -6.70 5.58 164 321 328 326 208 
4.43 -6.93 1.06 -0.6400 0.4700 -3.2400 -0.9900 0.1678 -0.3422 4.70 -7.49 4.22 162 318 317 317 206 
1.77 -5.36 1.21 -3.7100 1.2600 -4.5600 1.9789 -0.4589 -2.0756 6.07 -5.18 5.69 163 290 285 288 202 
;
