0.07 4.64 8.63 0.0200 0.0900 -0.0600 -0.0022 0.0000 0.0011 0.02 4.53 8.69 163 366 369 413 218 
-0.09 4.73 8.62 0.0700 0.1000 -0.2600 -0.0744 -0.0433 -0.0656 0.03 4.49 8.71 167 361 363 406 216 
4.17 13.94 31.28 -3.0600 -0.2200 11.9200 -4.9844 -8.8356 -3.0644 5.83 2.10 7.59 162 333 266 278 205 
5.47 1.12 -0.77 -2.7500 4.1600 1.1600 1.8856 -4.9422 3.5022 9.52 -1.07 -2.06 168 292 211 220 198 
6.96 1.54 -6.48 -1.5100 4.2000 -4.0000 3.9989 -3.4244 1.8533 6.45 -5.72 -4.66 153 271 163 167 147 
4.96 -6.60 -6.81 -1.0700 0.6000 -5.4600 3.7600 0.4078 1.0433 5.36 -8.19 -0.45 112 305 159 173 134 
0.36 3.72 4.22 -6.5900 16.9900 6.0300 6.9400 2.0700 -1.0178 3.09 -5.02 7.83 120 331 173 177 144 
5.02 -8.01 3.29 2.0800 -2.6600 -3.4200 -1.0922 -0.7989 0.2978 3.40 -6.15 6.82 121 330 175 181 146 
1.52 -3.65 8.19 -1.9200 3.3600 2.0100 -1.5711 -0.7500 -1.1000 4.46 -6.80 5.47 150 329 185 186 154 
2.53 -4.63 -2.00 -3.7500 1.6300 -6.2700 -2.2067 2.2722 -6.1456 7.86 -4.40 3.85 163 340 185 187 156 
10.08 2.75 1.87 4.7800 3.3300 -1.8700 3.3300 1.7233 -3.9656 7.12 3.39 5.82 150 357 183 186 158 
13.30 14.47 7.68 5.8200 7.8300 2.7600 3.9333 1.6900 2.2300 6.22 6.43 3.99 137 359 187 189 161 
3.47 10.97 8.30 -5.8700 5.7600 4.6900 -0.0467 0.1522 4.2978 9.01 2.49 2.93 144 361 189 190 161 
-0.08 3.22 2.89 -10.5600 3.7100 -1.2300 -4.2067 -0.3611 1.1411 9.05 -2.51 2.78 133 366 192 191 160 
9.62 3.18 -5.49 2.5200 4.5100 -6.4400 -3.3333 2.9044 -4.8533 9.54 0.85 2.06 127 368 184 190 161 
12.91 7.04 -2.65 4.9500 2.8100 -5.2200 3.1044 2.5744 -1.6122 7.63 5.30 3.13 133 367 185 190 163 
9.59 8.54 4.80 1.3900 3.2000 4.3900 2.3167 0.5567 1.7878 8.09 5.36 1.39 142 363 194 193 165 
7.92 10.59 9.65 -0.5900 6.8700 7.6500 -4.1767 1.0011 1.8267 9.03 2.31 3.03 168 292 251 249 198 
10.37 7.02 -0.96 1.1100 7.1500 -8.1500 -9.0344 4.2956 3.0378 7.53 -5.29 3.37 168 358 326 380 210 
5.44 -4.86 -3.81 -0.6800 4.6500 -5.8100 -3.0433 0.3989 1.8311 4.29 -8.80 -0.47 170 391 370 412 214 
3.67 -5.34 -7.86 3.2600 5.3400 -8.7200 2.1867 1.5178 -0.8722 4.46 -8.71 0.41 170 394 356 427 220 
5.32 7.31 21.35 -1.6100 11.8700 17.8300 5.5044 -0.6344 1.9522 3.87 -3.40 8.34 171 399 374 428 220 
5.48 -0.81 11.49 1.3600 4.6900 2.8500 -5.2289 0.9544 -0.8678 4.33 -6.84 5.52 171 399 380 428 221 
5.28 -3.49 -4.13 0.8300 5.3300 -6.4900 -4.5056 1.1889 -0.2500 4.72 -8.58 -0.33 170 390 367 421 221 
9.64 -1.93 -14.79 5.3800 6.6200 -12.2900 8.6056 2.7822 1.8400 4.41 -7.88 3.81 171 383 371 416 220 
-0.60 2.01 25.03 -4.6600 4.6700 14.7500 0.7856 -0.6556 0.6778 3.92 -3.51 8.27 168 384 377 409 221 
3.71 -2.27 3.93 -2.2000 1.2600 -5.2900 0.0333 0.0567 -2.1356 5.50 -2.89 7.58 166 327 324 321 213 
5.68 3.19 3.78 2.8000 4.0600 -2.2500 5.4578 4.9133 -3.0733 3.21 3.36 8.62 170 321 345 368 215 
4.86 8.33 12.53 7.3300 4.3500 4.8800 -0.3067 5.9633 -0.6222 -1.04 4.34 8.73 152 380 369 406 211 
;
