8.12 -2.15 4.83 0.0000 0.1100 -0.0900 -0.0044 -0.0044 -0.0122 8.14 -2.29 4.95 159 304 306 285 190 
8.16 -2.14 4.90 0.0600 0.1300 -0.1000 0.0044 0.0033 -0.0044 8.15 -2.28 4.94 159 303 306 286 191 
8.11 -2.09 4.94 -0.1000 0.1500 -0.0100 -0.0178 -0.2600 -0.0389 8.25 -2.25 4.79 159 306 308 285 189 
14.35 -5.96 5.39 8.5600 -5.9100 1.5500 -1.8956 -6.1933 3.2544 8.45 -4.52 -2.06 165 321 268 252 181 
2.12 -3.34 -3.66 -2.2400 5.7800 -0.3200 3.3200 -2.5267 1.4978 2.95 -8.95 -2.68 168 305 184 193 178 
-0.35 -5.23 -1.99 -0.9700 1.7900 -0.4900 -0.4989 0.4222 0.3900 2.64 -9.17 -2.22 128 316 169 175 129 
1.91 -10.87 -16.52 0.8000 0.7500 -16.9400 6.4844 -0.8711 0.2900 2.14 -9.32 2.14 122 351 173 179 126 
-0.13 8.21 25.21 -1.1100 13.2800 17.2400 -1.7533 0.8778 -0.3989 2.06 -6.34 7.18 126 357 179 181 129 
2.24 -6.34 5.77 -0.1800 1.6000 0.4800 -2.4056 0.0444 -0.0767 2.00 -8.61 4.23 132 357 178 184 131 
2.05 -9.30 -0.78 -0.2800 -0.3700 -2.4400 -1.7422 -0.2256 -0.1944 2.27 -9.48 1.06 134 349 183 186 135 
2.72 -9.15 -3.07 -0.1600 -0.1100 -3.2100 -0.9567 -0.4356 -0.1956 2.77 -9.36 -0.89 136 350 183 188 135 
3.07 -10.86 -3.86 0.0600 -2.0100 -3.2300 0.8789 0.0389 -0.0422 2.71 -9.40 -0.58 134 348 185 188 134 
3.59 -6.50 -3.73 -0.1000 4.1100 -4.7500 6.4200 1.7489 -0.0256 2.02 -7.61 5.83 135 352 180 187 135 
-2.15 3.48 18.56 -4.3600 6.2600 7.0100 -1.9033 -0.0422 -0.1500 1.51 -6.32 7.33 137 356 185 190 138 
2.42 -6.38 5.99 0.6600 1.6100 0.4100 -2.5222 -0.0489 -0.5967 2.30 -8.38 4.52 140 356 186 190 137 
3.30 -8.69 0.43 0.7100 -0.2600 -3.0800 -1.8233 -0.4378 -0.2689 3.13 -9.17 1.47 142 351 187 191 138 
;
4.04 -9.61 -0.95 0.4000 -0.4900 -1.4200 -0.4000 0.1467 -0.2567 3.37 -9.19 0.38 142 350 190 189 139 
4.01 -9.14 0.17 0.5300 0.1000 -0.0200 0.0822 0.2467 -0.1022 3.43 -9.17 0.38 140 351 191 190 139 
3.36 -9.06 0.45 0.1500 0.0300 -0.0400 0.0589 0.0489 0.0178 3.41 -9.17 0.54 132 352 191 191 139 
4.75 -11.73 -5.23 4.3700 -3.0800 -10.2500 2.2444 1.6367 0.6700 2.90 -9.02 2.50 133 352 192 191 138 
0.79 4.67 10.23 -1.1000 12.3400 4.9100 3.5833 0.6544 1.0444 0.92 -5.26 8.22 133 357 190 189 137 
-1.68 -1.33 12.08 -2.1200 3.9700 3.6000 -2.9067 -0.1044 -0.7589 1.14 -6.72 7.04 137 357 190 191 140 
1.58 -6.23 4.34 -0.5900 2.3200 -0.7500 -3.4311 -0.5267 -1.0567 2.71 -8.92 3.01 134 356 190 190 138 
5.86 -9.98 -7.25 2.2800 -1.5700 -8.5800 -0.3856 -0.4589 -0.0111 3.36 -9.20 -0.08 135 357 191 190 139 
4.39 -9.92 -1.04 0.5300 -0.9900 -2.3500 1.0133 0.2111 0.1811 3.33 -9.17 0.92 134 353 194 193 139 
5.00 -10.40 -3.93 2.2600 -0.1500 -6.2200 4.4678 0.6011 0.9111 2.17 -7.69 5.67 138 353 193 193 140 
-1.71 3.39 15.22 -3.0300 7.2900 6.5300 0.5111 0.3489 0.1378 1.15 -5.03 8.33 137 355 191 193 142 
-0.24 -5.09 9.03 -1.3300 1.4000 1.5000 -1.8311 -0.2411 -0.7089 1.61 -6.96 6.71 136 356 195 192 138 
2.84 -5.77 3.84 0.2400 2.3300 -1.3100 -3.1389 -0.4833 -0.7522 2.95 -8.79 3.19 145 355 196 196 142 
4.72 -10.03 -2.46 1.2400 -0.8500 -2.8300 -0.7056 -0.4378 -0.1889 3.73 -9.04 0.70 148 356 197 196 142 
;
