-0.94 4.53 8.53 -0.2000 -0.0100 -0.0900 -0.0067 -0.0122 -0.0011 -0.75 4.56 8.64 170 311 289 310 193 
-0.92 4.53 8.56 -0.1700 0.0000 -0.1100 0.0056 -0.0078 0.0067 -0.76 4.57 8.64 168 313 291 309 194 
-4.01 3.70 9.25 -3.3200 -1.6500 0.8000 -0.0578 -5.9656 -0.2900 2.68 4.71 8.16 164 312 242 257 176 
19.50 5.94 5.70 10.6300 2.8900 2.4200 0.8322 -7.7500 3.6756 9.37 2.45 -1.50 164 317 180 186 150 
7.42 2.25 -8.04 0.5800 6.4700 -2.4800 5.6778 -1.7111 3.2856 5.14 -6.20 -5.59 123 305 171 182 142 
2.13 -4.53 -7.51 -0.5000 1.6800 -10.0300 3.2867 1.1356 1.1767 3.35 -9.20 -0.34 116 347 176 183 139 
-6.07 13.81 16.75 -8.3900 22.0200 13.0000 1.4600 -0.1044 0.3544 2.10 -5.67 7.71 126 364 185 184 145 
3.31 -8.03 5.88 0.9800 -1.5900 -1.1200 -0.2867 -0.2311 0.3711 2.29 -6.41 7.04 127 366 186 188 146 
1.34 -4.77 5.99 -1.0900 2.6700 -0.1000 -2.1289 -1.2756 0.2456 2.69 -7.90 5.14 167 349 216 218 178 
-3.11 -3.58 -3.54 -3.2700 6.4600 -5.5000 -5.8511 -0.8544 -1.0211 3.75 -8.52 -3.05 174 239 250 262 170 
3.61 -2.52 -9.91 -1.1900 2.0500 -3.7900 -5.1678 -4.6544 -0.7789 1.01 -1.64 -9.61 179 267 256 295 186 
3.35 3.48 -19.27 -0.3500 -1.2300 -7.5200 -0.5944 -0.1711 -0.1878 0.30 3.16 -9.27 176 277 271 294 182 
3.99 0.16 -14.64 3.9800 -2.4200 -6.0800 1.7911 0.2811 0.3411 0.68 1.47 -9.67 175 275 266 287 178 
5.18 2.28 -17.38 1.0400 5.1400 -6.7300 8.4567 4.1922 1.4622 3.82 -5.74 -6.96 207 416 370 435 218 
-2.58 1.62 0.00 -6.6300 10.8800 0.8300 2.7089 0.6844 1.4856 3.12 -9.22 1.16 207 420 381 442 219 
0.97 -5.22 2.29 -2.2100 3.4100 0.3700 -0.4111 -0.2556 -0.1178 3.23 -9.10 1.64 209 416 384 443 220 
1.36 -5.36 0.55 -3.2700 4.7100 -0.8100 -1.5022 -0.7522 -1.4300 4.51 -8.70 0.00 206 410 383 418 219 
;
