1.56 1.73 9.54 0.0400 0.0300 0.0000 -0.0056 0.0044 -0.0011 1.51 1.70 9.53 162 330 318 344 208 
1.49 1.69 9.60 -0.0100 0.0000 0.0100 0.0011 0.0000 0.0011 1.51 1.70 9.53 163 331 316 344 208 
1.47 1.93 13.19 -1.3100 0.3200 4.5300 -2.0722 -8.6511 -0.8789 7.25 1.22 6.48 167 334 207 230 178 
9.22 -2.47 -1.49 -0.1300 1.4100 -3.4700 2.8767 -9.3444 5.7667 7.76 -4.83 -3.53 154 330 165 167 136 
-0.55 -6.31 -9.85 -4.1000 0.6300 -7.9900 1.8978 -0.1700 0.7978 4.62 -8.18 -2.77 136 346 168 170 140 
5.94 -8.06 -13.44 1.6400 2.0000 -13.6900 6.3889 0.1022 1.0056 3.83 -8.42 3.23 136 360 170 173 143 
0.28 11.52 26.36 -3.3400 13.5400 15.4700 -2.2400 1.2422 -1.1078 3.16 -5.79 7.24 139 370 173 175 145 
4.61 -6.56 5.52 0.7400 0.5200 -0.1800 -2.5822 -0.0533 -0.2278 3.65 -7.88 4.54 153 346 195 203 176 
3.91 -12.21 -0.29 -0.2900 -5.0900 -6.7900 -0.7222 1.7567 -3.2556 6.06 -7.46 1.89 157 364 337 409 211 
3.70 -3.25 0.18 -2.0600 3.6100 -1.7500 3.7411 -1.5567 -0.3778 7.46 -4.31 4.66 175 401 367 434 213 
8.04 1.04 7.03 0.2000 4.0400 1.8700 0.8078 -0.4678 0.2344 7.86 -3.19 4.90 189 412 353 437 213 
8.11 -1.35 7.12 0.1300 1.8800 1.6700 -1.2100 0.6778 -0.5933 7.83 -3.26 4.90 192 406 353 433 215 
7.45 -2.01 2.16 -0.1500 2.0300 -2.4200 -1.1667 1.1422 -0.1822 7.22 -4.11 5.19 192 391 334 428 220 
6.33 -5.41 7.17 -1.6100 -1.5200 2.5100 -3.1989 1.8133 2.1533 6.15 -6.69 3.68 180 286 301 336 213 
5.24 -9.11 -0.45 -1.8700 -0.4200 -2.5800 -2.1589 1.1611 -0.8389 6.17 -7.61 0.04 184 276 284 340 213 
8.34 -6.69 -1.25 1.7400 0.4800 -0.7700 0.0322 -0.1167 0.0000 6.53 -7.30 -0.40 186 287 287 343 214 
6.49 -7.41 0.04 0.0000 0.0900 0.5200 0.1878 -0.0056 0.0544 6.44 -7.38 -0.31 187 287 289 345 213 
;
5.86 -7.19 0.13 -0.1100 0.2500 0.4600 0.0456 -0.1689 0.0889 6.38 -7.43 -0.36 187 292 288 344 213 
6.71 -7.38 -0.43 0.5100 0.1600 -0.0500 0.1589 -0.0044 0.2567 6.18 -7.60 -0.39 183 293 289 299 207 
1.23 -5.74 0.36 -4.3500 1.4700 -0.0500 0.6511 -0.3978 0.2222 5.59 -8.03 0.49 178 310 268 275 202 
5.61 -9.58 3.30 2.0300 -2.4100 2.8700 0.3556 -2.2189 -0.1622 5.45 -8.14 -0.31 178 319 179 191 150 
7.17 -7.58 -1.55 0.3000 1.4300 -1.7100 0.5889 -1.3522 0.0211 5.75 -7.91 -0.63 140 315 172 178 130 
6.57 -9.68 -7.58 1.2200 -1.4000 -7.3600 1.9267 -0.2289 0.6367 4.69 -8.60 -0.03 128 336 171 179 130 
3.79 -5.73 -1.38 -0.3700 4.9000 -0.7500 4.9278 1.2244 -0.8800 4.36 -6.73 5.63 134 358 176 181 134 
3.71 -1.34 9.85 -0.1000 4.3000 3.0500 -2.2778 -0.0344 0.0800 4.23 -7.13 5.23 133 356 178 186 135 
4.57 -8.30 2.25 0.3300 -0.0200 -0.3000 -1.8944 -0.0278 -0.3333 4.39 -8.35 2.65 158 353 194 202 154 
5.97 -8.62 -1.60 -0.0600 -2.0700 -4.2300 -3.0056 1.4789 -1.6444 6.38 -7.38 -0.91 164 396 354 406 207 
8.45 -8.86 -7.79 1.6700 -1.8100 -5.5000 2.7022 -0.3611 -0.1044 7.49 -6.31 -0.26 168 411 354 437 210 
6.81 -2.10 0.49 -2.4000 4.3800 -1.0700 4.7167 0.3133 -0.2289 7.80 -4.40 3.98 186 414 352 434 209 
9.13 2.71 7.39 0.9200 5.6700 3.2300 0.7067 -0.5144 0.0056 8.35 -3.04 4.12 191 384 332 419 213 
10.22 -1.26 2.77 2.4000 2.3500 -0.8300 -0.6411 -0.0111 -0.1011 8.36 -3.42 3.80 193 357 326 409 216 
7.93 -1.86 4.25 0.7700 2.1300 -0.8900 -1.6100 -0.0433 0.8911 7.56 -4.44 4.38 185 319 324 371 211 
5.98 -5.48 4.44 -2.4900 -0.5300 1.6000 -2.2233 -0.6022 3.0833 5.08 -8.15 1.94 181 265 287 325 200 
1.31 -11.34 -0.65 -2.0100 -1.8500 -1.0500 -1.0167 0.2089 -0.0767 4.06 -8.92 -0.08 184 271 288 337 203 
;
