-1.65 6.58 7.06 -0.0400 0.0000 0.0700 -0.0033 -0.0022 0.0044 -1.63 6.60 7.06 173 371 372 408 223 
-1.68 6.60 7.11 -0.3400 -0.0400 0.0700 -0.7733 -1.0333 0.0456 -1.25 6.29 7.41 172 322 330 354 220 
1.46 4.01 14.02 4.1000 -1.7200 5.1000 -3.1911 -9.7556 1.8533 7.91 2.59 5.17 178 336 265 250 192 
9.45 0.86 -1.74 -1.5200 1.6900 -1.4200 0.8411 -4.8011 3.3011 9.03 -1.95 -3.27 177 280 160 178 135 
4.17 -0.05 -11.30 0.1400 4.8000 -6.7200 4.0156 -2.2267 1.1989 4.62 -6.14 -6.08 115 290 154 165 125 
4.71 -5.54 -14.47 0.6800 3.8800 -13.1000 8.5956 0.5000 0.9433 3.34 -8.85 2.55 121 332 169 173 132 
-3.90 14.10 21.02 -5.7100 18.9700 14.6300 -0.0333 -0.9544 1.1011 2.57 -5.07 7.98 124 334 172 179 135 
4.82 -9.18 3.33 1.8700 -2.0100 -2.4000 -0.6744 -0.0511 -0.1667 3.19 -6.79 6.30 133 341 175 185 141 
3.40 -4.15 7.94 0.1600 2.2100 1.1800 -6.0056 3.3033 -2.9144 3.99 -8.34 3.24 160 203 226 225 173 
1.22 -9.81 -5.37 -1.8500 0.5400 -2.0200 -1.2500 -2.4422 1.4600 3.11 -9.29 0.00 164 204 219 222 168 
3.40 -7.79 2.19 -1.9100 1.6500 1.6100 -0.1789 -0.6422 1.8033 0.53 -9.78 -0.36 166 221 224 228 173 
-0.95 -11.25 -0.01 1.5800 0.3000 1.7100 -0.3478 0.5200 0.1378 0.10 -9.73 -1.16 169 221 226 230 174 
-0.12 -9.67 0.09 -1.7400 0.7000 0.6700 -0.4333 -1.1322 -0.5622 0.30 -9.70 -1.37 168 226 227 232 175 
3.67 -7.48 -5.00 -0.7600 1.5100 -3.1800 0.0378 -8.3889 -5.1489 3.53 -8.00 -4.42 169 231 223 233 176 
2.35 -3.08 -9.63 3.8100 3.4000 -0.8600 -1.6678 -4.2100 -2.1100 2.40 -5.81 -7.52 170 242 224 209 174 
3.65 -4.29 -9.77 1.2600 1.4400 -2.0900 1.7011 -0.1922 -1.2056 2.63 -6.27 -7.05 171 246 229 237 179 
4.68 -6.29 -4.52 1.9100 0.6400 1.3000 0.7378 -0.0067 -0.4722 3.26 -7.17 -5.83 171 248 232 241 185 
3.75 -6.93 -5.50 -0.0900 0.6700 -0.2400 0.0733 0.5700 0.0556 3.73 -7.23 -5.45 174 248 235 244 189 
9.53 -5.57 -0.08 6.6100 1.9400 6.1900 -1.5422 5.2256 -0.6322 5.80 -6.64 -4.28 162 273 227 244 179 
10.27 -7.41 -1.73 2.6900 -3.1500 -7.0900 -0.0600 1.0033 -2.4533 8.98 -3.91 0.06 149 343 174 199 172 
7.35 -2.59 -2.00 -4.3700 -1.8900 -5.1600 3.5289 2.6622 -2.1089 8.34 1.16 5.01 136 375 187 204 172 
5.86 3.99 4.72 -2.7900 1.1100 -0.3200 1.4844 0.0844 0.8900 8.26 2.48 4.66 121 380 181 204 171 
6.77 5.17 4.52 0.0100 3.1000 0.2600 -0.0633 -0.4056 0.4600 8.46 2.38 4.33 118 386 186 207 171 
8.60 6.92 2.54 0.0000 4.8600 -2.1300 -1.3511 -0.0344 -1.1489 8.12 2.61 4.83 123 394 184 209 171 
10.44 2.95 2.37 0.7600 -1.8500 -1.6100 -1.0944 -0.9067 -0.3767 8.34 2.39 4.55 126 391 189 210 173 
7.33 -0.46 6.88 -0.5100 -1.9300 1.8700 -0.7067 -0.3267 -0.4178 8.36 2.48 4.47 127 391 190 212 174 
8.41 3.14 4.88 -1.2500 0.0200 0.2000 0.0522 -0.0289 0.3000 8.42 2.45 4.38 144 388 193 212 176 
0.78 -1.16 2.02 -7.2300 -3.7000 -1.4500 -1.0189 -0.3311 -2.2656 8.44 3.55 3.48 165 397 230 237 191 
11.75 4.38 4.22 3.7400 -0.0100 -0.5500 0.0000 2.7400 -1.8667 4.53 4.93 7.15 169 374 283 286 198 
;
