2.53 4.27 8.47 -0.1000 0.1000 0.0000 0.0011 -0.0144 0.0100 2.63 4.17 8.47 154 294 278 285 184 
2.54 4.27 8.48 -0.1200 0.0800 0.0100 -0.0100 -0.0111 0.0011 2.63 4.17 8.47 155 294 277 286 184 
-0.18 2.57 10.96 -2.7300 -2.6200 3.1000 0.3844 -5.7122 0.2600 5.85 4.21 6.64 158 303 257 254 173 
13.53 2.12 3.46 4.3800 0.5900 -0.4200 0.5656 -6.5900 4.1156 9.79 -0.28 0.38 165 286 203 211 155 
7.06 1.15 -3.71 -0.5400 4.8000 0.1000 3.5756 -4.5700 2.1433 5.90 -5.90 -5.14 156 287 186 192 135 
7.70 -3.18 -14.65 3.8800 4.5700 -14.0200 6.5278 -1.6633 1.4344 2.96 -9.19 -1.66 122 307 188 189 128 
-2.67 13.07 17.63 -3.4100 19.7800 14.5100 2.8178 -0.0278 0.5778 2.08 -5.62 7.75 125 357 194 196 133 
2.68 -7.27 4.63 0.7700 -0.9000 -2.3100 -1.2067 0.0700 -0.6867 2.53 -7.18 6.17 134 345 199 199 139 
10.33 -7.22 0.05 7.9000 1.1400 -4.2900 -6.3811 9.6733 -2.9322 2.63 -9.09 2.54 156 258 284 270 179 
-3.01 -6.91 -0.15 -1.3400 2.8800 -2.3600 -5.9222 4.9967 1.7033 -0.58 -9.48 -2.43 158 294 292 330 196 
-0.57 -7.04 -10.30 -4.3200 0.8000 -7.0500 1.1133 1.1978 -0.4722 0.29 -8.75 -4.39 166 325 309 340 202 
0.87 -7.06 -4.79 -1.9800 3.3400 1.2300 7.2378 1.3156 -0.6022 1.50 -9.30 2.72 169 319 309 330 200 
2.28 -6.58 9.72 1.0500 3.0900 5.7300 -2.7467 -1.1200 0.4456 1.28 -9.61 1.41 168 317 305 325 199 
-2.24 -8.34 -8.66 -1.9800 1.0100 -8.7200 -1.7733 -0.6867 -0.0500 0.49 -9.40 -2.74 166 316 298 319 194 
-2.85 -6.19 -9.74 -2.6100 1.7700 -3.2500 6.4500 1.4144 -0.6111 1.63 -9.33 2.53 168 315 301 319 195 
4.04 -5.34 7.83 0.8400 2.0100 0.7100 -0.8722 -0.7811 0.2356 2.06 -8.71 3.98 167 310 303 315 195 
-1.48 -6.01 -0.13 -3.0700 2.7000 -4.4800 2.3989 -0.5567 0.3233 1.39 -8.12 5.31 159 282 280 278 186 
0.17 0.38 3.46 -2.6100 5.8200 -2.5000 8.0189 1.8489 -1.7233 0.93 0.58 9.74 161 304 301 292 193 
;
-1.20 3.75 8.95 -0.1300 -0.0100 -0.0400 0.0056 -0.0067 0.0067 -1.08 3.76 8.98 150 297 275 296 186 
-1.23 3.82 8.89 -0.1000 0.0200 -0.0600 -0.0100 -0.0100 0.0011 -1.08 3.76 8.98 150 301 280 298 186 
-3.05 3.74 11.96 -3.5000 -1.3000 3.7800 0.6389 -2.8300 -0.6144 0.98 4.20 8.80 156 300 231 261 190 
16.12 4.04 7.01 7.8900 -0.0600 0.3800 0.3067 -5.1178 3.0567 9.12 2.83 2.22 164 308 190 205 169 
8.10 4.02 -4.65 -1.6400 6.1100 0.8700 3.3289 -5.7933 3.3733 6.57 -3.77 -6.21 165 310 176 182 153 
4.82 0.12 -7.30 0.6300 6.5700 -2.1500 3.0500 -1.1378 0.9989 4.06 -7.18 -5.29 114 316 173 176 139 
5.49 -4.95 -14.33 2.4300 7.4400 -5.4800 9.8367 -0.4422 0.3867 1.92 -8.52 4.45 120 340 175 178 145 
2.09 2.44 13.73 0.6600 5.5900 4.2300 -0.6078 0.8000 -0.9089 1.74 -6.13 7.44 121 338 175 182 145 
2.06 -7.23 6.10 -0.0700 0.6200 -0.4200 -0.3633 -0.0622 -0.0744 1.90 -6.97 6.62 125 337 178 183 151 
2.85 -3.60 6.21 2.8500 3.1000 -0.6300 -5.2644 5.6333 -5.4589 3.76 -8.35 3.49 156 280 228 216 166 
14.02 -5.81 2.06 5.6800 2.5900 0.4700 -4.9711 8.3833 -0.6256 3.51 -8.78 2.59 165 288 281 299 196 
2.09 -5.50 -2.51 -1.8600 0.9900 -2.7400 -3.9556 0.9911 1.1100 1.12 -9.29 -2.92 169 312 288 320 203 
-2.70 -7.04 -13.78 -2.5800 1.3200 -8.8500 1.3600 0.9522 -0.5444 1.28 -8.82 -4.08 167 305 284 306 198 
2.38 -1.10 2.79 -0.8200 8.3900 6.2000 6.3478 1.9200 -0.0956 2.22 -8.52 4.30 169 307 290 299 197 
4.10 -5.79 6.63 1.5400 2.8200 2.7400 -2.1456 -1.1478 0.6878 2.23 -9.33 2.01 170 307 290 302 197 
-0.53 -9.02 -5.59 -2.8300 0.4000 -6.2100 -1.5578 -1.2789 0.1844 1.44 -9.60 -1.36 168 304 286 293 191 
-5.04 -8.17 -13.74 -4.1900 4.4200 -6.5800 5.7033 1.7900 -1.1589 2.60 -8.73 3.62 170 305 287 296 195 
4.50 -6.21 6.06 1.4400 2.1400 -0.0800 -0.3944 -0.4311 0.6567 2.57 -8.44 4.26 171 301 286 291 191 
-1.39 -5.87 -0.57 -3.1100 2.5600 -5.2500 3.0778 -0.9822 1.1644 1.41 -7.90 5.62 155 280 276 270 185 
;
