5.27 4.64 6.36 -0.8600 -0.1800 0.4700 0.0078 0.2433 -0.1022 5.87 4.94 6.09 165 313 288 296 187 
5.09 5.33 6.74 -1.5000 0.8600 2.5500 0.5200 -2.7400 0.4256 7.07 4.81 4.77 164 316 279 299 194 
13.76 0.85 5.17 3.7400 -1.0500 -0.0300 -0.4733 -5.3678 5.3956 9.35 -1.54 2.51 159 317 243 255 187 
5.59 -3.32 -0.78 0.2800 4.3000 -0.6400 5.8400 -11.9967 7.3067 2.54 -9.43 -0.85 168 334 171 172 139 
-0.23 -2.76 7.21 -0.6800 6.4100 4.6200 0.8667 -0.6633 0.1300 1.23 -9.15 3.28 132 347 171 173 146 
1.29 -8.98 3.25 0.2000 -0.5500 -0.2600 -1.0200 -0.9133 0.6878 0.63 -9.66 1.55 126 337 178 175 147 
-1.63 -17.42 -17.36 -2.4700 -8.3400 -25.6200 7.0911 0.0656 -0.7567 0.93 -8.20 5.28 129 361 178 177 149 
1.88 19.12 28.10 1.1500 13.3200 9.6700 -2.4078 0.9778 -0.7367 0.80 -4.24 8.80 132 364 178 178 151 
0.27 -4.50 9.38 0.5500 2.3100 3.2400 -2.1889 0.0278 -0.3144 0.90 -7.01 6.78 152 349 188 189 162 
;
-0.20 -7.34 1.97 -1.5300 0.8700 -3.0400 -2.6978 -0.7622 -0.6056 1.67 -9.29 2.65 142 349 189 189 161 
3.75 -10.86 -0.22 1.6000 -1.2300 -1.0800 0.0733 0.0889 0.1533 1.68 -9.49 1.78 144 346 189 189 161 
2.54 -9.09 1.99 0.9100 0.3400 -0.0100 0.1811 -0.0289 0.0467 1.79 -9.42 2.01 144 349 190 190 162 
1.66 -9.36 2.86 -0.1500 -0.0800 0.8100 -0.1433 -0.2378 0.1378 1.69 -9.43 2.06 133 345 184 185 148 
8.22 -14.13 -10.77 7.6800 -8.6800 -22.3600 5.2967 3.3800 -0.6122 1.43 -8.33 4.97 137 360 187 185 153 
-2.79 12.60 20.91 -3.8300 13.8800 11.0600 0.7967 -0.2200 0.9811 -0.28 -3.85 9.01 140 367 187 188 153 
0.29 -2.93 9.52 0.5200 2.7800 1.6200 -2.2900 -0.2311 -0.6011 0.33 -6.62 7.22 137 364 187 187 153 
;
0.60 -5.91 4.72 0.3400 2.6300 -0.0300 -3.7222 -0.4033 -0.6478 1.39 -9.25 2.93 137 364 190 188 153 
3.62 -11.62 -7.34 2.1600 -1.5300 -5.8900 -0.4378 -0.4622 0.1456 1.61 -9.67 0.09 140 363 189 188 152 
2.70 -9.83 1.27 1.4000 -0.3500 0.3700 0.3544 0.0467 0.0167 1.70 -9.64 0.50 139 359 186 189 153 
2.63 -10.48 -0.42 0.8300 -0.8900 -1.4200 0.7167 0.0611 0.2600 1.44 -9.60 1.34 138 349 189 190 155 
4.85 -13.73 -9.53 5.3800 -3.8300 -15.3400 5.7711 2.1078 0.6456 0.27 -7.58 6.21 140 357 189 189 154 
-5.26 12.21 23.68 -3.4200 13.5200 12.2100 -1.9644 0.3378 -0.6656 -0.24 -4.51 8.70 137 360 188 189 155 
0.12 -3.23 10.88 -0.2900 3.3000 3.2100 -2.5633 -0.0911 -0.8956 0.49 -7.39 6.42 139 360 191 191 157 
;
3.78 -6.99 1.22 2.3600 1.4200 -3.6300 -3.5922 -0.5256 -0.3867 1.79 -9.45 1.89 139 361 191 190 157 
2.66 -10.89 -2.22 0.7500 -0.9700 -1.7900 -0.0267 -0.2711 -0.3389 2.38 -9.49 0.62 140 359 193 192 156 
4.16 -9.27 0.88 1.5500 0.0300 0.0300 0.2167 -0.1156 0.1989 2.33 -9.49 0.75 140 360 190 190 157 
2.68 -11.05 -0.84 0.4400 -1.9600 -3.0800 1.1644 -0.0111 0.0622 2.10 -9.43 1.67 136 354 191 190 155 
4.80 -8.34 -6.29 2.2700 3.4500 -7.3900 6.4133 1.8356 1.0733 0.37 -6.48 7.34 141 366 191 190 158 
-3.92 3.10 15.57 -3.2900 6.4100 5.2200 -2.1033 0.0911 -0.8089 0.04 -5.40 8.18 139 369 193 190 159 
0.47 -4.34 9.03 -0.7200 2.6600 2.1400 -2.0456 -0.5767 -0.6900 1.05 -7.47 6.26 138 366 193 190 157 
;
2.91 -8.46 1.32 1.6900 0.0200 -3.1100 -2.6922 -1.0222 0.2167 2.03 -9.22 2.62 136 350 190 193 157 
2.60 -9.37 1.11 1.7400 -0.4600 -2.7500 -0.5144 -0.5778 -0.1000 2.53 -9.37 1.33 138 350 190 192 157 
4.09 -9.42 1.85 1.2300 0.1300 0.8300 0.1011 0.1611 0.1233 2.41 -9.39 1.43 136 351 191 192 158 
2.96 -11.65 -2.11 1.0000 -2.3000 -4.1800 1.4600 0.0733 0.3011 1.93 -9.28 2.49 133 351 191 192 158 
0.76 1.88 6.73 -0.6700 11.3300 2.2600 5.2744 0.4733 1.1622 0.47 -5.29 8.24 141 360 194 194 159 
-2.07 -2.46 11.02 -1.8600 2.1600 2.1000 -2.1644 -0.0956 -0.5000 0.27 -5.93 7.80 140 359 194 192 158 
1.77 -4.05 8.24 0.5700 3.0800 0.9200 -3.0867 -0.0767 -0.9867 1.38 -8.28 5.06 141 359 192 193 159 
;
3.12 -7.62 -0.12 2.5700 0.4300 -4.8300 -2.7311 -1.1867 -0.5100 2.86 -9.36 0.53 140 352 192 190 157 
4.35 -10.93 -3.21 1.0600 -1.3100 -1.4000 0.0456 0.0678 -0.1100 2.77 -9.38 -0.61 138 348 193 193 158 
3.81 -9.73 -0.94 0.7900 -0.7300 -0.6900 0.7833 -0.2233 0.4200 2.54 -9.46 0.12 139 346 195 192 157 
5.61 -12.22 -7.46 3.9500 -2.9600 -11.3600 4.5889 0.4156 0.9322 1.66 -8.75 4.10 138 349 194 194 159 
-2.19 8.07 16.69 -2.6100 13.5900 9.3700 1.8656 -0.4833 0.9278 0.32 -4.83 8.52 142 358 195 193 159 
-0.04 -6.26 7.96 0.1200 -0.1900 0.0000 -1.5722 0.2778 -0.6056 0.41 -6.57 7.26 142 357 194 194 160 
1.20 -4.91 7.83 0.5100 2.6200 1.6700 -2.1311 -0.2556 -0.6311 1.21 -8.19 5.25 132 342 194 193 159 
;
3.13 -9.01 1.04 0.3800 0.0000 -2.1700 -1.9511 -0.7067 0.0044 1.86 -9.40 2.04 139 338 194 192 158 
2.80 -8.83 1.39 0.5800 0.9700 -0.0200 -1.1711 0.0278 -0.4067 2.33 -9.51 0.51 139 340 195 194 158 
3.95 -10.62 -1.96 1.5700 -1.2200 -1.5700 0.4200 -0.1244 0.1811 2.26 -9.53 0.14 139 342 194 194 157 
4.49 -11.34 -3.98 2.3800 -2.0500 -5.9100 2.6833 0.1767 0.8389 1.56 -9.31 2.63 139 342 194 194 160 
-1.94 5.45 10.62 -4.3700 15.1400 10.3400 4.1433 0.6522 0.3744 -0.27 -5.18 8.31 142 347 195 193 160 
-0.09 -5.83 6.50 1.5500 -0.1500 -1.7600 -2.0422 -0.6700 0.2567 0.06 -7.17 6.68 141 345 198 193 160 
0.76 -6.10 6.27 0.8100 2.0400 0.9400 -2.0000 -0.5367 -0.4711 0.73 -8.80 4.25 142 346 197 194 159 
;
