8.22 3.21 4.42 0.0900 0.0200 -0.0300 -0.0044 0.0189 -0.0044 8.11 3.21 4.46 167 354 356 382 205 
7.26 2.23 5.25 -1.1600 -0.5300 1.3400 0.5633 -1.7856 0.3389 8.76 2.83 3.37 168 333 322 340 202 
15.88 4.92 2.20 6.0400 2.2200 -0.0800 -1.6867 -1.3700 2.1400 9.72 0.96 0.75 158 297 279 287 192 
9.88 -3.82 -2.84 0.6400 -0.9100 -3.2000 2.5644 -3.9689 5.6922 7.60 -5.92 -1.80 165 265 228 245 183 
2.03 -2.82 0.39 -1.6000 7.3600 -0.0600 2.9322 -2.5733 1.9522 2.07 -9.57 0.49 168 282 168 182 135 
1.41 -8.06 2.47 -0.5200 0.0000 -1.1500 0.1256 -0.5600 0.1056 2.06 -9.36 2.03 126 332 167 183 136 
3.72 -6.70 -4.85 1.2100 2.5400 -9.4500 7.0600 1.3189 -0.9922 2.11 -5.55 7.79 130 371 178 189 146 
4.08 -3.46 4.35 1.5700 0.0100 -4.8000 -1.4422 0.0667 -0.5733 2.22 -5.34 7.91 133 372 182 193 146 
2.15 -5.86 8.68 -0.1800 0.9400 1.7200 -0.8511 -0.1889 0.0622 2.27 -6.18 7.26 144 366 189 201 155 
3.03 -6.42 7.58 1.4400 0.2500 0.9300 -1.7778 0.6589 -1.0622 2.66 -7.56 5.63 161 342 218 230 166 
1.50 -7.71 0.86 -2.7200 0.8700 -4.1500 -2.0600 2.6500 -2.5600 3.66 -8.28 3.75 160 331 216 230 167 
4.68 -4.36 2.70 -0.4100 1.6100 -3.0000 2.9967 0.4011 -2.9133 6.01 -4.05 6.59 160 323 204 214 166 
10.81 1.88 9.93 4.1300 2.5100 2.1900 3.3478 -0.3156 -0.8589 6.49 1.36 7.21 122 369 185 182 147 
11.86 4.26 10.54 4.4900 1.3900 4.1400 2.3200 0.4089 2.1567 7.06 2.44 6.34 122 383 186 184 151 
3.40 4.36 9.45 -4.0500 2.8900 3.3300 0.3811 0.5056 2.7178 7.01 0.35 6.84 124 395 190 188 153 
3.42 1.75 5.68 -2.1200 5.1300 -1.0300 -6.0589 0.6467 0.0044 6.62 -4.39 5.74 124 395 192 188 153 
7.21 -1.34 0.11 -1.5700 3.4300 -5.2800 -1.1122 2.7033 -3.7356 7.39 -4.00 5.04 119 390 193 190 157 
10.20 -0.39 3.24 4.5400 0.2100 -1.4400 3.2767 -0.5311 -1.4378 7.56 0.62 6.21 124 388 190 191 160 
10.88 5.05 8.83 2.4700 3.3100 3.8300 2.7144 -0.6722 1.7478 8.22 1.97 4.95 131 392 199 193 163 
7.94 2.20 5.32 -0.7300 0.5900 0.0500 -0.4256 0.1189 0.5489 8.39 0.96 4.98 135 393 201 196 161 
;
7.35 1.42 5.36 -0.5400 0.5400 0.1400 -0.5789 -0.1367 -0.0311 8.36 0.57 5.08 142 392 200 197 164 
7.71 2.11 6.95 -0.4700 1.5500 1.6200 -1.7022 -0.5378 0.1300 8.52 -0.20 4.85 161 362 224 241 179 
6.11 -0.37 6.43 -2.4000 1.2300 1.5200 -3.4367 -1.8500 1.0178 8.74 -2.85 3.38 162 306 261 270 183 
10.40 -6.42 -0.72 2.7900 -1.9500 -1.5500 -1.4844 -5.9322 2.9911 7.39 -5.95 -2.46 156 334 172 177 157 
3.11 -6.40 -11.30 -1.7300 0.8700 -9.4300 2.4267 -0.9722 1.2400 3.33 -8.71 -3.02 134 314 171 178 153 
3.57 -7.00 -6.77 0.7800 3.4900 -6.0000 5.6889 0.1044 0.6911 2.76 -8.59 3.82 139 339 173 182 158 
1.52 8.31 19.84 -1.2100 13.4700 12.6900 -0.3189 0.6589 -0.5711 2.22 -5.73 7.63 144 350 179 184 159 
3.77 -7.62 4.73 0.9300 -0.5200 -0.5900 -1.4733 0.6111 -1.1033 2.84 -7.61 5.49 151 351 187 191 161 
3.33 -6.62 4.34 -0.3500 1.7000 -1.4600 -2.7278 3.7333 -3.7789 4.43 -7.86 3.81 148 355 192 191 164 
4.13 -5.26 0.91 -1.9200 0.6000 -4.9700 2.2567 4.6322 -3.8044 3.95 -4.13 7.96 125 348 196 194 164 
4.93 4.91 13.00 2.4400 3.9600 3.3500 2.8356 -0.7089 1.7611 3.01 2.01 9.10 129 351 195 195 166 
4.67 5.58 12.82 0.4000 2.2600 4.0600 1.0267 -0.5222 3.9000 4.73 2.80 8.11 139 374 194 196 166 
4.03 4.60 10.76 -2.6100 2.8600 3.0400 -1.8389 -0.5511 2.6600 6.39 -0.81 7.38 139 387 197 196 163 
3.78 -1.84 5.67 -2.4600 1.9300 -0.8500 -3.6044 -0.0544 -0.0522 6.30 -5.02 5.58 136 387 199 193 165 
7.40 -1.93 1.86 -1.2500 2.9200 -2.5000 -1.7233 1.5544 -2.1044 7.45 -5.04 3.88 130 384 193 196 165 
8.62 -3.75 0.54 1.1100 -0.0900 -3.3400 1.0000 -0.7989 -1.3622 8.49 -2.61 4.14 137 384 193 198 167 
11.91 -1.37 7.12 2.8300 0.0200 2.6500 0.7933 0.2411 -0.0033 8.70 -1.10 4.38 141 387 196 197 168 
;
