2.78 1.99 9.19 0.0200 -0.0600 0.0200 -0.0022 0.0056 0.0033 2.78 2.07 9.17 159 335 334 357 209 
2.80 2.02 9.17 -0.0100 -0.0400 0.0000 -0.0056 0.0056 -0.0011 2.77 2.07 9.17 159 332 333 359 210 
3.51 2.14 11.10 5.8400 0.1300 6.2800 4.4211 -4.3233 -0.9078 5.48 4.21 6.95 162 350 350 385 213 
6.86 6.86 9.49 -1.4400 4.8500 4.8700 -2.9789 -1.5722 3.8533 8.53 -0.94 4.72 168 309 271 261 196 
1.35 1.23 1.11 -5.3600 5.4200 -0.6500 -2.0756 -4.0533 5.4778 4.86 -8.50 -0.42 165 302 164 171 151 
-3.75 -8.73 -4.38 -4.1800 0.0400 -3.9100 0.0256 0.2244 0.2811 1.20 -9.65 -1.24 136 313 162 175 156 
0.75 -12.42 -15.22 -0.4600 -2.3600 -17.4300 5.0489 -0.1078 -0.6833 2.04 -9.17 2.79 135 328 172 179 160 
2.05 9.39 24.26 0.7900 14.5900 17.2200 1.1278 0.6311 0.1533 1.77 -5.42 7.97 138 345 174 180 162 
2.08 -5.25 6.81 1.1400 1.5500 0.2700 -1.7622 0.5522 -0.2733 1.31 -7.54 6.12 160 341 190 200 173 
2.66 -8.31 3.58 -0.9300 0.7500 -0.9900 -4.6978 4.3678 0.5089 -0.56 -9.76 0.63 159 382 344 400 199 
5.72 -8.25 -0.04 5.0400 1.8500 0.3800 -1.8956 5.1411 -0.4333 0.98 -9.31 -2.89 170 407 382 432 206 
1.24 -8.83 -6.87 -0.0100 0.0200 -3.3300 -0.2122 -0.7278 0.1089 1.11 -8.99 -3.75 166 406 384 434 207 
1.51 -9.37 -7.36 0.4200 -0.1500 -4.7700 2.3733 0.2189 0.1011 0.71 -9.58 -1.95 165 405 372 429 206 
-0.67 -3.85 -4.73 1.2800 6.9400 -5.5600 7.2467 -2.2144 -1.0622 2.08 -7.78 5.58 164 403 372 427 209 
6.41 12.61 11.18 -0.2200 11.9300 2.5600 5.5556 -1.1756 -0.0611 3.66 2.09 8.85 166 400 378 427 210 
3.99 6.30 11.96 -0.0200 1.6800 2.5400 0.0900 -0.2933 -0.1722 3.68 3.71 8.29 166 402 379 426 209 
3.64 3.35 8.69 -0.3300 0.2500 -0.1800 -0.6433 -0.3478 0.0656 3.80 3.01 8.52 167 396 375 414 208 
;
