-2.36 5.33 7.82 -0.0200 -0.0700 -0.0500 -0.0056 -0.0133 -0.0033 -2.29 5.38 7.87 151 369 362 405 209 
-2.33 5.31 7.80 -0.0300 -0.0700 -0.0600 -0.0044 0.0056 0.0044 -2.29 5.37 7.87 154 367 360 406 209 
-2.37 5.32 7.82 -0.0500 -0.0900 -0.0200 0.0011 0.0033 0.0022 -2.29 5.37 7.87 152 369 362 406 207 
-2.37 5.31 7.85 -0.0700 -0.1000 0.0400 -0.0233 -0.1711 0.0078 -2.20 5.35 7.91 154 346 346 392 212 
-5.27 3.53 12.39 -5.2400 -1.8200 2.6500 -2.6378 -9.5244 -2.1633 3.64 3.17 8.52 158 292 165 177 157 
13.42 2.56 -4.74 5.2500 1.1600 -3.8700 5.7189 -13.4744 2.1956 6.31 1.22 -7.39 157 295 148 158 142 
1.87 0.15 -10.67 -1.9100 4.6100 -2.6200 5.4900 -0.1911 0.1367 3.78 -6.08 -6.69 112 290 144 164 143 
2.27 -4.80 -5.92 -1.5500 1.8300 -2.9200 3.1489 0.4856 -0.2511 4.35 -8.50 -2.22 114 285 159 168 145 
5.38 -7.19 -8.37 -0.1000 8.3900 -4.0300 7.5267 0.2000 0.9267 3.58 -7.32 5.43 127 339 162 174 150 
2.74 -1.33 8.21 -0.1900 1.1700 -1.5200 -2.6256 -0.2222 -0.4656 3.89 -7.08 5.54 124 324 164 177 150 
3.86 -6.22 5.35 -0.1200 1.5300 0.3400 -1.3344 0.3233 -0.4056 4.09 -7.80 4.30 144 324 171 192 165 
9.03 -6.19 2.33 5.8000 0.6900 -2.2700 -5.7889 5.4567 -3.4111 5.71 -7.76 1.79 153 282 236 255 191 
2.48 -6.32 -1.83 -4.1800 2.1600 -2.2300 -6.3822 3.8100 0.1144 3.74 -8.92 1.59 160 303 282 312 194 
1.40 -9.08 -5.88 -1.3500 0.8200 -4.8700 -0.2467 -1.1522 -0.1078 2.73 -9.19 -2.04 158 321 302 318 197 
1.74 -10.62 -9.17 -1.9600 -0.4000 -6.5000 0.6278 1.5800 -0.0422 2.81 -9.28 -1.46 159 319 301 312 199 
-0.84 -4.74 8.33 -2.0900 5.2400 11.1200 2.6444 0.5767 0.8333 2.48 -8.46 4.29 166 336 312 319 200 
2.56 -6.94 6.87 -0.0100 2.2800 2.8400 -1.3078 -1.1156 0.5089 2.23 -9.15 2.71 165 336 318 315 200 
-1.05 -11.01 -6.85 -2.4900 -2.3600 -9.3500 -0.0800 -0.9978 -0.0722 2.15 -9.49 1.14 163 337 316 308 200 
-0.01 -9.69 -4.04 -2.2000 0.0000 -4.8600 2.8156 1.5722 -0.7856 2.38 -8.65 3.94 167 335 321 313 201 
3.28 -4.46 7.73 0.3300 3.0400 1.6700 0.2533 -0.7078 0.0967 2.68 -7.89 5.16 166 334 318 312 200 
2.57 -7.34 2.66 -0.5100 0.5800 -3.3600 3.4822 -3.0744 0.8344 3.86 -6.50 6.23 162 299 295 279 200 
6.92 0.06 4.01 1.3100 2.9800 -2.6600 6.1256 -3.7422 0.0133 7.57 -0.79 6.18 166 242 251 241 183 
16.19 4.58 4.41 6.0200 2.5700 1.9300 6.6311 -2.0133 1.9100 9.65 1.34 1.05 179 211 211 209 167 
7.58 1.49 3.67 -2.5800 3.9600 3.8800 1.1767 -1.6089 2.6089 9.18 -3.27 -1.01 186 168 168 172 135 
5.54 -0.18 -0.10 -3.2200 3.4300 1.8900 -3.1033 -0.0411 -1.1811 9.01 -2.65 -2.81 192 163 173 177 135 
12.87 -0.61 -8.13 2.6500 0.1600 -3.5300 -0.3811 -0.6633 0.0622 8.84 -1.13 -4.08 196 170 176 181 136 
8.92 -0.70 -3.54 0.0700 0.6300 0.5000 0.1211 0.0656 0.0522 8.85 -1.25 -4.02 195 172 175 183 138 
8.78 -0.76 -3.33 -0.1000 0.4600 0.5300 0.0733 0.0833 -0.0078 8.95 -1.22 -3.81 196 174 178 185 138 
;
