0.53 5.03 8.36 -0.1700 0.0400 -0.0200 0.0000 -0.0456 -0.0456 0.71 5.02 8.39 155 298 304 320 203 
0.57 5.09 8.43 -0.1000 0.0000 -0.0300 0.1111 0.1144 0.0367 0.67 5.06 8.37 157 301 303 323 205 
0.03 5.03 8.90 -2.0800 0.3500 2.6800 1.1944 -1.0700 1.0744 1.39 5.45 8.02 157 268 281 303 203 
3.24 9.12 12.88 0.5400 1.3400 5.1000 -3.6022 2.8778 -0.3633 1.25 2.90 9.28 172 195 183 209 183 
4.63 -0.04 7.07 6.3700 0.2500 -1.4800 -2.7600 2.7111 0.6311 -3.14 -1.48 9.17 181 173 190 180 140 
0.41 -0.41 3.82 6.1000 2.1600 -4.0900 -1.8378 0.9133 1.6844 -6.34 -3.28 6.71 182 165 173 180 144 
0.16 3.63 2.38 7.0500 4.8100 -3.9400 1.2233 -0.1122 5.0900 -7.06 1.49 6.63 188 168 181 180 144 
-21.12 7.07 7.85 -11.3800 0.9500 -1.5300 -0.1833 -1.4022 0.1533 -5.46 4.26 6.93 190 167 187 181 145 
-4.86 4.95 6.78 0.3500 1.0400 -0.6500 -0.0889 -0.2789 -0.6167 -5.08 3.64 7.55 190 173 191 184 147 
-13.90 3.13 7.36 -13.1800 -0.0300 -1.0200 3.6567 -13.3289 -1.9289 3.02 4.66 8.07 182 291 239 199 152 
7.42 1.04 -1.84 -1.7600 0.3400 -3.3500 3.1833 -6.9467 6.5567 8.34 -4.40 -2.68 110 316 192 184 136 
-0.67 -5.38 -2.35 -5.0000 1.3400 -1.8900 -1.0244 -0.0211 0.6267 5.21 -7.84 -2.71 114 316 194 187 138 
8.25 -11.41 -9.70 2.5900 -4.6800 -9.2200 3.5511 1.3844 0.6422 5.88 -7.83 0.42 116 322 195 186 139 
1.21 4.78 1.89 -5.4100 13.0800 -0.5300 5.0267 1.4444 1.0122 3.92 -4.30 7.88 120 328 198 190 141 
1.17 2.18 11.69 -0.6900 1.3100 -0.8400 -1.8356 -0.9111 0.0611 4.18 -5.29 7.11 122 330 200 191 140 
2.48 -0.31 9.22 -1.3600 5.9800 2.9300 -3.9344 2.2133 -5.3778 6.07 -5.33 5.55 161 274 217 202 151 
11.50 -5.38 6.46 6.0000 -2.2900 -2.5200 -3.2356 11.2856 -4.1622 -0.21 -4.37 8.77 173 178 195 195 146 
5.54 1.32 7.66 8.1000 5.5000 -1.6700 -1.1233 3.1800 3.3367 -7.20 -3.67 5.54 179 173 207 190 147 
-11.08 4.77 1.87 -6.1500 3.5700 -2.8000 0.3533 -0.8056 3.6133 -7.67 2.42 5.60 179 177 211 190 148 
-11.66 3.99 6.12 -4.2600 0.5100 -0.4200 0.1700 0.2744 0.7744 -6.90 3.69 5.90 180 181 215 192 147 
-7.71 3.41 5.68 -0.5200 -0.5500 -0.3000 -0.0044 -0.2244 -0.3367 -6.86 3.78 5.88 180 182 216 193 148 
;
