-0.64 1.70 9.78 0.3100 0.0000 0.0400 0.0178 0.0656 0.0200 -1.14 1.79 9.57 158 315 305 318 199 
-1.23 1.89 9.63 -0.1200 0.0100 0.0700 0.0356 0.0044 0.0411 -1.16 1.84 9.56 157 316 308 321 200 
-1.50 1.11 10.21 -0.1100 -0.9600 1.2600 1.3144 -1.0044 0.3156 -0.23 2.84 9.38 164 310 283 282 199 
9.13 4.25 15.34 5.8600 1.3900 3.4100 -1.8556 -0.5911 1.9200 3.92 1.56 8.84 170 205 184 213 195 
6.51 3.96 4.23 1.6400 6.5500 -5.0200 -4.1989 3.8978 2.9567 0.25 -3.45 9.17 186 163 161 179 162 
-0.83 3.01 0.05 6.5400 9.0300 -6.0100 -0.1822 2.5111 6.4578 -7.01 -2.09 6.51 197 170 164 176 159 
-19.47 8.85 6.69 -11.7300 4.7400 0.6700 0.0800 -2.0211 2.8278 -5.89 4.59 6.35 197 174 169 180 163 
-3.69 5.33 7.98 1.4800 0.5100 0.3400 -0.0622 -0.7900 -0.8822 -5.48 3.87 7.14 197 179 172 185 164 
0.17 4.56 9.22 4.0800 1.6500 -0.7200 2.4389 -9.7033 1.1611 2.69 4.88 8.06 198 180 176 188 160 
6.19 2.83 3.89 -5.3800 -0.1500 2.6400 1.2022 -7.4200 5.5878 9.68 -0.80 -1.28 204 180 173 187 160 
4.84 2.60 0.60 -0.5800 2.8600 -3.8200 -4.5556 0.1633 -1.3911 8.90 -0.52 -4.08 204 179 172 190 160 
7.55 0.06 -0.70 -1.8500 1.0700 2.6200 0.2956 0.8278 -0.2178 9.16 -1.23 -3.25 205 185 177 191 160 
8.89 -1.01 -3.63 -0.3900 0.3600 -0.2500 -0.0333 -0.0200 0.1222 9.19 -1.25 -3.17 205 186 179 193 161 
7.71 0.91 -1.65 -1.6900 1.8200 0.8900 -2.0267 2.0000 -1.7933 9.64 0.51 -1.71 199 200 191 205 177 
5.97 3.70 0.00 -1.5600 0.0000 -2.5900 0.7533 8.2944 -5.8133 3.96 6.37 6.30 192 301 269 282 195 
;
