-0.57 6.03 7.67 -0.0900 0.0300 -0.1000 -0.0056 -0.0178 -0.0111 -0.43 5.99 7.75 153 378 349 399 209 
0.13 6.34 7.96 0.0000 0.0000 -0.1700 -0.0489 0.0544 -0.1167 -0.16 5.97 7.77 153 376 351 397 208 
-0.26 6.00 7.69 -1.1100 -0.4100 -0.1100 0.1856 -0.6956 -0.1022 0.07 6.06 7.70 152 356 351 395 210 
-2.00 8.77 11.96 -4.3900 1.8100 5.1900 -0.2433 -4.7811 1.9111 4.39 5.97 6.41 158 344 291 297 202 
8.60 6.50 9.75 3.0200 1.6400 1.9200 -3.0833 3.2400 0.3289 3.73 2.98 8.56 159 203 177 168 167 
5.57 -0.40 4.71 5.6700 2.2000 -4.4000 -2.5922 5.7122 1.1656 -2.84 -1.50 9.26 166 163 166 161 135 
-3.10 -0.99 3.31 3.4800 0.6500 -3.2900 -1.1067 2.3122 1.9644 -8.27 -1.70 4.97 168 162 167 166 138 
-3.70 2.68 3.49 5.0100 2.0100 -1.9900 -0.8600 0.2589 2.9811 -8.78 1.10 4.22 177 167 172 168 143 
-13.70 5.94 2.01 -4.3300 2.5000 -1.1300 0.0378 -0.1167 1.6867 -7.74 4.15 4.35 181 166 171 169 145 
-8.48 4.34 3.87 -0.2700 0.1000 -0.6200 0.3467 -0.5456 -0.5767 -7.68 3.85 4.72 181 167 174 172 145 
-6.63 3.91 4.67 0.8400 0.1400 -0.1000 0.2322 -0.1389 0.0033 -7.62 3.90 4.77 179 169 176 173 145 
-8.01 4.43 5.60 -0.4500 0.5300 0.7900 -0.0222 -0.2389 -0.2744 -7.52 3.80 5.00 181 175 176 173 147 
-13.01 3.26 5.15 -8.2000 3.4000 1.1300 0.2000 -4.2467 -2.3144 -6.07 1.72 7.50 182 293 248 273 186 
0.44 8.99 6.48 4.2700 8.5100 -2.0500 -6.0244 -5.4978 -2.4833 2.09 -4.39 8.51 177 360 319 365 200 
6.43 -5.66 -1.50 2.9300 1.3800 -6.6100 -2.9389 -0.3022 0.4167 3.32 -8.47 3.63 165 390 337 389 205 
4.03 -7.58 -7.34 -0.2300 1.6000 -10.8100 -1.0644 1.4267 -0.6389 2.97 -9.30 0.87 159 386 313 383 206 
3.32 6.53 -4.73 8.0100 17.9100 -6.3300 10.0322 -3.2056 -0.3344 5.15 -3.21 7.69 157 381 349 379 209 
-1.39 7.05 28.59 -5.1500 6.9000 14.1200 -3.6500 -0.3989 -0.8011 5.00 -2.32 8.10 158 377 353 385 211 
9.61 1.59 4.31 4.2800 6.1000 -5.7500 -5.3722 1.5578 -0.6411 4.01 -6.95 5.63 162 384 356 390 210 
4.18 -4.03 -8.49 -0.5900 4.4500 -11.9400 -2.4500 -0.0322 0.4267 3.45 -9.12 0.98 160 382 358 380 208 
5.86 -1.19 -3.98 3.2500 8.4000 -3.7000 7.2933 -3.4789 -0.7011 5.44 -5.07 6.38 155 360 347 365 210 
2.94 5.45 20.16 -4.1400 6.2900 11.2600 0.0111 -1.8722 0.9044 6.66 -1.66 6.99 155 360 351 372 211 
8.78 1.49 12.84 2.9700 4.2500 5.6700 -3.1867 2.7433 -0.8222 5.12 -3.64 7.52 166 377 353 371 209 
7.70 -4.48 -0.14 3.4100 2.2100 -4.8700 -3.6556 2.7678 0.6267 3.30 -8.53 3.52 162 365 336 361 205 
3.53 -8.94 -0.68 1.0000 0.3900 -2.0100 0.4411 0.4922 0.1244 2.85 -8.95 2.78 158 352 337 355 205 
3.79 -7.19 1.27 -0.2300 1.9000 -0.7900 2.3356 -0.9711 -0.3367 3.97 -7.98 4.07 160 321 327 338 200 
5.62 -8.07 6.19 0.2200 -1.0400 1.1900 -0.4800 0.1644 -0.3278 5.02 -7.44 3.94 147 297 296 292 195 
4.45 -7.92 1.07 -0.0900 -0.8600 -3.9300 0.0244 -0.7067 0.1356 4.85 -7.22 4.52 89 201 193 191 150 
6.07 -1.67 -5.87 -0.5700 4.7900 -10.5400 6.3822 -6.3333 -0.8956 7.86 -3.84 4.40 87 165 160 170 120 
23.08 11.08 1.32 9.2900 10.8300 2.0300 4.4600 -0.1400 -0.7056 9.79 0.08 0.50 92 166 164 172 120 
10.19 2.71 -0.09 1.6500 3.2300 0.6700 1.4811 0.1422 0.0811 9.78 -0.43 -0.54 92 168 169 175 123 
7.72 6.24 5.61 -2.0300 6.3600 4.5200 -3.4844 0.3744 -0.2089 9.74 -0.16 1.08 93 173 172 178 124 
10.17 3.90 -2.86 0.7600 2.9200 -5.6700 -3.7389 0.9544 -1.2578 9.50 0.30 2.39 94 175 173 178 124 
9.59 -2.09 -7.32 0.4000 -3.0000 -8.9200 1.5122 -0.3656 -1.0056 9.46 1.52 2.07 95 176 175 181 127 
12.40 3.49 -1.35 2.8200 1.7300 -1.3200 4.0011 -0.4789 -0.5900 9.51 2.05 -1.17 97 175 170 174 124 
9.16 1.22 -2.93 0.6800 -1.3400 -2.1300 -0.1400 0.8933 0.3756 9.58 1.91 -0.77 96 175 174 179 127 
10.71 4.00 5.94 -0.0200 2.3600 6.5500 -2.2278 2.1300 -0.0322 9.67 1.35 0.90 104 183 182 194 148 
3.23 -0.96 0.55 -2.1400 -1.6600 -5.4200 -1.5067 3.3400 -4.2533 5.75 1.71 7.75 141 286 265 258 184 
6.23 3.71 6.61 2.8400 5.5700 1.0400 3.0589 3.2500 -2.2144 2.04 3.49 8.93 156 340 319 353 194 
;
