-1.48 5.12 8.12 -0.0500 -0.0400 -0.0600 0.0044 0.0044 0.0000 -1.49 5.17 8.19 159 364 362 403 210 
-1.08 5.26 7.60 0.4400 0.0500 -0.4000 0.0289 -0.3400 0.0789 -0.85 5.32 8.19 158 362 358 404 211 
-1.31 5.18 8.18 -0.6400 -0.0400 0.1800 -0.0211 0.1467 0.0122 -1.19 5.25 8.19 160 354 352 398 210 
-6.43 3.28 10.53 -5.6500 -1.0700 2.6400 0.2544 -3.2878 0.3022 0.73 5.07 8.36 161 281 263 302 204 
2.15 5.57 13.55 1.0500 1.2000 3.7000 -3.5311 1.3978 0.3867 0.71 1.85 9.60 158 212 178 220 181 
3.46 0.26 9.60 6.1500 3.2100 -0.2900 -4.4978 3.2456 1.5944 -3.44 -3.75 8.38 164 174 171 182 140 
-0.10 -1.98 4.11 6.0200 3.5800 -1.6100 -1.8111 1.6367 2.4900 -7.47 -4.14 4.80 163 174 171 183 143 
-3.55 2.83 2.45 4.4400 5.2500 -1.7200 -0.6322 -0.1167 4.0322 -8.96 -0.37 3.95 186 177 167 184 143 
-14.34 4.72 3.41 -6.2700 0.9400 -1.3000 0.2622 -1.2789 1.5689 -7.61 3.47 5.10 189 180 170 188 147 
-8.04 3.95 5.83 -0.4300 0.5900 0.2200 -0.0556 -0.0800 -0.4056 -7.22 3.28 5.76 190 179 176 191 147 
-6.18 3.61 6.42 0.5300 -0.1600 0.7300 0.1544 -0.1344 -0.0333 -7.23 3.24 5.77 192 182 177 193 147 
-7.46 3.25 5.25 -0.1600 0.2000 -0.6500 0.0811 -0.2078 -0.3667 -7.22 2.98 5.92 188 185 177 193 148 
-9.98 3.34 6.21 -3.3200 1.0000 -0.1600 0.1289 -3.4600 -1.9533 -5.81 1.97 7.64 192 193 164 201 154 
-4.20 4.82 8.06 -1.0000 5.2700 -2.9400 -2.9967 -10.2633 -4.0178 4.02 -1.75 8.77 164 343 193 211 160 
11.44 -3.23 -5.05 0.7600 0.3000 -4.6500 0.0311 -5.2811 2.8433 8.32 -4.78 -1.99 124 386 185 208 149 
7.77 -7.41 -2.51 1.3200 -0.0900 1.1900 2.7156 -0.7300 0.4933 5.94 -7.32 -2.67 57 395 193 203 148 
3.62 -1.05 12.81 -1.5500 5.1000 13.3400 -1.1800 0.1978 0.0989 5.92 -7.79 -0.54 108 397 203 206 150 
9.28 -7.98 -6.64 2.7100 -1.3100 -6.4200 0.7489 0.4156 0.3833 6.28 -7.33 -1.70 110 386 210 207 151 
8.78 -5.09 7.38 2.5400 1.5500 3.4800 -0.5122 2.4822 -0.4356 6.57 -7.16 1.25 112 391 211 210 154 
9.26 -5.41 5.28 3.2900 1.9400 4.7000 -0.9956 2.5144 -0.6233 6.72 -6.77 2.25 142 358 229 239 174 
8.91 -3.31 -0.35 2.7600 4.2600 -3.0400 -6.4389 3.4711 0.2711 6.28 -7.52 -0.06 158 345 320 378 195 
6.77 -5.86 -3.65 2.0300 2.5600 -3.0200 -2.8589 3.3322 1.7311 4.40 -8.62 -1.54 166 377 345 396 198 
4.00 -8.07 -5.62 -0.4900 -0.0400 -3.4400 0.9778 -0.2911 -0.4433 4.66 -8.49 -1.51 164 374 348 398 200 
8.43 -4.34 -6.52 1.1300 2.8400 -6.9100 6.2989 -0.5056 0.9922 4.46 -8.00 3.48 163 370 355 391 203 
7.77 10.96 6.57 2.9900 13.9400 2.9600 8.4744 2.8444 1.3600 2.97 0.89 9.30 165 379 357 397 202 
0.90 6.09 14.10 -1.5400 2.1300 4.3900 0.5267 -0.4489 -0.1044 2.88 3.58 8.65 165 376 358 397 204 
2.45 3.94 9.60 -0.1800 0.1300 0.4500 -0.5222 -0.4178 -0.3644 2.97 3.47 8.67 164 379 360 391 204 
;
