2.04 0.15 9.56 0.3800 -0.0900 -0.1700 -0.0322 -0.0056 0.0678 1.76 0.19 9.64 160 305 301 314 185 
2.22 0.13 9.66 0.4900 -0.1100 0.0600 0.0689 0.0389 -0.0056 1.79 0.22 9.63 159 310 306 325 197 
7.08 8.85 12.54 4.4500 7.4500 3.4500 -2.9478 2.3911 0.9711 1.73 1.21 9.57 190 227 186 213 164 
-2.97 -1.40 1.05 -2.8200 0.2400 -10.0700 -4.5900 4.3711 3.5144 -5.82 -3.53 7.04 200 160 156 172 119 
-11.66 -0.53 -5.82 -1.5400 4.0200 -7.0700 1.9722 2.5267 1.9600 -9.11 -1.17 3.41 200 166 156 174 117 
-4.15 3.08 5.72 5.1600 3.9800 7.1700 4.5589 -0.5789 -0.1689 -8.67 1.07 4.45 204 173 160 177 125 
-5.75 1.65 7.44 2.3800 0.2800 0.9400 -1.0533 -0.5944 -0.3667 -8.22 0.18 5.33 203 176 162 180 125 
-8.07 -0.15 4.70 0.6400 -0.3200 -0.3800 -0.1367 -0.0822 -0.1367 -8.23 0.01 5.32 202 178 165 179 128 
-9.49 0.38 7.76 -1.3300 0.9200 2.5100 -0.5478 -0.5500 -1.3767 -7.75 -1.14 5.89 201 184 167 191 140 
-5.93 0.44 11.14 2.1100 5.0600 6.0400 -5.3356 1.5167 -3.6456 -6.07 -6.34 4.35 191 376 173 189 139 
-3.96 -3.95 -1.68 2.1100 2.6500 -4.3400 0.5722 2.1433 -1.7844 -4.08 -8.69 1.96 197 418 181 194 148 
-3.84 -12.03 0.85 1.6800 -4.0400 0.3300 0.5989 0.0589 -1.1389 -3.20 -9.02 2.12 195 420 186 199 149 
-1.07 -9.24 3.06 1.4100 0.8900 0.1200 0.0422 0.0267 0.1567 -2.62 -9.14 2.39 197 421 184 200 150 
1.36 -5.13 1.13 4.5200 3.5600 -1.8800 2.1267 -1.0444 2.1344 -3.84 -7.78 4.56 200 419 185 199 150 
-3.75 -9.34 12.04 0.3300 -3.6800 5.5800 0.7756 -3.0067 2.7889 -4.17 -4.50 7.64 200 418 186 201 149 
-9.43 -3.36 11.52 -6.0900 1.9300 3.8900 -3.2078 -0.0044 0.4711 -4.35 -6.39 6.02 200 419 185 201 150 
-8.16 -0.97 6.56 -3.5200 8.2800 1.6900 -1.8444 1.9467 -2.2744 -3.50 -8.87 2.26 200 414 183 201 150 
0.05 -1.83 0.82 2.1900 7.7400 -0.7500 1.7022 2.0600 -1.9711 -0.77 -9.40 2.65 198 414 183 202 149 
7.15 -9.17 7.31 6.7400 -2.4600 2.1300 2.5100 0.0400 0.3867 -0.84 -7.67 6.04 199 413 190 203 151 
;
