3.53 1.72 9.01 0.0000 0.0500 0.0000 -0.0033 0.0156 0.0000 3.53 1.67 8.99 157 333 332 351 196 
3.46 1.72 9.04 -0.0700 0.0700 0.0200 0.0000 -0.0044 -0.0011 3.53 1.67 8.99 157 329 333 353 199 
6.26 1.80 12.60 2.9300 0.0200 3.9200 0.9033 0.4344 1.1733 3.46 1.98 8.95 164 320 306 301 195 
7.99 2.89 12.03 4.5600 0.8500 -0.1400 -1.4889 4.2533 1.4711 0.65 -0.23 9.78 192 168 157 179 132 
-2.91 -0.32 0.90 1.0700 1.3800 -7.7000 -1.5844 3.9156 2.7856 -6.88 -1.81 6.74 200 154 157 174 121 
-9.53 1.00 -5.19 -0.9600 1.2100 -11.6700 4.9744 -0.0222 -0.4167 -7.95 0.63 5.70 200 158 158 177 123 
-1.18 4.40 16.14 2.4500 1.4800 3.7200 -1.5644 -1.5611 -1.0489 -7.45 0.69 6.33 202 163 161 180 127 
-6.42 0.59 6.31 0.3800 -0.1400 -0.3200 -0.1778 -0.2322 -0.1811 -7.16 0.21 6.69 200 165 160 182 128 
-7.33 0.38 8.06 -1.2800 0.5800 1.2900 -0.7100 -1.0322 -0.6444 -6.63 -0.49 7.20 200 179 172 187 140 
-6.23 2.40 13.20 -0.5300 7.2200 5.0000 -5.4089 -3.9944 -3.1778 -0.71 -7.02 6.80 194 325 301 350 199 
3.65 -6.10 -4.92 1.7400 3.9000 -5.2600 -5.3278 2.5389 0.7967 0.93 -9.36 -2.76 170 393 369 434 209 
-1.26 -7.01 -12.86 -1.7300 2.0500 -8.7900 1.1578 -0.4578 -0.6578 1.63 -9.10 -3.26 168 402 375 439 211 
10.56 2.03 -0.33 3.9800 13.4400 10.0600 8.4767 0.8622 2.2644 0.64 -7.33 6.47 171 394 379 432 213 
-3.99 -2.36 17.97 0.5200 4.5400 7.0800 -4.6789 0.7333 -2.3667 1.65 -8.50 4.60 177 398 383 431 211 
3.78 -5.22 -6.55 1.5300 3.2000 -9.4200 -3.0489 0.2900 -0.5400 2.57 -9.39 -1.08 174 394 376 434 213 
3.89 -6.04 -11.54 3.4100 6.0200 -16.3300 2.6444 -1.8533 -0.5978 2.79 -9.39 -0.01 181 397 379 431 215 
-4.54 0.02 27.27 -4.6900 6.0600 14.4600 -1.2822 -1.3589 0.1967 1.78 -7.22 6.38 182 401 381 424 219 
3.06 -7.19 3.02 0.8700 1.0000 -3.1300 -0.4133 0.2667 -0.5656 2.11 -7.81 5.52 176 374 356 354 211 
2.20 -3.76 -0.26 -1.1900 3.3400 -6.5700 5.1944 -0.8056 -1.3100 3.57 -4.54 7.91 175 323 316 331 211 
;
