3.23 2.63 8.87 0.0000 -0.2000 0.0500 -0.0133 -0.0256 -0.0211 3.30 2.84 8.78 161 343 367 399 219 
3.36 2.55 8.71 0.0000 -0.2400 -0.0400 0.0033 -0.0089 0.0033 3.33 2.80 8.78 161 341 367 399 219 
3.29 2.62 8.83 -0.0500 -0.1300 0.1300 0.0444 -0.0856 0.0100 3.43 2.81 8.74 162 338 361 397 219 
5.39 4.24 17.56 1.2100 2.0600 10.2100 -1.6167 1.6400 -0.9111 3.47 2.00 8.94 195 243 223 225 158 
-3.63 -1.82 10.11 0.7100 -2.7100 -2.2900 -2.9400 5.8078 -0.0922 -4.56 -1.51 8.54 198 163 136 168 120 
5.54 -1.33 -1.20 13.6400 1.7100 -6.0700 0.4833 0.8433 2.1567 -8.14 -0.89 5.38 203 169 147 171 125 
-14.96 9.65 10.86 -9.5900 6.7000 5.2300 -0.0389 -1.2989 1.9567 -6.44 3.94 6.24 203 174 153 173 126 
-4.28 3.44 9.00 1.9700 -0.7700 1.4200 -0.3189 -0.4400 -0.7856 -6.72 2.85 6.54 202 177 156 175 129 
-5.59 2.10 6.06 0.6700 -0.3700 -0.8100 -0.3867 -0.5444 -0.1644 -6.44 2.22 7.04 202 192 166 186 142 
-4.89 4.48 12.01 0.2500 4.1500 2.2400 -2.2400 -12.1656 0.3056 5.37 -0.84 8.15 131 315 182 201 151 
4.27 -5.39 -0.03 -4.2800 1.0600 -0.8300 -0.6100 -5.7100 5.2378 5.33 -8.21 -0.46 143 328 170 184 137 
0.49 -9.21 -3.02 0.7700 -0.0500 -3.2100 0.9378 0.0333 0.9733 2.27 -9.53 0.14 127 330 172 184 139 
3.81 -6.47 -7.91 0.4700 4.6700 -7.6300 6.8589 2.8878 -1.0644 1.98 -6.83 6.74 135 354 174 191 145 
2.92 -4.13 9.11 1.9300 0.9700 -0.0100 -1.8011 0.0022 0.0711 1.62 -6.61 7.05 134 356 177 193 145 
0.38 -6.10 7.31 -1.3000 1.1200 0.9300 -0.4411 -0.2800 -0.5089 1.94 -7.05 6.53 146 355 183 203 155 
-0.28 -3.98 4.47 -0.3400 3.1700 -2.7100 -1.6356 2.2989 -6.0722 5.28 -6.06 5.60 153 330 244 257 185 
5.31 2.65 3.66 2.5300 7.2200 -2.2800 4.7167 2.2511 -1.7422 3.07 1.01 9.25 167 334 317 324 194 
;
4.46 6.49 12.41 -0.0200 7.3400 8.5100 0.6867 -0.9489 0.4911 3.43 4.16 8.18 174 346 352 377 205 
3.67 2.90 8.47 -0.8000 -0.4400 1.0100 -0.1000 -0.4567 0.0789 3.84 3.66 8.24 174 339 352 379 207 
4.25 3.58 7.84 0.3000 0.0700 -0.1900 -0.0789 -0.0078 0.0056 3.85 3.48 8.31 173 334 350 372 207 
4.01 3.90 8.66 0.2800 0.5100 0.6300 0.3078 0.1911 0.1389 3.69 3.50 8.37 176 294 310 298 194 
1.49 3.92 18.55 3.1700 2.0400 6.8400 -4.4256 3.9467 -0.1967 -1.57 -1.01 9.62 190 166 167 181 142 
-2.51 -2.72 0.68 2.0000 1.1200 -6.9100 -0.5733 2.7333 0.0033 -6.15 -3.85 6.58 201 155 161 173 135 
3.98 -1.52 1.51 10.4000 2.0200 -5.5800 1.7522 -0.2211 2.2822 -6.80 -2.27 6.68 203 164 168 178 139 
-16.74 7.63 14.94 -12.0800 4.1000 8.3600 0.3778 -0.3267 0.4033 -5.93 2.71 7.32 204 163 171 179 140 
-4.58 2.19 6.46 1.3700 -0.2500 -0.9800 0.2189 0.1256 -0.1144 -6.01 2.17 7.43 203 167 174 179 142 
-5.59 2.60 7.99 0.0000 0.7300 0.4300 -0.6411 -0.4100 -0.3933 -5.71 1.50 7.82 203 178 181 189 150 
-7.49 3.69 12.28 -3.1100 4.3900 2.6300 -3.4544 -7.4422 -1.8289 1.87 -2.67 9.24 168 288 197 203 161 
6.40 -5.46 2.86 -1.6100 -0.2300 -1.5400 -1.4378 -5.2922 3.0944 5.71 -7.73 1.91 151 311 183 185 144 
2.84 -6.32 -0.74 -1.0300 2.5500 -1.0200 1.2811 -1.5000 1.7833 3.02 -9.25 1.17 122 325 182 186 146 
0.89 -10.34 -1.56 -0.5200 -1.1400 -4.0800 0.6678 0.7689 -0.7389 2.74 -9.28 1.58 123 329 186 189 146 
4.99 -8.29 -7.01 1.7800 0.8700 -10.0000 6.6167 1.5733 -0.7311 2.48 -6.52 6.88 118 368 191 195 151 
-0.02 -2.09 12.03 -1.2000 0.8500 1.2600 -1.2733 -0.1978 -0.3289 2.01 -5.58 7.80 122 372 193 195 152 
2.31 -4.62 7.66 0.4900 1.2200 0.0100 -0.6556 0.1744 -0.1478 2.06 -6.04 7.43 121 369 194 194 153 
2.01 -5.35 7.89 -0.0100 1.1100 0.8300 -0.4544 -0.2822 -0.1422 2.30 -6.42 7.04 138 367 196 200 158 
-4.40 -5.06 3.81 -6.7500 1.5000 -3.9100 -0.6478 -0.2022 -5.3444 5.24 -5.51 6.18 156 337 234 244 180 
10.31 6.38 3.46 4.6800 7.5800 -1.0700 3.1689 2.5989 -2.9578 5.50 0.89 8.06 170 360 348 383 198 
;
