0.86 1.32 9.33 -0.0400 -0.3400 -0.2900 -0.0589 -0.2011 0.1567 1.37 1.84 9.53 159 334 322 357 200 
1.34 3.10 13.31 0.3300 1.1800 6.0500 -0.3367 -1.3511 0.5822 3.02 1.74 9.16 167 266 243 250 186 
10.28 2.11 11.79 7.2000 1.5300 -0.9500 -4.1789 5.4122 2.8344 -1.13 -2.64 9.37 179 162 154 177 128 
-8.17 -0.14 -7.15 -1.9500 3.6600 -12.2200 -0.3522 2.0678 4.1156 -8.29 -1.19 5.09 195 157 162 175 125 
-8.80 4.20 0.21 0.2500 3.1300 -2.6200 5.9189 -0.4622 -0.5511 -7.91 2.41 5.26 202 162 155 178 126 
-9.85 2.85 4.55 -1.0900 0.5900 -1.9800 -0.0822 -0.0311 -0.5711 -7.37 1.38 6.31 202 164 159 179 129 
-6.22 0.79 6.07 0.7800 -0.1300 -0.3100 -0.2589 -0.2356 -0.4667 -7.43 0.67 6.36 203 165 160 184 131 
-9.03 -0.37 9.90 -2.7100 -0.3300 1.6600 -1.6544 -5.4900 -2.9778 -3.42 -2.32 8.89 201 183 171 196 144 
8.36 -4.87 7.58 4.7800 0.5700 -1.7800 0.8522 -5.5156 0.4133 6.47 -3.18 6.63 193 254 248 260 183 
6.72 -1.84 2.28 -1.5400 0.4800 -0.7600 4.7067 -2.5356 1.1756 8.86 -1.76 3.79 197 408 362 426 214 
8.19 2.60 6.10 -0.6200 3.9700 2.2000 0.6567 0.0700 0.1156 8.99 -1.38 3.66 200 423 375 435 214 
11.46 1.32 3.24 1.5200 3.1300 -0.2900 -1.4689 1.1322 -0.1678 8.76 -1.82 4.01 197 419 373 432 216 
10.12 -0.39 2.57 0.4600 1.6100 -2.1200 -2.0067 0.6644 0.4033 8.20 -3.01 4.44 199 387 353 412 212 
4.21 -7.85 4.19 -4.5800 -3.5800 0.1600 -2.7156 0.6333 1.3522 6.79 -6.00 3.73 185 272 279 319 194 
5.38 -8.89 1.48 -0.5500 -1.7000 -1.2700 -0.3156 0.2911 -0.5656 6.68 -6.76 2.39 189 285 290 335 200 
7.87 -6.51 1.80 1.0100 0.0700 -0.4100 0.2233 -0.2311 0.1211 6.83 -6.64 2.30 192 290 302 338 199 
;
