7.96 1.34 5.43 -0.0300 0.0800 0.0000 0.0144 -0.0367 0.0144 8.06 1.33 5.41 162 319 314 354 202 
8.10 1.28 5.38 -0.0100 -0.0500 -0.0200 0.0078 0.0000 -0.0033 8.06 1.33 5.41 162 317 315 354 202 
8.59 1.97 5.85 0.8300 0.1400 0.8800 -0.2867 -2.3733 0.7844 8.93 0.92 3.92 166 314 311 319 195 
14.55 -1.20 7.82 5.9100 -0.7000 2.9200 -2.5211 3.3744 1.7044 7.82 -1.81 5.62 195 203 174 199 152 
4.42 -5.09 3.33 2.4800 2.0400 -6.1000 -3.9000 7.2078 2.8289 -2.00 -6.62 6.94 198 164 155 173 121 
0.79 1.86 0.82 6.2600 6.9300 -4.1100 -0.0967 1.1833 5.4256 -8.20 -2.65 4.66 202 170 158 173 122 
-17.68 3.54 8.10 -8.4200 2.1200 3.2400 -0.3689 -0.4122 0.8089 -8.17 1.41 5.22 203 171 161 176 124 
-8.43 0.55 6.10 -0.3200 -0.4800 1.0800 -0.0600 0.0456 -0.4456 -8.14 0.94 5.38 204 175 160 175 128 
-11.79 1.11 6.11 -6.4300 1.1900 0.7300 -0.5322 -4.7711 -2.9544 -5.41 -1.30 8.06 199 239 204 215 169 
8.59 1.56 -7.25 -0.2900 1.8300 -11.5400 -1.1167 -16.0144 2.4122 9.33 -2.68 -1.36 194 292 271 295 175 
7.01 -2.63 -9.33 2.9200 0.3700 -4.1100 -3.3367 -3.1178 -0.5678 5.16 -0.45 -8.32 188 275 259 303 173 
8.05 -1.22 -12.09 3.5700 -2.1300 -3.7400 -0.3189 -0.3744 0.1500 4.64 1.09 -8.56 184 257 246 302 169 
13.98 -0.34 -17.99 7.5900 0.5600 -10.2700 4.4667 2.1356 4.4056 5.65 -3.84 -7.02 202 378 322 426 210 
-2.03 0.49 -2.10 -5.8800 8.5900 0.1700 2.6033 0.9522 1.4600 4.23 -8.82 0.52 206 421 372 451 212 
0.97 -4.13 2.73 -2.1000 3.8500 1.8500 0.0178 0.2778 -0.2722 4.21 -8.70 1.61 204 420 374 448 212 
1.74 -5.82 1.44 -2.9900 3.7000 0.3600 -0.8667 -0.3344 -1.8622 5.68 -7.98 0.40 199 392 353 372 208 
3.39 -1.62 -2.51 -2.0100 3.6200 -2.1600 -0.3656 4.6100 -7.0722 9.50 -1.41 1.97 172 316 306 323 201 
;
