5.69 2.78 6.71 -1.3200 -0.1500 -0.8100 -0.4411 -0.2344 0.0822 7.00 2.54 6.37 170 347 367 377 202 
6.98 2.65 6.30 -0.0700 0.1200 0.1100 -0.1633 0.0344 0.0611 7.03 2.38 6.39 169 336 362 373 201 
15.23 3.50 11.85 8.2700 1.5700 6.0200 -1.2089 2.3356 0.3956 6.33 1.32 7.36 182 282 273 255 182 
3.41 -0.07 3.85 1.7800 2.3800 -6.6100 -3.4011 6.1589 3.7856 -0.98 -4.30 8.75 200 161 150 175 125 
-16.64 -3.79 -7.03 -6.3200 -0.7400 -10.9100 2.5944 2.0267 1.5544 -8.07 -2.71 4.85 203 167 161 176 123 
-7.41 2.95 6.51 1.3700 3.1500 2.0100 3.9533 -0.8844 -0.3011 -7.99 0.69 5.63 202 168 160 179 127 
-4.67 0.51 7.44 3.9400 0.4600 0.7000 -0.7256 -0.5733 -0.8222 -7.34 -1.10 6.40 203 173 160 181 132 
-6.25 -1.93 7.17 0.0000 -0.3400 0.4300 -0.4122 -0.5411 -0.3789 -6.59 -1.84 7.01 199 206 187 203 160 
-1.78 -3.53 11.21 3.7900 -1.7700 2.9000 0.9244 0.0567 -0.3567 -5.25 -1.60 8.12 96 292 262 276 179 
-0.93 -1.24 8.70 6.1100 0.6800 0.4600 -2.0733 0.5133 3.8411 -5.84 -0.65 7.84 89 206 192 199 130 
-6.41 3.65 3.89 0.8800 3.5700 -3.3800 -1.1056 -0.4111 2.5867 -5.68 0.49 7.97 88 194 178 185 119 
-24.75 8.63 6.96 1.1600 2.6100 0.5900 -0.5989 0.8533 -0.9611 -5.47 -0.25 8.13 90 198 185 189 121 
-9.08 1.83 9.34 -3.1800 2.6700 1.3300 0.6311 0.6000 -2.8722 -5.68 -1.37 7.87 92 200 186 191 123 
0.15 -0.04 11.58 5.8400 2.4300 3.7200 -0.1622 1.0600 -2.9689 -5.34 -3.87 7.25 94 200 190 192 124 
5.18 -7.04 6.00 8.7500 -2.7800 -0.7800 0.6789 0.0678 1.1644 -5.07 -3.83 7.46 93 203 187 193 125 
-16.04 -2.23 9.05 -34.0100 -3.7600 -2.1200 0.4700 -1.8122 -0.6244 -4.71 -2.61 8.19 92 202 188 193 126 
-5.79 -4.61 5.37 -3.4400 -1.7500 -2.7900 0.4233 -1.0233 -1.0622 -3.76 -2.88 8.58 105 226 218 219 153 
;
