5.41 3.28 7.43 -0.1700 -0.1000 0.0400 0.0044 -0.0622 0.0044 5.61 3.39 7.29 164 330 337 399 211 
5.46 3.21 7.48 -0.1300 -0.1600 0.2100 0.0067 -0.0178 0.0156 5.57 3.36 7.33 164 332 340 400 212 
6.19 5.95 9.70 4.1300 5.3900 4.9400 -2.2878 -4.1444 0.3367 8.32 2.66 4.44 167 298 297 328 197 
13.58 -3.80 -3.71 6.0400 -2.2800 -4.5800 4.9533 -2.7544 4.0944 9.36 -2.82 -0.69 167 324 336 383 208 
3.67 -0.98 -3.36 -6.2200 4.0200 -4.0800 6.9689 -0.3467 0.9833 7.90 -4.92 3.06 171 373 345 405 214 
8.79 3.61 4.41 -1.5100 4.3900 0.8100 2.4122 0.7211 -0.8844 8.56 -1.31 4.58 178 386 357 415 214 
8.21 0.59 3.52 -0.2000 1.4400 -0.9200 0.2411 0.0956 -0.3733 8.80 -0.55 4.28 182 389 361 419 214 
9.32 2.21 4.49 0.9500 3.2300 0.2600 -1.3344 0.6200 -0.1589 8.75 -1.13 4.27 181 370 353 412 214 
8.62 1.39 2.47 1.4100 2.7500 -2.9000 -4.3500 0.3244 -0.0844 8.39 -3.17 3.93 179 299 319 356 201 
7.40 -4.78 0.96 -0.4100 -1.6900 -1.0400 -2.2789 0.9033 0.5667 7.91 -5.47 1.86 184 281 304 342 214 
6.86 -8.57 0.56 0.2900 -1.6500 -0.7200 -0.1833 -0.2089 0.0422 7.69 -5.98 1.06 184 295 308 347 216 
8.04 -5.48 1.42 -0.0800 0.4100 0.5800 0.2189 -0.0611 0.0711 7.72 -5.94 1.11 185 295 316 347 215 
5.36 -9.61 -0.82 -0.6100 -2.8000 -2.2500 2.9867 -0.7989 -0.3544 7.83 -5.40 2.36 168 334 308 380 214 
;
5.29 -5.07 3.71 0.3200 0.8400 -0.0700 2.4033 -0.0822 -1.0322 8.23 -3.17 4.27 176 382 344 408 215 
7.94 1.06 4.05 -1.6700 2.9200 -0.8600 3.0444 -1.4811 0.4833 8.65 -1.24 4.43 174 412 362 428 214 
9.36 1.87 4.99 0.8600 2.6100 0.5500 0.3389 0.0589 -0.0478 8.69 -0.68 4.48 176 417 367 435 214 
9.39 -0.66 4.03 0.4900 0.3200 -0.0800 -0.1756 -0.0167 0.1367 8.76 -1.15 4.25 177 416 369 434 216 
10.56 3.19 5.27 1.3800 4.5600 1.4700 -2.7989 0.4011 -1.3067 8.82 -1.49 4.00 169 329 316 383 210 
10.46 -0.36 0.45 0.2500 1.4000 -3.1500 -2.0811 0.5133 0.8333 8.65 -3.29 3.21 181 273 302 321 202 
7.18 -6.93 0.46 -1.4300 -2.4400 -1.3700 -0.6311 0.2089 0.4478 8.26 -4.85 2.07 186 284 296 324 213 
;
8.39 -6.50 1.98 0.4100 -0.8200 0.2000 -0.2044 -0.1744 -0.1178 8.21 -5.12 1.56 186 289 303 331 212 
8.31 -5.27 1.03 -0.7000 -0.3800 -0.5000 0.3733 -0.2400 -0.4467 8.34 -4.88 1.59 177 293 318 353 216 
8.09 -8.31 0.23 -0.2300 -2.2000 -1.7200 2.4389 0.8589 -0.3556 8.38 -3.20 3.94 174 371 337 407 215 
7.36 0.83 3.37 -1.8000 2.9000 -0.9300 2.9378 -0.7067 0.0933 8.78 -1.14 4.20 176 399 357 423 213 
10.22 3.00 3.35 1.0900 3.2800 -0.3200 0.6944 -0.1278 0.0311 9.04 -0.35 3.77 175 403 364 429 216 
8.71 1.18 4.67 0.6300 2.3500 0.7700 -0.4167 0.0378 0.2933 9.01 -0.82 3.75 176 405 360 427 218 
9.29 2.19 2.72 1.8700 3.7400 -1.1000 -2.4700 0.3822 0.3522 8.82 -2.16 3.69 173 323 307 354 207 
8.95 -3.55 1.34 -2.7900 -0.2200 -2.3300 -3.0500 -0.3489 0.3611 8.53 -4.04 2.64 184 266 280 303 198 
;
6.71 -8.00 1.99 -1.4900 -3.1700 -0.1900 -1.1578 -0.1989 0.4944 8.13 -5.15 1.83 187 279 285 309 202 
8.87 -4.88 1.48 0.8600 0.3100 0.0000 -0.1311 -0.1778 -0.0189 8.20 -5.16 1.45 185 284 289 312 201 
7.78 -7.11 0.68 0.0800 -2.0300 -0.8500 0.2144 -0.0078 -0.0356 8.21 -5.21 1.22 167 303 303 346 207 
8.22 -6.17 0.20 -1.5800 -0.6900 -2.3000 3.6178 -0.1022 -0.5100 8.37 -3.42 3.77 175 376 335 412 213 
7.95 2.09 3.74 -1.8900 3.1500 -0.7800 3.1811 -0.7822 -0.4711 8.85 -0.92 4.10 175 405 351 427 212 
9.52 2.34 4.14 0.9400 2.5700 -0.0600 0.3022 -0.5167 0.2267 9.02 -0.47 3.81 179 409 365 432 213 
9.69 1.64 4.48 1.4100 2.4100 0.6700 -0.6511 0.7778 -0.1600 8.96 -0.79 3.90 176 406 367 431 214 
9.85 2.21 2.87 1.6500 2.7600 -1.3200 -2.3211 0.3756 0.2400 8.77 -1.86 3.96 171 321 268 335 201 
;
6.63 -4.83 2.41 -1.7200 -1.2400 -1.5200 -2.7800 -0.7511 1.1833 8.19 -4.63 2.74 179 265 277 297 190 
6.02 -9.17 0.85 -0.1000 -2.9500 -1.1500 -0.5744 -0.3956 0.2611 7.92 -5.47 1.82 181 275 284 304 193 
8.81 -5.79 1.11 0.6600 -0.3400 -0.3900 0.1833 -0.1611 0.0000 8.03 -5.42 1.47 182 280 286 305 192 
8.11 -7.95 -0.16 -0.5000 -2.9300 -1.5300 2.5756 -0.2967 -0.7367 8.32 -4.74 2.07 168 342 299 371 207 
7.52 -2.52 2.24 1.0400 1.7000 -1.1000 2.9178 -0.0278 -0.8144 8.53 -2.60 4.07 176 407 353 426 210 
8.90 1.33 3.41 0.0300 3.0200 -0.8300 1.5500 -0.7867 0.2011 8.93 -1.10 3.89 187 420 360 434 212 
10.03 1.25 4.12 0.8300 1.9800 0.2600 -0.0122 0.0522 0.2200 9.02 -1.27 3.60 190 421 360 437 212 
9.28 1.48 3.48 -0.0600 3.4000 0.3700 -1.2933 0.1589 -0.1800 9.01 -1.58 3.52 186 392 356 411 203 
9.34 0.04 0.85 0.6000 0.2700 -3.0500 -3.6900 1.1867 -0.5067 8.55 -2.94 3.77 170 266 283 294 178 
;
8.83 -2.80 2.31 -1.6500 -1.2700 -0.7300 -1.3156 0.4644 0.7267 8.09 -4.78 2.79 181 267 289 311 187 
6.57 -8.53 2.13 -0.8300 -2.1400 -0.5100 -0.3156 -0.3100 0.0389 7.93 -5.30 2.25 180 274 291 315 191 
7.22 -6.14 2.09 -0.6300 -0.8600 -0.0900 0.5444 -0.7467 0.0056 8.06 -5.20 1.99 174 274 298 317 191 
8.30 -7.77 -0.44 2.2900 -2.1600 -1.8900 2.6922 0.7322 -0.5156 8.36 -4.18 2.95 170 360 331 399 210 
8.56 -0.85 3.20 -1.4400 1.6000 -0.8400 2.6889 -0.8367 -0.3189 8.77 -1.93 3.91 172 388 351 417 210 
10.89 2.92 2.24 0.7200 3.3800 -0.6800 1.6822 -0.5556 0.4067 9.16 -0.99 3.34 178 399 355 422 213 
8.40 0.01 4.34 0.2800 1.2400 0.5800 -0.2433 -0.1622 0.0789 9.12 -1.08 3.42 180 400 360 424 214 
9.85 3.48 4.12 1.0000 5.1300 -0.0200 -2.0989 0.8000 -0.3689 8.95 -1.55 3.68 184 370 347 423 215 
12.24 -1.60 -0.38 -2.8800 -1.9100 -3.1700 -3.2967 0.2300 0.5189 8.47 -3.54 3.41 179 269 300 316 198 
;
5.95 -7.21 1.52 -1.3200 -2.2800 -0.7300 -1.3667 1.0889 0.5000 7.74 -5.57 2.24 181 268 292 313 200 
8.44 -7.27 1.76 0.8400 -1.2900 -0.1600 0.0333 -0.3578 0.0244 7.78 -5.71 1.70 182 273 295 316 200 
7.89 -6.50 1.07 0.1200 -0.9600 -0.6300 0.9111 -0.2556 -0.2289 7.96 -5.44 1.72 185 308 319 349 207 
4.90 -7.38 3.28 -2.3000 -1.7500 -1.3500 3.1011 -0.7856 -0.1878 8.06 -3.86 4.02 188 394 341 415 213 
9.29 -1.88 3.49 -0.5700 0.8000 -0.9300 2.8278 -1.5667 0.2889 8.67 -2.07 4.07 185 413 352 429 213 
9.34 2.14 2.82 0.2300 3.4900 -1.0600 1.4122 -0.8156 0.1178 9.09 -1.18 3.47 189 414 355 431 214 
10.02 0.54 3.54 0.8000 1.2500 0.2400 -0.2511 -0.1900 0.3556 9.11 -1.56 3.25 185 412 357 432 213 
10.70 2.88 3.74 1.3400 4.8000 0.4500 -2.3811 0.3844 -0.2011 8.91 -2.38 3.32 183 342 306 337 202 
6.70 -3.67 -1.21 -1.0600 -2.5100 -2.9600 -2.4689 0.2122 0.5311 8.51 -3.89 2.92 179 257 276 279 179 
;
