-0.54 6.51 7.19 -0.0100 -0.0300 -0.0800 0.0000 0.0167 0.0044 -0.54 6.55 7.27 176 375 373 420 227 
-0.66 6.50 7.20 -0.1000 -0.0400 -0.0700 -0.0156 -0.0144 0.0078 -0.54 6.54 7.27 175 377 372 417 228 
-0.82 6.51 7.23 -0.7600 -0.1000 0.4600 0.2267 -0.6144 0.1400 -0.25 6.64 7.20 175 360 351 419 227 
2.52 8.67 12.21 0.4100 2.2500 6.6500 0.2322 -8.0200 2.2289 6.37 6.55 3.54 173 327 295 354 224 
14.50 6.94 -5.48 4.1200 3.1100 -5.8100 1.4956 -0.2578 5.0178 9.70 1.34 0.48 170 303 294 355 223 
2.33 -0.91 -4.12 -7.1500 1.9800 -4.7800 4.8344 -0.3333 2.1044 9.16 -3.18 1.43 175 348 319 369 223 
5.43 1.45 3.33 -2.7100 4.2500 1.4200 2.0100 -1.0989 0.2578 9.08 -3.11 1.95 184 368 328 376 226 
10.00 0.65 1.64 0.7100 3.2100 -0.3700 0.5544 -0.2889 -0.1467 9.28 -2.45 1.97 191 367 328 379 228 
9.96 0.13 2.52 0.6500 2.4400 1.4000 -1.8422 0.2889 -0.5867 9.39 -2.15 1.82 195 345 324 370 224 
10.29 5.02 1.15 -2.1100 5.1000 -1.8100 -3.3856 1.0656 -0.9389 9.18 -2.21 2.61 197 279 277 311 221 
10.42 -3.74 -3.46 -1.2100 -1.8200 -6.8600 -3.0011 0.9467 0.5822 9.10 -3.62 0.21 194 271 269 276 212 
6.18 -7.34 -3.17 -2.7800 -2.8600 -3.1000 -0.3189 -0.2622 0.6922 8.63 -4.65 -0.06 195 275 274 284 213 
6.74 -4.60 0.01 -1.9600 0.4800 -0.1900 0.4678 0.0033 -0.2778 8.68 -4.54 0.43 192 274 279 267 212 
3.66 -2.08 -0.21 -3.7100 0.9700 -3.5200 2.6333 4.0133 -4.1844 8.65 -0.68 4.55 191 306 288 270 209 
7.07 4.38 1.92 -0.2700 -1.3700 -3.1200 5.3067 -1.8378 -0.3000 7.06 6.31 2.54 189 309 303 307 209 
14.91 6.23 -0.17 2.9300 -0.8500 0.4100 2.3189 -3.3456 3.7444 8.53 2.40 -4.19 194 306 306 314 217 
8.87 1.46 -6.55 4.2400 4.0000 1.7300 -1.1433 -3.3756 4.5333 4.64 -2.60 -8.23 194 283 270 309 228 
3.08 3.94 -7.10 -0.2500 4.7900 1.8500 -2.7867 -0.8122 0.7844 1.91 0.19 -9.61 192 294 290 322 234 
1.78 1.57 -11.10 0.7800 0.1800 -0.4200 0.1033 0.1456 0.1711 1.32 1.22 -9.63 193 303 293 322 233 
1.49 0.86 -10.33 -0.4500 -0.2200 0.0300 0.1633 -0.3700 0.3367 1.50 1.20 -9.61 194 305 294 325 233 
1.18 1.19 -9.05 -0.6200 0.1000 0.5900 0.1000 0.0889 -0.2156 1.69 1.06 -9.59 194 306 296 327 233 
4.25 2.70 -9.59 2.8500 1.8500 -0.1800 -1.5789 5.7356 -1.0600 4.90 2.15 -8.21 186 301 299 316 227 
9.07 3.53 -4.89 0.7500 0.1000 -1.4800 1.2644 5.5267 -1.5533 8.97 3.92 -0.42 187 275 261 265 215 
12.22 3.07 -0.06 -0.1900 -0.5600 -1.6300 2.4678 -1.3400 3.5800 9.65 1.68 0.15 193 206 212 201 152 
3.45 -1.36 3.98 -7.5600 -0.8200 4.4900 -1.1111 1.2244 0.1433 9.75 -0.87 0.41 200 175 179 172 123 
5.56 1.93 0.10 -2.0400 3.1600 -2.9300 -2.5367 -2.2211 -2.0522 9.55 1.44 -1.67 198 170 160 170 123 
11.59 3.63 -4.52 2.0300 1.1400 -1.4300 0.4756 0.1767 0.2878 9.36 1.94 -2.15 201 172 163 173 126 
8.90 2.33 -0.92 -0.5100 0.5500 1.1200 -0.0889 0.0011 0.1900 9.45 1.63 -2.04 201 178 161 176 126 
9.64 1.80 -2.03 0.0100 0.3200 0.1500 0.1044 0.0367 0.1011 9.47 1.48 -2.02 202 177 161 175 128 
9.53 2.04 -1.54 -0.4200 0.5100 0.2500 -0.0700 0.0278 0.0533 9.49 1.39 -2.03 201 180 171 178 129 
8.91 1.78 -2.11 -0.7000 0.1900 -0.1600 0.0433 0.0178 -0.0544 9.45 1.59 -2.04 202 180 169 179 130 
9.21 3.01 -0.15 -0.1800 1.0300 1.8300 -1.9144 1.9911 -1.3189 9.36 2.85 -0.47 196 217 212 211 163 
;
