3.74 3.41 8.33 0.1100 0.0000 -0.1300 0.0033 0.0056 0.0000 3.65 3.41 8.43 168 356 335 381 207 
3.77 3.44 8.38 0.1000 -0.0400 -0.0900 0.1200 -0.1089 -0.0100 3.83 3.53 8.30 167 351 339 380 207 
21.03 7.91 13.34 13.7000 2.0100 4.1800 -0.3756 -4.6878 4.3678 8.42 1.40 4.81 160 342 329 381 207 
3.97 2.44 -2.73 -5.0900 6.1700 -4.3700 8.3811 -3.2789 3.1967 8.75 -3.95 1.96 174 391 357 415 210 
4.94 2.98 2.66 -3.9400 6.0700 -0.0800 2.5722 -1.1444 -0.7678 9.27 -2.38 2.13 190 398 358 421 212 
11.41 3.06 3.11 0.8200 4.1600 0.0000 -0.9789 0.1511 -0.0144 9.50 -1.61 1.81 193 387 352 418 214 
9.72 1.53 1.88 2.2600 3.3700 -0.6500 -2.5989 1.6656 -0.2167 8.96 -1.99 3.43 197 361 349 414 213 
10.28 -2.24 2.28 0.3900 2.2200 -1.6000 -4.5111 3.5000 3.2122 7.46 -5.94 2.27 180 280 278 292 178 
3.65 -9.88 -2.25 -4.6400 -3.1400 -3.1300 -1.0678 -0.0844 0.9744 5.40 -8.18 -0.07 192 293 293 321 187 
4.23 -8.78 -0.45 -0.6400 -0.0900 0.0300 0.2633 0.6278 -0.2289 5.41 -8.17 0.27 191 292 294 309 187 
5.12 -8.57 -0.26 -1.6600 -2.5200 -2.9100 -0.6733 6.7833 -0.6356 4.92 -7.56 3.83 184 280 286 283 189 
2.53 -4.26 2.83 0.9400 2.7000 -4.6800 2.2411 7.1300 2.3600 -2.66 -5.60 7.59 193 197 180 203 155 
-5.16 7.74 5.04 -0.9300 10.7100 0.7500 0.9522 1.5567 7.0589 -8.36 1.96 4.73 191 170 172 185 132 
-12.43 4.59 6.59 -3.1700 1.9400 0.8700 -0.3156 -0.4111 -0.6889 -7.46 2.80 5.70 193 173 173 190 135 
-6.90 1.74 5.50 0.2000 -0.5100 -0.0800 0.2200 0.2067 -0.6200 -7.72 2.01 5.69 197 178 178 192 136 
-7.72 1.33 5.38 0.3200 -0.3700 0.0100 0.1367 0.0478 -0.2956 -7.87 1.70 5.58 197 180 176 193 138 
;
