5.95 5.97 10.44 2.6800 1.4100 5.0200 0.5067 0.1678 -0.0678 3.59 4.90 7.68 167 306 307 323 215 
2.92 4.99 7.48 0.0900 0.0000 -1.2800 -0.1100 1.3533 0.0356 1.59 4.86 8.36 164 302 335 366 220 
2.38 4.57 9.27 1.3600 -0.1900 1.8300 0.4256 -0.9911 -0.0044 2.70 5.01 7.98 166 314 357 401 226 
1.78 5.13 7.93 -0.0300 0.3900 0.7700 0.7444 -2.5156 -0.1256 4.07 5.30 7.17 169 313 338 378 225 
18.38 9.41 5.76 11.2700 3.5200 1.3100 0.2233 -3.8700 2.4144 8.62 4.61 0.65 167 296 296 289 209 
5.98 3.46 -4.51 -4.0500 2.0800 -3.2000 2.6889 0.7644 3.2800 9.78 -0.67 0.07 164 317 337 333 220 
4.19 -3.25 -2.54 -5.5100 -0.4400 -3.2900 4.1189 -0.4033 1.3344 9.13 -3.39 1.05 170 350 353 375 223 
6.23 -0.20 1.48 -2.2000 3.3900 1.0500 2.0911 -0.2956 -0.4367 9.26 -2.69 1.73 174 366 362 385 223 
9.34 0.60 2.39 0.3800 2.7700 -0.0300 0.5344 -0.6067 0.2533 9.40 -2.12 1.77 176 369 357 385 223 
10.55 0.23 1.48 0.5100 2.3800 -0.4100 -1.0100 -0.0778 -0.2089 9.49 -1.91 1.56 179 360 353 366 217 
10.39 2.05 -0.46 1.2800 4.0400 -1.8200 -2.6833 2.4533 -0.4100 9.26 -2.00 2.52 176 295 326 332 210 
5.81 -3.76 -3.56 -0.9900 -0.3000 -2.3900 -3.6533 1.5733 2.3556 7.63 -6.04 1.17 183 288 313 337 217 
5.25 -10.07 -2.21 -1.6200 -2.2400 -2.2200 -0.0111 0.0933 -0.0856 7.08 -6.75 0.61 183 296 319 343 218 
6.64 -5.79 0.15 0.3900 0.9100 -0.3100 0.2700 0.9089 -0.5633 7.30 -6.44 1.10 177 292 314 325 214 
11.67 -3.84 4.58 1.2600 2.0600 1.2400 -1.7178 4.5733 1.0522 5.32 -7.26 3.88 172 321 318 336 212 
3.23 -7.42 0.87 -0.1500 0.6800 -2.9500 -2.5489 2.8644 0.5811 2.60 -8.97 2.97 172 347 346 377 214 
1.53 -8.74 1.20 0.2000 0.6000 -1.1600 -1.8856 0.5733 0.2833 1.32 -9.69 0.60 172 382 361 402 216 
3.11 -10.18 -0.86 1.0100 0.2200 -1.5600 1.5422 0.6933 0.2778 1.40 -9.52 1.86 171 389 368 409 220 
3.38 -5.21 -11.24 3.8400 7.2900 -10.3800 7.9522 -2.1944 -0.0267 2.59 -6.25 7.09 169 394 373 414 226 
4.51 0.57 19.66 2.2600 4.5000 9.2600 -2.6400 0.1178 -0.4833 3.58 -5.92 6.94 171 393 378 415 225 
5.07 -4.13 1.69 2.3400 3.9900 -3.7300 -2.9978 1.7278 0.1500 2.26 -8.68 3.95 170 392 377 415 224 
2.00 -8.78 -3.50 -0.7300 -0.0700 -6.0600 -0.0467 -0.4600 -0.3256 2.40 -9.22 2.31 169 390 374 412 223 
3.95 -7.79 -2.13 -0.1600 1.4400 -6.0700 3.0433 -2.6533 -0.4611 3.65 -8.01 4.30 168 384 372 409 223 
8.62 4.44 21.67 1.4800 7.1600 12.8300 1.2211 -2.8222 0.2856 5.58 -3.96 7.01 168 381 372 407 224 
6.00 -3.07 9.82 0.0600 0.9500 2.6400 -1.5567 -0.5367 -0.4311 6.16 -4.43 6.20 169 360 362 380 222 
9.42 -5.17 2.24 1.9000 -1.3200 -4.4000 -0.3400 -1.1778 -0.3833 7.71 -4.97 3.45 169 359 359 400 224 
8.59 -5.65 -4.12 1.8200 -0.5600 -6.6600 3.8722 -1.9133 0.7200 8.21 -4.44 2.98 172 373 367 402 224 
9.42 1.02 -0.38 0.1200 4.3300 -2.6100 3.8244 -1.3178 -0.0856 9.07 -2.71 2.52 175 372 361 397 226 
10.69 3.83 2.76 1.3900 6.1500 0.7300 0.9411 0.0289 -0.0433 9.36 -1.87 2.22 179 351 355 384 224 
10.81 2.38 1.75 0.7400 4.6000 -0.5000 -2.3067 0.6622 -0.2578 9.30 -2.25 2.10 180 319 328 333 209 
13.40 3.29 0.23 -0.4500 3.4600 -2.7800 -4.8078 1.3267 0.5456 8.33 -4.46 2.60 178 259 285 296 194 
4.53 -9.24 -5.70 -2.7300 -3.5400 -6.7500 -1.9422 0.6178 0.8389 7.14 -6.71 0.24 182 272 296 316 202 
5.77 -8.23 -1.18 -1.2100 -1.0400 -1.2500 0.2244 -0.1511 0.2278 6.80 -7.04 0.37 184 276 295 316 202 
6.68 -5.93 0.39 -0.6200 1.1800 -0.2100 0.2233 0.1233 -0.0544 6.80 -7.02 0.73 184 274 296 319 202 
2.56 -4.63 -0.28 -4.0000 2.5500 -0.7400 -0.3433 -0.5700 -1.1133 7.39 -6.43 0.11 177 272 288 284 190 
5.62 -3.88 -2.12 -5.8000 -0.2800 -3.2100 1.1444 3.7633 -5.1811 9.12 -2.17 2.85 167 310 302 301 204 
8.49 6.71 7.18 -1.2100 7.0900 6.0100 1.0478 0.4956 -2.7111 7.01 2.92 6.20 170 316 307 316 205 
;
