0.76 1.97 9.46 0.3100 -0.1700 0.0900 -0.0322 -0.1322 -0.0478 0.59 2.11 9.55 154 306 303 308 201 
0.73 1.88 9.56 -0.0900 -0.2200 0.0100 0.1367 -0.0511 0.1422 0.70 2.16 9.53 153 305 305 310 202 
-0.04 1.67 9.82 -2.1100 -1.5500 0.8600 1.6044 -2.9100 0.1133 2.56 3.26 8.88 163 325 301 316 202 
19.80 6.20 8.42 12.2000 2.7800 1.6100 -0.1311 -2.8611 2.5856 8.36 3.56 3.68 164 369 362 400 210 
10.71 5.77 -7.30 -0.9400 5.2300 -7.1200 4.1878 0.1733 3.9578 9.63 -1.73 0.49 172 378 369 418 213 
4.83 2.00 -1.95 -3.7600 7.5700 -1.9200 6.4978 -0.9711 1.6722 8.41 -4.48 2.27 196 397 375 424 213 
7.82 2.98 6.51 1.1300 6.5300 2.3800 1.6711 -0.7967 0.3789 8.42 -3.57 3.51 204 402 380 428 214 
9.52 2.53 3.99 1.8900 6.4800 0.0600 -1.8044 0.7333 -0.6822 8.32 -3.56 3.74 201 381 373 420 218 
9.23 -4.37 0.20 1.3300 1.3400 -2.5100 -6.6889 3.8944 2.1378 6.95 -6.68 1.74 187 262 258 271 173 
1.68 -11.02 -6.26 -3.2200 -2.6200 -4.8300 -1.1478 0.7600 0.6100 5.42 -8.08 -1.14 193 283 268 292 177 
6.32 -8.39 -1.86 0.9100 0.1200 -0.9500 -0.0222 0.0978 0.0844 5.59 -7.98 -1.06 194 288 281 296 179 
8.43 -5.08 -8.22 10.4400 2.1700 -8.8000 0.4311 11.4344 3.4211 3.18 -9.10 1.75 187 293 277 285 179 
-1.44 -8.47 5.84 -4.9300 0.7700 2.6600 -4.8522 0.8078 2.0911 -1.43 -9.54 -1.73 170 261 244 258 166 
-0.80 -11.54 0.05 0.8400 -1.9200 2.0800 -0.5011 -0.4400 0.9711 -1.98 -9.20 -2.74 170 254 247 263 168 
-2.35 -8.72 -1.67 -1.3100 -0.0100 0.9600 0.0856 -1.7878 -0.8922 -1.69 -9.33 -2.47 171 264 252 269 168 
2.53 -5.79 -9.52 -1.4100 5.2800 -6.0800 1.8956 -9.9689 -8.3889 4.71 -7.52 -4.15 171 247 235 248 162 
8.76 -3.33 -10.01 4.4300 2.5500 -3.5800 1.7467 -3.6711 -3.1200 4.05 -5.94 -6.65 167 245 239 250 164 
;
5.93 -4.74 -4.50 2.7300 1.7300 3.3900 0.3467 0.0589 -0.3144 4.32 -6.40 -6.03 167 244 245 252 166 
4.72 -6.06 -5.88 -0.0500 0.5200 0.4300 -0.0978 0.7211 0.2556 4.67 -6.49 -5.65 170 246 247 256 169 
5.96 -1.50 0.47 -1.0000 5.0300 3.3600 -1.2200 9.9878 -0.0944 7.87 -5.82 -0.49 172 264 269 277 184 
17.86 5.89 7.60 6.6000 4.8900 1.8100 5.9767 4.1944 -3.8211 5.15 2.97 7.79 175 327 320 341 202 
5.10 4.48 17.23 0.8000 -0.6100 5.9600 -1.2622 -1.7078 -1.2522 4.28 3.58 8.06 174 326 321 357 206 
6.04 5.03 11.88 0.8600 1.3100 5.9800 0.2756 -4.5211 -1.3844 6.70 4.77 5.32 174 316 336 370 212 
15.17 6.70 3.28 8.3500 3.0900 -0.8900 0.3456 -2.5978 4.3589 9.60 1.67 1.09 175 306 277 305 198 
2.91 0.77 -5.53 -7.2400 3.6100 -4.4500 4.1822 -0.8889 3.7911 8.88 -3.94 1.32 186 320 323 357 208 
5.64 1.91 6.24 -0.9100 7.2800 4.6100 -0.3967 0.1644 -0.1478 8.31 -4.82 1.93 188 335 349 385 213 
11.10 -0.15 -1.74 2.8200 4.0900 -3.3900 -2.1233 -0.6456 2.1011 7.71 -5.98 0.92 185 284 281 342 206 
2.63 -10.72 -2.17 -2.8300 -2.0700 -2.0800 -1.6133 2.3011 1.5856 5.19 -8.28 -0.72 189 292 274 344 208 
5.28 -9.03 -2.24 -0.8500 -1.0100 -1.4300 0.0289 0.0644 -0.1244 5.37 -8.15 -0.91 188 294 283 347 208 
5.25 -6.98 -0.40 -0.3600 0.9400 0.2300 0.1511 0.0367 -0.0144 5.38 -8.17 -0.59 186 293 284 328 204 
5.44 -6.77 -5.04 0.9500 0.9400 -5.7000 -0.7756 6.4767 2.0933 4.04 -8.83 1.33 138 258 263 280 179 
1.48 -7.23 10.42 2.3800 2.5200 3.5400 -4.1522 2.0378 1.1644 0.50 -9.78 -0.47 165 257 248 271 167 
-3.32 -12.29 0.33 -0.4200 -2.3000 1.8100 -0.7589 -0.2422 0.8556 -1.25 -9.49 -2.09 163 259 256 280 172 
-0.84 -9.07 -0.63 -0.4100 0.0000 1.5700 -0.1733 -0.2822 0.1078 -1.43 -9.39 -2.43 166 271 260 284 177 
-0.08 -5.35 -8.84 -0.6700 3.8700 -6.3600 1.3444 -8.7578 -9.0744 4.41 -7.46 -4.57 167 259 250 278 173 
10.67 1.94 -8.59 10.1200 8.1300 0.8700 -0.6467 0.4444 -1.1789 3.48 -5.40 -7.40 161 258 252 282 177 
4.08 -4.47 -6.73 3.3500 2.2900 1.3500 1.2611 0.5533 -0.5944 3.51 -6.62 -6.31 161 256 254 277 178 
5.22 -5.13 -5.51 2.0600 2.1600 1.4700 -1.0600 2.1189 0.5233 4.26 -6.34 -6.14 167 258 259 284 179 
11.19 -3.89 -1.90 0.7100 -2.6300 -0.5000 -0.1944 7.1033 -4.1300 8.81 -4.23 -0.67 167 254 270 276 186 
;
