-2.28 5.33 7.85 -0.0100 0.0000 -0.0200 -0.0067 -0.0078 0.0078 -2.29 5.34 7.89 178 385 372 419 226 
-2.38 5.27 7.88 -0.3300 -0.0800 0.0200 0.0667 -0.5644 0.0767 -1.87 5.41 7.95 178 377 372 418 226 
12.74 12.61 13.97 12.2700 7.5900 7.9500 1.1167 -6.5578 1.1656 6.91 5.90 3.65 175 332 338 375 225 
8.34 3.15 -5.50 -4.2800 0.6900 -4.6700 4.3711 -1.3156 4.6456 9.76 -0.93 -0.03 181 353 343 387 225 
1.87 0.33 0.27 -5.2200 3.9300 -1.0800 2.9933 -0.1689 0.7933 9.20 -3.03 1.45 194 387 364 405 227 
8.88 1.96 2.57 -0.3800 4.8300 0.6200 1.7578 0.2967 -0.5444 9.32 -1.97 2.29 213 417 381 417 229 
9.92 4.64 2.72 -0.1100 6.1200 0.6400 -2.4278 0.1667 -0.6233 9.52 -1.28 1.95 214 409 373 414 229 
11.03 -0.09 -2.72 2.5900 1.5500 -4.7700 -5.8789 2.4589 1.3122 8.89 -2.83 2.99 191 290 300 346 209 
3.54 -7.14 -0.11 -5.0700 -1.4200 -0.2100 -1.6789 0.2556 0.9089 7.82 -5.87 0.70 192 293 313 367 226 
7.85 -7.95 -1.58 0.2700 -1.2600 -1.6300 0.0333 0.2211 -0.1822 7.86 -5.83 0.46 226 334 353 409 267 
5.14 -4.52 0.59 -3.1000 1.5700 -0.2000 -0.2289 -0.8389 0.4644 7.67 -6.10 0.10 231 335 330 360 256 
-3.10 -3.37 1.34 -10.4200 1.7200 0.4000 -0.9244 -6.1900 0.0044 7.35 -6.14 -2.06 241 372 342 359 249 
11.45 0.81 -13.71 9.0700 2.9200 -4.5000 -4.5511 -2.8233 -2.1422 3.78 -0.71 -9.01 217 265 244 262 184 
6.51 4.66 -13.48 3.9800 2.2400 -3.6800 -0.1456 0.7233 -0.3000 2.18 2.57 -9.20 210 262 248 272 186 
3.47 1.52 -11.23 3.9000 -0.7500 -2.8800 -0.0033 -0.2456 0.1000 1.43 2.31 -9.42 203 264 254 277 185 
7.60 -2.89 -17.26 7.2100 -3.2600 -7.9600 3.0289 1.3533 1.3344 2.47 -1.39 -9.38 213 316 291 315 225 
4.07 1.31 -12.29 -4.2000 9.2800 -11.7500 7.1711 3.7556 3.0089 3.67 -9.08 -0.37 252 462 419 477 259 
-2.64 -0.12 3.73 -2.9200 7.9400 1.1900 0.5744 0.6456 -0.5667 2.41 -8.96 3.16 256 461 421 478 260 
2.23 -7.31 2.80 -0.4900 1.7300 -0.0700 -0.2833 0.1433 -0.2600 2.78 -8.96 2.84 217 428 388 450 222 
;
