0.53 5.55 8.08 0.0300 0.0100 0.0000 0.0056 0.0033 0.0011 0.51 5.55 8.06 172 358 369 410 215 
0.57 5.57 8.02 0.0200 0.0300 0.0100 -0.0022 -0.0122 0.0078 0.52 5.55 8.06 173 356 367 411 216 
0.43 5.56 7.98 0.0000 0.0000 -0.0300 -0.0011 0.0056 0.0011 0.51 5.55 8.06 172 356 368 412 216 
0.54 5.58 8.06 0.0500 0.0400 0.0000 0.0011 -0.0022 0.0089 0.51 5.55 8.06 172 354 370 410 214 
2.09 8.08 15.20 0.2700 4.3800 8.4600 -0.2400 -9.0644 1.0478 6.74 5.47 4.55 174 341 307 378 220 
13.42 2.25 -3.81 1.6400 -0.6600 -5.2600 1.4033 0.9178 4.6200 9.65 0.46 1.67 174 381 357 393 222 
1.90 -2.36 -2.75 -7.8900 0.9600 -4.0300 4.5278 -1.7567 2.4244 8.97 -3.50 1.80 177 382 359 389 223 
7.04 2.25 2.50 -1.4900 5.5500 0.9200 1.1811 -0.2689 -0.1811 9.01 -3.43 1.79 182 374 353 387 224 
9.41 0.64 2.32 -0.3600 4.2200 -0.1800 -1.1356 -0.2833 -0.7011 9.34 -2.53 1.56 186 368 351 388 224 
15.84 3.64 -1.07 6.4100 3.8300 -5.1000 -4.0122 -0.6833 1.1789 9.40 -2.67 0.72 184 327 345 375 219 
4.04 -7.47 -0.82 -13.1500 -2.0500 -1.8300 -2.7611 0.3467 2.3067 7.19 -6.63 -0.60 180 262 282 322 217 
6.84 -8.19 -2.51 -0.5300 -2.0000 -1.8900 -0.3733 -0.0200 -0.4344 7.53 -6.20 -0.94 180 275 285 326 218 
6.79 -6.39 -1.12 -1.2900 0.4400 -0.6300 0.4167 -0.1722 -0.0356 7.59 -6.17 -0.55 181 279 288 327 219 
7.68 -5.24 0.40 0.0000 0.8700 0.4700 0.1700 0.0378 -0.0411 7.73 -6.02 -0.02 182 283 309 339 223 
6.53 -4.76 -0.01 -0.6200 1.0800 0.1400 -0.1789 0.4889 -0.2200 7.90 -5.80 0.19 173 292 324 326 222 
7.87 -4.88 -0.37 -0.7900 -0.2400 -1.5300 -0.5744 2.8567 -1.2611 8.11 -4.59 3.04 164 347 286 266 206 
0.39 -5.65 -2.27 -8.7300 -1.5700 -5.2100 0.2811 -4.9489 0.7900 8.14 -5.00 2.19 132 380 227 233 172 
13.50 -6.45 -2.77 7.8100 0.0600 -2.3700 1.3978 -4.0022 0.9533 7.17 -6.29 -2.25 112 390 217 229 170 
9.91 -4.69 -0.98 6.9000 2.8100 0.6500 3.9600 1.7044 -0.9044 6.72 -7.10 -0.61 115 386 228 237 176 
3.84 -6.57 -0.32 0.8600 0.0500 -0.6800 -2.8311 -1.4678 0.3922 6.66 -6.55 -2.97 116 392 222 239 175 
10.74 -6.57 -8.60 1.3600 -0.6200 -5.3700 5.7344 0.9589 -0.6467 6.63 -7.17 -0.84 113 385 226 239 176 
5.21 -7.04 -1.42 -0.8600 -0.6600 -1.6800 -0.4556 -0.7144 0.0111 6.81 -6.93 -1.29 130 365 235 251 179 
6.47 -3.53 -0.84 -0.1800 2.2000 1.0400 0.6456 1.0411 -3.7678 8.54 -4.43 -1.89 168 284 306 325 218 
12.32 -0.01 -2.97 4.4400 0.2100 -1.4700 7.9322 3.3411 -2.8233 9.43 2.22 1.47 159 324 353 398 221 
9.21 6.19 3.29 -0.0800 2.6200 1.6500 0.1700 0.3022 2.8256 9.53 1.79 1.45 168 315 359 389 221 
4.12 0.04 4.97 -4.1500 2.8400 3.7300 -2.5900 -0.1911 3.7211 8.61 -4.65 0.56 184 278 324 353 216 
1.86 2.36 -3.93 -2.3400 5.7400 -1.4000 -7.4678 -3.0022 2.2289 4.24 -4.26 -7.74 188 269 313 351 224 
4.19 1.09 -18.61 2.0800 0.5500 -9.2300 -0.6844 0.0867 -0.0444 2.34 -0.07 -9.52 186 279 317 355 227 
3.32 -0.48 -9.52 1.0300 -0.2700 0.4100 0.0389 0.2033 0.0456 2.52 -0.20 -9.47 187 280 317 356 228 
2.26 -0.39 -9.16 -0.4800 0.0000 0.2300 0.0633 -0.0289 0.0644 2.57 -0.40 -9.45 184 284 321 356 228 
3.50 -0.27 -9.27 0.4400 0.1200 0.1500 -0.0022 -0.0033 0.1211 2.82 -0.37 -9.38 188 284 319 358 228 
2.69 -0.53 -9.02 0.0000 0.0400 0.4300 0.0489 0.1733 -0.0189 2.83 -0.49 -9.37 186 286 321 359 228 
;
