1.31 3.63 8.82 -0.2300 -0.0500 -0.2300 0.3278 -0.0456 -0.1722 1.46 3.75 8.94 163 296 306 309 202 
1.58 2.68 8.97 -0.1800 -1.1400 0.1500 0.6756 -1.1378 -0.0156 1.95 4.14 8.67 163 303 308 308 202 
7.30 2.53 13.89 3.0500 -1.4200 4.9100 -1.5689 -4.5567 -0.9233 5.80 3.07 7.28 161 325 310 309 203 
12.57 7.77 0.49 3.4400 5.5700 -5.2800 2.9444 -2.1822 3.5156 9.52 0.99 2.12 168 343 342 363 211 
5.40 2.97 -3.55 -5.1600 4.1900 -3.9600 7.8478 -1.2822 3.4622 9.14 -3.04 1.80 182 398 370 423 214 
7.27 3.98 6.19 -0.5200 7.6700 3.8800 3.3544 -1.2611 1.0467 8.69 -3.34 3.06 201 394 377 410 216 
8.45 2.15 3.66 -0.5600 6.0500 0.4700 -3.2267 0.1256 0.0478 8.57 -4.06 2.48 196 349 360 350 210 
11.17 -0.67 1.89 2.0700 3.1200 0.1300 -3.3611 1.3822 0.5667 8.36 -4.91 1.43 180 299 326 303 197 
4.91 -6.40 -4.60 -2.6000 -2.5400 -8.2600 -2.5878 -0.8178 1.2244 7.04 -6.49 -2.10 196 293 309 317 191 
4.42 -8.39 -4.71 -2.4300 -1.2900 -1.3900 0.0444 0.8167 -0.4289 6.84 -6.57 -2.46 196 296 311 316 191 
6.07 -5.78 -2.05 -0.5200 0.9000 0.3700 0.1522 -0.3344 -0.1144 7.12 -6.37 -2.17 192 295 310 292 188 
5.29 -6.52 -5.03 -2.0500 -0.8600 -4.3500 1.3667 4.1800 -1.8722 8.40 -4.85 1.36 115 268 257 258 183 
13.11 0.35 3.83 1.5300 3.9900 -4.5400 3.5822 2.1356 2.2922 6.38 -3.04 6.78 102 224 205 212 151 
11.87 4.16 12.02 1.6800 5.2000 4.1400 1.9356 -3.6989 1.2378 8.17 -1.41 5.23 98 194 182 191 123 
12.50 0.95 -1.41 1.7600 2.8100 1.5400 -0.6311 -0.0067 0.1156 9.53 -2.28 -0.10 101 190 184 187 122 
11.89 2.48 7.29 1.1200 4.8700 5.9400 -2.7444 1.3933 -0.6267 9.66 -1.63 0.22 102 196 189 197 127 
12.26 2.14 -2.01 2.0700 2.7900 -3.7400 -1.8956 2.1544 -0.9922 9.37 -0.76 2.78 104 196 196 198 127 
6.58 -2.12 -5.84 -2.7000 -2.8100 -9.6900 0.1100 -1.4789 -1.1622 9.38 0.47 2.81 102 197 195 198 128 
10.83 0.09 -0.18 2.9300 0.0300 -0.3500 3.6744 -1.7456 -0.0433 9.68 1.44 -0.51 103 183 182 186 128 
9.28 -0.50 -1.64 -0.7300 -1.3000 -0.2200 0.3089 0.3044 0.3833 9.72 1.18 -0.47 104 192 197 199 132 
6.41 2.03 6.60 -3.1000 1.5900 5.5300 -2.9544 2.0700 -1.0767 9.40 1.63 2.25 115 269 265 257 177 
;
