-0.12 6.21 7.65 0.1000 0.1400 0.0400 0.0400 -0.1389 0.1789 -0.17 6.13 7.65 164 360 362 400 215 
0.02 6.29 7.58 0.1700 0.1100 -0.0300 0.0289 0.0022 -0.0178 -0.13 6.16 7.62 166 362 362 401 214 
-0.06 6.26 7.71 0.0700 0.0800 0.0600 -0.0133 0.0111 0.0156 -0.11 6.13 7.65 168 361 364 402 215 
-1.50 6.02 8.56 -1.8600 0.0000 0.3500 0.3244 -2.9722 0.5778 1.20 6.00 7.65 164 335 321 380 218 
8.28 9.44 13.82 5.9800 3.7100 6.9900 -1.3133 -3.3878 2.6967 7.11 4.54 4.98 164 327 313 351 215 
11.74 3.72 -0.91 -1.3700 2.4400 -6.4000 1.6811 -2.6989 5.5756 9.01 -1.57 3.52 161 355 332 367 215 
4.00 0.23 0.47 -5.6100 3.4600 -2.8900 3.6522 -1.1022 1.9789 8.03 -4.00 3.94 176 375 340 381 216 
5.62 -0.25 4.32 -2.4500 3.1700 -0.0600 1.2800 -1.1044 -0.0044 8.28 -3.53 3.87 183 377 344 386 218 
9.13 -0.90 3.60 0.9900 2.4200 -0.1700 -0.4211 0.1678 -0.2600 8.45 -3.20 3.78 188 367 340 382 216 
6.52 3.68 5.53 -0.5700 5.0600 -0.0300 -5.1389 -0.6589 -2.1456 8.80 -1.82 3.91 182 290 288 327 201 
4.49 -3.91 -3.50 0.6000 -0.5000 -5.4500 -1.8900 -0.0244 0.5533 8.57 -3.76 2.91 178 279 283 331 213 
7.69 -6.88 1.10 -1.3400 -3.1800 -1.2900 -0.9167 -0.4567 0.3967 8.29 -4.84 1.97 177 285 288 331 215 
7.84 -5.84 1.14 -0.7500 -0.9500 -0.8900 0.1878 -0.1222 -0.0444 8.26 -4.84 2.08 179 290 290 330 214 
8.17 -4.05 2.60 0.3600 0.5400 0.3200 0.1589 0.1222 0.0244 8.32 -4.65 2.27 178 286 290 338 214 
9.45 -3.95 2.42 1.4300 -0.4100 -0.7500 -0.1722 3.9889 -0.9033 7.58 -4.16 4.60 169 279 282 274 207 
6.54 -6.21 5.92 2.2800 -2.1700 -5.1000 -1.8700 10.1878 -0.1722 -1.78 -5.28 8.06 179 172 152 182 137 
2.14 -2.45 2.64 6.0600 3.0600 -4.6800 0.8600 0.9722 4.0600 -6.60 -3.78 6.17 186 164 159 179 131 
-8.63 8.94 10.28 -1.9000 7.5600 4.3900 0.6367 -0.1000 4.1589 -7.55 3.11 5.41 184 170 151 182 134 
-16.38 6.26 6.60 -8.1100 1.4500 0.8600 -0.3400 -0.3400 0.3422 -6.29 4.76 5.81 187 172 156 185 133 
-5.89 5.12 6.18 1.5500 0.2000 -0.1300 0.2433 -0.1278 -0.4256 -6.44 4.25 6.04 185 176 162 186 136 
-5.56 4.00 6.50 1.3500 -0.1200 0.3100 0.0422 -0.1722 -0.4011 -6.58 3.91 6.12 188 178 160 188 136 
-6.37 4.00 6.05 -0.3700 0.0900 -0.3600 0.1178 -0.6589 0.1156 -6.19 3.88 6.53 187 179 161 191 140 
-10.96 6.24 12.11 -7.3800 2.6800 5.0200 -1.6433 -9.1722 -1.2411 2.13 3.12 9.04 174 294 159 187 139 
2.53 2.10 0.73 -6.2100 2.7400 -4.1000 -1.4833 -9.3044 3.8156 9.13 -3.54 -0.35 123 305 172 177 127 
5.71 -5.39 -6.02 -0.9000 0.7900 -4.6000 2.3267 -0.1456 0.9256 5.25 -7.80 -2.76 111 303 167 179 127 
5.89 -12.71 -16.14 1.2900 -3.9700 -16.5100 6.6567 0.4833 0.8489 5.42 -7.55 3.10 113 320 174 182 128 
0.32 10.17 17.44 -4.3700 13.3500 9.5300 0.4100 0.0067 0.3044 4.60 -4.64 7.30 116 330 177 184 131 
6.59 -5.54 6.14 1.5200 -1.0700 -1.1900 -0.6133 -0.1589 0.0911 4.96 -5.73 6.21 116 326 177 185 131 
4.78 -5.34 6.52 -0.3100 0.7300 0.4900 -0.3200 0.0978 0.0667 4.80 -6.00 6.08 120 328 177 185 132 
3.74 -4.25 6.46 -1.9500 2.5100 0.9000 -1.1256 -0.6456 0.0156 5.07 -6.57 5.20 120 324 174 184 133 
;
