1.94 5.84 7.68 0.0400 0.0500 -0.0400 -0.0100 0.0411 -0.0233 1.82 5.77 7.71 164 330 354 380 215 
1.74 5.77 7.68 -0.0200 -0.0100 -0.0300 0.0056 0.0544 -0.0322 1.75 5.77 7.72 161 317 342 360 215 
4.71 6.39 15.31 -0.3400 0.3400 7.5800 1.0833 -9.7367 -0.1100 7.10 6.63 1.30 161 305 291 303 215 
11.80 9.22 -8.65 -0.4800 1.6800 -8.3900 3.2744 -1.9667 4.7878 9.02 0.81 -3.74 163 324 321 356 215 
0.31 -1.56 -5.96 -10.0200 1.2200 -3.2600 4.2589 1.9289 1.6633 8.75 -4.41 -0.21 166 356 346 388 217 
4.98 -0.88 2.22 -2.2500 4.1700 -0.0200 2.9367 -1.0400 0.2111 8.51 -4.20 2.46 176 367 351 392 217 
9.67 1.07 3.00 1.7200 4.9200 0.7500 0.5700 -0.5789 -0.1456 8.87 -3.60 2.08 186 373 343 391 217 
10.94 2.34 2.24 2.9800 5.9600 -1.0000 -2.0644 1.6544 -1.3611 8.99 -2.95 2.57 190 359 345 386 219 
12.25 -3.41 -2.25 -0.0300 -1.5900 -4.6500 -3.8267 2.2667 -0.7067 8.57 -3.47 3.24 183 282 309 353 219 
1.91 -6.51 -5.46 -3.3300 -1.9400 -0.0100 -2.6100 -0.4367 2.0300 6.93 -6.93 0.13 185 271 281 347 220 
4.89 -10.12 -2.99 -1.4700 -2.0000 -2.0700 0.3289 -0.0378 -0.2378 6.58 -7.21 -0.87 185 278 291 353 219 
5.87 -5.85 -0.51 -0.4700 1.5200 0.1300 1.0922 0.3456 -0.8900 7.29 -6.55 0.02 176 271 291 295 216 
3.12 -5.30 -0.46 -5.9800 -1.6100 -2.8900 1.5089 3.8722 -5.4956 8.57 -1.93 4.35 167 341 226 243 216 
6.36 13.42 -0.45 3.3600 11.6000 -1.3300 5.3333 2.5078 -2.1289 4.74 7.09 4.82 137 342 192 204 184 
10.42 20.77 5.79 4.2400 12.2800 4.5800 4.8311 0.2033 3.8078 6.75 7.07 -0.75 139 344 195 205 185 
5.13 9.51 3.85 -3.5700 4.7600 4.6700 -3.0933 2.1011 1.7233 9.07 3.70 0.31 137 339 198 206 188 
2.61 2.42 1.10 -8.2100 -0.4000 -2.4700 -5.4189 1.0944 1.5689 8.89 -0.35 4.10 143 348 202 212 187 
4.26 0.61 -0.75 -4.7100 1.8000 -4.6500 -2.9756 1.0856 -3.7944 9.56 -0.41 2.13 139 351 205 216 187 
11.35 7.15 -2.08 3.8700 5.0000 -3.5400 0.6667 0.2556 -2.7833 8.04 5.02 2.47 123 341 196 209 181 
8.57 6.61 -0.44 3.1500 1.8600 -1.2300 3.1689 0.9389 -0.3178 6.94 6.75 1.53 128 345 206 218 185 
8.31 8.70 2.37 0.1300 1.7700 2.8100 1.6433 0.2300 1.3233 7.77 5.97 -0.36 132 350 204 219 186 
8.44 8.74 4.71 -0.7300 4.1400 4.9400 -2.2489 1.0500 0.7144 8.77 4.36 0.33 154 326 243 229 193 
10.64 5.83 1.50 4.4000 3.6500 -2.7400 -5.4511 3.1789 1.3556 8.61 0.88 4.60 158 256 258 270 199 
10.96 0.77 0.94 5.3100 2.0200 -5.6700 -7.1667 1.2244 4.3778 5.52 -7.43 3.22 134 226 213 228 181 
-3.27 -8.02 -2.08 -2.3100 1.4500 -1.4800 -0.3000 -3.5367 0.0733 1.72 -9.64 0.48 132 222 199 213 160 
-1.86 -10.04 1.92 -2.4400 -0.7200 0.8900 -0.5178 -0.9267 -0.3744 0.93 -9.74 -0.56 138 221 198 215 159 
-0.51 -9.81 -0.49 -0.7700 0.3100 0.6700 -0.0600 0.1044 0.3311 0.66 -9.73 -0.95 130 216 198 205 154 
-1.76 -6.13 -8.89 -3.3700 3.5400 -6.1800 0.3456 -8.3733 -7.0267 4.64 -7.68 -3.94 140 223 199 214 162 
5.56 -2.54 -13.01 3.0800 3.2900 -3.2700 2.4200 -4.3111 -2.0378 2.26 -6.57 -6.91 124 229 200 218 166 
6.70 -6.52 -6.94 3.6800 0.3600 -0.5400 1.0611 -1.2011 -0.1678 1.30 -7.39 -6.30 129 229 202 219 165 
0.98 -7.45 -4.23 -0.3800 0.2300 2.5500 -0.0578 0.1522 -0.4644 1.68 -7.70 -5.82 133 225 201 219 170 
3.19 -6.95 -5.67 0.7800 0.6100 0.6900 -0.3389 1.0478 0.3556 1.88 -7.53 -5.98 140 229 207 223 171 
4.43 -2.25 -1.30 1.2700 5.0100 4.8600 -4.7378 6.9744 0.2200 5.70 -5.39 -5.87 144 214 206 215 171 
6.35 -3.94 -4.55 -3.4300 -1.9200 -7.2700 4.0156 12.0289 -4.7544 6.03 0.54 7.70 164 293 273 295 201 
;
