0.80 3.33 9.25 0.0700 0.0200 0.0200 -0.0633 -0.0200 -0.0333 0.73 3.23 9.22 153 302 298 296 198 
0.71 3.22 9.30 -0.2300 -0.0500 0.0000 -0.1444 0.0289 -0.0711 0.68 3.07 9.28 154 300 300 299 199 
-2.65 2.62 13.97 -0.4300 1.5600 4.6100 2.4700 -8.5144 -1.7722 5.40 5.06 6.43 165 330 303 304 201 
11.22 5.68 0.25 2.5700 2.1400 -4.0900 0.4978 -2.1811 3.1644 9.04 2.03 3.19 165 334 320 336 204 
5.88 1.28 -3.27 -4.2000 1.8300 -5.3300 4.0500 -0.4533 4.1722 9.03 -2.69 2.69 175 376 359 400 210 
4.83 1.26 2.04 -3.8900 4.9400 -0.6500 5.1767 -2.9244 1.0756 8.84 -3.22 2.74 198 403 378 427 208 
10.12 2.87 3.45 0.8100 5.4300 0.7000 0.5111 -0.7289 0.0200 9.06 -2.66 2.62 202 404 377 429 211 
10.81 2.55 1.93 2.2300 5.5900 -0.9600 -2.9944 0.9733 -0.8233 8.95 -2.66 2.97 204 387 366 417 215 
9.84 -2.14 1.18 -2.5000 -0.0600 -0.9800 -5.4056 3.1667 -0.2733 8.16 -4.34 3.26 188 270 269 301 186 
2.57 -9.84 -4.15 -1.8900 -3.1500 -4.3400 -1.7356 -0.4444 0.7167 6.81 -6.89 -1.43 193 291 301 334 192 
6.00 -7.32 -2.61 -1.1500 0.2000 -0.6100 0.4433 0.0511 -0.2411 6.95 -6.82 -1.08 192 294 304 335 192 
11.72 -4.09 -2.65 6.6000 2.4100 -3.5000 -0.7111 11.2722 0.0689 6.10 -6.62 3.87 178 298 293 320 189 
-1.36 -4.76 4.14 -5.0200 3.1700 -2.0900 -6.9789 6.3400 0.0867 -0.96 -9.74 0.60 172 307 327 351 194 
-0.20 -8.44 -9.73 -0.7800 -1.0100 -4.6300 -0.5389 -0.4778 -1.6122 0.57 -8.54 -4.78 180 312 325 356 198 
0.97 -8.79 -6.95 0.6700 -0.2600 -4.2400 3.3578 1.2678 0.5611 0.98 -9.62 -1.58 179 308 325 347 200 
1.14 -1.86 6.99 -1.0400 7.1800 4.1100 3.8878 0.3622 -0.2889 1.06 -7.33 6.42 181 312 330 346 196 
0.62 -4.09 8.06 0.0200 4.1300 2.5400 -4.2911 -0.4733 0.9133 0.33 -9.42 2.69 182 311 321 347 198 
-0.84 -9.19 -11.26 -3.7000 -1.1300 -11.4900 0.0244 0.4656 -0.0522 0.52 -9.67 -1.51 179 307 311 332 191 
-5.81 -5.20 -2.83 3.8600 5.5800 2.3500 8.3256 1.9922 -1.2478 1.25 -7.12 6.61 184 310 317 331 191 
1.25 -5.24 3.82 -0.8000 0.8100 -4.3000 0.6500 -1.4756 1.5033 0.93 -7.01 6.78 178 310 313 324 190 
1.27 -6.14 2.26 0.3600 -0.6300 -5.5300 5.3011 -1.4667 1.1122 1.62 -3.05 9.17 172 307 316 315 192 
;
