-0.75 6.41 7.26 -0.0200 -0.1000 -0.1300 -0.0089 -0.0200 -0.0144 -0.68 6.47 7.33 182 414 386 441 227 
-0.74 6.39 7.29 -0.0300 -0.1000 -0.0600 -0.0011 0.0033 0.0156 -0.68 6.47 7.33 183 411 382 440 226 
-1.87 7.77 13.19 -0.5800 2.1700 7.2500 1.0944 -8.3478 0.4389 3.66 6.67 6.17 174 329 343 387 223 
17.57 11.10 -5.54 3.5900 4.3700 -5.3600 3.3622 0.4433 6.3144 9.66 1.53 -0.63 178 358 360 406 226 
-0.09 0.24 -2.36 -9.9500 2.9700 -1.0900 5.8778 -0.2578 1.9378 8.99 -3.78 0.94 193 413 375 421 228 
7.24 4.19 1.90 -0.9600 7.1200 -0.1700 0.2633 -0.0256 -0.8844 9.28 -2.81 1.39 205 415 373 418 229 
10.87 2.78 -1.34 3.1600 5.2900 -3.0700 -2.5733 0.7689 -0.7989 9.52 -2.17 0.85 205 393 365 413 227 
11.12 -3.22 -1.89 0.3000 -1.9000 -2.7100 -3.8878 0.9433 1.2633 9.23 -3.10 1.14 185 271 275 297 195 
7.47 -7.68 -0.01 -2.4100 -2.8600 -0.5500 -0.3389 0.8733 0.8922 7.81 -5.86 0.79 195 273 292 321 206 
7.51 -7.07 0.52 0.3700 -0.2600 -0.0200 -0.0311 0.6389 -0.4911 7.87 -5.77 0.94 187 272 284 279 202 
3.87 -4.73 0.07 -5.6200 -0.9900 -1.8400 -0.0200 3.6089 -2.8689 8.45 -3.75 3.24 177 354 204 219 161 
10.58 3.80 0.38 1.4100 3.4000 -1.6200 2.7622 -2.1044 -3.0889 9.53 2.24 0.51 135 382 199 207 146 
16.50 12.36 -7.57 5.6700 6.1200 -5.0200 4.1178 0.5533 -2.1756 7.68 5.56 -2.46 135 388 201 215 152 
14.85 11.15 -2.09 6.5400 5.8200 2.9100 3.4333 -0.2289 1.7356 7.65 2.68 -5.51 141 390 205 217 153 
8.49 5.38 -0.42 -1.5800 4.2100 4.1500 -1.2067 2.7144 2.2256 9.08 -0.88 -3.58 144 383 200 220 154 
1.06 0.77 -1.47 -7.3600 3.1300 0.8600 -2.8900 -0.2400 1.6911 8.95 -2.59 -3.04 146 383 205 222 152 
1.93 1.81 -8.92 -6.3500 2.6900 -4.5200 -3.0656 -1.6000 -2.5733 8.15 1.13 -5.33 140 388 205 223 153 
14.93 7.00 -11.57 3.7300 0.8600 -6.5500 1.4022 -0.3611 -1.9156 6.14 4.62 -6.08 141 389 208 223 152 
10.43 5.07 -4.72 4.7800 1.4100 3.0000 1.0167 0.3711 0.4689 5.94 3.30 -7.06 147 391 204 224 154 
7.07 4.58 -4.27 0.4400 1.2300 1.9700 -1.6856 0.9189 0.2800 6.63 3.75 -6.17 163 394 226 242 172 
;
8.91 5.67 -3.91 2.1100 0.9000 -0.3600 -4.6133 6.9556 -1.1556 7.82 5.89 -0.45 161 306 266 264 185 
1.59 4.30 4.63 -2.3000 -0.2000 -3.1700 0.5100 1.7644 0.3800 2.35 5.12 8.01 148 296 270 273 173 
3.58 3.85 6.24 -0.2700 -1.4400 -1.2200 0.6789 -0.5344 -0.2200 3.67 5.71 7.07 156 296 275 280 180 
13.83 9.49 12.15 10.3700 4.3100 7.9600 0.0511 -4.0222 2.5233 7.36 5.60 3.23 168 323 324 347 208 
8.70 2.94 -6.12 -3.1800 1.1500 -4.1500 6.3600 -2.4467 3.4344 9.54 -0.74 -2.12 182 399 374 413 221 
0.79 2.40 -0.13 -6.2300 4.6400 0.8100 2.2611 -1.0933 0.9478 9.48 -2.48 -0.05 191 408 376 420 222 
9.94 1.99 -0.20 -0.3600 3.6200 -0.4900 -1.0656 0.9967 -0.6489 9.59 -1.66 1.14 198 388 370 406 220 
11.31 2.99 0.52 3.0200 3.5900 -1.7100 -4.3411 2.7622 -0.1911 9.09 -2.26 2.89 181 285 300 296 190 
5.66 -6.74 -0.80 -3.1900 -2.4900 -2.0200 -3.0511 -0.2678 1.5767 8.16 -5.43 -0.05 186 283 308 333 201 
7.21 -9.02 -3.34 -0.4000 -2.9300 -2.3100 -0.2889 0.7467 -0.5100 7.84 -5.81 -0.89 188 289 312 339 201 
3.38 -5.46 -0.02 -5.6000 0.2400 0.3100 0.5500 -0.6111 -1.0544 8.36 -5.10 -0.35 184 305 332 342 213 
-0.83 -3.13 -2.93 -7.6300 -1.5000 -4.7400 2.4333 0.4711 -4.5978 9.57 0.69 1.98 174 353 220 242 176 
12.98 9.88 0.99 0.8400 7.7700 -0.3000 0.9433 -3.0144 -1.0900 8.56 4.72 -0.66 113 382 188 198 135 
11.85 11.31 -4.52 0.4000 2.2100 -2.7000 2.5300 -0.3833 -0.6933 7.18 6.30 -2.19 117 388 197 209 143 
11.06 6.63 -4.31 5.6600 3.2600 1.0900 3.6133 0.0967 1.2789 7.57 3.62 -5.06 121 391 196 212 146 
9.29 5.34 -0.55 1.6400 5.7200 4.4000 -0.1156 2.4811 1.6078 8.91 -0.15 -4.07 122 385 200 215 147 
1.57 0.20 -1.10 -5.6400 1.8800 0.4800 -2.2978 -0.3200 1.9700 9.57 -1.37 -1.58 120 383 202 218 149 
3.28 1.36 -2.99 -5.8500 3.0500 -0.8300 -3.2511 -1.1089 -1.2889 8.98 -0.29 -3.91 120 389 203 217 149 
8.70 4.41 -9.93 3.2000 1.8900 -4.9900 -0.8833 0.0944 -2.5478 7.57 3.61 -5.07 120 388 203 219 150 
7.94 4.23 -8.39 3.1000 0.7700 -1.1200 1.6733 -0.7356 -1.4311 5.99 4.29 -6.46 122 392 205 221 150 
7.91 6.12 -3.98 2.7800 2.4600 3.0500 0.8622 0.6767 -0.7144 5.89 3.93 -6.78 123 392 203 221 149 
6.49 4.97 -4.91 0.4800 1.4200 1.7700 -0.7767 0.4122 0.6144 6.41 3.68 -6.43 138 391 211 229 159 
;
