3.07 8.22 6.85 0.5200 0.2000 -0.0100 -0.3678 0.3878 -0.1311 2.11 7.45 6.01 159 358 360 400 212 
1.68 8.17 7.87 -0.8900 0.5300 2.2500 0.2289 -1.7344 0.5011 3.06 7.45 5.58 160 332 307 368 214 
12.24 9.52 6.81 7.3700 3.2500 2.6100 -0.3578 -5.5078 3.8111 8.33 4.97 1.37 152 317 317 358 211 
8.06 2.71 -7.60 -2.6800 3.2800 -6.3700 4.2744 -0.1011 4.7011 9.39 -2.68 -0.87 158 324 319 364 213 
3.36 -0.49 0.82 -5.0500 4.4900 0.2400 4.2067 0.1278 0.3300 8.43 -4.64 1.84 163 335 323 366 213 
6.95 -0.10 5.34 -1.1500 3.7600 2.2300 1.1811 -0.3656 -0.6111 8.68 -3.61 2.76 175 343 320 366 213 
11.35 1.71 3.02 1.3900 4.9800 -0.6500 -0.3933 0.3789 -0.7100 8.94 -2.79 2.88 186 345 317 350 213 
10.62 0.60 1.85 1.8900 3.1900 -2.3700 -3.1189 0.6333 -1.2167 8.85 -2.48 3.41 175 308 314 354 211 
8.14 -4.27 2.56 -3.5300 -1.7000 -3.0100 -4.2489 -1.8567 1.2133 8.07 -4.70 2.96 174 243 262 320 210 
4.02 -9.39 1.03 -1.9700 -3.5600 -1.4600 -1.0178 -0.5733 0.9167 7.14 -6.38 2.09 173 256 275 325 210 
6.35 -7.66 1.47 -0.6900 -0.8700 -0.3500 0.2600 -0.0111 -0.1467 6.97 -6.60 1.96 177 263 277 318 208 
6.26 -5.10 1.83 -0.6600 1.3600 -1.4600 0.0989 3.0167 -1.1433 6.93 -5.87 3.66 169 272 266 230 199 
1.12 -5.29 3.03 -1.7400 0.0300 -5.8700 -3.4322 9.8167 -1.4567 -1.57 -7.38 6.26 170 331 197 202 194 
-6.18 -6.62 4.42 -2.5900 1.8100 -0.7900 2.3144 -0.5378 -1.1367 -1.36 -7.00 6.72 184 387 174 179 158 
1.21 -2.05 9.96 1.7600 4.2600 3.6000 2.9989 -1.0278 1.4789 -1.34 -3.93 8.88 182 387 167 174 157 
-1.13 -4.29 14.27 -1.9000 -3.4400 5.3100 -0.0800 -1.6111 2.1744 -0.44 -2.12 9.56 183 383 168 176 160 
-2.12 -3.53 12.52 -3.6900 0.3000 2.7300 -1.8267 -1.4744 1.1522 1.11 -4.26 8.75 182 379 170 182 161 
-1.14 -4.84 8.70 -3.3400 1.2800 0.5100 -2.3567 0.1789 0.0256 1.24 -7.00 6.74 180 375 177 186 162 
-3.27 -5.66 4.00 -4.2000 2.7600 -0.1400 -1.3700 2.0444 -1.2856 0.89 -8.53 4.74 182 380 183 186 163 
2.57 -3.15 3.27 1.2900 5.5200 -1.3600 0.4111 2.1944 -1.4389 1.59 -8.37 4.85 182 379 184 185 164 
6.39 -3.97 5.15 4.4700 3.5600 -0.9600 1.9256 0.7122 -1.2378 2.44 -6.36 7.04 183 378 185 189 164 
6.68 -3.44 10.97 3.5900 -0.2800 2.7300 2.4689 -0.7333 1.0567 2.55 -3.20 8.91 183 376 187 188 165 
-4.34 -6.82 14.99 -7.5900 -4.5900 5.7100 0.2467 -1.4711 0.5600 3.65 -2.02 8.87 182 371 202 201 170 
4.61 0.55 14.33 -0.1000 1.3700 4.9200 -1.7333 -2.4833 0.5767 5.97 -3.24 7.06 171 351 288 309 191 
2.70 -4.32 3.90 -1.5700 1.6700 -4.3000 -3.6044 -1.5556 1.5378 4.41 -7.06 5.16 173 392 347 402 204 
6.35 -4.86 -3.25 2.1700 3.1300 -6.7300 -1.1822 -0.3689 0.5856 3.81 -8.70 2.41 167 392 353 404 206 
3.32 -6.19 -6.23 1.6500 2.5800 -9.7900 2.7456 -2.0767 0.4089 3.75 -8.39 3.39 163 389 359 397 208 
6.29 6.74 15.05 1.9600 12.7500 17.0300 6.5611 -1.2911 2.5567 4.17 -2.53 8.50 167 386 359 394 207 
2.35 1.73 19.50 -0.2600 5.2600 9.5500 -3.9178 1.9756 -1.8033 4.42 -4.30 7.61 168 386 361 392 209 
11.00 1.24 2.06 6.6800 6.8300 -3.7900 -4.9622 2.2589 -0.8344 3.88 -8.17 3.76 168 391 364 395 208 
4.51 -6.87 -10.34 0.1100 1.1900 -12.3200 0.8811 -1.0911 0.0500 4.16 -8.73 1.55 165 389 359 394 209 
7.38 -2.27 -3.69 1.5600 5.6600 -7.9000 7.2267 -3.5667 0.5233 5.04 -5.83 6.04 164 387 361 390 209 
1.69 3.04 19.64 -2.0800 3.4900 8.7600 1.2233 -1.8456 0.2878 6.22 -2.08 7.28 168 387 364 390 207 
6.52 -1.36 8.12 -0.2700 0.4200 -0.0700 -1.0444 0.5367 -0.4067 6.24 -2.82 7.01 167 388 356 392 208 
6.18 -3.27 4.64 0.1200 -0.1700 -1.8900 -0.4744 -0.4978 0.0456 6.46 -3.30 6.59 168 377 358 389 208 
;
