1.77 1.23 9.52 0.0200 -0.1000 -0.0300 0.0000 0.0022 -0.0033 1.72 1.32 9.56 170 348 353 384 213 
1.71 1.27 9.56 0.0300 -0.0600 0.0100 0.0011 -0.0033 0.0000 1.72 1.32 9.56 170 352 353 385 213 
1.68 1.24 9.56 0.0400 -0.0800 0.0300 -0.0022 -0.0022 0.0056 1.72 1.32 9.56 170 350 351 385 214 
0.51 1.20 10.34 -1.4200 -0.2900 0.3800 0.3644 -2.2144 0.2733 3.10 1.39 9.19 170 339 335 387 218 
17.12 -0.55 10.60 7.0700 -1.1000 1.9400 -0.1222 -4.5011 1.0078 9.37 0.00 2.87 173 344 342 396 217 
6.34 -2.90 -4.77 -3.1400 -0.1700 -5.5200 3.6444 -0.4944 1.3067 9.42 -2.42 1.24 171 350 347 403 218 
6.91 2.59 1.81 -1.8500 5.2500 -0.1200 3.2811 -0.1644 0.2733 9.41 -1.87 2.01 174 370 356 412 219 
9.14 2.19 3.36 -0.0300 3.6700 1.2100 0.4800 -0.5633 0.1144 9.46 -1.63 1.97 182 370 361 405 219 
10.38 0.26 1.64 0.7100 2.3200 -0.7700 -1.6944 0.9056 0.0911 9.20 -2.16 2.59 188 360 359 404 221 
9.76 -0.90 2.78 0.4900 2.2700 0.2600 -1.3511 -0.4578 1.3756 8.86 -3.55 2.21 184 295 308 299 191 
6.42 -6.31 2.48 -2.9800 -1.1300 1.5800 -2.3578 0.8944 1.3078 7.16 -6.65 0.67 183 290 285 320 206 
6.42 -9.06 -1.79 -0.4800 -1.7800 -1.5500 -0.9433 0.2833 0.2156 6.43 -7.35 -0.77 187 299 286 333 209 
5.74 -7.20 -0.70 -0.1400 0.2700 0.1400 0.0856 0.2933 -0.0756 6.47 -7.34 -0.55 184 302 293 329 206 
2.28 -6.73 -3.64 -5.3300 1.1500 -3.8200 -1.1856 3.4711 0.5967 5.63 -8.00 0.60 171 388 199 224 177 
7.74 -9.10 0.78 3.5700 -0.9200 1.2700 0.5844 -1.8778 -0.3800 5.61 -8.03 -0.37 133 397 187 207 152 
11.76 -8.47 0.40 3.2500 0.6800 1.1400 1.9344 -1.2311 0.2200 5.64 -8.01 -0.04 124 400 191 213 153 
5.53 -5.88 1.98 -4.2700 4.7700 10.4400 0.0789 -0.8022 -0.4744 5.80 -7.62 2.07 129 404 197 217 158 
7.47 -8.16 0.00 -0.1000 0.0300 -1.5300 -2.2633 -0.2900 0.1733 5.74 -7.90 -0.81 124 406 195 220 157 
7.15 -7.69 -7.36 1.0800 0.1000 -3.9400 2.8656 0.4933 0.4256 5.52 -8.09 0.25 125 403 196 221 158 
9.45 -7.21 9.04 1.4400 0.3900 4.7100 -0.3822 1.5167 -0.0522 5.61 -7.80 1.94 128 405 199 226 159 
4.71 -6.24 5.07 -1.7100 1.4800 3.6600 -0.6522 1.4722 -1.7300 6.42 -7.22 1.63 154 361 225 248 182 
4.98 -3.23 -2.27 -1.8300 2.5200 -4.3900 4.4311 5.5656 -2.2133 3.73 -1.96 8.85 169 327 332 358 202 
;
