3.01 3.87 8.66 0.3900 0.4400 -0.2700 -0.2567 0.4011 0.2289 2.00 3.10 9.08 146 301 293 292 195 
2.41 2.96 8.94 0.2100 0.0300 -0.2700 -0.0311 -0.9500 0.0867 2.84 3.06 8.87 148 302 292 293 197 
2.25 3.31 8.73 -1.2600 0.2600 -0.3000 0.2700 -0.0622 0.0800 3.19 3.20 8.70 151 306 285 285 195 
21.20 9.57 19.03 16.5500 7.7700 12.7600 -2.0756 -6.6733 4.4111 9.51 0.09 2.37 167 359 335 374 201 
4.81 3.83 -2.38 -6.7900 8.5600 -7.8800 -2.9233 1.9722 4.6989 6.22 -7.52 0.89 178 398 350 420 203 
-0.51 -3.92 -5.92 -3.4100 5.3600 -6.8100 -1.1800 -0.9589 0.8689 3.20 -9.26 -0.27 177 399 372 421 206 
4.53 0.34 -15.05 6.2100 13.3400 -3.9600 10.6544 -4.0811 0.1189 3.97 -7.42 5.02 179 398 362 424 204 
1.90 0.31 25.42 -1.2400 5.1600 12.3800 -3.5578 -0.4744 -0.2256 4.36 -6.58 5.81 177 398 368 425 206 
4.51 -3.43 0.28 -0.3900 5.6600 -3.3500 -4.1944 0.4544 -0.0067 3.91 -8.93 1.02 176 397 375 424 207 
5.23 -5.72 -14.14 1.1400 3.2200 -16.3500 2.4822 -0.1411 -0.9722 4.87 -8.49 0.49 173 392 376 428 205 
-1.98 2.40 34.89 -6.9700 6.1400 25.4800 -1.2833 -2.4811 -0.0056 5.20 -6.19 5.54 174 378 370 412 206 
6.70 -7.45 -1.05 -1.0200 -0.6200 -3.2400 -2.1144 -3.1489 -1.9367 7.85 -5.86 -0.10 165 375 211 214 182 
10.09 -4.68 -5.84 2.3600 0.5600 -1.8900 2.0067 -4.0311 -0.4033 5.74 -6.50 -4.56 133 396 188 194 167 
13.85 -1.98 -5.47 9.0200 4.8700 -0.1900 7.3844 2.2578 0.0989 5.35 -8.21 0.27 133 416 200 206 178 
1.46 -5.46 1.67 -1.3800 2.0100 -4.7800 -5.7233 -0.2211 -1.4278 6.08 -7.15 -2.82 123 410 201 205 176 
8.99 -6.42 -8.45 0.9300 5.1300 -1.8100 3.9133 1.4800 -2.6889 6.18 -7.53 1.08 125 408 205 208 180 
3.98 -4.02 2.47 -1.6500 3.8400 2.0200 -2.3322 1.8522 -2.1289 7.19 -6.59 0.98 155 361 218 231 187 
;
10.48 3.73 1.31 2.5600 5.2100 -4.2100 1.6667 9.4267 -7.6222 5.19 1.11 8.24 164 322 320 326 196 
4.37 7.45 14.72 2.7900 3.2800 4.4400 1.2311 -0.2600 -1.0922 1.22 4.15 8.79 168 307 317 312 198 
-3.29 4.32 14.77 -4.3600 2.1300 8.4300 -0.6422 -7.3167 1.0100 5.38 2.68 7.74 178 337 332 360 200 
14.26 5.31 8.67 6.0800 8.2900 1.3700 -4.6667 -1.5600 4.6267 7.66 -5.09 3.37 179 383 352 401 202 
0.34 0.13 -3.94 -5.1100 9.0900 -5.0800 -4.2844 1.9700 3.0767 1.86 -9.56 -1.12 181 382 356 401 203 
-2.39 -7.18 -6.31 -3.3000 1.6600 -3.0100 0.7744 -0.3756 -0.6600 1.22 -9.34 -2.70 180 381 358 404 202 
1.60 -9.27 -1.57 -0.3200 0.6000 -1.0500 -0.5122 -0.6178 -0.6311 1.84 -9.32 -2.42 179 383 361 404 204 
11.44 4.55 -6.52 12.8100 17.8600 5.3600 11.0867 -2.5567 0.0800 3.22 -6.84 6.23 180 388 359 417 205 
4.17 -0.91 10.66 4.5100 6.8800 0.3200 -6.0433 1.9389 -0.9767 3.43 -8.62 3.17 182 393 370 424 208 
6.84 -4.82 -9.86 0.8400 4.9300 -12.1300 -2.3633 0.3367 0.1211 3.19 -9.15 -1.44 178 388 370 419 206 
11.26 -1.26 -7.23 7.5300 10.7200 -3.9000 9.4389 -2.0389 -0.2367 4.30 -7.08 5.23 181 389 368 419 205 
3.61 -2.33 16.62 -0.6900 3.1400 4.9400 -3.0556 -1.0056 -0.3433 5.26 -7.03 4.35 179 384 366 406 207 
6.82 -7.19 -5.37 0.2300 -0.2000 -5.5200 -2.6244 -3.9022 -0.7678 6.33 -7.26 -1.81 167 385 188 194 173 
7.11 -3.06 -5.60 2.9900 4.4700 -0.2500 2.4956 -5.4267 -1.4433 4.10 -8.08 -3.73 122 395 190 199 157 
10.42 -5.48 -9.87 6.6800 2.5100 -6.6200 3.3967 -0.4633 -0.1978 3.93 -8.58 -2.65 117 399 191 196 160 
14.30 -4.14 9.08 1.9100 3.8000 6.4200 -4.0444 2.9922 0.1544 4.44 -8.69 -0.87 115 409 197 197 166 
6.90 -8.20 -16.90 3.6200 -0.1600 -12.1100 6.4278 -0.6667 0.4622 4.56 -8.67 -0.31 98 415 207 195 171 
5.65 -6.86 -1.20 -2.8000 1.6500 -2.8800 -2.0789 0.4189 -0.3611 5.03 -8.41 0.04 114 403 213 211 178 
8.32 -1.60 4.97 1.6900 5.5100 6.0100 -2.0989 5.1989 -4.7411 8.15 -5.40 0.66 148 404 222 231 184 
;
