-0.18 1.81 10.11 -2.4600 -0.3200 1.5700 0.1867 -2.7122 0.4300 3.84 3.16 8.44 153 308 307 298 195 
13.11 4.89 12.93 5.8100 2.2400 5.2000 -2.5556 -0.8056 3.5733 7.23 0.07 6.62 157 336 317 349 199 
6.97 0.30 5.11 0.4200 5.4000 0.5500 -3.5589 -0.2756 3.8344 6.16 -6.70 3.63 159 358 343 394 202 
1.60 -2.67 1.87 -2.6000 5.5900 -0.0500 -2.5544 -0.4456 2.8544 1.91 -9.61 -0.22 169 386 357 409 203 
-1.60 -7.63 -2.77 -2.2700 1.8400 -1.9900 -0.5978 -0.0633 0.5322 0.08 -9.72 -1.29 168 388 363 412 204 
-2.39 -8.97 -3.85 -1.5500 1.6200 -1.0600 -0.0811 -0.4478 -0.7967 0.47 -9.68 -1.46 165 388 364 417 206 
0.07 -4.09 -12.02 -1.6300 6.1800 -13.2100 5.1722 -0.6900 -2.5389 3.04 -9.11 1.94 168 390 366 424 209 
4.91 4.86 24.26 -0.6100 8.5600 26.1100 2.7744 -0.5467 0.0411 4.18 -2.79 8.41 168 389 370 426 209 
9.43 1.04 11.16 4.2400 7.5200 2.8700 -6.0556 0.3144 0.8789 4.51 -7.54 4.33 170 391 373 425 210 
0.02 -2.91 -9.81 -3.7300 5.1700 -11.9800 -2.3267 -0.3633 0.5889 2.99 -9.27 -1.06 170 386 367 425 210 
1.22 -4.54 -8.73 -1.4700 5.7700 -8.3500 6.8900 -1.9867 -2.6233 5.43 -7.38 3.49 167 377 364 414 211 
4.69 -0.80 21.92 -3.0500 1.6500 12.6800 -0.4689 -1.3656 0.6033 6.18 -4.70 5.98 166 378 364 412 210 
7.47 -5.52 3.78 0.3100 -0.1700 -1.2100 -1.7789 -2.1689 -0.0422 7.18 -5.94 3.04 169 344 356 385 211 
3.83 -5.43 -3.37 -4.1100 1.1900 -2.6300 1.4033 -5.7389 0.2644 7.09 -6.45 -2.02 177 328 325 358 206 
4.13 -2.20 -4.40 -2.4100 3.2500 0.6600 -2.3678 -4.4122 -1.6322 4.97 -4.25 -7.30 181 299 260 295 197 
5.69 0.80 -11.63 1.9800 1.3500 -2.3800 -2.1922 -1.5678 -0.8567 2.63 0.31 -9.44 182 292 249 293 195 
3.36 3.48 -12.28 2.7200 0.2500 -2.8700 -1.8811 -0.6344 -0.5478 1.52 3.66 -8.96 177 290 258 299 195 
5.33 2.60 -14.44 4.1900 -1.1300 -5.6400 1.1767 0.3256 0.4433 1.84 3.11 -9.11 175 290 256 286 179 
6.51 8.07 -18.68 1.6100 9.4000 -11.1000 13.0611 5.4233 3.6722 5.53 -5.90 -5.53 201 414 374 433 205 
-0.50 0.61 0.80 -5.9100 8.2100 0.9400 1.5122 1.4633 1.1722 3.59 -9.07 0.99 204 413 372 439 207 
0.65 -6.14 2.59 -1.5700 2.4800 0.6700 0.0789 -0.5156 -0.0500 3.27 -9.03 1.94 202 413 372 438 207 
;
