-2.12 6.66 6.86 -0.0500 0.0000 -0.0900 -0.0311 -0.0078 -0.0089 -2.10 6.63 6.91 177 386 370 420 223 
-2.07 6.72 7.04 -0.0200 0.0900 0.1900 -0.1456 0.1067 -0.1022 -2.34 6.46 6.99 177 379 353 408 223 
-5.88 6.34 8.89 -4.1600 1.0600 2.3100 -1.0989 -4.1178 1.1067 -0.60 5.35 8.19 179 316 288 307 216 
12.37 9.55 14.01 3.0700 6.4100 7.5800 -4.8578 -1.6333 5.3678 8.38 -1.16 4.95 181 328 314 330 214 
4.51 1.04 -1.25 -1.4900 7.6800 -5.1700 -4.8222 2.9356 2.5644 5.62 -7.71 2.25 169 387 363 392 217 
1.62 -2.84 -8.30 -0.6200 3.9900 -9.8400 -0.6289 -1.3800 -0.8356 5.11 -8.36 -0.22 155 384 368 401 220 
9.40 3.80 -1.00 6.2800 15.9300 2.7200 8.4500 0.0722 2.3022 4.10 -5.56 6.95 160 371 360 390 220 
-3.86 -2.40 22.28 -3.7100 1.6100 9.0800 -4.4367 -0.0489 -1.4044 4.11 -6.27 6.30 161 377 366 397 217 
6.53 -2.37 -0.90 2.4100 6.3100 -4.5600 -4.5033 1.0667 -0.8589 4.92 -8.41 1.04 163 375 364 401 217 
7.08 -5.31 -13.45 2.7600 4.5100 -11.7400 5.6256 0.2011 0.7000 5.19 -8.01 2.22 164 368 366 397 220 
5.56 1.01 13.37 0.6800 4.7500 7.8000 4.0244 -2.1967 1.4111 5.13 -4.26 7.18 165 363 366 389 221 
2.62 -3.54 12.35 -1.3300 0.4900 2.7800 -1.8100 -0.2789 -0.8944 5.45 -4.62 6.70 163 360 364 379 219 
8.74 -4.17 7.33 2.8900 0.4200 1.2100 -2.9567 2.8656 -0.9322 4.43 -6.15 6.20 166 290 297 300 210 
5.80 -3.84 3.12 3.0500 4.3700 -2.0500 -5.8122 4.6333 1.2156 0.90 -9.68 1.23 165 273 271 274 202 
-0.18 -7.60 -5.54 -1.1800 1.6100 -4.0100 0.7344 -1.7744 -0.7956 0.62 -9.60 -1.85 161 286 284 290 202 
0.42 -11.89 -5.68 -0.6800 -0.9900 -5.3800 1.7511 1.3378 -0.7856 1.60 -9.65 0.61 162 298 294 300 206 
-3.07 -4.06 3.79 -0.0800 7.1500 6.7900 4.8356 0.8989 -0.3556 1.49 -7.36 6.30 169 303 305 321 204 
1.34 -4.29 9.40 0.3500 3.8000 2.9000 -1.2222 -1.0644 0.6567 1.33 -8.03 5.45 169 303 305 324 206 
0.63 -8.80 2.29 -0.3800 -0.1000 -2.3100 -1.4433 -0.7444 0.7578 0.68 -9.26 3.14 170 308 318 340 214 
-1.56 -13.17 -5.75 -0.9600 -2.6100 -6.3100 0.7411 -0.1267 -0.4733 1.05 -9.46 2.35 168 306 314 335 212 
-1.37 -10.48 -2.16 -1.1000 -1.4700 -4.6200 2.3833 1.3567 -1.1756 1.68 -8.43 4.71 171 310 319 342 212 
5.54 6.90 18.11 2.2700 14.1100 11.6200 0.5244 -0.2200 -0.1622 2.78 -5.65 7.51 172 311 319 343 213 
2.27 -6.50 7.23 -0.7800 -0.8100 -0.0700 0.0656 -0.5133 0.3344 2.96 -5.91 7.23 166 305 310 332 214 
4.98 -8.47 8.31 1.8600 -3.7200 1.0300 -0.3133 1.0233 1.7811 2.62 -6.11 7.20 183 237 226 224 195 
6.30 -4.22 3.11 6.7400 3.9600 -4.3500 -1.4300 3.5633 4.1922 -3.31 -6.86 6.17 196 184 148 178 131 
-7.09 12.58 3.04 -4.0800 12.0700 0.4100 -0.6444 0.4589 7.9944 -8.80 2.51 3.49 191 172 166 184 133 
-13.54 4.11 2.54 -1.8000 1.7200 -0.5600 0.3400 0.4400 -0.2122 -7.85 3.86 4.41 192 175 168 186 137 
-8.07 4.35 5.65 -0.3600 0.0300 1.4600 0.0822 0.3456 -0.4733 -8.06 3.74 4.14 192 178 173 188 139 
-6.05 3.39 4.73 1.9100 -0.1100 0.5100 -0.1300 0.1433 0.3300 -8.11 3.66 4.11 192 178 175 189 139 
-8.19 3.89 4.29 -0.2600 0.0300 -0.1300 0.0311 0.0078 -0.1544 -8.08 3.61 4.20 193 180 178 191 141 
;
