0.28 3.02 9.25 0.2200 -0.2500 0.0600 -0.0378 -0.0478 -0.0289 0.45 3.33 9.21 151 294 298 292 198 
-0.18 3.06 9.13 -0.2600 -0.2800 0.0300 0.1722 -0.2456 -0.0067 0.50 3.39 9.18 151 292 297 294 198 
6.86 2.05 20.75 10.0100 3.8000 13.3300 -2.0556 -5.0111 1.8533 6.27 1.98 7.27 157 317 308 313 200 
7.62 2.73 3.36 -0.4500 5.1700 -2.3700 -3.5022 -2.2922 3.3100 7.62 -5.25 3.23 167 360 360 406 205 
6.22 1.24 -0.13 -3.2600 7.9100 -1.4200 -1.7978 -0.2733 2.9056 4.06 -8.92 -0.04 179 395 368 421 205 
-0.72 -5.69 -10.23 -2.2200 4.1000 -10.8300 1.2678 -0.2856 -0.7878 3.20 -9.26 -0.20 176 397 370 427 208 
11.64 13.92 11.59 6.8700 18.5300 18.4000 8.2300 -0.5011 1.6944 3.97 -2.32 8.65 180 401 374 429 205 
6.56 1.27 16.48 2.8900 5.3600 6.2500 -6.1156 1.5933 -1.1244 4.42 -5.83 6.51 177 399 377 426 207 
4.11 -0.75 -4.44 0.0600 6.5700 -8.7000 -4.6500 1.0600 0.1611 3.51 -9.12 0.78 176 395 375 427 207 
2.30 -4.58 -16.13 -1.8000 6.7000 -17.7000 4.3822 -1.7611 -1.4944 4.76 -8.43 1.51 180 391 374 423 207 
5.21 5.51 28.96 -3.9200 5.4300 18.1500 0.6144 -2.2222 0.5544 6.35 -3.38 6.65 179 388 370 409 209 
6.34 -2.86 5.57 -0.2700 0.5300 -2.3200 -0.1389 -1.2978 -1.0189 7.48 -3.21 5.45 174 338 335 324 204 
4.64 -0.31 -1.62 -2.6300 0.5700 -8.0300 4.0956 0.8778 -2.2256 6.99 1.44 6.72 172 278 281 276 187 
13.52 12.31 7.40 5.1000 6.0100 5.4800 5.1633 -1.2500 2.5744 7.49 6.14 1.48 196 238 242 241 172 
4.41 7.16 7.67 -5.4500 7.2500 9.7100 -4.0144 -3.5600 5.2744 9.43 -0.87 -2.51 203 173 177 189 138 
18.77 2.89 -13.34 6.7200 2.0200 -7.3800 0.1156 -0.7867 0.3844 9.75 0.04 -1.04 203 179 186 197 144 
8.56 1.08 0.08 -1.4800 1.3000 0.8300 -0.1067 0.2911 -0.0011 9.77 -0.09 -0.78 204 182 188 200 145 
;
