-0.12 5.35 8.19 -0.1400 0.0000 -0.0100 -0.0089 -0.0033 -0.0033 0.04 5.37 8.20 180 356 378 426 232 
-0.08 5.38 8.23 -0.1500 -0.0100 0.0100 0.0011 -0.0189 0.0089 0.04 5.36 8.20 181 358 379 426 233 
-3.89 6.06 10.37 -7.6300 0.4200 2.6400 -0.6844 -6.9189 0.1989 3.12 5.03 7.80 189 357 364 377 227 
18.65 7.89 11.05 7.1900 6.0800 2.8600 -3.6822 -2.0933 5.7667 9.15 -1.66 3.10 188 363 349 380 228 
2.32 1.55 -0.64 -2.5300 8.7600 -2.1000 -3.0189 1.4978 4.9044 4.27 -8.81 0.35 181 390 359 395 228 
-1.50 -6.05 -7.49 -3.5500 3.3100 -5.6900 -0.1811 1.0233 0.0100 1.78 -9.46 -1.83 178 393 369 406 230 
8.10 -4.04 -15.22 6.1600 6.4100 -15.8500 6.5567 -1.9356 -0.2178 2.61 -9.06 2.68 180 399 372 416 232 
4.65 -7.84 19.74 -5.1200 -0.0300 10.5600 0.2222 -0.5711 -0.0833 3.24 -7.22 5.78 180 401 375 418 232 
5.39 -5.16 8.54 2.9800 3.3100 3.3800 -3.8833 1.2522 -0.6178 3.24 -8.72 3.08 184 401 378 417 231 
2.71 -3.97 -7.86 -0.4900 4.1000 -9.7800 -3.3000 0.0189 -0.1433 3.17 -9.09 -1.84 182 396 378 416 233 
4.52 -2.52 -13.59 4.6000 8.8900 -14.4200 8.5978 -1.2589 0.0278 3.64 -8.48 3.30 184 401 374 411 234 
-0.22 -4.97 17.43 -3.8300 0.4100 4.5900 -1.0778 -1.3878 -0.7156 4.41 -6.50 5.86 182 392 377 408 232 
6.40 -6.28 10.64 1.6900 -0.2700 3.8100 -3.1267 2.3033 -0.9611 3.78 -7.52 5.02 180 299 320 325 216 
4.98 -4.97 1.11 3.2800 4.3900 -1.2900 -5.3611 6.5800 0.9789 0.94 -9.76 -0.08 180 298 324 346 214 
1.93 -5.80 -5.66 0.7500 3.5400 -3.2600 -1.5878 0.2422 0.1544 0.81 -9.07 -3.61 180 314 325 363 218 
-0.23 -7.33 -9.00 -0.2500 2.0100 -5.4900 -0.2567 0.2344 -0.4678 0.92 -8.96 -3.87 176 312 305 327 219 
-7.85 12.64 18.62 -8.0200 23.6200 18.3100 2.6100 0.2656 0.5544 1.35 -7.17 6.54 185 322 331 368 224 
1.12 -7.91 7.34 -0.5400 1.6500 3.2400 -1.8533 -0.7400 0.4722 1.33 -8.60 4.50 187 326 337 371 223 
0.15 -6.17 -0.86 -2.0100 4.1700 -4.4800 -5.6356 -0.4244 0.7367 0.52 -9.59 -1.97 186 332 337 373 225 
-1.11 -7.35 -11.70 -2.3100 0.4900 -7.1100 0.6544 0.1444 -0.4067 0.66 -8.97 -3.89 183 320 321 341 223 
-5.00 -5.86 -15.82 -3.6800 7.6500 -7.2600 12.8922 2.1289 -1.6144 2.18 -7.50 5.92 186 349 344 371 225 
2.11 -10.15 3.51 0.5700 -2.3900 -1.7300 -0.6633 -0.3811 0.1633 2.15 -8.26 4.81 189 349 347 381 224 
0.15 -6.37 3.80 0.0400 2.8200 1.3100 -5.0567 -0.9156 0.7378 1.31 -9.71 -0.08 176 373 349 363 223 
;
