4.90 2.12 8.23 -0.0500 -0.1000 0.0700 -0.0022 -0.0089 -0.0100 4.98 2.22 8.14 164 335 340 364 218 
4.97 2.14 8.19 0.0000 -0.0700 0.0800 0.0078 -0.0078 -0.0011 4.98 2.22 8.14 168 335 340 364 218 
5.88 4.01 10.95 0.6700 3.1300 4.7900 -2.4800 -3.6544 0.8344 7.14 1.12 6.62 178 318 306 359 212 
11.50 2.21 9.75 5.2100 7.4000 3.7300 -6.7400 2.4511 3.9422 5.57 -6.81 4.31 179 346 344 400 216 
2.84 0.57 -2.95 -2.3800 9.7200 -6.9000 -4.0278 1.7800 1.6367 1.09 -9.69 -1.02 176 370 367 420 218 
-0.21 -9.51 -7.81 -0.9000 0.6300 -6.4500 0.3667 -0.3022 -0.4500 1.14 -9.58 -1.71 174 371 365 421 217 
5.48 0.35 -15.12 4.5000 10.6700 -15.1800 10.8889 -1.7322 0.6622 1.73 -7.53 6.03 177 377 367 408 215 
-4.17 3.23 34.72 -3.9100 7.2200 19.7100 -6.0122 -1.3289 -0.7433 2.90 -6.42 6.81 176 378 365 416 215 
2.09 -4.28 -3.17 0.2400 4.5900 -5.8500 -3.8344 0.8233 0.5500 1.86 -9.58 0.92 177 380 367 413 216 
0.15 -8.49 -11.11 -1.5700 0.9600 -10.9300 1.5067 -0.7989 -0.3211 1.72 -9.65 0.04 179 379 366 411 217 
10.04 1.66 0.66 8.9900 10.7700 6.6600 9.1267 -2.7078 1.0656 3.36 -5.38 7.47 179 378 371 401 215 
2.23 -1.02 13.33 -0.2600 4.1000 0.9400 -4.3333 0.4211 -0.8222 3.42 -7.18 5.73 177 362 363 379 215 
5.40 -11.31 -0.83 1.5800 -3.2300 -5.0700 -2.3322 2.1500 0.1344 2.83 -9.02 2.60 180 227 184 203 172 
4.44 -7.65 -8.40 4.5000 2.7300 -10.0000 2.9578 1.3722 2.4533 -0.43 -9.10 3.61 202 173 158 169 131 
2.93 11.78 1.13 4.6300 17.2200 -3.0900 7.1300 2.3500 6.7633 -6.37 0.14 7.44 202 177 165 171 131 
-11.07 5.39 11.67 -0.8100 1.3700 3.2900 -0.5756 -0.3433 -1.3967 -5.17 2.19 8.03 204 180 167 173 132 
-4.62 1.53 6.67 0.9600 0.1900 -0.5900 -0.1822 0.2111 0.0467 -5.50 1.73 7.93 204 184 169 174 134 
;
-6.09 1.46 8.18 -0.0700 -0.2700 0.3700 -0.0300 -0.0411 -0.0333 -5.44 1.64 7.98 204 184 169 175 136 
-5.58 1.46 7.93 0.5200 -0.1100 0.1000 -0.0589 -0.0189 -0.0956 -5.40 1.49 8.04 202 188 169 177 137 
-9.38 5.33 10.93 -4.8400 5.3800 3.2300 -3.0411 -3.9256 -2.4822 -2.98 -1.23 9.25 198 271 253 251 185 
3.85 -0.89 7.30 2.9900 6.5600 -0.9000 -7.0489 -0.5922 -0.3967 0.90 -9.07 3.59 185 343 348 382 206 
1.88 -8.64 -7.20 0.2900 2.9300 -5.3100 -1.2200 0.4811 1.0000 -0.36 -9.42 -2.69 172 366 362 415 207 
-0.77 -9.99 -7.45 -1.8300 0.8600 -3.7400 -0.4311 -0.0378 -0.3811 0.04 -8.88 -4.15 172 366 366 416 209 
0.54 -7.47 -9.50 -0.0600 3.3500 -8.0600 3.7833 -0.8878 -0.9000 1.04 -9.69 -1.04 175 385 373 426 210 
4.74 5.72 17.15 1.0700 11.2700 14.9400 5.2578 -1.4789 0.6256 2.20 -5.11 8.07 176 400 383 430 210 
2.68 -2.59 14.86 0.3800 3.4600 6.9900 -3.1878 0.8000 -0.5278 2.53 -7.11 6.25 177 394 382 426 210 
2.81 -5.43 -0.62 0.6100 3.8600 -4.5400 -4.6533 1.6022 -0.0689 1.67 -9.60 1.07 176 394 377 427 211 
1.52 -9.09 -9.91 0.2600 0.4600 -8.8700 0.3511 -0.2933 -0.2467 1.78 -9.59 -0.95 173 391 376 426 210 
7.22 -2.86 -3.58 4.8400 8.9600 1.0700 8.0411 -1.9433 0.4067 2.46 -7.51 5.80 178 396 381 418 211 
-1.76 -3.84 14.45 -2.1800 0.5400 5.5400 -1.2956 -0.3067 -0.4256 2.26 -6.46 7.01 176 390 377 405 210 
3.74 -9.01 6.35 1.1300 -2.6600 -1.9700 -2.6778 2.0778 -0.1400 1.92 -8.19 5.03 181 240 176 218 177 
2.30 -8.52 -2.37 4.2000 0.7000 -5.9700 1.4122 3.4567 2.6756 -2.19 -7.71 5.64 199 169 151 169 133 
-0.05 2.80 3.68 6.3300 8.0800 -1.7000 3.0211 2.9578 4.6933 -7.42 -2.19 6.02 203 172 164 174 137 
;
