0.13 5.26 8.32 -0.0900 0.0600 -0.0300 0.0022 0.0033 -0.0022 0.16 5.20 8.30 169 326 343 386 210 
-0.75 5.20 9.18 -0.8100 0.0100 0.8400 0.5844 -1.4078 0.3056 0.89 5.56 8.02 168 320 340 383 213 
3.62 10.82 12.06 0.9300 5.4700 6.7300 -1.6756 -4.3667 1.1444 5.79 4.94 6.18 168 311 290 316 210 
7.99 5.21 7.98 0.0400 3.8300 0.5000 -4.5256 1.8267 2.3944 6.54 -1.19 7.20 168 306 281 302 209 
4.27 -0.46 1.32 -1.4700 4.8800 -5.3500 -4.7478 0.1267 1.1700 4.53 -7.23 4.82 169 302 280 297 209 
2.60 -4.86 -3.81 0.3900 3.9000 -5.4900 -2.6967 0.2511 0.0689 4.27 -8.82 0.11 162 328 318 373 208 
6.38 -2.89 -11.90 4.1300 6.6800 -10.6900 7.2911 -0.9411 -0.1544 5.08 -7.06 4.51 163 344 335 385 207 
7.99 4.66 26.70 0.3000 7.8200 20.9100 3.1756 1.0989 1.9367 4.40 -3.12 8.18 165 344 344 393 208 
7.81 0.72 10.02 3.3100 6.7900 0.0400 -6.0211 1.3111 -0.3656 4.55 -7.48 4.39 167 345 341 389 212 
3.03 -3.99 -4.97 -0.4900 4.7700 -7.4700 -3.8511 0.1378 -1.0100 4.28 -8.76 -0.99 162 331 325 384 211 
6.15 -4.13 -15.05 5.4100 5.0400 -14.6100 14.3244 -3.7633 1.5444 4.86 -7.25 4.45 166 345 340 393 211 
1.18 0.55 18.23 -1.5700 3.3400 8.4300 0.8056 -1.8489 0.2778 5.40 -3.76 7.26 168 346 337 383 213 
5.59 -2.33 9.36 -0.4300 1.3300 2.1200 -0.8678 0.2978 -0.4933 5.87 -3.71 6.91 173 330 335 356 212 
5.90 -3.88 6.60 -0.0100 0.4600 0.1700 -1.6767 -0.6644 -0.3978 6.39 -4.68 5.77 169 306 308 312 207 
11.17 -4.77 4.46 3.7000 0.1500 -0.0900 -2.8011 4.0156 0.1011 5.18 -6.57 5.10 169 308 314 331 207 
4.23 -5.00 2.98 -0.7700 3.6300 -1.0200 -5.4656 3.0711 0.9378 1.88 -9.58 0.89 164 271 255 262 200 
0.18 -6.15 -4.51 -1.7400 2.9900 -1.6200 -2.4444 0.0944 1.1600 0.02 -8.85 -4.21 156 258 239 246 193 
-0.44 -8.97 -6.90 -0.4100 -0.8200 -1.8000 0.3689 0.3911 -0.4389 0.22 -8.37 -5.09 156 277 247 257 193 
-1.66 -7.56 -13.71 -4.0800 2.2800 -8.9100 7.2456 0.5878 -0.5489 1.14 -9.72 0.55 168 295 254 263 202 
-0.71 -1.46 20.14 -1.4300 5.6900 13.6200 0.6178 -0.3744 -0.0200 0.96 -7.52 6.21 169 295 259 266 204 
0.77 -6.54 7.04 -0.7500 1.3500 2.1900 -2.8189 -0.4256 0.5578 0.86 -9.03 3.71 169 296 260 267 204 
-1.17 -7.14 -3.16 -0.3500 4.0000 -5.2600 -4.0622 -2.0622 -0.7033 1.09 -9.50 -2.15 175 293 250 272 201 
-0.42 -8.80 -8.54 -1.2400 1.0000 -5.5900 1.6700 1.8756 -0.2344 1.39 -9.48 -2.07 175 295 252 274 201 
3.10 -1.10 10.74 2.1200 14.4400 11.6400 7.5178 1.7911 -1.6900 2.41 -6.54 6.88 174 295 264 271 205 
4.32 -7.38 6.02 1.5000 -0.2900 -0.0300 -0.8989 -0.2589 0.7200 2.64 -7.80 5.31 173 290 261 272 203 
1.23 -8.41 4.79 -1.7900 -0.4900 -0.3000 0.3878 -2.9767 -0.2578 3.70 -7.78 4.66 162 292 260 264 202 
8.10 -6.58 2.84 2.8900 1.8900 0.5900 -2.2222 -0.2211 0.9244 4.56 -8.26 2.64 166 307 215 226 189 
5.08 -9.23 3.96 0.9000 1.0600 1.9600 -1.8200 3.4256 1.4933 2.94 -9.24 1.40 180 343 162 173 160 
2.16 -5.01 -2.48 -3.1800 6.4200 -6.0500 2.1722 1.6900 0.4867 1.82 -8.93 3.61 188 368 155 167 156 
6.26 -0.76 10.23 5.5000 7.8300 8.3700 4.6244 -0.5900 0.6500 0.83 -4.44 8.70 192 373 158 170 158 
4.70 -4.09 19.70 0.8600 -2.4500 9.0600 0.1556 -2.1400 3.2500 1.70 -2.50 9.32 190 373 164 173 163 
-3.26 -4.01 14.29 -5.9700 0.5000 4.8800 -2.6767 -0.7300 2.1144 2.47 -5.86 7.45 193 377 173 175 163 
-0.57 -2.44 6.81 -3.1800 5.2600 1.1900 -2.9422 1.6567 0.1689 1.75 -8.38 4.77 191 377 174 177 163 
0.66 -2.53 4.42 -1.7800 6.4200 0.2300 -1.3156 2.2822 -2.2344 3.04 -8.77 3.14 192 378 174 177 163 
6.37 -1.09 2.21 2.5300 5.8200 -2.2200 1.5322 1.9344 -2.1589 4.53 -6.99 5.16 193 374 177 179 164 
8.84 -4.59 8.98 4.6800 0.1400 2.0600 2.3422 0.3311 -0.6644 4.51 -3.80 7.83 191 375 181 182 164 
6.76 -3.16 9.51 1.8900 -0.0900 0.9900 1.0089 -0.1978 0.8544 4.55 -2.56 8.29 190 374 183 181 165 
3.65 -2.64 9.23 -1.0000 -0.0200 1.0200 0.4722 -0.4944 0.3878 4.88 -2.17 8.22 188 373 180 182 164 
4.34 -1.05 7.18 -1.2900 0.8300 -1.3800 0.2222 0.3000 0.0989 4.94 -1.81 8.26 187 361 179 185 166 
;
