2.68 2.39 9.11 0.0800 -0.0300 -0.0100 0.0056 -0.0056 0.0011 2.57 2.42 9.14 166 325 318 402 214 
7.65 5.68 12.52 7.3000 4.6500 4.2100 -2.1856 1.0167 -0.2522 3.21 1.24 9.18 165 339 312 383 208 
2.49 3.45 11.94 -2.0300 8.1200 2.6700 -6.1711 -1.0578 2.5322 3.92 -6.79 5.88 171 333 328 396 211 
-1.24 -3.75 -6.53 -0.5400 5.3900 -7.4700 -3.0878 3.7700 1.9878 -1.12 -9.65 -1.26 170 343 356 407 213 
-0.39 -7.89 -6.06 0.9000 0.4500 -2.7300 -0.0756 -0.0156 -0.1811 -0.65 -9.40 -2.69 164 361 369 423 210 
-0.62 -7.43 -7.45 0.7600 2.5600 -8.2000 1.9289 -1.0889 -0.9411 -0.09 -9.74 -1.07 166 371 367 433 214 
5.86 5.76 23.30 2.2300 8.2500 31.8500 4.3122 -0.6422 1.2311 0.70 -6.12 7.62 167 382 375 438 214 
2.76 -3.11 7.82 2.5500 4.7700 -0.6000 -4.8156 0.1522 -1.1456 1.20 -9.15 3.31 170 386 379 438 215 
2.59 -6.75 -10.07 0.6700 2.2100 -11.0600 -1.2644 -0.1267 -0.0078 1.11 -9.69 -0.98 168 383 374 436 216 
11.86 0.85 -10.51 12.7500 11.2700 -9.9600 7.8867 -1.3811 2.2011 0.53 -8.31 5.17 169 374 374 431 211 
-4.42 -6.17 10.18 -0.9500 2.2900 2.4700 -2.4356 0.0089 -2.0433 0.74 -8.50 4.82 166 369 373 424 212 
2.01 -7.09 -1.96 -0.0200 2.5000 -5.8000 -1.8267 -0.6422 -0.9811 1.71 -9.55 1.40 165 331 322 371 212 
-2.30 -4.90 -5.58 -5.3400 5.8600 -3.8800 1.0156 -9.7922 -3.6278 5.05 -8.02 -2.47 188 323 320 348 208 
5.68 2.88 -10.82 8.0000 7.6400 -5.6100 -4.5167 -1.9922 -3.1822 3.85 -1.47 -8.89 189 285 291 340 211 
8.70 0.30 -12.36 0.6400 1.1300 -0.0400 0.7400 0.3389 0.5344 3.88 -1.35 -8.90 190 298 298 345 212 
3.32 -1.39 -8.29 -0.7700 0.3400 0.1200 0.1211 -0.0678 0.4200 3.80 -1.86 -8.84 190 305 300 346 210 
;
3.20 -1.64 -8.07 -0.7800 0.5300 0.6700 -0.0044 0.0322 -0.0322 4.03 -1.98 -8.71 190 305 302 348 212 
4.22 -1.38 -8.61 -0.1200 0.4200 0.0900 -0.0178 0.0544 0.0267 4.16 -1.81 -8.69 190 305 302 348 210 
4.05 -1.13 -8.47 -0.0500 0.5800 0.2700 -0.0967 0.3533 -0.0244 4.44 -1.64 -8.58 184 297 289 333 207 
15.44 -1.63 -14.16 7.6900 0.1700 -3.6300 1.1422 4.2722 2.9944 7.91 -3.45 -4.63 166 331 326 367 205 
8.59 0.17 -1.61 -0.7300 8.0300 -3.0300 -2.5933 8.3411 5.1178 3.82 -8.88 1.60 166 356 364 403 204 
2.24 -3.97 -1.66 0.5200 4.7900 -2.8000 -2.4778 1.8678 1.7833 0.15 -9.74 -1.04 171 382 373 423 205 
-0.89 -8.51 -5.50 -0.4300 0.6800 -3.1200 -0.3967 0.5000 0.1800 -0.49 -9.38 -2.81 169 380 377 423 209 
0.01 -6.90 -11.40 0.0600 3.4900 -13.4700 3.6722 -1.7700 -0.7744 -0.04 -9.80 -0.08 165 383 378 430 210 
6.21 5.55 31.65 -3.3300 9.6300 26.6300 1.8022 -0.8133 0.8844 1.02 -5.40 8.11 167 391 377 428 213 
3.74 -2.76 7.70 1.9900 4.9300 0.4500 -4.3233 1.4222 -0.6478 0.92 -8.82 4.17 168 395 382 430 212 
2.68 -8.13 -7.55 1.5600 0.8200 -8.9400 -2.1478 0.7789 0.0300 0.99 -9.71 -0.86 166 389 383 430 213 
1.61 -5.54 -14.92 6.0200 6.0500 -12.8900 4.9589 -1.0544 0.1022 1.01 -9.41 2.55 166 383 382 433 213 
-3.89 -3.34 25.92 -4.2500 2.5300 15.7400 -1.6311 -1.0589 0.0389 1.05 -7.35 6.39 170 387 380 420 210 
0.78 -7.78 -0.93 -2.1900 1.0200 -6.1500 -0.8100 -4.7989 -1.0756 3.65 -8.52 3.18 170 351 342 372 211 
3.69 -3.55 -2.72 -2.6700 3.3100 -0.7400 -1.9233 -7.3711 -3.0089 5.95 -5.90 -5.08 186 295 290 324 214 
11.46 0.31 -12.15 4.5600 1.5000 -5.7000 -1.5444 -0.9833 -1.2511 5.25 -1.50 -8.14 191 289 279 329 212 
7.32 -0.25 -10.87 0.8600 0.9700 -2.3600 0.2889 -0.4478 0.3289 4.78 -1.08 -8.49 189 296 281 336 211 
;
