3.06 4.12 8.22 -0.0900 -0.0500 -0.0900 0.0000 0.0000 -0.0056 3.11 4.17 8.30 159 357 357 396 211 
3.16 4.20 8.19 0.0300 0.0400 -0.0700 -0.0878 -0.1344 0.0567 3.24 4.10 8.29 164 344 335 398 211 
17.48 4.93 17.67 10.5900 0.5800 8.7000 -6.0367 0.8522 5.1089 6.32 -4.99 5.58 168 325 324 391 212 
4.29 -2.79 1.82 -2.1200 7.0400 -1.4000 -2.7333 -2.4011 3.7611 3.94 -8.97 0.17 172 337 333 393 211 
-1.64 -2.24 -4.00 -2.6500 6.4600 -1.9700 -0.9544 0.2856 1.2811 0.27 -9.52 -2.33 163 347 350 394 213 
-0.06 -7.98 -4.56 -0.4400 0.9800 -2.6200 0.4100 -1.0633 -1.1078 0.67 -9.52 -2.22 166 371 352 404 215 
9.48 0.51 -11.15 10.1200 12.6700 -6.8500 10.7978 -0.7522 3.3711 -0.96 -7.15 6.63 164 380 359 403 215 
-5.27 -0.90 22.45 -3.3900 5.5500 10.0900 -4.9800 -0.4278 -2.7700 0.41 -7.51 6.28 166 386 358 407 215 
3.51 -4.68 -3.86 2.2000 4.6800 -5.7900 -4.2411 -0.1478 -0.5467 1.61 -9.61 -1.03 169 387 358 410 216 
4.28 -8.06 -15.84 1.5100 2.0100 -13.2200 5.8844 -0.9211 0.9244 1.14 -9.64 1.38 168 387 365 411 217 
-4.42 4.65 17.35 -2.9100 6.7400 14.6700 2.1122 0.3000 0.5889 -0.22 -4.37 8.77 170 386 366 408 216 
-0.40 -2.72 13.62 -1.5200 3.5100 6.4200 -3.4700 1.4000 -1.3311 0.26 -7.04 6.81 173 389 364 409 214 
;
4.98 -4.38 -2.83 2.8700 4.7700 -4.9800 -4.3589 1.1278 -0.5267 1.93 -9.60 -0.51 171 390 363 415 215 
2.87 -10.19 -4.39 0.3500 -0.4400 -2.3000 0.6789 0.4289 0.1878 1.95 -9.53 -1.15 170 383 364 416 215 
0.61 -9.64 0.40 -1.4800 -0.1100 0.6500 -0.1500 -0.4489 -0.0733 1.79 -9.60 -0.77 168 384 363 414 213 
2.30 -7.95 -4.33 0.3900 1.7500 -3.5500 -0.1967 -0.8622 -0.4689 2.09 -9.48 -1.35 162 383 363 413 215 
5.46 1.22 -0.75 3.7100 12.1800 3.8700 9.4544 1.2978 0.6689 1.10 -4.91 8.41 166 378 362 399 215 
-2.35 2.63 20.55 -3.3200 4.3800 9.3100 -2.9122 -0.4956 -0.4556 1.72 -3.79 8.87 167 385 368 405 214 
3.41 -3.38 5.59 2.3200 4.1600 -2.6800 -5.7300 -0.3811 -0.1489 2.12 -9.05 3.10 170 386 367 413 214 
2.23 -5.88 -7.51 -0.4300 3.9700 -6.4500 -3.3322 0.5100 -0.3122 2.22 -9.07 -2.99 168 387 365 415 214 
5.23 -5.13 -14.42 0.9100 5.1300 -12.9500 10.7722 -2.9689 0.3422 2.58 -8.69 3.72 167 383 361 410 215 
2.11 3.21 20.21 -0.6200 5.5500 13.0300 1.1356 0.5289 0.0167 2.04 -3.90 8.76 170 385 364 405 214 
2.29 -2.34 13.09 -0.5900 3.0400 5.2100 -3.1722 0.8311 -0.5822 1.91 -6.47 7.10 170 388 366 409 214 
;
3.54 -5.23 -0.04 1.8200 4.0300 -3.3700 -5.0389 1.3333 0.1489 2.44 -9.49 -0.29 169 390 365 414 214 
2.19 -8.76 -4.48 -0.3600 0.4000 -2.8800 0.5622 0.5600 -0.0922 2.38 -9.45 -1.05 170 387 363 415 214 
1.39 -9.55 0.16 -0.4200 0.3000 1.0400 0.0544 -0.4000 0.0511 2.27 -9.53 -0.35 169 390 367 417 215 
2.16 -8.35 -2.94 -0.2600 1.5400 -3.7500 -0.2056 -1.1611 -0.4533 2.52 -9.44 -0.80 168 388 364 415 215 
2.30 2.78 2.50 -0.4000 9.3100 -2.9600 10.6478 -1.2733 0.9556 2.18 -4.77 8.27 166 384 366 409 215 
0.37 1.93 21.76 -0.8600 4.9300 11.6300 -4.2889 -1.4233 -0.1844 2.65 -4.69 8.18 168 385 369 410 213 
3.37 -3.37 3.66 -0.1800 4.9900 -1.7200 -5.3889 1.3289 0.2356 2.15 -9.24 2.45 170 390 368 417 214 
0.76 -6.80 -11.16 -1.4500 2.8500 -10.0400 -0.1889 -0.4222 -0.7211 2.59 -9.24 -2.01 170 388 368 417 215 
4.83 -4.13 -5.62 2.1700 6.1800 -4.5300 9.1667 -1.4544 0.3078 3.28 -7.42 5.49 171 384 368 410 214 
3.85 1.14 18.34 1.6800 3.2200 10.9700 0.1344 0.6500 -0.2744 2.89 -3.60 8.64 169 384 369 408 213 
2.01 -1.37 11.08 -0.7700 4.0400 2.7200 -4.8989 0.1289 -0.3167 2.64 -7.35 5.92 167 386 368 412 214 
;
4.03 -5.72 -2.97 -0.1300 2.5800 -6.0200 -2.9744 0.3844 0.4378 3.11 -9.29 -0.10 169 391 366 416 215 
3.40 -9.32 -1.17 0.2300 -0.0300 -0.7100 0.7800 0.2533 -0.0144 3.19 -9.26 0.22 171 388 368 416 214 
3.17 -9.25 2.23 -0.5600 -0.1600 1.8100 0.1944 0.1589 0.2489 3.00 -9.29 0.80 171 387 365 414 214 
2.95 -7.84 -3.09 -0.1800 1.6400 -3.9200 -0.3911 -0.5400 -0.4256 3.30 -9.23 -0.10 166 387 365 411 215 
3.52 2.74 -0.63 2.8600 13.6200 2.6000 9.9656 1.4100 -0.1589 3.04 -4.67 8.06 169 383 341 405 215 
1.68 2.14 21.14 -1.4600 4.8400 9.5500 -3.5767 -0.5556 -0.3233 3.07 -4.70 8.03 170 386 364 407 214 
3.56 -1.58 3.98 0.9600 6.6900 -1.9700 -6.8356 -0.2400 -0.7178 3.26 -9.10 1.61 168 388 365 414 215 
4.51 -5.84 -10.91 -0.2900 2.9200 -8.3100 -0.0456 0.2278 -0.0711 3.57 -8.87 -2.15 171 386 365 413 215 
3.63 -5.22 -6.67 0.3400 4.3400 -5.9100 7.8589 -1.0600 -0.1611 3.95 -7.88 4.27 170 384 362 405 215 
1.28 3.06 16.01 -0.4000 7.8000 11.5600 1.2956 -1.2444 0.7900 4.10 -2.94 8.40 169 383 366 406 214 
4.64 -1.28 12.35 0.8000 3.7300 4.1200 -3.4289 1.1211 -0.3644 3.74 -5.76 6.99 170 386 363 408 216 
4.42 -3.95 2.95 1.3100 4.5000 -1.7700 -4.6067 0.6544 -0.1544 3.31 -9.00 2.03 171 388 367 412 215 
;
1.90 -8.36 -5.89 -1.8800 0.8300 -5.2900 -0.1578 -0.2589 0.1456 3.05 -9.29 -0.68 168 386 365 413 214 
2.22 -9.89 0.52 -0.3700 -0.4300 1.1800 0.4867 0.0678 0.0089 3.07 -9.31 0.15 170 387 364 415 216 
2.93 -8.43 -0.10 -0.6400 1.0300 -1.2100 -0.3056 -0.3133 -0.2033 3.26 -9.24 -0.16 169 384 363 411 215 
2.65 -5.60 -8.86 -2.4900 5.6800 -9.0300 8.8444 -0.7789 -0.4278 3.80 -7.41 5.17 170 383 361 404 215 
5.79 6.10 22.45 -1.2400 7.6500 16.2000 1.6622 0.6889 -0.0744 3.37 -1.88 9.01 170 382 362 403 214 
4.52 0.57 11.54 0.7800 5.3500 3.1000 -5.6722 0.4233 -0.4044 3.59 -6.91 5.94 171 385 364 407 213 
3.44 -3.80 -4.30 -0.6200 4.2100 -7.0700 -3.8478 0.6644 0.2900 3.45 -9.16 -0.49 171 384 367 413 214 
2.77 -8.10 -5.33 -0.6300 0.9100 -4.2100 0.7644 -0.9400 -0.2822 3.47 -9.12 -0.85 171 387 363 411 217 
11.14 4.44 -4.93 5.0000 15.9500 1.0300 9.3767 2.1044 1.4289 2.77 -5.07 7.92 171 385 365 406 216 
1.10 4.31 22.74 -5.0900 6.3400 11.5800 -1.7667 0.1633 -0.7344 3.08 -3.62 8.57 169 386 362 409 214 
5.95 -1.43 7.06 3.6000 5.8200 0.3100 -5.8522 1.1944 -0.8011 3.68 -8.22 3.85 171 386 365 411 214 
;
