-1.73 5.67 7.80 -0.0800 0.0000 -0.0200 0.0022 -0.0100 -0.0044 -1.65 5.65 7.83 187 381 386 434 229 
-1.72 5.64 7.85 -0.0900 0.0000 -0.0400 -0.0056 -0.0222 -0.0078 -1.63 5.64 7.84 187 380 386 436 230 
-1.86 9.80 13.52 3.3500 9.0400 9.2000 1.2778 -9.7289 2.9711 4.60 5.95 6.28 206 350 349 371 227 
5.44 -0.35 0.13 -5.3000 -0.2000 1.4400 0.7856 -6.5333 7.0589 8.41 -3.19 -3.89 205 302 278 317 210 
1.76 -1.52 2.96 -4.5900 3.8600 12.3100 -2.5078 -0.2933 1.3256 3.10 -3.86 -8.46 207 301 276 334 229 
3.52 4.00 -21.22 2.6400 3.6200 -10.8200 -0.7844 0.8711 0.1733 1.66 0.39 -9.65 209 309 297 345 233 
3.52 -0.37 -9.79 0.7800 -0.3000 0.2400 0.2011 1.2344 -0.0722 2.57 0.17 -9.46 209 312 302 345 232 
8.84 2.30 -12.10 8.7300 4.0700 -4.6900 -1.2700 8.9078 1.9322 7.68 0.25 -6.08 195 355 254 253 191 
-1.71 1.06 -2.26 -14.6200 -2.4300 -9.4400 -4.5822 1.6189 0.7178 1.28 -6.98 6.75 204 417 191 192 148 
3.10 -4.88 2.23 4.2800 3.1800 -3.4300 0.2989 1.0967 -0.0344 0.58 -7.97 5.67 207 413 183 193 145 
3.23 -0.99 3.89 2.6200 6.2100 -2.6000 3.1600 -0.2867 0.2967 0.51 -6.05 7.69 206 411 184 193 145 
10.29 -5.51 21.40 6.4700 -3.9000 11.8400 0.6244 -3.0978 3.2933 1.77 -3.52 8.97 205 406 185 194 143 
-1.48 -6.45 14.23 -3.5100 1.2000 5.9100 -2.9800 -1.1400 2.5444 2.65 -7.17 6.13 209 406 190 196 144 
-4.23 -4.77 5.60 -4.8800 4.4900 2.1400 -2.1556 2.4633 0.2533 1.00 -9.16 3.32 211 409 192 197 145 
-2.73 -0.78 1.90 -3.2900 9.0700 -0.3700 0.6578 2.2967 -2.0544 1.63 -9.10 3.24 210 410 193 201 147 
10.04 -0.56 5.51 7.6900 7.1500 0.2900 2.7800 1.1778 -2.0422 3.04 -7.07 6.06 210 409 195 201 149 
-1.63 -17.67 15.09 -3.3000 -10.6800 6.6900 0.8944 -1.4400 -0.4478 3.73 -4.77 7.71 209 401 196 203 149 
2.75 -1.88 5.40 -0.3000 3.3300 -3.8600 1.5678 0.7644 0.6700 3.09 -3.79 8.49 193 310 217 227 180 
-0.86 0.73 6.97 -1.1400 5.4200 6.3600 5.5222 1.6556 2.0311 0.22 2.83 9.38 191 308 313 328 202 
;
-4.45 5.11 17.68 -2.8100 1.2700 7.5000 0.8778 -0.1367 -0.1589 0.06 4.48 8.72 191 318 304 325 203 
0.39 5.00 9.79 -0.4100 0.2000 1.4100 -0.0667 -0.5356 -0.2389 0.45 4.56 8.66 188 327 311 330 204 
8.76 9.87 8.41 11.5200 4.3100 -0.1200 3.7244 -8.8522 6.1300 8.83 3.86 1.76 206 350 349 393 217 
5.63 -1.64 0.16 -2.1200 3.9900 5.8700 2.7000 -3.1556 5.4344 5.29 -6.96 -4.42 212 358 357 412 223 
-1.82 -0.37 -0.33 -5.7800 5.3200 6.3200 -7.8556 -2.1589 -1.2500 3.72 -1.76 -8.89 193 293 292 373 235 
3.72 6.83 -18.16 2.4400 4.0600 -7.9400 -0.4567 -0.8722 0.0089 2.10 2.38 -9.27 195 311 308 380 236 
2.22 1.23 -9.68 1.2500 0.0300 -1.0400 0.5500 -0.3444 0.4700 2.08 1.68 -9.43 196 315 308 381 236 
2.79 2.13 -8.76 -0.7200 0.4800 0.8000 -0.3478 0.3944 -0.1100 2.55 1.72 -9.30 195 308 314 377 237 
13.28 6.90 -12.20 8.8100 5.8500 -5.7700 -2.5356 11.7933 4.1989 9.35 1.58 -2.49 196 335 261 255 162 
1.12 -3.49 -0.69 -5.9800 2.2900 -4.8200 -7.1056 7.0567 2.9411 1.37 -7.94 5.57 201 409 201 209 157 
4.67 -5.00 2.62 2.6500 5.4300 0.4600 0.1600 0.6378 -0.1711 0.63 -8.56 4.73 204 412 197 206 153 
3.17 -3.02 1.47 1.6900 5.6600 -3.7700 1.8189 0.1400 0.0489 0.71 -7.78 5.92 204 410 195 201 151 
7.45 -4.81 12.29 6.8700 0.7800 5.0200 3.0756 -1.6989 1.2067 1.29 -4.48 8.62 205 405 200 203 150 
5.84 -8.22 20.45 2.3500 -5.4800 11.8600 -0.8300 -3.3967 2.7856 3.80 -4.13 8.03 205 405 202 207 150 
-3.68 -3.18 11.43 -8.7600 2.9000 2.6100 -2.7622 0.1944 1.4100 3.35 -7.69 5.07 203 400 196 204 149 
-2.59 -3.19 5.97 -4.3200 5.6000 2.6600 -1.5067 2.2556 -1.3411 3.03 -8.68 3.38 205 403 203 208 152 
6.39 -1.57 2.52 2.4400 7.3000 -0.9600 0.1189 2.0811 -1.7344 4.28 -7.84 4.03 206 401 203 210 153 
8.29 -2.71 2.72 5.1200 3.7500 -2.2400 2.6722 0.6256 -1.1667 4.78 -5.31 6.71 213 408 213 226 170 
8.52 -6.77 11.50 2.5200 -3.1700 3.3900 1.8633 -1.0233 0.7178 5.17 -2.82 7.83 215 410 210 222 164 
5.46 -2.31 8.40 -0.7800 0.1000 0.2800 0.0211 0.2433 0.2933 5.41 -2.61 7.74 214 413 218 224 167 
;
4.56 -1.77 4.30 -0.4400 0.6300 -4.6200 1.7333 0.8711 0.7322 4.36 -1.58 8.63 204 335 241 263 193 
0.58 2.83 10.04 -3.8800 2.1500 1.7700 4.2456 1.0711 0.1878 2.51 3.10 8.95 202 277 252 224 151 
-0.60 5.22 7.18 -3.5200 -0.1500 -5.9000 -0.4589 -0.1422 0.2167 1.98 4.25 8.61 191 287 245 234 161 
0.71 4.21 7.98 -2.9500 -0.0400 1.7200 1.2256 -1.3433 0.3989 2.92 4.90 7.97 200 316 307 318 209 
15.40 5.46 1.44 7.1900 -1.0100 0.4700 4.1333 -5.1722 6.5078 9.41 2.42 -1.26 225 367 359 422 240 
3.52 -0.58 1.66 -2.9200 3.3700 7.5100 -3.8267 -2.5444 2.1722 5.60 -3.69 -7.14 218 318 340 399 238 
-2.28 3.68 -6.68 -4.3700 4.4800 1.5600 -3.4622 -2.1578 -0.7589 2.53 2.39 -9.16 212 316 337 393 246 
2.20 2.29 -11.65 0.4000 -1.0400 -1.7700 0.5478 -0.5111 -0.0978 2.17 3.32 -8.96 213 323 340 393 247 
3.06 3.38 -8.47 0.0400 0.1900 0.7100 0.3578 0.2578 0.1067 2.40 2.85 -9.06 213 325 339 390 247 
9.24 7.16 -11.19 7.1300 4.0600 -4.0400 -0.5300 5.1833 1.8533 5.84 2.85 -7.34 210 324 325 357 239 
4.30 4.32 -1.15 0.9600 4.0600 -5.2300 -9.8444 12.4878 2.3489 3.27 -4.77 7.91 211 421 210 217 158 
1.10 -4.22 -0.47 3.2500 5.4400 -4.7700 -1.9867 0.5011 0.1378 1.52 -8.78 4.08 218 421 212 220 162 
0.85 -6.11 1.09 0.6200 2.8700 -2.5000 1.0144 -0.5178 -0.4133 1.94 -8.52 4.44 230 428 222 232 173 
4.19 -2.16 2.94 2.9400 5.4900 -2.1500 3.5200 -0.5722 0.7767 1.81 -6.25 7.33 241 431 235 244 190 
6.71 -4.14 12.91 3.9200 -1.2000 4.9800 2.5378 -2.0233 2.1322 2.95 -2.85 8.90 227 418 226 230 171 
4.29 -5.41 15.55 -0.6800 -2.0900 7.6000 -1.2800 -1.9944 2.9444 5.09 -4.47 7.08 223 416 223 227 168 
-1.36 -4.99 8.58 -4.2800 1.9900 2.9800 -2.5356 0.7044 0.9078 3.99 -7.65 4.63 222 413 222 228 167 
0.68 -2.31 3.68 -3.9700 5.7900 -0.0200 -1.5567 2.0389 -1.3167 3.91 -8.45 3.05 222 415 222 228 168 
5.81 -1.71 1.37 1.1300 5.8100 -1.9300 0.5411 2.2467 -1.6989 5.07 -7.27 4.17 223 415 223 230 168 
10.83 -2.19 5.17 6.1000 2.9600 -0.3800 2.2900 1.0578 -1.3856 5.54 -3.90 7.08 240 435 247 251 194 
8.65 -3.45 10.60 3.4800 0.1600 2.8700 1.5700 -0.1822 0.8467 5.39 -1.90 7.96 245 434 246 252 193 
5.62 -2.50 8.60 -0.9200 -0.7700 1.9400 0.8322 -0.2122 0.8311 5.76 -1.18 7.84 244 432 246 253 192 
;
