2.92 3.18 8.88 -0.0800 0.0200 0.1200 -0.0156 -0.0089 -0.0022 3.04 3.17 8.76 171 368 376 425 205 
2.98 3.20 8.83 -0.0400 0.1000 0.0800 -0.0678 -0.0222 -0.0100 3.04 3.14 8.77 174 368 373 425 210 
6.65 6.96 11.89 1.1600 0.7800 2.7000 1.4867 -4.4556 0.5100 5.82 4.88 6.19 171 343 355 375 213 
5.44 0.77 4.24 -5.0600 -0.5700 2.0100 -1.1300 -5.7800 7.3178 9.39 -2.76 -0.49 184 318 308 348 215 
4.07 0.53 -1.45 -5.3500 3.7200 0.7300 -5.1056 -1.2533 -0.4378 5.36 -1.62 -8.05 192 275 260 333 219 
9.66 2.65 -13.67 3.3900 0.3700 -3.4100 0.5889 0.5022 0.1033 5.90 0.27 -7.82 192 284 269 335 219 
5.96 0.23 -6.31 -0.2700 0.3100 1.1600 -0.1222 0.1056 0.0522 6.18 0.00 -7.60 192 290 273 337 217 
7.26 0.64 -6.94 1.3100 0.5300 -0.2900 -0.0156 3.1822 -0.9978 7.82 0.58 -5.88 181 259 240 250 202 
9.09 1.63 -4.50 -0.5000 1.4700 -2.5500 2.6856 5.4678 2.0567 8.56 -1.19 4.62 198 199 190 208 143 
-2.72 -3.10 9.55 -12.3900 -2.1800 3.4600 -0.5478 -2.7022 0.5900 8.37 -3.83 3.36 200 173 179 181 126 
13.70 5.48 -4.21 7.3200 6.6400 -7.8400 -0.7767 -0.3122 -1.7467 9.64 -1.33 1.16 201 174 181 186 131 
9.11 -1.46 3.05 0.3400 0.1600 2.4200 -0.0011 0.4478 0.0111 9.60 -1.40 1.39 201 181 185 189 133 
9.94 -1.07 0.94 -0.0200 0.1100 -0.5300 0.2322 0.0633 -0.0922 9.61 -1.35 1.37 203 183 187 191 135 
9.96 -0.72 1.84 0.2600 0.5600 0.2500 -0.2867 0.1156 0.0467 9.59 -1.39 1.47 202 184 190 195 135 
;
9.29 -1.70 1.60 0.7300 0.5500 0.9600 -0.1456 -0.4300 0.1389 9.60 -1.61 1.14 202 184 192 194 137 
9.11 -1.13 0.78 -0.4700 0.8900 -0.5200 -0.4733 0.0544 -0.0456 9.58 -1.79 1.01 199 200 194 204 150 
8.31 -0.61 -1.12 0.0500 1.8000 -4.1700 2.7211 7.4133 -0.6611 5.87 -0.18 7.85 186 300 250 283 183 
-5.07 2.47 8.67 -3.8400 -0.8400 -1.3600 1.1456 -0.7333 0.9333 -0.82 3.68 9.05 177 329 306 319 187 
-1.69 1.85 9.97 -0.4900 -1.3700 0.4100 -0.2822 -1.1178 -0.1733 0.42 3.35 9.20 175 331 303 313 189 
-0.27 3.01 11.07 -2.0500 -1.2500 -0.1100 0.0289 -11.5344 4.7322 8.73 1.58 4.16 194 338 330 367 211 
6.11 1.58 3.24 -5.4500 5.0600 4.1200 -5.3322 -3.1544 2.2178 6.27 -2.46 -7.12 194 301 292 360 217 
8.10 1.70 -11.78 1.9300 1.0100 -4.3600 -0.5867 0.1444 -0.8033 5.88 -0.03 -7.84 192 296 295 356 219 
6.57 -0.47 -6.32 -0.1400 0.1300 1.3600 -0.0767 0.2022 -0.0556 6.09 -0.50 -7.67 196 301 300 353 218 
7.17 -0.31 -7.56 0.9100 0.2200 0.0000 0.0456 0.3889 0.0089 6.26 -0.48 -7.52 193 305 305 353 219 
7.47 -0.19 -6.87 0.7600 0.3000 0.4000 -0.0056 0.5467 -0.1044 6.80 -0.40 -7.04 189 292 299 321 205 
11.75 -0.14 -7.84 0.5100 -0.2500 -6.1200 2.9100 9.2267 -0.9989 9.47 -0.23 2.53 194 220 209 222 155 
7.56 2.07 11.84 -2.0100 1.3100 6.7900 0.4500 -1.4800 2.5367 8.31 0.12 5.19 198 183 189 190 129 
-0.48 -1.14 4.30 -9.5900 0.3100 -0.9200 -1.1578 -2.5822 -0.4444 9.35 -2.37 1.73 201 175 183 186 129 
16.15 1.03 -3.60 1.9400 1.2700 -3.3800 0.2944 0.3433 0.0278 9.55 -1.40 1.71 202 178 188 189 131 
10.68 -1.30 2.84 0.8800 0.1400 0.8900 0.0078 0.5011 -0.0111 9.47 -1.25 2.20 201 181 191 192 132 
8.83 -0.99 2.40 -0.3500 0.3400 0.0600 0.0044 -0.0267 -0.0611 9.47 -1.29 2.17 203 182 192 192 133 
;
