-0.24 6.48 7.23 -0.4200 0.0700 -0.1600 0.1811 0.0622 0.0478 0.19 6.53 7.31 167 325 353 394 220 
0.26 6.66 7.02 0.0500 0.1300 -0.2300 -0.1089 -0.0367 0.0111 0.27 6.47 7.35 166 324 352 396 221 
-1.44 6.82 8.15 -2.7800 0.2100 1.3300 5.3922 -4.3800 2.5967 2.69 7.93 5.10 117 327 355 406 225 
11.41 8.85 0.39 2.1500 0.3400 -0.8300 1.7733 -1.7644 8.0800 8.84 4.21 -0.37 173 282 292 328 217 
6.12 -1.17 0.59 -2.4200 3.9300 4.2800 -1.8944 -3.3467 5.9033 5.75 -5.61 -5.61 194 249 236 272 217 
-3.57 -0.61 -4.67 -6.8000 3.1700 1.9100 -3.2733 -3.4267 0.8056 2.08 -2.60 -9.22 195 266 263 291 220 
1.52 -0.50 -15.20 -0.2600 -0.6700 -3.2500 -0.1300 -0.0589 -0.1711 1.46 0.07 -9.69 192 276 278 299 220 
2.55 0.67 -10.21 0.4600 0.2900 -0.4300 0.4256 0.4144 0.0911 1.98 0.08 -9.60 193 276 277 302 218 
1.72 0.29 -7.00 0.1000 0.7700 2.2400 -0.3467 0.8933 -0.2544 2.67 -0.18 -9.43 194 274 276 298 214 
7.61 1.66 -14.69 8.7900 1.2700 -3.2800 -1.0856 1.2111 3.4511 5.46 0.40 -8.13 146 251 254 272 187 
5.81 3.87 -6.88 -4.4600 6.3100 -4.0900 -3.0033 6.8422 5.2400 7.72 -5.83 1.55 167 321 317 360 216 
5.42 1.46 -0.01 1.1300 9.1000 -4.6000 -6.7011 5.4656 2.2667 2.33 -9.46 -1.08 163 309 269 274 196 
0.21 -9.53 -6.90 -3.0400 -0.4400 -5.7000 0.3133 -0.4733 -0.3700 1.87 -9.28 -2.53 162 293 268 284 198 
2.01 -6.87 -7.44 -1.3600 3.2600 -6.1100 6.0333 1.1756 -0.5522 2.60 -9.04 2.77 167 299 277 291 203 
2.27 -4.80 12.86 -0.6600 2.7300 6.2100 -1.9622 -0.8289 0.2833 2.21 -8.83 3.62 166 302 279 294 204 
1.16 -7.58 -2.47 -1.0600 1.5800 -4.4000 -2.2189 -0.2256 0.2022 2.02 -9.59 -0.18 164 300 281 297 206 
-1.32 -13.97 -10.80 -3.8700 -3.7500 -10.1200 2.4778 0.5211 -1.1300 3.16 -9.21 1.13 167 301 285 300 207 
4.36 1.48 20.03 0.3300 8.4500 14.3500 -0.4256 -0.2967 0.5011 3.50 -8.06 4.32 167 306 286 300 208 
0.79 -6.27 -1.18 -2.1200 1.5600 -7.4800 6.0100 -5.0322 0.1400 4.84 -6.14 5.90 167 299 285 301 210 
13.98 4.23 1.02 -0.1300 2.3000 -4.0300 11.4367 -0.2578 1.2567 7.32 4.73 4.47 170 301 332 367 220 
12.25 6.98 0.41 3.3100 4.0100 0.7400 4.6600 -4.6922 7.4178 9.08 -1.70 -3.27 186 286 288 342 222 
6.04 2.38 0.14 2.1500 7.6800 6.3300 -5.0256 -1.4756 4.4733 2.96 -4.57 -8.15 189 267 271 331 226 
0.64 2.97 -14.99 -0.7300 3.3900 -5.6700 -1.5267 0.0056 0.4878 1.05 0.41 -9.74 188 281 275 331 225 
1.97 0.42 -9.47 1.1300 -0.1200 0.6200 0.1311 0.3367 0.0644 1.55 0.46 -9.67 187 282 279 333 226 
1.97 0.61 -9.42 0.1800 0.0000 0.0200 0.0556 -0.1878 -0.0589 1.83 0.68 -9.60 188 286 279 332 225 
;
