0.52 5.91 7.64 0.0500 -0.1300 -0.0400 -0.0100 -0.0056 -0.0122 0.48 6.05 7.69 165 306 320 338 213 
0.56 5.89 7.67 0.0800 -0.1100 -0.0400 -0.0133 -0.0067 -0.0167 0.48 6.03 7.71 166 305 318 336 212 
0.44 5.89 7.63 -0.0400 -0.1400 -0.0600 0.0311 -0.0189 0.0411 0.50 6.04 7.70 165 305 319 340 212 
-0.89 6.07 8.62 -2.6300 -0.1200 1.6600 2.6611 -3.4156 1.2278 2.57 7.20 6.13 168 314 322 371 217 
12.44 9.68 -2.79 7.8500 3.6500 -1.5600 3.9511 -2.3500 4.3389 7.63 5.87 -1.82 177 327 338 377 216 
7.09 0.11 -2.20 -0.3700 1.6600 3.5300 0.7567 -3.2933 6.8144 6.19 -3.58 -6.70 182 296 306 358 218 
-0.85 0.79 2.26 -3.5600 4.7500 9.8000 -4.7911 -0.1067 1.5722 3.43 -2.41 -8.86 187 289 304 371 224 
0.54 4.13 -19.97 -2.1800 2.3200 -9.5600 -0.3489 -1.2400 0.7289 1.07 2.02 -9.53 178 301 316 382 229 
3.16 0.45 -9.14 1.8800 -1.3500 0.2500 0.1289 0.3789 0.0144 1.49 1.70 -9.54 181 306 318 383 228 
0.92 1.82 -8.46 -1.2900 0.1800 1.1000 -0.1067 0.7367 -0.2733 2.18 1.51 -9.44 180 306 321 385 227 
10.81 3.28 -9.59 8.1400 0.6100 -1.8200 -1.5744 5.5900 -1.7489 6.20 3.93 -6.49 170 259 265 285 211 
13.67 5.48 -6.04 2.3200 1.0500 -6.6000 -1.9811 9.2078 1.8289 7.28 3.04 5.81 183 182 174 191 135 
2.05 3.02 -1.67 3.8200 3.0400 -10.4000 -3.5422 10.6989 2.3733 -6.77 -0.73 7.05 189 173 166 180 127 
-16.60 4.23 4.01 -7.9100 0.9200 0.4300 -0.5700 0.4267 1.9011 -8.88 2.58 3.24 193 175 172 188 131 
-8.64 3.14 5.08 -0.9000 -0.3300 0.1500 0.3933 -0.1133 0.0700 -8.57 2.69 3.91 198 180 175 188 134 
-8.11 2.90 4.35 0.9000 -0.5100 -0.4700 0.0644 -0.1644 -0.1044 -8.51 2.57 4.13 197 183 177 191 136 
-8.69 2.46 4.17 -0.4400 -0.4000 -0.0200 -0.0078 -0.1578 -0.0189 -8.53 2.63 4.05 197 184 177 192 137 
-7.94 2.97 4.52 0.2000 -0.1400 -0.0300 -0.0589 0.0267 -0.0844 -8.51 2.52 4.15 197 185 179 193 137 
-7.84 2.60 4.53 0.1400 -0.0100 0.3100 -0.2589 0.3333 0.0322 -8.53 2.52 4.10 197 184 177 194 138 
;
