-2.64 6.17 8.02 -1.3600 0.0700 0.9400 -1.0756 -1.5222 -0.2344 -1.83 5.70 7.76 164 298 342 372 216 
3.89 5.91 8.61 3.9100 0.6300 0.6700 3.1944 -6.1900 3.8733 5.09 6.18 5.64 166 289 300 315 205 
12.02 4.62 -1.78 2.3400 0.1100 0.8600 4.8867 -2.4578 6.4733 9.40 0.92 -2.62 186 284 297 343 222 
4.11 0.62 0.92 -1.8200 5.5000 6.8800 -1.4544 -2.3744 4.3333 4.08 -5.99 -6.60 190 269 274 333 229 
-1.03 0.86 -10.15 1.0400 3.7800 -7.0500 -3.8622 -2.2111 1.0556 1.59 -0.41 -9.66 190 282 290 342 230 
4.10 -0.60 -10.18 1.8400 -0.8100 0.0700 0.3833 0.4489 -0.2667 2.27 -0.07 -9.53 192 286 293 342 231 
2.21 0.32 -8.43 -0.2900 0.7100 0.9900 -0.1178 0.6833 -0.2778 3.08 -0.14 -9.30 190 281 293 331 227 
8.84 2.51 -8.65 2.3200 1.0200 -1.6000 -0.2011 7.9500 -2.2489 8.90 2.33 -3.38 174 262 258 291 204 
9.20 5.21 0.30 0.8100 1.8400 -0.2000 2.4811 2.9467 0.0911 7.87 5.00 3.02 190 190 189 195 136 
8.62 3.31 3.97 -2.0700 0.5300 2.2700 0.5111 -1.7411 4.2700 9.77 0.55 0.52 199 174 161 176 120 
1.85 0.20 5.45 -7.2400 1.7700 4.2800 -3.8000 -0.9756 -0.6678 9.56 -1.20 -1.78 203 173 170 178 121 
14.10 1.93 -5.61 4.0900 1.6000 -2.4200 0.3944 -0.2456 0.3156 9.48 0.16 -2.49 203 176 171 181 123 
9.22 1.03 -1.67 -0.2600 0.9200 0.8500 -0.1378 0.4033 -0.1322 9.52 0.12 -2.32 203 179 176 183 124 
9.29 1.22 -2.25 -0.6000 1.1500 0.0900 -0.1311 1.0978 -0.9400 9.66 0.92 -1.36 195 185 181 195 139 
10.34 2.67 -0.86 1.7800 -1.6200 -4.6500 0.8667 8.1178 -3.8244 4.85 5.82 6.21 186 249 236 238 172 
6.74 11.83 8.89 1.7000 4.5400 2.8900 1.6200 -1.0244 3.1911 5.12 6.90 4.70 188 190 196 194 134 
8.68 5.29 4.94 -2.3700 2.7600 3.8800 0.4500 -2.8789 4.7611 9.73 1.14 -0.33 196 184 190 182 125 
0.86 1.92 4.05 -7.3700 2.9500 2.9100 -4.7144 -0.6978 -0.2978 9.37 -1.08 -2.64 200 183 188 187 126 
13.63 2.30 -7.25 2.8400 1.3700 -2.2200 0.8878 -0.5200 0.6722 9.31 0.56 -3.02 201 187 189 188 128 
8.59 0.92 -1.82 -0.7800 0.4200 0.1600 0.0044 -0.1611 0.0344 9.27 0.34 -3.17 201 188 190 189 129 
9.32 0.62 -3.58 0.1800 0.2900 -0.6300 0.2567 -0.0211 0.0367 9.28 0.32 -3.14 202 187 190 191 130 
9.44 1.10 -3.04 0.2500 0.5700 -0.3100 0.0811 -0.0344 -0.0089 9.28 0.31 -3.12 201 189 192 192 130 
9.41 1.12 -2.55 -0.2000 0.6900 0.4500 -0.0378 -0.0111 0.0289 9.27 0.24 -3.18 204 188 193 192 131 
;
