1.67 2.88 9.18 -0.0900 0.1200 0.1200 0.0500 0.0556 -0.0022 1.81 2.79 9.22 155 303 293 303 196 
2.11 3.03 9.82 0.1800 -0.0100 0.7000 1.4178 0.0978 0.3011 1.68 3.96 8.81 161 322 316 368 203 
3.09 9.31 8.48 0.9800 1.8900 0.5900 3.1211 -1.1500 2.7933 2.49 7.14 6.24 172 335 337 384 202 
7.44 3.69 1.28 -2.1000 -0.5200 0.6500 4.7122 -4.7711 10.2211 9.55 -1.13 -1.87 187 326 331 394 207 
3.65 0.63 2.00 -3.5700 7.1100 7.2500 -5.8511 -1.7744 2.3256 4.99 -4.32 -7.24 189 293 300 387 217 
4.42 8.54 -14.98 2.8700 8.5900 -11.8100 -3.5433 0.5189 -0.4089 3.06 2.51 -8.96 189 314 318 393 221 
4.50 1.17 -9.51 0.5500 -1.3700 -0.7800 0.2056 0.0744 0.0111 3.57 2.50 -8.78 190 320 323 397 220 
3.46 2.89 -8.90 -0.1400 0.7000 -0.3200 0.0200 0.4978 -0.2744 4.11 2.34 -8.58 185 320 323 399 219 
13.13 4.64 -15.39 6.3900 1.6900 -9.3500 0.5789 3.5044 1.3222 6.64 1.73 -7.00 173 335 300 354 216 
2.94 -1.04 -9.80 -9.7500 3.0100 -5.7300 6.5844 3.5778 0.7578 9.11 -3.47 -1.05 105 403 189 205 138 
5.24 3.13 2.46 -4.1900 4.2700 0.7900 3.9911 1.3511 -2.0633 9.15 -0.26 3.51 111 404 189 217 148 
7.96 4.00 2.92 -1.6200 2.1900 -0.9100 0.8333 -0.0722 0.0111 8.95 1.54 3.69 112 401 194 219 150 
8.37 4.77 2.48 0.8400 4.0100 -2.4400 -1.4833 0.3622 -1.0233 8.53 1.70 4.51 112 404 197 220 151 
10.27 1.90 0.59 0.2100 0.2600 -4.0800 -1.5089 -0.3989 0.7678 8.33 0.66 5.12 116 399 194 224 153 
6.08 -8.01 5.98 -2.0400 -7.2400 0.3600 -0.6122 0.1744 -0.3589 8.16 -0.42 5.41 119 402 199 226 154 
4.39 -0.68 4.57 -4.5800 -0.6600 -0.8100 -0.1233 -1.4078 0.0189 8.59 -0.13 4.72 126 402 211 246 175 
0.75 0.59 -2.57 -6.3100 0.8300 -6.4600 -2.1422 2.7856 -7.2356 6.99 4.10 5.51 158 377 291 298 191 
0.36 14.89 14.63 -3.0900 9.8300 10.1500 -1.2144 0.2667 -2.0056 -0.22 5.10 8.37 167 346 301 339 193 
;
