-2.07 4.05 8.69 0.0300 0.0200 0.0500 0.0022 -0.0067 0.0022 -2.10 4.08 8.66 157 313 316 330 192 
-2.04 4.13 8.69 0.0600 0.0300 0.0100 -0.0033 0.0144 0.0056 -2.10 4.08 8.66 158 310 316 326 191 
-0.51 4.72 9.86 0.8600 0.5600 3.1900 2.3533 -3.6289 1.3478 2.79 5.54 7.58 160 307 300 336 204 
17.16 6.29 -2.04 5.1400 -0.4900 -1.3200 2.8922 -4.5878 7.3600 9.57 0.70 -1.98 172 296 299 355 209 
1.49 -1.17 1.00 -6.3600 3.7100 5.5900 -0.2711 -1.6500 3.5100 6.73 -5.58 -4.42 179 283 292 355 219 
-0.28 -1.64 -0.90 -4.6600 3.5100 4.5600 -4.9700 -2.5789 0.4522 4.28 -3.03 -8.28 181 294 303 367 219 
4.82 3.20 -18.60 0.8700 2.0900 -8.3600 -0.7200 0.5378 -0.5844 2.89 1.06 -9.30 182 300 303 364 218 
3.13 0.07 -8.41 -0.1300 -0.6100 0.8500 0.1744 0.4356 -0.1533 3.51 0.79 -9.12 182 299 310 358 219 
2.84 1.34 -9.34 -1.0400 0.5100 -0.2800 0.0622 0.6456 -0.0722 4.05 0.72 -8.89 183 302 309 369 221 
5.23 2.58 -9.04 3.2600 4.1000 -0.8800 -0.9911 2.3344 0.0478 5.96 1.14 -7.70 169 278 267 287 206 
12.71 1.64 -5.34 2.5000 1.8300 -2.9700 -4.2044 10.3911 4.0722 9.19 -2.39 2.42 179 328 152 184 128 
0.16 -5.08 -5.72 -4.2800 4.2300 -7.4200 -0.6844 2.5611 0.8733 3.46 -8.59 3.21 189 377 171 185 136 
4.55 -3.53 2.39 3.8000 5.4100 -2.3600 3.0033 1.8633 -0.4933 1.98 -7.24 6.29 192 389 185 194 142 
7.70 -0.52 12.22 5.7400 2.8300 3.1000 3.6311 0.9078 1.4078 0.84 -2.61 9.41 195 395 183 195 143 
1.31 -0.55 14.92 1.9200 0.2500 5.0200 1.2756 -0.9978 3.4922 1.07 -0.30 9.74 196 396 190 198 145 
-1.90 -2.92 14.98 -3.5200 -0.7400 5.1400 -2.6011 -0.6822 1.8467 2.17 -2.85 9.12 195 397 191 200 146 
-0.15 -2.92 7.07 -2.4500 2.8000 -1.6600 -2.9989 0.8722 -0.2511 1.71 -6.61 7.03 195 398 194 202 147 
0.22 -2.22 4.54 -1.5800 5.9700 -1.4600 -1.3100 1.3544 -2.1789 2.45 -7.88 5.29 195 398 196 202 148 
3.71 -1.61 3.15 1.1700 5.6800 -2.4600 1.3111 1.7167 -2.6578 3.71 -6.22 6.60 194 397 195 203 148 
9.56 -0.77 9.71 6.7400 3.7500 2.7000 2.4700 0.6367 -0.3289 3.22 -2.82 8.82 194 399 197 205 147 
3.41 -5.91 14.55 -1.0200 -4.9300 6.0400 0.5956 -0.9733 0.4878 3.89 -1.13 8.92 192 396 201 210 152 
6.28 -1.00 5.22 0.4000 0.6900 -1.9500 1.5667 -3.3811 1.0789 7.06 -0.76 6.75 166 368 206 210 152 
6.23 1.68 1.19 -1.0800 1.7400 -4.7400 2.9822 0.6000 -0.7411 7.71 2.01 5.71 129 371 189 196 144 
11.48 9.20 -1.43 3.5400 4.4700 -5.3600 5.7822 1.5733 -0.7611 6.64 6.47 3.18 126 376 192 197 144 
11.14 14.09 3.54 4.6500 7.2700 4.8500 3.9867 1.6833 1.8422 7.24 6.55 -0.86 135 373 195 200 146 
6.46 8.18 1.86 -3.3200 3.5400 1.4200 -2.3189 1.9311 2.6900 9.36 2.78 0.88 133 371 197 201 148 
0.23 1.69 -0.46 -9.1600 3.2000 -1.8800 -5.7667 -1.5100 2.5778 9.44 -2.62 -0.01 132 377 199 205 146 
5.58 1.11 -8.68 -2.2300 2.8500 -7.4900 -1.7689 1.6200 -5.0000 9.57 2.10 -0.22 128 374 198 205 148 
13.46 8.69 -2.55 4.4600 2.9900 -2.4200 4.2456 3.0344 -2.7822 6.60 7.24 0.26 131 378 201 205 150 
8.51 9.03 1.83 0.6500 1.0300 3.6200 1.7522 0.1133 1.3544 7.11 6.40 -2.13 142 383 203 205 151 
5.73 5.05 -0.91 -2.3300 -0.8300 0.6500 -0.5444 0.1800 0.3800 7.86 5.55 -1.84 141 382 204 207 150 
8.18 4.83 -2.51 -0.0400 -0.6100 -0.9300 -0.5789 -0.2611 0.2967 8.10 5.37 -1.23 149 374 204 209 150 
;
