-0.97 4.36 8.66 0.1600 0.2500 -0.1300 0.0078 0.1056 0.0111 -1.15 4.19 8.78 169 367 343 408 217 
-1.40 4.29 8.70 -0.3400 0.0300 -0.0900 0.0311 -0.1300 -0.0378 -1.16 4.22 8.77 168 366 341 407 216 
-2.36 4.21 10.44 -1.2100 -0.6800 2.4400 2.3300 -2.4633 1.0611 1.00 5.74 7.88 173 360 333 406 223 
5.87 5.28 -2.19 2.7900 -0.7400 -6.9300 4.7056 -9.0344 4.9067 8.51 4.84 -0.41 182 326 294 331 217 
8.68 1.07 -3.99 -1.8200 1.4100 1.8300 0.6967 -3.5567 4.4756 6.97 -2.16 -6.54 196 298 301 372 225 
0.24 -1.92 -1.93 -3.3200 3.0800 5.9900 -1.3233 -0.1822 2.2089 3.67 -4.56 -7.86 193 287 295 376 225 
-2.26 1.96 -6.78 -1.8700 7.2600 -4.1100 -4.9233 -1.8822 0.4444 1.34 0.31 -9.70 193 294 298 379 226 
3.46 -0.15 -11.63 1.4700 -1.2300 -1.3500 0.0833 -0.2700 -0.0756 1.43 0.89 -9.65 193 297 304 385 226 
1.89 1.92 -9.78 1.0700 1.8400 -0.2100 -0.0656 0.0333 -0.1044 1.51 0.70 -9.66 194 291 239 359 224 
12.47 4.49 -14.76 9.0400 4.8200 -5.5800 0.6622 9.9211 2.6344 8.31 -0.50 -5.16 169 311 313 372 211 
0.28 -1.38 -4.36 -5.1200 3.9500 -4.9200 -2.4944 3.6289 3.3211 6.07 -7.37 2.19 174 356 340 386 212 
-1.49 -3.26 -7.78 -6.2800 4.4600 -9.5200 -1.5578 -1.1133 0.7856 3.34 -9.16 -0.97 168 366 351 391 213 
16.10 13.40 14.86 8.3500 18.2500 16.5600 5.6900 -0.5800 0.6556 5.12 -3.46 7.60 172 370 365 402 215 
9.52 0.01 8.24 4.2900 5.1700 0.6200 -6.1411 4.6722 -1.7289 4.40 -6.75 5.58 169 371 346 401 215 
6.04 -2.98 -12.63 1.9000 6.1100 -13.5200 -2.6389 0.0056 0.2578 4.06 -8.91 -0.30 172 370 363 400 214 
9.47 -0.69 -2.55 0.6800 9.4500 -5.2700 10.3189 -5.4567 1.0611 5.38 -5.33 6.21 169 352 353 385 217 
11.60 7.22 26.57 -2.5100 5.5000 14.6800 -2.9300 0.9578 -0.1844 5.53 -3.35 7.36 172 354 356 386 215 
3.27 0.13 4.66 -0.2600 5.9900 -2.5700 -8.7333 -0.1533 -1.6511 4.55 -8.32 2.46 169 349 321 315 215 
2.31 -8.69 -10.55 -2.2700 0.6300 -8.7300 3.2978 -2.3333 -1.6722 5.38 -8.13 -0.99 166 362 223 225 201 
6.52 -5.95 -8.09 -0.5300 1.4200 -7.0700 3.5900 -5.7144 -1.8511 6.46 -7.16 -1.75 127 384 179 192 181 
16.03 -6.32 -2.52 9.7200 1.9900 -0.0600 3.7078 -2.4333 0.4011 5.56 -7.93 -1.49 116 391 193 199 188 
9.20 -2.99 6.04 1.3600 3.1400 0.4400 -3.5678 0.8167 0.0711 6.10 -7.58 -1.12 122 389 199 204 187 
5.39 -7.13 -10.87 1.3200 -0.4700 -5.5900 0.6244 -0.8633 0.1644 5.48 -6.62 -4.71 123 387 185 202 187 
-1.88 1.25 10.89 2.7200 3.5800 7.2700 -2.3389 -1.6633 1.5644 5.97 -7.77 0.09 137 389 194 213 191 
5.90 -7.28 0.23 -0.2300 0.5800 0.6300 -0.3967 -0.5100 -0.0733 6.13 -7.62 -0.65 141 391 199 218 194 
3.17 -3.59 1.33 -3.7800 3.4000 2.1000 -1.9256 2.9656 -2.6956 7.95 -5.71 -0.56 150 312 230 247 203 
;
