0.35 6.17 7.50 0.1000 -0.0100 -0.1000 0.0000 0.0022 0.0000 0.22 6.17 7.61 164 386 364 405 210 
0.32 6.19 7.52 0.0800 -0.0200 -0.1000 0.0044 -0.0056 -0.0011 0.29 6.19 7.59 166 383 362 401 211 
-1.91 4.83 7.42 -1.7900 0.4300 2.9200 3.0544 -5.9800 1.4911 4.37 6.98 5.30 161 329 309 381 217 
14.84 6.48 -4.06 3.6200 2.6000 -2.0700 3.4267 -4.5378 8.5478 8.78 -1.48 -4.10 176 292 281 307 217 
2.24 -1.18 0.11 -1.7900 5.0700 6.4400 -0.0967 -1.8689 2.4256 3.34 -6.63 -6.39 186 243 231 284 222 
2.80 -1.52 -2.64 0.0500 3.2900 5.0400 -3.7611 0.4756 -0.3433 1.67 -2.86 -9.22 192 271 249 296 224 
1.86 0.73 -18.89 0.9500 0.1500 -6.5300 0.5511 1.0089 -0.0056 0.45 -0.16 -9.79 193 278 255 301 225 
1.12 -1.26 -8.76 0.2000 -0.4500 0.9200 0.1267 0.3533 -0.3933 1.09 -0.53 -9.73 190 280 259 304 224 
4.84 0.56 -12.08 3.9500 1.2000 -3.1300 -0.0622 3.4678 0.5178 3.61 -0.45 -9.10 177 250 238 259 216 
12.27 2.02 -10.39 -1.6600 5.0400 -5.6700 -1.5189 7.5178 6.3556 8.27 -5.26 0.14 165 228 205 215 165 
-1.31 -4.36 -3.49 -5.2500 4.7900 -2.1600 -1.6300 0.2333 3.1033 2.34 -9.45 -1.11 171 223 182 207 149 
-0.82 -9.00 -2.57 -3.5300 2.5900 0.6700 -0.0378 -0.3067 -0.6333 1.18 -9.60 -1.60 171 228 193 214 157 
-2.09 -9.55 -2.62 -4.3600 0.0200 -0.6600 -1.9567 -5.0189 -3.8844 2.68 -8.59 -3.88 164 214 193 221 161 
1.35 -3.23 -10.99 -0.9700 3.0500 -4.1500 0.9233 -7.7667 -5.3044 1.30 -6.00 -7.63 167 220 209 222 168 
2.35 -5.24 -11.91 -1.8000 -0.0500 -4.0600 2.1089 -2.5344 -1.8167 0.79 -6.15 -7.59 167 229 214 233 175 
1.82 -6.17 -1.71 -1.2600 0.0400 5.5700 -0.2733 -0.4311 -0.4356 0.81 -7.43 -6.33 169 228 225 233 186 
2.58 -6.46 -5.61 1.4300 1.0700 1.3200 -0.0478 0.9700 0.1556 0.97 -7.42 -6.33 172 229 214 236 186 
15.37 -1.78 -8.83 14.2100 4.5100 -3.8100 -3.8311 13.0667 3.2011 6.74 -6.23 -3.43 172 295 283 318 200 
3.28 -4.56 -2.94 1.1800 4.8500 -5.2000 -3.1256 4.1111 0.8522 1.90 -9.24 2.66 171 360 332 360 206 
3.00 -8.90 -3.95 0.6100 0.6600 -5.6200 -0.7811 1.0122 0.5433 1.44 -9.68 0.60 168 353 331 375 207 
3.44 -8.75 -4.43 1.4700 1.5600 -4.5800 2.5267 -1.7911 -0.2389 2.50 -9.20 2.27 163 353 342 376 211 
1.96 -5.35 0.03 -0.5700 3.6800 -7.4300 5.7578 -3.7000 0.3922 4.03 -5.49 7.05 157 373 353 392 213 
8.27 7.94 15.03 3.0800 8.4900 6.4800 5.6733 2.7567 0.5767 3.07 1.79 9.13 155 379 356 393 213 
0.70 6.50 10.48 -0.9200 2.0700 1.5100 0.4111 -2.2500 0.4822 3.93 4.06 8.00 161 386 364 401 213 
3.91 4.59 8.88 0.7800 -0.3400 -0.2600 -0.1089 -0.0944 -0.1778 3.34 4.29 8.15 160 384 364 401 213 
;
