5.82 3.14 7.05 0.0600 -0.0100 -0.1100 0.0056 -0.1944 0.0278 5.91 3.17 7.15 165 353 347 383 205 
11.08 3.59 6.22 5.1900 2.0300 3.0300 -1.4344 -4.2256 -0.0433 8.95 2.93 2.70 175 315 329 352 201 
12.85 -1.61 -6.21 -0.1000 0.9000 -2.0600 3.2000 -7.2944 4.2744 6.68 -3.72 -6.13 190 276 298 340 196 
3.02 -8.82 9.96 -0.4000 -3.1000 17.7900 -2.0156 1.1722 0.7856 3.72 -5.45 -7.24 195 293 302 367 210 
-0.97 4.50 -17.79 0.6800 3.6800 -4.4400 0.8378 -0.5533 0.4000 2.87 -2.17 -9.11 195 297 318 370 211 
4.15 -2.11 -9.19 1.1300 0.5600 -0.6000 0.1600 0.1022 -0.1067 2.99 -2.19 -9.07 195 300 316 373 212 
;
3.66 -2.48 -8.02 1.0300 -0.0500 0.8100 0.0000 0.2622 -0.0622 3.16 -2.34 -8.97 195 302 306 371 213 
2.95 -1.93 -8.57 0.2700 0.7400 0.2900 0.0133 0.3678 -0.1500 3.39 -2.35 -8.89 192 302 314 367 211 
3.33 1.35 -10.68 -8.5500 2.6600 -9.4300 0.8756 14.2500 0.8333 8.46 -3.29 3.68 180 325 314 361 201 
11.23 0.65 12.96 4.9000 0.0500 5.1200 0.9056 -0.3033 -0.8033 6.82 1.17 6.94 176 339 338 386 209 
7.85 0.75 6.19 0.6800 -0.1700 0.3800 -0.1833 -0.2233 0.4100 7.36 0.95 6.40 174 317 313 362 209 
16.57 -1.65 1.40 5.8900 -0.9600 -3.5200 1.5856 -12.3811 3.6800 8.87 -3.07 -2.81 190 333 308 355 204 
1.13 -6.40 4.81 -1.0500 1.8100 10.8300 -2.1233 -0.9689 0.8600 4.13 -4.73 -7.52 195 286 290 351 204 
;
1.14 5.68 -16.33 -0.1400 4.4100 -7.6900 0.2278 0.4611 0.1322 3.66 -2.05 -8.86 196 296 300 358 205 
4.58 -2.89 -9.58 -0.4600 -0.6000 -0.2800 0.2289 0.0311 -0.0400 3.79 -2.35 -8.73 195 298 304 357 207 
3.50 -2.56 -7.89 -1.5200 -0.2900 0.7200 0.1000 -0.1078 -0.0433 3.70 -2.58 -8.70 194 302 303 357 205 
3.35 -2.57 -8.90 -0.5700 -0.2800 -0.1700 0.1922 -0.0211 -0.0844 3.71 -2.65 -8.67 195 302 304 356 205 
3.18 -2.55 -7.84 -0.6200 0.9100 0.6800 0.1933 0.9733 0.1067 4.15 -2.94 -8.37 194 299 304 350 204 
14.11 0.34 -8.13 5.5700 4.1400 -8.1700 -0.7156 20.5867 2.4533 6.88 -3.96 5.75 175 316 312 357 204 
10.94 -0.32 14.16 6.1200 -0.6500 5.6300 1.5578 -1.1289 -0.6278 4.88 0.61 8.47 177 342 344 389 208 
7.29 -0.26 7.41 0.2500 -0.8300 -0.9800 0.1067 -1.0289 -0.1522 6.51 0.72 7.29 171 318 337 342 205 
12.90 -1.25 2.91 3.5300 -1.9600 -5.5200 -0.1656 -13.5111 1.0322 9.18 -0.65 -3.37 183 302 288 339 205 
3.40 -3.39 -2.34 -5.0200 0.1300 6.3400 0.6767 -1.2344 1.4700 4.04 -3.68 -8.13 188 294 297 356 207 
1.58 0.97 -9.36 -0.9700 2.3400 -1.8700 -0.0922 0.0778 -0.2400 3.93 -2.65 -8.58 191 299 304 361 207 
3.47 -3.21 -8.86 0.1700 -0.3900 -0.2100 -0.1000 0.1644 0.0067 3.88 -2.58 -8.62 191 301 307 361 204 
2.99 -2.51 -7.95 -0.4600 0.0300 0.7400 0.0556 -0.0422 0.0211 3.90 -2.75 -8.56 191 304 309 361 207 
;
2.88 -2.80 -8.59 -0.8000 -0.0500 0.0400 -0.0522 0.0400 -0.0089 3.88 -2.74 -8.57 191 306 307 358 208 
8.50 3.91 -9.47 1.2900 6.5200 -4.8000 2.3000 15.2378 2.3533 8.80 -4.27 -0.61 188 329 303 341 199 
14.74 -4.47 8.81 3.3900 -2.3600 3.7800 1.1022 2.2633 -2.1544 7.80 -1.12 5.83 183 336 328 350 202 
9.00 -1.44 5.49 2.8400 -1.4600 2.0100 -0.5122 -1.9256 0.0544 8.78 -0.37 4.34 186 328 303 327 206 
12.31 -4.72 -3.96 1.5400 -3.9200 -3.4700 0.3578 -10.2733 1.5789 7.35 -1.44 -6.32 187 306 299 335 201 
2.78 1.29 -4.53 -4.1500 3.3700 3.6300 -0.1389 -0.7522 0.7111 4.33 -2.90 -8.30 187 301 309 353 207 
3.57 -0.44 -7.54 -0.6800 1.5300 0.7700 -0.1922 0.1356 -0.1389 4.36 -2.51 -8.41 191 305 308 354 206 
4.05 -3.08 -9.16 -0.9500 -0.5900 -0.6600 0.0378 0.0244 -0.0422 4.22 -2.49 -8.48 188 307 312 355 207 
;
2.68 -2.67 -7.86 -1.3900 -0.1700 0.6000 0.0111 0.0544 -0.0967 4.33 -2.59 -8.40 187 310 315 357 207 
3.53 -2.68 -8.72 -0.5300 -0.2400 -0.3300 0.0322 0.0756 -0.0333 4.34 -2.55 -8.41 192 311 316 355 205 
8.98 2.24 -7.99 1.8600 4.8300 -1.5400 0.7056 12.2544 1.5300 8.93 -3.56 -1.90 186 324 317 334 198 
-8.16 -4.77 9.02 -5.6100 -1.6600 2.5200 0.5944 -1.6678 0.2656 2.86 -3.22 8.80 183 331 325 328 194 
7.41 -4.37 11.85 6.1300 -3.2900 3.8500 -0.5822 -1.8700 -0.4656 6.38 -2.24 7.09 184 333 306 321 196 
10.70 -6.76 -3.74 2.6400 -2.6600 -3.9200 0.2178 -10.0878 0.8822 7.27 -2.69 -5.99 184 323 313 336 197 
-0.49 2.49 -3.86 -4.4300 5.3300 1.6100 -1.8144 -1.7911 -0.4056 4.73 -2.13 -8.31 191 307 310 346 201 
3.47 -1.71 -8.32 -1.3500 0.4100 0.2000 -0.1756 0.1222 -0.0311 4.79 -1.91 -8.33 191 314 314 348 203 
4.94 -2.03 -8.98 -0.8300 -0.0100 -0.1900 -0.0322 -0.0011 0.0167 4.62 -1.96 -8.42 188 315 315 350 201 
;
3.48 -2.35 -8.35 -1.5900 0.2700 -0.0300 0.0089 -0.0922 -0.1589 4.70 -2.04 -8.35 188 315 315 350 203 
4.09 -2.23 -8.57 -0.5400 -0.1000 -0.2500 0.0656 0.1378 -0.0344 4.75 -2.09 -8.31 188 315 316 343 201 
7.35 2.69 -11.26 0.1800 6.4400 -7.2900 1.7956 15.5900 3.3967 8.62 -4.29 1.83 184 328 316 330 194 
-2.52 -4.85 11.05 -3.3700 -2.2900 3.0100 0.0433 -3.7656 -1.3333 5.89 -2.20 7.51 188 338 324 334 196 
11.94 -4.52 6.97 4.2600 -3.6800 0.6600 0.3322 -1.4422 0.0256 7.65 -1.40 5.96 189 339 324 331 197 
14.25 -5.86 0.87 0.6500 -2.7300 -0.6800 -2.1989 -11.0967 1.5933 7.38 -2.14 -6.07 186 306 313 346 197 
-3.09 4.16 -3.66 -5.8500 6.4700 4.3700 -0.7333 -0.6378 0.3944 3.66 -2.62 -8.70 189 310 313 357 202 
3.56 -1.87 -8.94 -1.4200 0.4300 -0.0500 0.0200 -0.0244 0.2411 4.01 -2.17 -8.67 189 314 316 358 201 
;
3.44 -2.61 -8.79 -0.0500 -0.5800 0.0300 0.0256 0.4478 -0.0822 4.19 -2.18 -8.59 190 317 317 362 202 
2.77 -2.10 -8.72 -1.0900 0.5000 -0.1100 0.0544 0.3211 -0.0378 4.49 -2.33 -8.39 183 309 317 347 200 
6.31 3.50 -9.57 -1.0200 7.1800 -7.8600 2.4756 17.1778 2.0656 7.41 -4.19 4.85 168 333 324 366 203 
4.82 -0.59 14.89 5.2800 -0.8100 7.4800 1.0656 -2.4556 -1.2867 4.70 -0.04 8.60 174 329 344 380 204 
10.43 -2.78 8.23 3.2800 -2.1500 0.4500 0.5967 0.7333 0.0611 6.37 -0.05 7.45 175 326 328 350 203 
13.82 -4.48 -1.51 1.4400 -3.2700 -3.2800 0.1300 -12.9367 2.8933 8.00 -2.32 -5.16 190 317 309 347 207 
0.95 1.33 -4.69 -2.1100 4.3700 3.8000 -0.8933 0.3867 0.3744 4.65 -2.22 -8.34 185 289 299 353 204 
1.34 -1.84 -9.08 -0.5600 0.6700 -0.5000 -0.0500 -0.1044 -0.0711 4.45 -2.04 -8.49 188 296 301 354 204 
;
3.42 -2.12 -8.84 -0.9300 0.2500 -0.3000 0.1611 0.0122 0.0033 4.39 -2.20 -8.48 188 299 303 353 203 
3.96 -1.74 -7.84 -0.5400 1.2500 0.9200 -0.0244 1.0122 0.1389 5.07 -2.33 -8.05 178 304 301 338 201 
1.02 0.03 -6.54 -11.0800 1.6000 -5.8500 4.1611 11.1944 -0.0056 6.89 -2.35 6.56 186 377 334 400 204 
15.67 -1.13 8.49 7.0000 -1.9800 2.6800 1.1511 -0.8511 -0.5444 8.16 1.50 5.21 185 388 358 403 208 
12.99 -0.47 8.09 4.6100 -1.6000 3.2400 -2.2411 -3.1533 0.9200 9.29 0.45 3.08 185 339 330 354 202 
8.73 -1.31 -5.23 0.4600 2.1000 2.4100 -2.5033 -7.4433 1.9556 5.52 -1.95 -7.86 188 290 275 333 194 
2.87 -0.18 -6.57 -0.4100 1.3200 1.6500 -0.1533 0.7644 -0.3344 4.84 -1.51 -8.38 188 299 282 346 198 
3.07 -1.50 -8.94 -1.0600 -0.5400 -0.3500 0.1544 -0.2722 -0.1200 4.64 -1.54 -8.49 188 305 290 345 198 
;
