0.36 6.36 7.07 -1.6400 0.2500 0.0200 0.2111 -0.4278 0.3400 2.07 6.20 7.30 171 324 319 337 213 
2.16 6.20 7.17 -0.5000 -0.0400 0.0100 -0.0067 0.1044 0.0044 2.19 6.23 7.24 171 324 319 337 213 
2.53 7.95 8.34 0.8700 2.8600 3.6300 3.1978 -2.4589 0.9289 4.33 7.63 4.35 175 322 314 329 208 
4.11 6.82 -0.14 1.6000 -0.9700 0.6600 3.7322 -2.5978 7.1100 8.42 4.80 -1.43 182 319 315 344 212 
3.98 -0.51 1.16 -4.0800 5.4500 7.1000 -4.4133 -5.2878 6.6456 4.74 -4.61 -7.23 193 288 303 391 235 
5.86 5.56 -15.96 0.0800 4.0600 -11.2500 -3.5300 -0.7200 0.0422 2.51 1.69 -9.32 192 299 334 398 238 
4.16 0.92 -9.02 1.0600 -0.1300 0.3600 0.1344 0.5433 -0.2378 3.08 1.14 -9.23 196 301 339 398 238 
4.68 2.50 -8.77 2.1200 1.7900 -0.0800 -0.4700 3.9289 -0.5422 5.14 1.50 -8.21 192 286 296 322 221 
6.75 0.68 -5.86 -2.7400 -2.8400 -2.7400 3.6333 7.6378 -5.4978 8.17 5.30 1.07 188 305 303 327 210 
6.25 11.22 1.11 1.2500 5.1300 1.7800 4.3644 -1.0289 3.5367 7.72 5.73 -1.88 193 320 316 374 220 
6.65 1.82 -1.07 -2.1100 3.1000 3.5100 -1.6144 -2.6067 7.3711 7.17 -3.40 -5.75 196 316 319 378 222 
1.91 0.00 -3.70 -8.3000 5.3000 2.1600 -8.1811 -2.6844 1.6700 3.36 1.21 -9.12 204 294 307 363 228 
8.41 5.28 -12.93 4.7300 1.8700 -4.7100 0.1611 -1.0489 0.5011 2.36 3.04 -9.01 201 302 314 371 232 
2.09 1.70 -7.76 0.4800 -0.0500 1.2100 -0.0089 0.0889 0.0911 2.57 2.15 -9.21 201 307 315 375 232 
2.46 1.90 -8.21 -0.2300 0.0900 1.0200 0.0567 0.0322 -0.0511 2.68 1.98 -9.21 201 307 320 377 233 
;
