0.47 3.27 9.17 -0.1300 0.0000 -0.0600 -0.0111 -0.0056 0.0000 0.59 3.28 9.22 156 286 296 304 188 
0.42 3.32 9.25 -0.1900 -0.0100 0.0000 -0.0067 0.0256 0.0656 0.56 3.26 9.22 153 287 296 305 188 
0.98 3.50 9.17 0.5800 0.1600 0.5000 0.7378 0.4022 0.6611 0.63 3.80 9.01 159 300 306 343 192 
3.88 13.04 8.48 3.1900 4.9800 0.3700 2.9633 1.3744 2.6844 0.94 7.68 6.01 167 333 338 338 193 
5.72 6.42 0.73 0.1100 0.7000 0.8200 6.1900 -1.6589 8.8767 9.18 3.01 -1.62 176 322 331 375 206 
5.41 2.51 0.97 -2.5800 6.2000 5.4100 -1.6678 -2.2522 5.4256 6.42 -5.47 -4.98 182 291 309 376 211 
0.38 3.15 -5.82 -4.3600 5.7700 2.1400 -6.8056 -0.9356 -0.0178 3.83 0.02 -9.02 184 306 316 388 213 
5.61 2.75 -13.36 1.3800 0.0500 -2.2200 0.8578 0.7278 -0.1267 4.07 1.34 -8.81 186 316 321 391 214 
4.42 1.96 -7.53 0.3000 0.8600 0.8000 -0.1089 0.7522 -0.2256 4.82 1.30 -8.43 185 310 317 389 214 
8.32 4.31 -6.37 -0.5700 1.5300 0.2100 -1.2922 6.8733 -0.7122 9.10 2.57 -2.56 179 363 256 256 196 
6.52 3.73 -2.47 -0.3400 1.1000 -4.1500 1.6544 2.0778 -2.0511 7.59 5.68 2.47 119 378 185 200 141 
11.24 11.74 -0.64 5.0000 5.5400 -0.5800 4.6100 1.2800 1.2656 7.26 6.57 -0.31 117 379 191 208 145 
9.64 8.60 -0.05 0.7200 5.0900 2.0300 2.9378 1.5544 3.5322 9.59 1.36 -1.52 131 383 193 214 146 
4.04 3.16 1.73 -7.9000 3.7000 1.2300 -2.6344 1.3556 2.3922 9.20 -3.37 -0.20 130 388 197 215 147 
2.26 1.87 -3.09 -6.0900 5.3400 -2.6100 -5.5822 -0.3400 -2.0111 9.20 -1.70 -2.91 123 389 198 215 145 
7.90 5.56 -8.71 1.4000 3.5300 -4.9500 -0.0067 0.1144 -3.5989 8.31 4.49 -2.61 121 391 198 218 146 
12.75 7.57 -6.38 5.6700 2.0200 -1.6700 2.3811 -0.2067 -0.2511 7.06 4.63 -4.96 125 391 196 218 148 
8.09 6.16 -1.81 0.8400 2.8600 4.1000 0.0244 0.2900 0.6022 7.45 3.07 -5.58 129 391 198 218 148 
;
