3.10 1.58 9.21 -0.1600 -0.1000 0.1100 0.0211 -0.0189 0.0133 3.28 1.67 9.08 175 356 349 401 214 
3.21 1.57 9.13 -0.0900 -0.1300 0.0800 0.0033 0.0122 0.0033 3.28 1.66 9.08 173 356 352 399 213 
3.43 1.66 9.03 0.1000 -0.0900 0.0800 0.0378 -0.0278 0.0322 3.40 1.73 9.03 170 356 353 400 212 
3.23 1.60 9.20 -0.1900 -0.0900 -0.0100 0.0522 -0.1067 0.0067 3.47 1.78 8.99 171 355 353 400 213 
4.02 2.55 11.46 0.5500 0.9800 2.6400 4.4778 -6.2778 1.3178 6.53 4.07 6.06 176 350 361 424 217 
9.69 1.55 0.39 0.9500 -1.2600 0.4700 2.2167 -3.7144 5.4200 9.79 0.40 0.22 188 342 329 377 215 
0.69 0.74 1.56 -5.5500 5.6200 4.6400 -6.1822 -2.6933 4.5300 6.87 -5.24 -4.63 194 274 264 321 211 
3.74 -1.87 -11.25 -0.7000 1.3000 -4.5400 -2.6467 -0.7344 0.1200 3.78 -1.81 -8.86 198 305 283 352 214 
5.81 -2.83 -10.20 2.4200 -0.6300 -0.4200 0.5300 0.3556 0.3456 4.15 -1.75 -8.70 198 311 286 355 214 
3.40 -2.94 -7.59 -0.2100 -0.2800 1.0900 0.0700 -0.2633 0.3611 3.97 -2.26 -8.67 199 312 288 356 215 
11.06 -2.81 -10.06 6.3700 -1.1600 -2.5300 -0.2378 2.6056 1.0033 5.35 -2.24 -7.90 163 290 294 348 207 
14.07 3.92 -7.75 3.8600 7.8800 -4.6100 -4.5044 12.3844 6.6667 6.94 -6.83 1.07 159 310 283 375 205 
2.34 1.57 -3.68 1.9200 11.8300 -2.0500 -6.4167 4.1456 4.0089 0.94 -9.31 -2.93 163 294 265 298 176 
0.00 -7.20 -9.52 -0.8800 1.3800 -4.2600 -0.8244 -0.7700 0.3533 -0.48 -8.10 -5.49 159 295 268 295 176 
-3.51 -6.19 -13.81 -3.5900 2.7500 -9.8400 2.9667 0.0244 -0.8667 -0.24 -9.01 -3.84 174 300 268 302 183 
3.81 6.22 22.50 5.9200 15.1900 21.0600 0.2811 -0.1011 0.3267 0.90 -8.73 4.36 174 308 281 308 189 
0.44 -8.19 -0.93 -0.5000 1.4300 -2.7700 -4.3700 -0.0089 1.1011 -0.34 -9.69 -1.40 177 305 285 314 187 
-3.58 -7.74 -11.40 -1.1500 1.5700 -7.0300 -0.4867 0.4322 -0.0544 -0.58 -8.80 -4.27 176 301 284 314 185 
-1.53 -8.47 -10.52 -0.7800 0.0000 -8.6200 7.2933 -0.3811 -1.1122 0.76 -9.75 0.59 176 300 293 309 189 
7.31 1.61 16.89 5.3100 7.3200 8.9100 -1.6322 -0.4600 0.4278 1.42 -8.22 5.14 178 308 279 312 190 
2.07 -7.19 0.94 0.3700 0.5400 -4.2500 -0.0800 -1.5133 1.3600 1.07 -8.78 4.22 170 304 286 294 188 
;
-0.26 -5.89 0.37 -1.2500 1.8000 -5.8300 7.0311 -5.4511 0.9933 3.25 -4.45 8.10 170 305 297 296 190 
3.17 2.47 13.41 -1.1300 1.7000 3.5500 1.8078 -2.4400 0.2989 4.74 0.97 8.52 172 316 308 309 203 
5.04 -0.96 7.23 -0.5700 -1.4400 -0.4800 0.3944 -0.0256 -0.2489 5.86 0.89 7.80 171 314 308 319 209 
9.41 4.46 10.72 1.8100 3.4700 2.1200 3.4522 -0.2156 0.7233 5.87 3.52 7.01 191 348 339 412 223 
4.05 -2.94 4.51 -4.6500 -1.8200 3.0000 -0.1856 -6.8122 8.7722 8.68 -4.53 -0.49 195 332 327 388 217 
3.08 -2.19 -4.31 -2.0300 3.0300 1.3000 -6.9067 -2.9278 0.4067 5.37 -1.93 -7.96 192 272 271 328 212 
6.52 1.15 -10.37 1.6700 0.4500 -1.5400 -0.4389 0.7011 0.3678 5.70 0.01 -7.97 193 288 277 341 212 
6.74 -0.45 -7.31 0.7500 0.0900 0.8000 -0.1133 0.1278 0.2911 5.78 -0.11 -7.91 194 295 282 343 212 
7.04 -0.49 -7.37 0.3100 -0.8500 0.4700 -0.0444 0.1611 0.2089 5.94 -0.13 -7.80 195 298 284 345 211 
7.30 -0.33 -7.36 3.1600 -0.0700 -0.0100 -0.2289 0.9978 -0.0444 6.54 0.04 -7.30 166 274 287 339 207 
19.99 3.22 -1.58 10.6100 5.4600 1.6700 -3.5744 9.5689 6.2156 8.60 -4.01 2.44 150 282 278 350 199 
0.65 -1.58 -6.36 -0.7000 7.3900 -7.1300 -6.8611 4.7378 2.2522 0.53 -9.47 -2.47 156 291 287 337 194 
1.00 -5.09 -7.64 0.9400 3.3300 -2.7700 -1.1789 -0.1711 0.5656 -0.38 -7.75 -5.98 153 295 280 339 195 
-2.18 -6.87 -10.86 -1.6300 1.8500 -5.4800 1.0889 0.4389 -0.2167 -0.59 -8.37 -5.06 154 291 286 333 194 
2.72 -2.21 3.96 1.6100 8.5200 3.5100 8.3100 1.1567 -1.6744 0.55 -8.27 5.22 161 298 278 314 195 
2.44 -6.37 9.76 1.7700 1.7600 4.2200 -2.4322 -0.5222 0.5622 0.66 -8.86 4.13 164 303 290 320 195 
-1.43 -8.34 -2.92 -0.6400 1.9800 -4.0000 -4.4400 0.4767 0.6678 -0.68 -9.63 -1.70 166 300 282 326 193 
-1.56 -8.64 -10.14 -2.1100 0.7000 -6.0500 0.2222 0.3211 -0.4444 -0.77 -9.02 -3.75 161 302 282 333 194 
-0.67 -10.38 -9.70 -0.6300 -0.3100 -6.8900 9.0044 -0.6622 -1.6411 0.83 -9.22 3.21 164 297 281 326 198 
3.55 -4.09 10.85 1.7700 2.9900 3.2000 -1.0556 -0.6222 0.4300 1.14 -8.34 5.02 165 302 290 324 197 
3.05 -6.69 0.00 1.7700 2.3900 -5.3700 1.3922 -2.1144 1.3111 1.03 -8.22 5.24 159 300 286 307 194 
;
