1.67 3.74 8.90 -0.2000 -0.2200 0.4900 0.9144 -0.7211 0.8900 2.37 4.62 8.31 158 295 286 279 187 
5.60 5.92 9.30 3.3400 0.9500 2.8100 2.7278 0.8567 2.1044 2.61 6.51 6.84 170 304 293 275 181 
13.15 14.41 5.05 6.9700 4.5300 -5.3300 0.1133 3.8100 5.0100 5.19 6.16 5.58 193 205 195 201 152 
0.55 5.39 5.12 -9.3900 3.3200 0.8900 0.7644 -1.5489 6.2444 9.02 -0.83 3.74 200 188 181 193 138 
-6.13 9.62 12.00 -9.2800 12.2100 1.5600 -9.8600 -0.5822 -5.0867 9.78 -0.40 -0.40 197 177 184 195 138 
13.79 2.38 -0.32 2.0700 0.1400 0.7900 0.0133 0.1856 0.2256 9.72 1.17 -0.39 196 182 187 199 141 
8.43 2.24 -1.15 -1.3100 1.0000 -1.3200 0.0489 0.2956 -0.3633 9.68 1.51 -0.01 197 184 189 200 142 
11.59 4.86 -3.19 2.6500 2.6500 -3.5800 3.8844 1.8700 -0.9278 9.25 3.00 1.21 165 258 240 222 154 
9.90 2.90 5.04 0.0600 2.0200 7.5600 3.0811 -2.6200 6.0111 9.48 -1.53 -1.95 178 340 334 380 206 
4.39 -0.19 2.75 -3.1700 5.0600 6.9500 -7.6989 -1.2878 1.9489 5.30 -3.42 -7.50 193 304 307 358 207 
3.04 4.89 -15.24 0.1700 3.7900 -7.2500 -1.3244 -1.4544 0.7833 2.72 0.47 -9.40 195 313 316 360 212 
3.09 0.76 -9.11 0.6800 0.5200 0.4800 0.1267 0.1367 -0.1067 2.44 0.14 -9.49 194 312 318 359 211 
;
2.37 0.75 -9.09 0.2400 0.7900 0.4500 0.0500 0.2267 -0.0122 2.62 0.00 -9.44 195 313 315 358 210 
2.61 0.75 -9.03 -0.2000 0.7700 0.4600 -0.0656 0.0400 -0.0344 2.69 0.00 -9.42 192 311 312 358 210 
3.07 0.81 -9.10 0.2700 0.5800 0.2700 0.1067 0.0633 0.0500 2.86 0.19 -9.37 196 313 316 354 210 
3.60 1.25 -9.30 1.1800 1.6000 -0.3200 -0.1089 1.8667 -0.1389 3.90 0.43 -8.98 183 306 264 264 191 
5.79 0.60 -7.93 -5.0400 -1.7500 -6.2700 1.7822 14.3656 -3.6033 7.09 4.01 5.45 180 297 258 262 187 
9.58 12.33 12.96 5.6100 5.7200 6.0400 1.9078 0.5011 1.5267 4.40 6.78 5.54 190 228 207 222 152 
6.13 7.35 9.28 -4.3400 2.8400 7.4900 -0.9778 -3.2256 6.5956 9.47 1.97 1.56 197 187 183 187 124 
-3.05 -0.10 1.85 -12.2200 0.3200 -2.0800 -3.5089 -1.7778 -2.1489 9.80 0.11 0.01 199 183 180 185 127 
14.33 3.71 -3.94 4.5600 1.9200 -1.1600 0.5367 -0.3100 0.2678 9.66 1.37 -0.93 199 190 186 191 130 
9.05 1.96 -1.07 -1.2000 0.3600 -0.7100 -0.2078 0.2389 -0.0400 9.69 1.33 -0.56 199 190 191 193 132 
9.67 4.69 -2.50 0.5700 3.1300 -1.7800 0.5533 1.8378 -0.9689 9.51 2.25 0.74 180 230 203 218 153 
12.13 2.22 1.45 2.5900 -0.1100 2.5300 5.4889 -2.7044 2.7244 9.45 0.12 -2.60 174 340 314 380 213 
7.52 -0.99 0.95 0.6600 3.4700 6.0300 -3.4700 -1.8278 5.0789 4.59 -4.94 -7.11 183 293 295 351 210 
1.24 2.94 -13.68 -2.2000 3.1600 -4.4700 -2.0000 0.4244 0.2078 2.17 0.65 -9.53 183 307 308 369 211 
3.16 0.96 -9.31 1.5200 0.1300 0.4900 0.2211 0.2644 -0.1211 2.58 0.77 -9.42 184 310 309 366 209 
2.53 0.93 -9.39 0.5900 0.1800 0.2000 0.1167 0.1000 0.0633 2.71 0.68 -9.39 186 312 312 364 210 
3.04 0.94 -8.97 -0.0100 0.3200 0.4600 0.0356 0.0789 -0.0167 2.81 0.62 -9.37 185 314 312 365 209 
;
