4.23 1.93 8.89 0.1600 0.3500 -0.1000 -0.0256 -0.0544 -0.0433 4.33 1.85 8.59 161 347 365 392 197 
4.38 2.04 8.59 0.2000 0.2200 0.0900 0.0200 -0.0056 -0.0278 4.34 1.86 8.59 159 350 363 390 196 
4.26 1.96 8.67 -0.0700 0.0900 0.0300 0.0200 -0.0111 -0.0156 4.32 1.88 8.59 161 346 362 388 195 
4.43 1.99 8.64 0.0700 0.1100 0.0000 0.0000 -0.0044 -0.0200 4.34 1.89 8.58 162 346 360 383 195 
4.95 1.98 8.81 0.3500 0.1500 1.0700 0.5356 -0.7200 -0.0500 4.94 2.22 8.17 162 333 345 384 202 
8.57 3.61 13.74 4.0000 0.8600 3.0200 -2.6178 -4.2511 2.9278 7.25 0.24 6.59 190 223 241 236 169 
-2.52 -3.81 6.26 -8.8500 -1.3800 3.2300 -2.1533 -1.4678 1.4533 8.33 -4.49 2.56 196 177 191 194 135 
15.51 6.35 -2.26 8.5200 6.8600 -7.4600 -1.5633 -0.9044 -2.6533 9.73 -1.12 0.23 198 177 192 197 138 
10.33 -0.36 1.69 -0.3300 0.2200 2.1500 0.0600 -0.1278 -0.1089 9.76 -0.61 0.64 197 180 197 200 141 
9.86 -0.43 0.74 -0.5100 0.2400 0.0200 -0.0789 -0.2422 0.0156 9.76 -0.68 0.58 197 188 201 204 142 
13.39 1.12 1.99 4.7700 2.5100 2.3900 -0.6133 0.9867 0.6533 9.67 -1.32 0.87 191 221 207 222 161 
10.76 2.30 2.08 3.1900 7.7800 -3.1100 -6.3767 7.5200 3.7367 4.36 -7.48 4.59 176 321 300 352 195 
2.16 -3.64 -3.38 1.8200 5.8500 -4.6300 -6.1167 4.2300 2.2100 -0.06 -9.24 -3.27 150 323 306 370 198 
0.75 -7.16 -8.85 0.0000 1.1200 -3.9500 -0.1822 0.0311 0.2800 -0.32 -8.29 -5.22 154 315 300 359 195 
-1.02 -7.96 -8.54 -1.6600 0.4600 -4.6400 0.9800 -0.1178 -0.4833 -0.19 -8.71 -4.49 152 308 283 329 194 
0.57 -1.77 5.66 -1.6900 8.8500 7.1900 5.2633 -0.2089 -0.8044 1.29 -8.30 5.05 162 314 317 336 198 
3.15 -6.59 8.39 1.5300 1.9300 3.5900 -3.7733 -0.4133 0.7922 0.87 -9.49 2.28 163 316 316 335 196 
-0.80 -8.51 -4.69 -0.6400 1.5500 -3.4700 -3.5222 0.9978 0.4933 -0.31 -9.18 -3.42 161 314 299 345 193 
-1.17 -7.95 -9.36 -0.7400 0.9000 -3.9400 0.1756 0.4544 -0.5156 0.20 -8.46 -4.93 159 308 294 337 190 
-0.30 -8.48 -6.12 0.5400 12.4200 3.3700 5.2100 0.8011 -0.4533 1.77 -8.89 3.73 162 306 317 312 192 
3.76 -7.22 7.88 1.2300 0.5300 1.5800 -1.2078 -0.5044 0.2011 2.10 -8.67 4.06 158 309 313 317 192 
2.85 -8.14 -1.08 1.2100 0.8700 -4.7700 2.0522 -1.9078 1.2811 1.34 -8.72 4.26 162 309 308 306 192 
1.96 -2.49 2.69 -0.3000 3.7700 -4.5900 11.0611 -4.8144 1.6067 3.75 -1.47 8.93 174 348 343 364 199 
;
4.73 2.14 8.40 -0.0200 0.1200 0.0200 0.0044 -0.0078 0.0022 4.79 2.05 8.30 169 341 350 381 208 
4.80 2.14 8.34 0.0100 0.0800 0.0500 -0.0022 0.0078 0.0011 4.79 2.06 8.30 170 340 350 380 207 
4.76 2.14 8.33 0.0000 0.1000 0.0100 0.0022 -0.0022 0.0022 4.79 2.06 8.30 167 343 348 379 208 
5.47 2.93 10.06 3.2100 1.7500 3.8600 1.3789 -2.6156 1.2033 6.32 2.35 7.11 169 298 307 300 199 
9.08 2.21 5.36 -0.3600 2.2600 1.3100 -1.8122 -2.9233 4.3989 8.87 -1.64 3.84 192 201 207 206 149 
-5.10 -1.33 6.47 -12.9900 3.1000 1.1400 -1.3922 1.0078 -4.2044 9.53 -1.90 1.24 199 162 182 195 140 
20.92 5.30 -2.17 8.2800 2.5400 -2.9400 0.0889 0.0767 0.0022 9.73 1.09 0.42 199 170 187 199 143 
9.27 0.67 1.92 -0.0200 -0.2500 0.6700 -0.0589 0.2000 0.1556 9.74 0.82 0.73 201 172 190 201 145 
9.18 0.70 0.87 -0.4200 -0.0200 0.3800 -0.0011 -0.0011 0.0033 9.73 0.76 0.88 201 175 192 202 144 
9.89 1.21 1.20 0.7100 0.5400 0.6300 -0.5222 0.3156 0.0178 9.72 0.76 1.03 198 187 193 203 154 
21.23 3.63 2.70 10.9100 4.7700 -2.6500 -3.6211 8.2122 3.3767 7.95 -2.62 5.10 178 308 287 338 203 
1.48 1.24 1.40 -0.5100 8.8700 -4.8300 -8.5244 4.6456 0.8989 0.05 -9.80 -0.33 167 320 310 374 203 
2.13 -4.73 -9.22 3.5800 2.3900 -4.5100 -2.1500 1.6878 1.2133 -0.62 -7.99 -5.65 162 308 299 356 198 
-2.51 -7.27 -10.83 -2.6700 1.0800 -4.9100 0.4733 -0.2311 -0.1933 -0.86 -8.01 -5.58 164 309 299 359 201 
-2.56 -2.88 -2.59 1.0200 8.3500 4.2800 8.7156 1.1011 -2.1667 1.12 -9.15 3.33 167 313 312 349 205 
2.72 -7.48 8.84 1.4400 1.3200 4.4000 -1.6367 -0.3556 0.5478 0.78 -9.23 3.21 169 313 313 342 203 
0.52 -7.95 1.03 -0.1700 2.1900 -1.5800 -3.7200 -0.0178 1.1033 -0.51 -9.72 -1.16 167 310 299 359 203 
-3.05 -8.08 -10.03 -1.6200 0.9600 -5.6100 -0.5289 -0.1489 -0.1667 -1.55 -8.42 -4.76 165 309 303 359 202 
-1.54 -7.82 -8.68 -0.4000 0.9200 -4.7700 2.7589 0.4000 -0.7367 -0.47 -9.44 -2.58 167 307 269 334 201 
-0.45 1.51 8.54 3.8200 11.4200 10.3500 1.6489 -0.5844 0.0611 1.42 -8.06 5.39 169 312 307 331 202 
2.49 -8.41 4.25 0.3700 -0.5700 -1.6900 -0.4478 -0.6189 0.4689 1.35 -8.61 4.49 169 309 306 322 201 
1.93 -7.74 0.46 0.2600 -0.0700 -4.8000 3.8389 -2.5467 1.7667 1.21 -6.95 6.80 167 303 299 300 198 
;
