4.71 2.47 8.31 -0.0800 0.0200 0.1400 0.0067 -0.0089 0.0056 4.78 2.47 8.19 164 342 344 394 206 
4.67 2.37 8.24 -0.0800 -0.0500 0.0200 -0.0056 -0.0033 -0.0100 4.78 2.47 8.19 166 341 344 397 205 
4.68 2.45 8.23 -0.1300 -0.0100 0.0600 0.0011 0.0022 0.0000 4.77 2.46 8.20 167 343 344 396 207 
4.88 2.67 8.54 0.1000 0.3100 0.4600 0.1800 0.1100 0.0167 4.72 2.54 8.20 168 343 346 397 206 
7.06 4.40 12.74 2.0300 1.6500 2.7400 0.2889 0.9756 -0.3356 3.99 3.38 8.29 167 300 300 291 189 
6.97 1.92 7.82 0.8400 -0.7800 -1.4600 -1.4878 -1.1944 1.9433 5.30 0.85 8.20 187 173 178 198 134 
2.54 0.49 9.00 -6.6300 1.0200 3.3500 0.5544 -3.1167 3.0100 8.58 -1.49 4.49 201 167 178 188 130 
3.74 1.65 5.45 -1.5600 5.0000 0.5700 -3.3311 -0.7833 -2.5456 9.67 -1.01 1.26 200 170 182 191 134 
10.60 -0.44 -0.32 -1.3400 -0.0200 0.3500 0.3922 1.2222 -0.1822 9.67 -0.77 1.40 202 173 184 193 135 
9.80 -0.76 1.52 -0.0700 -0.0600 -0.2200 -0.1378 -0.0167 -0.1211 9.65 -0.66 1.58 202 177 185 195 136 
10.08 -0.42 1.93 0.4000 0.4600 0.3700 -0.1389 0.2500 0.0622 9.62 -0.73 1.70 199 177 184 197 137 
15.91 1.83 3.96 5.7300 2.8500 0.5700 -1.5222 5.0544 0.1600 8.45 -1.32 4.79 140 266 210 210 151 
0.71 -4.09 -0.96 -3.9000 -2.8500 -8.6700 3.7622 2.1256 -1.2578 3.79 1.89 8.84 135 383 198 208 145 
6.12 6.52 10.22 4.3100 2.3200 3.0800 2.5344 -0.3911 1.0656 3.41 5.67 7.22 129 388 195 203 142 
6.88 8.87 10.24 0.5000 2.9000 3.3400 -0.1256 -1.4400 3.4178 6.66 4.43 5.65 127 391 192 202 140 
4.48 4.37 6.94 -2.8700 2.2900 0.9000 -2.2289 -0.6900 1.9933 8.20 0.20 5.36 128 389 188 201 138 
3.75 0.19 3.84 -3.0700 2.3200 -0.7400 -3.0033 -0.4156 -0.6567 8.57 -2.26 4.17 124 393 182 202 137 
6.88 0.26 -0.41 1.9500 2.8400 -4.5200 -0.8944 0.6022 -2.8400 8.99 0.17 3.91 128 397 185 204 135 
12.49 3.51 2.12 3.6700 0.9100 -1.9100 2.1011 -0.1300 -1.0289 8.33 3.45 3.84 122 394 187 205 142 
10.77 4.94 6.85 2.0600 0.8700 3.7200 1.5356 0.0433 1.0556 8.61 3.80 2.72 121 395 187 206 141 
5.91 3.79 5.28 -2.3100 0.5900 2.1000 -0.1211 -0.0844 0.0689 8.82 3.29 2.72 124 395 188 207 143 
;
9.72 3.52 2.54 0.2800 0.0000 -0.5000 -0.3122 -0.0800 0.0633 8.79 3.28 2.85 145 394 194 208 144 
7.60 3.32 3.52 -0.6700 -0.0400 -0.2600 -1.2744 1.6900 -0.8922 7.94 3.45 4.58 161 300 209 240 173 
9.19 5.32 10.36 1.0600 1.3500 2.9500 -0.0600 0.8311 0.6300 5.22 3.98 7.28 171 253 215 233 169 
6.56 4.51 8.14 1.7600 0.6300 1.4600 0.8300 -2.1322 2.4767 6.70 3.47 6.25 196 204 200 228 162 
3.71 1.47 7.41 -5.7800 1.2900 4.3700 -1.3989 -1.4433 2.3333 8.85 -0.41 4.19 200 182 190 195 135 
4.98 0.94 0.55 -2.9700 2.1600 -2.8300 -1.8833 -1.4056 -2.3011 9.70 -0.09 1.37 199 177 188 197 140 
13.47 1.08 -0.86 3.4200 0.0600 -1.8700 0.2889 0.2011 0.0389 9.65 0.77 1.50 200 184 188 199 140 
9.71 0.51 1.69 -0.1600 -0.0300 0.0800 -0.0033 0.2100 0.0089 9.64 0.71 1.63 201 186 192 202 141 
9.85 1.22 2.31 0.8100 0.8000 0.8200 -0.3056 0.3833 0.0367 9.59 0.60 1.94 200 194 194 202 143 
9.69 1.08 0.81 -0.6200 0.5100 -2.8900 -0.3744 4.2778 -0.4944 8.07 0.54 5.53 114 374 203 203 143 
5.59 0.78 4.27 -0.0800 -1.8100 -2.6600 2.6644 1.3200 -1.4956 5.20 4.16 7.19 117 398 204 204 143 
9.88 7.76 9.35 3.8100 1.7800 1.3700 2.0011 -1.3944 2.1300 6.31 5.53 5.06 119 403 203 205 143 
7.89 6.11 6.33 0.6400 2.0000 2.3900 0.5300 -0.5056 2.6233 8.39 3.44 3.71 123 401 194 204 143 
7.86 3.40 5.32 -1.3900 2.5700 2.5400 -1.4689 -0.4689 2.2756 9.35 -0.44 2.91 128 399 195 203 136 
4.15 -0.34 2.73 -4.5200 1.5700 -0.9800 -2.6644 -0.8722 0.2644 9.22 -2.73 1.91 125 402 198 205 135 
9.62 -0.93 -3.21 -0.5400 1.0900 -4.5300 -0.9689 0.0956 -1.8433 9.67 -1.04 1.19 125 406 199 207 134 
11.63 1.38 -2.22 3.8600 0.7100 -2.5900 1.1889 0.3556 -2.0144 9.47 2.17 1.28 128 409 201 209 135 
11.64 2.37 0.01 3.3700 -0.2100 0.3700 1.9556 -0.5100 0.5267 9.29 3.09 0.38 130 409 204 207 135 
8.13 3.70 4.59 -1.9900 0.9900 3.8400 -0.1844 0.2344 0.2533 9.53 2.26 0.35 131 410 207 205 138 
;
