-0.13 6.43 7.35 -0.0200 -0.0800 -0.0100 0.0022 -0.0044 0.0000 -0.09 6.52 7.32 171 379 367 416 210 
-0.61 6.47 7.63 -0.5800 -0.2200 -0.0400 -0.0811 0.0056 -0.0856 -0.54 6.41 7.39 170 380 364 412 211 
-0.58 6.27 7.38 -0.0300 -0.1100 -0.0100 -0.0122 0.0156 -0.0256 -0.60 6.39 7.40 168 378 363 413 212 
-3.62 6.08 8.85 -1.3900 0.6900 1.2800 -0.1089 -0.3811 0.8378 -0.52 5.90 7.81 186 294 298 351 216 
5.95 7.44 7.78 5.6200 4.5300 2.2200 2.0456 -4.7011 2.6167 5.87 5.58 5.51 190 214 211 222 190 
6.40 2.32 2.88 -3.0000 -0.6900 -0.7300 -0.8056 -0.5467 4.3756 8.88 0.73 4.07 193 165 169 178 161 
-1.77 -1.23 5.09 -11.4400 0.4800 3.3500 -0.6967 -0.6011 0.0356 8.95 -1.84 3.53 200 164 167 177 158 
5.75 4.66 0.48 1.6800 5.7700 -6.4900 -2.2478 -2.2667 -3.8822 9.58 1.99 0.46 202 165 174 182 161 
11.30 3.00 1.57 0.5400 0.0300 1.5300 0.0933 0.4589 0.3522 9.54 2.21 0.37 202 168 176 182 160 
8.96 2.35 0.83 -0.7300 0.0000 -0.1200 -0.7889 -0.4667 0.2856 9.56 2.07 0.62 200 172 181 187 163 
12.91 2.15 -0.72 3.3700 0.6500 -1.5100 -0.7122 -2.7233 1.9500 9.67 0.02 -1.57 157 251 239 241 190 
7.09 -3.35 -1.36 -6.7700 2.6700 2.2900 -1.0922 -1.6000 1.1522 8.07 -3.97 -3.89 170 309 293 306 202 
3.93 -0.65 -3.99 -2.9400 2.5200 1.6800 -3.5422 -3.0078 -0.7756 4.39 -1.70 -8.60 179 290 264 308 208 
4.11 2.32 -11.93 1.5800 3.1700 -3.5800 -2.2300 -1.1800 -0.3700 1.08 3.28 -9.17 184 275 275 297 213 
2.39 3.65 -11.99 1.4800 -0.3500 -3.1300 0.1022 0.0967 -0.0956 0.77 3.70 -9.04 183 278 274 310 212 
5.89 4.44 -21.83 5.7100 0.0200 -12.2000 1.6989 1.1167 1.3922 1.55 2.18 -9.43 183 274 269 307 211 
-0.98 9.48 -15.84 -2.7000 21.6700 -4.7100 14.3989 9.7411 2.7289 5.44 -8.15 0.20 199 413 337 424 212 
-5.33 1.17 3.12 -5.4800 8.0300 -0.3400 -0.8922 0.8989 -0.2256 2.94 -8.00 4.83 198 414 362 423 213 
3.21 -6.37 4.92 -0.5500 1.4100 -0.6400 -0.9956 -0.4356 -0.9922 4.45 -7.83 3.85 196 402 358 398 213 
4.61 -5.78 4.61 -0.9500 1.7300 2.2900 -2.5856 -1.2544 -1.4367 6.34 -7.47 0.27 191 329 242 229 202 
7.23 -4.51 -2.03 0.1500 1.3200 -1.8000 -2.2667 -2.3178 0.0122 6.83 -6.13 -3.42 193 296 156 184 153 
6.14 -2.58 -16.78 2.3700 -5.2500 -7.5500 6.2156 0.6911 -0.2133 5.94 -7.28 -2.79 151 308 175 170 141 
5.48 -9.17 -3.02 -0.5300 -0.9000 -2.2400 2.8978 0.9833 1.1889 5.20 -8.13 1.70 136 305 182 177 144 
3.62 -6.70 -0.31 -1.3900 2.0100 -5.0600 4.9700 1.4689 -0.5967 4.43 -5.08 7.11 141 337 183 177 145 
1.30 8.10 12.73 -1.9500 7.1900 2.0000 -1.5333 -0.3678 0.0433 4.27 -4.33 7.68 141 351 189 179 146 
;
