2.23 4.87 8.79 0.1700 -0.3300 0.8800 1.0467 -0.3511 0.3600 2.38 5.48 7.77 160 308 278 280 186 
9.73 10.28 10.31 5.4000 4.1100 1.4300 0.6822 -0.4600 3.1278 4.92 5.31 6.61 166 282 270 263 178 
5.04 5.20 1.59 -2.3200 0.8500 -3.4800 2.9167 -1.0344 4.8211 7.96 3.23 4.72 189 249 240 234 165 
1.53 1.52 4.93 -8.2900 0.9600 1.5600 1.1689 -0.5389 4.6478 8.74 -2.10 3.91 198 213 207 207 146 
-0.68 3.28 7.38 -9.6900 7.2000 4.4000 -3.7767 -3.7022 -1.5022 9.22 -3.27 -0.58 199 177 184 185 128 
24.88 6.85 -15.31 13.4800 4.3600 -8.6500 -0.0656 -1.9167 1.1011 9.16 1.02 -3.34 199 183 188 191 132 
9.11 1.05 -2.25 0.0000 0.5400 1.1300 -0.0033 -0.1289 0.2444 9.19 0.59 -3.34 200 185 190 193 132 
8.76 1.50 -3.04 -0.4000 0.8000 0.0500 -0.3822 0.2956 -0.2733 9.28 0.86 -3.03 196 188 190 193 135 
22.74 2.71 -1.12 12.4000 1.8600 -0.5700 -2.4044 4.1322 0.9678 9.69 0.93 1.14 171 234 196 203 145 
9.55 0.56 -1.22 -0.5000 3.1300 -5.0400 -0.6533 3.0778 3.6600 7.70 -4.21 4.36 131 234 185 197 136 
3.59 -1.54 1.87 -5.3200 3.6000 -3.3700 1.6089 2.5978 2.0000 3.89 -6.01 6.69 118 259 185 203 137 
3.65 -2.81 7.39 1.1500 2.5200 0.2500 0.9144 0.6067 0.6822 2.62 -5.56 7.63 120 267 188 204 138 
1.62 -3.23 9.70 -0.9100 2.0600 2.2000 0.0722 -0.1767 -0.2578 2.61 -5.14 7.93 122 267 189 204 138 
10.03 2.19 16.40 3.2100 6.9300 6.3100 -2.2433 -0.4278 -0.7022 3.34 -5.88 7.09 123 267 187 203 138 
3.33 -8.64 -1.91 -0.7100 -3.0800 -7.9100 -1.6911 2.1722 -1.2922 2.54 -7.88 5.24 121 263 188 205 138 
1.38 -10.65 2.36 -0.3600 -1.8000 -1.5300 0.3322 0.1067 -0.4533 3.18 -7.69 5.17 125 266 189 204 139 
1.32 -6.62 2.15 -3.2500 0.9900 -3.9700 0.5811 -0.4300 -1.1033 4.35 -6.99 5.32 133 267 188 201 141 
;
