-0.49 5.51 9.91 1.2400 2.3400 1.7100 -0.1111 -0.3678 0.6411 0.84 4.03 8.89 160 301 292 289 191 
-0.51 0.85 5.12 -1.6700 -1.7900 -4.3200 0.1122 -0.0033 0.9744 2.02 2.77 9.18 157 341 291 287 190 
10.02 11.22 19.28 -3.9600 5.7100 21.8500 -0.1389 -1.5522 0.9333 1.56 4.68 8.47 166 288 279 276 181 
10.41 9.52 9.82 6.7200 5.0300 0.8700 1.0022 -2.8133 3.6622 6.57 3.91 6.13 187 228 222 216 148 
0.52 2.09 1.24 -8.1400 3.8700 -1.6700 1.9667 -3.0078 5.3289 8.78 -2.94 3.21 200 174 167 172 120 
-3.34 3.08 9.53 -10.3000 6.9200 4.1500 -4.7300 0.1500 -4.7033 9.59 -1.73 1.03 200 168 171 175 118 
15.86 2.52 -1.23 2.2000 1.0600 0.3900 0.1944 -0.9444 1.1500 9.75 0.07 0.97 202 174 177 180 122 
7.99 1.32 1.96 -1.3700 1.1000 -0.0300 -0.8178 0.1522 -0.2589 9.73 0.15 1.16 198 181 182 186 129 
12.60 1.45 1.38 3.6300 0.2400 0.5700 -1.1233 0.0711 -0.2711 9.74 0.50 1.01 97 289 258 253 172 
12.01 -0.86 0.00 1.8900 -0.7300 -4.3100 0.6300 1.7278 2.5278 8.24 -1.87 4.97 88 203 182 198 133 
6.58 0.25 0.30 -1.4600 4.2300 -5.4800 2.2500 1.0822 2.4578 6.39 -3.76 6.41 88 194 174 187 112 
6.41 4.55 6.15 -0.1000 7.7200 -0.4500 3.8122 -2.6689 2.7489 6.14 -2.54 7.20 93 180 175 187 116 
5.17 -0.34 10.86 5.2600 3.9600 4.7500 -1.1433 1.8222 -1.5233 6.35 -2.35 7.08 94 192 178 190 119 
7.90 2.12 8.91 2.6800 4.3500 0.7400 -2.5533 1.6333 -2.9322 5.56 -2.55 7.65 95 193 181 193 119 
12.27 -1.02 0.62 5.7700 1.2100 -6.8900 0.0767 0.3056 -0.7333 5.36 -2.40 7.85 95 195 183 192 119 
9.70 -1.45 4.87 3.1600 0.6200 -1.2700 3.0900 -2.4356 2.2444 7.05 -0.77 6.76 95 191 181 191 119 
10.45 -1.65 6.14 -1.2200 -1.5200 -0.8100 -0.3900 0.0322 0.3622 7.27 -0.92 6.50 96 192 186 194 121 
1.12 0.02 9.37 -6.3300 1.6400 2.2400 -1.6278 1.7344 -1.8778 5.98 -1.42 7.63 108 213 201 216 152 
;
