-0.97 6.06 7.69 0.0200 -0.0300 0.0700 0.0033 0.0022 0.0000 -1.02 6.11 7.59 158 373 371 415 214 
-1.34 6.13 8.09 -0.3200 0.1100 0.2400 0.0400 0.0178 0.0989 -1.07 6.09 7.60 157 371 372 404 214 
-1.61 6.60 9.81 -0.2700 0.7500 2.8000 -0.8800 0.3856 0.2956 -1.11 5.57 7.99 159 237 233 262 196 
11.79 9.15 5.63 7.8300 4.4200 0.0000 4.8578 -4.4844 5.4022 7.02 5.00 4.66 179 177 193 191 145 
4.12 3.52 3.97 -3.9000 2.0700 1.0400 1.6200 -0.0644 3.5556 9.36 0.29 2.90 189 148 158 161 115 
0.39 -1.12 5.13 -9.5400 1.4400 3.3300 -0.6578 -0.9600 0.7800 9.12 -3.18 1.65 196 150 160 166 117 
10.33 3.34 -5.00 2.8700 4.8900 -9.5200 -2.9811 -0.6700 -2.9522 9.64 -0.39 -1.72 198 153 170 168 119 
10.11 -0.53 -0.98 -0.1300 -0.6300 1.0500 0.1867 0.4422 -0.0700 9.63 -0.05 -1.80 196 161 171 173 123 
7.95 2.26 0.47 -0.8400 1.0000 1.1100 -1.1478 0.0144 -0.8322 9.69 1.26 -0.77 93 251 211 232 164 
6.24 -1.11 -2.51 -2.2800 -1.4600 -5.5800 1.7611 -2.5211 0.9678 9.69 0.98 1.08 89 173 167 189 129 
10.19 -1.12 -5.96 1.1400 -1.6200 -5.9600 4.3322 -3.4500 1.0500 9.56 -0.27 -2.13 86 170 163 179 110 
6.73 0.28 -5.77 -0.5100 3.5300 -2.2900 3.9878 -0.3833 -0.8167 9.09 -2.12 -2.99 91 171 166 178 115 
9.61 2.89 -3.82 2.3800 5.8600 -0.8300 2.2667 0.4456 -0.7311 9.34 -2.20 -2.01 89 176 171 183 117 
8.50 4.68 -0.99 -1.1500 5.9800 -0.0200 -3.2956 -0.2511 0.0256 9.36 -1.47 -2.52 93 177 174 185 119 
9.75 -2.64 -7.46 0.1900 -2.6800 -4.8600 -1.7611 -0.1000 -0.4378 9.39 0.14 -2.79 93 178 175 187 120 
11.03 -3.46 -4.92 2.4000 -2.2000 0.0100 2.3078 0.2222 -1.5122 8.96 0.52 -3.95 95 176 179 185 120 
11.55 -0.28 -6.33 0.8100 -1.7400 -1.0200 -0.2700 1.1167 -0.4800 9.00 0.32 -3.87 96 179 182 190 124 
8.64 3.47 -1.14 -1.4400 2.6100 2.6400 -2.4244 0.9689 -0.5111 9.38 1.58 -2.34 103 201 190 204 139 
14.67 4.87 4.63 3.0500 0.6600 2.8100 -8.3233 5.3422 -1.2000 8.60 2.15 4.18 168 299 213 205 143 
9.05 1.13 -0.51 0.0000 1.1600 -4.7000 -2.0744 -7.6700 1.3744 9.39 -1.52 -2.36 115 303 168 174 120 
6.47 -0.69 -13.33 0.2800 3.7800 -6.9000 2.6556 -0.4944 0.6222 5.80 -4.87 -6.22 101 308 173 172 120 
6.29 -4.53 -12.48 0.6900 2.8200 -9.2100 6.8433 1.6367 0.4933 5.96 -7.78 0.07 104 313 176 175 120 
2.17 9.32 20.59 -3.4100 14.3300 15.4100 0.0589 -0.1811 0.4133 5.51 -6.17 5.26 105 332 179 175 122 
6.25 -8.44 1.89 0.1600 -0.9200 -1.1000 -0.6733 0.4978 -0.4167 5.64 -7.00 3.89 106 330 179 177 123 
5.09 -5.78 4.13 0.0200 1.2100 0.2500 -0.6278 -0.0611 -0.2044 5.83 -7.07 3.48 107 331 182 179 123 
6.21 -7.21 2.78 0.1900 0.1200 0.1700 -0.2033 0.0644 -0.0644 5.92 -7.15 3.14 106 331 182 179 123 
;
