-0.90 3.09 9.13 0.5400 0.6200 -0.6500 0.2389 0.2578 -0.0578 -0.71 2.97 9.31 152 310 310 319 201 
-0.16 3.29 9.33 0.2400 0.2700 -0.3000 0.0778 0.0111 -0.0022 -0.55 2.99 9.32 151 308 312 319 200 
-1.22 3.42 10.02 -0.1100 -0.0400 1.8700 2.3367 -1.3711 0.8344 0.44 4.58 8.65 159 308 315 349 205 
7.77 6.81 7.23 5.6600 2.9900 0.2900 2.4689 -4.8556 3.0644 6.31 5.84 4.70 188 221 199 211 168 
3.87 5.98 2.84 -6.8400 5.0600 0.0700 0.7144 -1.5722 5.6911 9.41 -0.82 2.62 197 180 182 190 154 
-1.84 0.82 5.62 -11.0800 5.1800 3.8600 -3.1689 -1.2267 -1.7367 9.54 -2.20 0.51 199 174 185 190 152 
18.27 4.38 -8.01 11.2200 4.1900 -3.8000 -0.4244 -0.9333 -0.3778 9.76 0.90 -0.18 198 180 189 195 155 
9.59 1.69 0.63 -0.2600 0.5800 0.4500 0.0733 -0.0111 -0.1167 9.73 1.17 0.11 198 183 189 200 156 
18.59 5.99 2.79 8.0700 2.6500 0.1500 -2.6900 0.0244 1.3078 9.77 0.51 0.57 174 209 191 202 159 
8.49 -1.39 -3.47 -1.5200 0.5900 -3.2200 4.0733 -2.1922 2.7567 9.08 -3.65 -0.49 112 395 209 199 157 
5.08 -1.82 1.49 -3.9000 3.0800 0.1900 3.5178 0.0744 -0.0011 8.45 -4.51 2.05 110 405 211 198 156 
8.68 -0.87 2.52 -0.0200 3.3900 0.6600 0.7122 0.0567 -0.5211 8.71 -3.20 3.16 108 410 214 200 156 
11.03 -1.11 1.74 2.1000 2.4400 -0.8600 -0.6011 0.7322 -0.4511 8.83 -2.87 3.14 112 411 215 199 157 
10.91 1.45 0.72 2.3800 3.6100 -3.4100 -1.4222 1.0211 -0.8189 8.49 -2.42 4.25 116 409 212 201 154 
5.02 -4.90 4.16 -3.4400 -0.5800 0.2300 -1.6711 1.8522 0.8089 7.30 -5.05 4.15 113 408 214 199 153 
4.30 -7.52 4.84 -1.9800 -1.7200 0.2700 -0.2456 0.2522 -0.3922 6.99 -5.26 4.41 116 408 216 201 155 
1.22 -3.09 4.01 -6.6600 2.2400 -0.5800 -1.0267 -1.6022 -1.3856 7.86 -4.79 3.37 146 409 215 205 158 
6.80 1.08 -6.74 -0.1500 3.9100 -7.3100 -0.4422 1.9356 -5.6333 9.48 0.45 2.44 153 330 228 243 180 
;
4.77 16.14 16.82 -0.9600 9.5300 10.0900 -0.3644 -3.9122 -0.4344 7.95 4.52 3.52 161 283 240 255 176 
5.02 4.73 6.49 -1.8200 0.0800 0.8100 0.1933 1.4500 -0.3322 6.68 4.34 5.71 160 290 244 259 169 
10.99 8.10 8.07 3.4600 2.7600 1.0500 1.9189 -1.0200 1.3522 8.13 4.45 3.17 176 223 206 219 165 
9.74 5.76 2.38 -0.9700 3.5400 1.5000 1.0956 0.1744 4.5944 9.75 0.51 0.82 194 194 187 203 155 
2.06 0.08 2.80 -7.0100 1.2300 1.5300 -3.1144 0.5356 -0.4600 9.60 -1.84 0.73 197 184 185 199 151 
10.95 5.51 -4.71 4.0200 4.4100 -6.7600 -1.8156 0.5544 -3.0789 9.46 1.76 -1.85 197 187 190 207 158 
11.89 3.91 -2.06 1.4100 1.1400 1.1100 0.1833 0.1278 0.1289 9.23 2.17 -2.48 198 189 193 208 157 
8.76 2.95 -1.63 -0.6300 0.8800 0.5900 -0.1011 0.0189 0.1222 9.29 1.99 -2.40 199 194 194 209 158 
22.11 7.48 0.83 14.8200 5.1300 2.1800 -2.3733 1.3844 1.6678 9.63 1.04 -1.47 185 216 188 209 161 
5.95 -0.24 -5.89 -4.1400 1.8300 -4.2000 3.9567 1.4244 2.4300 9.06 -3.75 0.00 105 400 208 208 159 
3.74 -0.07 3.16 -4.6700 4.7600 0.8400 3.4444 0.1767 0.6167 8.33 -4.11 3.11 106 407 208 208 158 
7.89 2.21 4.87 1.1300 5.0100 0.9100 -0.3400 -0.1833 -0.2111 8.51 -3.61 3.26 108 410 212 211 158 
10.23 -0.03 3.34 2.4000 3.7600 -0.2000 -1.1822 0.7722 -0.6622 8.36 -3.30 3.90 111 411 213 210 161 
10.85 -0.55 2.57 2.6300 2.8800 -2.1600 -1.0078 -0.4411 1.6600 8.02 -4.36 3.55 112 409 212 207 156 
3.54 -7.18 5.45 -3.9500 -3.1200 1.0200 -1.6578 0.8578 0.0667 7.17 -5.56 3.70 112 404 211 207 155 
6.87 -5.63 3.72 -0.2900 0.4800 0.1900 0.2633 -0.1078 -0.0689 7.27 -5.38 3.76 113 406 212 210 156 
;
