3.47 1.12 9.01 -0.1500 0.0900 -0.0200 -0.0033 0.0033 -0.0022 3.60 1.04 9.05 161 327 344 365 204 
3.47 1.17 9.06 -0.1500 0.1200 0.0100 -0.0022 -0.0267 0.0000 3.64 1.04 9.04 162 327 343 362 204 
6.39 4.66 12.86 0.5900 2.4600 5.9700 -2.5767 -3.1744 -1.5478 7.77 0.92 5.89 128 320 322 323 204 
6.28 -2.50 4.38 2.7600 -2.4400 -2.1100 -3.7244 -0.8533 -0.8611 6.05 -2.78 7.19 95 236 223 228 174 
9.86 -2.01 0.64 5.0900 3.8500 -6.2900 -0.4956 1.8178 3.3600 2.39 -6.08 7.30 91 186 185 195 148 
0.76 3.49 8.79 0.0500 8.0300 0.8300 1.8878 -0.2422 4.4300 -1.16 -4.33 8.72 94 191 189 198 148 
-23.66 -1.91 14.93 -1.2100 3.7300 0.1800 -0.4689 -1.8656 -1.3222 -2.35 -3.50 8.85 97 191 195 206 152 
-3.68 -1.88 10.32 -1.4800 2.0600 1.6300 -0.0467 1.9333 -3.0511 -2.71 -4.91 8.04 96 196 199 208 152 
2.68 -3.78 6.98 6.1600 1.8200 -0.6400 -0.1333 1.1522 -2.3322 -1.77 -6.22 7.36 97 194 199 209 154 
5.08 -5.51 6.94 6.4100 0.8300 -0.2700 0.7633 -0.9711 1.1467 -1.55 -5.74 7.79 98 199 200 212 154 
-2.80 -3.31 8.90 -1.9600 1.6700 0.7700 0.5844 -1.1622 3.8733 -2.64 -4.12 8.49 98 201 202 212 155 
-4.90 -5.72 8.76 -1.0200 -1.2800 1.6700 -1.3300 0.3789 -0.4822 -3.45 -5.14 7.59 102 216 222 232 175 
-6.60 -6.09 4.36 -0.4600 -2.6800 -3.1700 -1.4600 4.4900 -3.5333 -3.77 -8.93 1.42 163 410 208 228 173 
-0.12 -7.73 1.00 1.5100 2.5300 1.6800 1.4633 0.1256 -1.4589 -0.69 -9.57 2.01 193 418 201 225 169 
2.54 -5.47 2.44 1.8200 3.4200 -1.1500 1.3311 0.0633 1.1144 -1.41 -9.09 3.37 192 420 201 223 168 
1.09 -5.82 6.75 4.4500 0.7900 3.1300 2.7156 -1.3200 2.4311 -3.43 -6.22 6.75 192 419 201 221 166 
-6.64 -9.47 14.95 -4.2100 -3.8800 6.9300 -2.1844 -1.8967 2.4056 -3.30 -5.43 7.46 191 415 201 221 163 
-9.28 -4.26 7.50 -6.9200 2.7700 2.1600 -3.2889 0.8678 -0.2611 -3.24 -8.11 4.44 189 416 202 222 162 
-5.10 -2.07 2.96 -2.0300 7.7600 0.1800 -0.7200 1.9278 -2.4944 -0.94 -9.61 1.66 190 418 200 222 163 
1.87 -3.83 1.90 2.3000 4.5500 -0.5500 1.9511 1.9600 -1.4889 0.74 -9.18 3.35 187 419 201 221 162 
4.90 -7.44 8.16 4.4900 0.4200 2.2200 2.1033 -0.2867 0.7000 -0.01 -7.27 6.58 180 418 201 219 159 
-2.37 -10.68 10.48 -3.1200 -4.5000 2.0100 0.3544 -1.0467 0.6111 0.29 -6.09 7.67 180 416 204 223 162 
0.32 -5.92 6.47 0.8200 0.7100 -1.4600 0.0444 -0.0200 0.1433 0.37 -6.20 7.58 174 406 208 225 166 
;
