10.46 0.98 2.81 0.3800 0.0400 1.4900 -0.3667 2.3344 -1.0011 9.26 1.48 2.83 161 334 320 306 197 
2.13 2.05 4.50 -0.8100 -0.7700 -1.3100 2.2900 5.9311 -3.2767 1.50 5.22 8.16 164 345 321 326 199 
6.15 7.69 9.53 3.8500 1.6400 2.3300 -3.6644 -1.0744 3.2244 4.02 4.00 7.99 89 313 307 317 200 
2.70 -0.18 2.84 -2.8100 -0.9600 -3.3400 -0.4867 -1.4544 0.5867 6.35 0.00 7.46 88 192 189 218 139 
11.63 -1.79 8.49 8.3300 -3.1700 -0.2600 -0.7800 -1.8889 1.0311 7.47 -0.76 6.30 93 195 187 204 124 
13.09 -1.73 -1.22 3.3900 3.5100 -6.9100 0.9489 0.3244 4.5689 6.27 -4.47 6.06 91 198 193 198 118 
3.93 9.01 1.35 1.0200 11.2900 -0.7700 5.7456 -2.4344 1.5789 7.11 -2.22 6.37 96 202 183 187 110 
18.14 1.19 11.06 3.3500 4.0800 2.6500 -0.4622 1.7333 -0.2744 7.49 -1.57 6.12 95 200 195 201 122 
7.06 2.79 5.58 1.5500 4.4900 -4.0800 -2.9989 1.0456 -1.3178 6.66 -2.78 6.63 96 201 195 202 123 
6.08 -5.06 -0.73 -2.1200 -3.6800 -7.0400 -1.3944 -1.6244 -1.2933 7.64 -3.20 5.24 97 200 198 203 121 
10.08 -1.95 6.98 -2.8600 9.4100 28.7600 -0.3944 -1.0656 0.0311 8.23 -1.93 4.95 97 196 190 196 122 
;
6.86 -1.32 12.05 -2.0300 1.4900 6.7500 -0.4433 1.5744 -0.3067 7.33 -2.20 6.11 106 221 219 227 154 
2.71 0.24 4.86 -3.2400 1.1600 -2.2400 -2.1922 3.6811 -5.8178 5.86 -0.13 7.85 135 324 265 306 187 
3.49 10.01 6.44 2.6200 9.7900 0.0100 3.9900 -0.2611 -2.0989 1.22 5.64 7.92 174 339 296 321 196 
1.84 6.07 8.94 -0.3600 0.9900 1.8400 -1.4967 -2.1056 1.8333 2.94 4.88 7.98 162 346 302 316 196 
15.20 1.65 4.96 8.4800 0.0100 -5.1500 -1.4489 -0.4956 5.5544 6.09 -1.60 7.51 111 316 295 309 194 
0.27 1.48 0.28 -3.1900 7.0200 -5.0900 3.8844 -0.3633 3.8322 4.95 -2.18 8.17 91 219 197 202 139 
1.34 6.63 8.66 1.3200 6.9900 2.6600 0.0433 -0.9844 0.5756 6.60 -0.30 7.24 90 191 181 188 123 
7.93 -0.85 9.73 1.0400 0.3900 3.2300 -0.5322 0.2356 -0.0078 6.87 -1.34 6.86 95 200 194 198 129 
7.01 4.74 11.45 1.1200 6.3200 3.2500 -3.1867 0.1556 -1.1500 6.45 -2.41 6.97 94 204 200 198 125 
7.20 -3.24 -1.94 -0.7800 -1.4900 -7.9600 -1.0267 -1.3033 -1.2556 7.48 -2.97 5.59 96 207 199 197 124 
8.88 -2.05 4.20 -4.9500 14.7200 35.4100 -2.3056 -3.4622 -0.5344 8.80 -2.03 3.81 95 197 180 186 111 
6.37 -2.36 6.45 -1.2700 0.0500 -0.0200 0.1878 0.3578 0.1867 8.11 -2.23 5.02 96 208 194 201 126 
;
0.61 -1.02 10.04 -7.3300 1.7700 2.8900 -1.5667 1.0267 -2.9000 7.41 -1.97 6.10 115 263 241 252 170 
8.81 2.65 2.56 -0.8300 0.9700 -3.9100 1.4833 4.5733 -6.7922 3.57 3.17 8.56 160 354 318 354 198 
-1.42 9.50 8.13 -0.0600 4.1600 0.4000 1.2267 -1.9211 -0.3900 1.01 6.63 7.15 169 356 321 349 199 
3.37 9.90 11.08 4.7500 4.2300 3.3000 -3.2878 -1.8711 2.5278 3.24 4.91 7.83 137 329 306 321 197 
11.69 1.45 3.59 4.3600 2.7500 -6.5300 -0.3000 -2.0544 7.9489 4.89 -2.47 8.13 102 244 229 235 162 
-0.86 4.43 7.06 -7.7000 6.6800 -2.1400 3.7756 -1.8933 2.1067 5.93 -1.32 7.69 94 205 188 195 121 
2.58 11.92 27.50 0.5600 4.0000 8.6400 -0.8567 -1.5656 0.5733 7.09 -0.54 6.74 93 192 176 188 118 
7.58 0.09 8.68 1.2600 1.3200 1.8900 -0.5433 0.6500 -0.1156 6.63 -0.87 7.17 97 209 194 202 127 
8.52 3.52 5.38 1.8600 5.1800 -2.8200 -3.0022 0.4244 -1.4700 6.38 -2.78 6.90 97 212 193 203 129 
6.90 -4.40 0.05 0.3000 -3.4400 -6.1900 -0.2144 -1.7300 -0.6633 7.58 -2.64 5.62 95 214 196 203 127 
9.77 -2.42 7.96 -5.4400 11.3400 34.6900 -0.5911 0.1478 0.4367 7.81 -2.58 5.33 98 197 180 188 115 
8.03 -2.55 10.19 0.1000 0.4500 4.8000 -0.3489 2.2422 -0.4500 7.14 -2.55 6.21 100 211 197 205 134 
;
1.56 0.83 6.59 -4.8500 2.8500 -0.5700 -2.2944 1.9489 -4.8300 6.82 -0.63 7.01 126 312 275 301 191 
4.01 6.59 6.78 -0.7800 4.0500 -2.4900 3.3267 -0.9300 -2.8422 2.06 4.13 8.65 156 351 305 331 198 
3.56 8.95 9.05 1.7600 2.0200 2.3300 -0.9100 -1.5056 1.2156 2.57 5.70 7.55 155 358 319 345 199 
12.79 8.37 8.97 7.9500 3.2000 -0.6100 -2.7322 -1.0433 3.6178 5.24 1.89 8.06 109 358 326 358 203 
3.95 0.70 1.20 -2.9300 2.3500 -6.4400 3.9389 -1.5789 6.4956 5.89 -1.90 7.59 100 252 234 225 149 
-3.52 4.28 9.31 -3.1600 4.9700 -0.4100 2.1767 -1.3900 1.2044 5.86 -0.60 7.83 96 185 174 186 120 
12.23 2.89 5.19 0.7400 1.2600 -3.3300 -1.0111 0.0944 -0.1822 6.20 -1.35 7.47 96 196 189 198 127 
5.20 3.31 12.72 0.1900 4.8400 4.8900 -1.9156 0.6700 -1.5867 5.94 -1.60 7.63 97 205 195 201 126 
7.12 -0.47 1.04 1.0100 1.9500 -6.1800 -2.1522 -0.3067 -1.3756 6.61 -2.85 6.64 98 204 196 201 126 
9.34 -7.27 -1.05 1.5600 -4.3400 -6.2600 0.3611 -1.1600 -0.4544 8.01 -2.69 4.95 95 209 197 201 124 
9.45 1.19 14.36 -5.2600 10.3100 33.9800 -1.8311 -1.5689 -0.1044 8.55 -1.89 4.40 99 198 192 192 120 
7.56 -1.65 9.19 -1.8100 0.5900 4.8500 0.2311 1.2800 -0.2333 7.96 -1.56 5.50 100 213 210 207 135 
;
5.80 -1.01 7.50 -4.3600 -0.7200 0.9700 -2.7233 1.1922 -1.6144 7.25 -1.21 6.48 118 275 262 264 175 
4.96 2.66 3.88 -0.5700 1.6000 -3.8600 3.1322 1.6622 -4.5111 4.00 3.47 8.25 149 361 309 338 196 
5.09 11.64 9.91 4.5100 6.7300 3.1600 2.0811 -1.0067 -0.8278 2.87 5.91 7.27 146 353 315 341 198 
11.47 6.21 7.19 5.8900 2.0000 -0.2100 -0.9211 -2.7233 5.3122 7.22 1.54 6.44 109 296 280 277 180 
7.55 -2.59 -1.11 -1.1000 0.3800 -7.9300 3.3778 -0.0211 4.9078 6.30 -2.78 6.97 99 220 208 199 127 
2.50 5.39 6.97 -2.4800 7.3500 0.6200 3.2311 0.5822 0.9100 6.06 -0.53 7.68 95 206 191 193 121 
-0.74 1.73 21.41 -4.6000 -0.1000 9.3100 -0.5744 -0.4378 0.1022 7.04 -0.72 6.78 97 199 184 193 119 
6.18 1.31 11.31 -0.5800 2.7000 4.6700 -0.9222 0.4756 -0.3578 6.69 -0.96 7.10 98 210 193 198 123 
6.89 2.34 4.47 0.5300 4.2900 -4.0100 -2.7211 0.0878 -1.3000 6.56 -2.46 6.85 99 210 196 197 122 
8.70 -5.36 -3.47 3.4100 -3.6600 -10.6700 -0.0444 -0.9122 -1.1844 7.57 -2.15 5.83 101 213 194 197 123 
9.78 -4.08 5.29 -0.6200 -1.3400 2.1000 1.7411 -0.3067 0.3644 8.44 -1.38 4.78 101 206 187 193 121 
10.90 -1.85 7.95 0.1100 -0.7100 3.9100 0.4878 1.0533 0.3833 7.87 -1.41 5.66 100 213 202 200 124 
;
1.51 -2.56 9.53 -6.3100 -0.7300 2.2500 -1.3189 0.8511 -2.8556 7.03 -0.94 6.76 117 277 252 255 176 
5.34 3.15 3.20 -0.1700 2.1300 -4.5700 0.8122 2.0567 -4.6711 4.26 2.60 8.43 149 368 331 365 200 
3.44 8.62 8.40 2.8000 4.6000 0.4000 1.0744 -1.1644 -0.9667 2.35 5.62 7.67 157 374 334 370 203 
7.52 8.34 11.24 4.4300 2.7900 3.3600 -1.8278 -1.8122 2.2900 4.31 4.10 7.79 143 355 328 336 201 
10.95 1.73 1.00 4.2200 1.2900 -6.6000 1.2800 0.1556 6.3978 5.22 -0.79 8.26 107 307 275 262 171 
3.21 7.44 4.46 -3.5400 7.9300 0.8500 4.6444 0.8578 2.2389 5.86 0.00 7.85 93 200 188 183 119 
1.11 1.26 16.24 0.6100 -1.3000 0.1600 -0.7989 -0.9244 -0.0433 6.93 -0.36 6.92 93 193 172 182 113 
6.19 -0.47 7.64 -0.4600 0.4200 0.3700 -0.1022 -0.2089 0.0300 6.98 -0.76 6.83 96 206 193 190 120 
5.99 3.51 10.83 -0.6200 4.7400 3.0000 -2.6078 0.5267 -1.4944 6.48 -1.58 7.18 96 208 192 192 123 
7.41 -2.88 -0.14 0.4900 -1.7300 -7.2700 -1.1433 -1.0533 -1.3011 6.83 -2.28 6.65 97 211 191 192 121 
8.88 -6.13 2.66 1.1000 -3.3400 -3.4300 1.8367 -1.7611 0.3678 8.05 -1.22 5.45 97 201 180 184 118 
5.81 -2.77 5.91 0.0000 -0.3800 1.1500 -0.0556 0.3767 0.4156 7.89 -1.47 5.62 98 202 185 189 120 
;
5.12 -2.17 10.21 -3.1300 -0.6800 4.9200 -0.9600 0.9667 -0.2267 7.30 -1.61 6.33 98 214 191 193 123 
3.30 -2.33 5.89 -3.2100 -0.2500 -1.4200 -1.3156 1.9478 -3.1967 6.56 -0.66 7.25 114 261 237 239 164 
8.35 6.59 3.84 6.9700 6.6000 -3.8800 1.9367 2.9667 -4.8078 3.19 3.97 8.37 128 373 304 358 200 
7.94 11.99 8.97 3.2800 4.4400 2.4700 0.6867 0.3844 -0.8044 2.05 6.05 7.43 150 376 330 367 203 
6.08 9.71 9.18 2.9400 4.0900 2.3700 -0.9744 -0.9533 2.7411 4.06 4.81 7.51 143 347 319 331 200 
15.37 -0.18 0.61 6.0000 -2.6100 -9.4300 -0.3322 3.0522 5.1700 5.49 -0.76 8.08 108 297 272 264 169 
4.85 9.15 4.16 -5.4900 8.6500 0.8100 3.7289 -1.0500 3.1800 6.37 -0.89 7.39 96 200 189 188 119 
-0.07 6.16 24.64 -1.0000 1.9800 2.7400 -1.0767 -0.4456 0.1011 7.11 -1.19 6.64 96 198 179 186 117 
6.60 -1.44 6.82 -0.0500 0.3500 0.5200 0.0089 -0.0722 0.0044 7.28 -1.46 6.40 99 204 184 191 120 
5.71 1.18 11.50 -1.8700 3.4200 5.9400 -1.8844 -0.0311 -0.6956 7.14 -1.70 6.49 98 211 197 196 124 
9.33 0.60 -1.46 1.6300 2.1500 -8.2900 -1.6656 0.3711 -1.1389 7.36 -2.79 5.83 99 209 201 198 123 
10.11 -8.06 -2.46 1.9600 -4.7100 -5.7000 1.7367 -1.0456 -0.0789 8.51 -1.76 4.52 99 205 182 182 112 
1.88 -5.11 -2.54 -5.8800 -1.8000 -2.9200 -0.0122 -1.1456 -0.2956 8.67 -1.93 4.14 99 209 189 193 119 
7.66 -2.53 6.22 -1.5200 -0.6700 1.9800 0.0467 0.9778 0.1033 8.26 -1.99 4.88 101 216 206 203 130 
3.26 -1.02 7.68 -4.5300 0.1000 1.1900 -3.0111 1.0367 -2.3356 7.41 -1.60 6.21 120 302 276 288 187 
;
