3.64 6.29 6.64 -0.1000 0.0200 0.0300 0.0089 0.0144 0.0100 3.71 6.23 6.59 153 314 344 387 218 
3.62 6.28 6.65 -0.0900 0.0200 0.0900 0.0067 -0.0089 0.0056 3.70 6.24 6.59 153 317 341 386 219 
1.48 7.51 8.28 -3.0700 1.0000 2.9700 0.1256 -6.1967 1.0989 6.96 5.87 3.61 114 287 328 367 218 
12.02 4.76 1.51 2.9200 -1.0200 -1.5900 -0.6689 -1.4344 1.1656 8.78 4.34 -0.36 90 242 218 238 168 
9.98 1.80 -10.19 0.6400 -0.0100 -9.7200 3.6556 0.1044 2.1767 9.70 1.20 -0.69 94 169 152 182 128 
4.08 4.38 -4.25 -5.8400 5.2400 -3.6900 4.6322 0.5733 0.4089 9.78 -0.65 0.15 95 165 161 172 120 
7.89 5.38 3.73 -1.2100 5.5500 2.7900 2.6978 -1.4478 0.7533 9.77 -0.70 0.27 99 168 168 171 119 
9.89 5.33 4.01 0.1400 6.2600 4.1400 -2.5044 0.4756 -0.6833 9.80 -0.27 -0.04 101 172 169 178 124 
10.35 2.37 -4.48 0.4500 0.1700 -5.4900 -2.3511 0.2489 -1.5322 9.63 1.61 0.85 100 173 170 178 125 
9.06 -2.20 -5.61 0.7700 -4.9000 -7.6400 1.3222 -0.5400 -1.0678 9.03 3.76 0.61 99 173 174 180 126 
11.11 6.67 0.59 1.2200 3.3300 2.3900 3.9178 -0.5900 0.2489 9.16 2.71 -2.20 102 164 171 183 136 
10.21 5.01 2.14 0.5600 2.9900 5.0300 -1.8856 0.9744 0.2089 9.29 3.04 -0.66 109 183 191 210 168 
0.62 1.77 -1.48 -5.9000 -1.7500 -4.3900 -3.3700 -1.3333 -1.5911 8.88 3.16 2.69 144 304 233 224 173 
8.98 7.98 -2.26 1.4500 2.7200 -7.4900 2.5656 1.9378 -1.8800 4.78 6.47 5.60 162 348 150 180 161 
8.84 16.78 3.98 3.7800 8.8800 1.0700 5.4211 0.8011 2.4233 5.54 8.05 0.69 143 349 168 189 164 
5.06 11.60 4.42 -2.7500 6.0500 5.9400 -0.4989 1.2011 3.4678 8.91 3.78 -1.56 140 360 188 186 165 
1.05 4.55 2.30 -9.6800 1.8700 -0.2500 -6.7378 0.7833 0.0556 9.36 1.70 2.37 145 360 184 192 164 
3.17 2.70 -4.73 -2.4500 2.3700 -7.8600 -2.5989 -1.5722 -3.5622 8.98 3.68 1.32 4 365 190 192 165 
9.72 11.30 -7.63 1.5900 3.7400 -7.8500 3.5889 -0.2756 -2.0633 6.00 7.68 -1.00 148 365 188 195 165 
12.76 16.51 2.37 5.3700 10.0600 6.5100 1.4111 1.8400 2.9078 7.80 5.34 -2.57 156 337 196 202 168 
9.36 12.28 0.30 0.9600 7.8900 -5.3000 -10.7478 6.5667 0.7356 6.71 -0.26 7.13 154 276 296 303 198 
7.95 -1.30 -0.90 4.3900 5.9700 -6.7800 -8.0222 4.9011 0.4311 0.10 -9.72 1.28 167 268 275 284 188 
0.59 -10.21 -6.42 0.0000 -1.1000 -4.1100 -0.4022 -0.9322 0.3189 0.00 -9.52 -2.31 168 275 270 291 185 
-3.51 -9.82 -13.14 -3.7300 1.7400 -13.2500 5.3689 3.5944 -1.1000 1.39 -9.47 2.12 177 275 271 285 192 
2.67 -5.19 10.45 -0.0400 3.6800 4.9400 -1.8922 -1.3122 0.2556 1.33 -9.28 2.87 174 275 276 289 191 
-1.03 -9.09 -5.31 -2.6900 -0.4400 -7.0700 -1.1122 -2.7856 0.2956 0.84 -9.75 -0.51 177 276 274 288 186 
-5.98 -14.23 -19.08 -6.1100 -0.9500 -16.1200 6.2233 2.0033 -2.1967 2.05 -9.05 3.14 178 273 269 276 185 
5.90 -1.26 15.10 0.4200 2.2600 3.8600 0.2556 0.5078 0.0978 2.11 -7.15 6.36 179 275 270 280 187 
3.51 -6.22 10.08 0.2400 1.0600 3.1200 -1.2722 -0.8856 0.7033 2.40 -7.77 5.47 173 271 276 284 188 
1.25 -7.69 2.75 -0.8100 0.8900 -1.1500 -1.7222 -0.6744 1.0256 1.57 -9.22 2.94 161 282 278 288 189 
;
