0.91 4.73 8.62 0.3800 0.1300 -0.0400 -0.0378 -0.0244 0.0378 0.54 4.58 8.65 153 305 285 306 197 
-0.24 4.62 8.62 -1.3500 -0.1900 0.0700 0.3078 -0.7222 0.1789 1.07 4.74 8.51 118 317 280 304 197 
6.23 6.71 11.01 8.7400 3.8300 4.0300 1.2400 -1.8511 2.8656 5.04 4.84 6.87 96 260 216 263 176 
15.22 5.03 4.16 3.6300 4.0500 -4.8700 -0.0233 1.7456 4.6600 6.79 0.31 7.06 91 190 174 195 138 
4.74 5.19 -0.15 -2.6500 6.6700 -6.9100 3.0956 0.5767 3.4533 6.16 -1.45 7.48 93 186 173 196 136 
14.36 8.15 7.77 3.0800 8.3500 3.3800 2.8611 -0.9500 2.1756 8.54 -1.25 4.63 93 171 170 180 134 
11.40 4.14 7.70 0.4800 4.6400 3.6400 -2.7022 2.1733 -1.7178 8.60 -1.43 4.47 97 185 180 192 137 
11.32 2.96 2.95 2.5100 3.6000 -2.5700 -2.7400 0.9889 -1.4900 8.17 -1.24 5.27 96 183 182 194 138 
11.00 -2.35 -3.89 4.2100 -2.7200 -9.9700 0.0267 1.4433 -1.1556 7.73 -0.98 5.94 97 189 182 194 137 
10.42 0.30 4.60 3.0800 2.4100 1.1500 5.3500 -2.5444 2.8200 8.86 0.06 4.18 98 183 179 186 137 
6.98 -0.02 5.63 -1.9100 0.5500 2.2000 0.2767 -0.3233 0.2078 8.84 -0.18 4.23 97 182 182 193 139 
5.78 0.65 6.35 -2.9900 0.5200 2.7200 -1.0044 -0.5389 -0.3800 9.01 -0.39 3.84 103 222 210 236 163 
11.95 -4.52 1.95 4.4200 -4.1000 -0.4800 -3.0022 -3.6044 2.5967 9.51 -1.48 1.85 170 389 198 209 153 
13.28 -0.17 -11.34 3.0200 3.1900 -8.9200 2.4844 -3.1844 2.3656 7.49 -5.25 -3.52 128 394 193 202 143 
8.72 -1.11 -2.78 3.7600 4.3700 0.8100 5.1833 0.1444 0.4367 6.07 -7.68 -0.31 128 409 202 208 147 
6.00 -4.11 3.08 -0.4600 2.5100 1.8300 -4.5578 -0.0522 0.1678 5.87 -7.46 -2.45 125 404 204 208 147 
5.16 -6.84 -9.66 1.3200 -0.0300 -3.4100 -0.2222 -1.1367 -0.0444 4.90 -6.37 -5.61 123 404 204 209 147 
9.04 -4.86 -7.81 2.3300 3.1500 -2.9700 5.2989 4.7711 -0.6067 5.96 -7.77 -0.15 126 403 203 211 146 
4.30 -5.80 -0.33 -1.7700 2.0700 0.7700 -1.4189 0.9056 -0.7344 6.50 -7.30 -0.70 147 399 205 218 152 
6.02 -2.25 2.20 -5.1900 3.5600 2.4900 -2.3800 1.2944 -4.4611 9.11 -3.60 0.17 153 347 207 220 159 
;
