7.92 -0.59 5.80 -0.1100 0.0100 0.0800 0.0022 -0.0167 -0.0044 7.97 -0.60 5.66 163 303 301 301 185 
7.99 -0.56 5.70 0.0000 0.0400 0.0000 -0.0011 0.0011 0.0022 7.98 -0.60 5.65 164 302 299 301 186 
6.10 -0.44 8.58 -0.0400 0.5700 3.2500 0.0000 -4.1300 0.6611 9.09 -1.05 3.50 120 300 288 302 188 
15.83 -6.08 -4.43 1.1700 0.1100 -9.9800 -1.6456 4.0389 3.1867 6.32 -4.55 5.94 91 201 184 202 143 
3.81 0.46 1.84 1.8500 6.1300 -5.5200 2.5644 2.7822 3.7733 0.56 -4.36 8.76 91 181 173 187 119 
-3.23 3.56 11.08 -1.6400 5.5300 1.4100 0.5689 -0.0444 2.4233 -1.74 -1.94 9.45 91 177 179 187 119 
-0.10 -1.58 8.71 -1.1700 0.8700 1.5300 -0.0811 0.9289 -0.9078 -1.84 -2.66 9.25 94 185 181 191 122 
-1.73 -0.42 11.59 0.5100 2.9500 2.5500 -0.9700 1.3467 -2.5356 -1.63 -4.12 8.74 95 187 186 193 124 
3.96 -4.04 4.51 5.3900 0.4800 -3.8700 -0.0500 0.8944 -1.4889 -1.09 -5.43 8.08 96 189 184 194 125 
3.73 -5.33 6.96 4.6700 -0.3200 -0.9800 1.5000 -1.0356 1.5467 -0.64 -4.21 8.83 95 190 188 192 125 
-36.66 -4.17 21.94 -0.2000 -0.2600 -1.6300 0.2544 0.5689 -0.3744 -0.09 -2.60 9.45 94 190 190 196 130 
-5.92 -1.10 16.87 -4.0800 0.5300 9.0300 1.3822 2.8189 -1.3022 -2.31 -0.92 9.48 102 211 216 231 160 
5.08 -5.10 0.54 4.1600 -1.2900 -7.2100 -2.8278 3.9689 2.9733 -7.35 -3.20 5.64 196 168 161 181 121 
-4.98 -0.69 -3.69 4.5500 0.8900 -7.2600 2.3611 1.1056 1.9122 -9.03 -0.04 3.81 202 166 161 177 126 
-17.40 8.80 16.64 -7.5400 4.7100 11.3000 -0.3089 -1.2689 -0.8244 -8.56 2.36 4.14 202 167 162 177 126 
-6.60 2.03 4.82 1.5400 -0.1400 0.2600 -0.1489 -0.0889 -0.0056 -8.52 1.69 4.53 201 167 160 180 127 
;
-8.12 1.18 4.23 0.2100 0.0400 0.3900 -0.1867 -0.1889 -0.1867 -8.41 1.44 4.81 202 172 161 179 128 
-8.39 1.23 5.13 -0.2100 -0.1900 0.2300 0.0322 0.0656 -0.2211 -8.35 1.26 4.96 201 172 165 182 129 
-11.32 2.07 6.55 -4.1600 1.6300 1.1900 -0.7878 -2.0800 -2.1978 -7.42 -0.56 6.38 188 207 198 214 160 
-0.70 5.66 1.93 4.2900 8.5000 -7.6200 -5.1389 -6.6011 -3.7822 1.59 -7.44 6.18 163 289 262 268 175 
6.58 -10.11 1.25 1.2600 -2.9200 -1.7900 -0.8989 -0.1333 -0.8944 4.59 -8.49 1.71 101 303 297 299 185 
3.84 -9.59 -0.68 -1.2700 -1.0700 -1.5300 -0.2500 0.3978 -0.4278 4.47 -8.61 1.40 87 207 199 198 126 
7.75 -12.56 -5.02 5.0400 -3.6200 -6.6500 1.5056 0.2767 0.2944 4.99 -8.24 1.81 87 200 187 190 118 
7.07 -2.63 0.62 4.6400 7.1100 -1.8800 4.5889 -0.1600 3.6833 1.92 -7.34 6.20 91 204 189 193 120 
1.57 5.08 12.04 -2.6800 8.8500 4.0400 2.8900 0.1656 5.3356 -2.57 -2.93 8.99 90 203 192 196 121 
-4.56 -1.70 10.18 -3.4000 2.1000 2.1900 -0.3511 0.0956 -1.0356 -3.23 -3.81 8.43 92 204 194 196 122 
-3.93 -1.62 12.99 -1.6900 3.4800 5.0400 -0.5811 1.6256 -4.0789 -2.41 -5.46 7.77 93 202 197 197 123 
7.11 -4.36 4.66 8.6500 1.5800 -3.0600 0.5456 0.7822 -0.3589 -1.77 -6.03 7.52 93 205 196 197 123 
5.80 -5.76 9.20 5.8200 -0.4100 0.7700 1.5956 -0.6622 3.4567 -2.14 -3.60 8.86 89 198 197 199 124 
3.66 -4.03 7.01 4.3400 -1.4300 -1.7500 -0.0444 0.6156 0.3478 -3.55 -2.58 8.76 93 203 201 202 128 
-8.13 -3.10 13.48 -4.9900 -0.5400 4.5400 -0.2033 0.9200 -0.8800 -3.86 -2.45 8.67 98 226 218 211 145 
-3.04 -6.76 2.57 4.2200 -2.4100 -5.3800 0.3789 2.0656 0.4633 -6.91 -3.60 5.94 193 198 177 192 131 
-2.91 0.48 2.16 5.1700 1.8400 -2.0600 1.8878 2.2411 2.7344 -8.98 0.18 3.91 198 201 182 191 133 
-10.08 6.20 8.91 -2.9400 3.6300 5.1000 0.0656 -0.5256 0.6744 -8.52 3.56 3.28 198 200 185 192 133 
-9.06 3.19 2.87 0.5700 0.6800 -0.6800 -0.0878 0.0033 -0.6067 -8.63 2.42 3.95 198 201 185 192 135 
-7.00 2.09 3.96 1.5900 -0.1500 -0.2000 -0.0467 -0.0089 -0.1300 -8.66 2.09 4.08 197 202 184 195 136 
-8.54 1.74 4.73 0.1400 -0.3900 0.6000 -0.0889 -0.0711 -0.1244 -8.64 1.93 4.20 200 204 184 195 136 
;
