3.55 1.43 8.93 -0.1600 -0.0900 0.0000 -0.0011 -0.0011 0.0000 3.69 1.51 8.95 161 347 346 374 214 
3.60 1.50 8.97 -0.1700 -0.0400 0.0200 0.0200 0.0300 0.0233 3.68 1.52 8.96 162 348 347 376 213 
3.27 1.88 10.45 -0.4300 0.0200 0.4300 -0.2767 -1.9778 0.5089 4.88 1.28 8.40 155 318 316 316 206 
6.69 -0.74 9.58 0.3100 1.0000 2.5800 -3.1756 0.2756 -1.0644 6.69 -1.73 6.95 136 299 297 302 206 
8.00 -4.11 2.30 2.6400 -0.9700 -5.1800 -2.0356 1.0156 0.4733 5.27 -4.83 6.70 101 245 228 240 187 
8.08 -3.66 0.55 3.7600 3.8600 -5.6400 1.3589 0.5789 3.0122 2.96 -6.27 6.92 92 183 180 194 153 
1.91 3.94 7.35 1.7700 7.7700 1.5200 3.0067 0.7633 3.9444 -0.68 -3.42 9.16 94 181 183 191 145 
-5.64 2.64 11.90 -5.1400 3.7200 2.1800 -0.1556 0.9133 0.6867 -1.48 -1.67 9.54 95 184 188 198 149 
-4.80 -0.53 11.89 -1.8500 2.2700 2.1800 -0.9311 0.2656 -2.4611 -1.49 -3.08 9.18 94 186 190 200 150 
-0.25 -1.58 9.85 1.2800 2.5500 0.6200 -0.9644 2.1911 -2.3733 -1.86 -5.16 8.12 97 188 192 203 153 
5.80 -4.86 4.34 6.1500 0.5800 -3.5900 0.0956 0.1878 -1.1122 -0.84 -6.02 7.68 99 189 195 204 154 
4.05 -4.96 7.19 3.5600 -0.2200 -1.0600 2.1478 -1.4100 2.0667 -0.53 -3.93 8.96 97 192 195 206 155 
-1.53 -0.13 10.44 -34.4800 0.1900 26.7000 -1.7267 -1.5400 -2.0322 1.88 -1.97 9.41 100 194 199 211 160 
-0.52 -3.35 14.07 -3.0500 -1.1400 4.6000 -2.0544 -1.5856 -0.6267 2.67 -3.27 8.84 102 223 211 226 171 
8.15 -6.99 3.05 2.7900 -1.3500 -4.1000 2.3656 -2.5511 -0.9067 6.59 -3.38 6.41 168 293 164 185 157 
6.89 -4.07 -1.29 -0.6300 1.6300 -4.0800 3.5644 -3.0456 0.8167 8.66 -3.13 3.34 127 395 174 189 158 
8.09 2.47 2.18 0.8000 4.6700 -0.3100 3.5311 -0.5544 -0.5167 9.43 -0.55 2.62 118 405 176 192 160 
9.49 3.17 3.79 0.0600 2.6600 0.8600 0.1533 -0.0144 0.3744 9.48 -0.35 2.48 117 405 181 195 159 
9.24 0.03 3.33 -0.5400 1.2000 1.5100 -0.6867 0.9744 -0.3867 9.28 -0.52 3.11 117 410 182 196 161 
10.95 1.71 2.35 0.6600 2.2600 -0.7700 -1.0178 0.3500 -0.0178 9.14 -0.72 3.46 118 416 185 197 162 
9.06 -0.28 2.03 0.2000 0.5700 -1.6600 -0.8444 0.2878 0.3156 8.88 -1.47 3.87 119 413 182 199 162 
7.78 -3.04 5.61 -0.5300 -1.4000 1.5800 -1.1944 0.7344 -0.0233 8.36 -2.31 4.57 121 411 183 199 161 
6.46 -4.62 5.95 -1.6900 -1.5100 1.2600 -0.3100 -0.1978 0.1211 8.26 -2.79 4.47 120 411 186 199 162 
6.21 -2.73 5.44 -2.4400 0.0500 1.0200 -0.6100 -0.4844 -0.2311 8.51 -2.86 3.93 148 397 182 203 166 
3.34 -2.04 -1.42 -2.6800 1.1300 -4.8300 -2.3589 2.2144 -2.5267 9.27 -1.31 2.90 164 300 235 272 193 
8.49 3.85 8.70 10.1500 4.0000 4.4800 2.1867 3.2944 0.5478 5.66 0.39 7.99 181 340 349 398 205 
;
