1.33 8.00 5.52 -0.0800 -0.0600 0.0000 -0.1000 -0.0711 0.0256 1.43 7.98 5.50 164 398 377 413 211 
-0.92 7.82 8.64 -2.3600 0.2100 1.1700 -1.9333 -1.5767 -0.2956 1.95 6.23 7.31 163 312 260 345 216 
4.59 6.50 3.05 1.2900 1.0500 0.3100 1.6378 -10.1256 2.0822 8.40 4.78 -1.62 95 243 264 259 208 
9.76 -0.53 -5.34 -1.9100 -4.1300 -2.6500 0.2489 -1.0589 1.2722 8.99 0.67 -3.83 91 154 146 181 156 
7.50 -1.68 -10.51 -0.5700 -2.0600 -8.1300 2.9489 1.8389 -0.8033 9.43 0.26 -2.65 93 160 159 176 132 
6.80 4.40 -5.83 -2.3000 6.1200 -3.0900 4.7044 0.6633 0.1811 9.74 -0.55 -0.89 96 164 168 180 133 
11.42 6.56 -0.67 0.0100 6.5800 0.2600 3.0700 0.9300 0.4311 9.72 -0.83 0.99 97 167 167 179 135 
8.89 6.27 4.14 -0.6200 7.2200 3.0700 -3.0778 -0.0244 -1.2933 9.75 -0.08 0.98 99 171 173 184 139 
11.30 1.37 -5.76 1.8100 -0.4700 -7.7000 -2.7344 -0.4678 -1.2333 9.54 1.67 1.49 99 172 177 186 140 
10.98 -4.28 -8.71 0.6400 -7.0800 -9.9400 3.4878 -2.2267 0.1611 9.56 2.17 -0.22 98 172 177 187 140 
6.14 13.62 7.21 -6.8300 28.7200 30.7200 -2.3322 -0.2744 -1.0833 9.40 2.42 -1.36 102 172 176 188 142 
8.99 10.04 6.99 1.6800 6.7900 4.3800 -4.7933 2.7867 -0.3367 8.88 2.69 3.16 107 264 240 253 180 
6.84 0.37 1.27 -2.7700 0.0000 -2.5300 -4.2533 -4.9811 4.2356 9.29 -3.10 0.22 168 289 171 178 153 
5.79 -4.82 -10.30 -2.8300 1.1800 -5.8100 -0.3822 -0.3822 2.3811 6.24 -6.61 -3.65 129 295 167 169 142 
4.62 -9.40 -8.24 0.0700 -2.0000 -6.3100 3.3389 0.4633 0.1133 5.06 -8.39 0.01 130 319 168 167 138 
3.19 -1.33 -0.66 0.7600 13.0300 -0.2800 6.2533 2.0767 -1.4500 4.60 -5.09 6.99 135 337 178 174 139 
1.03 11.19 15.90 -3.7500 13.6100 6.2000 -3.6833 -0.8078 -0.5133 4.72 -5.55 6.56 134 329 178 174 142 
7.58 -7.55 -6.26 3.2900 0.9300 -7.7600 -4.9311 -0.7411 -0.5856 6.38 -7.44 -0.08 138 328 181 178 144 
7.47 -11.16 -6.97 0.6400 -3.5400 -4.2800 0.5511 -0.2033 0.3267 6.50 -7.17 -1.54 138 324 181 179 144 
9.05 -11.45 -4.99 2.3800 -4.3200 -6.5500 3.9167 1.1744 0.8233 5.96 -7.44 2.26 136 327 182 179 145 
0.43 13.26 0.32 -7.1900 24.8800 -0.2800 6.5211 2.3111 0.1378 3.12 -1.52 9.16 140 332 188 181 148 
1.25 -2.81 5.75 -0.9900 1.6200 -1.8500 -3.0867 -1.4756 -0.0511 4.16 -5.51 6.95 144 335 188 181 149 
1.52 -3.18 0.99 -5.2300 2.3500 -4.3400 -3.5367 -0.6167 -5.5311 8.11 -4.64 2.95 158 312 197 199 169 
;
