-4.30 5.60 8.84 -1.5500 0.1000 1.1000 0.4578 -2.2322 0.7889 -0.60 5.78 7.89 161 357 345 370 205 
1.29 5.28 8.79 -2.2800 -0.0700 1.4100 -0.6644 -5.5122 -0.2222 5.46 5.36 6.11 134 281 257 267 192 
12.58 5.08 2.63 5.9100 1.1700 -2.3600 -2.0322 0.0067 1.9944 8.36 2.26 4.58 96 204 176 187 147 
11.07 3.57 -1.39 2.3200 4.1100 -5.9600 2.5911 0.5289 3.3411 8.47 -1.09 4.80 94 173 165 174 130 
7.60 5.14 1.92 -0.3900 7.7900 -2.5600 3.9356 1.6689 2.7678 7.21 -1.52 6.45 95 177 169 177 131 
8.50 2.57 6.72 -0.3100 4.1000 0.4500 2.8878 -1.6811 2.3933 7.77 -1.03 5.88 98 174 165 177 131 
10.43 2.58 8.71 2.9500 3.9400 3.0500 -1.0856 1.6133 -1.3189 7.84 -0.72 5.83 99 181 176 182 133 
7.63 4.66 7.00 0.6100 5.1900 0.6000 -2.8456 1.3922 -2.8556 7.09 -0.17 6.77 100 182 178 185 136 
11.25 -0.42 0.60 4.3400 -1.0300 -6.4700 0.0789 -0.7244 -1.3022 6.85 0.74 6.97 100 184 179 185 135 
8.93 0.31 3.60 2.0300 -1.2800 -2.5500 2.7956 -1.6644 0.9822 7.83 2.15 5.49 101 187 177 183 137 
7.25 5.91 4.55 -13.2900 12.4100 22.2500 -0.8500 1.7556 -1.8978 8.85 2.17 3.61 102 183 178 187 141 
6.98 2.77 6.22 -2.5100 1.4700 3.6700 -1.8511 -0.4989 0.5544 8.99 1.37 3.64 105 185 185 194 145 
13.18 3.46 5.84 2.7200 2.3500 0.4600 -4.2344 3.4078 -0.8311 7.37 -0.19 6.45 127 256 220 223 165 
2.18 -1.26 3.91 -2.4900 1.6500 -5.9700 -6.1711 6.9778 -2.9422 0.86 -5.75 7.89 179 359 183 183 153 
3.15 -2.69 4.33 3.4800 4.6700 -2.9300 1.9489 1.0211 0.0611 -0.85 -5.16 8.29 197 387 169 187 149 
2.14 -0.41 11.82 2.4600 1.7800 3.4700 2.4589 -0.8011 2.4267 -1.44 -1.57 9.57 197 389 161 188 151 
-1.79 -0.83 17.17 -2.8300 -0.8300 6.2400 -0.6778 -1.4156 3.4711 0.34 -0.61 9.78 197 387 172 185 154 
-3.09 -1.49 12.44 -4.3300 2.1100 2.3800 -2.2844 -0.8922 1.7233 1.24 -3.86 8.92 197 385 177 189 154 
-2.71 -2.42 7.72 -3.5000 3.6800 -0.3500 -2.4833 1.1789 -1.1222 0.94 -6.82 6.97 197 385 181 191 155 
1.95 -2.04 4.46 0.1100 5.4200 -1.8400 -1.1233 1.6622 -2.7367 2.49 -7.50 5.79 196 385 182 191 156 
5.56 -1.56 4.61 2.8100 5.0300 -1.5500 1.6256 1.2011 -2.1333 3.72 -5.38 7.30 196 382 183 190 155 
6.95 -4.01 9.66 3.1400 -0.3100 1.0600 1.7033 -0.3189 -0.3978 3.62 -2.96 8.61 191 380 182 193 153 
6.34 -2.38 10.64 1.5200 -1.4800 0.5500 3.0200 -1.4044 1.0100 5.19 -0.39 8.30 186 236 201 205 161 
10.81 5.30 4.79 3.6600 2.1300 -2.4000 7.4222 0.5533 3.9756 7.01 3.86 5.65 194 177 184 192 149 
9.98 7.78 5.61 -0.1100 2.6300 1.3400 2.3756 -0.6400 3.5778 8.77 2.74 3.41 196 169 169 178 140 
3.70 2.23 5.03 -5.4800 2.4900 2.5400 -1.2000 0.3322 1.7378 9.06 -0.79 3.65 199 174 173 181 140 
2.04 1.32 3.91 -7.9300 3.0000 0.7900 -3.1856 -2.5511 -1.7256 9.70 -1.01 1.02 200 169 182 183 140 
15.59 1.29 -6.92 4.2500 0.9500 -4.3200 0.0111 -0.7811 0.2233 9.75 0.10 -1.01 201 175 175 187 140 
9.51 0.51 -0.72 -0.2500 0.4800 0.0000 -0.0322 0.5189 -0.2422 9.79 0.21 -0.51 200 177 176 186 141 
9.11 0.18 -0.92 -0.1900 0.3600 0.3800 -0.1489 -0.0122 -0.0511 9.79 0.24 -0.46 200 180 179 188 141 
9.49 0.63 -0.81 -0.2800 0.3500 -0.2800 -0.0022 -0.1633 0.1522 9.79 0.17 -0.47 200 179 180 188 142 
;
