2.41 1.00 9.71 0.0000 -0.0700 0.2400 0.0578 -0.3400 -0.0800 2.49 1.09 9.42 159 310 313 353 203 
3.69 1.20 9.14 0.6900 0.0600 -0.2700 -0.2433 -0.7500 -0.5511 3.35 1.11 9.14 160 307 312 353 204 
10.13 3.50 13.72 5.2900 1.2700 6.8900 -0.2722 -4.5989 -0.0233 7.07 1.60 6.60 94 311 311 324 204 
15.69 -1.60 1.15 5.1200 -0.7500 -10.3400 -2.2044 5.1356 4.7244 3.89 -3.17 8.42 87 198 184 209 143 
-2.48 5.23 2.24 -1.3500 8.8400 -5.0300 2.7611 -0.6556 4.0667 0.41 -1.86 9.61 83 176 173 190 129 
-0.98 3.54 12.67 -1.1800 3.9900 2.2400 -0.4011 -1.6722 0.9811 1.95 -1.06 9.55 87 178 181 195 132 
-1.21 0.88 15.11 -2.2800 3.4400 5.6900 -1.5311 0.9589 -2.1811 2.26 -2.54 9.19 90 182 182 199 133 
6.77 0.06 6.50 5.1200 3.1700 -3.5800 -1.4267 1.4133 -1.9611 1.48 -4.23 8.72 87 185 188 201 136 
6.44 -5.55 3.03 4.3200 -0.9900 -5.5900 -0.1044 -0.8967 -0.6744 2.61 -4.51 8.30 90 188 189 202 136 
1.70 -3.48 12.60 -2.8400 0.7500 4.7900 1.1411 -0.1856 1.4422 4.14 -3.45 8.18 91 189 189 204 138 
0.83 -4.15 12.90 -1.8500 -0.8800 3.6800 0.3411 0.3578 0.6411 3.37 -3.67 8.44 95 194 197 211 145 
2.89 -6.76 11.04 2.6700 -0.9200 0.7600 -4.8422 0.8900 0.4267 2.25 -7.11 6.35 118 241 225 250 165 
4.46 -2.62 -0.68 2.1600 7.1800 -2.5000 -3.8278 -0.4511 2.1311 -0.87 -9.74 0.69 151 244 226 260 166 
-5.95 -7.59 0.21 -4.5000 0.6200 0.2800 -0.7044 0.0089 1.9589 -4.74 -8.50 -1.14 150 226 226 264 166 
-3.94 -8.01 -1.32 0.1700 0.1400 0.1400 -0.2933 0.1278 -0.2289 -4.35 -8.55 -2.00 151 246 229 271 170 
-5.58 -8.99 -1.94 -1.5900 -0.3200 0.1900 -0.4867 -0.4778 0.0200 -4.44 -8.47 -2.15 149 246 229 267 167 
-4.68 -4.33 -5.67 -4.0500 4.7500 -5.1300 -1.4422 -10.1656 -7.4478 1.09 -9.51 -2.11 148 234 222 245 160 
5.26 -5.66 -8.14 1.1100 1.9300 -3.3900 0.6100 -4.4656 -3.0444 3.82 -7.29 -5.32 143 228 221 241 157 
7.33 -7.73 -4.25 2.5600 -0.6800 0.1600 1.0033 0.4756 -0.4878 4.56 -7.53 -4.30 144 230 222 248 160 
5.31 -6.41 -3.55 0.3200 0.9900 0.7500 -0.4544 0.5156 0.1089 4.87 -7.42 -4.15 156 233 227 252 165 
7.28 -2.57 -0.67 -0.6900 5.2800 -4.4200 3.8267 15.7233 -2.0289 4.86 -5.53 6.47 165 300 297 340 200 
;
