-1.24 6.02 7.55 -0.0200 -0.0800 -0.0200 -0.0022 0.0011 0.0011 -1.20 6.06 7.60 175 381 362 412 223 
-1.23 6.00 7.56 -0.0400 -0.0800 0.0100 -0.0022 -0.0089 0.0033 -1.20 6.06 7.60 175 381 361 412 224 
-1.75 5.99 7.69 -1.2400 -0.2200 0.2500 -0.0778 -0.9022 0.1600 -0.61 6.02 7.71 163 351 337 387 223 
0.12 8.31 10.15 -1.8000 2.3400 2.6600 -1.0667 -4.0344 0.5600 4.22 5.09 7.23 100 242 199 224 161 
11.13 5.39 4.59 5.6100 1.4600 -4.5000 -0.2456 1.9644 2.2289 6.10 2.13 7.37 90 177 156 173 119 
8.63 1.93 1.85 0.8900 1.6200 -6.4100 1.2800 -1.5822 4.0600 7.07 -0.49 6.77 93 181 158 176 117 
3.00 2.95 5.75 -3.6000 5.2800 0.1800 2.4578 -1.8700 2.3944 7.97 -2.40 5.18 94 170 157 173 117 
8.49 1.27 7.78 1.9400 3.9000 2.9700 -0.8067 -0.0011 -0.9744 8.34 -2.18 4.67 98 183 166 182 121 
8.43 1.91 6.42 -0.8400 2.7500 0.4000 -2.0722 1.0100 -2.7289 8.17 -0.55 5.38 97 187 169 184 122 
12.16 1.37 2.48 5.7700 0.6600 -3.3600 -0.5289 0.8756 -1.4567 7.47 0.87 6.28 99 187 164 186 123 
12.39 1.31 -0.51 2.1800 -0.6400 -6.0600 3.2722 -1.3133 1.8322 7.99 1.43 5.49 101 189 172 186 125 
-17.52 12.21 32.75 -10.5600 -2.7800 3.6700 2.0689 -2.6956 -0.2078 8.90 1.61 3.78 100 190 179 190 124 
11.30 2.71 8.74 3.7800 0.8600 2.4200 -1.6811 4.7022 -0.7611 5.73 1.26 7.85 107 215 206 223 167 
-0.51 -3.24 8.66 -0.4800 -3.5000 -2.1500 -2.0422 5.0211 -0.7800 -2.92 -0.79 9.32 167 231 224 222 166 
-2.70 -0.55 5.85 2.1000 1.4200 -2.2200 -0.8467 2.8333 -0.6244 -6.52 -2.16 6.99 201 187 192 172 133 
-1.96 0.98 -0.86 6.0700 2.8300 -6.0000 1.2811 1.9644 3.7222 -8.72 0.92 4.37 202 184 185 181 139 
-18.81 6.57 2.58 -10.5900 1.4800 -0.8500 -0.1856 -1.3344 0.3900 -7.53 4.90 3.92 204 184 182 184 139 
-8.80 4.64 4.31 -1.6100 0.3800 0.5800 0.1711 0.0500 -0.2278 -7.50 4.63 4.28 203 182 185 184 137 
-6.88 4.16 4.29 0.6200 -0.3400 0.1000 0.0233 -0.1878 -0.0578 -7.55 4.51 4.32 203 184 184 184 138 
-7.82 4.46 5.02 -0.6500 0.3700 0.6000 0.1478 -1.1578 -0.5544 -7.30 4.20 5.01 202 199 203 194 147 
-7.02 4.37 6.95 -1.7000 1.5100 1.2200 -0.2378 -2.8811 -1.1378 -5.08 2.79 7.90 201 265 260 249 184 
-0.71 8.16 14.86 0.1700 8.6400 6.0500 -6.3867 -2.3900 -2.2822 2.01 -3.28 9.01 193 339 277 314 198 
7.57 0.80 -2.80 3.8600 7.8200 -9.3100 -4.4167 0.1311 0.2211 3.76 -8.34 3.50 188 400 346 386 216 
5.59 -6.51 -9.32 0.7500 2.6200 -12.9100 0.9400 -0.6789 0.5533 3.28 -8.99 2.09 174 411 355 411 220 
5.34 7.23 2.52 1.2300 15.2700 -1.5800 9.6244 -1.9533 1.3422 3.05 -2.33 9.02 177 417 364 414 223 
-0.85 2.67 20.45 -3.5400 3.7800 9.0300 -4.5767 -0.3089 -1.6167 4.15 -3.75 8.04 176 416 371 415 222 
4.86 -2.25 2.81 1.7500 3.8800 -3.7900 -3.5700 0.1344 -0.2167 4.05 -2.37 -0.01 178 410 371 415 222 
3.71 -6.32 -9.85 1.1500 1.6300 -15.8200 0.5300 -0.3811 0.0900 4.12 -8.25 3.32 177 412 373 415 224 
9.78 5.30 6.39 5.9700 12.7700 10.8300 6.5222 -0.0722 1.3000 4.49 -2.91 8.21 178 410 365 410 222 
3.27 -1.92 9.38 -1.8400 0.7600 -1.6200 -0.8778 0.0478 -0.5744 5.10 -3.36 7.66 179 404 366 400 220 
2.74 -2.28 2.88 -2.9800 0.1000 -6.0200 1.2700 0.3833 -2.2656 5.61 -1.05 7.97 179 336 313 321 214 
;
