0.01 2.34 9.41 0.0100 -0.0300 -0.0400 0.0111 -0.0144 0.0056 0.00 2.41 9.50 157 299 287 292 188 
0.01 2.49 9.48 -0.1100 0.0700 -0.0400 0.0156 -0.0067 0.0567 0.03 2.43 9.49 156 298 290 295 188 
0.18 2.49 9.49 -0.0300 -0.0100 0.0000 0.0933 -0.0033 0.1456 0.14 2.49 9.48 154 300 287 297 189 
-1.76 3.00 10.54 -1.9200 0.2200 1.2700 1.1022 -4.9089 -0.0656 3.44 3.40 8.52 150 333 302 309 193 
13.07 2.88 -0.16 7.4400 -0.3700 -4.1000 1.6822 -3.1622 2.3833 8.74 4.03 1.84 103 256 237 256 149 
9.93 1.95 -5.12 0.7300 1.1100 -7.0600 2.2189 -0.3900 3.1867 9.51 -0.13 2.35 93 186 183 191 118 
6.92 5.53 -2.27 -3.0000 7.4100 -3.1700 4.9433 -0.7422 0.9411 9.34 -1.42 2.62 96 184 181 187 118 
9.60 5.84 3.76 1.5300 6.7700 1.9700 4.2467 -2.0589 0.6300 9.66 -0.78 1.48 96 178 175 182 116 
10.96 4.64 4.72 -1.1600 4.6500 4.6900 -2.7700 1.2722 -1.0444 9.62 -0.45 1.80 99 185 182 191 120 
11.01 3.12 1.02 2.0200 2.8800 -2.2500 -2.6078 0.5011 -0.7789 9.42 -0.16 2.71 98 188 186 190 121 
9.36 -0.81 -3.03 0.0600 -0.6500 -5.9600 -0.9033 0.1300 -0.3211 9.25 -0.07 3.24 100 190 188 193 121 
10.56 -1.71 -4.57 2.1400 -2.1900 -6.9200 2.5044 -0.9789 -0.2467 9.55 0.74 2.08 102 191 187 193 122 
11.40 3.46 0.21 1.4600 5.6000 3.5200 3.8789 0.2622 0.8833 9.62 1.41 1.20 103 188 185 194 125 
8.15 1.72 2.75 -2.4600 -0.5000 -0.1900 -1.4211 0.7244 -0.2156 9.08 1.39 3.41 107 206 200 217 147 
8.56 -0.22 4.72 1.2800 -3.0500 1.2900 1.5844 -0.4544 2.4467 8.99 0.77 3.82 171 281 260 261 161 
3.60 -0.79 3.59 -6.5500 1.5200 2.0800 0.8300 -2.7089 2.0144 9.27 -3.11 0.73 192 228 227 218 151 
-1.54 15.24 4.72 3.7000 10.7200 0.6800 -4.6333 4.0756 -6.9856 9.47 2.49 -0.37 196 177 191 191 129 
9.53 0.49 2.13 -0.8200 -1.4300 2.4600 -0.1133 0.8400 0.7056 9.67 1.25 -1.04 201 181 194 193 130 
8.68 1.27 -1.16 -0.6500 0.3900 -0.8900 -0.1278 0.1333 0.3167 9.76 0.66 -0.67 202 183 196 194 130 
;
-0.67 2.82 9.80 -3.6400 -0.6900 0.7200 0.4722 -4.9178 -0.6067 3.81 3.61 8.27 158 298 294 290 185 
10.82 6.99 0.38 4.7100 -0.7900 -3.0000 1.1044 -4.6844 -0.4367 8.45 4.96 0.09 98 316 303 316 189 
12.67 4.22 -5.02 4.5100 1.4000 -6.6600 1.8900 1.4222 1.8711 9.13 3.31 1.27 99 237 232 245 159 
8.33 4.42 -3.92 -1.6700 2.9400 -5.3700 4.6822 0.3956 2.7444 9.68 0.08 1.55 93 200 195 194 127 
7.00 6.79 -0.58 -2.9800 7.8400 -1.6000 5.2689 -0.3433 0.8867 9.65 -1.09 1.32 95 187 182 186 111 
10.04 3.83 0.42 1.0700 5.0800 0.4600 3.3544 -1.7778 0.6289 9.68 -1.43 -0.62 96 186 183 183 113 
12.03 2.71 2.50 2.4900 4.3400 3.6000 -2.4022 1.8889 -0.7544 9.73 -1.04 -0.60 98 192 189 190 115 
10.36 1.79 -2.35 0.1900 1.8500 -3.1900 -2.5756 1.0244 -0.4478 9.75 -0.42 0.89 99 194 189 190 117 
9.09 -1.19 -5.24 -1.1600 -1.7500 -6.1700 0.0867 -0.8189 -0.2878 9.76 -0.09 0.88 100 194 193 193 118 
11.05 -1.14 -1.56 0.2400 -1.9800 -2.4100 1.7011 -0.2556 -0.7733 9.75 0.97 0.12 100 194 190 193 120 
9.72 5.31 0.33 -5.9600 23.9900 40.2300 -2.9622 -0.7111 0.4444 9.74 0.76 -0.73 101 196 195 195 124 
10.03 1.35 -0.69 1.3100 -0.2700 -1.6100 0.3267 1.2456 -1.0189 9.57 1.94 0.88 114 257 241 248 164 
9.40 1.58 3.99 -0.1500 -1.5400 1.3600 1.3489 0.8944 1.3500 8.83 3.09 2.90 175 297 259 273 168 
2.78 -1.22 2.37 -5.5900 1.0500 0.6700 -0.7211 -3.6767 4.7544 9.31 -3.05 0.15 196 204 198 192 131 
6.96 3.78 -5.73 2.2200 6.4900 -7.1400 -2.5133 1.4589 -3.5811 9.77 0.20 -0.75 200 184 192 193 128 
9.78 0.00 -0.50 -0.6900 0.4900 1.9800 -0.0589 0.1478 0.4867 9.70 -0.41 -1.34 199 186 194 196 129 
9.87 -0.15 -1.83 -0.0200 0.1000 -1.0800 -0.0789 0.1667 0.0822 9.73 -0.48 -1.05 200 189 197 197 131 
;
