7.56 6.01 2.07 -0.1600 0.2800 0.0400 -0.2311 -1.2567 -0.1711 7.76 5.79 1.49 182 309 320 322 213 
9.14 7.96 4.35 0.8500 1.4300 2.3300 -1.2967 -1.6111 0.2211 7.87 5.84 0.07 102 271 260 267 203 
12.07 4.98 -3.39 4.0200 0.2000 -3.2900 -0.6467 0.1611 1.8567 8.93 3.97 -0.69 86 201 176 182 129 
8.02 2.41 -8.32 -2.3300 -0.2500 -7.7200 2.9611 1.0667 0.6911 9.57 2.08 -0.31 91 181 170 178 122 
8.34 5.70 -3.51 -2.0600 5.2100 -1.8100 4.2778 1.1978 1.2889 9.79 0.34 0.30 93 189 176 185 124 
9.70 5.34 0.92 0.2200 5.5700 0.9900 3.5589 -0.8533 0.4900 9.77 -0.66 -0.45 91 172 174 183 127 
10.25 5.31 5.25 0.0200 6.3200 5.9700 -3.4478 1.0956 -0.6711 9.80 -0.03 -0.17 95 190 186 189 129 
11.35 4.09 -2.65 2.0300 2.6500 -5.0000 -3.2911 1.0356 -1.3733 9.50 1.55 1.86 97 191 186 191 129 
9.28 0.86 -4.41 -0.1700 -1.4000 -5.8400 0.6433 -0.2522 -0.6833 9.33 2.36 1.87 97 193 187 191 130 
8.51 1.81 0.25 -0.9600 -0.9900 -0.0200 1.9456 -1.5656 -0.1489 9.27 3.06 -0.89 95 194 185 190 129 
3.60 4.44 2.79 -0.2100 -0.4100 0.0800 0.5378 0.1044 -0.2422 9.34 2.89 -0.65 98 186 186 192 132 
8.10 4.51 3.56 -0.8900 1.3600 3.2200 -2.2300 1.8044 -0.7711 9.01 3.41 1.79 100 195 192 198 141 
12.40 3.23 2.79 3.5200 0.0700 -2.1300 -1.8744 0.1622 1.7356 8.67 1.41 4.33 159 297 263 267 186 
4.97 -3.67 -0.40 -2.5000 0.5200 2.1900 -1.4744 -5.1778 2.5044 7.96 -3.87 -4.21 186 311 282 313 205 
3.63 2.42 -1.43 -3.1500 4.2600 4.8200 -4.2500 -2.4878 -1.5700 2.99 -0.34 -9.33 190 307 288 339 215 
6.32 4.13 -18.89 3.7400 1.3100 -4.0400 1.3611 0.1067 -0.4367 1.85 1.67 -9.48 193 306 291 332 214 
2.48 1.39 -9.31 0.2700 -0.0100 0.0800 0.0822 0.2133 0.1600 2.16 1.34 -9.47 191 303 289 321 209 
2.42 1.27 -9.16 -0.1900 -0.0500 0.4100 0.0233 0.0267 -0.0322 2.37 1.26 -9.42 190 302 287 319 211 
2.89 1.63 -9.07 0.8000 0.3300 0.3200 -0.0800 0.1922 0.0000 2.63 1.35 -9.34 190 300 283 312 207 
15.19 2.55 -10.77 10.6000 1.0000 -2.7400 -0.9122 6.7256 -0.1033 7.00 2.32 -6.45 176 285 265 250 190 
17.10 7.55 -4.10 6.0500 4.7600 -10.1400 -6.6833 13.7067 4.2022 4.78 -1.74 8.38 186 177 173 181 139 
6.96 1.53 1.16 11.1000 8.2100 -8.5000 -1.8411 6.4222 6.5033 -7.18 -2.45 6.20 187 183 187 187 145 
-18.20 3.13 3.41 -9.1600 -0.0900 -0.0900 -0.1933 0.0400 0.8811 -7.94 3.78 4.32 190 185 195 189 147 
-5.65 3.92 5.32 1.1500 0.8000 0.2800 0.0678 -0.0756 -0.3111 -7.94 2.97 4.91 190 185 196 191 147 
-8.17 2.98 4.80 0.2700 0.0100 0.1300 0.0822 -0.1578 -0.1267 -7.86 3.01 5.02 189 187 197 193 148 
-7.57 2.73 4.85 0.0400 -0.1200 -0.3200 0.0044 0.0667 -0.0844 -7.87 2.93 5.05 188 190 198 194 149 
-7.62 2.78 5.09 0.2600 -0.4200 -0.3100 -0.0044 -0.0011 0.0189 -7.88 2.92 5.04 190 191 199 195 149 
-7.73 2.84 5.01 0.4400 0.0800 0.0000 -0.1189 0.0056 0.1133 -7.82 2.97 5.10 190 192 197 195 149 
;
