4.37 5.52 6.34 1.2400 -0.5300 -1.0400 -0.0122 0.2267 -0.0856 3.39 5.75 7.17 160 315 340 365 214 
1.18 6.26 8.29 -2.8000 0.3300 1.5700 1.0978 -2.9522 1.3344 4.73 5.93 6.20 130 331 311 325 217 
9.40 5.28 7.78 2.3300 0.4900 3.2600 -2.1689 -1.5522 0.5333 8.11 4.32 3.41 94 222 204 200 171 
13.43 -0.35 -5.67 2.8200 -3.3200 -10.4900 2.5522 -1.7800 2.2944 9.58 1.74 1.12 92 174 157 165 136 
6.12 3.08 -5.46 -2.3000 4.2400 -4.5400 4.1744 -0.4167 1.8778 9.76 -0.81 0.28 95 176 159 169 132 
11.52 6.89 2.65 -0.6200 7.2900 2.7300 2.5033 0.1389 0.7600 9.55 -2.08 0.76 97 173 156 169 136 
8.83 6.21 3.85 0.4100 8.7200 3.3500 -3.3711 0.6589 -1.5733 9.71 -1.33 0.22 99 181 168 174 139 
11.56 -3.12 -8.72 2.2600 -4.5700 -8.5200 -0.7156 -0.6933 -1.9122 9.66 1.60 -0.42 99 182 167 177 137 
12.45 1.06 -1.28 1.4800 0.2600 2.6800 2.9311 0.5578 0.1122 9.40 1.89 -2.04 100 179 165 179 146 
12.94 5.68 5.18 3.4700 4.1200 6.6500 -2.6244 3.8600 -0.6111 9.27 2.63 1.77 99 218 202 210 159 
14.60 1.84 4.56 3.4100 -0.8100 -3.5300 -7.4700 4.6178 -0.7233 3.34 -2.69 8.81 161 216 151 157 138 
2.31 -4.80 2.16 -0.5700 2.0800 -5.2700 -0.3789 -2.9822 2.9733 2.18 -6.69 6.83 126 247 143 157 132 
0.23 -3.51 6.21 -1.3500 3.1800 -0.4900 0.7500 -1.8333 0.6700 2.30 -6.41 7.05 129 244 146 161 133 
4.06 -4.93 8.61 1.1000 1.1900 1.3600 0.2667 -0.1378 0.3100 2.63 -6.06 7.24 127 247 147 162 134 
2.61 -4.77 7.94 0.6100 1.4100 0.8100 0.2356 0.0478 0.0789 2.43 -5.78 7.53 131 244 153 163 137 
1.79 -2.02 9.13 -0.6400 4.2000 1.2500 -0.6356 0.7944 -1.4667 2.09 -5.76 7.64 134 244 154 163 138 
1.99 -7.43 2.89 -3.0700 -0.7600 -4.5300 -1.7556 0.8267 0.6667 0.91 -7.65 6.05 135 242 152 166 138 
-1.18 -9.77 2.58 -1.8100 -1.3900 -2.7300 -0.4978 0.2622 -0.5967 1.17 -8.26 5.15 133 225 156 167 140 
0.90 -6.97 3.10 -1.5300 2.7300 -2.7800 0.3978 0.1233 -0.8467 2.40 -8.09 4.98 149 198 181 206 170 
7.52 -7.25 2.86 4.5100 -3.7100 -5.0300 -2.1533 0.3289 2.3800 0.94 -9.63 1.58 153 200 185 195 147 
-1.83 -9.01 2.80 -2.6400 -0.2500 1.0100 0.0100 -1.4456 -0.4500 0.24 -9.77 0.75 154 206 196 206 156 
-1.49 -9.86 0.63 -1.2900 0.6600 0.0800 -0.0689 -0.3467 -0.2211 0.15 -9.80 0.19 152 201 192 203 151 
-1.14 -9.83 0.53 -2.1500 0.5300 -0.5600 -1.1622 -2.0500 -1.6267 0.81 -9.73 -0.86 148 203 193 202 151 
0.83 -4.36 -7.92 -4.0600 3.5600 -4.9500 0.5456 -7.7744 -7.2522 5.10 -6.49 -5.28 152 206 189 206 153 
7.56 -3.29 -11.53 -0.5700 -0.0800 -5.9000 1.9467 -2.2922 -2.2011 3.48 -4.73 -7.84 147 207 192 201 153 
4.61 -5.39 -6.75 3.8700 1.3000 1.8200 1.0100 -0.3322 -0.0689 3.18 -6.17 -6.91 146 207 195 206 154 
3.72 -5.97 -6.21 1.3000 0.4500 1.2000 -0.7256 0.9311 0.4711 3.33 -5.83 -7.14 148 210 197 207 157 
;
