1.48 4.81 8.31 0.0000 -0.0200 -0.0800 -0.0067 -0.0233 0.0000 1.52 4.88 8.36 156 319 316 330 206 
1.77 5.09 8.27 0.1600 0.1300 -0.0500 0.1133 0.1878 0.1311 1.50 4.92 8.34 158 319 321 336 208 
1.73 5.96 9.12 -1.3100 1.3900 0.7500 1.2533 -2.6778 1.1800 3.36 5.56 7.34 135 339 331 354 218 
7.01 5.27 9.95 2.0300 0.2100 4.0700 -1.4622 -2.5022 -0.0422 6.15 4.98 5.78 97 277 286 282 188 
11.46 3.08 -1.19 3.3800 -0.2200 -4.9600 0.2833 -4.1878 2.5678 9.61 1.60 1.05 89 179 179 185 121 
7.27 1.99 -6.84 -1.6200 3.0200 -7.1800 3.4167 1.2289 1.1689 9.74 0.06 1.11 91 180 170 178 113 
5.72 6.18 0.36 -1.0400 7.3400 0.3700 4.6578 0.1633 0.6022 9.59 -0.04 2.02 93 182 174 180 114 
-2.07 4.85 25.12 -9.3700 6.9800 29.1200 -2.1156 1.1611 -0.2056 9.40 -0.03 2.76 95 182 182 186 117 
9.35 6.35 6.92 1.2900 5.9100 2.3000 -3.9067 0.2411 -1.7867 9.25 0.95 3.09 96 182 184 188 118 
11.11 2.94 -5.13 -1.9700 -0.2300 -10.3200 -0.8167 -0.5433 -1.6100 8.77 2.28 3.72 97 185 186 187 120 
13.06 3.09 1.09 4.9600 -0.3000 -1.1700 3.2911 -0.3033 0.4722 8.73 4.04 1.87 97 186 184 187 122 
-1.39 16.00 26.40 -5.3700 -0.1500 1.3900 0.9622 -0.8056 0.3056 9.06 3.72 0.20 97 185 186 191 125 
7.00 4.99 5.19 -0.0600 -0.0100 2.5300 -2.4156 2.6189 -0.9578 8.54 3.79 2.95 119 302 265 279 190 
8.27 2.67 1.44 0.6100 -0.0500 -1.8600 -1.5311 -0.4278 -0.5411 8.62 3.09 3.49 172 358 188 193 142 
8.53 7.82 -0.37 0.8100 3.6900 -4.2400 1.4378 1.3344 -1.8533 7.63 4.95 3.66 146 384 191 192 141 
8.67 11.98 -0.11 4.5000 6.7100 -1.3300 3.9944 2.1178 -0.4056 5.63 7.72 2.16 139 389 193 194 143 
6.60 11.45 3.37 0.9200 3.9000 3.5600 2.9456 -0.6267 2.8922 7.70 5.92 -1.29 146 388 195 195 143 
8.23 7.46 3.11 -2.0100 3.0100 3.7300 -1.2267 2.5500 2.2544 9.50 2.43 0.01 146 383 195 199 143 
1.28 1.29 2.01 -7.9900 1.0400 0.2100 -3.8789 -0.0067 1.0522 9.65 -0.59 1.63 145 384 199 201 142 
7.03 2.27 -4.33 -2.8500 2.9500 -4.1200 -3.2444 -1.3144 -2.0189 9.73 0.72 -0.89 141 383 188 201 137 
9.09 6.25 -3.29 0.3900 2.5900 -2.7500 -0.2956 0.4822 -2.7978 8.49 4.90 -0.12 141 382 193 203 139 
9.37 8.12 -1.94 2.1200 2.0300 -1.1100 0.9133 0.1933 -0.8633 7.20 6.62 -0.50 143 384 192 202 139 
9.76 8.39 -1.74 2.0800 1.1400 -1.9600 0.8522 -0.0667 0.8144 7.40 6.35 -0.97 138 382 194 203 142 
10.63 8.80 6.36 2.6800 4.6900 9.2300 -1.3278 2.1956 1.5444 8.53 4.81 0.25 181 376 186 199 146 
5.81 6.29 3.12 -0.9600 5.1100 -4.6900 -9.5700 6.0889 -0.0378 1.70 -4.62 8.47 199 391 198 208 150 
0.00 -8.57 0.56 0.2900 1.9700 -3.4000 -1.4089 1.0656 -2.7700 0.41 -9.15 3.48 203 396 197 206 151 
4.06 -3.56 2.06 2.4700 5.4700 -2.1000 1.3867 -0.1167 0.2178 0.98 -8.66 4.48 200 397 197 208 151 
4.25 -3.68 6.62 3.9900 2.8100 0.1000 3.9511 -1.2922 1.1789 0.87 -5.40 8.13 201 397 196 208 151 
2.14 -4.18 16.57 1.1500 -0.8400 9.8400 0.9678 -1.9178 2.7789 2.33 -2.70 9.13 200 396 198 208 151 
1.35 -5.99 12.83 -2.7300 -1.3300 4.5400 -1.9156 -2.0544 2.9267 3.64 -5.95 6.88 202 395 203 209 151 
-2.51 -1.02 6.53 -4.7800 6.8400 0.5400 -1.3100 1.3067 0.1811 1.16 -8.36 4.98 203 396 202 209 151 
0.31 -1.57 4.43 0.2200 8.1300 0.2400 -1.0600 2.9278 -2.2544 1.58 -8.99 3.56 203 396 202 210 152 
5.25 -1.33 4.14 3.4100 6.1600 -0.8700 1.1889 2.1200 -2.0700 3.07 -7.80 5.07 205 397 203 208 151 
11.23 -3.40 8.20 5.3400 1.5800 1.5700 1.8078 0.7922 -0.2389 3.16 -5.11 7.74 204 398 201 208 153 
4.16 -6.75 12.22 -0.5000 -3.7100 4.0500 0.7122 -0.1744 0.6933 3.41 -3.43 8.52 202 396 204 208 153 
3.79 -3.27 8.89 -0.1100 0.2800 0.2700 -0.2956 -0.1000 -0.1411 4.05 -3.49 8.21 203 396 202 209 152 
4.29 -3.24 7.61 0.5800 0.5900 -0.4700 -0.0800 0.1389 0.0933 3.99 -3.59 8.20 203 396 204 208 153 
;
