2.11 2.97 9.10 0.0600 0.0500 0.0000 0.0078 -0.0100 0.0267 2.12 2.91 9.12 155 290 296 305 196 
1.14 2.76 9.22 -1.1800 -0.2500 0.2300 0.3489 -1.1789 -0.0089 2.79 3.12 8.86 151 300 298 307 196 
7.75 3.99 7.90 1.7600 0.7600 1.0200 1.4633 -3.8167 1.0867 7.37 4.18 4.91 93 306 284 300 185 
13.88 2.86 -1.11 6.8200 1.0800 -7.9200 1.2789 -0.6867 2.7767 8.62 2.18 4.13 89 185 185 191 127 
9.85 5.44 -2.91 -0.9900 4.8000 -6.7900 4.9044 0.4889 3.6033 8.89 -0.12 4.13 92 184 186 188 125 
5.27 8.74 4.13 -3.9400 9.4000 0.1800 3.9478 0.9178 1.6256 8.45 -0.06 4.96 93 189 189 190 128 
4.40 4.33 16.13 -4.4600 2.9100 5.3000 -0.3044 -1.0144 -0.0322 9.06 -0.52 3.71 95 186 187 190 129 
11.46 5.24 3.54 2.5300 5.4300 -0.6900 -2.7378 -0.0656 -1.3656 8.98 -0.11 3.91 95 188 190 193 129 
12.48 -3.78 -6.13 3.0700 -4.6000 -9.6300 0.8033 -0.7789 -0.3256 9.28 0.31 3.14 95 187 190 193 128 
9.78 1.58 4.35 -3.5800 5.7100 14.4300 -1.5800 1.3733 -0.7856 9.62 0.54 1.78 97 188 190 198 138 
9.21 1.95 7.41 0.2900 2.1300 5.8900 -1.8456 1.5856 -0.3178 8.94 0.58 3.97 104 204 219 236 165 
13.61 -0.40 4.37 6.8300 0.0000 -2.3900 -4.7944 3.9056 0.2589 6.35 -2.10 7.16 148 346 334 363 198 
6.13 -4.59 -1.16 0.9200 -0.0400 -6.6100 1.9589 -8.3400 2.1656 7.79 -4.97 3.25 167 377 355 387 201 
7.38 0.52 0.02 0.1900 5.9300 -0.8600 4.6200 -1.4133 -0.0811 8.39 -4.61 2.10 186 400 371 413 202 
9.06 1.51 5.27 0.3500 5.2300 1.9000 0.0044 -0.2322 -0.3800 8.58 -3.55 3.11 192 398 369 411 203 
10.72 3.11 2.59 3.2500 6.9100 -0.8900 -4.5944 0.6944 -0.5189 8.54 -4.09 2.53 180 365 357 411 207 
7.71 -5.16 -2.18 -2.2700 0.8900 -4.1300 -4.4656 0.4678 1.6678 7.34 -6.49 0.13 180 298 312 372 207 
3.97 -10.54 -3.92 -2.4900 -2.8400 -2.5600 -0.5233 0.4022 0.6067 6.21 -7.51 -1.05 179 305 324 373 206 
;
