-1.60 3.32 8.89 0.1400 -0.1200 -0.1200 0.0444 0.0722 -0.0133 -1.81 3.48 8.98 171 383 381 412 224 
-1.64 3.39 8.81 0.1100 -0.1200 -0.0700 0.0233 -0.1044 0.0244 -1.74 3.54 8.97 169 380 381 413 224 
-1.19 4.16 12.96 -2.5800 -2.3900 4.6400 -0.5056 -3.9478 -0.4278 2.27 4.03 8.64 168 346 334 367 220 
5.36 6.28 15.65 0.9500 6.0600 6.9800 -4.0544 -3.2656 1.2833 5.85 -0.39 7.85 169 282 303 327 211 
6.30 4.98 3.96 0.3700 10.2600 -2.2100 -5.3122 0.8733 3.2922 4.72 -7.44 4.29 168 258 249 262 193 
0.18 -4.10 -1.48 -0.9700 5.9500 -2.3000 -3.6256 0.6700 1.1389 1.65 -9.64 -0.65 170 263 249 261 194 
0.12 -10.21 -8.65 -2.2600 -1.5600 -8.3300 -0.4589 0.0722 -0.2433 1.36 -9.34 -2.63 169 276 251 264 192 
-2.61 -3.77 1.72 0.5800 13.9900 18.7300 3.4678 1.0444 -0.7022 3.04 -8.41 4.00 170 282 269 274 199 
2.86 -4.12 5.42 -1.0900 3.3400 -0.0900 -2.7400 -1.5467 1.3422 2.09 -9.56 0.53 169 285 269 274 199 
-3.37 -13.46 -21.75 -6.3100 -3.0900 -18.8200 2.9767 1.2867 -1.1733 2.27 -9.53 0.29 170 288 272 279 202 
4.38 2.50 23.13 3.8200 8.8000 13.9900 0.2733 -0.9067 -0.0956 3.31 -7.93 4.71 172 291 287 295 207 
3.20 -8.02 5.87 -0.0500 0.3700 2.0400 -1.4756 -0.6611 0.7978 2.86 -8.94 2.80 166 295 292 302 208 
2.35 -9.15 -0.51 -0.0300 0.5100 -1.7100 -1.2867 -0.3522 0.8933 1.63 -9.65 0.43 156 301 308 312 208 
0.88 -9.18 -1.63 -0.5900 0.2300 -1.3700 -0.8778 -0.4978 0.7656 0.43 -9.73 -1.11 162 290 288 287 200 
-0.89 -9.61 -6.73 -0.9400 -0.0300 -4.6700 -0.1322 0.5367 -0.4556 0.72 -9.53 -2.17 160 288 285 284 199 
-3.17 -8.72 -12.01 -5.1100 -1.0500 -11.8900 3.4889 2.2667 -1.3133 2.14 -9.55 0.58 159 305 290 284 204 
8.00 0.67 30.97 5.0700 6.2300 18.3600 -2.1644 -0.5911 0.4111 2.49 -8.75 3.65 165 306 295 290 207 
1.97 -8.00 0.71 -0.9500 1.5400 -1.7100 -2.9411 -0.9256 1.0289 1.63 -9.64 -0.74 165 301 292 287 204 
-3.24 -8.18 -14.03 -4.4900 -0.2800 -12.6000 1.1700 1.8033 -0.5822 1.95 -9.53 -1.20 165 297 285 287 203 
4.71 -0.31 10.59 3.9300 7.8400 10.9300 3.5878 1.4378 -1.6856 4.25 -7.37 4.87 168 299 290 294 209 
5.45 -5.19 3.33 0.2000 1.0400 -1.3800 1.1789 -2.3156 0.4078 5.31 -6.79 4.66 159 291 298 292 209 
10.20 -6.13 1.35 4.5000 -0.2700 -2.7100 3.5822 -4.5600 0.0944 8.27 -4.38 2.89 163 287 310 325 213 
13.18 -1.94 0.33 2.6400 2.4700 -2.6900 5.5256 -2.7444 0.9278 8.91 -3.61 1.91 164 319 345 394 221 
7.52 1.50 -1.58 0.3100 4.8500 -1.4100 4.9422 -2.4611 -0.0056 9.19 -3.40 0.11 171 331 350 403 226 
9.26 0.88 1.62 0.6400 4.0600 1.4900 1.1211 0.1089 -0.2600 9.42 -2.65 0.48 181 327 352 404 228 
10.03 0.23 1.39 0.4900 2.9600 -0.0900 -1.2256 0.1089 0.1889 9.36 -2.83 0.69 190 305 347 404 225 
12.88 3.00 -1.68 3.5000 5.3800 -3.1600 -3.4033 1.7900 0.4367 9.01 -3.38 1.83 181 258 305 372 226 
2.05 -7.66 -2.17 -2.7500 -3.8400 -3.3600 -2.9156 0.3478 1.3022 7.82 -5.91 -0.02 180 253 299 345 227 
6.18 -8.01 -2.87 -0.9900 -1.2000 -2.3900 -0.2122 0.5000 -0.0756 7.66 -6.11 -0.25 178 258 299 348 228 
7.38 -5.28 -0.69 0.3500 1.1900 -0.2800 0.1622 -0.0467 -0.0811 7.71 -6.05 -0.17 179 259 300 347 227 
;
