13.46 4.49 14.96 8.4200 3.4900 8.7500 -4.7333 -0.2511 1.6444 6.95 -0.60 6.88 167 299 318 320 198 
4.37 1.17 4.06 -1.2800 9.1800 -2.5600 -7.5922 1.3811 3.8033 2.68 -9.27 1.73 170 241 243 252 172 
-1.31 0.61 -5.57 -0.6500 7.6200 -1.4500 -4.4222 -0.0456 2.0189 -1.41 -7.03 -6.68 170 248 242 257 162 
-6.48 -3.29 -13.44 -4.6300 3.2600 -8.0300 0.5622 0.6011 -0.2967 -2.19 -6.28 -7.20 169 269 255 272 170 
-3.05 -2.17 4.54 5.3200 10.5700 20.9100 3.6989 -0.1489 -0.6556 0.38 -9.78 0.54 170 293 272 273 177 
-1.10 -5.49 -5.38 -2.4100 3.4200 -4.9600 -4.8500 -0.2822 1.9100 -1.44 -8.07 -5.38 172 290 266 289 178 
-6.27 -5.14 -17.03 -4.1400 -0.3200 -8.9900 7.1989 1.2644 -3.0756 -0.20 -9.16 -3.48 171 301 281 292 183 
2.74 -6.59 4.12 1.5000 2.7400 2.7500 -1.4278 -0.0711 -0.1122 1.39 -9.67 -0.82 171 322 311 338 194 
1.58 -9.20 -2.41 -0.1400 -0.2600 -0.6300 -3.4933 -0.7678 1.0744 0.47 -8.27 -5.23 157 355 342 391 196 
;
-1.77 -7.24 -8.99 -1.2400 0.4400 -2.3800 0.4322 -0.3667 -0.3644 -0.01 -7.57 -6.22 161 351 339 394 197 
0.48 -7.15 -5.53 0.4200 0.2900 0.4200 -0.1944 -0.3733 0.2011 -0.22 -7.65 -6.13 164 315 313 332 194 
-1.40 -6.07 -8.30 0.5200 1.5200 -1.8800 -0.7200 -0.6022 0.1989 -1.35 -7.09 -6.63 166 294 273 280 178 
-4.21 -4.33 -14.50 -2.7600 1.8000 -9.1700 7.6522 2.1744 -1.9289 0.38 -9.38 -2.80 164 307 271 277 181 
7.20 -1.59 18.23 4.0200 3.7800 10.0500 -2.9044 -0.3344 0.7478 0.81 -9.66 1.46 166 314 280 285 178 
-1.58 -7.33 -5.94 -0.7300 1.2700 -5.0600 -3.9567 -0.0211 1.1911 -0.98 -8.41 -4.93 167 312 288 298 183 
-4.18 -4.70 -18.85 -2.6200 3.3500 -13.3000 6.8322 0.6544 -1.5256 -0.07 -9.43 -2.65 166 311 286 286 186 
8.96 0.87 18.32 4.9600 5.6500 9.8700 -0.9733 -0.5833 0.1600 1.77 -8.63 4.28 166 317 291 287 188 
;
