-1.38 6.38 9.31 -0.5000 0.8600 -0.0300 -3.3489 -1.8033 0.4711 -0.82 2.81 9.35 156 236 203 231 189 
-0.14 -0.32 9.20 -0.4500 -2.5800 -0.8600 2.0933 2.3900 -0.2089 -1.80 3.20 9.09 159 268 233 249 191 
-2.42 3.59 8.48 -0.4000 0.2200 -0.3100 0.1789 -0.0700 0.1000 -2.04 3.51 8.92 158 270 242 258 194 
-2.36 7.90 20.30 -2.8500 2.8300 11.0900 -2.8422 -4.0322 -1.2756 2.57 3.51 8.78 161 274 265 260 198 
4.56 6.54 11.39 1.6600 8.5300 1.4700 -6.7733 -0.0811 1.1878 3.50 -4.56 7.93 171 263 257 264 195 
4.11 2.04 1.69 2.0700 9.8800 -3.5700 -5.0922 0.0289 0.4956 2.20 -9.49 1.04 162 255 242 261 190 
0.24 -7.39 -5.87 -1.7100 0.6200 -5.2800 -0.3900 -1.4100 0.0878 1.43 -9.55 -1.70 164 263 239 255 187 
-2.43 -10.94 -11.95 -5.2500 0.0000 -9.9700 5.1133 1.4533 -1.4511 2.64 -9.07 2.60 170 274 245 262 190 
5.72 -3.36 12.22 0.9100 3.3500 4.3700 -1.4356 -0.9311 0.5800 2.45 -8.84 3.45 171 275 249 260 192 
1.06 -8.57 -1.22 -0.8200 1.0400 -2.7400 -2.7100 -1.5289 1.2511 1.20 -9.73 -0.04 177 275 248 260 189 
-5.21 -10.65 -12.76 -4.5200 -2.0200 -12.8600 1.5433 2.4767 -0.5822 1.31 -9.70 -0.57 176 280 249 265 192 
9.27 2.25 19.36 5.3100 6.4200 8.6900 -2.3033 -0.8733 0.6767 2.27 -9.08 2.89 178 283 256 271 195 
1.04 -7.79 -1.39 -0.9900 1.7500 -3.6200 2.9022 -2.5400 -0.2233 2.78 -8.56 3.88 164 275 257 266 192 
2.07 -0.89 -3.64 -1.7000 4.2500 -9.0700 5.0267 -13.1333 -4.4278 9.36 -2.37 -1.68 183 307 289 289 193 
9.02 1.09 -6.42 4.3700 3.5800 1.9700 -3.5489 -2.5356 -1.3033 3.04 0.09 -9.32 191 258 246 281 195 
5.72 5.68 -13.43 6.4500 1.5700 -4.6800 -1.6733 -0.1078 -0.3500 0.40 4.33 -8.78 196 283 258 295 203 
0.93 4.72 -9.07 0.3300 0.3000 -0.6000 -0.3478 -0.0233 -0.0522 0.42 4.88 -8.49 196 285 262 291 203 
3.90 3.44 -12.48 3.9900 -1.1200 -5.3600 0.6633 0.3144 0.4567 0.79 4.49 -8.67 195 285 263 292 203 
1.83 6.02 -15.15 -0.1800 3.3500 -5.2600 3.7211 1.0044 2.2033 3.23 0.28 -9.25 192 333 292 317 202 
0.17 4.26 -2.90 -7.0400 9.6600 1.1600 3.0367 4.9133 2.6278 4.19 -8.79 1.12 202 408 349 423 210 
-0.30 -5.17 0.86 -1.8500 2.5400 -0.5300 0.0167 -0.9367 -0.1378 3.57 -8.91 1.98 201 400 352 423 210 
2.42 -8.03 2.16 -1.3000 1.1600 0.9000 -0.3644 -0.6022 -0.2522 3.99 -8.82 1.50 200 398 351 410 211 
6.27 -5.34 0.66 1.2000 2.5400 0.0700 -4.3200 2.6533 -2.3300 6.45 -7.36 -0.40 173 213 200 215 175 
10.27 -9.97 -0.07 4.5000 -2.8500 -1.3200 -0.9978 1.1022 3.7044 4.97 -8.45 0.02 174 203 184 205 154 
0.08 -9.45 -0.25 -0.7200 -0.4700 1.1000 -0.1611 -1.1500 1.2411 2.17 -9.52 -0.87 175 208 189 209 157 
0.99 -9.41 -0.74 -0.3600 0.9300 0.5500 -0.0244 -0.2400 -0.0322 1.92 -9.48 -1.57 177 214 198 217 160 
-1.98 -8.80 -2.01 -5.2700 0.2000 -0.3600 -1.1744 -6.0822 -4.1189 3.14 -8.49 -3.75 176 211 196 218 161 
3.50 -5.29 -8.51 0.7400 1.6200 -1.6600 0.9078 -4.8956 -2.9900 2.22 -6.87 -6.63 179 215 198 217 162 
3.10 -5.65 -9.94 1.3100 1.3700 -2.4200 1.3700 -0.4878 -1.1222 2.16 -7.18 -6.31 186 220 193 217 165 
4.56 -6.66 -4.23 1.0400 0.3200 1.1400 0.7944 -0.0222 -0.1600 2.09 -8.13 -5.05 187 223 200 219 169 
4.36 -8.02 -1.81 1.8700 0.1200 2.4600 -0.1278 0.5478 0.0989 2.41 -8.19 -4.81 187 226 201 220 170 
4.77 -5.75 -1.87 2.8100 3.1900 4.4100 -1.7844 4.1344 0.3556 3.43 -7.71 -4.98 186 232 215 235 178 
6.01 -4.25 -2.01 -2.0400 2.8000 -0.5000 -1.3767 11.0944 -4.3767 8.57 -3.95 2.64 182 243 224 245 191 
;
