-1.22 3.99 8.87 0.0600 0.0100 -0.0200 -0.0033 0.0089 0.0067 -1.24 3.98 8.87 153 304 321 337 206 
-1.27 4.01 8.83 -0.1100 -0.0200 -0.0500 0.0067 -0.1189 0.0033 -1.12 3.97 8.89 154 299 320 334 207 
-1.54 3.42 9.76 -1.7200 0.1200 0.9300 0.3422 -3.1156 -0.1033 1.26 4.16 8.78 153 303 297 319 207 
6.42 8.22 20.69 0.5800 4.6300 8.8000 -5.0567 -1.8344 0.8078 4.83 -0.13 8.53 155 304 309 324 207 
5.55 5.96 6.00 0.6300 10.9800 -0.7000 -7.1567 0.9089 2.0789 3.88 -8.28 3.52 159 277 282 290 205 
-0.27 -0.28 -4.54 -2.7500 8.0400 -2.7700 -3.6022 -0.5356 0.7156 2.07 -9.06 -3.12 152 285 282 284 202 
-2.36 -9.23 -10.98 -1.1700 -0.3400 -5.2500 0.2133 -1.8044 -0.9111 1.04 -8.47 -4.82 154 291 291 292 201 
0.74 -7.75 -16.55 -4.7800 0.2300 -13.5300 2.2956 2.6978 -0.2489 2.51 -8.87 -3.31 156 295 290 293 201 
7.11 1.27 29.61 4.1500 7.9200 22.6800 -1.1811 -0.8500 0.1522 3.78 -8.95 1.27 157 290 284 294 201 
0.13 -7.01 -1.29 -2.7300 1.8600 -1.6700 -2.5600 -2.1044 1.3033 1.74 -9.27 -2.66 159 290 291 296 202 
-7.29 -8.67 -21.97 -7.7000 0.0100 -17.1600 2.3311 3.6500 -0.5922 2.67 -9.00 -2.82 161 288 288 292 203 
12.08 5.32 27.06 8.3900 11.6100 18.5500 -0.1056 -1.0833 -0.3033 4.86 -8.06 2.71 159 282 300 307 204 
5.52 -9.99 0.31 3.5300 0.0800 -2.0100 5.9456 -6.0278 -0.0133 6.61 -6.42 3.33 153 295 310 319 206 
8.57 -3.93 -1.95 0.9800 3.2000 -4.0000 7.7222 -5.2111 1.3944 8.10 -4.24 3.52 160 338 331 355 210 
6.45 -1.16 2.13 2.0500 4.3400 -2.0500 5.4878 -2.5333 1.7667 8.27 -3.30 4.08 164 377 348 389 212 
9.66 2.35 5.96 2.7700 5.0700 1.3500 1.1078 -0.2511 -0.0111 8.69 -2.43 3.83 180 383 355 388 215 
10.07 1.97 3.56 1.8300 4.5400 -0.4000 -1.1267 0.7789 -0.4311 8.61 -2.34 4.05 184 370 341 385 214 
10.59 2.30 2.55 8.1100 6.6600 -2.6700 -4.4100 3.0211 -1.2811 7.65 -3.22 5.21 181 296 328 361 210 
6.16 -4.65 0.02 -1.3300 -0.0600 -4.0000 -3.0078 -0.0711 1.3867 6.90 -6.45 2.60 180 269 287 337 214 
3.96 -11.02 -0.98 -1.8200 -3.4600 -1.9900 -0.4467 0.3800 0.0578 6.19 -7.52 1.11 181 274 294 339 215 
5.52 -7.02 1.30 -1.2400 0.2000 -0.2300 0.0300 -0.4678 -0.0789 6.40 -7.34 1.07 180 274 298 346 215 
7.90 -6.46 1.00 1.0600 1.2800 -0.6200 -0.4389 3.1544 -0.7300 6.47 -7.12 1.87 174 272 286 257 206 
7.56 -10.58 2.57 3.1700 -3.1500 -2.1800 -1.7956 11.3344 -0.0056 0.09 -6.78 7.08 191 220 223 220 176 
-5.28 -2.18 0.70 5.6400 6.3700 -2.6400 0.9056 0.4033 4.1367 -7.67 -4.39 4.24 190 174 167 177 141 
-6.39 6.68 6.02 -1.1200 6.8800 2.5100 -0.0911 -0.0011 3.6478 -9.01 1.19 3.67 190 171 175 175 144 
-12.66 3.96 6.31 -2.6100 2.6100 2.6300 -0.5356 -0.0144 1.3889 -8.11 2.77 4.75 189 170 177 181 148 
-10.25 2.52 4.34 -1.6100 -0.1200 -0.1500 0.3389 -0.1789 -0.2778 -7.80 3.34 4.91 190 177 179 182 150 
;
