2.10 5.73 7.69 -0.0500 0.1600 -0.0900 -0.0100 -0.0233 -0.0244 2.17 5.59 7.75 160 333 349 395 215 
2.10 5.76 7.66 0.0000 0.1300 -0.1200 -0.0511 0.1822 -0.0933 2.12 5.56 7.78 164 323 340 390 214 
1.73 5.98 9.25 -2.1400 0.3500 3.6200 0.8344 -2.5444 0.0967 3.42 5.78 7.13 167 317 289 328 214 
12.17 9.52 13.03 7.7300 7.9400 6.5900 -4.4956 0.5544 2.3589 6.61 2.72 6.70 166 301 281 294 210 
15.81 12.32 3.79 5.1300 13.9700 -8.5000 -9.2222 8.9133 -0.5289 1.22 -7.68 5.97 137 264 294 299 211 
2.32 -2.15 -1.92 -0.8000 5.7500 -3.7900 -4.1700 -0.0978 0.9667 0.56 -9.79 0.05 153 275 266 273 206 
0.76 -7.83 -6.44 0.5000 2.5000 -4.3300 -1.3278 -0.8578 -0.3900 0.06 -9.11 -3.61 147 281 264 274 204 
-0.38 -10.29 -14.04 -2.0100 0.0400 -9.0900 3.0356 1.9722 -0.2867 2.12 -9.55 -0.54 149 290 272 280 205 
5.75 3.09 28.33 4.2800 12.7000 24.7600 -2.0033 -0.6956 0.6422 2.14 -9.23 2.52 152 290 279 284 205 
-2.59 -9.16 -5.72 -4.3500 -0.9200 -7.3900 -1.7700 -1.9000 0.6178 0.78 -9.69 -1.26 153 294 283 284 206 
-1.19 -6.59 -7.60 -2.9000 5.4000 -2.8400 4.6811 2.1222 -1.5444 2.70 -8.96 2.91 155 294 287 289 206 
2.09 -10.61 -1.58 0.3700 -2.7300 -7.0900 -1.1167 -2.6544 1.2856 1.79 -9.52 1.48 131 248 260 252 200 
1.09 -12.16 -2.90 1.5300 -1.5100 -4.1000 2.3856 -0.1856 1.9956 -0.52 -9.26 3.16 154 227 239 236 197 
-0.12 -5.18 2.57 2.7400 3.9300 -1.9500 0.7267 2.4833 2.9256 -5.09 -7.61 3.49 173 191 207 203 186 
-2.25 4.84 4.03 5.6100 7.7700 -0.1100 0.5322 1.4511 5.5644 -9.31 -1.57 2.62 178 168 166 182 159 
-14.72 8.80 6.86 -7.1800 4.8700 4.5400 -0.4767 -1.1500 2.3056 -7.87 4.86 3.24 182 172 180 183 161 
-9.72 5.96 3.49 -0.5700 2.3600 -0.1700 -0.4711 0.0733 -0.0533 -7.09 4.49 5.05 181 174 183 185 160 
-7.27 4.36 4.22 0.0700 -0.1700 -0.6900 0.3900 -0.5111 -0.4878 -7.15 4.32 5.12 183 173 184 186 162 
-7.78 4.25 5.39 -0.7500 0.5000 0.4900 0.3489 -1.8089 -0.6322 -6.55 4.06 6.05 182 177 184 188 170 
-6.10 5.72 10.85 -4.6600 1.7500 3.2700 -1.2733 -4.3244 -2.0011 -1.83 2.20 9.37 174 257 254 230 195 
3.20 1.82 10.23 3.2700 1.4200 -1.9700 -5.6822 -0.0267 0.3944 0.66 -4.25 8.80 158 233 153 164 139 
2.22 -3.94 -1.94 -0.8400 -0.1700 -8.1100 1.4800 -1.6167 2.1856 0.83 -5.85 7.82 121 225 171 167 136 
-1.57 -2.01 9.90 -1.8200 2.9800 2.0300 0.3900 -0.1356 0.6467 0.67 -4.78 8.53 122 228 176 170 139 
0.10 -3.59 8.21 -1.5000 1.1700 0.0100 0.0989 -0.3089 -0.2267 1.00 -4.72 8.53 119 266 178 174 141 
2.34 -2.52 10.31 0.6000 2.4600 2.1400 -0.3300 2.2389 -1.0022 -0.14 -4.83 8.52 122 275 179 175 145 
7.06 -4.04 8.29 6.6200 0.7900 -1.6000 -2.4478 0.8656 1.1333 -0.51 -6.65 7.17 123 263 171 175 144 
-3.69 -10.31 3.48 -2.4800 -2.0000 -1.2500 0.3811 -0.4567 -0.3322 -0.67 -7.20 6.61 124 258 175 176 146 
-1.81 -6.47 5.49 -0.2900 0.9900 -1.0600 -0.1889 -0.4144 -0.3322 -0.10 -7.31 6.52 124 257 175 177 147 
-3.35 -1.89 -4.60 -5.1700 6.1700 -11.5700 2.2267 -1.3911 -4.0767 3.82 -5.29 7.31 137 250 174 179 150 
;
