-1.18 7.85 5.73 -0.0500 0.0000 -0.0500 -0.0022 0.0044 0.0033 -1.11 7.84 5.77 166 384 372 419 215 
-1.16 7.85 5.72 -0.0800 0.0000 -0.0500 -0.0033 -0.0056 0.0033 -1.11 7.84 5.77 166 385 372 417 215 
-2.33 7.95 8.01 -2.9500 -0.3200 0.5200 -2.6067 -2.6533 -0.6222 0.28 6.08 7.68 161 294 290 339 216 
1.93 7.43 15.84 -0.4100 2.8000 8.4400 -3.7733 -3.0922 -0.6578 4.10 3.13 8.33 167 284 277 297 208 
4.68 3.65 10.18 0.8800 6.6400 0.7400 -6.0611 0.8167 -0.2256 3.36 -5.52 7.36 164 298 286 309 206 
3.62 -0.03 -0.69 0.4400 8.5800 -3.9500 -4.9056 -0.1633 0.8133 2.85 -9.34 0.85 152 253 258 267 199 
0.32 -6.85 -5.54 -1.6700 1.5700 -3.0900 -0.6933 -1.5000 0.1111 2.06 -9.34 -2.15 152 284 257 278 197 
3.21 -9.28 -7.38 -0.0200 -0.2500 -5.9400 0.6811 1.3256 0.5833 2.03 -9.42 -1.78 156 303 284 289 200 
0.26 -3.65 5.70 -0.7900 7.2900 7.2600 3.7044 1.0633 -0.4656 2.42 -8.21 4.76 157 311 290 297 202 
3.89 -5.80 7.23 1.0200 3.7400 0.8600 -3.4489 -1.5933 1.1289 2.01 -9.51 1.28 161 307 289 286 200 
-1.84 -6.88 -9.57 -3.1700 -0.7700 -10.9500 -1.9622 -0.2700 0.7033 0.76 -9.32 -2.94 161 294 273 280 196 
-3.13 -9.55 -9.97 -4.2400 0.7800 -4.1000 6.7178 2.1622 -2.0089 2.39 -9.12 2.68 162 303 285 282 198 
3.59 -4.45 4.70 1.9900 3.2600 1.3900 1.0700 -0.7578 -0.1700 3.38 -8.00 4.54 160 299 282 286 200 
3.66 -9.73 1.92 0.4800 -1.8000 -2.1900 4.0100 -6.1967 -0.7822 6.69 -5.78 4.22 150 285 276 262 197 
11.96 -5.11 -1.58 2.7300 -0.4800 -6.2400 7.5356 -5.3767 1.0222 9.01 -3.41 1.80 142 313 177 198 172 
8.54 0.64 -0.77 -0.2600 4.0700 -0.3700 5.2067 -1.2833 -0.2711 9.21 -3.17 1.04 102 371 166 182 150 
-0.01 -0.01 -0.01 -0.0100 -0.0100 -0.0100 -0.0011 -0.0011 -0.0011 -0.01 -0.01 -0.01 110 372 181 189 152 
-0.01 -0.01 -0.01 -0.0100 -0.0100 -0.0100 -0.0011 -0.0011 -0.0011 -0.01 -0.01 -0.01 198 380 196 198 157 
0.58 -3.01 7.35 -2.2900 3.6800 0.6300 -1.3111 -0.3733 0.2967 3.53 -6.29 6.63 196 384 195 203 161 
0.00 -3.43 7.12 -3.2500 3.8600 0.8300 -2.2033 1.7511 -0.7789 2.85 -7.66 5.41 194 386 199 206 164 
3.14 -2.83 3.16 -0.3600 5.3600 -1.5500 -1.0344 2.1433 -2.1967 3.95 -7.73 4.55 195 385 200 206 164 
7.33 -2.39 3.35 2.9700 3.7900 -2.2500 1.3433 1.8356 -1.7256 4.59 -5.64 6.56 195 386 201 208 163 
8.16 -3.89 9.01 3.0300 -1.1700 1.6300 1.7089 0.0178 -0.4244 4.65 -2.84 8.14 193 386 203 209 166 
4.17 -3.58 9.36 -1.0900 -1.5800 1.0700 0.5022 -0.1811 0.6067 4.59 -2.09 8.40 195 385 205 210 164 
;
