-2.03 5.54 7.61 -0.1300 0.1800 -0.2200 -0.0011 0.1178 0.0100 -2.26 5.33 7.91 154 357 363 401 211 
-2.08 5.22 8.03 -0.9100 -0.0300 0.7400 -0.0356 -0.3167 0.0078 -2.18 5.31 7.94 153 356 358 397 211 
-4.95 5.34 12.46 -3.1900 0.6000 6.6900 -0.3111 -4.3344 0.9289 0.43 5.17 8.32 159 288 310 358 199 
0.90 7.56 13.86 -2.0500 6.4200 2.9300 -7.4056 0.2689 -0.1433 1.23 -2.34 9.44 158 280 277 294 198 
1.52 0.94 0.60 -0.6700 8.6000 -4.2300 -6.3633 -0.2011 0.4489 2.04 -9.36 2.07 161 270 252 265 186 
1.35 -4.78 -4.38 -1.6200 2.1900 -4.4400 -2.0844 -1.7456 -0.0722 1.57 -9.21 -2.96 145 275 248 266 173 
-1.11 -9.02 -11.61 -0.7000 1.2800 -9.1400 2.5378 2.2178 -0.2233 2.30 -9.47 -1.07 151 286 261 284 183 
4.52 0.59 19.07 -1.9600 7.8000 21.2600 1.4322 0.3578 -0.2156 2.19 -8.06 5.13 156 291 269 291 191 
1.86 -6.66 2.29 -1.4000 1.8000 -2.2000 -2.8100 -1.9933 0.7933 2.17 -9.48 1.18 156 292 273 289 189 
-1.94 -12.56 -16.23 -4.8500 -1.4800 -13.9400 2.7978 3.6156 -0.6144 1.95 -9.48 1.53 158 296 275 294 192 
3.10 4.55 23.24 2.6400 11.3500 16.1100 -0.2733 -0.1067 -0.2156 2.48 -7.35 5.99 161 297 281 298 197 
2.53 -7.34 2.70 0.6000 1.2100 -2.6400 -1.1800 0.0822 0.9467 2.01 -8.59 4.27 159 306 215 229 180 
1.65 -7.05 0.81 -0.0200 1.6800 -3.3400 2.0611 1.9178 -0.1500 1.04 -8.12 5.39 180 364 163 170 135 
4.13 -1.03 10.34 0.2900 3.7300 3.7300 2.7600 -0.1744 2.4456 -1.12 -4.62 8.57 189 362 157 161 123 
-2.18 -3.00 16.20 -1.0100 -1.2700 6.7300 0.3478 -1.2233 3.2422 -1.65 -1.89 9.47 191 365 159 164 126 
-7.11 -2.54 13.40 -6.6000 0.1100 2.2100 -2.7300 -1.5967 1.2378 0.17 -4.29 8.81 192 362 164 166 128 
-3.39 -2.75 7.01 -4.1700 3.9700 -0.8700 -2.7544 0.6611 -1.3456 0.80 -7.63 6.10 192 367 169 167 130 
-0.35 -2.98 4.17 -1.2300 5.3400 -0.6200 -0.5978 1.7922 -2.1978 2.14 -8.28 4.78 193 367 170 170 131 
3.49 -3.51 4.16 1.2600 4.6300 -1.0700 1.5789 1.8500 -1.6100 2.62 -6.92 6.42 194 369 170 170 131 
6.02 -2.62 7.84 4.7700 2.1900 -0.2900 2.4900 1.2511 0.6289 1.33 -4.13 8.78 193 366 172 171 134 
-0.75 -6.57 15.10 -2.2100 -3.5900 3.6700 1.1322 -1.6500 0.2267 1.93 -1.93 9.41 189 297 184 184 152 
10.38 3.13 2.86 4.4200 3.4000 -5.9300 7.2100 -1.6367 1.9167 7.49 2.71 5.71 188 215 236 223 172 
11.13 8.08 3.50 3.7500 4.4200 2.5000 5.3689 -1.0000 2.8522 8.97 3.74 1.26 186 198 223 213 163 
7.01 1.64 3.78 -2.9000 2.4200 3.6600 -0.5522 -0.3989 3.9667 9.53 -2.27 -0.32 191 172 164 182 134 
4.74 -0.49 -1.22 -2.2400 2.0400 -1.5000 -3.2456 -0.2456 -0.8800 9.49 -1.93 -1.51 197 172 179 182 134 
11.94 -1.37 -7.16 2.7200 0.3200 -3.2400 -0.0700 -0.1511 0.0700 9.36 -1.29 -2.60 196 174 183 185 137 
9.11 -0.80 -1.86 -0.3800 0.3600 0.1900 0.1544 0.0589 -0.0022 9.41 -1.35 -2.37 196 179 186 185 137 
9.25 -1.14 -2.23 -0.2600 0.1600 -0.0300 -0.0556 0.3211 -0.0967 9.48 -1.31 -2.11 198 180 184 187 137 
9.37 -0.82 -2.16 -0.1100 0.5400 0.2100 0.0022 0.0344 0.0056 9.52 -1.22 -1.98 197 181 188 188 138 
;
