1.66 6.15 7.40 -0.1000 -0.0300 -0.0100 0.0189 0.0100 0.0144 1.80 6.19 7.38 166 340 369 413 218 
1.70 6.17 7.51 -0.1000 0.0000 0.0200 -0.0100 -0.0522 -0.0056 1.98 6.14 7.37 163 320 334 361 216 
4.68 8.81 21.28 1.7100 4.5400 11.7100 -4.4533 -3.4678 0.0344 6.03 3.22 7.02 166 302 291 295 209 
7.10 8.06 8.72 0.0900 10.0300 1.0900 -7.0044 0.6300 1.6267 6.04 -5.06 5.83 171 264 272 282 205 
4.64 0.90 -4.42 1.3900 7.7500 -6.8800 -3.2011 2.0967 1.8200 3.27 -9.14 1.37 168 260 255 261 194 
2.41 -7.49 -3.27 -0.7600 0.9400 -4.4900 -1.7822 -1.6178 0.3178 1.67 -9.51 -1.68 167 272 251 275 199 
0.07 -9.30 -10.13 -1.0700 1.4100 -8.4700 1.5522 1.6644 -0.1711 2.37 -9.44 -1.16 156 273 265 282 199 
-0.33 -3.89 4.02 -1.9000 7.1100 7.4900 3.9300 1.6200 -1.0956 2.97 -7.40 5.70 167 275 270 286 200 
5.35 -5.34 10.93 2.0900 2.0400 4.5100 -1.9622 -1.5633 1.0711 2.90 -8.25 4.43 166 275 271 286 201 
-0.96 -7.93 -3.06 -3.3700 1.2700 -4.8700 -2.0389 -1.2411 0.8933 1.65 -9.65 0.54 169 272 273 283 199 
-0.41 -10.66 -7.27 -3.0000 -1.3600 -7.0400 0.7333 1.3867 -0.4511 2.14 -9.56 0.27 167 278 277 289 199 
2.51 -5.67 0.75 1.8000 4.4700 0.9600 3.0478 1.3567 -1.5133 3.66 -8.17 3.99 170 280 278 292 203 
5.85 -1.75 13.24 2.6000 4.1500 6.0000 -0.0511 -1.0967 0.0778 4.01 -7.07 5.47 170 279 285 292 203 
4.23 -6.71 3.53 -0.0200 0.4200 -2.2700 1.1900 -1.8044 0.9844 4.14 -7.24 5.14 101 279 289 289 203 
2.27 -9.54 2.05 -2.8900 -2.3200 -6.4800 6.6644 -2.4700 1.8367 4.68 -4.21 7.51 96 229 233 225 159 
11.52 4.13 8.07 7.4400 5.7700 0.5900 2.3611 0.9278 1.6822 4.85 -0.20 8.51 91 175 169 179 119 
4.77 4.14 8.98 0.9900 4.1100 -0.2200 1.0267 0.0100 3.1456 4.27 0.05 8.82 93 176 169 174 113 
1.48 2.91 10.83 -3.5600 1.9500 0.4600 -0.2689 -1.6356 1.5022 5.11 -1.22 8.27 94 180 175 182 117 
0.90 -0.33 11.78 -3.8300 0.9700 3.1100 -0.4989 0.5156 -1.3867 4.86 -0.89 8.46 94 186 174 184 119 
3.94 3.27 10.42 -0.3800 4.0500 2.3000 -1.2600 1.6344 -2.9444 3.38 -0.86 9.16 95 187 178 187 120 
5.41 0.41 7.30 3.5500 1.4700 -2.4400 -1.4889 0.2089 -2.0767 2.78 -1.96 9.19 98 188 179 188 121 
6.36 -2.81 5.21 4.2100 -0.3500 -4.1800 0.0933 0.0578 -0.1711 2.71 -2.26 9.14 97 190 181 188 121 
3.48 -0.56 10.17 0.5500 0.1800 -0.3200 2.3733 -2.3467 2.7944 4.29 -0.48 8.80 99 188 178 188 119 
-5.14 -0.57 7.91 3.6500 1.1700 -0.7300 -0.6533 -0.6533 0.2711 5.03 -1.14 8.33 99 193 182 190 122 
-3.81 1.30 17.09 -8.2600 2.7700 8.7200 -2.9022 1.3789 -2.5178 5.17 -1.34 8.22 107 218 215 233 174 
13.13 1.57 6.45 6.0800 4.4300 -3.3600 -5.6178 1.8667 -0.1844 4.53 -5.43 6.78 122 341 347 397 217 
3.72 -4.46 1.75 -0.2700 4.3300 -3.4200 -3.9544 -0.4089 0.1100 2.73 -9.36 1.02 176 392 350 416 217 
0.20 -9.42 -2.67 0.2400 0.7400 -2.0800 0.3922 -0.7422 0.6156 2.32 -9.52 -0.34 174 393 371 406 219 
2.16 -8.47 -4.83 0.8700 0.8600 -4.9700 1.6822 -0.7978 -0.1978 2.48 -9.47 0.53 168 398 370 412 220 
1.95 -3.68 -4.10 4.9200 6.9900 -6.7000 6.9678 -2.6278 0.0400 3.32 -5.90 7.09 168 406 377 421 223 
3.10 10.77 9.82 -0.4900 10.6100 0.8500 5.1956 -0.5011 0.3289 4.48 2.24 8.42 169 403 375 418 223 
4.91 9.10 12.12 -0.8800 7.1400 9.5900 -0.5333 1.9611 -0.4911 3.87 4.49 7.80 165 406 388 428 234 
2.65 4.94 6.42 -1.0300 0.9700 -0.3400 0.1122 -0.0267 0.0644 3.70 4.45 7.91 166 406 393 433 232 
3.04 4.54 7.83 -0.7900 0.3700 0.0200 0.0656 0.0022 0.0833 3.65 4.45 7.93 162 402 390 431 230 
-4.06 4.81 8.10 -6.7600 0.8100 -0.2600 -1.1556 0.0822 -1.4456 1.94 3.56 8.92 167 397 388 425 225 
;
