5.67 2.56 7.24 -0.0800 0.3900 0.4900 0.4189 -0.3656 -0.1867 6.58 2.70 6.74 155 319 349 396 208 
4.77 2.52 7.40 -1.3800 0.0800 2.3900 0.0867 -0.5667 -0.0100 6.09 2.75 7.17 158 322 343 389 210 
7.22 1.95 2.57 -1.6800 -4.1600 -5.2900 2.3344 -12.1389 1.5644 9.36 1.59 -2.43 181 286 234 279 190 
2.38 1.91 -3.02 -0.2500 0.8700 4.5600 -1.2456 -2.4689 -0.6411 3.57 2.00 -8.90 189 255 231 259 171 
0.79 1.13 -12.13 0.4200 -0.1900 -4.7100 0.7089 -0.4178 0.0744 1.61 1.56 -9.54 180 259 237 279 176 
5.09 -2.71 -18.38 2.7300 -0.9500 -8.1900 4.7444 0.5544 2.2656 2.56 -3.75 -8.68 202 354 334 401 206 
-2.09 1.62 -1.14 -4.8700 9.1800 0.2500 2.3956 0.8867 1.4667 2.89 -9.35 -0.44 207 408 374 439 205 
;
1.36 -5.25 2.10 -0.6100 3.7200 1.3400 0.0844 0.1044 -0.4778 3.03 -9.29 0.77 207 410 375 437 206 
2.06 -5.54 1.60 -2.5900 4.2400 0.8700 -1.0311 0.3111 -1.1289 4.05 -8.92 0.10 202 387 362 388 210 
-0.99 0.29 -1.03 -8.8500 6.6100 -1.7400 -3.9344 -3.5233 -4.7456 7.85 -4.38 -3.90 174 314 268 277 197 
17.80 1.43 -16.25 2.8600 -1.3800 -13.3100 -0.7689 -3.6978 0.0589 4.58 1.71 -8.49 169 306 231 248 191 
3.03 1.37 -5.86 -2.0700 0.4200 2.7000 -0.3256 -0.4867 -0.1122 4.75 1.71 -8.40 189 274 216 259 176 
3.97 2.22 -8.41 -0.0500 0.3200 0.7800 -0.1056 0.1622 -0.1200 3.88 2.00 -8.77 190 274 214 268 175 
4.16 1.02 -9.83 -0.0100 -1.4300 -3.1900 0.2378 -0.8822 0.3311 3.75 1.85 -8.86 188 280 228 288 180 
10.71 -1.37 -18.03 4.9500 2.1400 -7.8200 5.2078 1.1578 3.6400 4.14 -4.25 -7.79 201 375 348 416 207 
;
0.34 3.25 0.28 -4.2700 11.2100 1.5100 1.3133 1.8700 0.6944 3.83 -9.02 0.06 204 410 373 442 205 
2.41 -4.90 1.18 -0.5700 3.2300 0.6500 -0.0978 -0.2533 0.1244 3.72 -9.05 0.60 205 413 376 441 207 
2.35 -3.91 0.65 -2.0300 6.0000 -0.2500 -1.3467 -0.1667 -1.6233 4.93 -8.46 -0.32 199 381 362 386 210 
1.73 -1.82 -2.26 -0.5200 1.8600 1.6700 -4.4022 -2.5300 -3.8644 7.47 -4.15 -4.79 178 288 242 259 189 
7.05 2.34 -14.72 -0.5600 1.4000 -8.0700 -3.0822 -5.7611 -0.7578 4.55 2.58 -8.29 180 257 216 255 182 
3.93 1.83 -9.84 -0.6300 -0.5600 0.4900 0.2589 0.2867 -0.1378 4.24 2.17 -8.56 185 267 215 270 184 
4.05 2.31 -9.04 0.1700 0.1800 -0.1800 0.0000 -0.1322 0.0733 3.74 1.99 -8.84 184 271 218 277 182 
4.91 0.66 -10.42 1.2200 -1.6000 -2.6200 0.4567 -0.5678 0.4211 3.81 1.74 -8.86 186 273 220 281 179 
12.32 -1.86 -17.97 4.1900 -2.7800 -10.1200 4.8511 -0.4411 3.4544 4.56 -2.77 -8.22 204 389 355 431 208 
;
-0.68 2.49 -2.90 -6.0100 11.1400 0.4100 2.6233 0.3356 1.9500 3.60 -9.11 0.00 205 413 376 445 206 
1.29 -3.57 3.07 -1.4900 4.1500 1.0900 -0.0222 0.1111 -0.5056 3.83 -8.92 1.33 206 412 380 444 206 
1.97 -4.28 0.84 -2.4500 4.8800 0.0600 -1.1200 -0.3011 -1.2667 4.91 -8.48 0.13 200 403 366 416 209 
2.05 -1.56 -1.94 -4.4100 4.6600 -0.7100 -4.8500 -2.4667 -3.3633 7.16 -4.51 -4.94 179 296 240 266 191 
8.98 0.42 -14.29 3.7400 1.9700 -6.9000 -2.8000 -2.0244 -1.6511 5.75 1.84 -7.71 179 258 213 260 171 
4.68 0.98 -8.58 2.4400 -1.6000 -1.1100 -0.2033 0.2378 -0.2656 5.16 2.87 -7.82 188 265 218 278 180 
5.30 3.49 -7.23 0.2700 0.6200 0.7100 0.0556 -0.3633 0.1944 4.88 2.68 -8.07 186 270 228 278 181 
5.54 2.46 -7.93 0.8500 -0.6800 -0.5100 0.0367 -0.2789 0.2456 4.69 2.60 -8.20 185 265 228 282 177 
13.31 -2.05 -20.64 8.7700 -2.4600 -12.0100 4.3156 0.1833 3.3256 4.79 -1.51 -8.42 197 382 359 430 206 
;
-2.03 3.99 -1.24 -7.7700 11.9400 1.9700 2.5478 0.7656 2.1622 4.34 -8.79 0.07 206 416 370 444 204 
2.25 -5.28 1.35 -1.2000 2.8100 0.6500 -0.0378 -0.3056 -0.1644 4.16 -8.86 0.50 205 416 371 443 207 
3.37 -6.74 1.02 -0.9700 2.7600 0.7700 -0.6500 -0.0244 -0.7100 4.79 -8.55 -0.20 204 412 373 435 207 
5.45 -3.49 -0.65 -1.8600 4.4500 0.5800 -2.8933 -0.5222 -2.4278 6.87 -6.49 -2.59 195 319 296 297 200 
9.31 -2.00 -8.39 4.2300 1.2700 -2.4100 -3.4367 -1.5767 -2.1100 6.56 -0.60 -7.26 182 249 216 247 169 
8.37 2.19 -10.72 2.6100 0.5400 -2.9300 -0.9356 0.3833 -0.9122 5.51 2.53 -7.70 188 267 224 271 182 
6.49 2.59 -8.66 0.6300 0.2300 -0.0300 0.1600 -0.0144 0.1744 5.04 2.26 -8.09 189 270 229 273 179 
5.68 1.94 -8.34 0.9900 -0.2900 -0.2000 0.0822 -0.0233 0.2600 4.86 2.12 -8.24 187 272 227 273 175 
8.92 -0.31 -17.05 4.7400 -1.8000 -8.1200 2.4267 0.1911 1.6700 4.79 -0.66 -8.52 188 281 241 286 182 
;
5.98 4.36 -0.33 -3.0000 5.6700 1.1700 6.0100 1.1478 4.5589 4.35 -8.75 -0.72 205 418 372 448 206 
1.54 -1.72 1.69 -2.2600 7.0500 0.6200 0.3856 0.3911 -0.3222 3.74 -8.99 1.14 205 418 377 444 207 
3.22 -7.07 1.60 -0.5400 1.4000 0.7400 -0.7367 -0.0467 -0.3922 4.12 -8.88 0.39 205 413 378 440 208 
2.98 -3.42 -0.66 -1.7800 5.1400 0.1300 -1.8000 0.1644 -2.1233 6.00 -7.57 -1.62 191 338 329 300 199 
6.70 -1.44 -5.26 -0.2400 4.0000 -2.6600 -4.0056 -2.5411 -2.9033 7.28 -2.19 -6.18 190 273 202 237 167 
11.75 0.02 -12.39 2.2600 -0.9800 -5.6200 -1.3911 -2.3344 -0.0844 5.61 2.33 -7.69 192 252 210 248 170 
4.09 3.13 -6.86 -1.3800 1.1200 1.4600 0.1967 0.0833 -0.0089 5.45 2.13 -7.86 192 257 213 251 168 
5.57 2.18 -7.99 0.5500 -0.0900 0.0500 -0.0822 -0.1789 0.1833 5.19 2.16 -8.02 190 258 217 254 166 
12.49 -0.87 -17.47 6.6600 -1.3200 -9.2100 2.3333 0.3133 2.4078 5.27 -0.23 -8.26 192 267 224 260 170 
;
