-0.54 5.40 8.18 -0.0300 0.0800 -0.0700 -0.0322 -0.0100 -0.0022 -0.52 5.29 8.23 155 370 373 410 215 
-0.63 5.34 8.12 -0.0100 0.0300 -0.0800 -0.0011 -0.0133 0.0111 -0.51 5.28 8.24 155 370 376 410 215 
-2.64 4.27 8.68 -1.0400 0.4900 1.5200 0.8356 -1.4844 0.8189 0.67 5.74 7.92 132 363 376 417 218 
1.53 6.90 6.28 -1.5200 0.7400 -0.4800 0.8511 -7.6344 2.4667 7.28 5.86 2.94 168 308 322 342 214 
9.82 1.94 -3.58 0.6600 -1.1600 -0.9800 1.2456 -6.0267 3.9067 7.91 0.80 -5.73 173 298 280 287 196 
2.94 -0.27 -4.35 -2.5900 1.4000 3.6600 -0.1622 -2.6000 1.4133 4.19 -1.94 -8.64 177 262 232 275 187 
2.04 0.16 -7.12 1.1900 1.4200 2.4000 -2.0611 -0.4633 0.0156 1.79 -0.48 -9.62 179 256 226 275 178 
1.74 2.97 -10.76 0.5700 0.8900 -2.0300 -2.6133 0.0322 -0.2400 1.24 3.33 -9.13 178 263 226 284 186 
4.46 3.17 -14.88 5.1600 -0.4700 -6.0700 -0.1356 0.6644 0.1322 1.56 4.66 -8.48 176 264 244 288 191 
5.94 8.93 -15.90 0.5900 7.4500 -8.0100 7.1589 2.2544 3.5700 4.30 -1.14 -8.73 187 387 350 432 220 
-23.83 1.67 -3.89 -24.2000 9.5500 -2.5500 1.2167 -2.1867 2.6433 2.79 -9.03 2.61 193 407 383 437 224 
3.20 -6.01 1.87 -1.1600 1.9100 -0.3400 -0.3789 0.4733 -0.8600 3.49 -8.80 2.52 188 400 377 431 224 
7.43 -7.15 3.81 4.2300 1.5700 2.7500 -1.4956 2.2467 -1.5200 4.82 -8.34 1.78 187 365 367 398 219 
4.82 -9.53 0.13 -0.4100 -0.0600 -1.8900 -2.3678 3.2778 0.2100 3.64 -8.95 1.62 186 355 357 387 219 
1.49 -9.56 -3.09 -1.9600 -0.3200 -3.1600 -2.3167 -0.2733 -0.4133 3.65 -8.92 -1.75 182 362 364 405 220 
3.10 -8.17 -6.55 -0.5900 0.6400 -3.8500 1.5811 0.6067 -0.0667 4.21 -8.66 -1.79 178 360 363 407 220 
6.52 -3.42 -3.96 1.0900 5.3900 -5.4400 6.2733 0.0378 -0.3311 5.01 -7.61 3.61 180 360 361 396 220 
5.38 8.83 9.18 1.7000 11.7900 4.9700 6.6278 1.6956 0.6156 4.09 -0.52 8.89 180 372 367 401 221 
-0.09 4.82 13.07 -1.5000 1.5200 2.7200 0.9522 -0.8344 -0.2722 3.64 3.04 8.58 179 372 368 403 222 
2.15 3.36 11.13 -1.3000 -0.0700 1.6700 -0.3211 -0.6089 -0.1400 3.82 3.19 8.44 180 370 370 408 225 
3.29 3.95 8.32 -0.6000 0.6500 -0.1600 0.0300 0.1200 0.0022 3.85 3.24 8.41 180 370 371 409 229 
6.59 5.96 10.20 3.6000 2.4900 2.2000 0.8800 -4.8344 0.6822 6.77 3.79 5.98 173 341 357 370 217 
7.64 4.93 4.14 -0.9400 2.0000 2.3400 1.4978 -1.9467 2.8967 9.56 1.77 1.20 185 313 339 340 204 
4.64 1.18 3.00 -5.6700 1.4300 2.2200 -3.4122 -3.3856 3.6178 9.11 -2.63 -2.48 191 283 259 290 215 
3.40 -0.08 -5.15 -2.2900 2.9800 1.0400 -5.0111 -1.6489 1.4567 5.10 -1.69 -8.19 192 295 272 328 226 
2.39 4.07 -15.85 3.7800 2.4000 -6.3100 -1.3122 -0.5400 -0.3189 1.97 2.13 -9.36 193 302 294 338 229 
2.22 1.66 -9.56 1.7400 -0.4300 0.2900 0.2211 0.1389 -0.1511 2.11 1.82 -9.40 194 304 295 338 228 
1.82 2.02 -8.66 0.0900 0.5000 0.7900 0.0333 0.1411 0.0156 2.23 1.60 -9.41 191 306 297 339 228 
2.62 1.90 -8.99 0.2200 0.1800 0.1000 -0.0222 -0.1422 0.0400 2.37 1.73 -9.35 193 306 299 340 227 
2.37 1.92 -8.91 0.0600 0.3800 0.4100 -0.0300 0.0078 -0.0044 2.26 1.64 -9.39 192 310 299 338 226 
;
