3.97 2.14 8.72 0.0800 0.0400 0.0000 -0.0011 0.0000 -0.0011 3.92 2.12 8.73 170 349 344 393 212 
3.95 2.12 8.72 0.0600 0.0100 0.0100 -0.0011 -0.0033 0.0000 3.92 2.12 8.73 173 351 345 392 212 
3.99 2.12 8.71 0.0600 0.0000 -0.0500 -0.0022 -0.0044 -0.0022 3.92 2.12 8.73 173 349 342 392 212 
3.36 2.29 10.03 -1.2400 -0.5400 3.5400 1.2411 -3.3156 0.1589 5.73 2.60 7.51 181 329 334 356 211 
5.71 -1.71 -5.68 -3.4500 -1.5700 -6.4900 -1.0233 -12.6311 5.3900 7.17 -2.31 -6.27 193 268 221 251 168 
4.48 0.22 -8.78 0.6900 1.2400 0.9500 -1.7589 -1.3422 -0.8322 4.29 -0.52 -8.80 191 257 233 265 173 
4.51 -0.14 -11.28 5.5400 -0.6500 -2.9400 -0.5011 -0.3344 -1.0867 3.52 1.69 -8.99 192 260 245 274 176 
10.02 -0.10 -14.47 6.8200 -0.4800 -6.4200 0.3989 1.3767 1.7933 4.80 0.87 -8.50 190 270 258 284 180 
2.68 12.68 -13.91 -5.8600 15.8500 -3.7300 12.7111 1.8289 5.0133 4.85 -8.51 -0.07 206 414 371 437 201 
-2.59 -1.02 4.67 -5.1700 7.3900 1.5800 0.4689 0.5044 -0.2267 2.69 -8.76 3.46 206 417 379 442 204 
3.06 -7.41 3.93 -0.2400 1.1800 0.0600 -0.6611 -0.1800 -0.8689 3.75 -8.57 2.90 201 404 362 382 206 
6.93 -2.49 0.95 3.8300 4.0800 -0.5500 -3.0278 8.0978 -1.2900 4.32 -8.36 2.73 191 325 184 203 149 
2.78 -12.89 -1.69 -1.0200 -0.5400 -2.3600 2.0300 6.7667 1.6544 -1.64 -8.79 4.01 194 378 179 183 146 
-1.90 -16.27 8.89 0.9100 -9.1400 2.1100 0.0344 0.0578 -0.0622 -2.29 -8.12 4.98 197 399 185 188 151 
-2.57 -7.89 5.01 -0.1300 0.4300 0.0600 -0.2244 -0.3433 -0.3411 -1.66 -8.57 4.45 196 396 187 192 152 
1.35 -7.07 3.26 3.3600 2.8200 -2.5900 0.5489 -1.4211 0.5878 -1.61 -8.34 4.88 197 396 187 195 154 
3.94 -7.23 8.90 7.3600 -1.3200 2.4100 2.1478 -2.0433 3.1822 -2.33 -4.90 8.16 199 398 191 196 154 
-6.69 -5.67 18.62 -4.9000 -1.0800 9.5500 -2.0578 -1.8789 2.3178 -1.58 -5.32 8.08 200 400 192 197 156 
-10.62 -0.16 12.00 -7.6200 8.5500 4.3500 -3.1678 3.4211 -0.9067 -4.01 -8.23 3.50 197 399 194 199 156 
-0.95 1.67 2.45 1.7000 10.8000 1.0200 -0.0522 2.9156 -2.9189 -0.68 -9.75 0.74 199 400 194 200 155 
9.84 -5.35 2.02 8.1500 1.7800 -2.2700 4.0678 0.7222 0.1789 0.02 -8.52 4.84 200 402 197 198 156 
3.28 -11.82 15.38 1.7800 -5.0800 8.2400 0.2900 -1.2833 2.3300 0.21 -6.41 7.41 199 401 198 201 157 
;
