7.76 0.11 6.02 -0.0200 -0.0700 0.0000 0.0000 -0.0044 0.0011 7.76 0.20 5.99 165 324 333 406 204 
7.39 0.23 6.14 -0.2900 -0.0600 0.0300 0.1456 -0.5300 0.1544 7.94 0.18 5.74 164 323 336 384 204 
13.85 -0.80 5.49 2.9800 -2.2100 -1.2300 -1.2867 -5.2411 2.1911 9.55 -2.16 0.35 173 324 294 303 186 
5.25 -0.23 -1.27 -4.5200 3.4100 4.5000 -1.7544 -0.7600 0.2300 5.26 -3.81 -7.33 176 236 208 235 145 
5.14 -0.48 -7.96 -0.0200 0.1100 -1.1000 -1.7033 -0.1911 -1.5922 4.79 -0.67 -8.52 180 245 218 256 152 
9.14 -3.38 -12.47 4.2000 -3.4100 -4.4000 0.9022 -0.1244 0.8289 4.63 -0.69 -8.61 179 248 224 259 151 
9.37 -3.13 -14.46 2.6500 3.0500 -6.7500 7.2478 3.6478 3.1778 4.69 -6.68 -5.42 203 400 362 427 205 
-1.74 -1.69 0.99 -4.0100 8.0300 -0.3800 1.4822 1.7122 0.0678 2.73 -8.92 3.01 201 415 372 438 208 
1.53 -6.29 4.18 -1.3700 2.2500 1.1600 -0.5267 0.4189 -0.7933 3.22 -8.80 2.86 202 406 361 421 209 
6.81 -10.59 2.75 2.2800 -3.2800 -0.0700 -1.7444 5.3833 -2.7978 5.05 -7.81 3.07 195 249 226 223 169 
1.75 -6.55 -1.78 0.9000 1.7300 -5.8500 1.9211 8.1989 -0.0856 -0.23 -6.23 7.56 196 164 145 172 130 
-6.92 3.50 3.05 -1.2300 6.9200 -1.2600 3.2433 1.3500 4.7011 -7.60 0.58 6.16 201 168 159 173 135 
-11.99 1.69 8.47 -4.3300 -0.1500 1.8800 -0.3667 -0.5178 -0.7444 -7.20 1.62 6.45 203 173 166 178 137 
;
-6.08 0.22 6.04 0.4100 -0.6300 -0.4100 -0.2378 -0.2844 -0.2711 -7.02 0.77 6.79 203 173 169 181 139 
-7.78 0.36 7.44 -1.1400 -0.1700 0.3500 -0.3044 -0.4844 -0.2767 -6.69 0.35 7.15 203 182 176 187 149 
-9.30 -0.62 7.52 -4.8700 0.1700 -0.2200 -0.4589 -7.3178 -2.8822 -2.03 -1.37 9.49 193 310 258 259 196 
3.97 -2.90 -8.56 -2.9000 -0.2600 -10.2900 -0.4756 -13.7144 0.5011 8.43 -3.89 -3.12 189 327 290 318 192 
8.89 -2.58 -8.57 1.4900 -0.6600 -1.9200 -2.5233 -1.5644 -1.4178 6.14 0.02 -7.64 186 270 252 295 173 
9.69 -2.19 -10.10 5.0300 -2.0600 -2.6700 -0.1878 0.2756 -0.2300 5.73 1.33 -7.84 179 266 257 291 171 
15.73 -1.11 -14.98 9.9200 -2.1600 -7.1000 2.8189 0.1600 4.0589 5.93 -2.23 -7.48 204 365 316 417 206 
1.34 0.04 -3.55 -3.9600 7.7300 -1.7200 3.3278 2.4178 2.0078 4.29 -8.79 0.53 205 419 368 446 204 
0.45 -4.20 3.07 -2.2800 4.4800 1.5800 0.0022 0.4933 -0.3833 3.69 -8.89 1.84 205 420 376 446 207 
2.99 -7.79 2.53 -0.9200 0.2200 0.7600 -0.6733 0.3389 -1.4233 4.81 -8.42 1.44 198 362 346 375 205 
8.20 -8.81 -0.48 1.7400 -1.3300 -3.9500 -0.7733 7.2178 -1.8489 5.21 -6.69 4.91 197 190 177 194 138 
-6.32 -4.25 -0.38 -1.4300 3.0400 -6.1600 2.8300 2.9200 3.0033 -6.10 -4.65 6.09 202 165 164 179 125 
-16.65 2.88 11.86 -12.0600 1.3000 4.8300 0.3733 -1.3700 1.3356 -6.88 0.95 6.91 202 177 171 186 132 
-6.03 0.19 7.80 3.0100 0.3200 -0.2700 -0.3078 0.2433 -0.6356 -6.36 -0.15 7.45 205 179 172 188 134 
;
-5.98 -0.47 6.82 0.2100 0.1900 -0.1800 -0.3389 -0.4167 -0.2178 -6.09 -0.85 7.63 204 186 174 193 138 
-6.67 -1.07 8.30 -1.0500 0.4900 0.3700 -0.7144 -0.4467 -0.6456 -5.31 -1.94 8.00 204 189 180 198 145 
-4.55 -2.16 8.12 -1.3600 0.3700 -0.0500 -0.1156 -1.8256 -0.8256 -2.95 -2.90 8.88 203 225 208 225 172 
3.13 -1.38 -2.76 -3.6900 1.7000 -10.3400 -0.2056 -13.5478 -2.9789 9.66 -1.66 0.12 198 320 272 305 187 
8.76 0.62 -9.27 3.2400 0.2500 -4.3400 -2.1100 -2.8411 -1.2367 6.36 0.18 -7.45 195 310 274 312 182 
6.98 -0.48 -10.12 3.6500 -1.5400 -1.3500 0.5956 -0.3200 0.5100 3.53 0.28 -9.14 186 284 268 316 186 
9.83 -2.73 -13.43 6.0400 -3.1600 -5.1900 1.3356 0.3644 1.3622 3.79 -1.28 -8.95 179 284 270 315 184 
5.24 -2.11 -13.66 -2.7300 6.6800 -4.3700 8.9611 3.8967 0.4744 4.91 -7.31 -4.29 204 410 367 444 207 
1.56 -1.90 0.84 -3.2300 5.8900 1.8700 0.9289 1.0300 0.4733 3.62 -9.07 -0.82 204 412 374 447 210 
3.09 -6.66 1.25 -0.2900 1.5900 2.0600 0.2378 0.6144 -0.5367 4.11 -8.89 -0.10 204 404 369 430 209 
8.45 -9.98 1.05 4.3200 -0.7900 1.3500 -1.6289 4.9378 -1.5056 5.81 -7.85 0.85 201 215 197 211 161 
-1.50 -4.06 -1.77 -2.3800 3.6700 -7.6300 1.6622 7.9444 2.9889 -2.94 -7.22 5.93 201 178 161 188 138 
-9.78 -0.49 9.67 -5.1900 1.2900 5.0100 2.0256 -0.0411 2.6367 -6.81 -1.54 6.88 205 188 171 196 142 
-9.98 -0.20 10.57 -4.3000 -0.3100 2.1800 -0.3100 -0.6644 0.0178 -6.08 -0.65 7.66 203 191 171 197 144 
;
