4.64 0.05 8.54 -0.1100 -0.1000 -0.0900 0.0011 -0.0133 0.0000 4.76 0.14 8.56 170 319 326 347 214 
4.67 0.06 8.51 -0.0700 -0.0700 -0.0700 -0.0078 -0.0078 -0.0044 4.78 0.14 8.55 168 316 328 347 214 
3.58 -0.21 8.97 -1.1300 -0.3500 0.6000 0.1656 -1.2889 -0.0033 5.60 0.35 8.04 173 340 298 338 217 
13.14 0.04 4.16 4.1200 -0.1200 -0.5000 0.7433 -8.5600 1.6722 9.77 -0.26 0.70 186 332 307 346 214 
7.34 -1.94 -4.13 0.9200 1.9700 3.1900 0.4711 -2.4178 2.0100 5.05 -4.39 -7.15 191 292 296 324 204 
1.08 -1.27 -3.73 -0.8400 2.6200 3.8200 -1.8122 -0.6833 -0.7389 3.46 -3.01 -8.66 190 271 264 317 208 
5.89 -1.39 -9.81 2.4100 0.9200 -2.1900 -1.8189 0.3467 -0.8633 4.03 0.23 -8.93 191 272 256 321 207 
7.31 -0.09 -11.22 2.9400 -1.9000 -2.9600 0.0944 0.0611 0.3133 4.45 0.83 -8.69 187 275 265 320 205 
9.86 -0.68 -13.87 5.6900 0.2700 -5.4700 1.8422 0.7622 1.8478 5.19 -1.78 -8.12 198 320 290 342 208 
5.55 2.87 -6.75 -3.4900 9.4500 -1.8300 5.1156 2.6411 3.7456 4.82 -8.53 -0.16 204 407 379 443 211 
-1.19 -2.58 3.74 -4.9200 5.7200 1.2600 0.8433 0.5089 0.5233 2.80 -8.80 3.26 204 411 378 445 212 
1.63 -7.58 4.60 -1.2800 1.1200 1.2300 -0.4867 0.1433 -0.5333 3.08 -8.85 2.86 204 408 382 439 212 
3.66 -6.87 3.27 -0.2700 2.4600 0.8900 -1.7211 0.2111 -0.6967 4.05 -8.85 1.18 191 357 216 239 185 
4.91 -7.44 0.87 0.6700 1.2800 0.7200 -1.2444 -1.4433 -0.0278 4.13 -8.79 -1.32 161 329 163 168 138 
4.31 -6.89 -4.55 -0.6800 0.9700 -0.7200 1.0000 -0.2222 -0.4600 3.54 -8.91 -2.01 108 317 156 162 137 
3.54 -12.41 -4.95 0.9800 -3.3000 -3.2000 0.8378 -0.2367 0.2133 3.00 -9.16 -1.76 112 325 160 170 138 
3.29 -11.80 -4.84 0.1800 -2.0600 -3.6800 2.4022 0.3622 -0.5278 3.47 -9.14 0.67 115 328 163 173 142 
3.21 -5.09 -0.10 -0.0900 3.7200 -3.1000 3.9844 0.9811 -0.7267 3.67 -7.16 5.60 116 337 164 176 145 
2.84 -0.13 13.57 -0.5500 5.4000 5.8900 -1.2567 0.0611 0.0744 3.44 -6.47 6.51 118 341 165 178 145 
2.56 -6.28 5.75 -1.0700 0.9700 0.2200 -1.0456 -0.1678 -0.1711 3.57 -7.46 5.26 126 341 168 181 147 
1.58 -3.47 3.23 -1.4100 3.6800 -2.6900 -4.4467 5.3311 -5.5078 6.26 -6.30 4.14 143 314 185 194 164 
9.17 0.57 6.74 4.7400 3.9700 2.6200 4.1600 3.0222 -0.4978 4.66 -0.88 8.58 173 332 292 318 201 
;
6.46 0.76 7.33 0.0000 -0.0100 0.0000 -0.0067 -0.0089 -0.0056 6.50 0.81 7.29 163 322 322 328 203 
6.46 0.80 7.32 -0.0600 -0.0200 0.0500 -0.0100 -0.0256 -0.0022 6.52 0.80 7.27 161 323 320 328 203 
6.22 0.69 8.02 -0.2700 0.1600 2.1000 0.0133 -4.6133 0.2778 8.85 0.74 4.13 168 327 317 343 209 
12.40 -2.03 -1.84 -0.1700 -1.6300 -3.2300 0.7233 -7.9322 4.0289 7.51 -3.50 -5.23 191 358 348 417 220 
1.88 -1.43 -2.32 -4.0600 2.5400 4.4200 -1.6211 -1.1733 0.3600 4.10 -3.90 -8.00 190 280 285 342 216 
5.71 -0.04 -8.53 3.7200 0.4000 -1.3500 -2.7022 0.0467 -0.9678 3.85 0.11 -9.01 190 280 291 350 218 
4.71 1.27 -11.29 1.1200 0.3200 -2.3700 -0.3044 0.2467 0.1944 4.10 1.19 -8.82 189 287 295 351 217 
9.71 -0.94 -14.97 6.6500 -1.5400 -7.2700 1.7233 2.2522 1.0411 5.66 -0.82 -7.96 188 288 291 353 215 
4.28 0.63 -10.04 2.1500 7.8900 -5.3800 9.2100 4.3833 3.0833 5.28 -8.22 -0.76 204 416 382 447 215 
-1.70 -1.87 2.20 -4.2300 6.1600 0.5400 0.7644 0.5556 0.4878 2.77 -8.94 2.90 204 417 384 450 215 
1.52 -7.46 3.73 -0.1100 1.3800 1.0000 -0.4789 0.1311 -0.4222 3.02 -8.89 2.80 201 413 379 442 215 
3.00 -4.79 4.51 -0.6700 3.3700 2.2400 -0.8667 1.0533 -0.5156 3.62 -8.93 1.78 195 335 283 253 193 
6.42 -8.47 3.07 3.2900 1.0700 1.8800 -2.8589 1.2789 0.3344 3.66 -9.07 -0.52 137 293 166 167 151 
5.41 -9.84 -5.93 2.1200 -2.4800 -6.4200 -0.5489 -0.9467 0.3289 3.60 -8.81 -2.31 107 334 160 166 125 
3.61 -11.08 -6.32 1.0900 -1.6500 -3.7900 3.0167 -0.3789 0.5211 2.63 -9.43 0.31 106 357 164 171 124 
2.41 -7.10 1.40 -0.3500 1.8400 -2.4900 3.3022 0.7900 -0.5478 2.89 -7.82 5.14 111 362 168 173 129 
1.49 0.63 12.75 -0.4700 6.5100 6.7900 0.7356 -0.2689 0.4233 2.79 -5.78 7.41 113 366 167 174 131 
3.19 -5.99 6.10 0.4500 0.4200 -0.7900 -0.7944 -0.2189 0.0489 2.92 -6.75 6.47 115 366 168 174 132 
0.11 -3.31 4.96 -3.9900 3.8900 -1.4100 -2.5556 1.6711 -4.3400 4.72 -7.15 4.75 153 305 195 201 166 
10.95 -2.55 0.47 5.6300 2.4400 -1.5800 -0.2144 3.8111 -4.9522 7.46 -2.47 5.85 149 331 235 267 192 
9.82 0.89 9.93 3.3800 0.0800 2.4800 1.1611 1.3011 -0.8411 5.99 0.59 7.73 162 337 319 367 206 
;
