0.17 6.69 7.60 -0.0100 0.6400 -0.1300 0.5978 0.3878 0.5800 0.37 6.24 7.55 165 366 367 414 221 
0.50 6.30 8.12 0.4900 -0.1900 0.4500 0.3867 0.5322 0.2600 0.07 6.73 7.13 165 360 368 417 225 
-1.87 6.78 10.00 0.3200 2.6800 5.6500 2.5311 -4.2433 1.8244 3.11 7.83 5.01 162 325 336 383 219 
8.55 9.38 1.45 0.3900 -0.2500 -0.8300 1.8078 -2.3389 4.3822 8.13 5.46 -0.42 170 286 295 301 215 
4.32 0.27 -0.17 -4.9700 0.8200 3.6000 -1.9522 -4.3244 5.8144 7.55 -2.55 -5.70 181 247 245 293 211 
5.15 -1.10 -6.63 2.5300 1.4200 2.7600 -4.9900 -1.2900 1.5233 2.85 0.39 -9.37 175 266 258 316 216 
3.26 5.99 -18.26 4.9500 2.1900 -9.0600 -1.3956 -0.4722 1.4389 1.92 4.24 -8.62 178 288 293 337 221 
7.21 10.99 -18.27 5.1700 8.7600 -9.0000 6.8144 2.1722 2.4289 3.72 -0.44 -9.05 192 412 363 426 222 
-3.85 4.97 -3.59 -9.7600 13.3300 -2.4100 4.4633 1.7244 2.4578 2.74 -9.16 2.14 193 412 372 439 224 
-3.76 -2.14 5.38 -5.1100 5.4400 1.1100 -0.2322 0.0989 -0.5944 2.20 -8.78 3.75 196 411 377 429 225 
2.85 -5.90 3.31 -0.1200 2.3800 -0.1800 -2.1400 0.4122 -2.2611 4.66 -8.42 1.85 185 377 356 381 221 
9.09 -2.34 2.68 3.5600 4.4600 0.4600 -2.2278 0.8978 -1.9822 7.18 -6.52 1.38 179 338 339 380 218 
12.79 -7.69 2.21 3.2200 -0.7800 -1.5000 -3.7967 3.8511 0.6456 6.02 -7.39 2.27 178 371 358 412 220 
5.91 -9.18 -4.61 0.2200 -0.2300 -4.8500 -2.3722 0.1500 1.5800 4.40 -8.69 -1.13 179 389 363 423 222 
1.45 -6.38 -7.87 -2.7300 3.2600 -8.1400 1.9733 0.0078 0.0144 3.72 -9.06 0.36 175 393 374 434 222 
7.10 -0.56 -5.02 4.1200 9.0000 -5.2800 8.9133 -1.9733 0.0767 4.60 -4.47 7.41 175 392 371 428 220 
-0.94 5.35 28.30 -5.8500 6.6900 16.5200 -4.2056 -0.2767 -0.1944 4.57 -3.86 7.76 173 394 378 427 222 
6.23 -1.65 2.95 2.9900 5.0900 -2.8300 -4.4856 1.4211 -0.1322 3.81 -7.95 4.27 175 398 382 436 224 
2.23 -6.80 -7.26 -2.0000 1.9700 -11.0000 -1.7500 -1.9689 0.1089 3.69 -9.07 -0.39 173 393 380 429 227 
5.84 -2.81 -7.42 2.7800 8.2900 -7.0800 8.3467 -3.2356 -0.7278 5.48 -6.48 4.90 171 380 373 418 223 
3.94 0.57 21.07 -1.7400 3.2800 10.9200 -1.5211 -0.5356 0.2767 5.64 -4.59 6.57 172 384 374 403 224 
4.28 -4.30 4.81 -1.7700 1.0300 -2.1000 -1.2356 -0.1689 -1.3544 6.39 -5.22 5.28 172 353 337 333 213 
8.89 -5.75 2.36 1.9600 -1.7800 -1.9200 -1.7744 0.9233 -0.6633 7.54 -4.71 4.12 170 240 210 218 162 
12.70 -5.73 1.10 3.1900 -0.1500 -5.4800 0.8144 2.1178 1.2444 6.10 -5.76 5.05 103 209 194 200 146 
9.04 -1.12 2.93 2.0700 4.9200 -3.7200 3.8278 1.1233 3.2444 3.31 -4.11 8.26 90 183 177 188 133 
7.61 6.58 8.99 4.7700 9.5300 1.5900 3.8011 0.2711 4.4867 2.19 -0.36 9.55 91 179 172 181 122 
-12.01 6.52 17.99 -13.0900 1.0600 4.4500 -0.3844 -2.4267 -0.9700 3.70 -0.05 9.07 93 184 181 183 123 
0.68 4.55 10.53 -3.3900 4.9200 1.3300 -1.2222 0.9344 -3.8467 2.58 -0.18 9.45 97 186 185 185 125 
7.52 2.50 12.23 5.8900 2.4900 1.6200 -1.1244 1.1222 -2.9711 1.04 -1.00 9.69 96 188 183 188 127 
7.99 -2.61 3.25 8.4400 -1.1000 -6.2000 1.7511 0.2722 0.5456 0.18 -0.28 9.80 95 190 186 188 123 
2.62 5.93 12.55 -0.8600 3.5100 3.1500 2.6589 -3.9811 4.1600 4.00 2.68 8.53 96 188 188 188 125 
8.07 1.24 6.92 -1.3900 -2.5400 -1.9700 -0.2367 0.0767 0.3222 4.37 2.63 8.36 98 192 189 190 126 
-3.24 0.65 10.12 -3.8200 -2.3200 2.0200 -2.1989 0.6989 -1.9367 2.66 1.50 9.31 98 194 189 199 141 
0.67 1.96 5.98 0.4200 2.4100 -4.5800 0.7867 -0.8689 -3.2767 1.64 2.08 9.44 134 277 252 271 193 
;
