0.36 5.55 7.82 -0.2300 -0.0800 -0.1600 -0.2022 0.1978 -0.1089 0.47 5.54 8.07 157 351 351 386 210 
0.34 5.50 8.58 -0.0600 0.0200 0.5600 0.1822 -0.1078 0.0256 0.42 5.57 8.05 157 351 356 388 209 
-0.39 6.19 10.19 -0.7500 0.2900 2.0500 0.7622 -2.2089 0.5889 1.82 5.95 7.57 160 356 332 382 211 
12.24 7.78 2.74 4.3500 1.4800 -2.6900 2.4533 -7.9367 5.3411 9.19 3.38 -0.32 169 319 308 315 201 
3.78 -0.34 -1.85 -4.2000 0.5900 2.8500 0.0578 -4.4511 2.7600 6.46 -2.15 -7.04 180 268 239 257 200 
1.16 -0.23 -4.46 -1.9700 2.9100 3.8700 -2.0711 -1.9456 0.2800 3.06 -1.59 -9.17 185 275 255 275 207 
3.58 3.48 -11.58 1.1800 2.8000 -2.4200 -2.7278 -0.7000 -0.4889 1.43 3.04 -9.21 185 281 254 274 207 
4.50 2.76 -16.21 4.1500 -1.8800 -7.6800 0.3600 0.1922 0.1378 1.04 4.04 -8.87 182 291 267 293 211 
3.79 6.61 -17.85 0.7900 6.4100 -8.2100 3.8044 0.2111 1.9300 2.35 0.78 -9.48 187 338 281 320 211 
-0.17 1.88 -2.22 -4.2900 12.1600 -2.9800 5.2033 4.6133 1.8544 3.14 -9.14 1.60 201 404 362 412 213 
-1.90 -2.77 5.12 -3.5200 5.2100 1.2000 0.0911 0.6267 -0.4167 2.40 -8.54 4.16 201 402 368 417 213 
0.98 -5.08 5.06 -2.0500 3.5100 1.5700 -1.3489 -0.4522 -1.5656 3.93 -8.53 2.79 196 384 352 343 210 
2.05 -5.48 1.57 -3.2500 4.0400 1.6300 -2.2367 2.1244 -6.2044 8.65 -4.17 1.94 175 326 233 226 208 
9.48 1.51 -3.13 3.5400 2.6400 -3.5500 0.5622 1.1867 -3.9456 8.73 2.63 3.60 120 346 172 162 160 
12.54 11.90 1.04 6.1400 7.0200 -2.2700 5.6578 3.1700 -0.9356 5.78 7.48 2.59 116 362 186 178 175 
7.84 16.34 6.79 -0.3400 8.4200 6.8900 2.0144 1.5378 3.2367 7.91 5.79 -0.10 130 359 189 185 183 
1.60 6.74 1.84 -9.3200 1.9700 -0.9000 -3.2367 0.7244 3.4967 9.31 0.50 3.02 131 360 192 189 183 
0.83 -0.95 2.61 -9.6100 0.1100 -1.5100 -5.2689 -3.0000 -0.5556 9.66 -1.65 0.01 127 367 195 191 179 
7.46 4.46 -6.87 -2.0300 2.3700 -6.1100 0.1222 0.7489 -4.4078 8.94 4.00 -0.21 122 366 196 192 183 
9.83 9.35 -2.78 2.5400 2.4700 -2.8900 2.8822 0.8367 -0.6256 6.60 7.23 -0.48 129 368 196 194 183 
8.51 13.71 3.95 -0.7900 6.0900 7.5700 1.0089 1.4556 0.9656 7.47 6.23 -1.18 160 352 223 220 197 
5.79 7.27 2.77 -1.5300 2.1600 2.5500 -3.6978 -0.2167 1.8856 8.76 4.18 1.34 168 279 278 268 196 
8.21 2.54 0.45 -1.2000 0.5400 0.4900 -3.8244 -2.9811 2.3011 9.73 0.69 -0.94 168 244 209 205 181 
11.68 3.03 -5.90 -3.7600 3.3700 -3.4200 1.8067 -3.3489 4.5900 6.81 -3.91 -5.86 148 274 176 169 169 
4.46 -7.59 -12.22 0.9500 -1.6900 -8.6200 3.8444 0.8600 0.2789 4.67 -7.98 -3.25 122 293 178 167 138 
5.68 -6.74 -14.46 0.9400 5.2700 -11.4900 10.0989 2.5078 -0.4400 3.28 -5.41 7.49 128 331 178 171 119 
1.31 8.46 13.01 -1.3100 4.8800 0.5400 -3.2278 -0.8778 -0.0956 3.21 -4.37 8.16 132 330 182 176 123 
1.98 -3.21 7.75 -1.8700 2.6600 0.3400 -1.7200 -0.2811 -0.8911 3.89 -5.82 6.85 140 329 185 178 129 
2.59 -1.39 1.55 -3.4100 4.9600 -2.9100 -4.6844 0.2767 -6.0356 7.90 -5.03 2.88 155 305 214 200 157 
16.21 2.04 3.26 -0.0500 -0.2800 -4.7900 0.0389 7.2867 -3.6078 4.74 0.53 8.56 153 298 257 243 179 
;
