1.72 6.75 6.89 0.1200 0.0100 -0.0400 -0.0011 0.0011 -0.0022 1.59 6.73 6.94 162 351 366 392 214 
1.89 6.76 6.88 0.0200 0.0600 0.0000 -0.0100 -0.5056 0.0800 2.15 6.70 6.82 166 327 350 381 215 
4.92 8.05 9.15 0.7800 1.3800 -1.9300 0.7744 -10.8789 2.3089 8.32 5.10 0.86 174 292 290 318 216 
6.22 2.35 -5.02 -2.4100 0.9000 3.4300 1.3244 -3.0433 2.0433 5.07 -0.23 -8.38 182 250 237 282 218 
-1.57 1.17 -3.94 -4.3400 1.5300 4.7600 -2.9500 -1.5644 -0.8389 3.05 1.41 -9.21 184 259 245 302 220 
2.02 4.55 -13.57 2.0200 -0.1300 -4.4700 -1.5433 -0.1244 -0.1500 1.40 5.35 -8.09 182 264 256 310 220 
2.69 5.46 -12.02 1.0800 0.1700 -3.9400 0.7978 -0.0500 0.2467 1.20 5.23 -8.20 177 268 259 312 219 
4.43 5.20 -17.79 3.4200 1.9000 -8.9800 2.1689 0.8522 1.6611 2.49 2.63 -9.11 187 326 314 341 216 
15.06 8.09 -9.69 2.2100 13.6500 -4.5800 5.4444 8.5100 1.5433 5.46 -7.87 2.06 205 413 326 422 219 
-4.41 -1.54 3.83 -7.8100 5.9100 -0.3900 -0.7778 1.0533 -1.5533 4.32 -7.56 4.50 199 351 272 292 209 
4.62 -7.81 3.13 0.1000 -0.5900 -0.5800 -2.3344 0.0900 -1.4611 5.90 -7.26 2.92 177 270 154 168 147 
8.71 -9.19 1.55 2.6800 2.1200 -6.1900 0.6722 3.6300 0.3033 5.47 -6.93 4.26 118 199 155 157 130 
8.81 -2.96 6.84 -0.6000 0.6600 0.0800 2.5056 0.9278 1.3989 3.88 -3.62 8.24 106 204 157 168 134 
2.63 -0.23 10.29 -0.0500 1.3800 0.3000 0.3111 0.5556 1.4367 2.93 -1.90 9.16 115 212 150 171 136 
1.85 -0.75 9.44 -0.6500 0.9400 0.1300 0.1433 -0.1844 0.7611 2.29 -1.87 9.34 119 215 160 172 137 
-1.82 -1.45 9.24 -3.2600 0.6000 0.2300 -0.3989 -0.4556 -0.5544 1.50 -2.14 9.45 120 222 162 174 139 
2.24 -1.28 8.14 1.4600 1.8000 -1.3300 -1.5356 0.9356 -0.8111 0.75 -3.71 9.04 121 215 165 175 141 
-1.13 -6.33 4.00 -7.6700 -2.9800 -3.5600 -1.5767 0.7511 0.8011 1.45 -6.27 7.39 122 215 164 174 142 
-0.96 -7.18 5.93 -2.1800 0.2600 -0.9900 -0.5644 -0.4767 -1.5522 2.80 -6.68 6.60 148 206 149 171 158 
2.63 -6.37 1.22 -1.3200 -0.6000 -5.4400 -0.0022 -0.9578 -3.2989 6.21 -4.57 6.04 108 232 226 241 190 
10.75 -3.96 0.18 3.6500 0.2600 -4.6400 2.6089 0.7156 -0.1222 6.43 -1.63 7.21 99 209 211 218 164 
7.57 1.49 -2.59 7.7100 1.4900 -4.9500 4.9856 -8.3444 1.4767 9.69 -0.14 1.47 94 169 174 181 124 
11.50 3.97 -1.70 2.8000 4.5700 -0.6500 2.8667 -0.8856 -0.2889 9.75 0.27 -1.00 95 172 179 182 128 
9.78 8.23 8.34 -0.9300 6.7400 6.1100 -1.0033 -0.1244 0.4011 9.72 -0.24 -1.22 97 177 183 188 132 
11.03 3.30 -2.38 0.8500 1.6400 -2.1600 -1.8000 0.1222 -0.4456 9.75 0.52 -0.86 97 177 184 189 134 
6.71 -6.43 -5.56 -3.3300 -8.0600 -4.4700 0.9733 -2.6744 0.2722 9.30 0.57 -3.03 98 176 186 189 134 
13.13 2.37 -2.13 3.9600 1.3400 2.0700 1.5356 0.3433 -0.6178 8.91 1.16 -3.91 98 179 185 189 134 
10.30 1.53 -1.82 1.7500 2.1100 3.2300 -0.6989 0.8033 0.0044 9.15 1.00 -3.37 98 183 186 193 138 
8.96 -0.21 -2.36 -0.4900 -1.6400 -0.3300 -3.2244 2.5944 -0.8444 9.56 2.02 -0.71 111 215 212 223 167 
;
