3.48 0.93 9.10 0.0000 0.0400 -0.0300 0.0011 -0.0133 0.0000 3.50 0.89 9.11 164 331 344 376 213 
3.56 0.95 9.07 -0.2800 -0.0300 -0.1100 0.0367 -0.3889 -0.0411 3.83 0.97 8.97 165 325 345 367 212 
3.67 1.91 9.61 -1.8200 0.3600 1.5500 0.6500 -6.5622 -0.2089 7.91 2.13 5.37 168 329 309 333 212 
10.75 -0.10 -3.78 0.8600 -0.5200 -1.8900 -0.6756 -6.9278 3.8222 7.88 -1.12 -5.72 173 303 298 329 204 
2.04 -0.92 -4.80 -5.0800 1.4600 0.7100 -1.1467 -2.5311 0.7700 4.13 -2.13 -8.63 183 274 275 324 215 
5.63 -1.15 -9.47 2.1400 -0.0500 -1.0100 -0.9522 -0.0656 -0.6422 3.83 0.01 -9.02 186 282 276 331 214 
5.29 0.19 -9.75 1.5100 -0.4700 -1.0500 -0.1789 0.1133 0.1211 4.04 0.59 -8.91 182 284 278 330 214 
8.17 -0.54 -13.53 4.3400 -1.1100 -6.0100 0.9033 0.7589 0.8100 4.66 -0.49 -8.61 180 285 279 333 214 
8.02 0.95 -14.34 -1.8500 6.3000 -6.6700 9.3667 3.7811 2.1333 5.90 -7.48 -2.29 200 406 367 436 212 
-6.80 0.51 3.85 -4.9000 8.1200 1.7900 0.6289 1.3989 0.6411 2.26 -8.33 4.64 202 413 378 445 214 
0.58 -7.16 4.18 -0.7700 0.8100 0.4100 -0.7089 0.6089 -1.8200 3.26 -8.23 4.20 197 389 328 317 204 
5.81 -8.39 5.00 0.3500 -1.5100 -0.8700 -0.2756 4.6944 -1.4167 2.93 -7.62 5.43 168 280 158 166 131 
5.23 -7.25 2.81 3.4700 -1.1700 -0.9900 1.7500 3.4511 1.3700 -0.63 -7.64 6.10 115 274 159 167 125 
0.66 -4.07 7.51 2.5800 2.1200 0.1000 1.8800 -0.3644 1.8189 -1.84 -5.03 8.20 117 266 161 170 130 
-3.41 -2.63 9.47 -1.5500 1.1800 0.4700 0.4656 -0.4578 0.3867 -1.51 -3.77 8.92 118 275 162 173 131 
-1.61 -2.82 9.87 -0.2000 1.2100 1.0100 -0.1978 -0.4989 0.0467 -1.06 -3.84 8.95 120 283 166 174 133 
1.01 -1.85 10.20 2.0300 2.1600 1.3700 -0.3222 0.3300 -0.6478 -0.91 -4.11 8.85 119 280 165 174 134 
0.69 -2.48 10.47 0.6700 1.7500 1.9900 -1.4333 -0.2056 -0.7600 -0.99 -5.33 8.16 121 279 166 177 135 
-2.50 -8.34 5.38 -0.4600 -1.7700 -1.1400 -1.0211 0.8022 -0.6078 -1.06 -6.87 6.91 121 280 168 178 135 
-1.84 -8.58 5.64 -0.4500 -1.0100 -0.6800 -0.4256 -0.4333 0.0111 -0.63 -7.45 6.33 130 265 167 179 139 
-1.28 -6.47 3.55 -1.4500 1.0700 -2.9400 0.1056 -0.4022 -0.9300 0.54 -7.41 6.39 154 281 182 207 175 
;
2.24 -2.54 1.30 -0.0300 3.8300 -7.4300 2.8344 1.1989 -2.5533 2.75 -5.02 7.95 167 324 311 332 203 
11.32 4.58 16.93 2.5600 4.6100 9.0400 1.8222 1.4322 -0.4533 3.93 0.84 8.94 177 333 344 374 201 
1.61 3.39 13.80 0.1700 -0.0500 3.7500 -0.4300 -0.2833 -0.2689 3.05 1.74 9.15 177 336 348 375 205 
3.32 1.62 9.52 0.0000 0.0900 0.0500 -0.2133 -0.8078 -0.1067 3.83 1.50 8.89 176 328 340 359 204 
6.80 1.89 9.12 -1.1800 0.8200 1.8400 -2.4078 -5.5544 -0.2867 8.76 0.34 4.38 175 310 288 307 193 
10.79 -1.26 -6.17 -0.2600 -0.6800 -1.8100 -1.9900 -6.7711 0.8056 5.89 -0.14 -7.83 184 275 262 297 188 
3.16 0.39 -8.35 -0.7900 0.0000 0.8700 -0.4956 -0.2289 -0.0067 4.00 0.19 -8.95 187 273 271 315 195 
6.14 0.29 -10.36 1.8300 -1.0200 -1.4800 -0.0567 0.1256 -0.0178 3.93 0.68 -8.95 185 281 274 321 200 
8.29 -1.02 -13.39 3.8200 0.3200 -4.3400 1.6967 0.5322 1.4678 4.22 -1.65 -8.69 185 290 279 324 200 
6.50 -3.09 -11.51 1.7400 3.8500 -4.0100 6.2267 3.7022 2.4256 5.21 -7.83 -2.76 205 413 381 446 207 
-2.32 -1.71 0.57 -5.4700 7.7500 0.0000 1.5556 1.2289 0.6033 2.82 -9.19 1.89 205 416 389 450 208 
0.42 -7.42 3.28 -1.8400 1.4100 0.5400 -0.3600 -0.5278 -0.3867 3.01 -9.05 2.23 200 412 384 433 207 
3.65 -8.28 1.38 0.5500 0.1400 -1.1400 -0.4844 4.1022 -2.4044 4.80 -8.04 2.87 176 323 177 190 146 
4.94 -9.66 3.52 6.1100 0.5800 -0.8100 1.7689 4.0644 1.2778 2.64 -6.94 6.39 130 305 165 171 136 
-3.49 -4.45 9.84 1.0400 1.1200 1.6500 1.5189 -0.0156 1.3944 -0.04 -4.79 8.55 125 272 168 175 138 
-3.04 -2.16 10.13 -1.1500 1.4400 1.0700 0.4367 -0.2789 0.1011 -0.65 -3.78 9.02 128 284 170 176 139 
-0.78 -3.31 9.45 0.3100 0.8500 0.4000 -0.3656 0.0567 -0.0867 -0.82 -4.12 8.85 130 288 173 178 141 
-1.35 -2.74 9.88 -0.0400 1.7000 1.1900 -0.5200 0.3711 -0.5433 -1.10 -4.60 8.58 129 285 175 179 142 
-3.19 -2.59 8.78 -1.3100 2.8100 1.2500 -1.5000 -1.4122 -0.5167 -1.10 -5.96 7.70 129 278 176 181 142 
-2.45 -8.13 4.00 -2.0100 -1.7900 -2.5900 -1.4478 1.0300 -0.3511 -1.49 -7.94 5.55 131 283 174 182 142 
-2.69 -9.73 3.71 -0.4200 -1.1300 -1.1000 0.0956 -0.3500 -0.1644 -1.22 -8.33 5.02 132 282 175 181 142 
-1.06 -7.76 5.23 -0.1100 0.4900 -0.0900 0.2000 -0.2589 -0.2767 -0.83 -8.21 5.29 133 284 178 184 147 
-2.30 -6.77 2.11 -2.0300 1.5400 -4.0500 1.6611 -1.1033 -1.7811 1.35 -7.30 6.39 147 283 186 194 157 
2.07 0.57 1.92 0.1300 5.2800 -5.8400 5.2000 2.5922 -2.0278 1.65 -1.57 9.53 171 335 280 286 197 
;
