3.17 1.48 9.14 -0.0900 0.0000 0.0200 0.0011 0.0056 0.0000 3.25 1.52 9.12 164 355 356 398 214 
3.08 1.48 9.16 -0.0800 -0.0100 0.0000 0.0033 -0.0011 0.0000 3.24 1.52 9.12 164 354 357 396 213 
2.20 1.77 9.84 -0.8400 0.2500 0.7600 0.2656 -1.3633 0.0811 4.12 1.67 8.73 168 352 339 369 212 
5.34 2.38 13.34 0.4400 0.2500 3.8800 -1.5456 -1.9867 -0.0867 7.16 0.83 6.64 168 352 193 207 171 
4.74 -1.81 1.10 -1.1600 -0.2000 -4.9500 -0.0900 0.2100 -0.2122 7.74 -1.08 5.91 141 363 177 189 149 
5.52 0.66 2.55 -2.1000 0.4800 -3.9700 2.1478 -0.1022 -1.1644 7.39 1.57 6.24 138 377 180 193 153 
10.39 6.12 6.10 3.3200 2.4000 0.8300 2.7056 -0.3856 -0.0622 7.22 4.63 4.74 136 383 182 196 154 
11.00 6.33 6.56 2.2600 1.4200 2.8200 1.3800 -0.6967 2.0211 8.41 4.17 2.79 134 391 185 198 155 
7.46 4.29 5.84 -1.9300 1.9700 2.9000 -1.0433 1.0956 2.2111 9.10 1.03 3.50 125 385 187 198 155 
6.44 1.41 5.10 -3.4800 2.1000 0.8100 -2.2933 0.9744 0.6556 8.82 -1.67 3.92 126 387 190 198 156 
5.42 -0.14 1.80 -3.4600 2.0800 -1.7800 -2.0622 -0.5022 -1.4733 9.22 -1.80 2.79 125 387 190 200 158 
9.74 0.78 -1.70 0.6600 1.4100 -3.5800 -0.5889 -0.4533 -1.7511 9.63 0.19 1.83 124 390 190 200 158 
10.24 2.19 1.12 0.6400 0.5800 -0.8400 0.7444 -0.2111 -1.2378 9.34 2.39 1.75 125 389 188 201 159 
10.83 3.29 1.71 1.1700 -0.0400 0.0400 0.9789 0.1700 -0.2111 9.07 3.37 1.56 126 391 189 199 160 
10.39 3.42 1.89 1.0200 0.0600 1.1200 0.9978 0.1267 0.4611 9.19 3.26 0.97 126 390 192 203 161 
8.73 3.32 4.55 -0.6900 0.4400 3.8900 -0.0744 -0.0733 0.6667 9.43 2.55 0.72 156 393 205 213 170 
15.13 0.09 -2.84 5.1000 -0.1200 -2.2300 -3.6722 0.2967 4.1156 9.58 -2.04 0.33 154 392 203 219 171 
4.95 -3.11 -0.48 -3.7900 2.9800 0.2700 0.5833 -1.9911 2.5211 6.86 -6.90 -1.14 137 392 204 219 166 
7.92 -6.34 -1.70 -0.2100 1.0700 -0.4200 3.2256 -1.0989 0.1067 6.00 -7.74 0.34 130 395 203 215 166 
7.41 -6.68 7.77 -1.8600 1.0400 4.7200 -1.6344 1.8522 0.2633 6.01 -7.67 1.01 126 406 202 217 165 
4.70 -6.30 -3.05 -0.6200 0.9700 -2.3900 -2.0689 -0.6922 -0.5278 6.25 -7.11 -2.53 125 408 196 214 163 
6.47 -7.07 -6.27 -0.1100 0.2300 -3.2000 2.2567 -0.8211 0.0633 6.12 -7.48 -1.61 119 405 199 213 162 
5.26 -5.61 5.96 -0.6400 1.5700 4.7200 1.9978 0.0256 -0.4678 6.33 -7.36 1.33 129 400 201 214 163 
5.82 -6.68 3.92 -0.1900 0.5800 2.8400 -0.9767 0.5878 -0.5144 6.50 -7.23 1.21 150 397 207 219 167 
7.56 -5.00 3.50 0.6500 1.7700 1.9200 -1.8522 4.2000 -2.2589 7.68 -5.61 2.38 160 367 212 228 180 
;
8.78 -2.25 1.20 -1.3100 -0.4100 -3.2000 0.6133 2.4511 -3.8678 8.36 -0.44 5.09 164 377 204 221 174 
11.71 3.78 4.07 3.9900 0.9700 -0.5300 1.9367 0.6022 -0.9922 7.49 3.36 5.35 155 380 192 202 161 
9.59 5.74 5.36 2.2100 1.3400 0.8800 1.7378 0.0800 0.4589 7.34 4.59 4.59 138 383 183 200 158 
6.48 4.31 3.49 0.2700 -0.1700 0.4000 2.2633 -0.4533 0.9111 7.86 4.91 3.18 134 387 188 203 159 
8.30 5.32 6.19 -0.2700 0.8000 3.4200 0.2544 -0.2022 1.5767 8.77 3.65 2.43 135 389 190 201 159 
7.10 2.80 5.28 -2.0800 0.4300 2.2400 -0.9800 0.5133 1.3367 9.21 1.33 3.07 134 390 190 203 158 
4.70 1.06 4.29 -4.4900 1.3100 1.3300 -2.0222 -0.9722 0.1200 9.38 -0.08 2.84 133 391 192 205 158 
6.76 1.34 0.20 -2.3700 1.2300 -2.7800 -1.8467 -0.9011 -1.1867 9.59 0.58 1.93 131 394 190 205 158 
11.05 3.11 -0.54 1.0500 0.6900 -2.4500 0.4522 -0.0178 -1.7244 9.07 3.19 1.89 135 396 192 207 157 
12.36 4.66 1.37 3.9800 0.5400 -0.1900 1.0522 0.8589 -0.5289 8.48 4.56 1.84 134 395 192 209 161 
8.94 4.50 2.60 0.5200 -0.1900 1.2600 1.1833 0.1111 0.2367 8.51 4.73 1.15 136 397 193 208 160 
12.90 3.42 1.77 3.4100 -0.7000 0.5100 -0.0722 -1.8156 3.0856 9.60 1.93 -0.38 131 395 194 207 161 
9.03 -0.43 1.27 -2.0800 -0.1100 1.9900 -0.6867 -0.1311 3.2567 9.24 -3.02 -1.23 131 402 196 209 159 
6.59 -4.26 -2.27 -1.2200 0.8900 -1.0800 -0.7067 -0.0022 2.1322 6.87 -6.72 -1.91 127 402 194 210 162 
7.81 -6.96 -0.97 1.3500 0.2500 0.3400 2.7233 1.3533 0.6422 6.00 -7.75 0.06 132 398 201 215 165 
4.70 -6.23 5.07 -2.0300 1.3600 2.8100 -1.2078 0.1911 -0.0900 6.14 -7.51 1.35 133 408 201 215 162 
7.01 -6.88 -4.37 0.2300 0.7400 -3.5000 -1.4144 -0.5067 -0.3111 6.44 -7.05 -2.19 127 405 199 215 161 
6.44 -6.70 -4.13 0.8700 1.0800 -1.9300 2.5778 0.4744 0.0011 6.55 -7.28 -0.27 122 394 197 212 160 
9.64 -6.25 8.14 0.5200 0.9600 5.7600 -0.4722 3.1778 0.0700 6.69 -7.01 1.48 124 400 196 210 161 
5.09 -4.84 5.29 -1.6500 1.8700 4.3400 -1.0089 1.5589 -2.1278 7.59 -6.00 1.55 161 397 249 231 180 
6.85 -2.38 -0.10 0.5900 1.5600 -5.4800 1.6544 6.2822 -3.0100 5.57 -1.72 7.88 173 344 320 318 216 
;
