-0.98 5.64 7.92 -0.0700 0.0000 -0.0700 -0.0278 0.0311 0.0156 -0.91 5.62 7.98 171 354 363 395 212 
-1.69 5.50 8.12 -1.0900 -0.0900 0.1100 0.0622 -0.2122 0.1789 -0.63 5.59 8.03 171 339 344 376 213 
-4.28 5.86 11.02 -5.8000 0.3800 3.2300 -0.2678 -3.8111 -0.4933 2.24 5.25 7.97 168 313 217 228 185 
6.41 5.27 8.26 3.7000 1.3300 -0.4700 -0.4278 -3.1433 1.0300 6.68 4.39 5.67 150 324 158 176 133 
7.63 2.25 -4.65 -3.0900 -1.3300 -8.0100 3.0722 1.0289 -0.2000 8.28 4.13 3.23 118 338 163 177 139 
8.94 10.78 -0.04 2.5000 4.5100 -2.2800 4.8589 2.6833 0.2333 6.44 7.16 1.81 122 355 162 182 142 
8.63 12.76 4.63 -0.1800 6.5000 4.4200 1.2989 1.2611 3.2133 8.65 4.60 0.35 127 358 168 185 145 
2.57 5.12 2.65 -6.8000 2.9900 0.1900 -3.3522 1.0678 1.9178 9.32 0.67 2.94 131 358 176 188 146 
1.93 1.04 0.38 -6.6800 2.6400 -2.4400 -4.4033 -1.2722 -0.7467 9.49 -1.50 1.94 126 364 172 189 144 
11.10 4.36 -4.86 0.8000 2.2600 -5.9300 0.9311 1.7489 -3.7922 8.76 3.35 2.83 124 367 172 189 144 
10.70 8.96 -0.87 6.0900 4.9600 0.1200 2.9022 0.7200 -0.8311 7.46 6.23 1.25 114 366 171 193 148 
8.87 9.77 2.78 1.7900 2.3100 1.6200 2.2722 1.7967 -0.8433 6.88 6.97 0.21 162 298 265 257 188 
9.16 9.37 1.47 1.8600 2.7000 2.0300 0.8456 -0.0800 3.4844 8.53 4.75 -0.86 176 271 299 327 205 
6.78 2.31 -0.71 -3.2300 3.1600 1.8800 -1.2789 -1.2144 6.5456 8.34 -4.02 -3.22 184 284 299 346 218 
2.52 -2.71 0.19 -3.3800 4.5200 5.1200 -2.7678 -0.2278 1.9178 3.79 -6.50 -6.27 185 289 304 360 220 
1.55 3.93 -11.97 0.2700 6.6500 -5.9500 -5.0200 -2.0511 -0.7833 1.60 0.19 -9.67 186 293 307 344 219 
3.55 -0.25 -8.88 1.4900 -0.1400 1.5300 -0.3189 0.6889 -0.1856 1.78 0.59 -9.62 186 292 307 353 219 
1.71 0.93 -9.84 0.0800 0.2300 0.3500 0.1633 0.3144 0.0211 2.01 0.64 -9.57 186 296 309 351 218 
2.42 1.38 -8.78 0.5100 0.8000 0.4800 -0.0811 0.1378 -0.1144 2.26 0.70 -9.51 186 296 308 348 217 
3.11 1.25 -8.88 -0.4700 0.3000 0.3600 0.2100 0.1789 -0.1000 2.97 0.63 -9.32 186 298 306 344 218 
4.64 1.46 -8.94 3.0400 1.1200 -0.4500 0.0144 1.4467 -0.0378 4.10 0.65 -8.88 176 285 278 279 205 
13.79 3.20 -11.63 3.9900 2.7500 -3.0600 -3.1656 10.3889 0.9778 9.74 0.25 -1.07 160 229 201 220 155 
6.67 -0.17 -2.37 -3.5300 5.2600 -2.2600 -0.8600 -0.1689 5.9467 6.13 -7.64 -0.28 152 235 202 224 143 
-2.71 -5.33 -0.91 -1.8300 3.5000 1.9200 -1.3489 -0.9889 2.1056 0.93 -9.40 -2.60 149 234 196 225 145 
-1.07 -8.54 -1.38 -0.2800 -0.1800 1.2200 0.1556 -0.0389 -0.2744 0.57 -9.26 -3.15 151 246 205 234 151 
-1.06 -9.26 -2.56 -0.3900 0.4400 1.1500 0.2267 -1.8122 -0.5367 0.65 -9.32 -2.96 154 229 205 225 149 
-2.47 -7.43 -4.72 -3.9100 2.1400 -2.1800 -0.6356 -7.3556 -4.9744 2.28 -8.38 -4.54 155 225 196 219 150 
5.31 -3.74 -6.84 1.0000 3.4700 -3.2000 -0.6878 -2.2456 -2.8256 1.88 -6.94 -6.66 158 236 200 222 159 
4.56 -4.79 -7.52 2.7100 2.2400 -1.5500 1.1089 -1.5211 -1.1089 2.25 -7.26 -6.19 158 236 197 224 159 
2.60 -7.34 -5.91 0.2800 0.5000 0.0000 0.8067 -0.4989 -0.5567 2.14 -7.92 -5.37 156 237 199 225 163 
2.77 -7.47 -4.44 -0.3400 1.0100 0.1000 -0.0133 -0.0267 0.1356 2.12 -8.02 -5.21 157 239 204 225 164 
3.95 -6.59 -4.31 1.7600 2.2600 2.1200 -1.3433 1.8189 0.5156 2.58 -7.70 -5.48 158 228 203 227 167 
5.52 -0.78 -0.97 -2.4400 5.7400 1.2900 -1.9856 11.5611 -2.4511 8.49 -4.86 0.63 162 240 220 243 185 
26.11 15.05 16.47 15.3700 10.6000 9.5400 0.3500 7.0089 -5.1022 3.10 3.55 8.59 162 300 258 316 195 
;
