3.46 3.19 8.63 -0.1000 0.0700 0.1200 0.0422 -0.1644 0.0922 3.77 3.21 8.45 168 342 348 409 219 
5.47 2.91 10.05 -0.1100 0.3500 1.1200 -1.6511 -0.0467 -0.4444 5.37 1.72 8.02 169 343 331 374 211 
4.62 1.39 4.72 0.5700 -0.5600 -4.1900 1.5844 1.3122 -0.1144 3.38 2.65 8.81 169 326 349 401 216 
4.35 4.59 12.56 1.5600 2.6700 5.2100 0.2156 -2.6356 0.6133 5.04 3.27 7.74 170 347 307 275 190 
2.82 2.17 6.45 -3.4000 1.8300 -1.3100 -4.5722 -1.1611 2.3189 7.55 -1.42 6.08 149 367 164 182 122 
6.17 -1.32 2.64 -0.9100 -0.7500 -2.5400 2.1067 -0.6767 -0.9222 7.89 0.89 5.75 140 377 170 186 128 
13.74 4.04 3.93 6.2500 1.5000 -0.8400 3.5289 0.2211 -0.1167 7.87 3.84 4.40 139 385 175 187 130 
12.04 9.23 8.96 1.3200 5.2400 6.8500 1.3289 1.5278 1.8233 8.68 3.35 3.08 146 376 176 189 132 
3.33 5.87 5.32 -5.6100 4.9700 0.0400 -4.0911 0.6556 1.8011 8.40 -0.86 4.97 146 379 178 192 132 
1.77 1.52 -0.70 -5.1300 3.9400 -5.0700 -2.9378 0.2011 -2.9489 8.93 -1.75 3.62 142 384 179 193 133 
14.65 2.74 -3.06 6.4000 1.7600 -4.7600 2.4411 1.3211 -2.5256 8.42 3.12 3.92 141 383 179 196 136 
10.20 5.79 8.47 1.3500 1.7400 6.0400 2.1844 0.1944 0.8889 8.44 4.23 2.63 146 382 181 198 137 
6.34 4.68 5.72 -2.2200 -0.1900 0.9500 -1.4144 0.4011 0.1078 8.42 3.22 3.83 154 379 186 204 144 
8.83 2.21 0.77 1.0000 -1.0600 -3.7500 0.9378 0.0489 -0.6867 8.00 3.80 4.19 147 379 186 203 143 
16.95 7.55 3.48 7.0900 3.1100 1.9100 3.1778 -0.4322 1.7800 8.79 4.12 1.30 149 385 183 204 143 
8.66 6.88 5.64 -2.3400 3.9200 3.4300 -1.0600 1.7389 1.9967 9.37 1.37 2.51 150 385 180 203 142 
3.68 3.01 4.40 -5.7500 3.9400 1.1200 -3.3844 0.1867 0.9400 9.14 -1.91 2.97 141 387 184 201 143 
4.66 0.23 -1.38 -5.5600 1.8100 -4.9100 -2.0867 -1.1122 -2.7778 9.72 -0.61 1.07 138 390 187 202 143 
11.56 3.09 -4.13 7.5600 2.1000 -3.7700 1.4944 2.2033 -2.4411 8.96 3.44 1.95 140 391 186 204 144 
12.14 5.44 2.79 2.6000 1.4300 2.3000 2.1544 0.2744 0.5467 8.65 4.44 1.23 140 391 189 204 144 
;
