3.32 0.70 9.21 0.0200 0.0800 0.0400 -0.0044 -0.0033 0.0033 3.35 0.66 9.19 166 327 352 404 210 
-1.80 0.68 10.67 -3.5500 1.3400 1.7400 -0.0567 -6.0822 1.8111 6.50 0.12 7.34 161 331 297 317 211 
9.69 -1.80 3.43 1.9100 -0.6300 -0.8800 2.4722 -1.3878 1.2622 8.25 -0.11 5.29 172 322 172 183 157 
3.75 0.97 4.39 -2.4200 0.1300 -2.3700 2.7411 1.7378 -0.9767 6.54 2.72 6.77 131 363 168 174 147 
11.22 4.01 6.58 4.2700 -0.2300 -0.0900 1.8656 -0.0878 2.3489 7.09 3.23 5.95 135 375 170 179 152 
8.08 5.71 9.08 -0.9500 3.8400 3.7700 0.6489 0.2944 3.4422 8.11 0.62 5.47 136 388 172 182 153 
3.26 2.21 7.05 -4.5900 4.5300 1.1700 -3.8478 -0.5733 1.2900 7.60 -3.63 5.01 135 389 176 183 152 
2.83 0.46 0.88 -2.3700 5.2900 -2.8600 -3.7989 0.8367 -2.9322 8.40 -3.93 3.16 131 395 173 184 156 
12.16 0.66 -0.49 2.9600 0.9900 -4.8400 2.0144 0.7867 -2.2533 8.49 0.36 4.89 121 394 181 185 159 
11.59 2.46 4.84 2.9700 1.0900 0.4900 3.8911 0.6567 1.1678 8.21 2.45 4.75 132 394 181 186 161 
9.64 5.36 8.55 -1.2300 3.2900 4.3200 0.6800 0.9200 2.2522 8.43 1.31 4.82 147 394 189 202 157 
10.78 4.18 8.20 2.8000 5.2800 1.5900 -3.7322 2.2133 1.6656 7.43 -2.23 5.98 124 293 283 292 191 
2.83 -5.02 1.63 -1.1500 1.8000 -1.9900 -6.3733 4.1322 0.7133 3.99 -8.22 3.54 95 225 249 259 185 
2.65 -7.94 -1.16 3.3800 1.8300 -2.2200 -3.3944 0.7678 0.4422 2.83 -9.38 -0.41 89 178 194 209 154 
4.35 -9.43 -6.73 0.6200 0.3300 -6.5500 0.9211 -1.8744 -0.8000 3.26 -9.13 -1.46 93 173 190 201 144 
6.67 -4.30 -6.55 5.6800 7.2800 -7.2100 6.9900 -3.5956 -0.5322 4.52 -7.68 4.07 93 178 185 200 136 
14.98 9.64 10.28 11.8700 12.3100 6.9000 5.3967 -0.1789 0.6556 6.52 -1.66 7.12 91 173 182 191 132 
9.13 1.66 9.02 2.7100 4.3800 2.3400 -2.3700 0.2667 -0.3378 6.51 -3.36 6.51 93 178 191 198 134 
8.15 0.83 7.74 3.7200 6.4400 -0.1500 -5.3967 1.9644 0.1200 5.20 -6.94 4.57 95 181 190 196 134 
4.10 -6.66 -9.70 -0.3800 -0.1600 -11.5900 -1.0333 -0.2189 0.5600 4.15 -8.85 0.68 93 180 189 195 132 
2.98 -10.62 -3.24 4.0200 -3.6000 -3.8200 5.3833 -1.2033 -0.6367 4.96 -7.38 4.12 95 183 190 197 134 
7.56 11.33 23.38 1.0000 4.9200 5.1100 0.1011 0.5678 -1.3078 5.48 -5.36 6.11 93 174 181 188 130 
5.49 -2.90 7.71 1.1000 2.0500 1.3100 -0.2022 0.3022 -0.1600 5.31 -5.26 6.33 98 189 193 202 140 
3.93 -4.58 8.77 -1.6800 0.7400 2.5900 -2.5967 0.9667 -0.5822 4.97 -6.80 5.00 122 263 255 252 176 
4.99 -8.63 1.70 -0.4700 -0.7300 -2.3700 -0.7500 1.4656 -1.9733 6.09 -6.40 4.24 162 321 203 222 172 
;
7.78 -0.80 1.61 2.2400 3.2900 -3.6900 2.6367 0.1578 -1.9689 7.66 -3.00 5.33 157 359 180 198 156 
10.83 2.77 5.41 2.6900 3.3800 -0.1700 2.9567 0.7022 -0.4411 7.48 0.56 6.31 133 378 178 194 148 
9.97 3.43 8.83 2.4800 1.2300 2.3100 1.7967 0.2978 1.2600 7.54 1.67 6.03 135 386 176 195 150 
6.61 2.37 8.76 -1.0500 1.5500 2.6500 -0.0978 0.3600 2.0444 7.53 -0.06 6.27 136 390 182 198 151 
5.14 0.82 9.06 -1.0000 2.9600 2.2500 -2.6256 1.3756 0.5144 6.28 -3.00 6.90 127 396 181 196 150 
1.40 -2.29 4.38 -4.5700 2.7700 -1.7400 -2.5878 -0.1656 -1.4811 6.39 -5.22 5.28 131 397 182 200 151 
8.72 -0.88 1.44 -1.3900 3.3500 -3.3000 -0.2133 -0.4367 -2.1300 8.19 -3.42 4.14 132 397 183 200 152 
12.20 -0.78 1.64 4.2400 0.1600 -2.7800 2.2011 0.7811 -1.3411 8.41 -0.29 5.02 136 394 176 201 154 
12.69 1.58 7.27 4.0400 1.0100 2.1800 2.2622 0.4167 1.4533 8.22 1.12 5.21 140 394 184 201 154 
6.49 3.52 8.61 -2.2300 3.7600 3.8400 -0.2978 0.4111 1.6622 8.18 -0.93 5.32 145 346 206 225 172 
11.85 1.63 7.14 2.9500 4.1500 -0.0800 -4.6722 3.1100 2.0233 5.54 -5.91 5.51 100 274 321 356 199 
1.78 -4.75 2.04 -2.2400 2.8200 -1.2700 -2.6511 0.8344 0.2567 2.76 -8.99 2.74 98 200 222 232 157 
3.84 -8.38 -1.39 0.4500 0.3400 -2.5500 -3.1900 -0.2656 0.1322 2.79 -9.12 -2.24 94 169 196 203 137 
2.72 -9.93 -13.98 0.9200 1.4900 -10.6600 4.0878 -0.9300 -0.5144 3.24 -9.23 -0.65 94 176 198 203 138 
8.35 5.04 -2.20 7.1600 13.4800 -4.8100 7.8189 -1.5867 -0.8611 5.29 -4.93 6.61 91 179 200 206 139 
3.55 15.21 36.75 -0.6800 5.4400 19.6800 0.8078 0.8733 0.1489 6.95 -2.57 6.41 95 175 195 200 132 
7.05 0.61 10.57 2.0900 3.8900 3.4700 -3.2456 1.6467 -0.5678 6.09 -4.63 6.12 95 178 200 203 134 
6.54 -3.39 -0.88 0.4100 2.5800 -5.3200 -2.8978 0.0633 0.5911 5.31 -7.57 3.25 93 180 201 201 133 
4.74 -8.58 -3.13 -0.4800 -0.3400 -4.8200 -0.3267 -0.5200 0.4700 4.71 -8.36 2.00 95 181 199 201 132 
9.09 -7.84 0.28 4.3800 -0.4100 -2.5100 6.0278 -1.5444 -0.6256 5.95 -5.96 5.01 96 168 177 181 118 
7.04 -5.16 3.11 1.2400 -1.3100 -2.0500 0.0144 0.6667 -0.9156 6.09 -4.85 5.94 96 183 192 199 133 
3.82 -3.69 9.04 -2.5000 1.1200 3.0600 -1.8222 0.4933 -0.2289 5.90 -5.68 5.38 120 252 240 256 176 
;
