4.47 1.02 8.74 -0.0600 0.0900 0.1300 -0.0100 -0.0267 -0.0022 4.60 1.01 8.59 163 338 337 388 203 
4.53 1.06 8.65 -0.0900 0.0200 0.0600 -0.0044 -0.0078 0.0044 4.60 1.01 8.59 164 338 335 389 203 
4.37 0.95 8.66 -0.1500 -0.0100 0.1100 0.0378 -0.1100 0.0467 4.66 1.00 8.56 165 339 338 390 202 
4.27 1.17 8.61 -0.1600 0.0100 -0.1400 0.0256 -0.1689 0.0511 4.74 1.12 8.51 165 336 338 390 203 
5.67 0.95 7.86 0.1600 -0.1900 0.1900 0.4178 -0.8778 0.0511 6.16 1.40 7.49 171 330 333 392 203 
8.63 3.36 12.24 2.2600 2.2500 4.3400 -1.6300 0.2000 -0.2789 6.49 1.23 7.24 169 328 209 206 142 
5.83 -0.14 0.90 2.3900 -0.1000 -7.9900 5.6767 -0.1556 -1.4511 5.35 3.63 7.36 156 343 185 189 138 
9.82 9.80 8.60 2.7600 5.1200 3.8800 1.5556 0.0400 4.2156 7.87 3.78 4.45 159 371 188 192 138 
5.31 3.79 6.63 -3.8700 2.4100 1.8000 -1.3500 -0.0689 2.8944 8.50 -0.89 4.80 157 387 191 193 138 
4.51 -0.23 4.68 -4.4200 2.3000 -0.0800 -2.6267 0.0811 -0.6167 8.44 -3.27 3.76 148 396 191 193 139 
7.41 0.08 0.34 -1.7300 1.9700 -3.2600 -1.5889 1.3722 -3.7033 9.07 -0.61 3.65 146 398 192 196 142 
11.51 3.58 0.97 3.5400 1.3200 -2.8000 2.2578 0.1133 -1.2178 8.16 3.40 4.22 145 399 192 198 147 
11.81 5.50 4.01 2.6500 0.8400 0.9700 2.8944 0.2622 1.0633 8.36 4.27 2.80 150 398 196 200 148 
7.36 6.12 6.43 -1.9900 2.6500 4.1000 0.1178 0.1122 1.3011 9.15 2.70 2.22 150 396 193 202 149 
10.20 4.49 3.75 2.4700 2.9300 1.3400 -2.2744 1.1756 0.1744 9.22 1.39 3.00 158 375 215 222 167 
12.94 1.90 5.05 3.0200 5.0600 -1.6800 -7.7600 4.1111 3.1956 6.60 -5.26 4.99 168 308 259 268 182 
0.20 -4.44 1.37 -0.6200 4.1000 -1.5900 -6.0678 1.2844 1.4433 0.91 -9.51 -2.20 176 384 365 431 208 
0.35 -6.44 -7.94 1.7700 1.6100 -2.9200 -0.7044 0.0233 -0.4411 1.13 -8.35 -5.00 174 399 380 441 209 
1.61 -8.07 -6.77 -0.6300 0.8100 -1.5400 0.5556 0.2156 0.0789 1.33 -8.54 -4.61 175 397 383 440 212 
3.41 -6.12 -9.51 1.6000 3.2100 -6.4800 3.3622 -1.8711 -0.5278 1.48 -9.51 -1.85 170 387 379 430 208 
4.90 0.46 1.48 3.2800 10.1100 -1.0400 7.9422 -1.4533 0.0856 2.20 -6.66 6.84 170 386 375 420 209 
8.47 6.78 14.44 5.6800 7.3800 6.4200 4.9111 1.3333 -0.0478 2.95 1.60 9.21 170 381 369 415 212 
2.81 2.37 8.76 -0.2700 0.1100 -1.8300 -0.4644 -0.3644 -0.0356 3.81 1.65 8.87 172 378 372 408 214 
3.55 3.08 10.16 -0.3100 1.2100 0.9400 -0.3844 -0.0200 -0.0933 3.78 1.63 8.89 170 371 371 392 211 
3.82 3.42 9.29 -0.2600 2.1400 -0.1800 -0.5856 -0.5156 -0.6011 3.98 1.12 8.88 172 334 337 332 204 
;
