1.40 5.52 7.93 -0.1100 0.0600 -0.0500 -0.0011 -0.0011 -0.0011 1.56 5.46 7.99 162 341 345 339 206 
1.37 5.51 8.00 -0.1700 0.1200 -0.5000 -0.0300 -0.5300 0.1433 2.27 5.43 7.84 160 340 311 314 206 
4.36 5.47 9.20 0.2100 0.5000 3.1600 -1.6656 -3.8922 0.3822 7.18 4.16 5.21 160 315 172 177 161 
4.10 4.01 -3.39 -0.3900 0.2300 -7.4800 4.3200 1.4456 -1.2089 5.93 6.37 4.50 138 334 164 165 139 
9.05 12.11 2.21 4.2400 5.4100 0.2300 2.8867 0.7622 1.0667 6.90 6.82 1.40 134 339 162 172 140 
9.85 7.86 2.63 0.6200 3.5200 4.2800 2.5644 0.5878 3.1167 9.19 3.19 -1.14 142 352 167 175 142 
3.57 4.29 3.08 -6.9200 3.5600 2.2500 -3.4589 0.6433 3.2989 9.68 -1.39 0.69 141 352 176 179 143 
2.74 0.75 -1.52 -6.7600 2.7200 -2.6100 -4.5689 0.8922 -3.8178 9.79 -0.36 0.24 139 350 178 180 144 
9.94 9.04 -4.90 3.9500 5.3700 -5.9300 1.1867 0.4533 -3.3667 7.91 5.64 1.27 139 352 180 180 145 
11.98 10.16 -0.37 4.0200 2.9700 -0.1200 2.5189 0.8522 -0.2800 6.85 6.98 -0.71 140 355 181 181 146 
10.09 8.17 0.96 1.4100 2.4300 3.7600 1.8311 -0.4578 2.8022 8.40 4.36 -2.54 155 339 185 189 155 
9.66 6.52 4.75 0.3800 3.2400 5.4200 -1.4522 -0.3767 4.3000 9.54 0.03 -2.27 143 294 166 172 136 
4.52 -2.57 -3.99 -3.7100 2.5000 -1.1400 -1.6511 -0.2189 5.5644 6.23 -6.88 -3.13 131 310 168 173 136 
2.41 -7.81 -8.15 -0.5300 -0.8000 -7.1200 -0.6989 0.5100 0.5956 3.65 -8.17 -3.99 131 300 169 175 138 
2.88 -9.20 -3.80 -0.2700 -0.0100 -0.9400 2.5956 0.4867 0.2956 3.82 -9.02 -0.36 133 299 167 178 138 
4.23 -12.23 -10.51 -0.3600 1.3100 -10.7200 7.3089 1.6789 -0.1911 2.85 -6.88 6.37 139 314 173 179 138 
1.74 5.79 14.12 -0.8200 9.0000 4.3900 -2.6978 0.4467 -0.6311 2.54 -5.87 7.42 137 309 177 181 140 
3.91 -4.38 7.33 0.8100 2.9600 1.5900 -3.6656 1.9778 -1.7800 3.08 -8.00 4.75 158 301 227 215 171 
6.17 -8.91 0.17 1.9000 -1.5700 -2.7900 -2.2311 7.9311 -4.1278 4.53 -8.30 2.56 164 359 323 380 203 
7.05 -6.94 -2.23 1.3600 0.2900 -4.6300 -0.6456 0.1356 -1.0289 5.67 -7.98 0.49 170 394 353 403 212 
10.34 -3.79 -9.01 1.6400 6.3800 -10.4300 8.7422 -1.9522 1.0556 5.63 -5.66 5.68 171 388 353 402 214 
1.99 9.17 26.02 -4.2300 11.5500 18.8900 -1.1678 -0.3478 0.3089 5.73 -2.53 7.54 170 388 345 401 213 
5.25 -0.55 2.62 -0.0900 5.8800 -4.1000 -8.1700 -0.4200 -0.4489 5.90 -7.67 1.57 171 396 328 391 213 
3.97 -4.48 -10.43 -0.7600 1.8900 -7.0200 -0.9211 -0.6256 -0.3622 5.85 -7.19 -3.17 172 401 358 399 212 
7.90 -2.21 -5.89 1.0800 6.2700 -6.4500 9.6600 -0.7689 0.2378 6.11 -6.30 4.35 172 390 358 400 215 
7.58 1.55 19.07 1.3500 4.9400 11.6700 -0.1622 -0.0789 0.4011 6.33 -3.81 6.43 172 393 369 406 214 
5.88 -3.94 4.52 0.3000 0.6900 -0.9600 -0.6422 0.0167 -0.2300 6.59 -4.71 5.51 172 395 369 406 214 
7.13 -4.16 5.25 -0.5400 0.3900 -0.4600 -0.3356 -0.0533 -0.0789 6.72 -4.84 5.24 172 391 370 402 214 
6.24 -3.94 4.51 -0.6200 0.8900 -0.5200 0.0256 -0.4200 -0.3211 7.13 -4.64 4.86 173 358 353 363 211 
;
