9.08 2.40 -1.48 -0.0100 -0.1700 0.3500 -0.0767 -0.0578 -0.0211 9.22 2.62 -2.05 136 394 215 203 164 
9.31 2.62 -2.05 -0.0500 0.0000 0.1000 0.0789 0.0333 -0.0767 9.21 2.66 -2.05 139 393 215 204 163 
8.86 2.81 -1.57 -0.4900 -0.2100 0.3800 -0.0489 0.0144 -0.2944 9.14 2.98 -1.92 139 395 216 204 164 
12.13 2.00 -5.56 3.9300 -1.7200 -3.9000 1.6022 1.4389 -1.3800 8.67 4.28 -1.55 140 395 216 203 162 
12.10 6.99 2.46 2.9900 4.1100 3.9800 1.8133 0.9744 2.3800 9.38 2.64 -1.06 142 393 217 203 160 
4.00 7.05 1.83 -5.7100 6.7700 0.7800 -3.1478 0.2956 2.5933 9.67 -1.50 0.53 143 393 214 204 159 
-0.57 0.70 -3.53 -10.7500 2.0400 -5.5300 -3.9611 -1.2467 -3.3644 9.65 0.60 -1.61 140 397 215 204 161 
18.08 5.80 -9.25 9.8800 1.4400 -6.8800 2.6722 1.3944 -2.6567 8.07 5.07 -2.26 143 397 216 204 162 
;
12.63 8.66 0.62 5.0500 2.7600 4.8800 1.8244 0.2922 0.7344 7.80 4.63 -3.71 142 399 217 204 162 
5.39 4.35 -0.60 -1.8900 0.4500 2.6200 -0.5711 0.6411 -0.2300 8.25 4.04 -3.41 142 398 216 205 163 
8.88 3.93 -4.09 0.7900 -0.3800 -0.7400 -0.0333 -0.1989 0.0111 8.07 4.37 -3.43 142 400 215 205 161 
10.91 4.38 -4.08 3.3000 0.1500 -0.8200 0.2011 1.2078 -0.1344 8.27 4.32 -3.01 142 397 216 205 158 
13.32 6.27 1.82 3.6500 3.2600 4.3400 0.0889 1.9300 2.4433 9.50 2.03 -1.31 142 396 215 205 156 
2.28 2.28 1.89 -8.9300 1.8900 2.1100 -2.9467 -1.1267 1.2656 9.63 -0.29 -1.78 141 398 214 206 157 
2.07 4.20 -6.61 0.4300 3.9100 -6.0400 -1.7767 0.4556 -3.0700 9.01 3.40 -1.84 142 400 215 208 159 
10.41 7.05 -7.50 4.9700 1.6900 -4.6600 2.2033 0.1633 -1.5078 7.34 5.69 -3.12 144 400 218 206 161 
;
12.24 6.98 -2.42 5.5800 1.7600 2.1300 1.9978 1.2544 0.4389 7.45 4.58 -4.43 142 400 218 206 160 
4.63 4.11 -0.24 -3.8800 0.7400 4.1600 -0.2444 0.0544 0.5189 8.21 2.99 -4.43 142 400 216 207 159 
7.89 3.04 -4.49 0.0100 -0.4100 -0.3200 -0.3911 -0.4122 -0.3633 7.99 3.72 -4.28 145 400 217 208 160 
17.60 4.68 -6.54 10.3200 1.0100 -2.1700 0.7589 1.7822 1.4833 8.62 3.11 -3.47 143 400 216 208 159 
5.14 5.62 6.93 -7.1800 5.1900 8.4100 -2.9911 1.3011 2.5367 9.63 -1.06 -1.49 142 401 217 207 158 
-0.53 2.30 -8.29 -9.2100 2.6600 -5.0700 -1.9544 0.4133 -3.1111 9.29 1.39 -2.81 143 403 217 206 159 
9.59 6.61 -7.96 2.7500 2.3200 -5.5000 1.2333 -0.5844 -2.9611 7.21 5.91 -3.02 145 402 220 207 159 
;
13.45 8.35 -4.41 5.1600 2.3500 1.2200 2.4667 1.3844 -0.1322 6.68 5.37 -4.74 146 403 219 208 160 
5.38 5.31 0.10 -1.8100 0.8300 4.4100 -0.3456 0.3567 0.3767 7.47 4.36 -4.61 146 403 218 206 159 
7.04 3.75 -4.98 -0.2500 -0.8800 -0.9200 -0.4956 -0.2922 -0.2400 7.34 4.92 -4.23 143 402 220 210 160 
13.67 4.45 -10.35 5.8700 0.1300 -4.2300 1.9967 0.8211 1.0844 7.94 3.60 -4.48 143 401 218 208 159 
6.42 5.06 4.34 -3.2100 3.8000 8.3200 -0.4633 1.1956 2.8900 9.65 -0.04 -1.71 145 402 220 205 159 
-1.96 1.12 -2.24 -10.4400 2.2000 -0.8100 -3.4622 -1.1200 -1.4511 9.41 0.04 -2.73 142 403 216 208 160 
5.37 3.56 -9.76 -1.6200 1.3900 -4.9000 0.3411 -1.1511 -2.7744 8.07 4.68 -3.00 144 400 222 209 160 
;
10.45 7.09 -6.02 3.1000 1.3400 -1.7100 2.0011 -0.0544 -1.2144 6.62 5.60 -4.56 146 400 218 209 160 
7.92 5.91 -0.51 -0.2600 1.0800 4.5800 0.5456 -0.4533 0.9611 7.00 4.07 -5.51 146 400 220 209 159 
7.10 3.67 -4.49 -0.3800 -0.7000 0.3900 -0.5933 -0.1744 -0.3544 6.90 4.58 -5.23 144 402 220 209 157 
12.71 4.55 -9.77 5.5300 0.3200 -3.7600 1.8544 2.1144 0.5322 7.61 3.84 -4.83 144 402 221 209 159 
8.66 5.31 1.07 0.7200 3.3600 5.1000 0.1089 2.5644 2.1422 9.43 0.63 -2.58 148 402 220 209 154 
2.00 2.26 0.81 -7.5400 3.1700 3.2400 -3.4044 -0.4933 0.5000 9.23 -0.79 -3.19 145 400 220 210 157 
4.62 5.01 -8.73 -1.4600 2.8700 -7.5600 -2.5189 1.2100 -2.9300 8.63 3.45 -3.10 145 402 220 209 157 
8.44 6.02 -8.30 3.0400 0.8000 -4.2300 1.6467 -0.9033 -1.6822 7.01 5.53 -4.04 145 400 222 210 158 
;
10.89 6.13 -2.09 3.5400 1.1300 3.3300 1.8844 -0.3844 0.7278 6.87 4.07 -5.67 146 402 221 211 159 
6.40 3.96 -2.02 -0.7600 0.0400 2.2300 -0.6167 -0.0444 0.0033 7.20 3.84 -5.42 147 400 218 210 157 
9.40 3.30 -7.92 3.4800 -1.0100 -3.1400 0.2156 0.2956 -0.1267 7.11 4.14 -5.31 145 403 219 210 156 
13.68 5.15 -4.66 2.0500 2.8700 2.7900 1.5089 3.5689 2.0622 9.05 1.04 -3.62 143 403 221 210 154 
2.16 2.77 2.66 -6.7900 4.1100 5.0400 -2.6300 -0.7089 2.4278 9.15 -2.11 -2.80 142 398 223 211 156 
2.20 3.24 -7.73 -5.0600 3.8000 -4.6800 -2.6978 0.0856 -2.4644 8.99 1.27 -3.69 141 401 222 212 156 
8.05 6.07 -9.76 2.3200 2.2200 -5.1000 0.5044 -0.0389 -2.5489 7.46 4.77 -4.19 142 400 219 212 156 
;
12.01 6.86 -5.28 6.8200 1.9600 0.5300 1.9856 0.9133 -0.9311 6.56 5.08 -5.22 142 401 224 213 159 
6.63 4.44 -1.07 -1.1500 0.1400 4.0900 0.2344 0.5789 0.5178 7.31 3.73 -5.35 145 402 224 213 158 
8.28 2.50 -6.44 1.9300 -1.7200 -2.2500 -0.1544 -0.2256 -0.1756 7.24 4.10 -5.17 141 401 221 214 158 
10.21 5.03 -4.87 2.2500 2.5900 2.6900 1.5111 2.4011 1.2856 8.40 2.06 -4.61 145 404 224 215 158 
6.46 2.82 -0.24 -2.7300 2.6000 3.3800 -1.4244 0.8289 2.4067 9.36 -0.85 -2.77 146 403 226 214 159 
1.79 0.64 -1.66 -7.7100 2.1700 0.6200 -2.9400 -1.8344 -0.6322 8.89 -0.03 -4.13 143 404 224 214 158 
13.17 6.96 -12.53 2.7100 1.8800 -7.9600 0.5689 0.4211 -2.8900 7.71 4.63 -3.88 144 402 224 215 159 
;
9.67 5.64 -5.90 1.9600 -0.1400 -1.2300 1.4144 -0.3633 -1.2233 6.37 5.51 -5.00 145 403 225 215 159 
9.81 5.10 -2.98 2.7100 0.2900 3.0800 1.4122 0.6544 0.5311 6.84 4.09 -5.70 143 404 226 214 159 
6.58 3.88 -3.67 0.3800 -0.1800 1.0100 -0.4456 0.0189 -0.0744 7.04 4.07 -5.47 145 404 226 214 160 
10.84 2.96 -7.48 4.7900 0.4600 -0.9000 1.1978 0.9189 0.8678 7.33 2.69 -5.91 146 402 222 216 158 
8.86 3.79 1.17 1.5900 2.8300 5.6400 -1.6567 1.9078 1.7533 9.04 1.16 -3.61 146 406 228 215 156 
3.10 2.64 -4.06 -8.3000 1.8700 -1.9600 -2.6522 -1.3556 0.8722 9.03 0.33 -3.80 143 404 225 215 157 
5.50 3.53 -6.83 -3.2900 1.3300 -2.9400 -0.6433 0.2511 -2.4011 8.50 3.53 -3.36 146 406 227 214 159 
8.97 6.30 -8.96 3.4800 1.4700 -5.0400 1.2867 0.8644 -2.4411 6.81 5.82 -3.97 145 404 224 213 157 
;
12.41 7.44 -6.15 5.6100 2.1400 1.0000 3.1011 0.5356 0.8667 6.93 4.21 -5.50 144 405 225 215 159 
2.81 3.13 0.64 -5.2200 0.0600 4.9700 -0.0467 0.1111 -0.0689 7.88 2.75 -5.14 146 403 225 214 159 
11.16 2.77 -6.67 3.2800 -0.9000 -2.0100 -0.0356 -0.1789 0.0078 7.61 3.40 -5.16 145 406 228 215 158 
8.11 2.45 -5.31 0.0200 -0.0100 -0.5300 0.6389 -1.9878 2.6867 8.19 0.99 -5.29 145 404 223 213 157 
6.62 3.32 2.22 -4.1300 4.3100 4.4300 -3.3600 0.8922 1.3778 9.13 -1.03 -3.40 145 405 223 214 158 
1.67 3.90 -10.54 -4.5900 3.0100 -7.3000 -2.0122 0.0022 -2.9489 8.67 3.21 -3.25 144 401 225 214 158 
10.07 7.44 -8.73 4.4100 1.9300 -5.3200 1.2167 0.6133 -2.6022 6.65 6.27 -3.53 145 402 224 214 158 
;
