0.35 6.66 7.17 -0.1200 0.0100 -0.0700 -0.2678 -0.1367 -0.0111 0.44 6.58 7.25 177 375 381 417 215 
0.54 6.42 7.33 -0.1100 0.0200 -0.0300 -0.0389 0.0222 -0.0156 0.43 6.45 7.37 178 374 380 415 214 
-1.05 6.49 8.05 -1.5400 0.6500 1.2000 -0.1200 -1.8711 0.5922 1.63 6.22 7.39 192 355 327 372 222 
6.45 9.70 6.70 3.1000 3.8400 3.1600 -1.0911 -2.6622 2.0567 7.21 4.37 4.99 189 339 230 211 170 
6.34 1.53 0.39 -3.7400 -0.0500 -5.5000 -0.7067 0.1300 1.1478 8.63 1.10 4.50 123 343 177 187 147 
7.02 1.41 -2.21 -0.3300 -0.6700 -7.3400 2.9589 1.0867 -1.3267 7.47 3.52 5.27 121 355 182 188 150 
12.14 11.70 4.56 4.7800 6.7600 2.3400 4.7333 1.1289 2.1011 6.96 5.99 3.43 127 369 191 194 156 
6.60 10.45 8.60 -2.8100 5.7900 5.6300 -0.7144 0.6822 3.1367 9.06 2.59 2.69 133 369 196 198 157 
1.84 4.28 3.18 -7.0300 5.0000 -0.4600 -5.4789 0.3522 1.3933 8.77 -2.51 3.58 133 370 200 203 159 
5.44 2.35 -2.42 -2.8800 4.2200 -7.3800 -2.6844 0.4144 -4.4122 9.33 -0.32 2.98 128 376 198 196 160 
12.95 6.78 -3.06 6.2400 3.7900 -5.0300 2.1256 0.5767 -2.0656 8.12 4.60 3.00 128 378 198 200 160 
14.58 9.07 4.65 5.6800 3.2900 3.6800 2.9644 -0.0733 1.8889 8.33 5.05 1.09 132 377 196 201 163 
4.86 5.99 8.03 -2.8900 2.3400 5.6800 -2.5589 0.6889 0.1822 9.04 3.43 1.61 158 356 206 219 177 
7.38 7.12 4.88 -1.0800 3.3100 1.7200 -4.0722 0.3167 -1.3122 8.27 3.62 3.82 113 228 255 279 195 
12.58 3.97 -1.05 4.8600 0.7500 -5.1800 -2.9267 -1.5256 1.5678 9.15 1.30 3.25 96 204 208 234 167 
10.54 -0.41 -5.23 0.3700 0.4800 -6.5600 1.9844 -0.5278 1.7078 9.47 -1.61 1.95 87 170 176 189 125 
7.42 2.62 -3.34 -1.9000 5.0600 -4.6700 5.0122 0.1844 0.9067 9.23 -1.43 2.95 90 176 180 192 130 
11.93 8.66 5.47 3.2700 9.5600 4.3400 4.8244 -0.3444 0.9911 9.34 -0.56 2.93 93 167 169 189 130 
10.86 4.04 3.82 -0.7500 3.8300 1.6600 -2.0200 0.3933 -1.2500 9.49 -0.04 2.44 95 181 183 196 134 
9.02 5.61 4.26 0.5100 4.3700 0.0200 -3.2678 0.5533 -2.3689 9.01 1.65 3.49 95 182 184 197 134 
11.32 1.64 -1.97 2.6000 -0.5800 -5.8800 -1.0967 0.1200 -0.3089 8.53 1.90 4.44 96 184 186 198 135 
7.38 0.15 2.63 -1.4800 -1.8200 -1.3500 0.4578 -1.7344 0.2522 9.09 1.76 3.20 97 186 188 199 135 
10.29 -0.15 -2.09 2.5200 -0.7200 -4.0900 4.6078 -1.4800 0.5700 9.61 1.87 0.45 97 170 175 182 132 
13.27 2.54 -0.91 -0.8800 -2.4100 -0.3700 -0.2022 -0.2733 0.1800 9.56 2.02 0.76 98 187 187 198 139 
12.83 5.66 6.35 3.7500 3.1800 2.9300 -4.8956 3.6089 -0.1011 8.43 1.10 4.88 109 232 218 238 167 
7.84 -3.33 3.56 1.4100 0.9400 -2.3900 -6.5367 1.5589 2.1044 5.50 -5.95 5.51 147 256 232 245 170 
3.42 -6.21 0.81 -0.9500 1.7100 -0.8900 -2.5233 -0.6767 2.6256 0.56 -9.74 0.93 152 246 210 229 166 
-3.03 -8.87 -0.19 -2.2600 2.3200 1.2500 -0.3300 -1.7933 -0.0433 -0.29 -9.78 0.54 153 228 210 226 164 
-1.60 -10.07 -0.49 -0.8200 0.0900 0.1300 -0.5256 -0.0144 0.0433 -0.31 -9.79 -0.37 154 226 209 224 158 
-4.66 -9.60 -1.04 -3.1100 1.6700 -0.5300 -0.9178 -2.2800 -1.8056 0.32 -9.73 -1.10 150 233 212 233 162 
2.02 -5.17 -6.98 -1.0800 3.4400 -4.7800 0.3989 -7.7678 -5.6200 4.71 -7.47 -4.24 151 234 211 233 162 
7.60 -3.88 -8.00 2.8000 2.2800 -2.6600 0.9411 -2.2844 -1.5011 3.69 -6.21 -6.62 152 235 217 233 161 
5.95 -5.67 -5.72 1.9600 1.6600 1.4900 0.9156 0.1133 -0.5056 3.69 -6.96 -5.82 154 238 216 235 167 
4.75 -6.39 -6.18 0.6700 0.5300 0.5100 -0.0544 0.4611 0.0767 3.86 -6.83 -5.87 156 240 216 236 167 
3.20 -3.38 -0.32 -0.2400 2.9900 5.2400 -2.7233 6.1578 0.8900 5.88 -5.96 -5.08 154 231 217 241 171 
0.00 0.18 -2.18 -6.3800 4.9700 -3.7300 4.0678 9.9189 -5.3300 5.86 -1.70 7.67 163 247 239 261 197 
-9.59 -0.63 17.52 -4.1700 -2.1100 6.1400 1.2122 -2.6222 -1.1856 -0.04 2.59 9.45 156 263 238 254 197 
;
