1.64 2.96 9.14 0.1600 0.0600 -0.0600 0.1311 -0.0256 0.0711 1.59 3.00 9.19 153 294 301 293 193 
1.56 3.08 9.20 0.0100 0.1000 0.0000 -0.0244 -0.0278 0.0067 1.62 2.99 9.19 155 294 300 293 193 
-2.01 4.42 10.43 -0.9400 0.7300 2.3800 1.5111 -8.5467 -0.0211 6.21 4.06 6.40 163 327 280 274 194 
12.67 4.02 -1.87 1.2200 -1.1700 -4.5400 1.5044 1.6078 1.8411 8.58 3.14 3.54 151 358 213 212 183 
5.56 2.45 -0.68 -3.0300 1.7900 -1.0800 2.7744 1.2944 0.9189 8.95 2.19 3.33 133 385 209 198 189 
6.49 5.77 1.41 -0.5400 1.7700 -3.8200 4.0900 1.6156 -1.5078 7.47 4.99 3.90 135 388 209 202 192 
12.46 12.58 8.87 2.1100 6.9900 7.2900 3.0356 0.0011 3.5700 8.82 4.18 0.93 147 396 221 216 193 
4.22 6.54 3.92 -4.3500 6.0200 2.5500 -3.4211 1.2244 2.0700 9.65 -0.42 1.66 152 396 219 219 191 
2.73 0.83 -1.61 -6.6100 2.8600 -2.3400 -4.8911 0.5089 -2.6578 9.74 -0.94 0.56 147 399 214 211 193 
11.87 7.05 -4.35 4.0700 3.9100 -7.0800 1.8467 1.9733 -3.6567 7.65 5.06 3.46 143 388 214 214 195 
13.64 11.61 4.49 7.0200 5.1500 4.7900 4.5989 0.6400 1.1178 7.11 6.74 0.18 157 390 232 229 197 
9.85 14.14 9.04 0.3800 7.4700 8.2400 -5.2189 2.6756 1.3667 8.66 4.38 1.35 181 371 341 362 202 
13.90 -1.65 -10.52 4.0700 -2.8600 -12.2100 -0.1089 -1.3044 3.7700 9.35 -0.76 2.84 187 396 361 419 207 
6.35 -1.69 -2.21 -2.5200 2.1500 -3.1700 4.3733 -0.8733 2.2111 8.60 -3.65 2.94 185 407 373 425 207 
9.06 3.84 5.96 1.2900 7.3300 1.9200 2.2800 -1.0356 -0.0556 8.69 -2.88 3.49 196 410 372 419 211 
13.55 5.40 3.62 2.7600 6.9400 -1.0800 -3.0600 1.9000 -1.2511 8.43 -2.84 4.12 183 336 357 407 211 
7.87 -0.70 -0.95 0.0400 2.9400 -4.0400 -6.1578 1.8444 0.4256 8.42 -4.80 1.42 184 277 289 370 210 
7.22 -10.51 -5.50 -0.6500 -3.7300 -4.6600 -0.4956 1.3100 -0.2822 8.00 -5.65 -0.19 183 287 300 370 212 
;
7.34 -5.34 0.88 -0.8900 0.6800 0.6100 0.2289 -0.0344 -0.1311 8.04 -5.59 0.30 182 289 303 365 211 
2.34 -2.94 -3.02 -4.9100 2.6700 -3.1800 -0.3389 2.7122 -2.2811 8.77 -4.14 1.38 169 284 299 306 201 
4.79 3.82 4.14 -3.9800 4.0600 -1.5900 5.6922 3.0944 -3.3633 6.56 3.43 6.42 169 317 318 316 197 
9.94 13.27 12.75 5.2800 6.5800 6.5600 0.3600 0.0644 -0.3889 4.81 6.50 5.53 171 331 311 300 198 
8.32 4.26 5.63 2.2700 -1.2600 0.8200 -0.3622 -2.9500 2.0222 7.70 4.80 3.69 172 366 257 252 186 
9.15 3.98 3.36 -0.4300 0.5100 0.2900 0.1100 -0.0578 1.5567 8.91 2.67 3.09 168 355 189 197 139 
6.55 3.54 0.94 -2.8600 1.8400 -2.6500 0.0567 0.4300 0.0111 8.79 1.94 3.88 117 365 177 190 126 
6.23 4.72 -1.76 -0.5300 1.5700 -5.1800 4.0089 0.2322 -1.1089 8.22 4.60 2.69 115 378 183 196 129 
14.25 10.60 5.40 5.7100 5.2500 4.5700 2.4533 -0.0822 2.3567 8.90 4.10 -0.23 120 381 192 199 129 
5.42 5.94 3.84 -4.7200 4.6600 3.3000 -1.9778 1.4667 2.6656 9.73 -0.31 1.18 118 384 194 202 130 
0.52 1.31 0.03 -7.7900 4.4000 -0.9900 -4.2300 -0.2167 -0.9333 9.53 -2.18 0.70 122 386 195 204 129 
14.48 6.24 -5.61 6.0000 5.1300 -6.5500 -0.3711 2.0500 -2.8100 9.28 2.29 2.14 120 387 194 199 131 
10.30 5.30 -0.98 3.9100 1.6000 -2.3400 2.6556 -0.2100 -0.7700 8.43 4.71 1.69 119 386 197 203 131 
13.36 8.28 7.73 2.6400 3.7400 8.1800 1.1800 0.4111 1.4256 8.88 4.12 0.51 127 383 192 198 132 
7.60 7.70 5.32 -0.9000 4.4800 2.4900 -4.6967 0.8500 0.7311 9.31 1.84 2.43 153 339 290 314 189 
10.44 -0.49 -3.86 0.2600 0.0200 -6.7700 0.4811 -1.8433 3.1644 9.21 -2.30 2.44 165 386 358 406 204 
4.66 -4.86 -2.31 -4.0300 -0.4000 -3.3600 3.6344 -1.6544 1.0000 8.57 -4.42 1.74 176 405 368 422 204 
12.56 3.25 3.00 1.7300 8.0400 3.3500 1.8744 -1.2733 -0.1700 8.84 -3.88 1.69 188 412 371 424 207 
10.37 3.00 1.78 2.2500 7.3400 0.0600 -2.5722 1.7056 -0.5833 8.66 -3.81 2.55 181 398 366 418 210 
8.60 -2.52 -2.58 0.9700 0.6400 -3.0900 -4.0933 1.7400 0.5456 7.76 -5.60 2.10 181 291 318 409 212 
6.39 -9.45 -6.15 -1.2700 -3.5800 -4.0500 -1.1044 0.3311 0.0444 7.69 -6.06 -0.39 184 289 322 395 220 
6.19 -6.33 -0.27 -1.0600 0.2800 0.3600 0.2689 -0.0256 -0.3533 7.81 -5.91 -0.27 186 297 337 397 220 
;
