0.84 8.12 5.50 -0.1700 0.0400 0.0200 0.0078 -0.0311 -0.0056 0.97 8.08 5.47 171 373 366 407 201 
0.33 9.12 6.29 -0.8200 1.6100 1.3200 -1.5811 -0.6600 -0.1211 1.12 7.58 6.11 167 339 321 340 206 
2.03 5.67 9.47 -1.4500 -1.2200 2.6600 -2.1756 -2.0056 -0.0700 4.33 4.85 7.33 163 294 225 230 194 
3.76 3.28 1.16 -0.2300 -0.3600 -6.7000 -0.5611 -0.5556 0.0022 4.98 4.40 7.21 155 318 154 161 147 
8.07 9.51 2.06 2.4700 3.9500 -2.7000 5.4922 1.0622 0.9033 5.00 7.37 4.07 117 339 161 167 148 
7.90 13.19 2.16 1.2100 4.4300 2.0500 3.9489 1.2067 2.3756 6.94 6.90 -0.46 125 344 170 173 152 
4.57 9.29 2.65 -4.2300 4.8100 3.2400 -0.4244 1.8611 1.8522 9.06 3.73 0.01 130 340 171 173 152 
0.85 3.74 1.83 -8.9200 2.1600 -0.5700 -6.2167 0.1367 1.1678 9.47 -0.14 2.50 127 341 172 178 152 
6.66 3.30 -2.31 -3.1600 3.8500 -4.2500 -4.5133 -0.2944 -3.5711 9.68 0.96 1.16 107 337 172 175 152 
12.10 6.96 -4.62 2.6000 2.9500 -6.3400 2.8644 0.9822 -2.8278 7.73 5.88 1.30 113 348 175 179 154 
11.85 11.77 0.54 3.7700 3.2300 0.2300 3.3244 -0.0389 0.5233 6.65 7.11 -1.14 114 349 175 182 155 
7.88 7.74 1.02 0.2700 2.3500 3.9400 1.2144 0.0956 1.8011 8.12 4.50 -3.14 141 359 187 195 164 
10.14 6.28 1.74 -0.5500 2.4200 4.0300 -1.5822 -0.9378 3.3356 8.90 1.21 -3.91 170 312 293 330 200 
5.65 -1.34 -4.28 -4.1100 0.5100 2.1200 -2.7189 -1.4889 3.2444 6.66 -2.12 -6.87 178 255 257 312 196 
1.28 1.53 -6.77 -0.2600 2.4700 2.5400 -2.5856 -2.0411 0.9733 2.32 0.04 -9.52 182 280 280 317 212 
3.08 4.40 -13.48 1.1500 1.4100 -3.9200 -1.5622 -1.5567 0.3011 0.87 3.32 -9.18 183 285 280 319 209 
5.64 0.37 -17.72 7.2100 -2.4800 -8.3000 1.9444 0.9800 0.7667 1.09 2.52 -9.41 181 290 285 325 211 
0.94 5.37 -18.24 -0.0800 5.7500 -7.8900 2.8978 1.5911 2.1411 3.88 -1.65 -8.85 187 376 330 403 213 
0.12 3.45 -2.61 -7.6200 11.4900 -2.8600 4.9744 2.8211 1.7389 3.03 -8.85 2.93 197 401 317 414 213 
-0.03 -2.47 4.84 -3.2500 3.7700 0.1600 -0.2611 0.7211 -0.7278 2.46 -8.33 4.54 196 395 314 413 212 
1.48 -7.16 5.18 -0.7600 1.8500 0.1800 -0.5922 -0.3933 -0.8300 3.53 -8.24 3.95 196 381 325 374 212 
2.51 -5.07 1.95 -2.2000 0.7100 -2.6700 -3.6944 -0.7933 -5.9056 7.90 -5.77 0.56 148 331 168 181 174 
21.02 1.38 -4.54 10.8000 2.8100 -3.0600 4.2389 1.5378 -0.7111 9.55 -0.91 2.00 96 360 172 183 165 
8.95 4.79 6.28 -1.2800 5.7600 4.1800 3.1200 0.3700 0.7489 9.42 -0.80 2.58 102 369 177 186 164 
9.30 0.10 1.94 -0.6900 0.7300 -1.3900 -0.0644 0.1900 -0.5011 9.37 -0.56 2.80 101 374 178 192 166 
10.11 3.29 2.38 1.0500 3.1900 -1.4700 -1.1311 0.9178 -1.4944 9.01 0.76 3.79 106 386 184 192 167 
9.80 1.99 0.21 0.8000 -0.1600 -3.7400 -0.8722 -1.6333 2.7400 8.97 -0.54 3.90 108 377 183 193 164 
4.61 -5.75 8.63 -3.4600 -3.3900 2.3900 -0.9222 0.0478 -0.0733 8.47 -2.02 4.50 109 378 185 196 166 
6.77 -2.31 4.91 -1.3700 0.2600 0.5100 -0.2800 0.0133 -0.1044 8.49 -2.04 4.44 112 376 186 194 163 
0.47 -4.17 3.60 -8.5800 -2.8400 -1.4400 -2.3133 -0.3300 -2.0367 9.01 -1.02 3.72 139 291 201 208 174 
2.40 3.75 0.83 -4.3200 2.2600 -4.5000 0.3100 -1.1944 -4.0133 7.87 3.85 4.40 140 300 237 268 190 
4.32 10.22 7.19 0.4900 5.3900 -0.0100 -0.2767 3.0544 -3.3689 2.67 6.48 6.85 162 352 276 398 199 
;
