1.64 3.44 9.05 -0.3800 -0.3700 0.5200 0.5000 0.3567 0.2700 1.65 3.67 8.94 160 370 352 387 205 
4.02 6.99 11.96 3.3500 2.3200 5.3700 0.9644 -0.8611 1.3378 3.61 6.13 6.74 161 320 301 352 201 
6.89 1.99 -1.97 3.3000 -3.2800 -0.9500 3.3867 -3.0533 4.9400 7.61 4.36 4.36 162 353 173 196 151 
4.27 6.63 3.07 -3.3300 4.1500 -1.6800 1.2789 0.3511 1.2367 7.83 2.61 5.28 137 364 176 197 153 
7.53 6.18 -3.88 1.3800 2.8100 -8.2600 4.2600 1.0456 -0.2700 6.94 4.89 4.89 132 374 182 199 156 
15.61 12.41 5.93 7.4400 7.0300 3.5200 4.3200 -0.3444 3.5233 8.85 4.11 0.89 143 379 182 201 156 
5.62 7.15 5.98 -3.1900 5.4300 4.1100 -2.2778 1.3511 2.0389 9.58 0.25 2.04 142 383 183 202 155 
2.58 2.80 1.88 -7.8000 4.7100 -0.9700 -4.5389 -0.2789 -0.7744 9.51 -1.93 1.36 140 380 182 203 155 
8.93 5.58 -7.91 -0.1100 4.2400 -10.0600 -0.8689 0.4467 -4.1244 9.18 3.14 1.38 134 384 186 204 155 
13.32 9.07 -1.90 4.9800 2.9300 -2.0300 2.6300 0.1400 -1.0578 7.65 6.12 0.12 133 382 186 205 156 
12.96 8.70 4.08 2.7600 2.7700 5.2800 1.0689 0.9078 1.6322 8.63 4.54 -0.92 144 385 192 215 163 
11.55 4.36 2.74 3.5600 0.7300 1.4100 -1.3211 1.1044 2.1822 9.59 1.82 0.84 151 377 202 221 169 
9.30 -1.71 -6.68 -2.0400 0.1300 -7.2300 4.1200 0.1122 2.3922 9.46 -2.10 1.46 130 387 197 221 166 
5.20 3.39 1.97 -3.3600 5.3700 -1.6300 2.5922 0.1789 0.0756 8.95 -1.67 3.62 117 388 194 217 166 
8.97 0.06 4.55 -0.1000 0.8300 0.1100 -0.5189 0.2367 -0.8311 8.86 -0.39 4.18 118 391 198 219 165 
9.94 3.44 2.54 0.5400 3.8300 -1.8200 -1.3778 -0.0511 -1.0600 8.82 0.08 4.27 123 394 197 218 165 
13.15 5.34 -1.15 5.1500 4.0200 -5.4200 -3.0967 -0.2578 -0.4600 8.74 -0.15 4.43 125 385 197 216 163 
4.93 -9.47 2.61 -2.8300 -9.0700 -1.3000 -1.9589 0.0689 -1.5778 8.52 -0.65 4.80 128 387 198 219 163 
6.54 -1.69 6.32 -1.9200 -1.0400 1.1800 0.1389 0.1611 -0.2856 8.45 -0.15 4.95 130 391 199 219 164 
2.67 0.28 3.74 -6.5600 0.1800 -1.1100 -0.8922 -0.3289 -0.6433 8.65 0.03 4.60 155 395 211 234 173 
;
