5.83 1.90 7.58 -0.1000 -0.0700 0.0200 0.0156 -0.0444 -0.0067 5.97 1.98 7.52 156 343 354 365 200 
4.92 1.59 8.31 -1.5200 -0.4200 0.9400 -0.8756 -2.3333 -0.0022 7.01 1.61 6.65 160 303 309 306 196 
9.36 2.79 12.04 1.6100 0.7400 3.5200 -2.6322 -1.0433 0.8300 7.53 -0.40 6.26 168 323 159 172 136 
4.78 -1.39 1.04 0.5400 0.3100 -2.1400 0.9833 1.3400 0.1844 6.93 -1.49 6.77 139 366 167 172 137 
3.30 -1.42 3.96 -4.6400 -0.5700 -3.3700 0.3933 -1.4189 -0.1600 7.15 -1.18 6.60 136 384 169 177 142 
8.75 0.22 6.64 0.9700 0.5500 0.7700 0.5800 0.4711 -0.8267 7.40 0.28 6.41 139 382 175 180 144 
7.24 0.41 2.74 -0.9200 0.3000 -4.5400 1.3822 -0.0967 -1.0500 7.68 1.51 5.89 127 384 169 173 136 
10.24 4.37 8.30 5.2400 1.1500 2.5300 1.9167 -1.2489 0.9344 7.85 3.45 4.74 127 388 171 173 139 
7.66 5.37 10.36 -1.8700 2.3300 6.3000 -0.3778 0.4522 1.6167 8.59 2.18 4.18 130 385 174 173 142 
4.66 2.93 5.24 -4.3300 2.8700 0.2300 -2.7511 -0.4333 1.3300 8.76 -1.19 4.22 130 385 170 175 140 
4.71 -0.40 1.51 -3.7500 1.5800 -3.3300 -1.6622 0.1611 -2.4511 9.02 -1.07 3.68 129 389 175 177 143 
14.33 3.27 -1.00 4.3300 1.6200 -4.5900 1.1267 0.0611 -2.0633 8.76 2.45 3.64 130 387 176 178 145 
14.01 4.94 3.80 4.9100 0.9300 1.2700 1.7900 0.1367 0.2733 8.42 4.23 2.70 128 384 175 178 146 
9.52 3.40 6.23 0.0800 0.0500 4.2300 0.7078 -0.3344 1.7267 9.28 2.64 1.69 131 387 174 179 143 
7.30 2.92 4.55 -0.5400 1.5800 2.8100 -1.7878 0.3289 0.8256 9.52 0.91 2.12 158 326 206 212 171 
14.34 -1.47 4.64 8.5700 1.6300 -0.2800 -6.2256 6.0189 3.3778 5.22 -5.76 5.96 164 281 260 310 189 
0.33 -3.78 0.62 0.0700 4.3600 -3.4900 -3.7778 1.9422 3.8956 -2.69 -9.33 1.32 165 285 256 317 178 
-6.97 -7.28 -1.47 -1.5300 1.5400 0.2900 -0.8156 -0.2344 0.6478 -4.97 -8.41 -0.74 165 285 250 310 175 
-5.59 -9.23 -0.01 -0.8500 -0.4000 0.3300 -0.4844 -0.2589 0.2078 -5.09 -8.26 -1.37 165 280 247 297 168 
-7.07 -6.01 -3.34 -1.8600 3.5600 -2.9100 -0.6467 -7.0089 -6.0200 -1.49 -9.68 -0.47 164 259 220 269 161 
5.14 -7.04 -1.88 -0.3700 1.4600 -2.3900 0.0333 -5.8744 -4.7456 5.13 -7.90 -2.71 163 257 222 259 159 
9.22 -4.35 -5.59 1.6600 0.0900 -2.0000 0.4756 -0.9878 -1.1478 6.19 -5.86 -4.84 162 246 223 252 157 
5.05 -5.65 -3.04 -1.4600 0.3300 0.9900 0.6467 -0.2700 -0.2100 6.09 -6.60 -3.93 164 245 225 251 158 
5.83 -6.99 -1.98 -0.3500 0.0000 1.1800 -0.1322 0.2611 0.0111 6.14 -6.78 -3.50 163 250 228 255 158 
6.56 -6.55 -2.35 1.2400 0.4400 1.9400 -0.2078 0.7778 -0.0356 6.37 -6.72 -3.20 167 258 230 254 163 
10.61 -4.78 0.00 1.4300 1.7800 0.0700 0.1111 7.7956 -1.7622 7.91 -5.53 1.68 165 284 240 243 163 
;
3.52 2.00 8.97 -0.1000 0.0000 0.1100 -0.0067 -0.0133 0.0111 3.67 1.99 8.87 171 346 372 412 206 
3.64 2.00 8.91 0.0100 0.0100 0.0300 -0.0033 0.0311 -0.0056 3.64 1.99 8.88 172 345 371 413 205 
3.52 2.13 9.19 -0.1300 0.2200 0.4500 0.2456 -0.0833 0.0556 3.70 2.10 8.83 173 346 371 406 207 
6.66 2.89 12.53 1.7900 0.8500 3.9400 -2.0011 -2.7122 0.4356 6.37 0.89 7.39 173 340 241 232 158 
4.14 -3.50 4.57 -2.6900 -1.6300 -3.7200 -2.0411 -0.6356 1.7033 6.70 -2.31 6.76 143 355 178 185 125 
4.67 0.81 5.04 -2.4700 2.1800 -0.0800 1.5311 -0.2678 -1.6233 7.50 -0.26 6.30 132 380 179 188 130 
8.76 1.44 4.73 1.1300 0.5100 -1.8800 0.9022 0.2322 -0.8600 7.46 1.28 6.22 135 383 184 191 131 
8.88 3.13 4.97 2.0500 0.2200 -0.5400 2.3267 -0.6311 -0.0600 7.38 3.71 5.27 137 384 184 192 133 
10.67 5.47 8.01 2.3900 1.4800 3.3900 0.9200 0.3167 1.6967 8.07 3.36 4.42 137 382 182 194 133 
6.56 3.63 7.17 -3.1400 1.6200 2.4400 -1.3222 1.0489 1.4233 8.16 0.82 5.36 139 381 185 195 135 
3.53 0.82 5.21 -4.9800 1.6500 -0.9300 -2.3844 0.1744 -0.2100 8.12 -1.70 5.21 138 385 187 194 136 
7.60 1.67 0.98 -0.2000 3.0900 -3.9800 -1.0356 -0.0556 -2.6678 8.75 -0.27 4.40 137 385 187 198 139 
13.68 4.07 2.10 3.2600 1.6900 -2.4600 1.1667 0.3444 -1.4233 8.39 2.91 4.15 137 386 182 198 141 
13.46 4.22 5.13 3.6500 0.2100 1.6600 1.5167 0.5678 0.3578 8.15 4.06 3.63 138 386 193 198 140 
7.98 3.86 5.44 -1.1500 0.5100 2.4000 0.6933 -0.1078 1.4200 8.87 2.93 2.95 137 385 191 199 142 
7.26 4.04 6.88 -0.7300 2.2700 4.1900 -1.3989 0.6156 0.1733 8.90 2.04 3.55 150 352 200 215 156 
11.28 2.03 5.98 4.0100 0.9600 1.6400 -1.6544 2.6311 -0.0167 7.67 0.68 6.06 164 342 236 234 165 
8.27 1.20 6.72 2.7600 4.5100 -1.6200 -3.1478 2.0822 3.1844 4.14 -4.34 7.75 165 248 260 277 170 
5.05 -4.98 -0.20 -0.5100 3.6900 -4.7200 -3.4556 2.4189 4.2333 -2.72 -9.01 2.72 162 252 248 297 171 
-8.65 -7.08 -0.90 -4.0600 1.4900 -0.3100 -0.9344 0.3089 0.8600 -5.49 -8.09 -0.63 161 264 251 306 176 
-6.00 -9.03 -0.26 -0.7000 -0.5200 0.7300 -0.5000 -0.2567 -0.0811 -5.34 -8.15 -1.00 162 265 256 307 176 
-6.82 -5.83 -2.29 -2.1400 3.1500 -2.4600 -1.4256 -3.0033 -3.2222 -3.76 -9.00 -0.98 162 259 253 303 175 
4.29 -7.80 -2.67 -0.1700 1.4000 -3.4000 1.4600 -7.9278 -5.2856 4.30 -8.74 -1.09 162 251 243 278 171 
8.00 -6.01 -4.88 1.0200 1.1800 -0.5900 0.7222 -3.7500 -2.4444 6.11 -6.27 -4.40 157 246 246 269 168 
7.72 -6.65 -4.73 1.2000 0.1600 0.3800 1.1278 -0.0544 -0.1011 6.05 -6.56 -4.05 157 246 247 273 171 
6.62 -6.71 -2.68 0.1300 0.2600 0.8800 0.0467 0.0456 -0.0511 6.08 -6.79 -3.59 155 251 250 272 170 
7.87 -4.85 -0.06 1.8800 1.9800 3.4300 -1.3222 3.7433 -0.2533 6.93 -6.49 -2.45 162 252 246 272 174 
-0.10 -2.15 -3.42 -4.9100 2.5400 -5.2500 5.1078 8.6967 -5.0178 4.18 -1.83 8.67 168 328 340 393 199 
4.66 0.42 10.14 1.4600 -1.5500 1.1700 1.0400 -0.2889 -0.6400 3.67 2.18 8.82 169 343 352 411 207 
0.99 1.25 9.13 -2.1000 -0.0700 -1.4500 -0.7600 0.7111 -0.1444 1.90 1.20 9.54 166 342 353 412 207 
;
