-1.79 4.70 8.43 -0.0900 -0.0200 0.0100 0.0467 -0.1133 -0.0756 -1.71 4.73 8.41 163 363 359 401 210 
-3.15 4.68 9.11 -1.8700 0.0000 0.3400 -0.4722 -1.4100 0.1389 -0.68 4.42 8.72 161 323 325 363 211 
-0.17 3.75 11.87 -2.7000 -0.9400 2.9600 -0.5267 -3.0044 -0.9056 3.69 3.78 8.25 163 309 218 235 190 
12.22 5.72 0.92 3.5000 1.4800 -2.7800 1.2889 -2.3556 2.0556 8.37 4.20 2.87 164 330 153 172 129 
9.08 3.04 -0.50 -0.8600 -0.3000 -2.3800 2.6233 -2.0756 1.9144 9.50 2.37 0.49 111 369 156 178 131 
7.71 2.04 0.06 -1.4000 1.5100 1.9200 1.0044 1.2533 0.1000 9.70 1.37 0.42 116 375 166 183 135 
6.74 2.67 0.62 -2.9100 0.5000 -1.3400 1.2300 0.8967 -1.5756 9.18 2.98 1.72 117 371 170 186 137 
12.15 4.86 -1.08 3.5300 0.9100 -1.6100 3.5444 1.0467 0.1344 8.58 4.61 1.05 120 373 171 188 139 
10.44 8.61 5.46 0.1000 4.7300 4.7400 -0.1611 -0.0333 2.6067 9.56 2.02 0.68 120 374 176 190 140 
4.68 2.46 2.70 -4.3800 2.4900 0.6800 -3.0444 0.5200 1.7600 9.50 -1.19 2.07 121 379 179 190 139 
3.91 0.91 -0.28 -5.3700 3.0000 -1.2700 -2.9767 0.0644 -2.4411 9.71 -1.10 0.78 121 380 179 192 140 
11.62 6.80 -3.66 2.0100 3.2400 -6.3800 0.7322 0.7467 -3.5133 8.70 4.25 1.51 118 378 181 192 140 
13.80 8.75 0.06 5.8700 2.8000 -0.3300 2.0444 -0.8044 0.1700 7.84 5.84 -0.60 118 379 183 192 141 
10.00 6.43 0.26 2.6300 2.1600 1.7500 1.3622 0.6500 1.3200 8.68 4.18 -1.79 120 378 184 195 142 
7.36 5.16 3.99 -1.0000 2.6700 4.6200 -2.2422 1.3178 1.2189 9.53 2.28 0.00 144 352 188 205 154 
12.65 4.10 2.36 2.0400 2.5700 -2.7600 -5.8156 4.4144 1.6344 7.71 -2.10 5.68 163 219 225 256 181 
9.36 -3.37 3.76 3.7600 3.2900 -1.0200 -4.1144 -0.0467 3.1433 4.24 -8.58 2.12 162 220 190 221 157 
0.82 -6.41 -0.28 -1.2000 3.7800 0.4300 -2.5156 -1.8722 1.4678 0.11 -9.60 -1.99 164 225 191 226 156 
-4.16 -8.62 -0.96 -3.3800 0.4000 -0.8000 -0.0511 -0.9567 -1.3289 0.24 -9.28 -3.15 165 219 194 219 157 
-5.91 -7.97 -4.56 -6.3700 1.4600 -1.6900 -1.1811 -5.3989 -5.9078 2.60 -8.43 -4.26 161 211 195 217 155 
5.02 -3.26 -7.59 -0.6400 1.4700 -1.9900 1.3833 -4.5644 -4.7800 3.85 -5.62 -7.05 164 220 190 219 159 
3.49 -1.81 -11.68 2.1900 2.4500 -2.6400 1.2911 -0.7367 -1.1233 3.33 -5.23 -7.59 160 219 187 218 157 
5.75 -4.42 -7.61 2.6200 0.8100 -0.6700 1.1456 -0.0356 0.1133 3.27 -6.20 -6.85 160 220 190 218 157 
3.28 -5.47 -4.06 -1.0700 1.2100 1.4900 -0.2011 0.4811 -0.2433 3.67 -7.16 -5.59 160 223 192 217 153 
4.92 -6.59 -6.23 0.7400 0.4000 -0.1000 -0.0533 0.7411 0.1456 3.89 -7.22 -5.35 161 223 198 221 156 
7.17 -3.25 -1.46 1.9500 4.2600 3.7800 -1.7711 4.6544 -1.3178 6.71 -6.01 -3.85 162 215 207 222 164 
8.82 -3.23 -7.56 -0.2800 -0.1400 -9.4000 5.1367 3.3333 -2.9589 8.63 -0.36 4.63 169 224 198 220 160 
11.51 4.71 8.25 1.8000 1.9900 5.1400 1.4722 -0.6700 0.6089 9.00 3.02 2.43 184 220 196 212 154 
8.06 1.14 4.71 -2.1900 2.1900 2.5300 -2.0133 -0.5267 3.9911 9.20 -2.86 1.80 195 179 172 184 139 
1.33 -1.01 2.32 -7.2100 3.3800 1.0100 -2.5000 -1.2556 -2.1611 9.22 -3.30 -0.23 198 171 172 182 138 
16.33 2.83 -6.82 6.9400 3.3900 -4.6600 -1.0644 -0.0978 -1.7778 9.63 0.49 -1.77 199 177 173 184 140 
11.29 0.99 -1.36 1.3200 0.5100 0.9400 0.0089 0.4767 0.0311 9.61 0.50 -1.87 199 178 173 185 140 
9.10 0.63 -1.45 -0.5800 0.4200 0.3000 0.0289 0.0867 -0.0578 9.65 0.30 -1.69 198 180 176 187 141 
9.74 1.12 -1.05 -0.0500 0.6800 0.2300 -0.1300 -0.1156 0.0867 9.67 0.29 -1.58 200 180 178 188 140 
9.65 0.68 -1.51 0.0500 0.3800 0.1600 -0.2578 0.2867 0.1589 9.69 0.33 -1.43 197 182 179 190 141 
;
