0.44 5.81 8.12 -0.1100 -0.0100 0.2100 -0.0378 -0.0700 0.0500 0.37 5.81 7.88 157 348 353 392 212 
0.55 5.71 7.99 0.1500 -0.0600 0.0700 0.0844 0.1533 -0.1911 0.36 5.81 7.88 157 345 350 389 214 
0.34 5.74 7.78 -0.2100 0.1100 0.0400 -0.0133 0.0967 -0.0122 0.14 5.66 8.00 155 338 349 384 213 
-11.57 5.05 13.57 -9.6700 2.5700 8.3000 -1.5556 -10.4244 1.3011 5.79 5.45 5.73 166 347 194 204 200 
9.43 1.39 -10.89 -2.5900 -1.1600 -8.6600 5.9100 0.5944 0.0056 9.37 2.40 -1.56 104 346 144 178 166 
2.93 6.32 -3.37 -2.3300 2.2100 -2.4600 2.5489 4.2244 -4.6622 6.90 6.93 -0.60 108 356 138 177 164 
14.08 13.86 -1.00 7.0600 7.3400 1.7900 4.0356 1.0856 1.8189 7.53 5.05 -3.73 128 366 156 192 176 
2.70 7.72 0.87 -7.3800 4.2200 2.0300 -2.2144 2.1311 2.8389 9.65 1.70 -0.23 129 362 187 194 176 
-0.44 1.30 2.73 -10.1600 1.5900 1.5200 -6.0000 -1.1844 1.2522 9.74 -0.99 -0.36 128 356 176 195 176 
4.20 6.41 -15.21 2.4000 4.9600 -14.6200 0.0378 1.8189 -5.9200 8.22 5.20 -1.20 122 370 187 193 175 
12.43 12.64 -6.49 9.1800 8.7300 0.0000 4.3944 2.2878 -0.2678 6.67 6.20 -3.62 144 366 214 202 183 
2.46 6.52 -0.74 -5.4100 -2.9800 -4.2900 -0.9544 4.3778 -3.6089 6.88 6.73 -1.81 165 212 229 250 205 
12.02 14.93 4.72 3.2200 8.5100 6.2600 -1.2733 0.9244 4.9333 8.85 4.18 -0.56 177 168 185 195 156 
0.55 2.59 -0.24 -9.9900 2.9900 -0.5000 -0.7511 0.4556 3.0256 9.41 -2.56 0.91 189 149 184 174 135 
0.87 -0.66 2.15 -9.2600 3.0600 2.7300 -2.8333 -2.0344 -3.3689 9.71 -0.70 -1.17 195 154 187 178 138 
19.93 4.98 -10.73 5.7400 1.7200 -3.9600 1.0133 -0.6511 0.2856 9.41 1.92 -1.96 196 155 190 180 141 
9.16 2.38 -0.09 -0.1500 0.7000 1.6300 -0.2433 -0.1011 0.1167 9.45 1.64 -2.00 196 157 191 182 143 
9.34 2.04 -1.88 -0.1200 0.3600 0.1300 -0.4322 -0.5167 0.4844 9.44 1.54 -2.14 195 165 190 185 144 
10.41 4.53 -0.52 2.5900 3.9500 1.1900 -2.1456 0.8256 0.2133 9.59 1.62 -1.22 179 195 194 189 161 
12.66 -0.58 -1.85 1.8600 3.0400 0.6600 -1.4544 3.3911 7.7967 7.67 -6.09 0.30 148 216 207 239 164 
-4.38 -0.88 -6.09 -4.7100 5.7900 -6.1600 -1.5067 -0.0278 2.4178 0.23 -9.76 -0.87 151 219 191 217 157 
-2.99 -8.53 -1.58 -2.5000 1.1600 -1.0900 0.0200 -0.6100 -0.6100 -0.61 -9.66 -1.53 154 226 200 221 157 
-3.43 -10.12 -0.97 -2.6500 0.8300 1.1900 -0.6767 -1.7244 -0.8678 -0.18 -9.61 -1.92 153 226 205 221 153 
2.04 -4.78 -8.59 -1.9900 3.5800 -5.2800 1.0467 -10.2589 -6.7789 3.74 -7.23 -5.45 155 229 205 219 155 
5.54 -3.80 -12.27 1.1300 1.6700 -4.6600 1.8878 -2.5278 -1.1444 2.69 -7.00 -6.31 152 227 210 225 158 
6.49 -7.18 -4.44 4.7100 0.8000 1.5400 1.3178 0.6222 -0.1033 3.16 -7.99 -4.71 155 231 212 230 165 
3.89 -6.52 -4.82 1.2900 1.8400 0.2000 -0.5156 1.1311 0.2467 3.48 -7.73 -4.91 156 230 213 227 166 
10.67 -1.96 0.70 4.1700 4.6600 2.8800 -2.9300 11.8289 -0.4733 7.30 -6.53 -0.47 152 211 223 220 169 
;
