1.26 5.62 7.82 0.0600 -0.0500 -0.0800 -0.0022 0.0011 0.0011 1.19 5.69 7.89 166 362 359 385 212 
0.46 6.19 9.38 -2.1500 0.2200 1.8500 -1.3056 -2.5144 0.0778 2.26 5.04 8.10 167 268 251 279 207 
12.71 4.28 13.44 2.4300 1.3200 3.2000 -2.8478 -5.3644 4.2556 8.46 -0.69 4.90 169 226 212 224 176 
5.78 1.84 -1.92 -1.9500 6.9400 -3.8100 -0.6811 -4.5456 4.2011 6.47 -7.25 -1.25 162 181 168 180 142 
-1.54 -4.60 -1.06 -3.2700 3.4200 1.7300 0.3056 -1.1278 2.1189 1.34 -9.65 -1.06 152 180 158 180 135 
-0.84 -9.63 -2.89 0.0800 0.0400 -0.5800 0.1544 -0.3133 -0.7667 1.24 -9.63 -1.30 155 190 174 185 128 
2.05 -9.67 0.56 -0.8900 -0.3400 1.0700 0.2511 0.7933 0.9022 0.99 -9.67 -1.22 157 196 178 194 144 
-2.46 -5.90 -7.48 -5.9600 3.5600 -6.8300 -2.0722 -11.0500 -5.3767 1.93 -7.76 -5.66 156 201 181 194 147 
3.45 -4.49 -9.99 0.7300 1.5500 -2.9800 -0.1389 -1.0633 -1.7600 0.74 -6.55 -7.25 153 204 182 198 150 
3.70 -5.93 -8.00 2.5700 0.4000 -0.7500 0.5567 0.1856 -0.1578 0.70 -7.14 -6.67 149 206 187 199 151 
2.76 -6.45 -0.66 -1.1400 -0.8100 4.1200 -0.3833 0.0933 -0.1089 2.05 -7.43 -6.05 160 208 188 201 153 
14.01 -1.71 -1.78 9.9000 4.6900 2.6400 -5.7222 12.4056 0.2133 7.52 -5.00 -3.82 163 233 213 241 194 
17.42 0.82 -2.33 11.4400 11.1600 -5.8100 -5.8767 8.9889 4.0467 4.10 -8.62 2.21 165 258 258 270 203 
-0.67 -7.23 -6.84 0.5300 2.5800 -4.4300 -2.0844 0.1622 1.5956 -0.22 -9.54 -2.24 162 259 254 254 193 
-5.36 -9.95 -9.06 -4.4000 0.0400 -8.4200 1.8544 1.7133 -0.6644 -0.18 -9.79 -0.39 161 267 267 280 202 
11.78 -0.79 22.29 -1.8200 6.3800 16.8300 1.0356 -2.0233 0.0278 1.21 -8.36 4.96 159 260 256 254 199 
-1.31 -7.06 1.46 -1.9600 2.1300 -2.1800 -3.5367 -1.1111 1.0144 0.00 -9.77 0.75 161 266 260 265 202 
-4.78 -11.30 -14.64 -4.0200 -1.5100 -10.9000 2.4033 2.4511 -1.4444 0.94 -9.73 0.76 163 272 260 263 202 
8.59 3.59 18.11 13.7800 12.1000 16.6900 1.3111 0.1489 -0.2767 3.34 -7.64 5.14 155 261 259 276 205 
7.41 -9.63 1.05 2.1000 -3.0100 -3.0300 2.1611 -4.4678 1.5544 5.31 -7.24 3.92 161 211 169 176 165 
7.81 -5.27 0.99 1.4100 1.0400 -3.0600 4.5922 -3.2956 3.3044 4.26 -6.95 5.45 136 190 136 160 138 
4.35 -0.35 8.11 0.8400 4.9000 0.6800 3.1233 -0.5944 1.0567 4.23 -4.08 7.84 132 224 141 166 138 
2.79 -0.82 9.95 -0.9700 2.4000 1.2900 0.0611 -0.3044 0.3356 3.98 -3.63 8.19 136 228 145 168 139 
4.70 -2.66 8.85 0.0000 1.3800 0.8900 -0.3944 0.5400 -0.4322 4.04 -3.86 8.05 135 233 151 170 143 
5.54 -1.06 8.67 2.1200 3.1300 0.3000 -1.0078 1.1989 -1.0678 3.53 -4.32 8.05 137 230 152 171 144 
5.22 -4.79 5.04 1.6500 0.0400 -2.8300 -1.7733 0.5300 0.0700 2.88 -6.09 7.11 141 231 153 172 144 
0.91 -9.79 4.88 -1.7300 -2.9400 -1.4500 -0.2522 -0.0700 -0.2867 2.84 -6.75 6.51 142 230 153 174 145 
2.00 -6.92 5.81 0.8300 0.8000 0.2900 0.2967 -0.3756 0.1522 3.05 -6.59 6.58 139 231 153 176 149 
1.06 -6.28 4.54 -3.1800 0.4600 -2.5500 0.0889 -0.6567 -0.7922 3.83 -6.47 6.28 157 244 161 185 169 
1.94 -3.59 -1.79 -2.2500 2.1900 -7.8900 1.6667 0.4422 -3.1600 5.78 -3.81 6.93 156 284 203 215 185 
;
