4.11 2.03 8.55 0.0700 0.0500 -0.1600 -0.0078 0.0178 -0.0033 4.02 1.97 8.72 161 335 340 359 214 
3.96 1.95 8.62 -0.0300 0.0000 -0.0700 0.0022 0.0033 0.0022 4.01 1.96 8.72 159 334 340 358 213 
4.11 2.04 8.60 0.4300 0.3800 -0.0700 -0.7989 -0.2133 0.2167 4.20 1.64 8.70 160 332 333 357 213 
7.85 -0.34 14.98 3.6700 -1.2900 8.0000 -3.4256 -2.0856 0.8122 5.99 -1.44 7.62 158 261 254 263 198 
8.28 -0.45 4.26 0.9700 5.3000 -2.1300 -4.4656 0.2944 3.3378 4.18 -7.91 3.99 164 213 202 225 168 
-0.49 -5.23 -1.52 -1.0500 4.4300 -2.5200 -0.9200 -1.2378 3.4956 -1.31 -9.64 1.18 167 229 215 239 175 
-5.73 -9.27 1.36 -1.7500 0.1200 1.2100 -0.7278 1.3744 1.5956 -4.19 -8.85 -0.28 166 231 218 250 175 
-4.46 -8.47 -0.64 0.2500 -0.1600 -0.0600 -0.2344 0.0011 0.4211 -4.89 -8.46 -0.75 165 232 221 252 176 
-6.02 -7.93 -0.93 -2.5400 0.3800 -0.4700 -0.2633 -1.8144 -0.8211 -4.76 -8.54 -0.59 162 232 217 243 168 
-4.86 -8.79 -0.86 -0.8200 1.8600 -1.7700 -0.8767 -6.8678 -4.4000 0.85 -9.76 0.26 161 223 211 229 163 
4.57 -5.71 -2.94 0.4800 2.1100 -1.2000 -0.6700 -5.3633 -3.1289 4.58 -7.81 -3.76 161 219 208 224 160 
6.36 -5.52 -5.37 1.7100 1.2500 -0.2000 0.1422 -0.9589 -0.8900 4.88 -6.88 -4.99 162 223 203 224 162 
7.34 -6.75 -4.39 1.8500 -0.3200 0.3500 0.2111 -0.3078 -0.3200 5.16 -6.67 -4.98 162 222 208 220 160 
6.67 -5.77 -3.99 1.1300 0.7700 0.7900 -0.0033 0.3667 0.1756 5.45 -6.65 -4.69 162 225 210 225 161 
8.20 -5.62 -2.71 2.6400 1.0600 1.7300 -0.4700 1.1556 0.5656 5.72 -6.77 -4.18 168 249 215 228 167 
9.96 -7.25 -1.32 5.3500 1.2200 1.7400 1.3667 1.1778 2.0467 4.87 -8.26 -2.03 152 331 173 187 158 
3.67 -6.39 -0.92 -2.0100 2.5200 0.5500 -0.5233 2.1889 0.3233 3.94 -8.91 -1.07 120 343 173 188 154 
1.65 -10.64 -7.71 -1.0200 -1.6600 -5.2000 -0.1189 0.0656 0.4844 2.87 -9.08 -2.32 115 355 176 188 153 
2.55 -11.27 -6.12 -0.7000 -1.4100 -4.5900 3.1744 0.3689 -0.4156 3.51 -9.10 0.97 116 356 181 190 156 
3.48 -2.29 5.28 -0.6000 6.3700 2.4300 3.6700 0.1989 -0.1033 3.69 -6.61 6.22 121 365 178 192 158 
2.90 -2.23 10.65 -0.4000 3.5700 3.2900 -1.6700 -0.1333 0.2289 3.47 -6.94 5.99 122 366 183 193 159 
0.34 -5.28 5.16 -4.2800 2.1800 0.1200 -2.0344 0.6956 -2.6767 4.77 -7.58 3.97 149 343 200 216 175 
6.69 -2.90 -1.40 0.3700 3.2700 -5.3900 0.4578 1.3000 -5.7411 8.58 -2.04 4.28 156 318 238 247 191 
12.89 4.44 9.16 2.8700 1.1800 4.3400 1.6078 3.1022 -0.7167 6.49 2.00 7.06 169 342 339 388 209 
5.23 -0.15 10.79 0.3200 -2.0800 0.5000 -0.6356 3.8833 -0.5067 3.11 2.15 9.04 171 364 365 414 212 
;
