-3.11 3.07 8.82 0.1000 -0.0400 0.0100 -0.0267 -0.0256 0.0100 -3.05 3.12 8.77 158 360 358 389 201 
-3.39 3.07 8.94 -0.0900 0.0000 0.1800 0.1889 -0.5833 0.3067 -2.48 3.26 8.90 164 323 298 322 199 
5.37 -1.78 13.69 3.3900 -0.5900 4.4500 -1.9789 -8.1600 -1.6200 8.15 -0.53 5.42 165 261 227 227 177 
6.06 3.10 1.01 -2.9400 7.6900 -0.7200 -1.7611 -2.9800 4.8133 6.68 -7.16 0.41 166 211 183 193 144 
-0.96 -4.66 -1.70 -3.6400 4.5200 -0.6000 -0.7811 -0.4978 2.7100 1.83 -9.55 -1.23 162 211 184 194 146 
-1.19 -8.71 -1.99 -1.1800 0.4800 0.5200 -0.6389 0.0156 0.1467 0.50 -9.46 -2.49 163 215 189 202 150 
-0.63 -9.35 -2.66 -1.8900 0.0900 -0.3700 -0.2244 -1.9489 -1.2589 0.87 -9.32 -2.91 164 209 192 203 149 
0.89 -7.28 -9.68 -1.0100 3.7700 -5.9500 1.7167 -12.3044 -5.2433 1.99 -8.20 -4.98 167 206 186 202 150 
4.40 -5.95 -6.87 1.8600 2.0100 -0.9400 0.2356 -1.3433 -0.8522 1.39 -8.10 -5.33 167 207 188 200 148 
3.12 -7.08 -6.29 2.9800 1.3600 -0.6300 0.5289 -0.3133 -0.4911 1.53 -8.45 -4.71 165 211 187 202 150 
2.62 -7.63 -2.50 0.2700 0.9300 2.3100 -0.4467 1.7600 -0.2344 2.44 -8.60 -4.01 167 215 194 206 151 
5.76 -5.90 -2.71 4.3500 3.5900 1.5400 -1.3100 2.0789 -0.1589 3.36 -8.11 -4.35 170 215 199 213 159 
16.43 -3.23 -9.21 10.3100 3.5900 -5.9200 -4.7433 10.5311 4.4300 6.75 -6.66 -2.47 161 287 291 314 194 
5.93 -4.68 -1.81 1.3600 4.4100 -3.1700 -2.7833 3.3044 2.7678 3.30 -9.22 -0.31 168 390 351 411 203 
2.66 -7.56 -4.37 -1.3600 2.2000 -3.8200 -0.9189 0.9067 0.0178 2.60 -9.33 -1.51 161 392 358 399 203 
2.76 -9.03 -4.85 -1.3100 -0.3600 -7.0200 2.5622 -2.2933 -0.3700 2.83 -9.38 0.06 156 386 351 389 204 
5.88 0.29 -2.18 2.5100 11.2800 -4.4500 7.2589 -1.8822 0.5989 3.16 -6.63 6.49 153 373 353 395 203 
3.95 7.78 17.69 -5.5800 7.5100 5.9200 4.1311 0.1367 1.7511 2.82 0.87 9.34 156 380 357 397 204 
1.89 5.50 14.91 -4.1400 1.4100 4.6700 0.3111 0.7744 0.3589 2.56 2.84 9.02 157 376 362 415 211 
2.31 3.26 8.75 -0.1000 0.7200 -0.3500 -0.3256 -0.1456 -0.1744 2.48 2.64 9.11 162 337 343 375 204 
-2.22 2.00 7.61 -4.2600 0.8400 -2.4300 -1.7367 -0.4056 -3.7144 2.23 0.68 9.52 165 298 295 312 198 
4.97 7.75 5.12 6.9500 4.8700 -2.4200 3.2011 -3.4000 -3.5356 2.19 3.93 8.70 160 318 324 360 204 
;
-1.05 7.80 10.05 -7.2000 -0.2700 3.5400 -0.2978 0.5289 -0.3200 -0.38 6.00 7.74 161 331 337 395 207 
1.18 6.12 8.27 0.0100 0.0600 0.3400 -0.1989 -0.2311 -0.0222 0.19 5.81 7.89 165 316 330 372 207 
5.07 8.12 15.38 2.4300 2.2900 7.5800 -4.7444 -7.6200 2.0944 6.93 2.33 6.53 166 229 213 234 163 
9.17 3.11 3.64 -0.1300 6.2300 -1.1600 -2.2044 -1.7278 4.7978 7.80 -5.40 2.46 162 216 194 212 144 
-0.44 -2.12 -1.21 -5.3100 6.0700 -1.5200 -1.4500 -0.2467 3.0922 2.37 -9.51 0.08 163 222 199 221 147 
-1.23 -8.12 -0.21 -3.3700 0.8800 0.2700 -0.6333 0.3822 0.1811 0.60 -9.76 -0.59 164 228 204 227 151 
1.72 -9.77 0.32 0.1500 0.2200 1.0500 -0.6256 -0.3933 0.0011 0.82 -9.71 -1.03 164 230 207 230 151 
-2.14 -9.68 -3.79 -2.9000 1.1700 -1.7400 -0.0822 -6.7511 -3.4856 2.70 -8.95 -2.93 163 226 206 233 153 
0.67 -6.99 -8.66 -0.9000 2.2600 -2.6100 0.4022 -7.3833 -3.0678 1.79 -7.67 -5.83 163 229 207 233 152 
-0.06 -6.20 -10.00 1.1300 0.6700 -3.0000 0.6178 -1.7600 -1.4678 1.05 -7.20 -6.56 159 232 194 236 156 
4.17 -6.73 -5.72 2.1900 0.3400 0.5500 0.7978 -0.2556 -0.2733 1.00 -7.94 -5.66 161 232 206 236 155 
2.30 -7.70 -3.66 1.0300 0.4400 1.6800 -0.1044 0.5133 0.0400 1.35 -8.08 -5.38 163 232 210 235 156 
5.24 -6.20 -4.27 5.5500 2.2900 1.7000 -1.7044 3.8144 0.4400 2.64 -7.50 -5.72 170 254 240 266 178 
16.31 -2.12 -8.82 9.7000 4.4800 -7.7000 -4.1767 12.9622 3.0378 6.94 -6.82 -1.14 167 350 324 366 200 
8.55 -5.17 -2.86 3.4700 3.1300 -1.7400 -2.5067 3.7044 1.8600 3.21 -9.18 1.20 165 407 354 416 207 
1.31 -6.49 -2.64 -0.2300 3.2500 -3.7700 -1.7389 0.7089 0.1789 1.24 -9.69 -0.77 165 405 361 419 207 
0.14 -10.95 -3.24 -0.4700 -0.5800 -1.5100 0.3833 -0.4989 -0.2811 1.38 -9.65 -1.01 164 404 361 417 208 
1.19 -8.52 -3.66 0.5400 0.7200 -2.8500 1.1556 -0.8678 -0.4611 1.71 -9.64 -0.42 163 400 356 414 209 
4.77 -7.84 -1.45 2.0600 1.5700 -3.5800 3.6122 -0.9211 -0.0144 2.62 -8.74 3.57 161 394 364 404 209 
5.04 1.06 3.64 2.9400 8.8600 -2.5600 5.6200 0.5822 1.3733 2.38 -3.82 8.71 160 394 362 403 209 
4.67 5.09 14.11 2.0800 4.6200 4.5600 2.5911 1.1411 1.1989 1.91 1.27 9.53 161 396 363 415 209 
-1.44 2.05 11.64 -1.4100 0.6000 1.9600 0.6389 -0.5033 -0.1489 1.62 2.13 9.43 160 399 368 415 217 
;
