7.97 0.79 5.87 0.3500 0.1800 -0.0700 -0.1600 -0.4789 0.1056 8.11 0.56 5.48 165 291 290 289 188 
8.51 0.33 5.19 0.2500 -0.0800 -0.1400 0.0156 0.0633 -0.1378 8.18 0.48 5.38 163 289 286 289 187 
8.11 0.53 5.42 0.0000 -0.0400 0.0600 0.0333 0.0411 -0.1300 8.14 0.61 5.42 162 272 279 290 186 
15.71 -1.08 7.78 15.7700 1.4500 1.8500 -2.0033 -3.4600 2.2367 9.55 -0.98 1.96 165 214 211 235 145 
4.94 0.04 -0.73 -3.5100 7.8400 -0.5900 -0.0389 0.7133 6.1533 4.64 -8.60 0.75 164 202 185 221 128 
-3.02 -5.05 1.11 -2.1400 4.3000 1.5000 -0.3789 0.6800 2.9133 -1.51 -9.66 0.62 163 218 197 236 138 
-1.58 -10.11 1.59 -1.9100 -0.6100 0.4800 -0.3833 0.1244 0.2944 -3.00 -9.33 -0.25 162 221 199 240 140 
-2.30 -9.34 0.17 0.6500 -0.2600 0.6400 -0.4400 0.4333 0.4911 -3.24 -9.22 -0.67 160 222 199 241 142 
-4.41 -7.71 -2.59 -2.4500 1.9300 -2.3200 -1.4289 -7.5844 -4.4156 0.16 -9.72 -1.21 159 221 199 237 143 
5.84 -6.29 -6.24 3.3100 1.7500 -1.9600 0.8889 -5.6311 -3.3189 3.64 -8.25 -3.84 156 219 199 226 140 
5.93 -8.62 -5.36 2.1700 -0.6800 -1.1400 0.4133 -0.4067 0.1856 3.63 -8.17 -4.01 157 217 197 227 141 
4.25 -8.06 -2.04 0.6800 0.0700 0.9600 -0.1033 0.3133 -0.0278 3.84 -8.24 -3.65 157 221 198 229 146 
8.51 -7.89 -0.73 4.5100 -0.0400 3.3600 -0.5667 3.4400 -0.4511 5.12 -7.90 -2.72 131 335 208 235 155 
5.55 -11.23 -5.63 -3.9400 -2.0400 -4.7200 2.1356 3.9156 -3.3311 7.74 -5.25 2.93 121 352 173 182 139 
6.06 -0.48 3.79 -0.5000 1.9200 -1.9500 2.2778 0.6811 0.1644 7.08 -0.80 6.73 131 362 182 191 144 
5.22 1.64 7.88 -1.1400 1.5700 1.1900 0.8011 0.0256 -0.1344 6.80 0.73 7.02 132 362 180 193 145 
6.14 2.79 6.71 0.6100 2.3600 -0.2100 -0.4489 0.1344 -0.3056 6.70 0.97 7.09 134 367 183 193 146 
6.13 2.78 6.84 -0.1000 2.0700 -0.4800 -1.1067 0.2067 -0.6367 6.32 0.62 7.46 134 372 184 193 147 
5.97 0.69 6.81 0.1200 0.8000 -1.0500 -1.0556 0.4722 -0.5289 5.75 -0.19 7.93 130 375 184 195 147 
5.46 -1.17 7.70 -0.5200 -0.3900 -0.2800 -1.2578 0.6178 0.1833 5.51 -1.72 7.92 133 373 182 194 146 
4.11 -4.82 8.32 -1.3000 -1.9900 0.2800 -0.1800 -0.1511 -0.1011 5.56 -2.30 7.74 135 373 185 196 147 
5.55 -2.01 7.97 -0.2700 0.2300 0.1100 0.0056 -0.0689 0.0078 5.59 -2.23 7.73 136 374 185 197 146 
0.84 -3.32 6.72 -7.7800 -1.9800 -1.8700 -1.0722 -0.6811 -1.4656 6.31 -2.21 7.16 153 319 218 228 166 
;
3.29 1.49 0.32 -1.2500 4.5600 -5.3000 0.0811 2.0056 -3.4267 6.46 0.20 7.36 162 313 299 321 196 
1.78 7.41 15.91 0.4200 2.0200 4.4800 1.3467 -0.0711 -0.1156 3.62 4.06 8.15 169 330 351 374 202 
2.99 3.52 9.29 -0.4800 -0.6200 0.7900 -0.0578 -0.6156 -0.1156 4.03 3.91 8.03 166 338 352 375 202 
4.27 3.61 8.73 0.3800 -0.3800 0.3200 0.0611 -0.0678 -0.0056 4.22 4.06 7.86 166 339 354 371 203 
3.65 4.11 8.18 0.0700 0.1300 0.7500 0.0978 -0.5544 -0.0667 4.47 4.06 7.71 165 330 345 350 198 
14.04 3.42 12.59 7.9500 2.1300 5.1100 -5.4267 -1.9422 4.0500 7.34 -2.04 6.16 163 205 206 214 156 
4.34 -1.82 0.74 -0.1700 7.1000 -2.5100 -2.6489 0.1556 5.9633 2.54 -9.20 2.22 162 199 190 203 134 
-6.32 -7.25 1.85 -4.6200 0.0500 0.8200 -0.1456 0.5722 0.5133 -1.62 -9.55 1.49 167 214 199 213 148 
-3.03 -9.37 -0.63 -0.3600 0.6100 -1.5500 -0.1178 0.2322 0.3422 -2.22 -9.50 0.98 166 217 202 220 150 
-9.31 -7.82 -3.31 -6.1300 2.1900 -3.3900 -1.6200 -5.9322 -4.2422 0.46 -9.78 -0.51 165 221 203 219 151 
6.21 -4.48 -6.74 0.3600 3.3400 -4.3400 -0.2089 -7.7722 -5.1800 4.60 -6.27 -5.96 164 224 207 221 155 
8.30 -5.36 -8.41 3.0200 0.3100 -0.5200 1.3878 -0.4400 -0.2656 4.57 -6.02 -6.23 162 224 205 217 151 
2.90 -6.66 -3.10 -0.1800 -0.3300 2.6500 0.1489 0.5378 0.3478 4.45 -7.29 -4.81 161 225 205 217 151 
5.08 -7.47 -3.45 0.3600 0.1400 0.9000 -0.2767 -0.0900 -0.0878 4.59 -7.25 -4.73 162 225 209 220 153 
5.47 -6.96 -2.97 0.9000 0.3200 1.8600 0.0111 1.1422 -0.1589 5.00 -7.23 -4.32 166 230 218 226 161 
12.04 -7.88 0.02 5.8700 -2.4900 2.7200 -0.5056 7.9233 -1.0744 7.33 -6.50 -0.32 156 348 199 200 160 
11.45 -8.72 -2.84 1.5900 -1.7400 -7.5100 4.2822 2.8622 -0.3467 6.26 -3.34 6.76 143 356 178 192 158 
2.45 4.18 6.94 -2.7900 4.7100 -0.7500 1.7911 0.2000 1.3178 5.40 -0.17 8.18 152 366 177 190 156 
4.33 2.25 8.39 -0.7400 2.0400 0.2900 -0.0533 0.1467 0.1922 5.11 -0.06 8.36 154 368 173 193 155 
3.97 1.54 8.69 -0.0400 1.9200 0.0200 -0.7633 -0.0756 -0.8989 4.94 -0.30 8.46 154 374 175 191 157 
5.93 1.48 8.27 1.5800 1.7400 -0.4500 -1.3600 0.6244 -1.5744 4.66 -0.69 8.59 151 380 180 195 160 
6.03 -0.97 7.34 1.1100 -0.4000 -1.3300 -0.9344 -1.0011 0.6344 4.93 -1.64 8.31 153 380 180 196 157 
2.72 -6.21 9.38 -1.1400 -2.9100 1.0100 -0.7144 0.4211 -0.1556 4.61 -2.95 8.13 153 378 181 197 159 
3.25 -3.33 8.12 -2.2900 -0.1900 -0.0400 0.1344 -0.6856 -0.0422 5.07 -2.96 7.84 159 378 186 203 162 
;
