-1.26 5.99 7.58 0.0200 -0.0200 -0.0800 -0.0011 -0.0056 0.0000 -1.28 6.00 7.64 177 395 374 420 229 
-1.26 5.99 7.57 0.0100 -0.0100 -0.0900 -0.0089 0.0011 -0.0044 -1.28 6.00 7.64 178 398 374 417 228 
-4.04 5.82 9.76 -1.1900 0.0600 2.4300 -1.8667 -2.8167 -1.0133 -0.02 4.98 8.44 158 283 254 299 217 
8.58 4.79 14.04 5.9000 1.5000 5.3400 -2.9878 -5.0556 1.2267 7.03 1.99 6.53 157 204 175 194 149 
11.67 5.99 4.88 -0.7400 7.0000 -1.6100 -2.1911 -1.8578 4.7544 8.32 -4.87 1.75 151 187 174 185 132 
-0.14 -0.26 -1.03 -5.1900 6.7500 -1.1300 -0.7422 -1.1244 3.9544 3.30 -9.15 -1.18 149 197 173 194 137 
-5.83 -8.81 2.18 -7.9000 -0.9200 3.2600 0.0956 -1.5711 -0.8989 2.07 -9.46 -1.53 151 204 178 199 142 
2.20 -9.54 -0.78 -0.7600 -0.0400 0.3600 -0.2189 0.1789 0.2689 2.10 -9.41 -1.74 154 209 185 202 145 
-2.82 -8.09 -3.09 -3.9600 1.2600 -1.3600 -0.1578 -6.8311 -5.0911 4.09 -8.02 -3.87 152 209 186 198 146 
2.88 -4.02 -9.00 -0.1300 2.2800 -1.9500 0.6278 -5.1822 -3.2744 2.73 -6.36 -6.94 156 211 179 202 152 
2.99 -5.47 -8.56 2.0100 0.9400 -1.2700 0.9033 -1.0689 -1.0733 1.93 -6.57 -7.01 155 212 187 208 154 
4.41 -5.97 -5.82 1.2900 2.0100 5.2500 -0.6044 3.6689 -0.2444 2.87 -7.40 -5.74 155 216 196 209 166 
4.55 -7.21 -4.78 1.2100 -0.1300 1.4400 -0.0378 0.7822 0.0622 3.07 -7.34 -5.72 161 221 201 209 165 
6.16 -5.41 -2.68 1.2800 1.5800 2.9000 -0.8733 1.8878 0.0678 4.04 -6.87 -5.69 176 253 231 255 198 
-0.19 -1.91 -1.59 -6.1700 4.5400 4.0800 -3.6956 -2.1478 0.4056 3.91 -4.70 -7.66 186 270 247 282 182 
-0.50 5.61 -14.33 1.8300 2.3400 -5.9700 -5.8567 -0.3144 -0.6944 1.05 3.14 -9.22 190 261 237 281 184 
1.04 6.88 -13.71 2.8000 0.5600 -5.0100 -1.0189 -0.2056 -0.0844 0.01 5.98 -7.76 192 266 242 283 186 
2.19 5.12 -11.86 2.3700 -0.9300 -4.3500 1.0500 0.0256 0.3856 0.13 5.39 -8.18 189 263 239 285 182 
3.35 4.44 -15.92 2.1900 1.9100 -7.8000 2.4733 1.0711 1.2867 1.55 2.66 -9.30 187 270 235 279 191 
5.52 6.61 -15.24 3.6200 12.8200 2.7300 8.6689 5.3611 3.4100 4.96 -7.93 -2.92 215 416 370 426 227 
-2.78 -0.89 2.09 -5.5000 7.3000 0.8600 1.3800 0.8522 0.1744 3.75 -8.72 2.44 217 419 378 432 227 
2.65 -7.43 4.39 -1.8300 0.9100 0.9700 -0.3967 -0.0456 -0.2233 4.09 -8.53 2.54 217 417 376 432 228 
2.57 -4.45 3.19 -2.0900 3.7200 1.1700 -1.8400 0.2778 -2.6389 5.94 -7.75 0.84 205 364 280 292 218 
5.61 -3.04 0.93 -3.7100 0.9200 -0.6000 2.0167 -0.3044 -6.3722 9.73 -0.97 0.66 180 316 217 218 195 
12.19 5.15 -0.78 3.0800 1.7900 -0.3900 -1.2756 1.1844 -3.3911 8.29 5.02 1.44 140 338 172 166 171 
9.89 12.26 -0.38 3.2800 4.3700 -1.8700 3.8100 2.3344 -0.9844 5.36 8.17 0.70 141 363 181 177 178 
7.56 12.67 2.68 1.2200 4.8300 3.4000 1.5144 0.2000 3.1122 7.56 6.01 -1.64 138 368 184 182 183 
6.76 6.68 0.61 -2.3900 3.3200 2.1000 -0.6233 1.4200 2.7600 9.60 1.80 -0.79 142 369 188 190 189 
1.95 1.76 0.83 -7.9400 1.9000 0.8200 -2.9644 -0.7233 0.6278 9.76 -0.59 -0.65 140 378 191 194 188 
6.61 3.45 -5.25 -4.2100 1.5600 -4.2800 -3.6656 -0.8022 -1.6867 9.35 2.12 -2.01 117 374 183 185 181 
11.21 7.00 -6.58 3.3500 2.6600 -3.9800 0.7033 0.9278 -2.7533 7.67 5.71 -2.14 119 371 181 187 183 
8.82 8.35 -3.52 4.2900 2.6100 -0.0500 2.0567 0.8689 -0.5644 6.71 6.46 -3.04 123 374 194 192 184 
8.50 7.75 -0.07 -0.1900 0.9500 3.6400 0.2633 0.6267 0.5656 7.23 5.45 -3.74 131 372 194 195 186 
8.03 5.98 -2.27 -0.3900 0.2300 -0.4200 -4.0578 1.9089 0.2767 8.05 5.54 -0.74 151 359 192 203 193 
;
