-1.36 3.96 8.78 0.0000 0.0400 -0.1000 0.0000 -0.0011 -0.0022 -1.38 3.92 8.87 158 340 355 381 207 
-1.35 3.99 8.75 0.0200 0.0700 -0.0900 -0.0056 0.0011 -0.0033 -1.38 3.92 8.87 156 340 352 380 205 
-1.38 3.98 8.81 0.0100 0.0600 -0.1300 -0.0022 -0.0156 0.0000 -1.34 3.91 8.88 156 332 346 378 206 
0.15 4.71 13.15 -2.0500 1.0400 4.2800 -2.5056 -8.1867 -1.2922 5.20 2.53 7.91 153 230 222 226 164 
13.23 3.77 6.15 3.5500 4.1400 2.0000 -1.3833 -4.9011 3.9233 9.35 -2.26 1.85 151 195 191 195 138 
4.00 0.36 -0.61 -3.9400 6.7600 0.9000 0.7567 -2.2111 4.0956 5.82 -7.66 -1.87 153 185 182 191 132 
-0.29 -7.72 -2.27 -2.6500 0.7400 0.4200 0.3022 -0.6833 0.0222 3.47 -8.84 -2.44 152 188 184 189 127 
4.40 -6.99 -2.68 0.7400 0.0600 0.8800 0.0856 0.1711 -0.0278 3.85 -8.69 -2.39 155 197 192 196 131 
3.46 -7.95 -1.44 -2.5100 0.0400 -0.4000 -0.1456 -1.9678 -0.5211 3.30 -8.89 -2.45 158 201 196 200 134 
0.70 -7.04 -8.43 -2.8900 1.3600 -3.7800 0.7111 -6.9222 -4.0689 3.15 -6.65 -6.47 159 203 193 201 138 
2.25 -1.31 -11.01 -0.5400 2.2100 -4.3400 -0.8033 -0.7078 -2.2033 1.42 -4.86 -8.39 157 209 189 204 142 
4.09 -5.00 -7.75 2.4500 0.7200 0.2800 1.2667 -0.1333 -0.7789 1.66 -6.10 -7.48 158 211 195 205 144 
1.20 -6.71 -9.13 1.1000 1.6000 -0.0800 1.1044 1.8756 -0.5933 2.56 -7.08 -6.27 160 216 200 208 144 
2.71 -6.34 -7.79 0.2400 0.3500 -0.4000 -0.1700 0.9156 0.0833 2.74 -7.01 -6.28 161 216 207 212 147 
3.69 -6.57 -5.56 0.7800 0.6000 0.6200 0.0467 0.3389 0.1344 2.95 -7.04 -6.14 161 215 204 215 149 
5.41 -4.59 -5.34 3.0100 1.4400 0.4200 -2.1967 2.6967 0.3056 4.70 -5.81 -6.34 160 226 214 219 155 
5.00 -4.92 -8.82 -0.4400 1.1800 -1.2600 1.1722 0.4733 2.0311 4.81 -6.68 -5.32 164 291 271 292 193 
-1.46 -5.85 -0.77 -5.6100 2.3500 4.1700 -1.6011 -1.8222 -0.1089 3.33 -6.86 -6.15 178 307 291 329 210 
1.36 -1.19 -9.50 1.1100 3.2600 -1.0100 -3.7478 -1.3300 -0.7944 1.24 -1.15 -9.65 186 308 283 339 218 
5.42 2.88 -17.34 4.5200 0.8700 -6.2100 -0.6889 0.4167 0.0078 0.69 2.10 -9.55 186 314 293 342 217 
0.29 2.31 -9.40 -0.2700 0.1500 0.0600 -0.0667 -0.2056 0.0300 0.68 2.21 -9.52 186 315 294 340 217 
0.76 2.39 -9.23 0.0100 -0.0500 0.1500 0.1478 -0.0467 -0.0144 0.86 2.24 -9.50 186 314 295 337 217 
0.80 2.36 -9.09 0.2300 0.1400 0.4700 -0.0378 0.1422 -0.0267 1.02 2.29 -9.47 186 315 297 333 215 
1.13 2.47 -9.14 -0.0100 0.2500 0.4200 -0.0956 0.1156 -0.0422 1.08 2.44 -9.43 184 306 284 314 211 
7.07 2.85 -11.82 5.2200 -0.2200 -3.6300 -1.3467 3.5022 0.8344 4.20 3.37 -8.18 153 209 186 199 158 
11.77 4.93 -9.21 2.5500 2.7300 -4.2300 -0.5211 3.4189 4.2678 9.33 0.21 -2.99 148 194 148 163 126 
5.31 1.64 -5.18 -2.5100 5.1100 -4.5400 2.3722 1.6844 3.7200 7.77 -5.97 -0.24 117 209 156 173 125 
2.87 -2.13 1.85 -1.4700 4.2400 0.4200 1.3944 1.9367 1.7267 4.42 -7.81 3.93 113 266 165 175 127 
3.28 -5.73 6.70 -1.3700 1.2300 1.9300 0.7856 -0.9044 0.3767 3.99 -7.34 5.13 119 263 165 178 129 
6.98 -6.60 4.67 1.9700 -0.1300 -1.1400 0.3933 0.1322 -0.2300 4.37 -6.97 5.33 120 270 170 177 130 
5.27 -5.62 6.32 0.9800 1.3200 0.7900 -0.3489 0.6278 -0.3289 4.28 -6.89 5.50 119 273 170 180 133 
5.93 -4.88 6.90 2.0000 2.3600 1.3400 -1.2189 0.9067 -0.3978 3.97 -7.31 5.18 121 261 171 181 135 
1.99 -8.38 0.78 -3.7800 -1.0400 -3.3900 -1.4422 0.9622 0.1467 3.42 -8.52 3.42 122 268 169 182 136 
3.36 -9.78 2.15 1.3600 -0.2500 -0.1200 0.0844 0.6322 -0.3878 3.79 -8.34 3.48 122 270 173 183 135 
2.48 -7.72 3.71 -0.5200 0.8900 -0.0600 -0.0122 -0.9289 -0.0433 4.05 -8.29 3.31 122 268 172 184 136 
2.38 -6.76 1.61 -2.4200 1.6700 -1.5700 0.2167 0.1878 -1.3822 5.12 -7.64 3.38 126 279 170 184 138 
3.58 -3.12 1.86 -3.2600 2.6000 -2.2800 2.4611 2.2911 -4.5622 7.24 -3.47 5.62 154 301 181 200 159 
;
