2.15 6.79 5.72 0.1900 -0.1500 -0.5500 -0.0211 0.1911 -0.2011 1.85 7.07 6.52 159 339 361 395 218 
1.58 6.97 6.85 1.0900 0.0500 0.0900 -0.2933 -0.2900 -0.4389 1.56 6.90 6.78 154 327 350 397 218 
1.03 8.46 9.09 -1.6700 1.3900 4.4100 -1.5911 -4.5678 0.9767 4.82 5.95 6.11 162 310 269 319 216 
17.71 9.76 7.43 6.0100 5.2200 1.7000 -4.0100 -0.3933 4.0622 8.74 -0.06 4.43 160 208 182 195 172 
5.20 2.39 -0.03 -4.0600 7.8200 -2.4900 -2.0878 -1.2678 5.5211 5.54 -7.88 1.79 142 199 171 178 151 
-4.69 -5.78 -1.13 -5.5500 3.7800 -0.6900 -0.7611 -1.1422 1.7667 0.96 -9.75 -0.10 144 199 173 180 149 
-0.47 -9.74 -0.32 -1.5700 0.8400 2.5300 -0.5856 0.1444 -0.3911 0.57 -9.71 -1.19 146 205 181 182 139 
-0.62 -10.48 -0.66 -2.2700 -0.7700 1.2200 0.1544 -0.1656 0.5511 0.32 -9.72 -1.19 148 208 182 191 148 
-0.80 -7.89 -4.50 -1.7900 2.3400 -3.8000 -0.7811 -7.0344 -4.0067 2.75 -8.70 -3.57 147 205 183 193 152 
1.96 -4.50 -8.62 1.5000 4.1100 -1.6900 -0.7178 -4.5211 -2.1633 1.94 -7.77 -5.64 145 206 180 193 155 
3.13 -7.52 -8.81 3.7300 0.1100 -1.0600 0.8878 -0.2733 -1.7044 2.34 -7.30 -6.10 146 210 185 196 156 
4.00 -5.83 -6.13 0.4300 1.6000 -0.3200 0.5722 1.2167 0.1644 2.72 -7.88 -5.15 148 211 186 198 157 
5.02 -7.18 -1.13 4.2400 1.4200 3.9600 -0.6056 2.2411 -0.4289 4.24 -7.72 -4.30 151 216 196 206 166 
3.14 -1.38 -2.36 -2.4600 4.5600 0.7300 -3.7522 1.2778 -2.1144 7.24 -5.42 -3.77 102 223 247 257 194 
8.88 -5.22 -7.67 0.1200 -2.5600 -4.9200 -0.7789 -0.6756 -0.9356 8.79 -2.77 -3.33 95 177 178 197 158 
8.03 -3.67 -9.27 -1.4800 -0.3900 -4.7900 2.3967 0.4111 -1.6500 9.09 -2.14 -2.97 93 174 180 187 147 
9.10 2.31 -6.47 -0.7000 4.1600 -3.3500 3.8578 0.9567 -1.5789 9.60 -1.19 -1.54 96 176 178 189 149 
11.23 4.41 1.73 1.4900 3.7900 1.7500 1.3911 0.5522 0.5667 9.74 -1.11 -0.04 97 172 174 183 147 
10.60 3.71 4.19 1.1500 5.1700 3.9700 -2.6633 1.1211 -0.6367 9.75 -0.93 0.35 99 178 182 191 152 
11.93 3.99 -2.40 1.5500 3.1700 -3.3300 -2.6767 0.3967 -1.2300 9.75 0.51 0.89 99 182 184 191 151 
11.05 -1.46 -6.31 1.4200 -2.9700 -8.7800 -0.8967 0.8578 -0.5511 9.45 1.33 2.22 100 183 185 192 151 
9.11 -0.48 -2.14 0.2400 -0.8100 -1.3500 2.5833 -0.5189 -0.3422 9.53 2.15 0.79 101 183 188 195 152 
12.84 6.19 0.68 -6.9800 17.7900 33.8400 -2.8100 0.7600 -0.6667 9.63 1.80 0.00 101 182 185 192 155 
8.94 6.27 7.93 -2.9800 3.7400 6.7700 -2.5133 2.2467 -1.2078 8.92 2.74 3.00 116 271 243 272 192 
8.22 1.44 0.89 0.2800 -1.2300 -4.8400 -4.0256 0.7389 -2.1022 7.27 1.62 6.37 159 313 215 227 188 
7.32 4.63 2.65 3.4600 5.5400 -3.9700 2.6422 1.5911 -1.4189 4.79 3.25 7.91 164 366 178 181 165 
9.88 15.64 6.78 3.4800 8.8400 1.4100 5.9378 1.3022 3.0533 5.34 7.32 3.74 143 371 182 186 169 
2.75 11.67 7.14 -5.1400 5.6400 4.9700 0.0178 0.0444 3.7178 8.55 4.18 2.36 141 372 188 190 169 
-0.02 2.63 3.02 -7.8400 0.7100 -1.2800 -3.4000 -0.4856 1.7722 8.84 0.28 4.22 144 368 191 193 168 
1.28 2.09 -3.48 -4.9100 5.4500 -6.4000 -7.1978 2.2122 -3.8422 9.39 -1.79 2.16 138 374 196 197 175 
8.58 9.41 2.04 2.5700 7.0500 -2.9900 4.5000 3.4200 -3.8600 5.45 6.17 5.32 139 380 197 202 176 
8.12 12.81 3.20 1.9800 4.2300 1.0600 4.5222 0.3167 2.1822 6.00 7.71 0.68 150 377 199 200 175 
5.25 8.12 3.53 -1.8500 2.0700 4.0800 -0.1133 0.0567 2.3278 8.54 4.80 -0.34 151 369 197 199 175 
4.61 1.95 0.57 -3.2600 -2.1200 -0.2100 -0.9489 0.0300 -0.8811 8.63 4.63 0.37 157 355 195 203 176 
;
