2.80 6.03 7.81 -0.5600 -0.2600 -0.4000 -0.7111 0.6144 -0.3411 1.31 5.44 8.04 170 353 370 416 220 
1.69 5.15 7.84 0.2800 0.0400 -0.5100 -0.2156 -0.0889 -0.0656 1.38 5.02 8.30 167 326 354 403 219 
-0.28 4.09 12.80 -5.1800 0.4900 4.4300 -4.4244 -8.4211 -2.2600 6.24 1.76 7.35 160 229 212 228 180 
17.08 3.70 5.14 4.5700 5.0000 1.8600 -2.1744 -3.2900 4.4256 9.30 -2.91 1.07 160 209 196 208 151 
4.50 1.68 -1.65 -1.2900 9.4700 -0.4500 -0.6222 -0.1867 5.1433 3.96 -8.74 -1.99 147 208 194 208 143 
-2.31 -5.16 -2.00 -2.3300 1.8300 -0.1900 -0.5044 -0.5722 1.4411 -0.54 -9.37 -2.82 148 215 197 209 145 
-1.41 -8.86 1.10 0.4800 -1.3500 2.8900 0.0900 -0.9500 -0.7111 -0.32 -9.50 -2.40 155 223 205 219 153 
-7.07 -8.80 -3.12 -5.8500 1.7300 -0.3900 -1.8789 -7.0733 -5.5411 1.72 -8.81 -3.92 157 228 207 222 155 
1.80 -0.78 -12.42 -0.5800 5.6400 -6.8100 0.9111 -5.1322 -5.1222 3.33 -5.74 -7.20 159 228 195 219 154 
6.57 -3.14 -6.98 0.9500 0.8100 -0.9000 2.4633 -1.0522 -0.3567 3.51 -6.99 -5.90 158 228 197 221 155 
3.97 -6.73 2.59 0.0900 -1.7600 3.3000 0.0878 -0.6489 -0.3011 3.86 -7.57 -4.88 164 227 203 228 165 
7.27 -4.98 -1.90 2.5400 2.7100 2.4400 -2.4478 4.6878 -0.5522 6.19 -6.56 -3.84 147 237 227 241 181 
11.05 -6.90 -5.20 3.2700 -3.0200 -7.1600 -0.2744 9.9178 -2.8222 7.40 -2.88 5.74 100 266 261 272 185 
9.34 0.42 5.83 5.9500 2.5200 -2.4800 0.0078 4.2544 0.8656 1.58 -2.12 9.44 96 182 181 198 135 
0.41 1.24 8.74 1.1300 4.0300 -0.5600 0.5811 -0.4889 3.4633 -1.07 -1.02 9.69 97 186 183 200 136 
0.29 1.34 10.35 -18.2100 -1.0200 4.0600 0.1244 -0.9289 -2.9144 1.35 -0.89 9.67 98 188 190 205 139 
-7.30 0.10 10.39 -2.8300 3.5700 0.7300 0.2467 0.8100 -3.2744 0.60 -0.99 9.73 101 194 192 206 140 
1.63 3.13 10.70 2.3200 3.0400 0.2200 0.5311 1.1222 -3.2289 -0.57 -0.13 9.78 100 194 194 209 140 
10.67 4.00 13.04 11.4400 3.2700 3.5400 0.0222 0.3000 -0.9822 -1.37 0.16 9.70 101 195 196 208 142 
-1.52 -0.43 5.43 -2.4900 0.4600 -3.4500 0.9311 -1.7733 2.7144 0.65 0.85 9.74 103 197 195 208 140 
6.10 2.10 14.49 -39.2200 -2.1300 6.4300 -0.6178 0.0744 0.6278 2.91 1.73 9.20 99 198 196 209 139 
0.55 1.56 9.81 -2.4900 -0.2900 0.3200 -0.1933 -0.2144 -0.7667 3.03 1.65 9.17 102 198 195 210 141 
5.02 1.48 11.16 2.9100 0.8700 1.8200 -1.3833 1.9344 -0.9011 1.89 0.84 9.58 102 198 199 213 146 
-2.26 -1.75 3.42 -7.1000 -2.5600 -9.0100 -0.8744 -10.0644 -1.4156 8.29 0.70 5.18 150 320 272 287 187 
8.80 4.73 -7.08 2.5500 4.7000 -0.6800 -3.0622 -4.4078 -0.1211 5.68 2.18 -7.68 190 285 247 301 192 
6.76 7.85 -10.80 2.8600 3.2800 -2.6300 -0.6356 -0.1244 -0.1011 3.28 4.59 -8.01 194 270 260 316 198 
2.30 4.01 -9.86 0.2700 0.1000 -1.6400 0.4400 -0.6467 0.1300 2.61 3.95 -8.58 191 268 260 311 196 
11.33 2.53 -20.97 7.7300 -1.5600 -12.0000 3.5389 3.6367 1.4544 5.16 -0.28 -8.33 185 283 252 315 203 
8.24 10.59 -1.96 -3.4300 15.2300 -8.8400 5.9156 3.6900 3.7489 3.96 -8.96 0.02 203 422 381 438 218 
-2.52 -0.28 4.79 -5.0600 7.1200 2.5600 0.4556 0.5856 -0.2311 2.82 -8.89 3.01 203 418 379 438 220 
-0.03 -5.88 2.25 -3.1700 2.8800 -0.6200 -0.9378 -1.0267 -0.7344 3.86 -8.76 2.08 204 416 382 430 218 
1.53 -3.21 -0.19 -4.3000 5.9600 -0.9000 -2.3867 0.4244 -2.8711 6.45 -7.36 -0.53 193 375 333 340 215 
7.12 3.54 -2.87 -2.4900 5.8900 -3.6800 -1.8922 0.5767 -5.0311 9.65 0.62 1.59 173 317 297 305 211 
7.16 6.25 3.46 1.2200 2.6400 0.4800 1.7444 2.6822 -3.4022 5.92 5.73 5.31 171 316 287 313 193 
;
