3.76 3.60 8.29 0.0100 -0.0400 0.0100 0.0033 0.0000 0.0000 3.75 3.64 8.29 173 356 327 311 196 
3.85 3.63 8.13 0.1300 0.0000 -0.0100 -0.0044 0.0167 -0.0022 3.74 3.64 8.29 171 356 325 313 196 
3.61 3.58 8.33 -0.2200 -0.0400 -0.0100 0.0289 -0.1700 -0.0233 3.79 3.65 8.27 170 358 326 312 195 
4.22 3.66 8.44 -0.2000 -0.1400 0.6800 0.3089 -0.9322 0.0522 4.37 3.78 7.91 166 345 321 313 194 
10.18 4.63 13.45 6.2300 2.0800 3.8200 -3.5611 -1.5011 2.8922 6.33 -0.53 7.46 165 258 234 260 175 
7.42 1.28 1.57 -0.1100 7.4300 -3.8400 -3.3022 -2.7878 4.9133 4.74 -8.15 2.65 162 248 220 244 158 
-3.78 -3.84 -0.75 -5.4100 4.9300 -1.8100 -1.1644 0.4056 4.1444 -2.85 -9.38 0.21 159 237 206 228 144 
-7.69 -6.00 2.88 -3.1900 1.6500 5.2700 -0.9911 1.4344 0.3644 -4.54 -8.55 -1.53 161 242 211 240 148 
-6.39 -8.67 -2.60 -1.1100 0.4900 -0.4600 -0.6178 -0.8267 -0.2600 -4.58 -8.37 -2.23 161 246 210 242 149 
-8.14 -5.98 -6.40 -2.3500 1.7500 -3.9200 -0.4756 -8.9244 -5.8900 -0.54 -9.76 -0.68 163 246 211 232 149 
6.46 -5.58 -3.65 2.3900 3.5900 -1.4600 0.5489 -4.9433 -3.2144 4.44 -8.38 -2.47 160 248 214 233 148 
7.03 -6.84 -5.28 2.7500 1.0900 -1.1600 0.4511 -0.3611 -0.3956 5.19 -7.55 -3.46 158 248 211 230 149 
4.15 -8.24 1.77 -1.5800 -0.9300 3.1700 -0.1578 0.8433 0.2267 5.20 -8.06 -2.01 160 249 219 237 156 
5.75 -7.64 -0.68 -0.1300 0.4700 0.8900 0.0067 1.0856 0.2489 5.26 -8.14 -1.42 163 254 223 245 161 
7.49 -8.45 2.34 3.1900 -0.9700 4.0600 -0.4433 2.8256 -0.3711 5.73 -7.95 -0.17 166 277 250 270 179 
9.48 -9.18 -0.64 3.5800 -0.3000 -2.7800 -0.3789 9.2267 -0.0478 4.55 -7.69 4.02 165 334 320 345 199 
1.84 -5.82 5.36 1.4100 1.6500 -1.6600 1.7422 -5.0933 -0.0222 2.92 -6.31 6.90 167 368 342 385 206 
10.03 -4.05 1.13 -0.0700 -0.1200 -1.2600 3.1067 -1.8144 -1.9856 8.95 -3.14 2.46 172 373 342 402 212 
9.49 2.58 2.90 0.0400 3.7100 0.8100 1.8344 0.4833 -1.0822 9.47 -0.14 2.51 180 385 359 410 217 
8.81 1.70 1.76 -1.5900 1.9800 -0.4800 -0.7744 -0.1922 0.1622 9.54 -0.62 2.14 183 382 358 414 216 
10.20 3.76 1.21 -0.2200 4.0900 -1.5400 -3.0933 0.2878 -0.1711 9.33 -1.25 2.71 176 342 342 408 214 
8.09 -3.72 2.42 -2.3000 -0.7800 -1.2200 -3.1833 0.1144 1.3322 8.15 -4.15 3.52 182 284 287 332 201 
7.33 -7.34 2.65 -2.1700 -2.1500 -0.5500 -1.2311 -0.5756 0.9400 7.15 -6.40 1.99 185 288 280 338 201 
6.20 -7.04 0.90 -0.4800 -0.3000 -0.5900 -0.0122 -0.2522 -0.0878 7.24 -6.42 1.57 185 295 284 340 202 
6.89 -5.63 2.12 -0.7700 0.8800 0.7400 0.1222 -0.2100 0.0122 7.20 -6.44 1.64 183 298 288 337 199 
-2.59 -4.22 2.88 -13.0200 1.4200 -1.5900 -1.0044 2.4511 -2.2133 7.13 -5.55 3.80 170 310 308 311 191 
;
