0.53 5.62 7.96 -0.0200 0.0600 -0.1300 -0.0022 0.0044 0.0067 0.49 5.51 8.09 160 376 358 384 214 
0.46 5.58 7.97 -0.0200 0.0700 -0.1200 -0.0033 -0.0067 0.0022 0.50 5.51 8.09 160 375 358 382 213 
-2.50 4.82 11.96 -0.2700 -0.0100 3.2500 -3.6733 -5.3311 -0.1789 4.45 2.13 8.47 161 254 211 233 184 
16.08 1.25 10.01 6.2200 3.5300 3.0900 -3.4967 -5.1822 2.7567 9.11 -3.00 1.99 155 196 184 197 149 
0.47 1.30 -2.00 -7.0000 7.4400 -1.2600 -1.3167 -1.0867 3.8389 5.61 -7.84 -1.74 155 187 178 186 130 
4.07 -7.06 -1.42 -0.3000 -0.1000 0.8300 0.4278 -0.8989 0.4556 4.12 -8.47 -2.71 156 194 180 192 134 
3.69 -8.86 0.29 -0.3000 -0.7000 2.6300 0.1833 0.2900 -0.0622 4.10 -8.61 -2.26 158 203 183 196 139 
-1.21 -8.03 -2.15 -5.5100 0.5300 -0.6600 -0.3344 -5.6333 -3.2267 4.60 -7.64 -4.06 160 203 186 197 140 
2.97 -2.72 -9.72 -1.0700 2.8600 -3.1300 0.3156 -5.0444 -3.7322 2.44 -5.44 -7.77 158 203 186 203 142 
5.15 -4.40 -9.93 3.5700 0.7700 -1.1600 1.2000 -0.6522 -0.6222 1.91 -5.86 -7.62 159 206 190 204 145 
3.52 -5.65 -7.33 1.8000 0.7400 -0.1600 1.3344 0.1122 0.0711 1.61 -7.04 -6.62 158 210 193 206 155 
2.04 -7.23 -1.81 2.7100 0.5200 3.1600 0.2444 -0.2022 -0.0911 2.25 -7.48 -5.91 161 210 201 214 164 
6.13 -5.74 -3.78 3.0500 0.9600 2.2900 -1.2189 3.5922 -0.5011 4.54 -6.61 -5.64 171 212 206 220 167 
9.45 -4.58 -6.51 -0.3200 -0.4200 -4.3200 -1.4856 7.3378 -2.9256 9.18 -3.26 1.10 174 172 183 180 148 
8.58 -1.81 1.16 2.6000 -0.0300 -6.2600 0.9367 8.8056 -0.8089 0.98 -1.15 9.68 179 173 179 186 158 
-7.57 2.52 5.33 -0.1100 3.9100 -0.6700 0.3544 2.4778 3.2800 -7.25 1.87 6.32 183 162 157 177 140 
-9.22 5.83 4.44 -2.3500 2.0900 -0.1000 -0.0978 1.3133 2.1067 -7.31 4.98 4.22 187 165 175 181 142 
-10.06 6.33 4.12 -2.2700 0.6800 1.0500 -0.1389 0.5444 -0.0244 -6.94 5.92 3.57 187 166 173 182 143 
-6.81 5.30 2.85 1.2200 0.2000 0.1100 0.3456 -0.5889 -0.0633 -7.01 5.82 3.61 186 166 177 183 145 
-9.43 6.24 5.90 -3.9900 0.5100 1.9900 -0.3500 -1.7367 -0.7033 -6.73 5.24 4.82 182 169 180 183 148 
-6.16 9.33 7.56 -0.8300 6.6700 -3.4100 -4.9822 -10.2700 -1.3544 3.06 0.20 9.31 168 247 221 229 176 
9.93 -2.50 1.25 1.8600 2.2100 -3.1600 -3.2222 -1.1544 3.7344 6.70 -6.55 2.87 157 214 204 219 159 
1.74 -5.93 -0.15 -4.9000 0.6800 -2.3700 -1.8956 -0.4856 1.9933 3.71 -9.01 -0.99 149 206 195 213 152 
2.74 -9.81 -2.31 0.7900 0.9400 -0.8600 0.0656 -0.0211 -0.2422 3.42 -9.11 -1.18 153 212 204 216 152 
-2.30 -7.50 -3.75 -5.1300 1.8100 -2.0600 0.0222 -6.5422 -4.9511 5.06 -7.86 -2.94 152 206 200 212 153 
3.59 -3.34 -10.46 -0.9100 2.6300 -2.8400 1.3789 -5.9178 -3.7367 4.18 -4.89 -7.39 156 208 199 213 156 
6.29 -2.03 -9.73 2.6100 1.1200 -2.0000 1.0078 -0.3422 -0.7567 4.27 -4.47 -7.60 156 209 201 213 155 
2.49 -5.18 -6.50 -1.5700 -0.0200 0.4900 1.0800 -0.1689 -0.0600 4.06 -6.20 -6.41 153 206 199 214 157 
5.06 -6.35 -4.17 0.5300 0.2200 1.3400 -0.0356 0.2122 0.2133 4.25 -6.32 -6.16 155 207 202 212 157 
6.30 -4.11 -1.05 0.4600 3.0900 5.0500 -1.7044 6.2489 0.8656 6.20 -6.04 -4.59 158 206 200 215 164 
3.19 -0.26 0.57 -5.7400 1.9300 -2.3900 0.0211 7.5844 -7.6744 7.86 0.80 5.80 159 252 236 240 192 
;
