2.10 1.02 9.65 -0.0400 0.0000 0.0200 -0.0844 -0.0578 0.0311 2.03 0.95 9.54 161 362 357 381 213 
1.89 0.78 9.52 -0.0700 -0.0500 0.0300 -0.2511 -0.2867 0.0089 2.25 0.76 9.51 160 343 350 378 217 
3.29 0.32 12.46 -0.8300 0.7300 5.6000 -3.3322 -5.5978 0.2756 5.92 -1.99 7.55 165 249 249 256 194 
11.25 -5.17 3.16 5.8600 2.4600 0.9300 -1.7667 -2.6622 4.4978 5.39 -8.18 -0.05 163 227 210 226 164 
0.70 -2.59 -2.30 -0.8200 6.5300 -0.1200 -0.0378 -1.0556 4.3267 -1.29 -9.56 -1.72 163 224 208 229 163 
-5.99 -8.15 0.13 -3.0500 0.7800 1.9900 -0.3533 0.0633 1.1567 -4.22 -8.61 -2.01 163 229 211 236 160 
-7.11 -10.40 -0.93 -1.0900 -0.4100 0.5500 -0.5556 -1.5300 -0.4089 -4.68 -8.33 -2.17 161 235 216 241 165 
-4.47 -6.19 -4.86 -2.1100 2.8800 -3.5800 -2.0044 -8.0400 -5.8600 0.37 -9.55 -2.15 165 232 217 236 162 
4.70 -5.03 -6.82 0.9400 1.7500 -2.9800 -0.5467 -2.0944 -2.3811 2.85 -7.58 -5.52 163 235 218 233 163 
6.50 -6.46 -8.03 2.3600 -0.6400 -2.2100 0.9489 -0.6533 -0.4922 3.22 -7.61 -5.27 164 236 219 236 164 
4.06 -7.61 1.54 -0.4300 -0.0500 6.1500 -0.1611 -0.3078 -0.1411 4.08 -8.01 -3.90 166 239 224 246 172 
6.06 -7.70 -1.77 1.7700 0.8400 1.6700 0.0811 1.8522 0.4500 4.34 -8.26 -2.98 170 258 222 252 178 
6.03 -5.03 -0.43 0.5600 2.9100 -0.0600 -1.8411 2.5756 0.5378 5.02 -8.06 -2.42 166 396 188 217 159 
5.58 -8.38 -11.43 1.3500 -1.8100 -7.3000 0.2333 -0.3256 -0.5522 5.56 -7.09 -3.85 137 402 191 211 158 
5.86 -8.23 -2.47 -1.3500 1.6300 0.6700 3.9211 1.3322 0.4989 5.33 -8.18 0.83 134 404 192 212 159 
11.47 -4.94 9.19 0.4500 1.4400 2.6000 -1.6656 2.5533 0.6511 5.27 -8.05 1.87 137 407 202 216 158 
4.96 -7.99 -3.09 0.3500 -0.2900 -2.7300 -1.6422 -0.4633 -0.3244 5.11 -8.13 -1.93 136 408 199 222 161 
4.28 -7.08 -4.50 -1.6100 0.9500 -1.6300 2.3689 0.2033 -0.0533 5.13 -8.34 -0.36 137 409 200 217 160 
9.41 -5.63 9.83 5.6700 1.2800 6.7300 -0.5011 -1.3600 0.6267 5.49 -7.93 1.71 140 410 202 217 160 
5.07 -5.16 6.17 -0.0700 3.2100 4.5700 -1.4722 2.4144 -0.8678 5.36 -7.97 1.91 152 383 206 225 164 
;
