2.78 0.61 -1.83 -0.7100 1.3500 -11.6600 -3.7322 2.6978 -0.0633 2.32 -2.23 9.26 163 283 280 287 189 
4.04 1.94 12.27 1.1800 1.4700 2.1400 -1.0344 -3.4678 0.0567 5.02 0.18 8.42 164 302 306 295 191 
5.12 0.01 8.82 -0.9800 0.8200 0.4900 0.3089 0.1011 0.0811 5.46 0.17 8.14 163 304 309 303 192 
4.95 -0.31 8.67 -0.4900 0.1200 1.0400 -0.6011 -1.2244 0.6200 6.26 -0.49 7.53 165 281 286 275 186 
9.05 -4.83 8.54 3.7600 0.8500 2.2400 -7.0378 1.4122 2.5189 4.90 -7.85 3.22 163 211 212 226 160 
1.74 -3.39 -4.33 -0.2000 5.4900 -4.0300 -1.9878 -1.5878 3.4711 -0.14 -9.53 -2.29 166 226 207 236 161 
-5.07 -5.86 0.85 -3.4200 2.4800 2.1900 -0.1589 -1.0844 1.0189 -3.80 -8.76 -2.20 167 226 213 239 163 
-2.98 -8.65 -2.54 -0.1200 0.1300 0.5400 -0.1467 0.4122 0.4089 -4.06 -8.43 -2.93 168 236 220 247 167 
-6.23 -7.88 -3.63 -3.2500 0.7300 -1.2200 -0.7211 -2.3822 -2.6478 -3.30 -8.64 -3.24 167 236 224 248 167 
-1.37 -6.50 -7.15 0.8900 4.0300 -4.2000 1.1722 -8.2044 -6.8633 2.57 -9.16 -2.35 167 236 222 237 166 
6.31 -6.76 -5.82 3.0000 1.7800 -1.4800 1.1767 -3.6889 -2.8289 5.05 -7.10 -4.48 166 229 219 230 165 
7.37 -6.68 -4.39 3.2700 0.5000 0.7800 1.2467 -0.2267 -0.1689 5.34 -7.29 -3.80 169 230 218 232 167 
6.83 -6.84 -2.96 0.4700 0.2800 -0.1700 -0.1711 0.6678 -0.1178 5.74 -7.20 -3.35 168 232 223 236 169 
15.85 -6.31 2.88 7.4400 0.6200 4.7500 -1.9644 4.6833 -0.1100 7.02 -6.74 -1.15 178 242 233 243 179 
4.79 -7.47 -8.94 -1.7700 -1.2900 -13.0800 0.5900 11.1011 -1.8133 2.34 -6.27 7.16 201 183 167 183 134 
-1.17 0.34 3.25 3.5200 5.1700 -2.2500 1.2589 3.3989 4.1511 -7.50 -3.07 5.52 202 168 152 171 114 
-21.24 2.77 4.94 -12.0700 -0.1500 -0.1200 0.0033 -0.6867 0.1011 -8.56 1.57 4.51 202 172 155 170 114 
-6.72 0.42 5.18 1.3500 0.1100 -0.1900 -0.0889 -0.0467 -0.4833 -8.40 0.43 5.03 204 175 158 172 118 
-8.16 0.56 5.02 0.6300 0.3900 0.0800 -0.0456 -0.0944 0.0433 -8.39 0.33 5.06 203 177 160 173 120 
;
-8.92 0.16 4.98 0.0500 -0.0600 0.0600 0.0300 -0.2033 -0.0100 -8.27 0.41 5.25 203 175 162 173 121 
-7.84 0.81 5.20 0.0200 0.0500 -0.0300 0.0367 -0.2222 0.0533 -8.16 0.48 5.41 204 179 161 175 122 
-8.09 0.49 5.26 -0.4600 0.0900 -0.2700 0.1267 -0.7600 -0.3211 -7.87 0.33 5.82 201 179 169 183 131 
-9.38 0.93 10.01 -3.5700 2.2500 3.6300 -1.3067 -3.2744 -1.9922 -4.63 -1.14 8.56 183 220 215 219 166 
2.19 -1.59 6.06 1.6300 2.7300 -3.4700 -6.2778 -4.0622 0.1544 1.28 -8.23 5.17 166 235 228 240 174 
-1.94 -7.53 -0.12 -0.9700 1.7600 -2.0200 -2.7211 0.4956 2.2444 -1.75 -9.64 -0.09 177 242 230 255 177 
-5.26 -7.33 0.01 -2.1500 1.3800 1.0200 -0.9200 0.5911 1.1156 -4.17 -8.68 -1.80 176 243 227 256 173 
-4.85 -8.68 -2.05 -0.8200 0.4000 0.7600 -0.3922 -0.5678 -0.3667 -3.95 -8.69 -2.23 175 242 226 256 173 
-4.97 -7.78 -3.22 -1.7900 1.5100 -1.6000 0.5344 -4.4011 -4.0133 -0.87 -9.73 -0.78 173 238 225 242 172 
5.35 -8.11 -2.35 1.4700 1.2400 -1.5800 0.7367 -5.0056 -3.3911 4.63 -8.45 -1.82 169 211 216 231 168 
8.58 -5.96 -4.99 2.9400 1.5300 -0.8100 1.0456 -1.4267 -1.5811 5.86 -6.80 -3.93 166 209 212 227 165 
7.45 -6.51 -2.94 1.2900 0.6400 1.3600 1.4944 0.6056 -0.2100 6.38 -7.07 -2.32 169 212 212 225 167 
9.36 -6.60 0.92 2.3000 1.1300 1.0700 -0.0889 1.7433 0.1633 6.83 -6.98 -0.81 170 221 216 233 168 
11.21 -6.09 4.73 1.2900 0.5000 1.7800 -0.6422 5.2967 -1.5200 7.09 -6.09 2.94 169 202 171 205 151 
1.71 -6.99 3.24 0.9800 -2.1100 -5.8100 0.4800 11.4433 1.2111 -3.70 -4.72 7.75 191 165 167 178 130 
-6.68 1.28 0.78 0.8200 3.2900 -1.4600 1.5878 0.7411 3.7722 -9.07 1.17 3.52 196 167 164 179 133 
-16.97 4.67 6.04 -8.2300 0.7400 1.7900 -0.5844 -0.6200 -0.6967 -8.34 3.29 3.95 197 167 165 182 136 
-7.20 3.16 4.10 2.7800 0.9100 0.1100 -0.0811 0.1267 -0.4433 -8.64 1.87 4.22 199 170 165 183 138 
-7.80 2.33 3.87 0.6100 0.7500 -0.1000 0.0367 -0.2767 -0.0844 -8.49 1.80 4.54 199 169 165 184 138 
-8.81 1.82 4.75 -0.1500 0.1800 0.0600 -0.0233 -0.0389 -0.0367 -8.42 1.77 4.70 197 172 169 185 139 
-8.28 1.99 4.55 0.0100 0.5600 -0.1300 -0.0733 -1.1256 -0.7822 -8.11 1.19 5.36 199 180 173 187 142 
-4.22 4.13 2.95 0.8400 4.8100 -6.5400 -0.7667 -7.2089 -3.2900 -0.78 -1.44 9.66 179 256 233 237 172 
;
