2.46 1.25 9.35 -0.1000 -0.0200 0.0000 0.0033 -0.0144 0.0000 2.56 1.29 9.37 155 333 337 357 203 
2.42 1.45 9.32 -0.1900 0.1500 -0.0400 -0.0078 -0.0178 0.0044 2.56 1.30 9.37 156 336 339 356 200 
2.46 1.28 9.36 -0.0900 -0.0300 0.0100 0.0022 0.0133 0.0000 2.54 1.29 9.38 155 336 338 358 199 
3.44 1.37 11.97 -0.2100 0.6900 5.2400 -2.3144 -3.2633 -0.8211 5.06 -0.25 8.39 156 294 304 319 201 
12.01 0.54 10.66 5.1600 4.5200 2.0700 -6.1733 0.9500 3.5356 5.27 -6.57 5.00 165 224 220 236 183 
1.83 -1.48 -2.38 0.9800 8.6500 -2.9900 -2.9878 0.8133 5.6244 -2.71 -9.38 -0.88 164 236 219 242 175 
-8.37 -6.17 -4.39 -3.9600 1.3700 -1.8500 -0.5689 -0.9222 0.1422 -5.18 -7.87 -2.68 165 235 216 244 171 
-4.56 -8.08 -1.52 0.4400 0.1200 1.3700 -0.2856 -0.5744 -0.2600 -5.02 -8.08 -2.35 166 242 221 246 171 
-4.97 -8.33 -1.90 -0.4800 -0.1600 0.1500 -0.2878 -0.1189 0.2578 -5.15 -8.01 -2.32 165 239 222 248 166 
-6.60 -6.65 -3.47 -2.3900 3.1500 -2.0300 -0.7956 -5.1111 -4.7078 -1.95 -9.51 -1.36 165 244 219 241 167 
1.18 -7.84 -4.35 -1.6100 2.4500 -2.9200 -0.3756 -6.7289 -4.7078 3.34 -8.83 -2.63 165 246 219 239 165 
6.90 -5.84 -6.10 1.4000 1.5000 -2.1500 0.5044 -2.7178 -2.1578 4.65 -6.81 -5.30 162 239 222 238 166 
7.79 -7.00 -4.22 2.6000 0.0700 1.2700 1.1833 1.0000 -0.1189 5.09 -7.19 -4.28 164 243 226 242 169 
5.68 -6.87 -5.06 0.2400 0.1300 -0.5200 0.1122 0.1844 0.0267 5.29 -7.10 -4.19 161 246 223 244 170 
6.45 -6.14 -2.81 1.2600 0.8600 1.3000 -0.4944 0.8200 0.0889 5.61 -7.07 -3.82 168 253 241 255 180 
12.26 -5.09 -3.07 4.1400 2.4500 0.0500 1.5322 3.0322 1.5222 6.44 -7.38 -0.35 198 378 354 427 217 
-2.80 -2.83 0.04 -6.9100 4.8000 2.3700 -4.2922 -1.9567 -0.2244 5.36 -6.91 -4.42 195 346 346 419 219 
6.18 -2.73 -15.45 2.5500 0.0700 -6.2100 -2.5078 -0.2889 0.4400 2.78 -0.87 -9.36 195 298 273 372 221 
3.92 -0.80 -10.28 0.9700 0.0100 -0.1300 0.4189 -0.0311 0.3278 2.93 -0.66 -9.33 195 308 280 372 222 
3.31 -1.11 -8.43 0.4700 -0.4200 0.6900 0.0011 -0.0011 0.0556 2.88 -0.92 -9.32 193 309 282 374 221 
3.07 -1.05 -8.76 0.1700 -0.0100 0.5900 0.0800 -0.0678 -0.0311 2.93 -1.00 -9.30 194 311 283 374 220 
;
