2.08 1.67 8.95 -0.7300 -1.0100 -0.0100 0.2078 0.3844 0.1822 2.58 2.64 9.08 152 288 289 293 196 
1.95 2.37 8.97 -0.9400 -0.4600 0.0400 0.1033 0.0044 0.1356 2.72 2.79 8.99 152 290 292 290 195 
1.95 2.45 9.28 -1.2000 -0.4100 0.3400 0.0344 0.0989 -0.0289 2.69 2.85 8.98 155 289 290 290 194 
1.02 3.96 12.20 -1.9300 1.5000 6.5000 -2.2922 -2.4133 -0.4244 4.41 1.92 8.54 152 258 245 279 194 
15.42 0.69 8.75 4.8700 4.3500 2.3400 -2.8322 -3.3233 5.9844 7.01 -5.62 3.90 161 252 241 278 180 
-4.60 0.46 0.93 -8.0000 7.0100 0.0400 -1.8700 -2.1222 4.3011 1.25 -9.71 -0.54 166 239 219 265 174 
-5.88 -8.33 -0.33 -5.4900 0.9800 2.6900 -0.2633 -0.1133 -0.2533 -0.71 -9.70 -1.18 172 242 221 273 176 
-2.76 -9.56 0.72 -2.4900 0.2100 1.1600 -1.0411 -0.3622 -0.1633 -0.95 -9.54 -2.02 172 249 227 276 176 
-2.10 -6.38 -5.86 -1.9600 3.8200 -4.8000 0.0356 -8.3478 -6.2844 3.08 -8.44 -3.92 172 247 229 269 176 
6.89 -1.44 -7.54 6.4800 5.1200 -0.3200 -0.4478 -2.9322 -2.4378 2.83 -6.97 -6.28 170 230 208 246 168 
5.84 -5.55 -6.77 3.9300 1.4100 -0.1000 1.5233 -0.0600 -0.8622 3.13 -7.75 -5.12 170 238 216 253 177 
5.54 -6.63 -4.53 0.4200 1.0600 -0.8300 -0.2933 0.7078 0.0578 3.84 -7.61 -4.84 171 242 221 260 181 
14.64 -3.29 -0.26 8.3700 4.3100 4.3200 -2.5856 8.3056 0.2456 6.29 -7.01 -2.69 170 237 226 274 184 
9.04 -2.60 -5.24 5.4700 5.5200 -7.1400 -4.2989 18.7389 -0.2533 1.37 -8.23 5.14 193 360 214 204 148 
5.67 -3.02 8.65 5.3100 3.9400 1.2500 1.1822 1.0278 -0.5378 -1.99 -6.85 6.72 198 400 183 188 148 
0.78 -2.80 10.50 3.5800 1.8700 2.5800 2.4989 -0.9578 2.5556 -2.93 -3.00 8.86 199 402 190 193 152 
-0.01 -1.39 16.02 -0.2100 -0.0300 6.7800 -0.4744 -1.7467 3.7644 -1.53 -0.89 9.64 199 399 192 197 154 
-5.18 -3.09 12.45 -4.7900 0.1400 3.5100 -1.6611 -0.7211 1.6489 -0.53 -3.51 9.14 200 400 194 199 158 
-4.95 -1.99 6.90 -4.7900 2.6700 -1.1300 -2.2389 0.3067 -1.0544 0.13 -6.66 7.18 197 398 198 202 159 
-3.67 -2.67 7.79 -3.5600 5.4800 0.6400 -1.4811 1.8167 -2.9911 1.51 -7.97 5.50 198 399 199 202 159 
3.86 -2.38 2.12 1.3500 5.6400 -3.1100 0.9100 2.1100 -2.2722 3.03 -7.14 5.99 197 396 200 203 161 
5.92 -2.09 6.59 5.3900 3.1200 1.2200 3.1578 1.4544 -0.0500 1.80 -4.03 8.75 196 399 198 204 163 
4.14 -3.58 14.79 0.0800 -3.9900 5.6800 1.3456 -0.5767 1.5878 1.82 -0.86 9.59 199 398 203 206 163 
-3.51 -5.00 12.98 -5.1800 -3.6500 2.8400 -0.5544 -0.2189 -0.4700 2.31 -0.97 9.47 197 400 207 211 167 
;
