2.31 5.48 7.83 0.0000 0.1400 -0.0800 0.0078 0.0011 0.0033 2.35 5.36 7.86 169 296 306 350 216 
1.34 5.44 7.85 -1.9900 0.1700 0.4600 0.6733 -2.8133 0.5678 3.84 5.54 7.11 179 233 209 254 205 
26.18 9.31 8.46 15.5900 5.5900 2.6800 -3.5200 -2.9178 5.3511 9.55 -0.29 2.20 181 210 194 221 159 
3.68 5.54 -0.28 -4.4300 10.0900 -2.8600 -1.3778 -0.9633 4.8578 5.62 -7.96 1.01 175 213 191 202 137 
0.14 -5.24 -0.56 -3.5300 3.0100 -0.3200 -0.6667 0.5011 2.5800 1.11 -9.73 -0.32 173 217 188 195 130 
0.60 -9.46 0.32 1.5800 0.3500 1.2000 -0.0733 0.0678 -0.0067 1.14 -9.71 -0.75 176 222 196 210 146 
-3.72 -8.89 -1.15 -7.1000 0.7600 -1.1400 -1.4700 -4.9644 -3.4756 2.71 -9.06 -2.58 176 229 200 220 153 
1.65 -0.24 -12.52 -2.2000 6.9600 -5.7000 0.8778 -7.6456 -6.1111 3.59 -4.88 -7.70 177 230 203 219 154 
8.41 -0.56 -11.77 4.4400 2.7300 -3.1200 2.2633 -0.1844 -0.2522 4.17 -4.63 -7.56 178 230 202 221 155 
4.64 -6.22 -4.86 0.2000 0.7100 1.1700 2.7267 -0.4556 -0.6867 4.28 -7.07 -5.27 178 231 206 221 153 
5.35 -5.81 -4.65 0.6300 0.6800 1.1500 -0.2800 0.5422 0.3844 4.75 -6.78 -5.24 179 236 214 236 171 
9.70 -0.31 -2.89 2.5700 4.8600 2.3500 -3.0267 6.2133 -1.4644 8.30 -4.40 -2.78 97 260 240 258 194 
9.31 -2.88 0.34 4.5500 -1.2900 -1.4000 -0.3967 6.2300 -1.5067 6.63 -1.24 7.11 90 196 181 185 132 
10.53 -2.17 6.93 7.7700 -0.2300 -2.9400 -0.8678 -0.1167 1.7289 3.53 -2.14 8.89 94 188 181 184 124 
4.55 2.89 5.70 -0.1500 6.8200 -2.8600 1.7711 -0.7989 4.1122 3.03 -2.34 9.02 97 192 186 188 130 
2.53 4.40 10.86 -2.6100 5.3500 2.1200 0.8489 -0.3356 2.0556 3.70 -1.63 8.93 96 190 186 193 132 
-0.51 0.61 10.87 -3.6100 3.1300 2.1000 -0.7278 0.5056 -2.4767 3.92 -1.65 8.83 100 194 191 195 136 
5.27 2.17 8.75 2.7700 3.5300 -0.8000 -1.1944 1.1600 -3.3678 2.59 -1.56 9.32 100 195 193 195 136 
8.72 -0.60 4.15 8.9000 0.7400 -6.5200 2.9978 -2.5478 0.0556 3.76 0.78 9.02 100 196 188 193 135 
8.61 4.09 9.39 2.1900 1.4500 1.9700 2.7422 -2.0000 4.0200 5.25 2.94 7.73 99 191 191 195 138 
0.00 0.01 6.17 -6.0300 -1.9300 -0.5500 1.2500 -2.9256 0.8222 6.61 2.85 6.65 104 204 199 212 164 
10.20 4.06 10.27 4.2400 0.2800 1.8100 -0.2789 -1.6756 -0.6800 6.94 3.21 6.12 159 270 265 284 199 
11.79 -0.34 -2.34 1.8600 -2.2300 -6.4500 3.2500 -3.0578 2.7978 9.55 -0.02 2.18 145 343 197 201 192 
6.37 2.43 0.21 -1.3300 2.8900 -1.7600 2.4356 1.8178 0.1378 9.01 0.05 3.85 131 375 203 207 192 
7.12 4.39 5.40 -1.6600 3.2100 1.1500 0.1011 0.4022 -0.1000 8.43 0.77 4.93 119 375 199 211 193 
8.93 4.48 4.54 0.6300 2.9400 -0.7500 -1.2133 0.0222 -0.9767 8.23 1.40 5.13 124 383 208 211 193 
9.75 7.35 1.39 -0.4300 2.0600 -2.9900 0.1344 -1.2133 -1.0000 8.41 1.98 4.61 135 376 204 215 192 
8.60 -6.33 5.66 0.7800 -6.4100 1.6700 -1.0656 -0.1300 -0.3389 8.52 1.06 4.73 135 377 204 219 195 
5.72 0.23 5.05 -4.2500 -1.4900 -0.4300 -0.2233 -0.4633 0.2244 8.60 0.99 4.59 140 374 205 223 194 
0.90 -3.59 -3.01 -7.3300 -4.5600 -8.4600 -1.7678 -0.0489 -2.3244 8.36 1.89 4.75 151 336 204 228 199 
13.29 15.23 11.11 4.5600 10.7200 9.5700 -0.3244 5.6722 -1.3233 3.83 5.19 7.37 167 384 330 377 204 
;
