-0.16 4.83 8.46 0.0400 0.0500 -0.0600 0.0089 -0.0333 0.0389 0.00 4.81 8.54 148 355 355 386 210 
0.02 4.87 8.36 -0.1900 0.0100 -0.1800 0.2489 -2.2722 -0.2267 1.04 4.95 8.39 147 330 342 370 205 
3.30 4.27 13.24 -0.2200 -0.9000 6.5000 -0.1256 -4.8211 -0.0489 5.23 4.72 6.81 156 282 231 233 198 
19.39 7.42 4.16 7.4500 5.0000 1.4600 -1.7167 -2.6300 3.1644 9.51 1.91 1.41 154 216 152 158 166 
8.53 6.77 -7.79 -2.2400 8.9200 -7.1600 3.6189 0.8200 5.7833 8.22 -5.10 1.56 112 267 153 161 151 
0.90 1.16 1.87 -5.0100 7.6700 -2.7500 3.7733 0.7656 2.6867 3.93 -5.88 6.78 104 280 152 162 150 
0.18 -1.52 8.31 -2.8600 3.0800 0.5000 1.8178 -0.3456 0.8711 2.77 -4.00 8.50 120 269 155 167 152 
0.41 -1.63 9.31 -1.7800 2.0200 0.5200 -0.1922 -0.0522 -0.3667 2.66 -3.72 8.67 123 265 158 169 154 
3.12 -1.28 10.81 0.6800 3.0600 2.6500 -1.1122 0.9811 -0.8400 2.10 -4.12 8.64 120 213 163 171 156 
4.87 -1.52 8.89 6.0100 3.8400 -0.5500 -3.5922 -2.7678 2.1789 2.25 -7.20 6.25 125 214 160 172 154 
-6.92 -10.87 3.50 -8.5900 -3.2100 -1.0800 -0.5267 0.8544 -0.9811 1.57 -8.51 4.59 127 218 165 175 157 
-0.02 -6.77 5.18 -3.7000 2.2100 0.1700 2.0900 -0.9733 -2.2200 3.73 -7.22 5.48 141 249 161 196 181 
7.43 -4.37 3.80 1.5800 0.2100 -1.9200 -1.6222 1.2756 -3.0989 6.59 -4.67 5.55 93 235 232 242 184 
11.01 -7.16 3.61 3.2700 -4.0600 -3.1300 2.4056 -1.9956 0.5411 6.84 -2.87 6.40 91 177 164 187 139 
15.19 2.12 -3.21 -1.4000 2.7300 -7.3300 6.4622 -5.7967 0.5344 9.67 -0.96 1.30 94 165 166 184 132 
9.75 5.08 -4.28 2.5300 6.3900 -4.2300 4.1078 -1.3811 -0.6144 9.56 -0.59 -2.06 96 169 180 186 137 
12.74 14.26 6.67 1.7900 7.0100 1.9300 -1.6611 0.2711 1.0000 9.56 -1.03 -1.90 97 174 170 190 140 
9.12 5.10 -4.44 0.1000 4.6700 -3.6300 -3.2522 -0.5744 -0.2256 9.66 0.18 -1.64 98 175 183 190 142 
10.40 -4.44 -6.91 0.7100 -6.3500 -4.2400 -1.1956 -1.5078 -0.4922 8.88 1.13 -4.00 98 174 178 189 142 
10.44 -1.60 -4.70 1.3800 -1.4400 0.8300 2.5122 0.8489 -1.5478 8.52 1.13 -4.71 99 174 179 190 142 
8.70 -0.56 -5.51 -0.9800 -2.7100 -0.9500 -0.7833 1.1378 -0.7489 8.90 0.92 -4.00 101 181 189 194 149 
10.07 5.20 -1.10 -0.3400 3.2800 2.7200 -3.2933 1.2933 0.4689 9.40 1.78 -2.14 111 193 183 213 169 
7.17 -1.52 -1.07 -4.6500 -3.2400 -0.0600 -2.4111 -2.1933 3.7267 9.48 -1.63 -1.85 170 324 268 293 190 
2.93 0.18 -8.15 -0.7000 5.0700 -0.3900 -3.4100 -2.5944 1.9756 4.38 -2.04 -8.52 178 288 262 308 205 
2.92 3.94 -14.18 0.3200 2.1700 -5.4300 -1.7789 -2.8289 -0.3800 1.22 1.79 -9.56 180 294 278 304 207 
1.02 1.67 -13.04 0.7100 -0.9000 -3.4200 0.0756 -0.4500 0.0133 0.29 2.53 -9.46 180 296 275 303 207 
4.45 -0.51 -14.42 2.6000 -3.5200 -6.7800 1.1656 0.4667 0.3367 0.59 1.42 -9.68 179 298 272 300 205 
3.75 2.62 -22.64 3.5600 6.7100 -11.1800 5.7933 3.3633 2.4422 3.19 -3.71 -8.49 186 383 322 384 207 
-4.59 3.07 0.08 -9.9300 10.4900 1.5500 3.9267 0.8778 0.6378 3.89 -8.87 1.51 194 402 348 417 208 
1.44 -4.96 3.35 -1.9700 3.2100 0.6800 -0.2100 0.3778 -0.1022 3.83 -8.68 2.45 193 406 367 414 210 
2.94 -7.80 2.46 -1.3100 1.6100 0.2600 -0.0711 -0.4767 -0.1933 4.09 -8.66 2.06 193 402 368 413 208 
;
