4.33 5.30 6.99 0.0200 -0.0100 -0.0300 0.0133 0.0333 -0.0067 4.30 5.37 6.98 175 309 352 364 210 
4.43 5.37 6.60 0.2000 -0.0800 -0.3400 -0.0256 0.0811 -0.0011 4.25 5.45 6.95 174 308 354 366 213 
3.19 6.66 10.81 -1.5200 1.3800 5.7000 -0.3789 -3.9867 0.4811 6.22 5.21 5.49 176 279 232 271 209 
20.51 7.94 5.83 8.2900 4.4100 -0.5200 -4.2867 -1.3222 3.8922 9.55 0.42 2.15 159 250 159 195 186 
6.67 3.11 -5.96 -0.8600 10.0400 -6.4600 0.2122 1.0900 6.2133 6.56 -7.19 1.16 125 213 136 173 161 
0.07 -2.15 0.03 -1.3700 6.4200 -2.4400 2.8967 1.2856 2.6589 1.54 -7.85 5.66 122 226 154 175 160 
3.13 -6.04 9.78 2.1300 1.2100 3.4000 0.2222 -0.8089 0.4122 1.66 -7.09 6.56 121 228 157 179 160 
1.48 -5.90 7.66 -1.6800 0.9000 0.6800 0.0278 0.2667 -0.1156 1.88 -7.09 6.50 126 238 161 183 163 
2.52 -2.74 9.40 0.6800 3.7800 3.3500 -0.4133 1.4722 -1.1711 1.57 -6.97 6.71 125 235 159 184 164 
3.92 -5.03 6.26 2.6900 2.6700 -0.7700 -2.8800 -0.9467 0.7756 0.85 -8.56 4.69 129 225 163 184 164 
-3.39 -12.12 0.69 -3.1500 -2.8200 -2.4200 -0.0611 0.9278 -1.4067 1.63 -8.84 3.91 131 222 163 187 165 
0.34 -8.45 3.32 -3.0000 0.6200 -1.9700 0.2500 -0.7300 -0.6456 2.53 -8.48 4.20 154 235 166 197 175 
-3.82 -4.09 -1.64 -9.2200 4.6300 -9.3000 5.9611 -8.1622 -3.5911 8.47 -3.48 3.49 144 296 149 192 177 
15.16 6.34 -0.60 5.5200 5.5100 -1.4600 1.2700 -0.6344 -3.2722 9.32 2.96 0.72 122 364 168 184 175 
12.25 7.57 -7.72 4.4600 4.2900 -6.6000 2.8122 3.9444 -3.8500 7.48 6.31 0.40 131 370 168 191 177 
13.84 13.11 1.68 6.1600 6.7400 3.6900 2.7211 0.9911 2.2344 8.04 5.25 -1.95 138 374 171 194 178 
4.91 7.90 3.40 -6.0300 4.5100 3.8400 -1.9644 3.5233 1.5856 9.51 1.96 1.31 141 376 173 194 178 
-0.16 0.15 2.05 -9.7000 0.0300 -2.3700 -3.8767 -0.6556 0.3644 9.22 -0.75 3.23 142 376 175 196 176 
6.05 3.88 -5.76 0.5300 4.3100 -8.7200 -1.5511 -1.8011 -3.5689 9.35 2.79 0.85 141 370 175 197 179 
11.69 6.42 -4.34 6.0700 3.6400 -3.3700 2.5111 0.6556 -1.3000 8.02 5.61 -0.35 142 369 175 200 177 
10.17 8.20 -0.05 2.9900 4.2400 2.3000 2.4578 1.8233 0.4133 8.41 4.89 -1.20 148 329 172 193 173 
11.96 7.67 3.88 0.9400 0.8600 0.0700 -2.5500 8.7944 -2.7022 4.53 5.82 6.45 182 191 168 195 175 
-5.16 1.98 3.21 -4.1900 -1.6300 -6.2800 -0.7722 5.2256 -0.0811 -5.10 3.11 7.77 190 167 182 196 181 
-4.04 5.11 2.77 3.6300 -0.2000 -3.1200 0.6700 2.5644 1.0344 -8.59 2.12 4.21 195 173 191 197 187 
-5.49 4.37 8.88 2.9300 1.7900 5.6400 1.1733 -0.7478 -0.0022 -8.70 2.87 3.47 196 180 194 201 185 
-8.55 3.58 2.69 0.4000 0.3100 -0.2500 -0.3344 0.0044 0.6578 -8.54 3.23 3.55 196 179 191 202 187 
-7.92 3.80 3.30 -0.5100 0.3800 -0.8300 0.1756 -0.1200 -0.1178 -8.52 3.24 3.59 197 183 192 203 186 
-8.77 3.86 3.49 -0.2100 0.5400 0.1400 0.0778 -0.1511 0.0322 -8.51 3.30 3.56 195 183 190 204 186 
-8.20 3.20 3.54 0.2200 0.1400 -0.0500 0.2422 -0.2533 -0.1989 -8.48 3.24 3.70 197 183 191 204 186 
;
