-1.62 4.23 8.63 -0.0600 -0.0300 -0.0500 -0.0022 0.0000 0.0022 -1.52 4.28 8.68 161 306 254 270 200 
-1.60 4.24 8.66 -0.0600 -0.0500 -0.0300 0.0022 0.0044 0.0000 -1.52 4.28 8.68 162 305 252 268 199 
-7.88 3.05 15.57 -6.8600 -1.9000 6.5700 0.8578 -8.7622 0.6167 2.85 4.62 8.15 158 240 160 181 157 
15.66 7.85 8.80 6.6900 5.9800 -0.0300 -2.4900 0.5611 6.4422 6.50 -2.06 7.04 126 239 159 170 133 
0.00 0.31 -2.45 -4.6900 4.5700 -8.8200 1.9989 -0.2522 2.6922 4.23 -4.95 7.32 114 274 164 172 132 
0.79 -0.04 7.07 -2.2200 3.6300 0.3400 1.6311 -0.6344 0.6067 3.42 -2.91 8.71 119 283 167 174 136 
2.74 -0.86 9.76 0.1700 1.9200 0.4800 -0.1767 0.4656 -0.3644 3.31 -2.70 8.82 120 280 165 174 136 
3.18 1.72 11.19 0.3700 5.2600 2.4800 -1.1356 1.1922 -1.2011 2.85 -3.08 8.85 123 271 166 175 138 
9.19 -4.43 3.44 2.2600 -0.9400 -5.7200 -2.7156 -0.2756 1.4489 1.89 -6.62 6.97 123 267 168 177 138 
-1.76 -11.89 3.02 -1.1700 -2.9600 -1.1400 0.0511 1.1100 -1.0678 1.97 -7.63 5.83 124 274 171 178 141 
0.74 -7.07 4.78 0.5200 1.4900 -1.2400 -1.4244 3.4522 -0.8444 0.86 -8.29 5.15 137 221 203 218 172 
-2.32 -7.15 0.30 1.1200 2.7800 -1.2700 -4.9000 5.0089 -0.0633 -1.69 -9.65 -0.31 170 275 283 309 207 
-3.51 -10.11 -7.95 -0.6900 -1.2600 -2.4000 -0.0267 0.7389 -1.4222 0.12 -8.70 -4.50 171 285 292 310 206 
-1.61 -7.58 -8.51 -0.2800 2.1500 -4.8500 1.2200 0.5489 0.0900 0.51 -9.20 -3.33 170 286 289 307 207 
-2.51 3.51 14.13 -2.2100 13.6100 12.9300 4.7678 -0.0789 0.3589 0.54 -7.36 6.45 172 291 297 298 210 
1.79 -4.79 11.72 0.9000 3.7400 4.8600 -4.8578 -0.7222 0.6444 0.71 -9.44 2.55 171 282 291 293 206 
-2.25 -7.43 -11.61 -1.7800 1.2900 -11.2900 -1.6300 -0.5422 0.2500 -0.09 -9.50 -2.39 168 277 280 288 202 
-0.22 -7.87 -10.42 -2.7000 2.1700 -15.4700 2.4333 1.4378 -0.7644 0.87 -9.76 0.04 173 279 285 297 208 
5.13 15.85 33.66 2.9100 6.3500 14.6300 -0.9178 -0.8244 -0.1756 1.42 -6.01 7.61 177 281 291 289 205 
3.39 -3.12 0.31 1.4500 4.2700 -7.4500 1.1811 0.6567 0.8400 1.19 -6.45 7.28 179 313 303 306 208 
;
-0.40 7.46 6.19 0.0100 -0.1400 0.0100 -0.0022 0.0022 -0.0044 -0.44 7.61 6.15 156 366 360 414 207 
-0.39 7.45 6.19 0.0200 -0.1500 0.0300 0.0011 -0.0056 0.0033 -0.44 7.61 6.15 156 365 359 411 206 
-1.09 8.76 8.75 -0.2400 1.9300 -0.9200 -3.3667 0.0378 -1.6444 -0.73 5.91 7.78 164 298 220 221 165 
7.27 3.75 12.67 4.5100 -1.3500 4.1000 -1.2778 -4.0389 4.0311 6.29 1.16 7.42 140 207 133 153 116 
6.87 -2.71 1.12 -0.8500 4.2800 -4.8500 2.4389 -0.8367 4.7622 6.52 -4.53 5.74 114 219 147 160 115 
2.49 -2.50 3.26 -3.2200 2.0400 -3.2400 1.3000 -0.1889 1.6300 4.67 -4.60 7.28 116 226 150 163 118 
2.27 -2.42 6.42 -2.8000 1.7000 -0.8400 0.9889 -0.2889 0.7733 4.09 -3.78 8.06 120 235 153 165 120 
4.24 -1.24 9.11 0.4100 2.2600 0.9300 0.0089 -0.1833 -0.0233 4.32 -3.50 8.07 123 246 150 166 121 
4.32 1.02 8.82 -0.3900 3.9200 0.5200 -0.9878 1.0122 -1.4811 3.22 -3.70 8.48 123 256 155 167 125 
5.23 -3.77 7.22 3.4900 0.8700 -0.1100 -2.7900 -2.5744 2.1922 3.45 -6.22 6.74 123 240 159 168 125 
1.48 -11.46 2.36 -0.0900 -2.7700 -1.2700 -0.1011 1.6756 -0.9667 3.02 -7.75 5.18 127 250 160 171 129 
3.62 -6.29 4.10 2.4900 3.1200 -1.2100 -2.3611 4.6867 -0.0667 0.55 -8.91 4.04 141 259 186 201 167 
-1.67 -10.52 -0.74 -0.4900 0.9400 0.4600 -3.6611 3.2778 0.9189 -1.27 -9.54 -1.84 150 264 248 276 186 
-0.31 -8.22 -5.33 1.3800 1.4700 -1.8500 -0.9678 0.7278 -0.6733 -0.01 -8.90 -4.11 155 295 292 321 197 
0.98 -9.64 -7.10 0.2700 -1.0400 -5.1400 1.0056 -0.0956 -0.4089 0.87 -9.31 -2.94 150 299 301 317 196 
0.08 -3.12 -10.63 0.1900 6.8000 -5.1700 8.5978 2.0233 -1.1744 1.57 -7.84 5.66 154 296 334 345 200 
1.93 3.72 22.14 -0.5500 4.8400 10.9500 -2.0822 -0.8456 0.5767 1.00 -6.41 7.34 154 295 337 342 201 
0.63 -5.83 -0.71 -0.6900 3.0700 -5.1800 -4.1511 -0.1433 0.7311 0.75 -9.59 1.90 155 297 332 337 200 
-1.89 -9.34 -9.74 -1.8800 -0.2000 -9.1000 -0.7389 -0.2100 -0.4556 0.59 -9.73 -0.99 153 289 324 323 197 
-0.57 -6.28 -4.16 -1.7900 3.0800 -4.1000 6.0478 1.1700 -1.4378 2.27 -8.37 4.56 155 290 329 319 197 
5.97 -1.07 15.09 3.6900 5.2400 6.8400 -1.4033 -0.7022 0.3822 2.40 -7.71 5.55 156 291 328 314 194 
1.53 -5.04 0.54 -0.2800 3.0300 -4.7200 1.8489 -1.1967 1.0756 1.93 -7.89 5.48 156 277 285 275 190 
-0.25 -3.85 0.80 -2.2300 1.6300 -5.6500 6.5822 -0.9856 -0.7889 3.37 -1.52 9.08 154 279 296 282 191 
-1.46 4.50 16.36 0.8500 1.5700 7.7100 2.6989 1.9344 -0.9678 0.53 3.84 9.00 161 335 331 379 196 
;
