-0.07 5.61 8.14 -0.0100 -0.0200 0.0700 -0.1611 -0.3022 0.1200 -0.03 5.59 8.05 165 341 350 384 207 
0.09 5.83 8.74 -0.8200 0.4900 1.4000 -0.5956 -1.6900 -0.0578 0.88 5.26 8.22 165 310 296 332 210 
5.35 6.93 13.18 3.3400 1.4100 5.3200 -2.8289 -6.2711 1.4278 7.92 3.95 4.20 160 292 189 227 195 
9.17 3.93 4.58 1.4700 3.5500 -0.7500 -2.3722 -0.1900 2.8356 8.02 -1.28 5.49 159 278 171 194 165 
8.19 -0.91 0.20 0.3500 5.0500 -2.0600 0.7300 -0.5778 3.9456 5.86 -6.95 3.65 131 266 148 159 147 
0.02 -3.01 3.09 -1.8800 3.6400 -1.1500 2.3000 -0.2300 1.7211 2.96 -7.18 5.98 120 263 151 162 147 
0.97 -5.71 7.79 -1.3800 1.1600 1.3200 0.5756 -0.3689 -0.1789 3.04 -6.46 6.71 118 265 156 164 148 
4.80 -5.74 7.30 1.4200 0.5300 0.5000 0.2389 -0.4322 0.4500 3.28 -6.32 6.73 119 278 157 167 148 
2.09 -3.98 8.38 0.9800 2.3500 2.3800 -0.2978 0.9300 -0.5244 3.28 -6.14 6.90 123 284 161 167 151 
4.90 -2.66 9.10 2.4700 3.8200 2.3500 -2.2100 -0.0756 -0.4056 3.23 -7.22 5.78 124 276 162 171 152 
-1.19 -10.78 -0.50 -5.8800 -3.1700 -3.8800 -0.6678 -0.3044 0.2667 2.76 -8.76 3.42 125 276 161 173 151 
1.70 -9.54 4.55 -1.4900 -0.3300 1.0900 0.0889 -0.4167 0.0289 2.96 -8.55 3.77 125 268 159 172 153 
2.36 -7.00 4.18 -0.8000 1.8300 0.8700 -0.8356 2.1022 -1.5444 3.30 -8.40 3.81 144 254 165 179 166 
5.54 -7.44 1.97 3.0700 1.0600 -0.3900 -2.8900 9.4800 -0.6722 -0.51 -9.44 2.59 164 229 203 254 199 
1.35 -6.62 0.71 2.5600 3.2000 1.5200 -4.5022 1.2800 -0.0844 -0.15 -9.47 -2.52 165 255 229 261 195 
-0.95 -7.99 -7.43 -2.4000 0.1300 -4.1500 0.2956 -0.1522 -0.6367 -0.02 -8.99 -3.89 172 276 233 262 192 
-1.70 -7.69 -8.43 -1.5100 2.2500 -6.2000 2.8489 0.8311 -0.2189 0.40 -9.77 -0.61 171 272 232 261 192 
-2.07 -5.05 5.49 -1.2100 8.2600 9.0400 1.4011 1.0178 -0.0533 0.74 -7.77 5.92 173 271 240 259 194 
1.59 -6.54 7.56 0.8600 2.3000 1.7100 -2.9122 -0.9256 0.7344 0.62 -9.20 3.32 173 272 241 259 193 
-1.24 -8.18 -3.94 -2.0800 0.9500 -5.2900 -2.8000 -1.9344 -0.2578 0.12 -9.69 -1.46 175 263 234 252 188 
-1.64 -9.86 -7.44 -2.7200 -0.3100 -6.4100 2.8311 1.3422 -0.5844 0.66 -9.78 -0.05 173 266 238 253 189 
1.79 -5.08 12.85 1.2100 3.2200 8.7900 0.6178 0.3944 -0.0267 1.51 -8.82 3.99 174 271 243 258 190 
1.69 -8.20 3.89 -0.6300 0.5000 -0.4700 0.8311 -1.5800 0.1522 2.07 -8.58 4.25 170 256 238 249 189 
2.87 -6.25 3.53 -1.1200 0.9700 -4.1100 6.3022 -2.5578 0.4478 4.38 -3.99 7.80 160 264 253 261 195 
7.98 2.62 0.28 3.1600 2.1400 -5.5900 10.3900 -3.6611 0.7844 8.17 4.27 3.31 161 319 307 343 201 
13.98 7.90 3.04 5.4400 5.5100 4.7500 2.8289 -2.2711 4.4478 9.34 0.16 -2.95 152 304 302 342 203 
5.33 -1.53 -0.96 -1.7300 4.0100 4.7600 -1.7733 -2.0089 4.0022 5.50 -5.43 -6.03 175 272 287 331 208 
1.16 0.53 -7.44 0.1800 3.9900 1.1700 -5.1122 -1.7422 1.6322 1.12 -0.86 -9.70 177 294 289 350 213 
0.51 2.36 -15.46 0.5500 0.4900 -4.4700 0.1256 0.4144 0.2056 0.97 1.09 -9.69 178 296 294 349 212 
1.16 1.07 -9.33 0.0600 0.1300 0.5800 0.1133 0.0333 0.1433 1.07 0.88 -9.70 178 297 294 347 212 
2.24 1.15 -9.25 1.1000 0.2900 0.4500 0.1544 0.1067 -0.1344 1.41 0.80 -9.67 180 299 295 346 212 
1.75 0.96 -9.15 0.4200 0.4400 0.6000 0.0378 0.0156 -0.0533 1.44 0.64 -9.67 177 302 297 345 212 
;
