2.00 4.29 8.56 -0.0200 -0.0600 -0.0700 -0.0056 0.0600 -0.0278 1.82 4.44 8.54 155 307 315 322 202 
1.73 4.49 8.47 -0.0900 -0.0100 -0.0800 -0.0133 -0.0378 0.0233 1.84 4.45 8.53 154 307 301 303 202 
-3.43 3.91 8.56 -3.9200 -2.5800 -0.9000 1.6544 -4.9011 0.1367 3.04 6.03 7.10 159 287 244 281 201 
16.45 7.13 11.24 10.8000 4.3100 2.4500 -2.6956 -1.2156 4.4689 7.19 0.96 6.59 165 292 187 210 173 
4.59 3.14 1.57 -3.3800 6.7200 -3.4600 -0.6922 -1.2533 5.2467 6.35 -5.82 4.68 158 289 178 194 157 
0.73 -2.47 2.26 -3.3700 4.7300 -2.1000 2.1767 -1.2844 3.0733 3.12 -7.71 5.18 120 296 185 196 154 
-0.81 -3.70 9.47 -0.5500 2.3500 2.4400 0.9444 -1.1667 0.7389 2.00 -6.46 7.09 120 287 190 197 155 
2.46 -4.84 9.16 0.6100 1.4100 1.9700 -0.0544 -0.0844 0.0511 2.41 -5.99 7.38 120 293 192 200 156 
1.81 -4.89 7.78 0.2100 1.2900 0.6500 -0.0433 0.3011 -0.2667 2.33 -5.95 7.43 121 296 192 201 157 
3.33 0.60 10.82 1.8000 6.4600 4.4700 -1.5000 0.2422 -1.6144 2.77 -6.41 6.88 122 291 196 201 157 
3.60 -8.77 2.07 -0.0400 -2.0100 -4.3800 -1.9489 2.1033 -1.4878 3.21 -7.82 4.96 123 294 197 201 157 
4.61 -9.66 1.44 1.2800 -1.4400 -2.3300 0.3478 0.5767 -0.2722 3.65 -7.59 5.00 123 297 198 203 159 
1.81 -6.59 4.32 -1.5100 1.1900 -0.9700 0.3733 -0.9822 -0.2000 3.98 -7.53 4.85 140 310 196 204 159 
4.09 -2.42 0.53 -1.9300 3.1900 -5.1000 4.2911 0.1422 -3.4089 6.52 -3.58 6.38 172 296 221 228 174 
16.07 4.59 4.39 9.0400 3.0000 -0.9700 5.6544 -3.4533 1.5689 8.84 2.20 3.62 187 234 219 229 172 
10.43 5.76 6.78 0.4400 4.8100 6.2200 0.3778 -2.5367 2.8189 9.76 -0.55 -0.77 200 194 198 201 159 
2.74 5.32 -1.36 -6.4100 5.6900 -1.4500 -4.9089 -1.0156 -2.0933 9.29 0.81 -3.01 204 189 212 205 163 
11.91 1.90 -5.04 1.9600 0.5400 -0.1900 0.1144 -0.1600 0.6144 9.04 0.99 -3.66 205 193 213 206 164 
8.46 1.14 -3.11 -0.5900 0.3400 0.0000 0.0000 0.1978 0.0267 9.15 0.74 -3.42 204 194 214 208 164 
;
