-1.56 4.98 8.23 0.0200 -0.1000 0.0100 0.0022 0.0000 0.0000 -1.53 5.09 8.23 176 354 357 383 224 
-1.53 4.94 8.26 0.0300 -0.1300 0.0400 -0.0011 -0.0011 0.0000 -1.53 5.08 8.24 176 350 355 383 224 
-2.26 4.82 8.66 -2.7300 -0.3100 2.0500 -2.0544 -0.6833 -0.8500 -1.33 3.95 8.87 176 270 190 207 181 
8.59 2.22 18.43 5.2400 0.1700 6.9800 -2.4456 -6.1222 5.1211 5.45 -0.56 8.12 164 253 156 163 142 
3.32 0.66 0.66 -2.8300 3.1500 -8.5600 1.5244 -1.8300 3.9767 5.04 -5.36 6.47 125 249 155 165 136 
1.60 -1.97 4.46 -3.1500 2.9300 -2.4300 1.7311 -0.6933 1.0156 4.27 -4.78 7.41 116 252 159 167 140 
1.13 -2.62 8.72 -2.7800 1.6100 0.7900 0.5033 -0.0644 -0.1711 4.46 -3.88 7.81 115 271 157 166 141 
4.98 -3.45 8.45 0.3400 -0.1000 0.2300 0.0211 0.0989 -0.1822 4.43 -3.70 7.92 118 289 161 167 143 
4.92 -2.23 9.23 0.8300 1.1600 0.7300 -0.5789 0.7633 -0.7233 3.83 -3.56 8.28 121 292 161 168 145 
4.44 -3.23 8.19 0.4800 0.5300 0.0800 -0.7956 0.2756 -0.6722 3.51 -3.94 8.26 126 294 163 168 148 
2.65 -5.18 6.35 -0.4600 -0.0200 -1.4400 -1.9456 0.9578 -0.0467 2.80 -5.84 7.35 124 296 166 169 147 
0.29 -9.09 2.93 -1.3800 -2.1400 -3.4100 -0.4278 0.3122 -0.5067 2.66 -6.84 6.49 128 291 167 172 151 
1.48 -6.11 2.54 -1.7600 0.8500 -5.0200 -1.6300 3.0822 -1.0856 1.39 -7.47 6.18 175 309 169 183 163 
-1.32 -10.98 -2.49 -4.8700 0.6400 -1.6200 3.5067 1.3767 -1.3444 -1.30 -7.81 5.77 198 415 186 191 172 
2.93 -3.92 13.16 -1.5600 1.3700 4.3900 1.8600 0.8022 -0.5944 -0.95 -5.28 8.20 199 420 192 191 175 
0.73 -2.69 6.55 2.6700 2.3800 -1.8200 1.3067 -0.1967 0.0900 -1.20 -4.10 8.82 198 421 192 190 176 
2.05 -6.88 13.02 3.1200 -3.9300 4.6500 1.3967 -2.1844 1.0344 0.43 -1.82 9.62 201 417 195 195 182 
-2.04 -6.65 13.80 -4.2200 -2.9600 3.9300 -1.8944 -1.8144 2.0367 2.43 -4.05 8.59 199 414 197 195 181 
-0.38 -4.92 8.66 -3.1000 1.5200 0.5200 -2.2511 0.1644 1.0656 1.74 -7.16 6.46 203 412 196 196 181 
-1.95 -4.44 4.99 -3.3100 4.5800 -0.0400 -1.2167 1.8811 -0.7289 1.08 -8.36 4.99 201 409 195 197 182 
0.93 -3.13 4.38 -0.3500 5.3200 -0.3600 0.1689 2.0100 -1.7889 1.61 -8.29 4.98 202 408 197 198 180 
6.81 -2.47 5.22 4.6100 4.4800 -1.1900 1.7289 1.4622 -1.4756 2.07 -6.65 6.89 201 410 199 199 182 
7.33 -4.73 9.62 4.8800 -0.0900 1.9500 2.0856 -0.0233 0.0944 2.04 -3.80 8.80 199 408 199 199 181 
2.12 -5.10 9.95 -0.7400 -2.1900 0.4900 0.5722 -0.4789 0.7444 2.50 -2.69 9.09 200 405 198 198 181 
2.71 -2.89 9.54 -0.1200 -0.0900 0.4400 -0.2278 0.1444 0.0600 2.71 -2.61 9.05 196 405 190 200 186 
;
