-0.40 5.78 7.74 -0.1100 -0.0200 -0.1100 -0.0044 -0.0011 0.0000 -0.30 5.80 7.90 193 397 390 434 241 
-0.42 5.77 7.80 -0.1800 -0.0100 -0.1700 -0.0133 -0.0556 -0.0133 -0.28 5.79 7.90 191 382 385 426 239 
-0.47 6.90 14.35 -0.0200 4.1000 12.4000 -2.9644 -4.3944 0.2978 3.19 3.36 8.63 183 317 204 213 184 
14.02 3.68 6.40 2.3500 3.2100 -3.7000 -0.8756 -1.8344 6.0878 7.85 -3.59 4.63 166 273 171 181 141 
3.91 -1.26 -0.84 -3.9100 2.5200 -6.4300 3.6222 -0.2978 1.8700 5.72 -4.92 6.25 141 239 172 183 141 
2.74 -1.16 3.59 -1.6000 2.5100 -3.7600 1.8078 1.7100 0.3478 4.28 -2.93 8.31 143 259 177 190 152 
3.89 1.06 10.90 -0.4100 3.1300 2.1600 -0.1956 -0.0556 0.3044 4.25 -2.40 8.50 146 265 181 192 150 
3.65 -0.54 9.08 -0.3900 2.4100 0.5100 -0.4011 0.0167 -0.5700 4.24 -2.50 8.47 143 271 179 191 151 
5.81 2.58 10.10 3.2000 5.0500 1.4400 -1.5256 0.5100 -1.3333 3.67 -3.06 8.55 146 271 184 191 151 
3.42 -6.40 3.93 -2.6400 -1.7600 -3.2200 -1.9011 0.7989 1.0133 3.61 -5.99 6.86 145 271 181 192 151 
-0.29 -8.61 6.59 -1.9800 -1.5400 0.2300 -0.0411 -0.4567 -0.2489 3.46 -6.57 6.39 170 297 205 215 177 
2.16 -6.22 6.18 -2.0300 0.5000 -0.0500 -0.3956 -0.9300 -0.2878 4.05 -6.75 5.83 177 291 204 220 183 
2.42 -9.98 3.64 -5.3900 -5.3100 -2.5000 2.2589 -5.7700 -0.9467 7.28 -5.28 3.88 172 346 211 223 192 
8.23 -4.11 -5.46 3.5400 1.8600 -7.6300 5.8856 -1.5856 -1.5044 9.13 -1.87 3.03 158 414 200 226 195 
10.88 4.68 2.84 1.6600 4.3100 -0.8400 0.6644 -0.0344 0.1633 9.42 -0.67 2.62 156 419 202 225 191 
8.38 1.51 2.11 -0.9600 1.7200 0.0700 -0.1067 0.0633 -0.6789 9.46 -0.03 2.56 161 420 204 226 194 
9.85 2.42 1.01 0.9600 2.6700 -1.9200 -1.0944 0.1411 -0.4511 9.44 0.25 2.62 158 417 204 226 194 
10.77 2.10 -0.64 1.2900 0.9100 -3.8000 -1.8022 0.2667 -0.5167 9.23 0.64 3.25 160 413 203 226 193 
7.88 -2.06 5.37 -1.6200 -2.6200 1.6400 -1.4444 0.3889 -0.5956 8.92 0.29 4.04 177 423 217 240 212 
8.61 -0.85 5.05 0.1100 -0.8500 0.6400 -0.1756 0.2778 -0.1344 8.83 0.32 4.24 175 425 221 241 209 
7.80 0.75 4.38 -0.9200 0.8200 0.1300 -0.2900 0.1489 -0.0244 8.78 0.01 4.35 197 427 227 251 217 
;
0.65 5.62 7.77 -0.0900 -0.1100 -0.2800 -0.0378 -0.2000 -0.0389 0.83 5.71 7.92 217 380 346 338 243 
0.00 5.98 9.33 -1.7900 0.6900 3.1400 -0.1289 -3.9722 0.6733 3.31 5.58 7.34 217 367 329 322 240 
16.18 8.20 13.19 9.1400 4.7200 3.4500 -3.0211 -1.0267 4.4911 7.67 0.46 6.08 208 329 201 213 179 
5.81 2.76 -2.10 -2.8900 7.0800 -10.9100 0.0300 1.2989 3.9656 4.21 -6.78 5.68 161 299 197 202 162 
2.05 -2.38 0.67 -2.2100 3.3700 -4.0400 2.4167 0.2544 1.5833 1.52 -5.42 8.02 150 259 196 205 163 
-0.24 -1.77 8.22 0.0000 2.7000 0.5900 1.1811 -0.5767 0.5500 1.08 -3.51 9.09 152 281 201 208 169 
0.00 -2.57 9.70 -1.2000 0.2900 0.4500 -0.0011 -0.4333 0.1100 1.58 -3.28 9.10 156 275 193 200 160 
1.05 -2.15 9.83 -0.4000 1.3100 0.4600 -0.0356 0.2800 -0.3089 1.46 -3.20 9.15 149 282 192 200 162 
1.19 0.81 10.22 0.2700 4.4600 1.6500 -0.5911 0.3911 -1.2133 1.54 -3.43 9.05 143 281 190 195 157 
3.81 -3.11 8.35 1.5100 0.6200 -1.7300 -2.6378 -0.0089 -0.4700 1.83 -5.96 7.56 144 278 190 196 162 
-1.53 -10.54 2.88 -2.4300 -4.2100 -3.3900 -0.1267 -0.3144 -0.5922 2.00 -6.99 6.57 163 299 207 213 178 
2.26 -7.07 6.52 -0.8600 -0.0800 -0.3700 -0.0089 -0.0411 0.0256 2.19 -6.83 6.67 171 290 209 217 180 
-0.22 -7.05 4.76 -4.8400 -0.9900 -2.7500 0.6222 -2.8689 -1.0900 4.13 -6.47 6.10 204 353 239 252 228 
10.10 -8.64 -0.41 2.7100 -3.0100 -5.1000 4.3589 -3.6756 -0.4989 8.69 -3.41 2.98 178 440 242 257 231 
12.92 2.27 -1.62 3.0400 4.7000 -3.6500 3.5989 -0.1844 -0.9933 9.51 -0.42 2.34 177 440 239 255 228 
7.98 2.58 1.64 -2.0200 2.2200 -0.5600 1.2056 0.1356 -0.4422 9.50 0.56 2.35 145 421 219 232 206 
8.99 2.15 1.67 -0.1300 0.9500 -1.2000 -0.4844 0.0100 -0.2922 9.44 1.02 2.43 162 424 230 243 214 
9.75 5.00 0.84 0.0900 3.9600 -1.6900 -1.6244 -0.1300 -1.0678 9.30 1.71 2.58 162 425 229 241 215 
10.93 3.24 -0.50 1.3500 0.7700 -3.0900 -2.1411 0.0800 -0.5689 9.13 1.93 2.99 161 421 220 233 203 
9.32 -4.21 4.72 -0.3600 -5.9400 1.7500 -1.2889 -0.0411 -0.2689 8.95 1.45 3.71 157 419 218 229 212 
6.98 0.93 5.25 -1.4200 -0.1800 1.3000 0.1300 0.0611 0.5622 8.86 1.30 3.99 141 406 203 218 187 
3.46 -0.35 4.01 -5.9000 -1.1800 -0.3300 -1.5544 0.0044 -0.5922 8.98 0.81 3.84 164 387 218 223 196 
;
