5.17 2.40 7.53 -0.0800 -0.1600 -0.2800 -0.0933 -0.2444 0.0756 5.51 2.48 7.71 161 316 330 344 203 
5.52 2.46 7.69 0.4300 0.2800 0.7300 -0.7433 -2.0289 0.3122 7.04 1.80 6.57 167 336 281 315 204 
18.73 -1.57 13.05 10.6600 -2.7300 5.8800 -4.9811 -1.0944 2.0478 8.67 -2.29 3.95 154 267 146 162 125 
4.03 -2.97 -1.89 -1.8800 5.5000 -6.4500 1.1389 1.2544 4.2411 3.06 -7.75 5.15 111 283 152 168 125 
-0.53 -2.75 4.52 0.3800 4.0400 -3.3400 1.0656 1.1089 2.3244 -1.32 -6.25 7.43 109 255 152 171 124 
-3.35 -3.12 7.44 -0.4200 1.9200 0.0600 0.7100 -0.8200 0.5800 -1.67 -5.00 8.26 112 265 151 173 126 
-3.28 -4.69 8.80 -2.3500 0.8700 0.4400 0.2878 0.0544 -0.2556 -1.19 -4.63 8.56 114 275 151 174 127 
2.10 -1.77 11.19 2.4300 2.7000 0.7600 -1.1467 1.4656 -0.9544 -1.42 -5.73 7.82 116 271 153 175 129 
-1.21 -7.66 5.98 -1.2600 -1.4600 -1.3000 -1.2000 0.0389 0.0078 -1.29 -6.90 6.84 113 277 152 176 127 
-3.93 -9.65 4.19 -3.0800 -1.7800 -1.9400 -0.8044 -0.6033 0.0467 -1.32 -7.87 5.68 121 275 153 177 133 
-5.73 -5.65 1.78 -5.0400 3.1800 -4.0400 -1.5178 -2.9889 -1.2089 0.72 -8.76 4.33 135 352 164 191 148 
13.13 -8.36 -4.88 8.5500 -0.2900 -6.2800 -0.0767 -2.1433 -1.7167 5.63 -7.99 0.76 128 402 170 194 150 
10.09 -9.18 1.39 1.4500 0.8400 1.0100 1.1867 -1.1733 0.7667 5.24 -8.27 0.29 126 404 175 195 149 
11.56 -7.62 8.50 0.8700 1.1900 3.0000 -1.0944 3.6700 0.5400 5.03 -8.24 1.67 125 404 174 195 152 
6.06 -8.52 -4.94 0.0900 0.6400 -5.2000 -0.9589 -0.1644 -0.0078 5.16 -8.28 -0.89 127 409 181 196 151 
1.11 -2.99 11.52 4.1600 -0.0200 7.8200 -0.8089 -0.6256 -0.0311 5.36 -7.98 1.89 131 405 174 198 152 
3.26 -7.06 4.34 -2.1700 0.9000 2.2700 -0.4056 0.0600 -0.8744 5.68 -7.81 1.67 155 331 179 219 176 
;
6.43 -6.37 1.66 -0.8400 0.1100 -1.3900 0.8367 2.4678 -2.9789 7.05 -5.48 4.03 157 330 187 223 179 
12.55 -4.59 6.77 3.1500 -0.9300 1.6600 -0.8900 0.3611 -0.0689 7.33 -4.61 4.59 160 284 183 214 173 
10.12 -8.21 4.03 4.4500 -2.7700 -0.9000 0.3733 2.2611 2.3900 4.86 -6.24 5.79 113 254 160 177 134 
1.13 -5.34 2.75 -1.1300 1.3000 -4.1900 1.9600 1.9489 1.9589 1.02 -5.65 7.94 106 244 160 176 131 
0.30 -1.52 6.36 0.4300 2.5400 -2.2600 1.2633 0.3433 1.5511 -0.81 -3.31 9.19 108 262 159 179 132 
-1.42 -1.02 11.16 -0.4100 1.8200 1.6700 0.0000 -0.8867 1.0189 -0.45 -2.54 9.45 111 271 159 179 134 
-2.63 -0.99 10.22 0.8500 1.9500 0.7700 -0.4444 0.0433 -0.6444 -0.51 -2.84 9.36 115 277 161 180 136 
1.90 -1.57 9.51 2.0100 2.0900 0.2800 -0.8844 1.4056 -1.4600 -1.32 -4.04 8.83 114 282 163 181 136 
0.95 -6.73 6.35 0.4000 -1.3200 -1.9300 -1.7156 -0.0367 0.3767 -1.49 -5.94 7.65 116 282 164 181 136 
-6.72 -9.92 4.81 -4.3000 -2.7000 -1.8900 -0.7956 -0.4178 -0.1467 -1.56 -7.28 6.37 116 287 163 183 138 
-3.66 -4.98 0.73 -2.4500 2.8500 -5.4200 -1.6656 -3.2533 -1.6822 1.34 -8.41 4.85 121 363 169 185 141 
8.19 -8.29 -3.78 6.9100 -0.9700 -5.7600 -1.4511 -5.2300 -1.4033 5.79 -7.86 -0.82 118 401 173 186 144 
9.09 -8.39 0.01 3.3700 0.0100 1.2500 1.6822 0.5733 0.8056 5.31 -8.23 0.27 116 403 174 190 144 
7.31 -7.20 4.77 0.5200 0.8700 2.7900 -1.0189 1.6878 0.3933 5.10 -8.32 0.93 119 404 175 191 146 
4.47 -7.89 -6.42 -0.0200 -0.2100 -6.5100 0.8422 -0.7556 -0.1144 5.21 -8.25 -0.93 120 408 173 193 145 
4.52 -4.96 14.16 3.2000 -1.1700 5.6000 -0.5044 0.8911 0.0689 5.25 -8.19 1.17 122 403 174 194 145 
4.29 -7.40 5.48 -1.9700 0.1100 3.8600 -1.1156 1.9944 -1.3956 6.01 -7.66 1.12 146 380 178 205 162 
;
