2.83 2.07 8.86 -0.0400 -0.0400 0.0000 0.0078 0.0733 -0.0333 2.59 2.20 9.19 176 338 354 385 209 
2.48 2.71 11.19 -1.3800 0.6000 2.3400 -0.5000 -2.6156 0.1189 4.11 1.87 8.70 161 294 230 252 194 
15.38 -0.31 14.38 6.4500 -3.2300 7.0500 -4.9656 0.8800 5.3833 5.23 -4.91 6.67 120 247 150 165 135 
0.02 -3.39 -1.70 -1.2400 3.6000 -8.3100 1.5500 1.2033 2.8067 0.76 -5.55 8.04 120 281 154 172 141 
-0.71 -0.25 7.45 -0.5100 3.8500 -0.7300 0.9278 -0.3944 0.6456 0.24 -3.59 9.12 122 296 156 173 143 
0.71 -3.02 10.18 0.2500 0.4100 0.7400 -0.2744 -0.2267 -0.3056 0.56 -3.75 9.04 123 300 157 175 145 
2.56 -2.09 10.31 2.0600 1.8800 0.9500 -0.8133 0.8367 -0.9100 0.30 -4.39 8.76 122 293 161 177 146 
2.41 -5.17 7.47 3.0000 -0.5600 -1.5800 -1.2367 -1.1278 0.4778 0.17 -5.83 7.87 123 293 162 178 146 
-3.26 -8.95 6.31 -3.3600 -2.2800 -0.9000 -0.9400 0.9033 0.2600 -0.40 -7.05 6.80 138 295 164 178 151 
-2.80 -9.43 5.32 -2.1100 -1.6100 -0.3000 -0.0589 3.4900 -1.4189 -1.26 -7.64 6.00 177 226 191 212 181 
-0.65 -9.02 1.27 4.7200 -0.5200 -4.2200 1.3244 4.5811 0.2389 -4.54 -7.23 4.81 201 165 166 187 149 
2.57 -0.35 1.69 12.5300 7.2000 -2.6100 2.3800 0.0322 5.6067 -8.12 -1.98 5.11 201 162 164 181 147 
-21.33 3.26 7.64 -8.3600 1.2300 1.2800 0.1056 -0.9844 -0.1267 -7.38 1.71 6.21 201 170 165 184 149 
;
