-0.85 1.44 3.40 0.2000 -0.9500 -4.9000 -4.4733 -0.1200 1.6289 0.20 -0.68 9.78 192 342 196 223 172 
0.11 -1.97 7.97 0.2000 -0.2000 -1.2100 -0.4856 -0.0211 0.6756 0.36 -1.93 9.60 192 375 187 208 162 
2.24 -2.38 10.41 2.2100 -0.3600 1.1800 0.0000 0.3756 0.8022 -0.26 -2.14 9.56 194 393 186 205 159 
-1.36 -5.62 16.96 -1.5900 -2.7300 7.3200 -2.8800 0.1200 0.7633 -1.04 -4.43 8.68 196 394 191 207 161 
-5.91 -0.39 5.27 -5.1000 6.6200 -2.5500 -2.7233 0.0422 -1.4633 -0.43 -7.99 5.66 196 394 180 209 163 
0.95 -1.59 0.79 0.4300 6.3500 -3.8100 0.7022 0.8656 -2.3122 2.05 -8.05 5.20 196 393 184 211 163 
9.15 -5.36 6.42 6.4000 0.7200 1.0400 2.9244 0.4678 -0.3500 2.74 -5.20 7.84 196 394 196 215 165 
5.50 -6.81 13.70 2.4400 -3.2800 5.1900 0.3578 -0.2533 2.3356 2.00 -4.03 8.70 195 374 203 219 167 
-2.97 -3.40 8.86 -3.6200 2.4900 -1.5000 -1.2489 -0.1711 1.5044 0.86 -5.85 7.82 191 287 231 249 183 
0.85 -4.16 4.56 -1.0800 2.6900 -2.2300 -0.5022 -1.5767 0.1633 2.59 -7.11 6.22 146 215 242 243 182 
-0.88 -4.12 7.73 -2.9700 1.4400 0.9100 2.0478 1.7189 -4.0122 3.70 -3.62 8.32 158 230 251 252 188 
6.28 3.22 10.01 3.3200 1.0100 -2.9200 5.9867 3.7289 -3.1144 -0.25 3.27 9.24 175 316 352 381 189 
;
-0.16 5.28 5.67 -1.6600 0.4200 -0.8900 -0.0367 0.3067 -0.0067 1.61 5.46 7.97 172 344 362 404 198 
2.02 5.78 8.62 0.9500 0.6500 0.9600 -0.8144 0.7767 0.0111 1.38 4.97 8.33 174 300 334 370 214 
4.60 3.68 12.51 6.4300 2.0300 2.7700 -3.2711 -1.4756 3.4711 1.37 -1.15 9.64 187 361 178 187 167 
-0.76 -4.65 11.84 -3.2100 -1.1800 3.8000 -1.5267 0.0422 3.1178 0.86 -3.99 8.91 196 390 190 192 168 
-5.50 -0.63 7.17 -4.4300 6.0000 -0.4200 -3.3111 1.0122 -0.8022 -0.74 -7.62 6.12 196 393 192 199 171 
-0.47 -1.17 0.34 -0.9500 7.4200 -4.4500 -0.3633 0.7511 -2.3256 1.42 -8.66 4.36 196 392 182 203 172 
5.23 -4.47 2.41 3.9500 2.8700 -2.0400 2.7089 0.8456 -2.1278 3.26 -6.56 6.51 196 390 197 204 173 
11.80 -6.51 11.74 6.0800 -2.3300 4.4000 1.7833 -0.2289 2.0433 2.95 -3.97 8.46 195 384 198 207 174 
-5.52 -4.91 8.83 -6.1500 -0.0900 -0.4800 -0.0244 -0.4622 0.7033 2.28 -4.71 8.29 194 294 205 211 177 
-0.40 -3.63 8.12 -2.5300 0.2600 -0.4600 0.9300 0.4700 -2.2300 2.80 -3.15 8.84 192 282 223 233 191 
3.34 0.87 8.01 1.6800 1.8400 -1.5500 3.3011 1.8922 -2.4844 0.77 1.53 9.65 188 314 322 385 208 
;
-5.80 14.14 15.39 9.1300 8.3900 27.4900 -0.1744 -1.0322 0.0222 2.14 5.15 8.06 178 351 347 419 211 
0.92 5.33 9.45 1.7900 0.8500 1.3900 -0.0867 -0.2467 0.0844 1.74 4.94 8.28 179 353 351 419 211 
4.51 7.77 9.66 3.4100 3.5900 1.6700 -3.4189 2.4356 0.1889 0.26 3.24 9.25 178 332 283 279 199 
3.29 -0.18 9.27 3.1700 -0.7000 -0.7500 -2.1144 -2.1978 2.6522 1.37 -2.73 9.31 186 333 182 194 167 
3.33 -4.83 11.50 0.8800 -1.0200 5.4600 -0.2389 0.0933 3.0156 1.60 -3.01 9.19 193 383 190 200 169 
-3.91 -1.51 13.30 -5.0000 2.8700 2.3300 -3.5567 0.4078 0.4600 -0.34 -6.64 7.20 195 385 190 205 171 
-4.08 -1.02 1.55 -3.5300 7.6600 -3.9100 -1.7500 0.6578 -2.3878 1.13 -8.87 4.01 195 386 192 210 172 
4.77 -2.32 0.98 3.2400 5.3300 -2.6900 1.0944 0.9200 -1.8833 3.51 -7.87 4.67 195 381 196 213 173 
9.05 -6.20 7.36 5.8200 -0.6700 1.1900 2.8522 0.4489 0.0844 3.43 -5.19 7.57 194 376 201 217 173 
3.11 -6.70 13.38 -0.1600 -1.5200 5.1100 -0.1622 0.1056 2.6122 1.74 -4.89 8.31 194 366 201 218 173 
-2.79 -4.69 8.27 -3.5600 1.9400 -0.3700 -1.1856 -0.7267 0.0022 1.62 -6.40 7.24 194 340 203 221 174 
-1.03 -3.50 2.73 -3.0900 2.7900 -3.8300 1.8589 0.4944 -1.7089 2.61 -5.19 7.89 191 294 267 295 201 
1.51 0.53 8.87 -0.6200 2.1100 0.5400 4.2911 0.8978 -3.9889 2.27 1.57 9.40 188 336 341 406 206 
;
-0.08 7.25 5.89 15.7800 19.5300 18.2600 0.6722 -3.7389 1.3056 1.52 5.41 8.03 180 362 356 411 210 
1.83 6.52 7.97 0.2200 1.5800 2.2900 -0.1456 0.5256 -0.0022 1.09 5.59 7.97 180 364 357 410 210 
1.59 6.60 8.90 0.9000 1.9200 1.1900 -0.1056 0.3389 0.3189 0.99 5.49 8.06 180 328 354 382 215 
3.21 3.36 9.34 3.6700 0.8900 1.5000 -3.3189 -0.6911 3.1467 1.73 0.38 9.64 187 312 186 196 163 
1.66 -3.05 12.94 -0.1400 -1.4100 3.7700 -1.3300 0.0133 3.8578 1.69 -3.12 9.13 194 380 186 197 161 
-4.31 -0.84 8.52 -4.2900 5.1300 -1.1500 -3.3944 0.8100 -0.2467 -0.20 -7.15 6.70 195 386 188 204 164 
-1.85 -1.24 0.63 -1.5400 7.0000 -4.5600 -0.4389 0.7967 -2.6678 1.98 -8.34 4.76 195 385 192 209 166 
8.09 -3.42 2.66 5.0300 3.3900 -1.8100 2.2356 1.0567 -1.8589 3.80 -5.92 6.82 194 384 193 211 167 
13.28 -5.94 11.63 8.1300 -2.0800 4.2800 1.7511 0.4900 2.2922 3.28 -3.99 8.33 194 378 194 213 166 
-3.16 -5.54 9.05 -5.4600 -0.1200 -0.3800 -0.7156 -0.8078 0.5822 2.44 -5.31 7.87 194 364 193 212 166 
-0.71 -2.85 5.94 -2.9300 2.1500 -1.6700 1.5089 1.4367 -1.9756 2.54 -4.08 8.54 190 309 250 272 189 
1.97 0.42 8.54 0.2100 1.3900 -1.0100 4.2633 1.3256 -2.7256 0.76 2.16 9.53 188 344 347 416 207 
;
2.16 11.90 8.88 14.6500 14.7000 30.4700 -2.6989 2.1656 0.6056 0.71 5.39 8.15 185 362 356 430 214 
2.44 6.36 8.87 0.5100 0.6800 1.5800 -0.1444 0.4444 -0.0511 0.70 5.40 8.15 184 361 356 428 214 
1.86 7.38 9.83 1.1600 2.7600 1.6700 -2.4833 -0.5667 0.6111 0.97 4.29 8.76 184 339 333 363 212 
4.13 -0.11 8.41 3.3200 0.1900 -1.3300 -2.9178 -0.6100 2.4744 2.14 -2.14 9.32 183 317 197 210 173 
3.66 -4.95 9.19 2.2600 -2.1900 0.3800 0.5833 0.8856 2.9500 0.76 -3.20 9.23 189 347 183 197 170 
-3.46 -4.94 13.20 -3.0500 0.3100 4.5100 -2.6411 -0.1256 0.5133 -0.36 -5.54 8.07 192 370 185 201 171 
-3.24 -2.46 4.67 -3.7600 5.7600 -1.5300 -2.7089 0.4456 -0.9733 0.09 -8.45 4.96 193 380 189 206 172 
0.82 -2.37 0.80 -0.2900 6.4400 -3.2000 0.1989 1.0211 -2.3722 2.40 -8.55 4.15 193 380 191 210 173 
7.87 -3.74 1.88 4.5000 3.9900 -1.9400 2.6933 1.4278 -1.1244 3.40 -6.41 6.59 192 376 194 212 174 
8.19 -6.57 15.56 4.4500 -2.1900 8.1300 1.6611 -0.1222 2.4167 2.10 -3.97 8.71 192 370 198 216 175 
-2.53 -4.60 9.75 -4.8300 -0.0800 -0.5300 -0.6067 -0.4356 0.6711 1.98 -4.50 8.48 192 340 207 226 182 
-2.03 -2.22 6.72 -4.2600 0.9900 -2.1400 1.7267 -0.1289 -2.5511 2.22 -2.41 9.24 190 298 293 331 205 
;
4.52 2.65 9.02 2.5200 2.2300 -0.7200 4.2344 1.4222 -2.9156 0.89 3.37 9.16 191 348 350 419 210 
11.60 15.52 34.20 4.0500 0.3200 2.1500 0.3300 0.7811 0.0589 0.98 5.78 7.85 192 368 356 431 209 
1.42 7.72 9.44 1.6200 2.3100 1.2300 -1.8544 0.3678 0.4156 0.67 4.43 8.71 188 332 336 387 209 
6.66 -1.18 5.59 5.0500 -0.3300 -3.0700 -1.9056 -0.7433 3.0533 2.04 -2.72 9.19 185 334 198 208 176 
-0.66 -7.43 14.19 -2.1100 -2.3800 6.6800 -1.6600 -0.7867 2.7844 1.10 -4.30 8.74 195 379 182 193 171 
-1.67 -2.51 9.42 -2.6800 4.1000 1.0500 -3.1989 0.2367 0.0067 0.31 -7.57 6.22 196 384 188 202 173 
-0.87 -2.35 2.17 -1.9700 6.1900 -2.6500 -1.4411 1.0278 -1.9156 2.29 -8.91 3.38 195 384 195 207 175 
5.55 -3.07 0.63 1.9700 5.0400 -2.7600 0.9667 2.0389 -2.2567 4.43 -7.59 4.35 195 383 198 213 177 
10.47 -5.15 6.49 5.6900 1.0800 0.5400 2.4022 0.7811 0.4033 4.15 -5.34 7.09 195 379 200 215 177 
5.01 -7.92 11.92 1.2800 -3.2000 3.8900 0.3078 -0.7100 2.1311 3.15 -4.88 7.89 195 366 202 215 178 
-0.22 -4.29 5.69 -4.0000 1.7900 -2.1400 0.5867 0.5189 -0.3167 3.30 -5.06 7.71 195 325 230 252 188 
;
