0.87 0.47 9.77 -0.0500 -0.0800 0.0500 0.0056 -0.0011 0.0033 0.90 0.56 9.74 182 365 353 394 219 
0.87 0.50 9.82 0.0400 -0.0800 0.0000 0.0056 0.0022 0.0056 0.90 0.56 9.74 180 364 353 393 218 
0.89 0.49 9.71 -0.0400 -0.0600 0.0800 -0.0144 0.0278 -0.0011 0.89 0.56 9.74 182 354 348 381 216 
1.24 -3.91 13.77 -2.2800 -0.1100 7.3900 -4.1778 -0.4400 2.1533 -0.19 -3.27 9.24 189 383 156 165 154 
-0.73 -3.41 4.01 0.4300 4.1700 -3.9700 -1.8633 -0.3622 -0.3356 0.13 -7.20 6.65 193 364 161 174 161 
2.44 -1.37 3.43 2.4800 4.6900 -2.4400 1.0822 -0.2622 0.7822 -0.33 -6.76 7.09 194 365 167 181 165 
1.60 -8.90 12.05 2.8100 -6.1700 5.0300 0.1367 -0.4878 2.7300 -1.34 -5.50 8.00 194 371 167 182 163 
-10.44 -6.19 10.41 -8.4300 1.4300 0.9200 -2.9222 -0.7311 -0.2789 -1.43 -8.00 5.48 195 370 175 183 164 
-5.39 -2.13 2.76 -5.2600 6.8000 -1.6800 -0.7522 0.8044 -2.4333 0.74 -9.13 3.49 195 376 178 186 165 
5.10 -0.78 2.89 3.2000 7.5300 -1.1500 1.5478 1.8922 -1.9100 2.78 -7.97 4.98 195 374 181 188 167 
12.72 -5.86 9.78 10.4000 -0.6100 3.4600 2.9656 -0.2889 1.9200 1.94 -5.33 7.99 195 379 182 189 167 
-5.03 -9.91 12.01 -6.6200 -2.6600 0.9300 -1.0778 -1.5189 0.6678 2.41 -5.96 7.40 194 380 182 190 169 
1.56 -3.65 3.44 -3.2400 1.3000 -4.3600 3.1389 -9.6933 -0.1844 7.79 -4.34 4.05 125 323 167 182 167 
14.04 -3.82 -10.53 6.9500 -0.1500 -4.3500 3.0633 -4.8744 0.5856 5.73 -5.55 -5.69 116 315 168 181 168 
5.90 -5.70 -4.23 0.2100 2.0100 0.3500 3.4944 0.4033 -0.1522 5.49 -7.87 -1.98 128 339 174 185 172 
4.78 -2.39 11.05 0.2200 4.6200 8.7200 -1.2222 0.4567 0.2122 5.68 -7.99 0.13 131 347 177 189 175 
7.71 -10.02 -10.41 1.2300 -1.7300 -7.1600 1.8100 0.3356 -0.0056 5.58 -7.98 -1.08 136 350 177 190 175 
6.42 -1.79 10.63 1.2800 5.7100 6.7000 -1.5989 0.7622 -0.6656 6.28 -7.52 0.23 2 323 178 195 181 
10.50 -3.51 0.37 3.0700 1.0500 -1.0200 -5.4456 11.0622 -5.0800 7.55 -4.01 4.79 121 282 249 271 205 
1.05 -0.86 10.90 -0.5400 2.4300 1.5300 1.3856 0.8733 -2.5322 1.62 -1.02 9.61 174 341 291 378 207 
1.28 8.33 11.00 7.2100 10.4500 18.6700 -2.4233 -2.7456 -0.2944 0.60 0.35 9.78 176 362 348 396 213 
0.13 0.65 9.72 -0.5800 -0.0600 -0.1500 -0.1089 -0.0889 0.0444 0.72 0.49 9.76 178 365 348 395 214 
0.81 0.25 9.80 -0.0600 -0.1600 0.0000 -0.1600 0.0300 0.0189 0.73 0.33 9.77 173 356 351 394 214 
0.47 0.14 9.75 -0.1000 -0.0500 -0.2800 -0.0844 -0.1011 0.0644 0.91 0.15 9.76 173 353 351 392 213 
;
