-0.09 0.09 9.82 -0.0700 -0.0800 0.0300 -0.0056 0.0022 0.0067 -0.02 0.18 9.80 172 356 359 393 215 
0.10 0.14 9.73 0.0400 0.0000 0.1400 -0.0122 -0.0544 -0.0111 0.03 0.18 9.80 170 353 357 390 215 
0.36 0.10 9.95 -0.2600 -0.2400 0.2300 -0.1956 -0.2833 0.1178 0.42 0.02 9.79 176 321 338 362 216 
8.13 -0.77 16.70 2.2900 0.8700 4.3600 -5.3367 0.1967 1.6022 1.25 -4.86 8.42 184 339 161 163 148 
-3.00 -6.22 2.24 -3.1600 2.0800 -4.0400 -1.3200 0.1622 -0.3378 0.76 -7.52 6.24 189 329 172 173 158 
1.33 -2.66 3.18 1.7100 5.1100 -3.1600 0.4900 0.0167 0.2022 0.90 -7.55 6.19 190 332 174 179 160 
5.58 -9.67 14.31 -1.5500 -6.3400 11.7500 0.4600 -1.2456 3.3944 -0.45 -6.23 7.55 191 341 176 184 160 
-7.83 -8.35 9.73 -6.6100 1.1500 3.0900 -2.8656 0.2989 -0.1322 -0.65 -8.57 4.71 190 352 180 186 163 
-4.87 -1.71 2.85 -3.3900 8.8200 -0.3600 -1.2100 1.3256 -2.2422 0.83 -9.53 2.11 191 355 182 189 164 
4.33 -2.13 0.72 2.6900 6.9500 -1.4100 1.5078 1.3422 -1.6833 2.96 -8.72 3.35 189 356 185 191 165 
15.97 -8.89 5.58 11.0700 -2.8800 2.5900 3.2144 -0.2333 2.2656 2.68 -6.78 6.55 192 353 187 191 163 
-2.50 -7.95 6.12 -2.1600 1.9600 -1.2900 -0.5733 -0.2311 0.4556 2.18 -7.33 6.12 190 349 187 193 166 
1.14 -5.94 6.67 -0.7000 0.4600 0.6700 0.5067 -0.2300 -0.3633 2.23 -6.91 6.59 191 350 189 192 165 
2.07 -8.83 6.06 -1.3200 -2.5500 -0.9600 4.0056 -5.2633 -0.7144 5.03 -4.95 6.80 178 319 190 194 174 
23.18 0.00 -2.00 11.1600 1.9700 -2.2800 6.6800 -1.5878 2.1356 9.35 -2.81 0.88 115 308 184 194 170 
4.27 -1.79 1.12 -4.3900 1.5700 -2.5800 2.4567 1.1989 0.0656 8.23 -1.94 4.96 105 309 188 201 172 
4.84 3.08 4.61 -2.9300 3.6100 -1.2800 1.2889 0.7478 0.3878 7.10 -0.59 6.73 112 321 193 196 173 
7.54 0.55 5.99 0.3200 0.9700 -0.0600 -0.2622 0.0222 -0.2422 7.00 -0.48 6.85 112 345 196 196 174 
7.54 1.08 7.19 -0.6500 1.8300 0.2900 -0.2744 0.2144 -0.4122 6.88 -0.28 6.97 114 377 192 198 175 
6.12 -0.63 4.97 0.0400 -0.3500 -0.9000 -1.2867 1.0067 -0.7211 6.45 -0.86 7.32 112 397 196 202 178 
4.96 -2.95 9.08 -0.8700 -0.6800 1.6000 -0.2600 -0.4622 -0.1000 6.73 -1.28 7.01 111 404 197 202 177 
2.98 2.37 6.52 -5.7500 4.3400 0.1000 -1.9367 -0.1622 -0.3367 7.15 -2.13 6.36 110 394 196 203 178 
7.00 0.82 4.18 3.1300 3.7400 -0.3200 -5.3889 5.1378 -6.5233 6.86 -1.09 6.91 131 287 193 206 188 
8.49 2.99 13.26 7.0300 3.7700 5.5500 1.0478 3.9811 -2.5078 1.02 0.06 9.75 174 327 311 347 211 
2.48 -4.07 -3.99 -2.8800 -0.3600 -1.4600 1.4989 -0.3389 0.4089 -0.04 0.20 9.80 166 350 336 367 212 
;
0.13 -0.21 9.82 -0.0600 -0.0600 -0.0100 -0.0067 -0.0056 0.0022 0.17 -0.13 9.80 158 344 338 361 213 
0.10 -0.20 9.77 -0.0400 -0.0700 -0.0400 -0.0022 0.0011 0.0011 0.17 -0.14 9.80 158 343 337 363 215 
0.08 -0.22 9.81 -0.0900 -0.0700 -0.0200 0.0011 -0.0033 -0.0011 0.17 -0.14 9.80 157 339 337 357 214 
4.49 3.90 15.24 -0.6300 -0.4800 7.9300 -5.3922 -0.4722 -0.2467 -0.18 -4.13 8.89 185 359 162 171 157 
-1.96 -4.32 1.47 -0.6400 3.6600 -5.3600 -0.8589 0.2244 0.0033 -0.63 -6.49 7.31 189 370 169 178 156 
4.66 -3.74 7.81 5.3900 0.4000 2.1100 1.1178 -0.2511 1.7933 -1.23 -5.42 8.07 192 372 170 182 152 
-5.68 -10.83 15.36 -5.1100 -5.3400 6.2700 -2.0844 -0.7633 1.0589 -1.68 -6.37 7.25 194 377 175 185 154 
-6.70 -2.69 3.88 -5.4700 5.9100 -1.7700 -2.4444 0.1989 -1.4767 -0.62 -8.94 3.96 194 379 178 190 157 
-1.53 -1.90 -0.22 -1.0500 7.1400 -3.4200 0.6444 1.3633 -2.2789 2.25 -8.88 3.48 192 380 178 191 159 
7.46 -2.36 4.57 4.7500 5.4700 -0.4500 2.8022 1.6356 -0.7211 2.59 -6.71 6.66 193 380 183 194 160 
-1.36 -8.81 20.82 -7.2500 -6.1100 10.0400 -0.5500 -1.1256 2.0300 0.70 -5.04 8.37 194 382 181 195 161 
-0.61 -4.40 6.13 -1.0700 -0.9500 -2.4600 2.3400 -2.2156 0.7911 2.13 -3.83 8.77 192 354 160 184 167 
22.28 0.98 7.04 12.9500 1.4700 1.0700 2.2233 -3.0467 3.2711 9.02 -1.32 3.60 132 290 175 189 169 
6.37 -0.52 0.47 -2.5700 2.2800 -3.6900 5.7578 -0.7667 1.8244 8.48 -1.91 4.52 95 355 142 190 170 
4.59 2.91 4.18 -3.0600 3.8800 -0.4700 1.6256 0.4778 -0.0356 8.04 -0.14 5.61 101 366 184 191 173 
7.60 1.17 2.80 1.6800 1.0200 -1.5400 0.1200 -0.1278 -0.0367 8.11 0.43 5.48 103 380 183 196 175 
10.01 1.82 3.83 1.3200 1.4300 -1.9700 -1.1956 0.1944 -0.0922 7.98 -0.04 5.68 105 392 189 201 180 
7.29 -3.02 6.99 -0.0500 -2.5700 1.4500 -0.7444 0.1356 -0.1989 7.65 -0.73 6.08 111 399 190 200 181 
3.21 2.71 5.42 -5.7600 4.2900 -0.7500 -2.4844 0.4378 -1.0200 7.62 -1.64 5.93 109 369 194 198 182 
7.37 0.20 5.78 0.7500 1.3600 0.3300 -4.2633 3.8744 -6.0967 6.42 -0.44 7.39 123 264 219 229 199 
6.40 0.81 14.93 4.3600 1.6900 4.7800 -0.5178 5.0622 -2.5100 0.84 -0.80 9.73 175 332 302 370 211 
-2.63 -1.17 4.48 -1.5700 -1.8200 -5.8300 1.7756 0.1400 0.6533 -0.71 1.24 9.70 174 364 322 390 211 
;
