7.78 2.97 -5.05 0.0100 0.0000 0.0900 -0.0033 0.0278 -0.0400 7.79 3.02 -5.12 172 257 201 207 172 
7.82 3.03 -5.19 0.0200 -0.0400 -0.1100 -0.0244 0.0178 -0.0033 7.79 3.06 -5.09 173 256 202 208 172 
14.73 3.27 -1.83 7.5700 0.6800 2.9100 -1.8733 6.8356 1.0489 9.29 2.93 -1.09 172 292 199 185 155 
9.95 3.01 9.30 2.1700 3.9000 1.3500 -7.8756 6.3278 2.4711 4.01 -3.99 8.00 178 345 189 190 157 
0.12 -4.40 1.79 -1.1700 2.4900 -4.4900 -1.4222 0.8889 -0.4344 1.70 -7.85 5.61 180 357 194 194 156 
2.82 -2.97 1.35 0.7100 4.9700 -4.5900 0.8600 0.2367 -0.4678 1.71 -7.71 5.81 181 364 192 198 158 
9.40 -6.00 5.83 7.7000 -0.5900 -0.8100 3.2622 -1.7122 1.1033 2.73 -4.74 8.13 180 367 199 199 157 
-4.53 -11.77 18.81 -7.8200 -3.8000 10.0800 -2.4989 -0.9300 2.8278 2.37 -6.81 6.64 181 368 198 201 157 
-5.31 -2.94 7.11 -5.8900 6.2600 2.6700 -2.6656 1.7789 -0.0956 0.61 -9.35 2.86 181 369 197 202 158 
-0.14 -0.08 0.35 -1.1100 9.3400 -1.7100 -0.4311 2.0033 -2.2078 2.70 -9.28 1.65 186 370 195 201 158 
9.36 -2.33 0.32 5.0700 5.3500 -2.9200 2.0867 0.8500 -2.6433 5.50 -6.91 4.24 184 370 199 205 142 
15.21 -6.96 6.20 9.5500 -2.8800 1.6800 3.2233 -1.0167 1.1867 6.10 -3.85 6.63 185 368 200 205 163 
-1.80 -6.13 8.08 -7.3900 -0.9600 1.3200 -0.1744 -1.2178 0.6100 5.93 -5.10 5.90 184 306 205 208 165 
4.84 -3.98 5.23 -0.3300 0.5600 -0.7800 1.6711 -1.1089 0.2922 6.15 -4.72 6.00 179 141 214 213 169 
8.96 -8.36 11.86 4.6800 -6.2600 2.3100 1.3833 2.8467 3.9600 3.04 -4.38 8.22 177 145 187 186 150 
0.61 0.27 2.82 2.0500 4.0100 -6.2200 1.8433 2.7278 3.8033 -4.10 -1.22 8.82 183 146 185 181 149 
-12.94 3.23 7.00 -7.5300 -0.0100 -0.5900 1.2144 0.1267 -0.4733 -5.15 2.17 8.05 185 150 185 182 149 
-4.97 2.29 9.15 -0.6700 0.1000 0.4500 -0.2467 -0.4567 -0.2544 -5.08 1.79 8.19 188 154 187 185 149 
-3.82 0.74 6.24 0.3000 -0.1500 -2.5400 -0.5133 -4.3433 -1.5411 -1.39 0.38 9.69 181 229 232 248 181 
13.43 -1.98 6.15 6.6000 -3.1300 -0.8100 -0.0933 -7.0511 1.2778 8.90 0.25 4.09 97 231 272 280 192 
12.03 -0.02 1.88 1.6800 2.5800 1.8400 0.5778 -1.5656 1.7789 9.45 -2.61 -0.08 88 181 195 196 136 
6.60 1.83 -1.54 -3.2900 5.6300 2.5000 4.0944 2.4656 0.5333 8.68 -3.92 2.31 97 178 196 196 140 
9.43 1.56 3.36 1.4700 5.3700 0.6300 -3.6278 -0.6156 -0.7144 9.01 -3.75 0.94 94 188 197 203 137 
10.55 -5.73 -6.62 1.3600 -2.0800 -7.6900 0.2211 1.8578 0.0622 8.69 -3.85 2.39 99 185 199 201 138 
2.60 0.55 20.20 -3.5700 4.2900 16.4100 -0.6178 -1.4411 -0.6611 9.10 -3.06 1.96 98 189 204 209 142 
5.45 -2.04 -0.46 -4.1000 1.0200 -1.6500 -3.6844 0.7333 -2.4756 9.69 -1.44 0.37 104 197 209 212 154 
11.86 0.76 -0.46 1.8000 -0.5100 -3.2600 3.6667 6.2211 -3.2967 6.81 4.55 5.38 106 206 215 222 158 
;
