0.29 -0.37 9.84 -0.1600 0.0000 0.0500 0.0011 -0.0033 -0.0022 0.41 -0.44 9.78 171 352 348 394 217 
0.26 -0.34 10.53 -0.0200 0.0200 0.3400 -0.3978 0.3233 -0.0711 0.27 -0.59 9.78 173 322 303 286 217 
0.41 -3.87 12.94 1.2800 -0.5300 2.8400 -4.7333 1.5267 0.3244 -0.51 -5.00 8.41 184 363 160 168 152 
-1.17 -2.44 2.20 0.1100 4.0000 -4.8000 0.2022 0.4900 -0.2989 -1.64 -6.43 7.21 191 365 163 177 153 
2.68 -4.23 7.28 4.5300 1.4500 0.5000 1.3089 -0.6656 1.0689 -1.44 -5.23 8.16 193 368 165 180 152 
-4.20 -9.77 16.55 -3.5200 -5.4400 6.8000 -1.3978 -1.0744 1.6600 -1.68 -5.31 8.06 195 365 166 183 153 
-7.53 -4.69 6.54 -5.6000 2.9600 -0.1000 -2.4956 -0.4011 -0.6322 -1.19 -8.05 5.47 195 365 159 176 153 
-2.19 -3.38 2.30 -2.4200 6.0300 -1.6700 -1.6056 -0.7244 -1.3644 0.98 -9.47 2.32 194 345 163 175 159 
3.21 -3.40 -0.79 2.0300 6.1900 -2.1400 0.3667 0.9811 -1.1311 2.62 -9.25 1.88 193 344 180 182 162 
13.49 -9.08 2.01 8.2000 -2.5400 4.0300 2.9078 -0.0211 1.6567 2.47 -7.42 5.90 192 349 179 182 163 
-0.32 -8.70 5.86 -2.8600 0.0500 -0.0100 -0.1933 -0.2200 0.0811 2.77 -7.57 5.56 194 349 181 185 164 
2.09 -5.34 4.57 -0.9000 2.0400 -1.2900 1.0644 -1.4056 0.5689 3.05 -7.29 5.79 178 276 180 189 168 
12.67 -5.45 9.69 8.1300 -0.7300 2.6400 5.1678 -0.4756 4.3889 2.88 -3.35 8.75 95 229 249 262 205 
2.12 0.48 8.54 0.5500 3.0200 -1.0300 0.6167 -1.2044 4.4222 1.78 -3.10 9.12 91 156 209 209 178 
2.96 2.89 7.31 1.3000 4.9500 -2.3400 0.9922 -0.7944 2.5933 0.99 -2.62 9.39 97 163 204 203 174 
0.88 2.03 12.03 -1.4700 4.2200 2.9800 -0.4178 1.5400 -2.0267 -0.11 -3.19 9.27 98 167 206 206 174 
7.70 -2.67 8.46 7.6600 0.4400 -0.7700 0.2244 0.9389 -1.8233 -0.15 -3.33 9.21 99 170 207 207 174 
3.52 -5.45 7.06 0.5800 -1.5100 -1.5500 0.3789 -2.3544 1.9900 0.29 -2.54 9.46 101 170 207 207 174 
-1.26 -1.02 11.96 -2.0100 1.9100 1.6300 -2.1144 0.6733 -3.3644 1.41 -3.88 8.89 108 180 214 211 185 
;
-0.46 -0.54 9.78 -0.0800 -0.0100 0.0100 -0.0033 0.0011 0.0011 -0.34 -0.51 9.78 167 347 350 389 214 
-0.43 -0.50 9.79 -0.1200 -0.0200 0.0500 -0.0067 -0.0044 0.0000 -0.34 -0.51 9.78 167 346 346 390 213 
-0.45 -0.54 9.77 -0.1600 -0.0500 0.0000 -0.0044 -0.0133 -0.0022 -0.33 -0.52 9.78 168 346 350 388 213 
-0.39 -0.55 9.75 -0.2100 -0.0300 0.0700 -0.0233 -0.0344 -0.0022 -0.31 -0.53 9.78 166 342 349 388 213 
-1.34 1.26 12.08 4.2400 3.5300 2.6300 -3.0844 -0.3011 0.0178 0.02 -2.30 9.53 171 289 159 174 167 
1.27 -8.66 6.55 -0.8400 -2.0200 -1.4400 -1.5989 -1.6667 1.0156 1.32 -7.20 6.52 185 348 167 179 174 
-0.23 -3.82 5.47 -0.8900 4.1100 -0.4600 -0.3933 0.3933 0.1667 0.84 -7.83 5.83 189 362 183 195 177 
2.62 -3.60 3.15 3.3000 4.2700 -3.0000 0.9622 -0.4011 -0.0889 1.17 -7.45 6.26 192 364 184 199 179 
4.79 -11.76 12.58 1.9700 -6.2400 8.2700 0.0744 -1.1678 2.6667 0.50 -6.46 7.35 189 365 185 200 179 
-7.47 -7.16 12.34 -6.4200 2.4700 5.8700 -3.5200 0.5200 0.5789 -0.98 -8.94 3.90 192 371 185 203 179 
-3.98 -1.48 3.41 -3.0700 8.2700 1.1000 -1.2811 1.6000 -1.1878 -0.46 -9.75 0.91 192 377 190 205 180 
2.92 -3.30 -0.75 2.8100 5.8300 -1.8900 1.7678 1.5500 -1.8322 1.66 -9.42 2.11 193 377 181 204 179 
10.92 -9.04 3.68 8.4600 -1.4500 0.0700 3.3978 -0.4067 -0.3556 3.24 -7.16 5.85 192 374 189 207 180 
0.59 -9.71 8.83 -3.0700 -2.3200 2.1300 -0.2300 -0.7033 0.0944 3.89 -6.82 5.86 191 376 193 207 181 
4.53 -5.22 4.46 1.5200 0.1900 -2.1700 1.8678 -1.7167 0.9244 4.11 -6.37 6.21 168 346 200 217 190 
11.13 -3.51 9.83 4.7700 1.0200 2.0500 3.9856 0.6356 4.2433 2.65 -3.83 8.62 90 178 273 275 209 
3.61 1.42 5.74 2.9200 6.1200 -3.3500 0.7156 -0.0811 3.4644 0.45 -3.43 9.17 97 154 204 201 179 
-1.98 2.28 11.63 -4.2600 4.9400 4.2500 -0.2178 1.5244 0.4022 -0.28 -2.66 9.43 97 163 207 206 178 
-0.30 -0.15 9.87 0.1500 3.5300 0.4700 -0.6522 0.8667 -2.5689 -0.10 -3.86 9.01 100 165 210 207 180 
7.77 -5.30 8.04 7.4900 -1.7900 -1.1300 0.1644 0.5778 -0.5178 -0.39 -3.83 9.01 99 169 212 210 178 
-5.03 -4.24 6.36 -10.3400 0.5900 1.5100 0.7122 -2.0178 0.0967 1.05 -3.20 9.20 102 171 212 213 179 
0.19 -2.35 8.49 -1.2600 1.8200 -1.2500 -2.3500 1.6811 -3.1867 1.63 -5.24 8.12 114 190 231 231 196 
;
