2.33 -1.93 9.22 0.0100 0.1500 -0.1000 -0.0256 -0.0011 -0.0222 2.34 -2.07 9.29 163 295 291 296 188 
2.42 -1.90 9.07 0.0700 0.1300 0.1700 0.0389 0.0044 0.0156 2.33 -2.04 9.30 170 295 293 295 184 
2.32 -1.93 9.19 -0.0300 0.0800 -0.1600 -0.0122 0.0022 0.0011 2.33 -2.04 9.30 167 295 293 296 188 
2.33 -1.97 9.18 0.0700 0.0500 -0.0700 0.0167 0.0300 -0.0056 2.31 -2.04 9.30 165 294 289 296 185 
0.77 -2.78 14.98 -4.5300 -0.4300 5.6700 -1.9244 0.3911 0.6144 0.46 -3.09 9.29 176 271 153 161 146 
2.91 -5.80 7.33 0.5200 -0.1800 -1.1200 -3.4311 -1.6278 0.4200 2.46 -7.33 6.02 183 343 149 164 150 
1.92 -5.44 1.68 -0.2000 3.4000 -2.5500 -0.7900 0.2767 0.0800 2.43 -8.47 4.29 182 350 160 169 152 
3.94 -3.73 1.17 2.0500 5.5400 -3.0700 0.9267 -0.1667 -0.1022 2.58 -8.17 4.75 184 352 167 174 154 
8.48 -8.13 7.56 6.3700 -3.4000 3.7000 2.2256 -0.9889 1.9711 1.96 -6.83 6.75 185 353 175 174 152 
-1.86 -12.22 13.81 -4.5900 -4.1400 7.4200 -1.4200 -0.4111 2.3678 0.33 -7.67 6.09 189 350 176 180 154 
-5.44 -2.96 6.39 -5.1000 6.3800 2.4200 -2.8767 1.0033 -0.5778 -0.23 -9.53 2.28 186 353 166 183 153 
-1.30 -0.11 0.25 -2.2300 9.4400 -0.7900 -0.1956 2.2444 -2.3878 2.31 -9.49 0.84 189 349 174 184 156 
11.67 -2.24 1.86 8.2300 5.3900 -0.2200 2.9211 1.6378 -1.9700 4.85 -7.27 4.43 182 350 172 182 156 
10.25 -9.50 11.86 0.8900 -5.1900 7.2400 1.1233 -0.8489 1.8144 4.57 -5.58 6.63 189 351 171 188 154 
3.56 -4.81 6.05 -0.5300 0.9000 -1.4500 2.1967 -1.3767 1.1989 5.12 -4.97 6.71 182 298 189 205 176 
12.04 -1.22 7.76 5.7800 1.8700 1.5900 3.2344 -2.3422 3.5789 7.22 -2.85 5.98 96 186 225 222 189 
6.12 2.11 2.70 -1.7300 6.2000 -1.9500 3.7478 -1.7711 2.6122 7.23 -4.12 5.18 89 158 171 176 157 
5.20 -0.05 18.62 -1.7200 3.8500 9.5500 -2.0233 0.7422 -0.5622 6.98 -3.99 5.61 91 167 175 178 161 
10.59 -1.87 1.96 3.2500 3.2700 -3.6900 -2.4289 0.5389 -0.3111 6.94 -5.56 4.11 96 172 170 174 162 
6.46 -7.27 -2.67 -0.7900 -0.8800 -5.8400 1.5378 0.2889 0.3778 6.63 -5.84 4.25 94 168 148 176 162 
-1.32 -2.75 6.19 -11.1200 7.5900 13.7400 0.7522 -2.6611 0.1444 6.62 -3.80 6.15 101 167 143 179 161 
1.95 -2.96 8.65 -4.3200 1.0100 2.2700 -1.8989 -0.3378 -1.3422 7.23 -3.79 5.42 101 169 174 190 163 
5.42 -1.94 3.42 -2.0500 2.1400 -0.7600 -2.7244 -0.1822 -2.9267 8.79 -2.64 3.42 106 180 176 188 163 
17.06 -1.31 -1.33 8.1600 0.3100 -4.3600 0.3189 -0.1478 0.0578 9.24 -1.28 3.02 102 175 175 189 165 
11.56 0.26 0.54 0.8500 3.1300 -2.8500 1.8200 0.0700 2.2100 8.59 -2.92 3.69 106 180 179 186 165 
6.55 3.55 0.95 0.0000 7.2000 -1.5600 3.7500 1.1133 1.0167 7.84 -2.88 5.12 106 170 170 173 150 
1.50 -2.90 12.20 -2.3500 2.2100 3.7100 -1.2233 -1.3256 -0.2967 6.90 -3.18 6.18 105 180 179 186 159 
8.72 -1.25 1.13 1.6600 2.6900 -5.4100 -1.6833 -0.5356 -0.4533 7.25 -4.30 5.00 101 182 179 183 162 
7.50 -5.61 -4.44 -0.2500 -1.8900 -8.0200 1.5811 -0.0633 0.3322 7.31 -4.68 4.55 110 170 174 179 138 
8.26 -5.88 7.28 -1.1200 -1.8800 2.3600 -1.6611 2.7144 -0.4233 6.87 -4.55 5.30 108 184 186 195 159 
3.47 -4.36 4.66 -1.0600 0.5500 -1.4100 -1.6622 2.6778 -2.3767 6.13 -4.32 6.30 124 202 199 212 177 
5.15 -0.50 6.51 1.2400 4.4300 -0.1200 0.1733 4.0833 -2.9067 3.66 -2.26 8.80 166 272 257 266 182 
;
