0.62 6.00 7.47 -1.2000 -0.4300 -0.2900 0.1189 0.4789 -0.1156 1.12 6.35 7.38 172 267 285 295 184 
0.87 6.01 7.40 -0.2200 -0.2900 -0.0300 -0.1789 -0.3011 -0.0600 1.26 6.24 7.45 171 261 277 292 186 
1.93 5.82 7.72 0.4900 -0.4000 0.2800 0.0256 -0.2800 0.2222 1.68 6.19 7.41 174 264 275 295 184 
2.58 5.83 7.48 0.6400 -0.2300 0.1000 -0.0300 0.0856 0.0567 2.01 6.05 7.44 174 264 277 290 183 
1.89 5.82 7.60 -0.0600 -0.2200 0.1700 -0.0156 0.0133 0.0122 1.98 5.97 7.51 169 266 279 293 185 
2.18 5.86 7.65 0.2100 -0.0500 0.0600 -0.0167 -0.0322 0.0211 1.99 5.92 7.55 170 268 283 294 188 
9.16 17.62 21.79 6.0600 12.5200 14.4300 -7.7900 1.0833 2.9878 1.16 0.81 9.70 171 308 173 169 139 
-2.87 -2.66 1.11 -3.2200 3.3300 -6.8500 -3.0044 0.7167 0.0456 1.15 -6.69 7.07 183 332 168 170 137 
1.26 0.52 2.11 0.3200 7.4700 -4.4800 0.9689 0.0333 -1.0600 1.69 -6.73 6.91 183 342 167 174 123 
8.41 -4.30 10.18 7.1700 -0.2500 5.7000 3.3433 -0.9256 1.6867 2.09 -3.20 9.02 184 346 173 181 142 
-3.31 -7.82 17.28 -5.7600 -3.6800 8.6000 -2.6478 0.5444 3.0544 1.06 -5.48 8.05 182 348 178 183 69 
-5.06 -1.28 7.21 -4.6500 6.7800 1.1000 -2.8111 1.7644 -1.3544 -0.13 -8.67 4.57 184 348 178 186 131 
1.18 0.67 0.80 -0.1200 9.8100 -2.4700 -0.2056 1.4933 -2.3122 2.26 -8.97 3.24 186 351 181 189 145 
10.03 -4.04 2.53 7.3400 1.9200 -1.9700 2.9689 0.4211 -1.4756 4.14 -6.44 6.11 184 342 181 190 148 
13.32 -8.21 13.00 5.4700 -3.3400 7.0100 1.6678 -0.9778 3.5733 3.98 -4.52 7.73 183 333 186 191 146 
-2.73 -3.11 7.53 -4.2300 4.0500 1.0800 -0.5700 -0.2889 0.2956 3.30 -6.44 6.61 185 289 190 192 153 
6.16 -10.23 12.85 2.0900 -4.3000 5.9900 -3.9311 1.0122 0.5722 2.53 -8.59 3.98 172 263 311 298 185 
3.63 -4.46 -3.49 1.6400 5.8300 -3.5800 -3.8856 0.8289 0.6811 1.56 -9.39 -2.34 166 279 309 310 187 
-0.81 -6.06 -9.75 -2.7600 1.9000 -7.7700 1.6033 -0.6511 0.0356 1.12 -9.41 -2.51 169 277 309 306 190 
0.31 -2.80 7.52 3.8000 9.6600 16.4900 2.7033 0.6367 0.6689 1.21 -8.85 4.03 173 289 308 305 187 
1.87 -5.53 1.54 0.0000 2.9700 -2.0400 -3.9067 -0.7867 0.2600 1.28 -9.64 -1.20 175 288 301 306 187 
-5.66 -10.73 -14.92 -6.6400 -1.3200 -10.3100 2.5011 1.1889 -0.8167 1.44 -9.54 -1.73 177 290 311 312 189 
-1.51 -3.91 6.71 0.7800 8.8100 13.8500 3.2856 -0.6267 -2.2222 3.85 -8.14 3.87 180 289 309 314 191 
6.03 -2.94 -0.76 1.1600 5.5300 -2.9400 -1.3689 -0.3778 2.2300 3.08 -9.26 0.91 180 286 190 193 157 
-1.19 -8.21 -3.92 -2.7400 -2.6700 -4.1900 4.7433 -0.7289 1.0600 0.79 -8.79 4.26 181 319 169 172 142 
-3.50 -10.05 10.01 -2.8500 -1.7200 0.8300 0.2522 0.6911 -1.6700 1.65 -7.58 5.99 182 339 173 182 145 
7.42 -2.56 5.50 6.1000 3.3000 -1.3400 2.2422 0.1144 0.4389 1.95 -5.70 7.73 182 342 181 184 145 
0.42 -10.25 17.25 -1.4600 -6.1900 8.4600 -1.2056 -0.7322 3.3833 0.54 -5.31 8.22 184 348 183 184 147 
-6.40 -3.98 10.64 -5.1900 4.7700 3.8500 -3.4589 -0.0833 0.0978 0.13 -8.45 4.95 186 347 189 189 149 
-2.52 0.90 1.99 -2.5400 10.3900 -0.2700 -1.2456 1.5167 -2.1978 1.88 -9.46 1.73 179 340 190 191 149 
7.66 -1.87 0.69 6.1200 5.7000 -1.7300 2.5400 2.2800 -2.2078 3.86 -7.92 4.29 183 310 192 190 149 
13.57 -9.93 6.94 8.3600 -5.5800 1.2200 2.7889 -0.9122 1.0900 4.26 -5.36 7.01 183 301 190 196 150 
-2.20 -8.05 8.73 -6.0000 -0.7500 0.9800 -0.6500 -0.5100 0.3511 3.40 -6.49 6.51 185 302 196 197 151 
;
