0.71 6.02 7.67 -0.1100 -0.0900 0.0700 0.0000 0.0044 0.0000 0.81 6.11 7.62 190 350 317 347 199 
0.71 6.03 7.67 -0.0900 -0.0800 0.0400 0.0000 -0.0022 0.0033 0.81 6.11 7.62 190 351 314 348 199 
0.72 6.03 7.72 -0.6300 0.2900 0.5200 0.0078 -0.3022 0.1156 1.06 6.07 7.62 194 348 319 356 202 
4.53 9.28 13.00 2.5500 5.5500 6.6700 -6.0144 -0.1078 0.5656 2.62 2.04 9.22 186 306 263 246 195 
0.40 -2.47 2.62 0.1900 1.0600 -6.9200 -3.4433 0.9900 -0.1956 1.13 -5.61 7.95 180 344 209 207 172 
3.16 -5.58 6.03 3.8000 0.0800 -1.3200 1.6544 1.6822 -0.2456 -0.19 -5.11 8.36 192 394 199 211 174 
-2.03 -10.72 14.90 -2.9200 -6.4100 7.9700 -2.1356 -0.1500 1.1511 -2.29 -5.61 7.70 194 397 210 216 178 
-9.97 -1.74 8.41 -7.4700 6.9100 0.7500 -2.7144 -0.2500 -2.3933 -0.87 -8.74 4.34 195 398 214 220 177 
-0.39 0.62 -0.48 -1.3300 8.9800 -4.0900 -0.3811 0.4667 -2.5633 2.80 -8.92 2.93 183 398 214 219 175 
11.56 -5.19 1.35 7.6100 1.6600 -1.4900 1.9444 0.2656 -1.2878 5.23 -6.80 4.74 195 399 215 222 177 
11.63 -9.25 11.12 5.7300 -3.3800 4.8600 1.5656 -0.4056 2.6678 4.22 -5.89 6.60 197 399 218 221 178 
-7.36 -6.07 8.67 -10.1900 1.7800 2.3100 0.0533 -6.3222 0.5111 4.88 -7.07 4.71 190 303 253 247 191 
8.10 -4.05 -7.46 1.9200 -0.8100 -4.4000 0.5367 -12.4633 2.2100 2.93 -5.76 -7.37 161 260 310 338 220 
-0.17 -5.97 -7.86 -2.4900 -0.7400 0.3300 -0.3956 -0.0656 0.2078 2.22 -4.84 -8.23 168 277 317 350 227 
2.92 -4.31 -8.26 0.1200 -0.3700 -0.0500 -0.0944 -0.0356 -0.1122 2.21 -4.53 -8.40 168 279 317 347 223 
5.23 -8.28 -12.25 2.9800 -4.2500 -4.5000 0.7178 0.0767 0.3100 2.21 -4.88 -8.21 174 288 318 355 224 
3.81 -5.58 -8.21 -0.4100 2.1900 0.6100 2.4589 1.4600 0.7478 2.04 -7.20 -6.33 197 385 338 411 220 
1.44 -2.85 -1.74 -1.1100 4.8000 2.2400 0.1311 0.3633 -0.0800 2.72 -8.41 -4.24 197 403 344 421 218 
2.55 -6.19 -2.84 -0.1900 1.6100 1.0700 -0.0711 0.2700 -0.5189 3.28 -8.26 -4.13 197 394 343 421 217 
;
6.33 -7.89 -3.17 1.6700 -0.2200 0.9600 0.1733 0.3411 -0.4111 4.43 -7.94 -3.66 199 374 343 417 218 
5.00 -9.12 -2.51 -0.4100 -1.1800 1.3000 -0.8244 0.5633 -1.2656 5.69 -7.04 -3.76 189 283 273 280 205 
5.28 -3.11 -2.97 -1.8400 2.4100 0.4700 -0.0200 0.5811 -1.9989 8.11 -4.58 -3.04 140 244 260 267 194 
10.96 -1.96 -1.48 2.6300 0.3400 0.7600 -0.6111 1.1678 -1.8411 9.51 -1.54 -1.81 149 254 260 273 193 
15.01 -0.45 -0.68 2.8400 0.6400 0.5600 -0.0633 0.7756 0.2022 9.73 -0.95 -0.67 154 258 257 272 195 
10.06 -1.59 0.95 0.6200 1.1100 -0.5200 -2.5867 6.4489 1.3222 8.32 -3.09 4.15 139 268 262 270 197 
3.17 -6.18 3.12 -0.9800 -1.3200 -3.0500 0.3378 1.5156 1.9367 1.96 -5.54 7.84 165 235 217 216 166 
-0.98 -7.45 9.87 -0.7800 -1.5600 2.2100 -0.2511 1.3800 1.2567 -1.27 -5.82 7.78 165 320 219 226 170 
-5.01 -5.70 10.32 -3.5200 1.1300 2.6400 -1.9300 0.8011 0.3022 -2.94 -6.96 6.24 175 370 211 217 171 
-6.15 -4.88 5.91 -3.5700 3.3500 0.7100 -1.6489 1.0167 -1.4733 -2.33 -8.83 3.55 187 378 200 214 168 
-1.43 -3.32 0.87 -0.2500 6.2800 -1.7400 -0.2144 1.2022 -2.4922 0.75 -9.49 2.34 191 387 196 210 167 
6.61 -3.94 1.63 3.9200 4.6100 -1.4000 1.3244 -0.1622 -2.2778 4.13 -8.08 3.70 194 386 196 211 167 
10.25 -8.15 5.85 5.1900 -1.5800 2.3800 2.6044 0.4233 1.1833 4.18 -6.34 6.19 193 387 200 211 168 
-3.46 -8.92 11.09 -7.8600 -2.3100 3.3900 -0.1833 -3.9322 1.0122 4.46 -6.52 5.80 192 308 221 227 176 
6.48 -3.45 -2.15 -0.5500 1.2700 -4.6500 1.1700 -12.8600 -1.7933 7.29 -3.77 -5.35 162 269 279 298 203 
3.50 -3.19 -9.91 -0.5100 -0.1200 -1.8500 -0.5933 -0.4278 0.0567 3.05 -2.98 -8.82 168 268 282 306 206 
6.21 -5.83 -13.04 3.4000 -1.9000 -3.7800 1.6644 0.0578 0.4689 2.62 -4.21 -8.45 179 283 285 310 210 
2.97 -4.22 -6.43 -0.0800 1.7500 1.2900 2.6200 1.2833 0.7122 2.73 -7.15 -6.12 192 336 317 382 213 
1.87 -4.75 -0.71 -0.9200 3.8500 1.7700 0.7200 0.3756 0.3300 2.58 -9.04 -2.77 196 358 335 409 214 
;
