7.52 1.39 5.94 0.0400 -0.0500 -0.1400 -0.0100 0.0333 0.0100 7.53 1.46 6.10 168 252 207 209 174 
7.46 1.45 6.01 -0.0800 -0.0100 -0.1300 0.0133 0.0022 0.0056 7.52 1.47 6.11 167 250 209 207 175 
7.37 1.28 6.34 0.1000 -0.0900 0.1900 -0.1378 0.5533 0.0133 7.19 1.34 6.52 168 250 190 179 141 
7.90 -0.34 7.91 1.5100 -0.6300 2.8000 -1.3078 2.4833 0.3578 5.88 0.02 7.84 179 332 164 172 136 
2.73 -3.95 12.36 -0.6400 0.8400 2.3700 -5.1322 2.0289 -0.1222 2.13 -6.11 7.36 181 336 172 180 142 
1.72 -3.86 3.12 0.7600 4.4700 -1.9700 -1.1878 0.4956 -0.5867 1.69 -8.25 5.01 184 336 175 181 141 
2.33 -3.12 1.67 0.9300 5.1100 -3.9400 1.5633 0.2267 -0.4711 1.87 -7.54 5.98 183 341 184 182 144 
8.91 -8.05 9.63 8.2400 -4.0800 4.3100 2.1011 -1.2700 1.6800 1.96 -5.15 8.10 186 343 185 182 144 
-6.84 -9.09 16.05 -8.6900 -0.9100 6.8300 -3.3333 -0.1667 2.0067 0.10 -7.74 6.02 186 343 185 183 142 
-6.02 0.24 5.57 -5.7100 9.7500 2.1400 -2.1600 1.7711 -1.6867 0.58 -9.56 2.10 184 342 184 185 145 
6.84 0.04 -1.60 5.4700 9.1700 -3.8600 1.8411 1.4967 -2.2000 3.19 -8.77 2.97 187 341 182 186 146 
14.33 -6.99 7.76 10.9200 -1.2100 1.9700 4.2244 -0.5044 0.2589 4.27 -5.00 7.26 185 340 186 187 143 
-3.50 -9.44 12.98 -6.7300 -1.0400 2.8300 -0.9411 -0.5733 1.7244 3.46 -6.07 6.87 187 342 187 187 146 
3.51 -3.43 4.54 0.0700 1.3700 -1.4800 0.7789 -0.5100 -0.3367 3.94 -5.75 6.89 187 338 184 185 145 
2.29 -7.52 7.94 -3.0500 -2.8000 1.6700 3.5878 -6.5211 -0.5978 7.68 -3.26 5.14 147 231 190 191 152 
4.01 -4.87 2.56 -4.8000 -1.6700 -2.2000 0.8067 0.1644 -0.5011 8.56 -2.72 3.92 133 248 194 192 150 
9.83 2.13 -2.02 2.8700 2.9500 -7.1000 3.0600 2.1411 -1.2044 7.31 0.68 6.50 137 274 199 195 150 
16.25 4.85 15.29 6.2800 3.2900 11.1600 1.3522 0.6689 3.3222 7.21 1.36 6.49 153 306 202 197 154 
-1.96 0.55 9.71 -9.5600 3.0800 1.8600 -2.7011 -0.7056 2.0167 6.43 -3.89 6.29 154 310 197 199 152 
-1.08 1.68 -2.53 -6.5200 6.0600 -8.8900 -0.9322 0.0489 -3.6756 7.75 -3.01 5.19 154 304 199 197 150 
13.93 2.51 -0.02 6.9900 2.2100 -4.0500 2.9889 -0.3567 -1.9089 8.09 2.17 5.09 154 299 198 201 151 
15.63 8.41 15.04 6.8200 4.7700 11.5600 0.4278 -0.0400 2.6200 8.46 2.60 4.21 157 295 199 199 152 
1.95 -0.31 1.26 -6.8000 0.1100 -3.1900 -2.1222 0.5022 -0.0544 9.09 -1.02 3.51 147 275 196 203 155 
10.48 -0.56 3.85 1.0000 0.1500 0.9300 -0.2156 -0.2978 -0.0411 9.28 -0.93 3.01 148 273 202 204 154 
11.24 -1.15 4.18 3.2100 -0.8800 1.6800 0.0467 0.3189 0.2211 9.25 -1.03 3.08 151 287 199 202 154 
14.76 -2.97 5.52 5.2700 -0.7800 0.2100 0.8678 2.7667 1.9900 7.35 -2.47 6.00 150 293 197 203 155 
3.18 -1.62 1.84 -2.5900 1.2500 -5.9700 2.1044 2.0156 1.5011 3.87 -2.16 8.74 160 295 196 200 154 
-0.11 1.78 7.17 -1.8600 2.6100 -1.2100 0.5833 1.6078 -0.1278 1.46 -0.62 9.67 164 178 191 193 154 
1.13 -1.17 8.97 0.7000 0.0400 -0.1400 -1.0822 1.1889 -1.2856 -0.07 -1.72 9.65 131 153 188 190 155 
-0.56 -1.70 8.49 -0.1600 1.1500 -1.0700 -1.1411 0.4200 -1.3133 -0.79 -3.57 9.09 118 168 178 190 153 
1.27 -5.93 6.58 1.0600 -2.7000 -2.0200 -1.6967 1.6311 -0.9822 -1.63 -5.70 7.80 113 172 184 188 156 
-3.31 -5.55 5.42 -1.6300 0.7500 -2.9900 0.4644 -1.0100 -1.1556 -0.27 -5.84 7.86 120 178 195 200 158 
-0.74 -0.63 2.28 -3.5700 4.5700 -5.9600 0.8211 -4.9956 -2.6822 5.34 -3.49 7.44 148 187 201 207 163 
17.66 3.16 2.34 12.2900 3.3400 1.6300 0.2356 -2.1789 -1.9778 9.35 0.33 2.91 156 204 224 226 172 
;
