0.02 6.37 7.40 0.0900 -0.1200 0.0300 -0.0033 0.0022 -0.0033 -0.03 6.48 7.35 178 374 356 403 210 
0.01 6.42 7.35 0.0000 -0.0700 0.0000 0.0011 0.0244 -0.0033 -0.03 6.49 7.34 179 372 356 406 209 
-0.02 6.41 7.51 0.2200 0.2400 0.3300 -0.0500 0.1078 -0.0267 -0.06 6.46 7.37 178 372 357 411 209 
3.71 8.97 13.80 1.7700 2.5700 5.9500 -4.3600 0.4978 2.4633 0.99 2.25 9.49 190 370 192 187 158 
-1.49 -1.81 7.29 -2.4600 1.0600 -2.8100 -3.2811 0.4756 -0.4978 0.92 -3.56 9.09 193 386 182 187 152 
1.27 -1.16 4.48 1.1800 4.0100 -3.2900 -0.4033 0.0744 -0.2956 1.04 -5.24 8.21 196 389 187 192 155 
6.82 -4.02 9.28 6.9000 -1.5200 0.8800 1.3722 -0.7867 2.1478 0.95 -4.31 8.75 196 391 187 195 156 
-5.30 -9.68 15.56 -7.0600 -2.7200 6.2800 -2.9578 -0.1311 1.3400 -0.20 -6.64 7.20 194 389 189 197 157 
-5.71 -2.21 4.90 -5.6200 7.1100 -0.3600 -1.9611 1.0844 -1.7844 0.72 -8.80 4.26 197 393 191 201 158 
2.98 1.24 0.93 0.8100 9.7700 -2.9900 0.8744 1.8000 -2.5278 3.21 -8.03 4.62 195 392 193 202 159 
12.09 -2.38 7.59 9.0600 3.1600 0.6800 3.7144 0.4033 0.3489 2.93 -4.72 8.07 197 392 193 204 159 
6.17 -6.52 18.25 2.2200 -3.9600 9.4900 0.3422 -0.9956 3.8922 2.79 -3.13 8.86 196 392 196 205 159 
-4.49 -3.10 8.88 -6.7300 3.1100 -0.4700 -1.9367 -0.5333 0.3133 2.64 -6.10 7.20 194 389 195 206 160 
4.35 -4.62 6.73 1.2700 -0.2500 0.3200 0.7289 -0.0544 0.0567 3.02 -5.72 7.36 196 383 197 206 162 
3.91 -5.68 7.61 -0.7700 -1.6900 2.1000 2.2011 -4.9400 0.6500 6.34 -4.31 6.10 159 274 228 227 187 
8.20 -1.00 2.24 0.3600 2.3200 -3.8700 1.3722 -0.0689 -0.5222 7.64 -2.90 5.41 150 291 216 216 175 
9.72 1.27 2.64 3.3300 2.4600 -1.8500 2.4056 -0.1911 -0.0522 7.85 -0.35 5.86 160 304 214 218 176 
18.91 -0.02 13.12 8.5000 0.0800 6.9600 -0.8678 0.3011 4.0144 7.85 -3.32 4.83 168 317 215 214 174 
-3.74 -7.37 5.73 -10.1100 -0.0900 0.0400 -1.5667 1.8222 -0.0189 4.84 -7.16 4.62 167 321 220 216 175 
5.41 4.38 -2.68 0.6200 10.2900 -7.0600 1.4456 0.9067 -3.6067 7.47 -3.88 5.01 168 320 223 216 175 
12.76 0.86 3.28 5.6300 1.9800 -0.8300 1.1022 -1.4456 -0.8167 8.98 -1.07 3.77 166 312 212 219 178 
12.21 -2.26 8.48 0.9600 -0.3300 5.5700 -0.5578 -2.1367 2.9511 9.08 -3.41 1.40 169 317 219 222 179 
5.75 -3.76 -0.11 -2.4100 0.1800 -1.3000 -0.4422 0.0356 -0.5456 8.90 -3.96 1.04 169 316 223 222 181 
;
