2.44 6.50 6.91 -0.0400 0.0000 0.0100 -0.0022 -0.0044 0.0044 2.43 6.52 6.90 172 335 359 404 204 
2.44 6.51 6.95 0.0700 0.0400 0.0400 -0.0700 0.0078 -0.0089 2.43 6.49 6.93 167 335 358 406 207 
1.87 10.19 12.21 2.0600 4.9600 5.5900 -0.3711 -3.6556 3.3922 5.71 4.93 6.25 197 333 336 395 215 
10.59 6.52 8.20 2.2600 4.8900 0.7900 -3.3189 -1.7222 4.5833 8.20 -1.79 5.05 196 339 340 393 216 
0.95 -2.31 -1.04 -4.2800 3.6900 -5.5700 -3.2344 1.3933 3.3167 3.81 -8.45 3.19 197 355 346 401 217 
-0.27 -6.66 -1.69 -1.8800 2.8200 -3.5900 -1.4644 1.4700 1.7289 0.22 -9.76 0.84 194 371 351 400 216 
-2.80 -5.88 -7.20 -2.6900 4.0900 -8.1600 3.4044 -1.3089 -0.9456 0.23 -9.38 2.82 194 373 355 408 217 
2.97 5.33 -0.39 2.2000 11.7100 -6.6300 9.3400 -1.4378 -1.8356 3.35 -0.25 9.21 194 341 351 404 213 
2.24 9.72 26.86 0.5000 4.3600 14.1100 -2.0889 -1.7344 -0.0844 3.46 2.57 8.80 196 347 351 400 215 
3.08 0.59 4.67 -1.1600 -0.6700 -4.0400 0.0689 -0.0056 -0.0578 3.64 1.50 8.98 198 353 352 395 214 
2.12 2.13 5.47 -1.9200 0.3500 -3.2400 -0.1500 -1.2667 -2.0256 4.61 2.30 8.34 188 307 321 320 212 
5.65 4.41 9.03 2.5200 1.2300 1.8900 0.3778 -1.4400 -1.9622 4.15 4.39 7.71 188 291 314 328 214 
3.46 3.21 16.09 4.4500 2.4500 13.3000 0.7078 -4.2600 2.7044 6.99 3.53 5.88 192 305 322 346 215 
9.85 4.67 3.57 0.0500 6.0000 -3.1100 -4.8844 0.5522 5.1433 7.29 -5.14 4.05 192 337 340 369 215 
1.36 -2.90 -3.36 -2.8800 5.1700 -5.1800 -3.1578 0.6200 3.1389 2.64 -9.43 0.36 190 359 350 392 214 
-1.93 -6.10 -4.89 -3.4000 3.4800 -4.2000 0.7133 -0.4922 0.2422 1.01 -9.74 -0.42 193 364 350 404 215 
0.65 -1.46 -6.47 -0.9300 8.9300 -8.6900 5.7589 -0.8533 -1.8567 3.26 -7.78 4.99 192 356 354 402 217 
4.47 18.47 24.72 0.2100 17.7500 15.9000 4.7933 -0.6033 -0.3244 3.88 2.82 8.54 195 340 346 391 214 
4.32 3.16 9.81 -0.1100 0.1500 0.8300 -1.7500 -0.7622 -0.0178 4.88 1.42 8.38 193 347 345 393 215 
2.64 1.67 4.19 -2.5100 0.7100 -4.0800 -0.3600 -0.5344 -1.2044 4.98 1.02 8.38 188 320 338 368 216 
;
