1.69 6.22 7.37 -0.1800 -0.1100 0.1300 0.0167 0.0022 0.0033 1.90 6.33 7.24 162 277 227 224 156 
1.80 6.24 7.32 -0.1200 -0.0300 0.0600 -0.0033 0.0078 0.0011 1.89 6.32 7.24 160 278 220 224 155 
1.78 6.21 7.30 -0.1300 -0.1300 0.0100 0.0033 -0.0189 -0.0056 1.90 6.32 7.24 158 278 224 223 148 
1.84 6.45 7.09 0.0000 -0.1800 -0.0700 -0.0033 0.0667 0.0656 1.91 6.34 7.22 162 287 220 209 143 
-0.41 7.14 9.20 -2.3500 1.6300 2.9200 -0.2067 -2.7111 1.1200 4.04 5.85 6.75 165 284 272 254 168 
15.06 6.28 8.52 6.4500 3.0600 4.6500 -2.6544 -2.1778 3.6911 9.30 0.58 3.04 170 276 304 297 181 
8.55 -0.17 0.48 -0.3300 5.2100 -0.7500 -3.8300 0.5311 4.4256 7.13 -6.58 1.36 172 297 312 333 181 
1.39 -6.51 -4.10 -2.4100 2.0600 -2.6400 -0.4633 -0.6422 2.0078 3.55 -9.10 -0.79 174 311 315 348 128 
0.37 -7.12 -2.29 -1.7900 2.2900 -1.7600 0.8533 -0.1211 0.4822 2.17 -9.55 -0.33 172 310 323 348 184 
2.01 -4.19 -3.45 -1.1900 5.6400 -5.9400 4.8044 0.8489 -1.3756 3.27 -8.01 4.60 175 308 321 347 186 
10.64 10.66 8.40 7.4500 13.0800 5.6800 7.6789 -1.1644 -1.8244 5.82 1.56 7.73 177 299 318 343 186 
7.93 3.34 12.71 3.3400 -0.0600 0.8700 -1.8711 -0.0722 -0.3733 5.63 0.95 7.97 176 306 306 345 190 
5.83 0.38 6.13 -0.7900 0.1600 -0.9500 -0.5633 -0.2189 0.0033 5.82 0.14 7.88 178 302 316 343 190 
6.13 0.15 8.09 0.3100 0.3500 0.2800 -0.5056 -0.5356 -0.0178 6.10 -0.26 7.66 178 303 315 341 190 
7.11 -0.79 6.92 0.2000 0.4900 0.1400 -1.7111 -1.0656 0.2111 7.38 -2.01 6.13 177 294 312 323 189 
9.85 -2.94 7.63 2.8100 0.2700 2.4200 -2.7556 -0.2522 1.2467 7.35 -4.81 4.34 166 226 223 219 169 
4.54 -5.80 3.22 -2.5600 -0.0200 -0.6100 0.3378 0.9033 0.2000 6.25 -6.10 4.43 160 238 226 220 168 
6.15 -4.65 4.90 0.2100 1.1200 -0.1900 0.0767 0.7989 -0.3678 5.88 -5.61 5.47 156 258 208 206 147 
6.17 -4.89 4.65 0.6100 0.8100 -1.6200 -0.7600 4.6267 -0.1889 3.67 -5.92 6.89 162 307 168 173 134 
1.24 -8.13 2.50 0.9800 -1.4500 -4.2400 0.7367 0.8311 -0.6800 1.11 -6.83 6.93 173 346 180 185 140 
3.68 -11.55 12.31 0.8800 -4.7900 6.7400 -0.5967 -0.4156 0.9767 1.10 -6.34 7.39 175 355 181 194 143 
-3.45 -7.31 11.04 -3.7800 3.0100 3.9000 -2.8311 0.1489 0.4433 0.43 -8.67 4.55 177 358 182 196 144 
-3.21 -2.26 3.79 -3.2400 7.4200 0.8200 -1.3533 1.6744 -1.5311 0.91 -9.57 1.90 182 361 186 200 144 
4.18 -2.70 -0.27 2.6900 6.5300 -2.2900 1.1400 1.6111 -2.2033 3.37 -8.83 2.57 179 361 190 203 146 
12.76 -6.45 3.57 8.3700 0.2100 -0.7900 3.4544 -0.2067 -0.6833 4.86 -5.90 6.13 184 364 188 203 146 
8.15 -9.83 13.49 2.0100 -4.5200 6.8400 0.8122 -1.5856 3.3544 4.35 -5.74 6.65 181 367 189 204 149 
-3.94 -3.12 5.09 -5.8200 4.3900 -1.0800 -0.7300 -0.0022 -0.5056 3.90 -7.31 5.23 185 364 192 206 149 
4.86 -6.89 6.17 -0.7800 -0.3000 0.4600 0.3656 -1.2678 -0.4744 4.74 -6.77 5.26 179 360 196 210 151 
4.75 -5.02 4.34 -1.2200 1.6000 0.6000 1.4044 -6.3789 -2.7578 8.84 -4.08 1.08 182 276 266 251 180 
9.26 -4.98 -6.41 1.4700 -1.2000 -1.3900 0.9656 -6.2533 2.1200 5.08 -4.98 -6.74 184 268 304 318 195 
2.05 -4.80 -3.29 -1.3200 0.0300 5.8100 -1.2656 -0.5233 0.7933 1.72 -4.71 -8.42 180 256 308 326 195 
3.01 -1.71 -19.46 2.2700 0.2500 -6.7600 0.9178 0.3756 -0.0300 1.74 -3.11 -9.13 178 271 308 328 198 
2.94 -3.15 -8.50 1.0900 0.2400 0.6200 0.1611 0.3633 -0.1944 2.04 -3.38 -8.97 180 278 311 330 197 
2.81 -3.08 -8.49 0.4300 0.1000 0.1800 0.5889 2.1444 -1.0333 3.68 -3.51 -8.38 180 260 289 301 195 
5.11 -3.96 -5.98 -3.0600 -0.0500 0.5300 0.6889 2.4033 -1.3433 8.13 -3.27 -4.38 181 271 283 282 191 
9.32 0.65 -0.20 -0.4100 0.8700 0.0300 1.3689 6.0144 -4.0811 9.07 1.91 3.19 183 281 289 293 190 
;
