-0.53 6.03 7.53 0.0200 -0.0800 -0.0600 -0.0011 0.0344 0.0022 -0.61 6.09 7.65 156 296 282 310 192 
-0.66 6.09 7.55 0.0000 0.0000 -0.0900 0.0000 0.0200 0.0000 -0.64 6.09 7.65 168 297 286 314 194 
-1.16 5.71 7.59 0.2400 0.0100 0.0100 -0.6156 -0.1400 -0.0067 -0.75 5.54 8.05 171 290 278 329 199 
0.71 5.67 9.60 0.6400 1.2400 0.6400 -1.7011 -0.8056 0.8244 0.00 4.35 8.78 173 280 274 302 196 
7.03 8.32 15.78 3.4400 5.5300 9.1800 -0.6944 -4.0978 3.7200 7.04 2.47 6.35 176 289 287 313 199 
11.77 4.78 3.55 4.3900 9.2100 -3.4300 -7.5633 2.0856 4.4011 6.37 -6.81 3.01 183 293 269 317 202 
-1.62 -3.24 -4.39 -4.5700 4.6000 -2.4200 -3.3622 -1.3056 2.8067 1.29 -9.02 -3.61 180 294 278 321 197 
-2.44 -4.98 -8.50 -2.4500 4.3700 -3.4700 1.9500 1.4122 -0.0933 0.50 -9.02 -3.80 181 295 287 327 201 
-1.17 -0.07 -5.29 -1.8700 11.0000 -6.0800 9.0300 -0.1811 -2.0378 2.73 -7.34 5.90 179 296 290 333 199 
7.44 16.48 32.92 -3.3200 9.8500 25.7000 0.7000 -1.3100 0.3511 3.30 2.19 8.96 182 299 291 341 199 
4.31 0.13 4.92 -0.4600 0.0100 -4.1600 -0.7600 -0.1789 -0.0489 4.73 -0.63 8.56 181 301 293 335 198 
5.05 -0.27 7.95 0.2300 0.1300 -0.1400 0.3411 0.0444 -0.0178 4.72 -0.21 8.58 183 300 294 338 200 
4.81 0.36 9.37 0.2700 0.5000 0.6400 -0.1422 0.0989 -0.0422 4.70 -0.15 8.60 182 304 297 341 200 
4.88 0.43 10.95 0.6900 0.9500 3.2700 -0.8322 2.0467 -0.5267 3.53 -0.57 9.12 182 323 194 190 190 
-2.74 -1.53 8.12 -3.6400 -0.3100 -3.6400 -3.1711 3.6589 -5.1111 -2.07 -6.98 6.55 186 358 147 165 138 
1.09 -2.49 1.94 1.6400 5.2200 -3.7400 1.3133 1.2956 -3.5911 0.75 -7.24 6.57 188 366 158 166 138 
4.39 0.11 10.52 2.6600 5.0500 3.3300 2.9256 0.4500 -1.3600 1.53 -3.76 8.92 183 368 161 172 137 
3.38 -1.23 15.28 1.9600 1.7100 6.3900 -0.6544 0.7278 4.3978 -0.07 -2.92 9.36 188 365 165 178 139 
-8.13 -7.50 13.24 -7.2900 -3.9500 3.8300 -3.5389 -0.8811 2.2844 -1.77 -6.30 7.29 190 365 170 181 142 
-6.15 -4.84 4.08 -4.7400 3.9400 -1.3400 -3.0211 0.4633 -1.4700 -0.49 -9.19 3.38 189 366 173 187 138 
-3.50 -1.34 2.11 -3.6400 8.7400 0.2300 -0.5911 0.9511 -3.7478 3.32 -9.09 1.56 189 361 170 187 145 
9.41 -0.19 -0.55 4.0300 7.1400 -3.1700 2.1378 2.6600 -1.9278 6.06 -6.46 4.18 188 350 175 190 144 
12.95 0.20 11.51 7.7100 4.5700 6.2300 3.9211 2.1878 2.9256 3.29 -3.07 8.71 187 347 175 190 145 
-6.79 -10.06 11.46 -8.9400 -5.7300 2.0400 -0.0789 -0.4500 1.1400 1.43 -3.66 8.98 186 347 175 192 143 
1.22 -6.65 8.39 -0.0800 -4.4600 -3.0100 4.2156 -4.6067 2.1622 3.74 -1.90 8.85 178 301 162 173 144 
11.37 4.53 4.44 4.0600 3.1000 -1.2900 5.0278 0.0011 1.2867 6.68 2.34 6.77 161 287 166 170 149 
12.09 7.80 7.72 4.3600 4.9600 2.8100 1.1089 1.0289 4.1144 7.83 1.81 5.60 163 298 166 165 146 
3.13 1.54 7.06 -5.9900 1.7100 0.3200 -1.3922 1.5956 2.1333 6.03 -2.25 7.38 164 307 168 166 148 
-1.93 -1.98 3.70 -7.0600 2.0000 -4.1000 -1.5211 -1.0156 -2.2678 6.84 -3.22 6.23 161 314 165 168 147 
5.79 0.64 0.10 -1.0900 2.1000 -5.3200 0.4167 -0.9956 -3.5022 8.55 0.51 4.75 167 316 168 172 145 
12.07 5.26 1.86 3.8400 2.2800 -1.9500 1.7944 -0.4467 -1.0500 8.22 4.01 3.52 162 317 171 177 151 
12.57 6.94 3.51 4.1500 2.5000 1.3100 1.4433 -0.1289 0.7267 8.38 4.60 2.14 165 313 176 177 154 
8.93 4.74 4.75 -0.8200 0.6800 3.0400 0.0944 -0.3967 1.2233 9.20 3.11 1.32 167 318 171 177 151 
8.49 2.61 1.94 -0.5400 -0.0400 0.4000 -0.2844 -0.1678 -0.0322 9.33 2.69 1.32 162 321 174 178 151 
;
