3.49 5.73 7.11 0.0000 0.0500 -0.1700 -0.0422 -0.0411 -0.0089 3.51 5.72 7.14 186 342 353 412 216 
3.52 5.74 7.16 -0.0900 0.0300 0.0300 -0.0344 0.0133 -0.0167 3.51 5.68 7.17 188 342 358 412 216 
5.31 6.05 6.86 1.7100 0.7500 -0.4500 0.2022 1.8400 0.8656 2.85 5.61 7.52 188 343 353 405 215 
6.91 12.64 14.06 4.1200 7.4800 9.8900 -0.4378 -1.2689 3.4578 6.01 4.63 6.20 190 342 355 403 216 
10.42 7.57 7.20 0.8900 8.1900 -1.0800 -5.8778 2.6644 4.2467 6.44 -3.77 6.35 188 358 356 409 216 
1.41 -1.48 -3.25 -2.1100 6.4800 -6.7600 -3.9700 2.6811 2.5744 1.24 -9.53 1.94 187 368 359 415 217 
-3.15 -7.80 -7.31 -3.1200 1.8300 -7.2600 0.5522 -0.2767 -0.0444 0.00 -9.80 0.19 191 368 361 415 219 
0.23 -1.00 -4.73 -0.8000 10.7500 -7.7100 7.2711 -0.7233 -2.1500 2.60 -6.59 6.76 188 370 359 417 219 
7.25 15.30 30.91 -1.8600 10.2500 20.6200 0.9533 -0.1622 0.0078 3.23 2.72 8.84 190 351 350 406 217 
4.15 1.12 6.29 -0.2300 0.0700 -2.0800 -1.2867 -0.6700 -0.0944 4.62 0.40 8.63 192 350 353 406 217 
3.84 0.47 6.95 -1.0100 0.0300 -1.8100 -0.5756 -2.2222 -0.1222 5.81 -0.13 7.89 173 324 272 277 207 
13.23 -4.55 -5.25 7.2000 -4.1600 -7.0800 0.0689 -9.6589 3.2889 8.83 -3.42 -2.54 121 316 174 184 142 
11.75 -4.69 -3.62 3.5000 2.4000 1.0200 3.3444 0.2133 2.0000 5.82 -7.53 -2.34 125 348 178 193 151 
1.21 -4.36 0.12 -3.8500 3.8600 0.4300 2.3667 0.1022 -0.0822 5.03 -8.29 1.43 135 363 181 200 152 
4.51 -8.44 0.74 0.9600 -1.4400 -3.0700 -1.5878 -0.4044 -0.0078 5.27 -8.25 0.38 137 358 185 198 158 
5.37 -6.73 1.78 -0.1300 2.6000 1.2200 1.6267 0.0411 -0.4867 5.55 -7.81 2.07 143 369 190 209 161 
4.80 -4.81 2.02 -0.6000 3.1300 0.6900 -1.6422 1.2744 -1.7111 6.61 -7.08 1.47 148 318 193 211 173 
;
