0.03 -1.29 9.73 0.0200 0.1100 0.0100 -0.0011 0.0000 -0.0033 0.00 -1.42 9.70 160 315 345 384 214 
0.10 -1.28 9.71 0.0800 0.1700 -0.0400 -0.0067 0.0044 -0.0011 0.00 -1.42 9.70 159 316 345 382 215 
0.03 -1.30 9.69 0.0100 0.1500 -0.0400 -0.0122 -0.0111 0.0144 0.01 -1.43 9.70 161 316 342 383 215 
1.12 -0.70 11.04 0.3300 0.6600 0.3600 -0.7367 -2.6544 2.3267 1.71 -2.43 9.34 163 293 312 340 216 
8.34 -2.93 17.04 2.8600 0.1800 8.9700 -2.6433 -2.1533 2.2189 5.71 -4.85 6.32 173 303 327 355 217 
0.35 -2.22 -0.26 -4.3900 5.8100 -3.6500 -4.2433 -2.0567 2.2667 3.58 -9.11 0.55 174 328 335 373 216 
-0.80 -4.88 -8.67 -2.6100 4.5100 -6.8100 1.1700 -0.3811 0.0856 2.22 -9.49 -1.04 177 329 331 377 216 
4.39 1.21 -1.52 3.3400 10.8300 -3.0300 6.9256 1.1533 -0.0811 2.95 -7.11 6.06 177 323 333 383 215 
4.27 7.55 26.73 -0.4200 8.0800 18.8800 2.9111 1.6133 0.9978 2.23 0.93 9.50 181 314 332 379 215 
4.87 1.99 15.52 -0.2100 2.3500 6.0900 -3.2267 -3.2044 -0.3989 5.38 -2.18 7.89 175 298 225 220 192 
5.24 -2.32 -1.67 -2.5300 4.0200 -3.1400 -1.6844 -4.8778 4.4500 5.60 -8.03 -0.49 95 246 155 173 149 
-0.69 -7.52 -2.34 -2.8700 1.0100 -0.0900 -0.1044 -1.0578 0.1744 2.94 -9.07 -2.25 90 248 154 175 151 
6.29 -17.03 -7.70 3.6600 -5.9700 -6.2900 3.0278 -0.6478 1.9767 1.04 -9.75 -0.09 94 256 154 176 152 
-1.04 -2.74 2.72 -0.8200 7.3100 -0.4800 4.1433 0.4978 0.2667 -0.36 -7.64 6.12 98 270 166 181 154 
-1.76 1.08 11.17 -0.5600 7.6600 2.9000 -2.1222 -0.3400 -1.2489 0.55 -7.57 6.20 98 269 172 183 155 
;
