-0.42 5.26 7.69 0.2500 -0.2600 -0.1200 0.0111 0.1500 -0.0100 -0.80 5.67 7.95 158 210 208 223 155 
-1.11 5.92 7.99 -0.2100 0.2100 0.0300 -0.0300 -0.0656 0.0178 -0.85 5.66 7.95 159 209 207 220 155 
-0.47 5.82 7.73 0.4500 0.1900 -0.1800 -0.1722 0.2756 0.0711 -0.90 5.56 8.02 158 210 209 223 154 
-2.34 9.16 13.98 -1.9200 4.0500 5.8900 -2.0011 -1.3833 1.2056 1.59 4.61 8.50 183 264 273 293 195 
4.64 7.07 15.27 1.8700 5.6800 6.1300 -4.9822 -3.2178 1.9233 5.79 -1.29 7.80 190 286 303 342 208 
6.26 2.75 2.83 -0.2700 8.9100 -3.8900 -6.1778 0.6044 2.8356 4.57 -8.49 1.73 188 328 327 405 208 
1.13 -3.70 -5.01 -1.2100 5.1800 -4.2900 -3.0389 -0.5700 2.2756 1.07 -8.97 -3.81 189 345 326 422 207 
-1.66 -6.74 -8.01 -1.3600 1.9900 -3.0600 0.9733 0.1544 0.8389 -0.52 -8.93 -4.01 188 346 332 428 207 
-2.14 -5.94 -6.47 -2.0700 3.6100 -5.0100 3.3011 0.2789 -0.5178 -0.31 -9.78 -0.53 188 348 347 431 207 
4.14 2.30 0.65 4.7600 13.0800 -4.2600 7.6900 -0.9211 0.7411 0.08 -5.23 8.29 190 349 352 431 207 
-0.82 14.22 27.41 -8.0200 8.3400 13.9800 1.0744 3.1567 1.3056 -0.28 2.99 9.33 191 353 351 423 206 
2.98 3.19 11.19 0.1700 0.8000 1.5700 -0.2367 -0.0167 -0.0767 2.31 2.31 9.24 194 350 352 422 207 
2.24 3.20 7.68 -0.9400 1.3500 -1.4300 -1.6489 -1.5822 -1.0233 3.72 1.07 9.00 189 295 332 371 204 
5.88 -0.07 8.39 2.6000 0.2500 0.6300 -1.5622 -1.8078 -0.7389 5.73 -0.64 7.92 189 284 305 315 201 
6.46 -1.08 7.82 0.0900 0.1200 0.3600 -0.5378 -0.1989 0.1289 6.11 -1.52 7.51 186 272 275 280 190 
9.74 -5.68 9.90 3.9800 -4.0300 1.7400 -0.4044 2.1844 1.2400 5.61 -2.74 7.55 185 192 214 219 159 
2.75 1.79 5.35 2.6400 4.3500 -4.1300 1.2411 8.6433 5.0822 -5.27 -0.94 8.21 191 178 203 204 147 
-7.26 -0.59 0.98 1.6400 -0.1400 -4.3200 0.2289 0.7378 0.4433 -7.01 0.41 6.83 197 177 202 202 148 
;
1.23 5.17 8.25 0.0600 -0.0300 0.0100 0.0044 0.0189 0.0156 1.13 5.22 8.22 189 217 229 234 174 
1.19 5.09 8.25 0.0900 -0.1000 0.0100 0.0022 -0.0133 0.0011 1.11 5.22 8.22 190 221 227 236 173 
1.25 5.14 8.18 0.0900 -0.0700 -0.0200 -0.0044 0.0233 0.0089 1.11 5.22 8.22 197 224 227 237 173 
1.74 5.86 9.12 0.7500 0.7800 1.0600 -0.1844 0.1822 0.4011 1.10 5.10 8.30 190 238 243 244 180 
2.42 7.04 12.69 0.1200 2.8200 3.3700 -2.1722 -2.5278 2.2122 3.90 2.46 8.65 192 243 247 247 180 
7.57 0.82 10.23 0.5300 1.5000 3.4200 -2.4400 -2.7633 3.4256 7.52 -3.02 5.51 191 253 261 261 189 
5.23 -2.59 4.22 -1.5900 3.9600 -0.0400 -3.0878 0.6144 3.0844 4.97 -8.04 2.58 187 287 294 321 207 
0.07 -4.32 -2.32 -1.9000 4.1900 -3.3300 -3.6322 1.2567 1.9333 1.63 -9.49 -1.81 188 346 322 413 207 
0.44 -8.74 -6.11 -0.5800 0.1900 -3.8800 0.3544 0.4156 0.5144 0.69 -9.49 -2.34 186 374 347 433 207 
0.19 -9.02 -6.00 -0.0300 2.0100 -5.5100 3.7844 0.0900 0.0489 0.55 -9.70 1.32 188 379 351 437 206 
1.39 4.75 -0.57 2.2000 13.6200 -6.9100 7.7900 0.0600 0.8844 -0.18 -4.20 8.85 193 393 356 438 206 
-9.34 8.50 22.35 -11.8100 3.2900 10.0800 0.4067 -2.2722 -0.2033 -0.70 2.88 9.34 194 391 356 436 211 
1.15 4.95 15.11 0.2100 2.7100 5.5200 -1.7544 -1.1156 -0.6178 1.64 1.73 9.51 194 389 334 436 211 
2.16 1.38 7.60 -0.5800 1.9700 -2.0400 -3.6489 -1.2622 -0.5844 3.61 -2.47 8.77 193 371 342 432 212 
5.03 -5.08 4.53 0.5300 -0.5600 -2.5600 -0.9789 -0.1456 -0.5111 4.65 -4.70 7.23 199 352 349 426 211 
5.47 -5.20 6.90 0.5300 -0.6500 -0.2000 0.1511 -0.0789 -0.0089 5.01 -4.66 7.01 193 328 333 395 213 
5.74 -6.01 6.05 0.8600 -1.8200 -0.9700 0.2433 -0.7767 0.5844 5.17 -4.74 6.84 191 245 252 256 184 
4.89 -1.62 6.81 1.2000 2.4200 -1.1500 3.5067 4.5756 2.9922 0.27 -2.24 9.54 192 208 219 224 163 
-10.96 3.10 4.64 -4.6500 1.9400 -4.3400 0.4878 0.7033 1.9900 -6.33 1.67 7.29 196 198 200 211 150 
-7.77 2.77 6.80 -2.3200 0.6500 -0.1000 -0.2467 -0.1189 -0.7767 -6.65 1.97 6.92 195 199 200 212 150 
-7.57 2.52 9.11 -1.2200 0.8500 1.9700 -0.2544 -0.5933 -1.0800 -6.43 1.09 7.32 196 206 210 219 158 
;
