2.69 -1.50 9.27 -0.0900 -0.0200 -0.0200 -0.0122 0.0122 0.0078 2.79 -1.47 9.28 168 313 299 306 186 
2.78 -1.50 9.29 -0.0800 -0.0600 0.0700 -0.1389 -0.0800 -0.0633 2.86 -1.56 9.24 165 308 300 304 192 
3.22 -2.84 12.62 1.4200 -1.7400 5.3500 -0.4144 -2.4044 1.4056 4.83 -2.71 8.08 166 277 266 297 196 
13.66 -4.70 5.17 4.8800 2.4600 2.1000 -1.5111 -6.1933 5.0589 6.45 -7.32 -0.95 166 289 286 306 196 
-1.48 -2.89 -3.41 -3.8200 5.6900 -0.9300 0.0522 0.0989 1.4211 2.57 -9.16 -2.34 172 287 291 305 198 
2.41 -3.03 -6.42 0.2200 6.8900 -4.8900 2.7244 0.1822 -0.4233 2.40 -9.48 -0.58 171 284 289 302 203 
-0.69 2.35 -2.68 -3.7300 12.4200 -7.0100 9.5956 -0.1000 -2.2967 3.76 -3.21 8.46 175 291 291 309 200 
-2.98 2.07 24.83 -2.1100 0.7700 10.2800 -1.9844 -2.4800 -0.7978 3.16 -0.51 9.26 177 291 293 308 201 
4.47 -0.23 6.51 0.0500 1.0100 -2.3900 0.0700 0.2289 0.2000 3.10 -1.31 9.20 177 291 301 314 201 
5.14 0.12 13.60 1.7800 1.5100 5.2400 -0.3089 3.5033 -0.0144 0.94 -1.42 9.65 183 195 170 177 134 
0.41 -4.71 7.07 2.6700 -1.3000 -2.7500 -2.6433 1.9044 2.1911 -4.46 -3.85 7.83 188 152 143 161 131 
-10.88 -0.62 -3.18 -10.5000 0.5100 -10.5000 3.2978 -0.3544 0.2311 -5.57 0.28 8.06 189 159 151 164 129 
-0.22 0.32 11.72 4.2700 -0.3800 2.0600 -1.1167 -0.4233 0.6267 -5.59 0.39 8.04 191 162 150 169 133 
-5.08 0.99 6.80 0.7700 0.6800 -0.4200 0.1400 -0.0178 -0.3667 -5.43 -0.01 8.16 189 166 157 174 137 
-6.16 0.46 7.51 -1.0600 0.9200 -1.3500 -0.8667 -3.3589 -1.8800 -2.51 -1.52 9.35 188 177 161 179 143 
6.57 -0.47 17.40 7.8900 3.7500 8.4200 -4.5233 -4.4744 -0.4511 4.42 -5.30 6.95 158 223 191 212 167 
-1.31 -5.04 -1.99 -8.0800 3.0400 -3.0700 -2.2822 -1.0211 3.4844 1.95 -9.60 0.32 147 234 199 216 169 
0.22 -7.93 1.85 -2.1700 0.9800 1.1700 -0.7433 -0.6156 -0.4889 1.63 -9.66 -0.39 141 227 200 222 167 
0.88 -9.16 -5.30 -1.8500 0.0900 -3.8600 0.8633 -7.1389 -3.4122 3.69 -8.70 -2.59 137 209 196 219 164 
6.84 -6.53 -1.80 2.4800 1.4600 1.9000 0.1978 -0.4711 -0.4189 3.91 -8.30 -3.45 134 212 196 224 163 
5.59 -6.73 -0.66 0.4300 0.5700 1.3200 -0.3144 6.0200 -0.3278 5.53 -8.03 -0.98 162 226 206 230 172 
3.98 -5.46 4.52 -1.5600 1.3600 3.3700 -1.4633 5.7000 -2.9389 6.77 -6.03 3.73 162 258 227 258 181 
2.74 -5.58 4.60 -3.5600 -1.2000 -2.3500 0.4022 3.3578 -2.6444 2.85 -4.71 8.11 169 279 259 274 184 
;
