1.04 -1.61 9.41 -0.1400 -0.0500 -0.3800 -0.2689 -0.0311 -0.1078 1.07 -1.53 9.62 159 321 311 312 200 
1.13 -1.51 9.42 0.0300 -0.2000 -0.0200 0.0544 0.0833 -0.0211 1.03 -1.46 9.64 160 321 320 309 194 
-8.29 -3.56 15.14 -10.3200 -1.5600 8.3900 3.3867 -10.4167 3.1356 5.71 -0.15 7.96 175 287 291 308 204 
13.84 -4.82 3.65 7.3300 1.6000 1.0400 -2.3878 -4.5000 6.7078 6.65 -7.17 -0.58 177 298 294 316 206 
-3.47 -2.30 -3.39 -5.8300 6.7700 -0.8500 -0.5844 0.0144 2.0622 1.63 -9.32 -2.56 172 303 289 309 207 
-1.24 -3.49 -8.27 -1.0200 6.5500 -7.6500 3.3533 0.0844 -1.0322 1.58 -9.66 0.51 173 302 285 322 207 
2.45 3.43 -1.23 1.3900 12.4700 -6.1000 9.3222 1.9767 0.0989 1.12 -2.68 9.36 178 304 299 320 206 
-19.68 14.04 32.90 -12.8100 4.8000 15.3500 -1.7933 -5.7322 -0.4800 1.44 2.92 9.24 177 313 304 320 206 
4.58 2.34 7.48 2.3600 0.9600 -2.0800 -0.1678 0.0767 0.1756 2.17 1.47 9.44 181 315 303 319 205 
4.67 6.43 20.33 1.4700 6.2800 12.0800 -5.0333 -1.6144 0.1489 4.30 -2.08 8.56 175 311 251 253 200 
6.50 0.03 -1.13 2.7700 8.0300 -6.4600 -5.8644 -0.8078 2.3678 2.94 -9.28 1.15 174 302 275 302 206 
-3.65 -5.60 -13.35 -0.0700 4.6900 -11.2700 1.4778 -0.2567 -0.4811 1.57 -9.62 -1.04 165 303 289 314 205 
5.87 -0.56 2.56 3.9100 7.3200 6.6200 7.4944 0.0344 0.1889 2.19 -6.59 6.91 170 304 290 316 201 
1.71 -3.82 18.59 0.2800 3.9100 5.6500 -5.4133 -0.1922 0.2656 1.78 -8.30 4.89 169 313 301 320 206 
-0.22 -7.32 -10.25 -2.0800 2.0200 -11.4300 -0.4489 -0.4489 0.0644 1.03 -9.75 0.08 165 314 299 326 206 
4.16 -2.17 -0.56 1.9400 6.8500 -2.8100 6.0122 0.7478 -0.7478 2.09 -7.35 6.13 171 308 294 323 207 
-2.33 -2.04 25.17 -3.5200 1.8400 14.3100 -2.5456 -0.0511 -0.7900 1.81 -5.44 7.95 172 310 303 323 204 
5.57 -6.07 -2.38 2.7300 2.0100 -7.0000 -2.5678 -0.2089 -0.2622 3.23 -8.74 3.02 171 321 305 323 206 
3.64 -9.64 -1.26 0.6000 -1.8500 -3.0700 1.4700 -0.8267 -0.3156 3.54 -8.51 3.32 168 302 216 201 183 
7.60 -9.06 3.48 4.3200 0.4100 -1.2200 3.6367 -0.3878 1.5122 3.26 -6.01 7.01 146 282 148 143 150 
4.71 0.37 8.20 1.2200 4.1600 -1.1800 3.3922 0.5422 1.8122 1.88 -2.05 9.40 150 299 144 145 142 
1.32 4.11 8.01 0.0100 4.0900 -1.8500 0.9278 2.4678 -0.2600 -0.40 0.01 9.79 154 207 152 156 151 
-0.08 1.21 11.13 2.2900 1.6900 1.6700 -1.9433 0.0911 -1.1911 -1.69 -1.72 9.50 143 155 137 148 151 
1.36 -4.82 7.37 1.5100 -0.9500 -1.9900 -1.5389 2.6767 -1.6811 -2.85 -5.19 7.81 109 159 141 159 158 
-4.14 -8.20 6.11 -0.3500 -2.7800 -1.4800 -0.1800 0.3889 -0.4689 -3.29 -5.96 7.05 113 164 153 158 160 
-4.10 -5.33 5.91 -3.4100 0.3100 -1.8000 0.3211 -0.5100 -0.8778 -2.27 -5.92 7.47 113 165 158 166 161 
-2.97 -6.27 6.32 -1.8400 0.0400 -1.3900 -1.0056 -0.1622 -3.5333 1.19 -6.76 6.99 151 186 180 215 193 
;
