1.59 7.44 6.13 0.2200 -0.0200 -0.1900 -0.0811 -0.3600 -0.0278 1.46 7.44 6.21 178 293 303 329 200 
1.81 7.56 6.25 -0.0500 0.0400 -0.1200 0.0156 0.2044 0.0333 1.54 7.38 6.26 179 292 307 330 203 
1.66 7.19 6.29 0.1700 -0.0300 0.0300 -0.5233 -0.4511 0.1222 1.80 7.13 6.47 177 290 302 319 200 
2.46 6.92 6.43 0.4600 -0.0100 -0.2500 -0.2056 0.0433 0.0944 2.09 6.86 6.68 177 283 295 305 200 
3.13 7.49 9.15 -0.4600 1.5000 2.5600 -0.2967 -4.3878 2.7278 5.92 5.34 5.70 175 280 285 267 193 
11.23 5.44 7.65 1.4300 2.5200 3.7200 -0.6489 -3.4967 4.2856 9.72 0.21 1.24 179 292 296 311 199 
6.75 3.51 -1.08 -3.7200 6.4700 -4.8600 -3.4978 2.5356 5.1000 6.22 -7.33 1.92 178 330 302 348 200 
0.23 -4.61 -5.43 -1.3900 4.4500 -4.8900 -1.2833 0.3744 2.4911 1.28 -9.70 -0.62 182 336 321 357 200 
-3.39 -8.90 -2.82 -3.3600 1.1900 -1.9400 1.0833 0.6478 0.1389 -0.26 -9.79 -0.47 177 336 322 360 201 
-2.00 -3.67 -3.75 -3.0200 6.9800 -6.3300 5.8956 0.2578 -3.0589 2.68 -7.94 5.07 182 338 326 361 202 
8.45 12.85 5.76 5.4500 13.2300 -0.4200 11.1256 1.7711 -1.6878 3.77 4.40 7.90 181 329 327 359 200 
5.10 7.22 14.54 -2.0400 2.0200 3.3100 -3.5400 0.4878 0.2300 5.27 2.71 7.80 185 336 324 353 202 
4.55 1.56 5.37 -0.2700 -0.2200 -2.6600 0.1033 0.0844 0.1167 4.69 1.75 8.42 184 333 325 358 203 
4.08 1.99 7.68 -0.7900 0.2600 -0.7100 -0.2644 -0.4533 -0.3311 4.98 1.72 8.26 183 331 327 355 203 
10.39 2.67 7.32 4.4300 -0.4700 0.4400 1.6589 -2.3144 0.5244 7.06 2.92 6.13 176 286 241 208 167 
11.39 3.14 7.78 0.2800 2.1800 3.4000 -1.9933 -1.5478 5.0711 9.07 -2.42 2.80 182 173 168 168 128 
-4.21 -2.82 2.86 -12.4000 2.5700 1.3600 -1.8456 -1.2844 -1.2611 8.52 -4.85 0.05 183 168 173 169 135 
27.08 0.60 -12.41 14.0800 0.1300 -6.3100 0.6944 0.3811 -0.2400 9.69 -1.22 -0.81 184 172 176 174 135 
7.61 -0.54 -0.50 -1.6800 1.2100 -0.3500 0.1600 0.3356 -0.2833 9.69 -1.43 -0.23 185 177 181 177 138 
14.11 -0.27 1.51 4.3500 0.7900 0.3500 1.4544 3.0000 0.3122 9.29 -1.28 2.85 170 212 207 210 170 
10.80 1.44 8.17 1.7100 4.5000 2.0200 -3.3967 2.7444 3.0011 6.26 -4.78 5.82 163 263 279 271 189 
-1.48 -5.50 -0.50 -3.8300 4.6600 -3.2200 -5.4367 1.1800 2.7156 1.15 -9.71 0.62 176 309 319 342 190 
-1.03 -7.20 -7.10 -1.7500 2.0400 -5.4200 -0.2000 0.1233 -0.0922 0.34 -9.58 -2.03 181 333 326 360 194 
-2.14 -6.67 -5.81 -2.3500 3.5900 -5.2600 2.6733 1.0200 -1.1844 1.36 -9.69 0.63 182 338 330 363 197 
-0.16 4.78 -2.61 -3.3500 13.3800 -8.0400 8.6767 -0.7956 -2.3933 3.97 -2.80 8.51 180 328 332 361 195 
8.09 15.90 33.11 0.5600 9.7000 22.6900 -1.3067 -1.4700 0.2056 4.89 3.46 7.75 180 334 331 365 197 
5.18 1.80 5.64 0.3600 -0.1200 -2.4500 -0.5333 0.3500 0.0667 5.05 1.64 8.23 182 333 327 361 196 
4.26 1.85 4.93 -1.0700 0.3300 -2.6000 0.1667 -1.5378 -1.1444 5.98 2.07 7.48 181 326 329 355 198 
;
