3.83 -1.09 8.88 0.0500 -0.0900 -0.0900 0.0056 0.0022 -0.0022 3.75 -1.00 9.00 135 271 288 291 193 
3.79 -1.09 8.43 0.0300 0.0300 0.0000 -0.0022 -0.0044 0.0033 3.75 -1.00 9.00 140 273 287 296 187 
3.78 -1.08 8.89 0.0400 -0.1100 0.0100 0.0122 0.0056 0.0056 3.75 -1.00 9.00 137 273 288 290 186 
3.64 -1.22 8.90 0.2100 -0.0100 0.1600 -0.0844 0.0522 0.0256 3.69 -1.11 9.01 135 268 283 287 184 
-1.01 -5.43 17.30 -5.1100 -5.3900 10.4600 5.0733 -7.4333 3.2489 7.01 0.30 6.84 162 276 264 285 199 
12.76 0.16 1.77 0.7600 4.4300 0.1900 -2.2844 -3.6867 5.8022 7.70 -5.95 -1.12 162 282 276 287 198 
-2.64 -1.77 -5.53 -6.4200 5.3800 -2.3700 -0.0256 -1.0856 1.6011 2.55 -8.48 -4.19 175 293 282 291 199 
-1.01 -1.07 -6.42 -3.2500 8.0900 -3.9400 4.3122 0.8544 -1.7889 4.09 -8.89 0.52 173 297 281 299 199 
3.67 5.29 -1.75 2.5100 12.9300 -0.9000 7.9400 -3.0922 -4.8922 8.56 -1.53 4.52 182 291 288 317 199 
8.63 -0.12 14.87 -0.8000 0.8600 7.5100 -2.4556 -0.5044 0.6356 8.79 -1.70 3.99 179 298 291 321 201 
6.60 -3.44 -1.77 -0.6700 -2.7900 -3.7000 0.6800 -0.8567 -0.8622 9.30 -1.00 2.91 90 232 249 243 191 
15.01 -1.66 1.15 5.2200 2.2200 -1.5400 1.0822 -0.4078 1.7389 9.25 -1.97 2.55 89 166 168 176 152 
7.91 3.60 1.44 -0.9000 6.6600 -0.4400 2.9867 1.5211 1.1178 8.36 -3.07 4.09 94 177 177 181 154 
10.24 0.58 9.12 1.4100 3.1100 2.7100 -3.3744 0.6700 -0.9833 8.34 -3.57 3.70 96 182 175 190 160 
8.71 -1.94 -2.82 0.1900 1.5300 -6.4300 -1.1478 0.6011 -0.3422 8.33 -4.02 3.24 97 182 179 191 162 
8.66 -5.20 -1.56 0.6000 -1.6800 -3.2400 1.9622 -0.3667 0.0000 8.64 -3.14 3.40 99 185 176 179 155 
11.96 -3.79 3.84 0.3700 -1.7000 0.6900 -0.3311 1.3711 0.5044 8.59 -3.20 3.45 102 200 201 209 174 
11.11 -7.56 3.32 3.2000 -3.9900 -0.5200 0.7844 1.4656 0.6500 7.76 -3.73 4.68 135 279 217 207 169 
7.69 -3.01 6.89 1.5300 0.3800 -0.8500 1.3933 2.8489 2.0633 4.19 -3.63 8.08 145 253 157 171 144 
1.70 0.55 4.28 -0.6000 2.9900 -5.2600 1.3256 1.2078 0.6056 1.25 -1.56 9.59 146 196 154 160 136 
-0.57 1.45 10.50 -2.3800 1.7300 0.0600 -1.3489 2.2267 -1.7167 0.14 -1.68 9.65 150 175 158 164 142 
0.19 -1.32 9.94 0.7700 1.4100 0.4500 -1.7578 1.0622 -1.3311 -0.74 -3.88 8.97 134 166 145 171 148 
-2.06 -7.77 5.19 0.3100 -2.2200 -2.4000 -1.1389 1.6978 -0.7744 -2.27 -6.22 7.22 121 169 152 177 149 
-3.72 -4.19 2.94 -2.5100 2.3000 -4.9300 0.4356 -1.4433 -1.1711 -0.84 -6.43 7.35 126 175 157 174 152 
0.38 -2.41 3.68 0.0000 3.2700 -2.5600 0.4233 -0.9033 -4.8111 4.11 -4.90 7.43 153 228 222 230 181 
7.43 -3.87 11.61 2.0100 -0.7100 2.3400 -0.9122 2.0778 -1.9333 3.65 -3.26 8.49 163 271 274 266 190 
;
