2.51 -0.03 9.54 -0.2100 0.0300 0.0300 0.1511 0.0189 -0.0656 2.59 0.08 9.45 165 332 362 389 213 
2.80 0.12 9.55 0.1400 -0.0100 0.1200 0.0733 -0.0722 -0.0644 2.67 0.21 9.43 167 335 361 388 213 
2.46 0.13 9.29 -0.0700 -0.0600 -0.1800 -0.5444 0.0489 0.0756 2.62 -0.13 9.44 163 325 355 384 211 
2.54 -0.04 9.63 0.0400 0.0000 0.0600 0.2433 -0.1067 0.0511 2.70 0.04 9.42 176 341 360 399 214 
27.91 23.01 19.01 20.4100 12.2200 5.4200 -1.0867 -1.7711 7.0344 8.26 -1.43 5.08 164 317 336 371 216 
-4.94 0.44 -4.71 -8.8000 8.0500 -8.0400 -3.6700 1.0444 5.1344 1.66 -9.60 1.09 171 332 344 386 216 
-7.22 -6.81 -8.21 -6.5300 3.4300 -7.7200 2.1478 -0.5789 -1.3456 0.34 -9.77 0.64 168 341 348 390 217 
2.43 3.19 -4.01 0.1200 12.4300 -8.0900 8.7411 -1.2678 -3.2522 4.58 -4.29 7.53 170 334 345 394 215 
5.52 8.99 31.29 1.8100 4.5700 15.6100 -2.6556 -1.1233 0.6722 4.97 -0.28 8.44 178 343 347 397 217 
2.60 -1.65 1.02 -2.9800 1.1300 -7.8700 -1.3389 -0.2033 -0.5689 5.50 -3.27 7.42 168 351 333 391 218 
4.33 -3.44 3.76 -1.8600 -1.2700 -2.1200 1.0256 -4.3967 -1.2678 8.39 -1.30 4.90 109 286 307 313 209 
18.24 -2.46 2.06 8.3900 -1.3700 0.0400 0.5644 -2.5389 1.6744 9.64 -1.49 0.94 95 175 183 200 144 
9.00 2.00 -4.74 -0.7600 5.6300 -3.7900 2.7311 -0.0422 1.1089 9.05 -3.77 -0.22 97 182 186 200 146 
9.68 5.34 8.03 0.7100 13.1900 20.3800 -1.1989 0.7267 0.9156 8.58 -4.36 1.84 97 186 192 199 143 
11.27 -2.46 -4.40 4.9800 2.4500 -6.9500 -3.4133 0.9167 0.1822 8.29 -5.22 -0.27 100 186 192 205 147 
5.97 -7.69 -7.31 -2.6600 -2.3000 -4.4900 1.9067 1.2111 -0.8167 8.54 -4.73 0.86 102 191 198 206 145 
8.74 -2.05 7.60 -0.4200 2.0700 5.4700 -1.8922 -0.3967 -0.3778 8.82 -4.26 -0.29 102 202 201 214 150 
13.83 -4.01 1.92 5.9700 -0.8100 1.5400 -3.5767 3.5744 -1.3033 9.49 -1.95 1.50 101 231 245 254 183 
;
