2.05 -2.65 0.11 -5.6000 2.5700 -4.4300 -3.0867 0.4722 2.4200 6.04 -7.14 2.93 172 286 279 300 213 
-0.76 -1.61 -4.88 -6.8000 6.5100 -7.6800 4.3667 1.0967 -2.9156 6.82 -5.01 4.94 170 272 258 289 211 
5.68 10.12 17.26 4.7800 9.1300 11.9600 2.0456 0.1089 -1.8967 6.21 2.84 7.03 182 298 299 326 213 
13.13 14.75 26.96 10.1700 13.1700 24.8000 0.9444 -4.9711 3.9833 8.30 3.13 4.17 190 331 332 385 218 
-0.63 9.20 -6.62 -8.7300 13.5500 -11.0500 -7.5456 1.0044 7.2644 3.31 -9.21 0.49 188 357 336 397 220 
-5.92 -2.27 -10.96 -5.9000 8.5100 -8.0100 2.1456 0.2967 -0.0267 -0.27 -9.77 -0.77 187 363 342 402 220 
-0.50 9.49 -3.59 -2.1500 18.4300 -8.0100 10.2489 -2.4889 -4.0756 4.04 -3.78 8.09 188 342 337 392 218 
4.76 14.04 34.43 5.7000 6.0800 19.1300 -2.4589 -3.0844 0.8456 4.85 2.54 8.12 186 338 321 379 219 
3.22 1.07 3.33 -2.5000 2.5000 -5.5200 -2.3422 0.3789 0.3033 5.25 -1.72 8.09 185 318 310 347 221 
11.58 -0.35 15.12 8.0200 2.1600 7.1700 -4.6200 -0.3556 -0.3211 6.08 -4.57 6.18 163 284 304 332 221 
4.13 -1.00 -1.87 1.0200 8.0900 -5.7000 -8.5844 3.8667 3.1011 1.08 -9.64 -1.39 172 309 321 359 220 
-1.09 -3.29 -14.57 -2.0100 3.4300 -9.3400 0.3767 -0.0589 0.4944 0.29 -7.90 -5.79 175 312 314 357 218 
-1.44 -5.83 -1.58 -1.0200 3.6900 5.0800 6.2556 -0.0133 -0.3811 0.97 -9.56 1.95 178 307 311 344 218 
3.43 -6.75 2.67 0.3600 2.5100 -0.5000 -4.3400 -1.4044 0.6644 0.69 -9.41 -2.66 180 315 314 351 218 
-6.41 -9.24 -15.08 -6.0400 0.1700 -8.3400 4.1389 1.4056 -0.7933 0.71 -9.48 -2.39 178 318 315 360 218 
12.79 -0.02 20.48 8.9000 5.9200 11.0100 -1.2933 -1.2767 0.3556 2.37 -9.38 1.56 184 308 304 336 218 
3.62 -6.64 -0.91 1.0000 2.4900 -1.9400 1.7622 -0.5144 0.4433 2.09 -9.37 1.95 176 266 247 264 195 
;
