0.65 5.97 8.74 0.1900 0.4800 0.5400 -0.6900 -1.3456 0.5800 1.47 5.08 8.25 179 282 281 290 201 
4.36 6.54 12.59 0.9900 2.9400 4.3100 -1.8522 -4.2422 1.6011 5.68 2.78 7.49 180 283 288 293 203 
8.43 4.27 10.25 0.6200 5.2100 1.5600 -6.6233 0.7589 2.2178 6.24 -4.08 6.35 178 293 256 294 208 
3.69 -1.83 -3.33 -0.7700 6.7900 -4.8100 -6.5811 -0.0700 1.1933 3.96 -8.75 -1.93 179 305 271 310 206 
2.21 -2.42 -14.54 -1.2400 5.2500 -8.1600 1.2778 -0.0789 0.0867 2.91 -7.38 -5.76 184 304 272 312 206 
1.63 2.59 -4.86 -1.4500 13.0200 -3.0400 8.0678 2.3722 0.3089 3.00 -8.40 4.06 182 294 269 312 206 
8.58 17.73 25.90 -3.0200 19.8500 21.7900 2.3244 7.4089 1.5978 -1.31 2.43 9.40 182 283 280 312 207 
4.30 0.38 8.87 -0.2200 -1.2200 -1.3500 -0.7656 0.1067 -0.4467 2.41 0.97 9.45 181 291 286 311 205 
2.79 2.79 15.06 1.1200 2.5500 7.4200 -2.2811 -6.3244 -0.0089 6.38 -0.54 7.42 184 280 285 299 202 
5.66 1.46 3.33 4.3500 7.2200 -4.5800 -10.1689 7.3111 -1.7889 0.00 -9.34 2.98 175 277 270 293 203 
1.97 -5.45 -8.22 0.7300 3.7700 -5.0500 -2.6144 -0.0044 0.0367 0.64 -8.89 -4.07 155 283 270 287 201 
-3.75 -5.06 -12.24 -3.7700 4.6100 -5.6400 7.0567 2.8656 -1.6467 2.33 -9.39 1.56 164 292 282 291 202 
7.72 -7.54 9.23 4.0200 3.4900 3.2500 -2.8467 -1.6267 1.1933 1.62 -9.66 0.24 165 295 277 288 198 
-10.04 -9.59 -12.05 -10.5900 -0.7400 -11.1400 -0.1900 0.8667 -0.3856 0.01 -9.57 -2.12 168 294 279 294 200 
-2.16 -4.39 0.39 1.3900 6.7400 6.4900 6.0656 1.2911 -3.4789 3.94 -7.84 4.35 175 301 277 303 204 
0.87 -9.88 -7.13 -2.6500 -1.0400 -8.1900 0.0289 -1.0767 0.3856 3.98 -8.76 1.84 175 298 275 304 205 
5.02 -7.79 3.39 -0.4400 0.4800 0.1900 0.5467 -1.3967 -0.2978 4.49 -8.39 2.34 173 288 275 304 205 
4.96 -8.55 1.69 0.2300 -0.2800 -0.7300 0.8144 -0.2311 -0.0578 4.84 -8.09 2.66 180 294 274 308 199 
5.21 -4.59 1.45 -0.1600 1.5000 -3.6300 7.3889 3.0889 0.4022 3.16 -2.69 8.88 186 340 298 328 205 
7.40 8.92 8.25 3.1200 4.7500 0.5500 6.9833 -2.1156 6.9067 5.95 4.80 6.13 182 325 312 343 207 
9.34 4.27 7.32 -0.3100 5.2800 4.5200 -1.5267 -2.5700 7.3267 8.51 -4.67 1.33 185 331 308 338 209 
-0.56 -4.69 -1.37 -4.7100 3.1300 1.0100 -7.3389 -2.4489 2.4533 3.35 -6.79 -6.22 189 268 265 313 212 
2.52 -5.34 -12.92 3.0700 0.0100 -3.3000 -1.6644 0.6089 -0.6544 2.35 -1.79 -9.34 179 248 255 301 208 
3.28 -3.01 -8.82 0.3000 -1.0700 0.7000 0.2611 0.3089 -0.0867 2.69 -1.79 -9.25 181 260 267 312 214 
2.66 -2.43 -8.50 -0.2600 -0.5100 0.7200 -0.0400 0.0067 0.1311 2.81 -2.11 -9.15 183 264 268 315 211 
2.84 -2.29 -8.75 -0.0700 0.0200 0.4800 -0.1422 0.1789 -0.0867 2.89 -2.21 -9.10 180 268 274 321 208 
;
