-1.04 3.70 9.07 -0.0300 -0.0100 0.0300 0.0133 0.0344 0.0089 -1.06 3.70 9.01 173 306 310 367 196 
-1.00 3.71 9.06 0.0500 0.0100 0.0000 -0.0022 -0.0167 0.0011 -1.06 3.70 9.01 171 305 313 368 196 
-0.99 3.92 9.17 -0.1200 0.2000 0.8800 -0.3878 -1.0789 0.2756 -0.45 3.52 9.13 183 310 302 356 201 
16.61 5.71 19.20 5.7000 2.1500 9.1800 -2.7122 -2.1633 3.4989 7.57 0.44 6.20 192 322 317 371 207 
5.70 2.69 3.35 -3.2500 7.5200 0.0000 -3.4689 -1.4467 5.2611 6.32 -7.36 1.39 194 341 336 409 207 
0.31 -4.22 -2.15 -3.2100 4.8000 -1.1800 -1.8156 -0.2689 2.2178 1.75 -9.38 -2.25 194 353 345 423 209 
0.78 -8.11 -3.41 -0.6400 1.1200 -0.9400 0.8456 0.3367 0.0533 1.10 -9.49 -2.18 193 351 345 424 209 
-0.55 -8.20 -8.80 -1.3600 3.6500 -7.8300 4.0344 1.2889 -0.9733 1.97 -9.40 1.93 194 356 348 423 209 
2.44 9.01 4.36 2.8700 15.4500 2.6500 8.5289 0.6467 0.6722 1.10 -2.50 9.41 190 354 335 422 205 
3.73 5.45 21.76 1.2700 4.8500 12.4300 0.4989 -0.5256 0.0767 2.48 1.41 9.37 200 354 337 419 207 
3.42 3.67 12.28 0.1800 3.2600 2.2500 -2.6956 -1.6756 -0.2456 4.24 -0.95 8.78 193 344 340 398 209 
5.86 0.52 4.67 0.5700 5.1000 -1.7500 -4.3900 -1.8156 1.2522 5.96 -6.00 4.95 190 303 294 292 201 
3.96 -6.36 -2.89 -1.9600 1.0600 -3.1700 -2.8300 -0.9300 1.6900 4.33 -8.74 -0.96 160 260 260 259 192 
3.45 -9.40 -1.20 -0.0400 -0.5300 0.4400 0.2022 0.3589 -0.5100 4.56 -8.60 -1.16 161 272 270 268 194 
4.98 -7.77 0.25 0.2400 0.8200 1.0600 -0.0167 0.0067 -0.2589 4.92 -8.42 -0.99 165 284 276 279 199 
4.60 -6.89 -0.14 -0.6300 0.8300 0.8700 -0.5156 -2.0500 -0.9611 5.64 -7.74 -2.09 171 310 289 324 217 
8.30 -10.55 -6.28 3.1100 -3.8300 -1.8300 -0.8156 -4.4322 -0.4989 3.83 -6.36 -6.40 183 316 295 357 224 
2.74 -5.99 -5.95 0.9300 1.6700 0.6400 1.7189 -0.0089 -0.0667 1.71 -7.56 -5.99 197 364 329 406 211 
2.00 -4.19 -3.66 -0.0700 3.6800 0.9900 0.1389 0.3933 -0.0856 2.24 -8.30 -4.70 199 380 343 413 209 
;
