8.50 4.58 -2.57 0.1300 0.0900 0.0300 -0.0222 -0.0033 0.0689 8.32 4.45 -2.63 155 264 226 233 174 
8.42 4.38 -2.71 0.1300 -0.0300 -0.0700 0.0022 0.0089 0.0078 8.34 4.45 -2.59 152 265 230 232 177 
8.43 4.46 -2.52 0.0600 0.0200 0.0900 -0.0089 -0.0144 0.0000 8.34 4.43 -2.60 152 272 228 236 177 
10.98 3.69 -2.39 2.1700 -0.2900 1.3500 0.5167 1.0700 1.6267 9.09 3.12 -1.92 173 283 288 299 187 
17.39 2.93 1.45 5.3200 2.1800 2.5100 -0.4900 2.4533 2.9700 9.75 -0.93 -0.25 173 292 309 336 160 
9.06 0.74 -2.28 -0.6700 6.2000 -2.6600 -2.5144 1.7800 4.7067 6.83 -7.00 0.50 174 299 322 345 194 
0.27 -5.81 -3.94 -3.7200 2.9000 -3.1200 -1.8133 0.1311 2.2533 2.69 -9.12 -2.37 177 314 321 351 195 
0.48 -7.94 -6.65 -1.3600 1.9600 -4.2900 2.5811 0.7400 -0.3433 2.37 -9.49 -0.62 179 317 326 355 195 
0.03 0.58 -2.66 -3.7100 10.6200 -5.8000 6.5611 -0.1800 -2.6022 4.72 -5.83 6.30 177 320 321 357 193 
16.61 12.45 17.77 8.4500 13.0900 20.8700 4.7400 3.3278 -1.7144 4.87 4.17 7.41 179 323 328 356 196 
6.42 2.56 7.12 0.1700 -0.2300 -0.9000 -1.4011 0.5444 -0.0400 5.89 2.06 7.56 180 327 330 357 197 
4.94 1.50 6.36 -0.5500 -0.2100 -1.6700 -0.2844 -0.3344 -0.0544 5.96 1.49 7.63 179 329 328 355 196 
6.13 1.74 8.61 0.2700 0.6700 1.2200 -1.2867 0.2544 -0.3933 6.08 0.85 7.64 180 328 327 360 198 
4.22 0.62 9.82 -1.7200 0.8800 0.7500 -3.2044 0.5744 -0.9933 4.91 -1.91 8.26 177 331 331 358 197 
4.57 -3.33 6.11 -0.7400 -1.3800 -0.9000 0.3500 -0.9278 0.0733 5.09 -2.57 7.97 180 327 237 203 175 
7.69 -2.93 6.74 -0.9900 -0.7300 -0.7000 1.3478 -0.0678 -0.7256 7.12 -1.54 6.56 142 324 183 175 144 
9.45 1.09 -0.05 2.2100 0.5600 -6.1300 3.4711 0.5311 -0.5144 7.04 1.94 6.53 137 327 188 179 150 
15.24 8.51 12.46 6.4900 5.8300 8.7100 1.6111 0.0144 3.5278 8.12 2.22 5.02 145 330 197 186 153 
1.45 2.50 8.74 -6.2100 2.5400 0.2800 -3.0956 1.4222 1.7022 6.58 -2.94 6.64 148 332 198 191 156 
-1.30 -1.78 0.00 -7.7300 2.6600 -6.4800 -1.2244 0.0111 -2.8889 7.13 -3.55 5.71 149 335 198 192 158 
10.57 2.63 -1.47 3.9100 2.8300 -6.1800 3.0133 -0.5544 -2.6167 7.83 2.10 5.50 154 334 204 196 164 
16.91 6.58 8.23 7.5700 3.3300 4.8300 1.8144 -0.0622 1.2567 8.44 3.41 3.62 153 326 206 199 167 
5.87 3.97 7.08 -6.2700 2.0200 2.7700 -1.7178 -0.4733 3.1267 9.24 -0.97 3.13 150 320 204 200 167 
10.32 -1.35 0.01 2.9100 -0.1000 -3.0500 -0.3056 -1.0567 0.0978 9.26 -1.56 2.82 1 313 207 200 167 
9.46 -1.25 2.80 0.1600 0.3000 0.0700 -0.1911 0.1867 -0.0589 9.27 -1.55 2.77 150 314 210 200 166 
8.81 -1.69 2.57 -0.4500 0.0700 0.0400 -0.2589 0.0078 0.0922 9.25 -1.82 2.69 152 316 209 202 168 
8.35 -0.99 3.22 -0.5700 1.2500 0.6200 -1.1911 -1.3489 0.9333 9.26 -2.78 1.59 159 306 273 269 190 
8.03 -3.37 -0.74 -1.1000 1.1400 0.1900 -2.5611 -4.3089 3.1378 7.12 -5.55 -3.80 174 292 316 337 204 
1.09 -4.61 -4.33 -3.6200 0.2100 2.5900 -2.9711 -0.8600 1.0944 2.51 -3.99 -8.59 177 263 312 338 204 
2.38 -3.37 -14.33 -0.0400 -1.1200 -2.5000 0.4844 0.1211 0.0400 2.59 -2.39 -9.14 175 274 318 341 205 
2.73 -2.31 -8.18 -0.0900 0.6000 0.8600 0.2311 0.1100 -0.0222 2.80 -2.81 -8.96 176 275 314 339 206 
2.29 -2.80 -8.47 -0.7400 0.0000 0.3500 0.0956 0.2733 -0.3767 3.06 -2.88 -8.85 178 277 312 333 205 
4.21 -2.12 -9.00 -1.1100 1.0800 -1.3500 1.0744 3.9844 -1.7622 6.72 -3.01 -6.46 150 260 220 220 166 
;
