2.22 -0.66 9.54 -0.0400 -0.1200 0.0100 -0.0033 -0.0067 0.0033 2.24 -0.52 9.53 169 317 308 322 199 
2.16 -0.53 9.65 0.0600 -0.1100 0.0800 0.0044 -0.0033 -0.0011 2.24 -0.54 9.53 172 311 305 316 201 
2.22 -0.67 9.60 -0.0500 -0.1500 -0.0300 -0.0033 -0.0100 0.0022 2.24 -0.56 9.52 168 316 306 322 198 
2.05 -0.78 9.49 0.0500 -0.1100 0.0500 -0.0889 0.0978 0.0689 2.16 -0.63 9.54 167 318 305 319 198 
-3.82 -0.11 13.18 -8.2000 0.5500 5.3500 -0.4167 -7.0422 2.0122 5.64 -1.51 7.87 167 275 268 287 203 
17.01 -8.98 -4.31 8.5400 -2.9900 -5.2200 -0.9322 -6.0733 4.7311 6.99 -5.61 -3.97 174 290 278 315 206 
-0.87 -2.72 -7.30 -4.4100 5.4700 -3.0600 0.5856 -0.0167 2.2600 2.18 -8.31 -4.71 181 344 294 341 210 
-2.17 0.74 -5.07 -4.2700 10.4400 -3.8700 5.7889 1.8833 0.1022 1.78 -9.35 2.34 179 329 297 339 205 
1.16 7.94 1.12 -0.3000 14.0200 -3.5800 7.5744 -2.9967 -3.0200 5.65 -1.56 7.85 183 301 294 324 206 
13.10 6.73 26.12 0.0200 2.3300 13.7100 -0.4956 -0.4378 0.1089 5.05 1.96 8.17 184 302 286 328 207 
3.99 1.78 9.51 -1.2400 0.3700 0.5600 -1.1056 0.4111 -0.2800 4.99 0.54 8.42 180 297 291 326 205 
6.27 0.61 6.37 0.9400 0.5600 -2.2700 -0.5467 0.2156 -0.0811 4.56 -0.11 8.68 179 306 289 323 205 
4.40 -0.20 7.36 -0.8400 0.0900 -0.7800 -0.5878 -1.4611 -0.1444 5.76 -0.75 7.89 183 256 237 244 201 
7.97 -0.66 6.91 0.9700 -0.0200 0.1400 -0.9722 -1.0489 -0.4167 7.41 -1.27 6.29 177 240 198 208 184 
10.49 -3.56 11.97 2.8800 -2.2600 5.5800 1.3689 1.4100 0.4367 6.43 -0.82 7.35 169 285 161 172 158 
3.13 0.36 3.52 -3.0300 0.8000 -6.2100 1.3389 1.4000 -1.7322 6.08 0.76 7.65 157 289 163 175 158 
13.58 6.64 4.82 10.6200 4.7000 1.1500 4.2611 0.8267 1.1333 5.08 5.42 6.39 163 297 171 180 174 
3.14 11.61 10.89 -5.2600 7.5100 3.0900 -3.1822 1.4233 4.3756 6.41 0.63 7.38 169 300 176 186 170 
-5.28 -0.34 1.96 -11.6400 3.0700 -5.1700 -3.2989 -1.4256 -0.7378 6.66 -4.87 5.29 168 311 175 187 173 
4.07 1.56 -3.17 -0.4400 3.9700 -8.7300 2.2589 0.4167 -5.5078 7.55 1.74 6.00 168 307 176 189 177 
12.23 10.00 5.28 6.4800 5.8900 2.5000 3.7367 4.8122 0.0122 2.42 7.36 6.00 172 309 181 202 184 
-1.08 10.73 11.51 -7.5600 1.9700 4.8800 -1.8589 -2.4778 2.7611 7.28 4.95 4.30 161 310 181 196 183 
6.93 2.64 2.20 0.3500 -1.4800 -2.5000 -0.1078 -0.1011 -0.1367 7.11 4.40 5.11 169 309 183 199 181 
7.06 5.34 5.42 -0.1800 0.8700 0.3400 -0.0311 -0.0211 0.1122 7.05 4.40 5.19 169 308 188 199 187 
6.93 4.50 4.79 0.0300 0.4500 -0.3300 -0.1789 -0.0289 -0.0433 7.07 4.25 5.29 171 310 184 199 187 
9.76 4.64 8.10 4.6600 1.0400 2.5800 -2.8622 2.7144 -1.5411 5.79 3.58 7.05 173 188 168 170 174 
-5.96 1.35 8.34 -0.1500 0.7500 -0.6000 -1.6622 4.2811 -0.1311 -6.27 0.29 7.53 180 154 147 136 160 
-8.16 -0.73 -0.05 -1.6100 -1.0100 -5.9400 -0.1789 -0.1911 0.8478 -7.31 0.81 6.48 190 157 157 161 158 
-4.96 0.64 8.31 2.2400 0.3200 1.0900 -0.4033 -0.3078 -0.5911 -6.96 -0.05 6.89 189 158 164 165 165 
-6.56 -0.17 6.61 0.4800 0.0500 -0.1600 0.1078 0.0611 -0.0278 -6.91 -0.02 6.95 190 158 161 168 166 
-6.35 0.15 7.43 0.6000 0.0900 0.4700 -0.0022 -0.0278 -0.1367 -6.89 -0.09 6.96 190 161 164 172 166 
-6.69 -0.17 6.91 0.1800 0.0600 0.0000 0.0444 -0.0022 -0.0111 -6.86 -0.08 7.00 189 167 169 168 167 
;
