2.22 2.87 8.98 -0.1400 -0.0300 0.0000 0.0056 -0.0156 0.0122 2.31 2.89 9.07 158 351 323 366 203 
2.27 2.88 9.05 -0.0300 0.0200 0.0200 0.0078 0.0011 0.0144 2.36 2.88 9.07 162 351 324 366 202 
5.45 5.86 11.55 5.9000 6.6000 6.1000 -1.1322 2.6189 -0.3378 1.32 2.38 9.41 160 272 231 250 161 
2.49 2.82 17.31 2.3700 3.4600 8.3900 -4.0489 -7.2189 5.1367 6.64 -3.33 6.39 172 276 262 273 186 
-1.91 0.78 -3.68 -7.5700 7.3800 -6.4100 -4.1867 0.0544 3.5700 2.10 -9.44 -1.60 173 295 282 307 197 
-1.72 -3.38 -9.07 -3.4200 6.9500 -7.6200 4.0056 0.2744 -1.4044 2.23 -9.50 0.93 176 295 282 309 197 
-0.55 8.89 -4.81 -3.4300 15.8400 -11.2600 10.1322 -2.3978 -2.6533 4.97 -1.60 8.29 180 294 286 305 200 
-15.53 8.81 26.22 -8.5300 4.6800 13.8400 -2.3978 -4.8733 -0.5956 3.60 3.26 8.51 181 303 303 318 199 
3.83 2.71 6.13 0.1100 0.3200 -2.6000 -0.2278 0.2844 0.0400 3.32 2.07 8.98 177 302 303 319 198 
3.19 1.94 7.84 -0.4200 0.0900 -0.7700 -0.1389 -0.5156 -0.1556 3.73 1.83 8.87 175 301 299 315 202 
8.95 1.88 16.25 5.1000 -0.0700 6.4200 -0.9811 -0.7844 0.7378 5.66 0.79 7.96 164 241 191 184 182 
10.50 0.84 7.11 5.1200 1.1300 -1.6500 -0.1733 2.0822 2.4578 4.05 -1.26 8.83 159 222 152 159 162 
0.33 -0.16 2.80 -1.2000 1.1500 -6.1100 1.0467 1.7389 1.3489 0.75 -0.90 9.73 151 156 135 144 142 
-5.01 3.10 8.13 -7.7000 2.8100 -2.7600 0.0544 -0.3944 -0.4467 -0.35 0.03 9.80 162 141 135 146 137 
0.00 1.76 10.30 1.2300 1.9800 0.3800 -1.0889 0.3311 -1.1644 -0.65 -1.05 9.72 152 150 133 146 142 
2.91 -1.19 9.60 4.0200 1.0000 0.0000 -1.4622 1.5511 -1.6456 -1.60 -3.11 9.15 125 154 122 153 147 
-3.94 -6.11 8.70 -1.3100 -1.9100 -0.4000 -0.1578 0.3778 -0.3711 -2.33 -4.03 8.62 118 163 131 162 147 
-2.23 -4.12 8.28 0.0400 -0.2600 -0.6800 -0.2778 0.0289 -0.0044 -2.39 -4.29 8.48 136 163 135 161 148 
-8.09 -0.09 11.97 -8.6100 5.6700 4.9000 -0.3789 -3.1633 0.5167 -0.91 -4.67 8.56 154 241 210 231 184 
0.15 -2.92 5.24 1.2000 5.2800 -3.8300 -7.3222 -3.0089 -0.7589 2.45 -9.45 0.91 172 302 282 313 195 
6.07 -6.24 -13.49 3.4300 2.7500 -9.2500 0.1500 0.8467 -0.0378 3.30 -8.78 -2.85 174 324 290 324 195 
3.54 -1.55 -8.16 0.4100 8.5100 -7.9700 6.2111 1.7900 1.1789 2.33 -8.70 3.86 179 317 288 330 194 
5.63 16.19 15.87 4.0800 19.2100 11.3400 7.2533 0.4278 0.7567 2.61 1.71 9.29 175 320 283 320 197 
2.99 4.59 13.48 0.0400 2.0200 3.0400 -1.9233 -0.5300 -0.2178 3.51 1.26 9.06 181 311 283 324 197 
-0.99 2.34 9.77 -4.7500 1.8500 0.5600 -1.2567 -0.7689 -2.3900 3.67 0.00 9.09 182 328 282 319 195 
2.84 2.71 4.90 1.1700 3.3100 -4.6200 -3.2978 0.9011 -6.3722 3.66 -1.03 9.03 179 316 267 294 197 
;
