3.36 5.54 7.31 0.0900 -0.0300 -0.0200 0.0011 0.0122 0.0000 3.27 5.58 7.36 173 361 360 417 208 
3.34 5.59 7.34 0.0700 0.0000 -0.0200 -0.0033 -0.0011 0.0033 3.27 5.58 7.36 172 363 360 416 209 
3.35 5.59 7.33 0.0100 -0.0600 -0.0100 0.0033 -0.0278 0.0078 3.28 5.58 7.35 174 364 360 415 209 
3.38 5.57 7.32 0.1300 0.0200 -0.0300 0.0100 0.0000 0.0078 3.29 5.59 7.35 175 362 359 415 207 
4.04 5.64 7.74 0.5600 0.0600 0.4300 0.0111 -0.0867 0.7389 3.52 5.38 7.39 178 350 353 417 208 
10.59 5.89 12.99 3.9600 2.7000 4.9100 -3.0133 -2.7289 3.3744 7.47 1.01 6.26 185 350 351 410 210 
4.88 0.03 2.03 -2.9000 3.4200 -3.1800 -2.8556 -0.6856 3.4600 7.06 -5.79 3.56 185 352 348 408 210 
3.04 -5.14 -1.11 -1.9400 2.0800 -3.9400 0.2178 0.3644 1.3056 4.78 -8.06 2.86 185 356 351 413 210 
2.28 -3.46 -2.47 -2.0700 4.5800 -7.2900 4.6489 0.5200 0.1311 3.85 -6.01 6.71 185 359 354 418 210 
5.74 7.12 11.47 3.6400 8.2500 6.3300 5.3544 -0.7811 0.3667 4.43 1.19 8.66 188 354 357 417 208 
4.85 4.94 19.06 0.3000 2.9600 8.8200 -3.0444 -0.5689 -0.1767 5.57 0.34 8.06 188 355 355 407 210 
6.71 -0.44 2.74 -0.1700 1.8000 -5.1400 -3.1944 -0.1833 0.7333 6.14 -4.27 6.33 186 353 354 399 211 
5.72 -5.68 3.62 0.1600 -0.8900 -1.8100 0.2667 0.1400 0.4800 5.62 -5.30 6.03 185 349 347 375 211 
7.71 -7.62 7.19 2.4300 -1.7000 0.4700 1.0567 0.6256 1.4911 4.46 -5.49 6.78 154 281 224 236 200 
4.00 -3.80 6.85 0.8300 1.4000 -0.4000 2.6467 0.8367 1.4967 2.40 -3.65 8.77 139 223 180 192 183 
0.42 0.72 7.69 -1.3400 3.3500 -1.4900 0.6789 1.2033 0.5756 0.35 -2.42 9.49 127 182 172 179 170 
-0.92 -0.92 8.80 -1.4800 0.5300 -0.7000 0.2467 0.4989 -0.7700 -0.32 -1.97 9.60 121 176 169 179 170 
-0.07 -1.34 9.78 0.1700 0.7000 0.1300 -0.1889 0.6678 -1.1133 -0.70 -2.22 9.52 118 172 173 180 170 
0.03 -2.66 8.50 1.4800 0.4400 -0.8800 -0.6489 2.1533 -2.0489 -2.13 -3.60 8.86 129 177 174 188 170 
-4.20 -8.07 5.07 -2.3900 -3.2300 -2.6600 -0.5022 0.4222 -0.5944 -2.72 -5.24 7.82 130 188 177 190 170 
-4.14 -4.84 6.57 -2.1700 0.6000 -1.8100 -0.0122 -1.0511 -0.4900 -1.68 -5.58 7.88 133 195 182 193 175 
-0.59 -3.05 1.51 -0.1900 2.2600 -7.3000 1.2167 -2.0233 -2.4222 2.11 -4.29 8.55 158 259 238 259 199 
;
