-0.30 -0.55 9.80 -0.1000 -0.0700 0.0000 -0.0011 -0.0022 0.0011 -0.17 -0.46 9.79 164 337 346 380 213 
-0.26 -0.49 9.78 -0.0500 -0.0700 0.0500 -0.0033 0.0033 0.0011 -0.17 -0.46 9.79 163 336 345 379 212 
-0.28 -0.59 9.83 -0.0400 -0.0800 0.0000 -0.0011 -0.0044 0.0000 -0.16 -0.46 9.79 164 335 342 380 213 
-0.26 -0.57 9.74 -0.1100 -0.0700 0.0100 -0.0111 -0.0422 -0.0100 -0.14 -0.46 9.79 163 334 342 379 213 
-1.44 -0.72 10.70 -2.2600 0.4000 2.7200 -0.6978 -2.2144 0.3811 0.84 -0.95 9.72 140 287 254 243 210 
7.98 -3.76 0.13 3.2000 -0.5400 -8.9900 5.0256 -11.9556 4.8544 8.68 -2.91 3.49 172 308 188 187 194 
9.52 -1.15 2.50 1.5100 4.1600 3.1200 2.8033 -2.8500 2.1300 7.37 -6.40 -0.83 182 331 184 180 186 
6.71 -5.02 -0.96 -0.1500 2.6500 0.2100 2.0911 0.1478 -0.0044 6.17 -7.61 0.08 185 372 188 184 187 
5.77 -6.51 1.36 -0.8900 0.3600 0.8300 -2.4489 -1.1800 0.2222 6.06 -7.48 -1.84 184 363 184 188 186 
6.23 -8.24 -6.68 -0.1200 -0.0800 -2.8500 1.7367 0.5567 -0.2611 6.15 -7.52 -1.30 186 359 195 190 188 
5.46 -4.05 5.44 -0.2300 3.2500 4.9400 -0.5056 0.2267 -0.3633 6.53 -7.30 0.08 185 380 196 194 190 
8.36 -5.10 3.05 2.0000 1.8700 3.3500 -2.1478 1.9622 -1.2033 7.18 -6.63 -0.66 169 278 168 180 179 
11.39 -9.47 -0.90 4.2600 -3.1300 -2.1600 2.0267 3.3000 -1.1522 7.84 -4.70 3.53 123 325 149 178 172 
8.57 -2.36 5.98 0.5200 0.9800 -2.2500 1.8789 1.2722 0.2911 6.51 -2.25 6.97 118 350 169 179 172 
4.43 1.25 3.67 -2.3300 2.1200 -2.2900 2.3578 0.1933 0.2089 6.25 0.15 7.55 126 371 169 179 172 
5.14 2.18 6.78 -0.3200 1.2500 -0.9300 -0.4500 -0.3844 -0.0011 6.32 0.67 7.46 129 377 177 180 176 
6.28 2.07 6.32 0.3800 1.4900 -1.0200 -1.1233 -0.0678 -0.7444 6.36 0.27 7.45 128 387 180 188 180 
7.12 -0.25 5.46 0.6600 -0.0900 -2.2300 -1.7678 0.3933 -0.6678 6.25 -0.88 7.50 131 394 185 192 182 
5.58 -3.27 10.39 -0.1000 -1.0900 3.2900 -0.6522 -0.3589 -0.0267 6.33 -1.78 7.27 130 400 188 192 183 
2.93 0.52 5.13 -4.6400 3.1100 -1.8800 -2.0578 -0.7522 -0.5189 7.03 -3.08 6.09 141 351 175 197 187 
;
