7.36 0.22 6.49 0.0600 0.0700 -0.0300 0.0078 0.0089 -0.0078 7.32 0.13 6.52 166 239 234 242 182 
7.28 0.23 6.48 -0.0100 0.0700 0.0000 -0.0022 -0.0067 -0.0078 7.31 0.13 6.53 167 237 234 242 181 
7.35 0.19 6.48 0.0600 0.0500 -0.0300 -0.0022 -0.0389 -0.0156 7.31 0.13 6.52 166 239 235 243 179 
11.12 1.57 5.85 3.7900 1.5300 -0.4200 0.1089 -4.5444 1.0633 8.97 -0.34 3.92 176 290 233 238 174 
12.24 -1.57 -2.46 2.0900 1.5500 -0.8300 3.0989 -2.7278 3.3522 8.23 -4.86 -2.17 174 383 230 238 173 
4.38 -4.27 -0.25 -2.0600 3.1000 1.9400 3.1289 -0.7778 1.5333 5.63 -8.02 0.04 182 397 232 240 174 
3.63 -4.73 4.67 -2.5600 4.0700 6.6200 0.4444 -1.3944 0.1222 5.28 -8.07 1.74 178 413 235 243 177 
6.30 -8.24 -0.21 1.1400 -0.3000 -1.1500 -1.3222 -0.7178 0.0767 5.42 -8.17 -0.06 181 408 235 243 175 
4.82 -8.37 -1.56 -0.8900 0.2400 -1.2900 1.4289 0.0900 0.0444 5.27 -8.22 0.83 184 412 238 242 176 
6.23 -5.44 5.93 1.7500 2.1600 3.0000 -0.6378 0.7089 -0.3233 5.45 -7.96 1.73 185 408 240 244 178 
4.77 -4.63 4.07 -2.2300 2.3200 2.1300 -2.4244 0.4833 -0.9878 6.12 -7.65 0.36 178 280 248 253 181 
7.36 -6.66 -4.93 0.9600 -0.2500 -3.5000 -2.3067 -0.9211 -0.6956 7.07 -6.12 -2.94 144 251 254 261 183 
8.52 -5.90 -4.92 1.5100 -0.4200 -0.8200 -0.1722 0.0833 -0.0556 7.20 -5.40 -3.87 148 259 254 261 183 
7.30 -5.29 -3.45 0.0000 0.2000 0.4000 0.0844 0.1578 -0.0378 7.33 -5.39 -3.64 149 265 250 252 181 
14.91 -7.84 -3.95 7.0500 -3.6700 -2.9800 2.2467 5.3822 -0.4644 8.25 -5.03 1.64 129 319 232 233 174 
-0.51 -5.92 6.43 -7.9700 0.4900 2.2100 -0.2067 1.2067 1.3344 5.35 -6.61 4.87 121 368 225 224 165 
1.04 1.13 1.04 -4.0000 7.7400 -4.1600 -0.7178 -0.0033 -2.6833 6.57 -5.60 4.64 106 373 218 215 161 
9.12 -1.46 0.55 2.0600 2.1600 -3.5000 1.0456 -1.0544 -1.6378 8.30 -2.88 4.34 108 340 223 220 164 
15.58 -2.63 4.50 7.2300 -1.0600 1.2300 1.9100 -0.7167 0.4100 9.01 -1.30 3.63 112 332 225 223 166 
9.62 -1.61 8.60 -1.3500 1.3900 4.7800 0.4144 -0.0556 2.9111 8.23 -3.72 3.80 116 335 227 228 168 
3.04 -2.35 3.95 -2.9600 2.3100 -1.3400 -1.9544 0.9811 -1.0678 7.82 -4.88 3.31 120 332 227 229 169 
9.20 -5.04 2.44 0.9600 -0.3300 -0.2100 -0.0744 -0.2122 0.0133 8.09 -4.79 2.75 119 332 230 229 169 
8.09 -4.58 3.28 0.0000 0.2500 0.3900 -0.0567 0.0489 0.0722 8.04 -4.86 2.79 119 333 230 230 169 
;
