1.06 6.45 7.20 0.0700 -0.1100 0.0000 0.0122 -0.0133 0.0044 0.99 6.55 7.22 187 337 328 393 212 
0.84 6.52 7.19 -0.1400 -0.0300 -0.0500 0.0056 0.0089 -0.0011 0.97 6.55 7.22 186 338 329 395 211 
0.94 6.55 7.16 -0.0300 -0.0100 -0.0100 -0.0022 -0.0111 -0.0011 0.97 6.55 7.22 186 336 328 394 211 
0.94 6.51 7.17 -0.0700 0.0900 -0.0200 0.0444 0.0389 0.0689 0.95 6.55 7.23 188 338 335 381 209 
-3.36 8.74 12.88 -3.1600 3.7500 2.0200 -5.4622 -4.9511 2.6600 2.66 1.22 9.35 182 326 216 196 175 
9.73 -2.27 0.39 1.0800 1.4100 -1.3900 2.1522 -5.7067 4.3411 8.15 -5.44 0.23 181 379 213 201 170 
4.71 -3.76 2.07 -1.6900 3.0400 1.6500 2.7167 0.2133 0.4244 6.64 -7.01 1.65 181 404 217 208 174 
6.65 -4.71 4.34 -1.1100 1.7700 2.0100 -2.2722 0.1744 -0.2933 7.09 -6.71 0.83 179 397 222 209 174 
8.78 -8.28 -10.13 2.0100 -1.5600 -7.9300 1.5067 -0.0122 0.1556 6.96 -6.88 -0.52 178 399 222 210 176 
3.32 -0.16 13.10 1.1200 4.7200 10.9200 -0.7378 1.6711 -0.9156 6.98 -6.17 3.04 135 391 227 215 180 
-0.16 -6.55 -0.75 -3.8400 -0.6500 -6.5600 -3.4400 8.1278 -3.4533 -0.11 -7.84 5.87 190 397 214 216 177 
6.36 -6.28 6.58 6.2100 1.7400 0.3500 1.1567 1.0544 -0.1622 0.10 -7.33 6.51 193 403 214 218 176 
-0.05 -12.76 13.38 -0.2100 -7.4300 6.1200 -1.0656 -0.3589 1.7789 -1.31 -7.01 6.72 194 402 214 218 176 
-7.24 -5.40 6.10 -5.3500 3.9900 0.8000 -2.3322 1.3511 -0.5367 -1.53 -9.03 3.48 195 405 217 221 177 
-3.44 -0.90 2.15 -2.7600 8.8100 -0.0300 -0.7467 0.9389 -2.7456 1.52 -9.54 1.64 193 403 214 223 178 
8.21 -1.88 0.24 6.2900 5.7300 -2.3100 1.2367 0.1322 -2.8311 5.31 -7.79 2.69 194 403 216 223 176 
14.48 -8.05 7.53 8.2900 -0.4100 5.2100 3.0956 0.0067 2.3456 4.96 -6.11 5.83 195 400 220 222 177 
-2.69 -8.91 11.67 -7.6500 -1.2600 4.5800 -0.7700 -0.8467 2.2078 2.58 -7.49 5.77 193 395 223 223 178 
-1.23 -2.17 3.30 -4.8200 4.2100 -2.6300 2.4122 -11.4356 -3.5622 7.93 -5.52 1.64 165 287 242 225 179 
;
