8.18 4.13 -3.85 0.0700 -0.0300 0.1100 0.0500 0.0011 0.0344 7.99 4.18 -3.84 158 281 221 225 174 
8.10 4.08 -3.66 0.1200 -0.1200 0.0800 -0.0211 -0.0933 0.0789 8.00 4.17 -3.83 160 282 220 223 175 
11.15 3.17 -8.15 6.2500 0.4100 -5.0100 1.8978 -2.4311 3.0333 7.93 1.37 -5.59 160 294 210 203 164 
9.06 -0.88 -8.53 0.2000 2.8800 -0.8400 4.2022 0.7178 2.4500 7.26 -4.73 -4.57 158 314 213 206 167 
2.35 -2.61 -0.39 -3.9500 4.3600 1.8400 2.7778 0.0589 0.5889 6.17 -7.59 -0.50 161 344 217 212 131 
4.48 -6.01 0.73 -1.4700 1.1900 0.7200 -2.7289 -1.1200 -0.3333 6.25 -7.23 -2.17 157 334 212 212 158 
7.98 -8.11 -5.29 1.1600 -0.1300 -2.3800 2.6333 1.1711 -0.0478 6.50 -7.33 -0.25 162 349 211 214 152 
9.01 -5.62 3.48 2.5500 0.9600 2.6000 -1.2511 1.1289 -1.6522 7.42 -6.39 0.38 128 348 190 187 143 
11.35 -10.18 -1.50 2.2300 -5.2300 -3.1000 2.2322 1.3644 -1.6233 8.58 -4.21 2.15 117 367 192 173 113 
5.76 -1.22 0.30 -4.3600 1.8000 -3.8300 2.7044 1.3244 -0.6867 8.10 -0.71 5.48 113 376 190 194 153 
6.10 2.92 5.35 -0.6700 1.3800 -0.8800 -0.3022 0.0889 -0.1322 7.37 0.20 6.46 130 381 192 203 161 
7.15 -1.24 4.88 -0.3600 -0.4800 -0.7400 -1.3511 0.0278 -0.4089 6.93 -0.64 6.90 145 385 203 208 159 
5.58 -3.63 5.49 -0.8700 -2.1200 -0.1600 -0.6233 -0.2900 0.8600 6.24 -2.46 7.14 149 388 220 206 159 
5.60 -2.89 7.81 -0.2300 0.3700 0.4400 -0.3256 0.0433 0.0033 6.03 -3.15 7.05 154 387 216 207 168 
9.68 1.46 8.77 4.7900 5.4600 1.8100 -7.2356 8.1689 -0.7356 2.47 -6.22 7.16 158 229 254 247 166 
-5.46 -10.54 2.46 3.6100 -0.1500 1.0500 -3.1656 2.4289 -1.5711 -1.71 -9.65 0.06 165 260 289 294 184 
0.94 -8.91 -6.34 0.2200 0.6300 -5.7400 -0.6111 0.0300 -0.5967 -0.47 -9.48 -2.44 168 266 287 297 174 
-1.56 -6.26 -2.83 -1.4400 4.8500 -1.1200 6.1300 2.3567 -0.9022 1.23 -9.13 3.33 170 281 293 298 184 
4.71 -6.28 5.14 2.5300 3.2600 2.0000 -3.6756 -0.7700 0.5933 1.04 -9.75 0.08 169 284 297 301 187 
-10.70 -12.00 -13.99 -10.2800 -3.2000 -11.7700 2.2800 1.5044 -0.5522 0.14 -9.73 -1.21 168 276 290 296 186 
7.31 -0.18 17.72 6.5700 9.4800 16.4400 0.3100 -2.0400 -1.5944 3.09 -9.07 2.03 167 270 287 292 187 
4.76 -6.25 -4.78 -1.2600 2.2900 -5.4100 3.7267 -4.4978 -0.8133 4.75 -8.56 0.42 161 233 242 222 174 
;
