-0.86 -0.72 9.77 -0.0200 -0.1600 -0.0200 0.0056 0.0011 0.0022 -0.82 -0.53 9.75 166 356 348 377 216 
-0.80 -0.70 9.83 0.0100 -0.1400 0.0800 0.0033 -0.0078 0.0011 -0.82 -0.55 9.75 166 354 346 379 216 
-0.83 -0.70 9.72 0.0600 -0.0800 0.0500 -0.0022 -0.0700 -0.0189 -0.70 -0.66 9.75 170 309 323 326 215 
6.07 -2.87 12.32 4.2100 -0.1900 2.0700 -0.5544 -5.9789 1.1533 3.49 -3.26 8.55 125 285 147 172 181 
12.08 -0.33 -0.28 3.5600 2.1400 -0.7800 4.7833 -8.1322 2.2600 9.21 -3.20 -1.02 99 327 161 171 172 
9.05 -2.92 -1.02 1.7000 2.7500 1.6400 2.9367 -1.7489 1.3578 6.56 -6.84 -2.49 107 329 175 176 176 
5.90 -4.84 -0.62 -0.0900 2.8000 1.0400 1.7111 0.1533 -0.1678 6.14 -7.59 -0.82 113 354 175 182 180 
5.35 -6.52 0.06 0.3200 -0.1000 -0.7200 -1.8744 -1.2811 0.1967 5.95 -7.33 -2.63 117 350 183 185 180 
7.12 -7.62 -4.98 -0.4200 0.1200 -1.8300 1.7778 1.1989 -0.2133 6.19 -7.51 -1.19 117 353 179 185 182 
9.44 -4.55 3.38 2.8900 2.3000 2.2700 -1.5467 1.6667 -0.1522 6.54 -7.29 -0.32 120 334 178 191 185 
8.92 -6.18 -0.54 3.7500 0.8200 0.6100 -1.5800 0.0189 1.1011 5.84 -7.63 -1.91 135 268 187 185 185 
2.37 -8.79 -5.82 -3.0900 0.0800 -2.6700 1.3289 1.3211 1.7689 2.78 -9.30 -1.35 125 265 182 187 181 
1.49 -7.56 0.09 -0.8100 1.7000 0.6200 0.2633 -0.0111 -0.2978 2.94 -9.34 -0.42 122 272 181 185 183 
6.84 -15.17 -1.65 3.7300 -6.0300 -2.8700 1.9533 0.6811 0.5122 2.50 -9.41 1.07 126 277 184 188 184 
1.15 -6.67 1.15 -0.8100 3.4100 -2.2200 3.7789 1.3456 0.4744 1.12 -7.59 6.09 128 290 187 191 183 
-2.42 0.46 9.04 -2.5100 7.6300 1.5400 -0.7422 -0.2711 -0.5844 0.80 -6.49 7.30 130 296 190 191 183 
2.03 -3.65 2.86 0.5400 3.3900 -2.2000 -4.2711 -1.1167 -1.9044 3.71 -8.77 2.30 132 293 191 194 185 
7.95 -8.69 -1.85 1.9800 -0.2500 -1.0700 -3.5378 3.5378 -2.9556 6.62 -7.16 -0.94 150 284 198 198 193 
14.23 -8.05 0.17 3.2500 -1.8600 -3.9900 -0.9556 13.6544 -2.1944 3.85 -3.65 8.24 170 307 275 316 207 
0.12 -0.44 11.64 1.7400 1.0800 2.6100 2.2956 0.8167 -1.5156 0.59 -0.17 9.78 174 365 339 382 211 
;
