2.40 0.88 9.49 0.0900 0.1700 0.0500 -0.1633 -0.0333 0.1522 2.45 0.66 9.47 169 343 365 393 212 
2.27 1.06 9.53 -0.1100 0.0900 -0.1200 0.0278 0.0911 0.0300 2.32 0.88 9.48 175 348 364 396 214 
1.87 1.15 9.78 -0.4400 0.7700 0.1300 -1.9511 -1.1400 0.0456 3.05 -0.42 9.31 174 325 275 307 215 
11.13 0.03 0.76 3.3700 -0.2800 -6.4100 3.0033 -8.1478 2.0144 9.07 -2.36 2.87 145 319 189 199 187 
13.56 -4.21 -0.46 4.1900 1.2800 1.8300 4.7478 -2.8289 2.2311 6.93 -6.65 -1.96 153 351 195 202 184 
4.52 -2.69 3.15 -0.5900 5.7300 3.8900 3.3089 0.0967 0.6911 5.30 -8.08 1.61 155 389 205 207 186 
4.24 -7.86 1.23 0.1100 -0.4300 -1.2100 -2.2978 -0.5767 -0.3144 5.53 -8.08 -0.37 155 377 205 207 187 
5.17 -8.39 -2.73 -0.3400 0.2300 -2.1600 2.3244 1.0667 -0.0956 5.36 -8.11 1.25 156 398 207 213 194 
6.17 -2.20 6.49 -1.0200 4.4900 2.2400 -1.5989 2.1389 -1.9567 6.24 -7.12 2.53 159 311 209 209 163 
16.78 -8.76 -1.19 5.5300 -3.9600 -6.0500 -0.9189 -0.2544 0.5033 7.27 -6.02 2.65 189 176 173 195 169 
-8.97 -4.99 9.27 -14.5100 3.1600 5.7100 -1.7356 -1.6044 -3.1211 7.81 -5.77 1.35 199 178 192 186 173 
33.06 2.54 -19.82 16.3900 1.3300 -9.9900 1.9689 0.0344 0.8000 9.49 -2.43 -0.11 200 179 200 193 173 
8.48 -1.55 -0.33 -0.1500 2.0400 0.5100 0.4511 -0.2367 0.1767 9.19 -3.36 -0.61 199 186 192 195 174 
;
