0.41 -1.60 9.53 0.2200 0.0900 -0.2400 -0.0700 0.0433 -0.0678 0.21 -1.65 9.66 157 316 293 304 197 
0.13 -1.75 10.06 -1.5000 0.4700 2.0100 0.0556 0.2033 -0.2378 0.28 -1.70 9.65 156 319 296 315 192 
-1.19 -0.80 11.79 -0.2100 1.7900 1.6500 -1.1089 -2.8878 -0.3622 2.26 -2.39 9.23 154 296 272 289 199 
5.18 -6.30 9.15 0.8600 -2.5700 0.4200 1.2567 -7.5600 1.2511 5.78 -4.89 6.22 155 268 165 175 185 
10.61 0.93 0.15 1.8400 5.6100 0.1500 4.5711 -5.7700 2.0956 8.34 -5.10 -0.67 132 287 177 181 179 
7.29 -4.27 0.89 0.1200 2.4200 1.6500 3.1878 -1.0778 1.4456 6.49 -7.33 0.36 140 308 183 178 181 
6.88 -4.70 7.65 0.5100 2.4200 5.1100 -1.7044 0.8311 -0.3111 6.31 -7.45 0.85 137 327 192 180 183 
9.87 -8.13 -5.98 2.8100 -0.8600 -5.0400 1.2611 0.2089 0.5022 6.49 -7.35 0.00 144 330 188 187 182 
4.03 -4.54 9.02 -0.5800 2.8200 6.0300 -1.3067 0.9156 -0.1322 6.04 -7.61 1.30 161 321 212 221 191 
8.10 -7.46 -1.23 2.1100 -0.3400 -0.5600 -2.8678 -1.0411 0.5100 5.88 -7.51 -2.24 180 313 271 303 203 
3.88 -7.26 -3.29 -0.7900 0.1600 1.7800 -2.3067 -1.8978 0.5033 3.92 -6.65 -6.03 182 299 265 304 205 
1.84 -2.18 -6.61 -1.3700 2.6100 0.7300 -2.9344 -0.5622 -0.0833 2.61 -3.09 -8.92 181 260 242 298 203 
3.03 -2.52 -11.71 0.4700 -0.4900 -2.1700 0.1267 0.0933 -0.0289 2.65 -2.21 -9.17 188 271 254 303 204 
2.84 -2.14 -7.81 -0.1700 0.5000 1.4500 -0.0489 0.1611 0.0533 2.90 -2.40 -9.05 185 272 260 301 204 
2.16 -1.09 -9.29 -0.7200 1.1800 -1.1900 -0.0722 2.5567 -0.1811 4.30 -1.84 -8.61 169 280 185 188 163 
8.54 -3.45 -11.43 2.9900 0.3600 -4.1200 5.0267 0.3844 -0.4978 6.93 -4.48 -5.29 156 312 175 190 155 
7.55 -2.90 0.58 -0.6300 4.0100 2.8800 4.2578 0.8100 1.1589 6.56 -7.26 0.60 165 323 192 201 162 
2.68 -3.57 6.41 -3.3300 3.4000 5.5300 0.4811 -1.0733 0.0056 6.14 -7.25 2.38 167 330 198 209 163 
8.64 -7.81 -2.36 3.3100 -0.8000 -4.3500 0.0311 -0.3989 0.3978 6.18 -7.56 0.78 152 324 198 212 163 
4.37 -4.39 9.33 -0.1300 2.7500 7.0500 -0.4089 0.9833 -0.8878 6.35 -7.11 2.26 169 310 199 216 166 
6.71 -3.16 5.24 -0.1700 2.9400 2.3500 -3.2411 3.0789 -2.4511 7.40 -5.67 3.00 166 263 222 225 176 
6.82 -3.43 2.72 -1.6400 1.0900 -2.0500 -1.0056 6.0389 -3.0344 4.71 -4.25 7.47 166 278 257 244 185 
3.21 -2.70 8.91 2.6400 -0.0200 0.6000 0.7567 1.3267 -2.1889 2.64 -2.76 9.02 173 302 275 287 187 
;
