5.36 5.49 6.15 0.0900 0.0900 -0.0200 0.0078 0.0189 0.0167 5.30 5.42 6.21 180 265 199 185 168 
5.36 5.48 6.24 0.0100 0.0100 0.0000 -0.0178 0.0156 -0.0156 5.31 5.41 6.21 184 269 198 189 171 
5.35 5.48 6.13 -0.0200 -0.0100 -0.1000 0.0067 -0.0300 0.0189 5.32 5.40 6.20 179 264 198 185 168 
4.89 5.16 5.86 -0.5000 -0.4200 -0.4800 0.0722 -0.0578 -0.0711 5.34 5.40 6.19 181 265 200 188 169 
5.22 5.25 6.07 0.0000 -0.4500 -0.4000 -0.0278 0.1278 -0.1467 5.08 5.49 6.33 182 266 197 188 170 
5.02 5.51 6.31 0.0600 -0.1500 -0.2100 0.0456 -0.0300 -0.0478 4.77 5.64 6.44 184 264 201 188 160 
6.38 5.67 9.22 0.3300 0.1600 2.9600 0.1911 -8.5433 3.5700 8.67 4.05 2.10 154 269 205 203 170 
12.58 1.42 -4.98 2.3300 3.0400 -3.7400 1.0844 -2.4667 6.0044 8.81 -3.61 -2.32 146 331 168 176 149 
2.84 -1.27 -1.79 -3.6200 5.8700 0.0400 2.3167 1.6022 1.5311 5.73 -7.94 0.30 158 343 173 183 153 
7.00 -4.89 5.98 -0.5800 2.0100 3.3300 -1.8411 -0.1744 -0.6622 6.13 -7.63 -0.37 157 350 181 188 155 
9.30 -8.68 -6.62 2.4400 -1.0600 -3.8600 1.1922 0.6200 0.3222 6.17 -7.55 -0.94 161 349 186 186 157 
4.37 -4.27 7.23 -0.3800 3.1100 4.6200 -0.3633 -0.0578 -0.4044 6.18 -7.59 0.48 164 343 188 188 160 
8.70 -5.96 2.45 1.9100 -1.3900 0.3600 -1.5867 5.5544 -3.7089 7.91 -5.02 2.87 169 215 176 187 159 
7.46 -3.22 3.61 1.0100 1.3200 -5.5700 0.4400 10.8489 2.8022 -2.65 -4.07 8.51 179 171 164 151 148 
-5.18 -1.13 6.22 0.7500 1.2100 -2.3800 1.4967 0.1556 1.9789 -5.87 -0.69 7.82 188 165 160 157 147 
-6.05 8.31 19.70 1.4600 7.9000 18.6400 0.4278 -1.1711 -0.6922 -4.85 1.67 8.35 190 171 165 157 145 
-6.00 1.40 6.92 -1.0900 0.5300 -1.4400 0.0356 -0.2333 -0.4856 -4.40 0.96 8.70 189 177 165 161 147 
-3.58 0.86 7.73 1.6100 0.8500 -0.7900 0.6622 -2.3111 -0.3667 -2.75 1.26 9.32 187 217 179 178 158 
0.59 7.33 13.14 0.8900 3.1300 4.5000 2.5722 -5.7156 2.9456 3.60 5.34 7.39 187 289 260 276 193 
8.24 3.40 4.83 -1.3600 3.2600 1.2700 -3.2878 -3.6000 7.0400 9.07 -3.32 1.65 186 321 300 326 203 
-2.96 -2.32 -1.55 -7.2900 3.7500 1.6700 -5.7667 -4.2500 3.7422 3.29 -6.01 -7.00 177 287 285 314 205 
3.78 -3.67 -17.45 2.2200 -0.4300 -7.2300 -0.9967 0.2567 -0.2300 2.21 -1.66 -9.40 179 291 284 317 207 
3.59 -2.06 -8.57 0.6100 0.1400 0.9200 0.3489 0.0900 0.0767 2.41 -1.98 -9.29 178 295 298 311 211 
2.54 -1.46 -8.56 -0.1500 0.5400 0.6800 -0.1011 0.1544 -0.3111 2.82 -1.94 -9.18 181 294 293 317 208 
2.58 -0.92 -7.99 -0.5300 2.0400 1.5800 -0.7333 4.9256 -1.6278 6.47 -1.50 -7.20 177 283 267 307 203 
;
