2.02 0.53 9.50 0.0300 0.0000 -0.0600 -0.0056 -0.0089 -0.0067 1.97 0.56 9.58 191 342 298 307 193 
2.13 0.73 9.64 0.0600 -0.0700 0.0000 0.0033 -0.0044 0.0000 1.97 0.55 9.58 190 341 304 305 195 
2.04 0.54 9.50 0.0900 -0.0300 0.0000 0.0022 -0.0022 -0.0033 1.97 0.56 9.58 190 342 298 304 192 
2.07 0.68 9.58 0.1000 0.6600 0.1600 -0.1267 -0.2222 -0.0433 2.09 0.50 9.56 185 283 280 289 196 
9.26 -0.41 1.69 5.5600 -1.8300 -8.4300 3.9211 -9.7456 1.8989 8.74 -0.62 4.39 112 267 125 171 180 
14.38 -0.64 2.94 4.8800 3.7500 4.2900 4.7389 -2.2433 2.5333 8.01 -5.28 -2.01 123 287 158 181 177 
7.06 -3.90 -1.08 0.8400 3.4900 0.3700 2.2622 0.6011 0.8856 5.94 -7.76 -0.64 128 315 167 183 185 
5.84 -4.30 6.56 -0.3800 2.5500 3.4500 -2.3289 0.9589 -0.6678 6.18 -7.61 -0.16 136 315 172 190 184 
8.12 -9.36 -5.94 0.3600 -0.7600 -3.2500 2.0011 1.7900 -0.0656 6.23 -7.54 0.56 137 334 185 192 184 
6.21 -5.13 4.37 0.0000 1.7200 1.8600 -1.8400 1.8544 -0.8956 6.53 -7.18 1.35 143 247 194 219 198 
9.35 -8.22 1.11 3.2400 -1.5700 -0.9900 -3.1567 3.5444 -0.3967 6.48 -7.12 1.81 128 198 171 215 200 
6.29 -6.94 -2.45 0.9000 2.1100 -2.9100 -0.5389 0.2456 3.3633 2.81 -9.36 0.73 106 191 178 187 176 
-1.20 -7.28 1.13 -2.1100 2.2500 0.4400 0.0422 -0.4767 0.0744 1.06 -9.72 0.71 110 192 187 198 177 
2.51 -9.77 -0.24 0.4700 -0.2700 -0.3300 -0.2644 -2.1311 -0.8200 2.21 -9.55 -0.17 115 196 188 199 176 
1.90 -9.06 -1.69 -0.9200 0.4900 -1.1700 -0.1667 -3.3444 -1.2522 3.29 -9.07 -1.72 115 197 188 200 180 
5.22 -8.30 -3.87 0.9200 0.5700 -1.0500 0.2867 -2.2533 -0.9422 3.81 -8.51 -3.02 114 198 188 202 179 
4.06 -7.38 -4.39 0.7000 1.0400 -1.1000 0.4211 -1.6389 -1.1333 4.18 -8.11 -3.59 115 197 190 202 181 
6.33 -7.66 -3.09 1.9000 0.4000 0.5100 -0.0344 0.2689 -0.1111 4.54 -7.91 -3.58 112 199 191 205 177 
4.27 -7.77 -3.52 0.0800 0.2900 0.1700 -0.0544 0.3422 -0.0567 4.75 -7.88 -3.36 122 202 192 206 183 
8.27 -0.50 1.05 3.4600 7.6200 3.4600 -0.3589 2.5111 0.5089 5.41 -7.79 -2.46 166 247 227 261 202 
3.78 -5.49 -7.96 -3.3200 0.6000 -4.0300 -5.3044 0.2044 1.1733 4.82 -5.14 -6.81 171 248 205 253 204 
3.83 -3.81 -13.50 1.5700 -1.3200 -5.5000 -1.4667 -0.0100 0.4678 4.24 -2.13 -8.57 177 273 229 268 213 
9.29 -8.93 -19.63 5.7000 -4.0600 -10.5800 5.1100 0.7022 1.5933 3.92 -6.26 -6.44 188 316 261 301 215 
-3.68 1.87 1.57 -6.7100 11.0300 2.3800 0.6700 0.3844 0.5822 3.23 -9.23 -0.60 190 350 275 310 211 
2.20 -5.29 -0.77 -0.6900 3.5300 0.4400 -0.5622 -0.2667 -0.1322 3.07 -9.21 -1.34 191 338 286 312 211 
3.40 -3.90 -0.51 -0.4300 5.2100 1.4800 -1.8289 2.4578 -2.0178 5.36 -7.93 -2.10 189 283 269 297 208 
;
