3.12 5.60 7.35 0.2000 0.1000 -0.1600 -0.0056 -0.0267 0.0033 2.96 5.55 7.51 176 334 357 416 219 
3.11 5.63 7.28 0.1300 0.0700 -0.2000 -0.0067 -0.0178 -0.0056 2.99 5.56 7.50 176 331 356 415 218 
3.93 6.33 8.87 1.2100 1.4700 1.9000 -1.2033 -1.4833 1.0511 4.15 4.55 7.62 176 316 267 282 225 
11.22 2.70 6.10 5.2100 0.1900 -0.5000 1.3144 -7.1278 3.1733 9.14 1.31 3.28 170 329 219 236 212 
8.45 0.80 -1.63 -1.9200 4.1100 0.0500 3.7322 -1.2911 3.8500 7.99 -5.48 -1.46 172 370 213 229 209 
3.01 -2.24 -0.07 -2.9400 4.6600 0.2000 2.7189 0.1444 0.4033 6.37 -7.35 1.24 170 397 212 217 206 
7.66 -4.73 4.39 0.0700 0.8000 0.0900 -2.4944 0.4333 -0.0333 6.40 -7.39 0.59 171 394 218 213 204 
5.15 -9.71 -5.15 -1.4400 -1.3200 -3.3900 1.8922 -0.3200 0.0656 5.96 -7.78 0.04 164 402 216 203 196 
8.54 -1.42 7.70 2.7700 5.4600 4.3000 -1.8522 2.0044 -0.7100 6.48 -7.08 1.98 170 367 228 239 208 
11.74 -6.81 -1.03 5.8300 0.1700 -3.4900 -5.2078 10.4900 -0.4933 4.21 -8.05 3.67 189 351 347 393 222 
4.50 -8.92 -2.03 2.0100 1.1100 -3.5600 -2.5611 1.9722 0.7589 1.16 -9.73 0.30 189 351 360 412 222 
0.75 -9.51 -2.93 -0.6600 0.0500 -3.0900 -0.8511 -0.0278 -0.1422 1.08 -9.66 -1.28 190 355 361 417 221 
2.51 -5.35 10.70 5.7400 3.9300 19.9900 1.7833 0.6000 0.8267 0.66 -9.36 2.84 191 350 360 417 221 
1.07 -6.59 0.89 -0.4200 2.9500 -2.3400 -3.9422 -0.5078 -0.7711 1.60 -9.30 -2.64 189 348 361 416 220 
-0.65 -7.00 -12.80 -2.2900 2.9500 -6.8600 6.2200 0.2211 0.6300 1.06 -9.71 0.76 191 344 352 414 221 
3.23 -6.03 18.05 2.9200 2.4900 6.8200 -3.9833 -0.6522 -1.0944 1.64 -9.48 1.85 189 341 356 411 222 
1.42 -7.35 -9.07 -1.3500 2.3400 -6.6200 2.3011 -0.1900 -0.1122 2.47 -9.47 0.52 190 338 352 399 221 
4.26 -2.90 1.54 1.7000 5.2600 -2.2000 7.5889 -0.7567 -0.5422 3.91 -5.34 7.23 187 318 332 349 220 
;
