2.32 -0.50 9.51 0.0400 -0.0200 -0.0700 -0.0689 -0.0289 0.0322 2.30 -0.54 9.51 171 347 363 392 218 
2.30 -0.77 9.52 -0.2100 -0.1500 0.0600 0.0289 0.0689 0.0022 2.34 -0.48 9.51 178 347 363 393 216 
2.73 -0.49 9.38 0.3400 -0.1700 0.0400 -0.1078 -0.1267 0.1389 2.43 -0.76 9.46 180 344 364 392 215 
1.51 0.02 10.43 -0.8400 2.9200 2.7400 -0.6033 -4.4967 1.2878 4.91 -1.19 8.39 162 309 206 226 201 
13.25 -1.89 -4.13 4.5700 -0.0300 -5.0900 5.3356 -8.6633 3.9511 8.38 -4.91 -1.30 126 323 186 192 174 
5.64 -4.56 2.50 -0.8600 3.0400 3.0600 3.9022 -2.1911 1.3967 5.64 -8.01 0.20 133 376 176 195 178 
9.39 -2.52 8.48 3.3300 4.7200 5.8100 -2.1300 1.3444 -0.2411 5.71 -7.92 0.88 138 368 194 201 175 
7.40 -9.72 -7.70 1.7600 -1.4500 -6.1300 1.2856 0.8167 -0.1244 5.50 -8.06 -0.87 137 362 196 200 176 
5.43 -3.09 12.42 3.0200 4.3000 9.7300 -0.6178 1.0444 -0.9911 6.26 -7.29 1.93 140 340 204 208 185 
19.83 -3.30 7.70 13.6700 1.4400 1.1500 -5.4678 11.0589 -2.5889 4.23 -7.28 5.02 185 282 326 345 212 
3.81 -4.36 -9.58 -1.3900 4.7100 -11.5900 -2.7144 1.8322 2.3822 1.22 -9.72 -0.21 178 291 341 367 217 
-3.18 -4.55 -9.97 -2.7500 5.1200 -9.8200 4.8878 -0.9411 -1.8556 2.36 -8.68 3.89 179 306 347 369 218 
9.04 5.86 32.02 5.8500 8.3000 25.4100 0.3944 -0.5611 0.3456 3.49 -3.97 8.25 184 317 345 368 217 
4.48 -1.92 -0.84 0.9100 5.5900 -6.7500 -5.6444 0.5067 2.1878 1.90 -9.50 1.49 181 324 348 364 215 
-5.32 -10.32 -13.68 -5.2300 0.7600 -11.6700 3.4800 -0.4078 -1.3889 1.62 -9.55 1.47 187 331 347 374 216 
8.05 5.24 22.49 -1.3200 7.4200 16.2000 2.5367 0.0844 -0.8022 3.36 -5.07 7.68 188 327 346 377 216 
4.93 -4.70 5.06 -0.4300 2.2300 -4.0900 -4.4867 -0.3189 0.0378 4.34 -8.04 3.53 185 326 329 347 214 
0.38 -7.83 -5.34 -3.6300 0.0100 -6.6000 2.1678 1.1111 -3.2989 6.37 -6.07 4.30 184 311 322 338 214 
;
