-0.69 -0.18 9.79 0.0500 -0.0100 -0.0100 0.0044 0.0044 0.0000 -0.71 -0.16 9.77 167 365 350 393 218 
-0.69 -0.16 9.75 0.0900 0.0200 -0.0800 -0.0056 -0.0078 -0.0033 -0.71 -0.16 9.77 167 365 349 393 216 
-0.73 -0.20 9.70 -0.0400 0.0200 0.0400 -0.0711 -0.0511 -0.0433 -0.67 -0.29 9.77 169 355 334 388 216 
1.40 0.28 10.79 1.7100 1.9200 2.0300 -2.3656 -1.6000 0.5911 1.04 -2.38 9.45 147 293 193 206 208 
4.48 -4.26 4.30 2.4300 -0.7800 -4.3500 3.9733 -10.1111 1.5722 8.09 -1.92 5.19 108 294 152 165 181 
11.06 -2.52 -1.20 3.7500 1.3600 1.6900 3.0078 -4.5833 1.4578 8.08 -4.37 -3.41 109 317 156 177 181 
8.23 -4.07 -2.91 2.4500 1.9800 1.5600 1.5822 -1.3767 0.4144 6.06 -6.44 -4.22 120 322 159 186 182 
6.03 -4.08 -1.16 0.5900 3.3100 7.1400 0.5256 -0.5278 -0.3267 6.19 -6.95 -3.07 120 337 164 185 184 
7.06 -6.38 -6.37 0.3100 -0.3700 -3.2100 -1.2467 -0.2756 0.1067 6.15 -6.09 -4.59 118 330 160 185 182 
6.93 -5.82 -5.23 1.1500 1.0400 0.3700 2.3256 0.9278 -0.1656 6.69 -6.72 -2.47 125 331 167 187 185 
7.88 -6.21 -3.37 0.7400 0.1900 -1.3100 -0.6456 0.1911 0.0367 6.88 -6.51 -2.53 131 324 168 193 188 
5.87 -2.14 -0.45 -0.8500 3.8900 1.3600 -1.8900 -1.1789 -0.1222 6.84 -5.92 -3.76 170 295 255 306 217 
9.04 -8.83 -8.02 3.2400 -3.7400 -2.2100 -1.9256 -1.4967 2.2467 4.33 -5.31 -7.00 181 298 275 362 222 
0.38 -3.80 -5.58 -2.1700 1.4700 2.3000 -2.6711 -0.0656 1.2967 2.40 -3.28 -8.92 177 275 285 365 222 
1.38 -0.05 -10.49 -0.7800 1.3500 -0.7900 -0.0167 0.0044 0.0089 2.22 -2.29 -9.27 179 283 287 369 225 
3.30 -2.22 -9.11 0.9600 0.1700 0.1200 0.0589 0.1956 -0.1000 2.55 -2.24 -9.19 178 287 287 368 224 
8.66 -2.20 -8.23 5.5800 0.3200 0.6600 -0.6678 7.8678 0.7678 6.82 -2.35 -6.63 142 268 283 327 218 
7.30 -3.50 -2.81 -3.0700 -0.8200 -5.1700 0.2533 10.7967 -0.1144 5.62 -2.50 7.63 172 314 287 363 212 
0.50 1.11 10.47 -1.0500 1.7600 0.7100 0.8244 1.9311 -0.6922 0.74 0.02 9.77 179 361 348 387 213 
;
-1.30 0.76 8.95 -0.2700 0.9900 -0.1500 -0.3678 -0.1356 -0.0656 0.17 -0.26 9.80 175 368 349 389 216 
-0.13 -0.17 9.78 -0.2800 0.1300 0.0400 -0.0567 -0.0033 -0.0356 0.22 -0.36 9.79 174 367 351 392 214 
-0.08 -0.27 9.80 -0.3000 0.1200 0.0600 -0.0478 -0.0300 -0.0211 0.21 -0.40 9.79 174 367 352 392 216 
-0.02 -0.28 9.74 -0.4200 0.3500 -0.0300 -0.5078 -0.5278 -0.1933 0.55 -0.74 9.76 175 344 320 393 216 
3.95 2.57 10.80 3.1800 4.6400 2.1600 -1.9467 -3.2544 -0.0122 3.23 -2.71 8.85 156 280 164 195 199 
10.62 -3.05 -1.78 3.4700 0.7000 -4.3700 6.1800 -11.2900 2.0044 9.24 -3.17 -0.83 110 321 156 183 185 
10.48 -2.30 -1.96 3.0700 2.5800 1.6100 2.8244 -2.5611 0.2889 6.15 -6.29 -4.31 120 335 160 190 188 
4.39 -2.32 1.45 -2.2800 4.4000 8.1200 -0.0722 -1.1544 -0.0100 5.82 -7.21 -3.18 125 344 165 193 189 
7.17 -7.22 -7.51 1.4500 -0.9000 -4.0800 -0.7756 -0.3633 0.2078 5.46 -6.53 -4.86 127 345 165 195 189 
5.66 -5.66 -4.95 1.1200 1.5900 0.2200 1.8711 0.2056 -0.1756 5.83 -7.19 -3.20 131 354 168 197 191 
6.55 -5.29 -2.90 0.3200 2.0500 -0.3500 -1.1211 0.3378 0.0878 6.03 -6.94 -3.38 149 323 173 208 199 
7.14 -4.41 -3.78 1.2000 1.5700 -0.0600 -1.5989 -0.4456 0.5678 5.71 -6.22 -4.97 168 309 258 319 215 
7.52 -7.70 -4.21 1.9600 -2.0700 1.6600 -2.8300 -1.2111 2.3400 3.47 -5.30 -7.47 179 299 293 373 222 
0.87 0.93 -12.48 -1.4200 3.5100 -3.0200 -1.6567 0.5256 0.6300 2.23 -1.48 -9.43 176 283 319 369 223 
2.98 -1.63 -8.80 1.1100 -0.2500 0.7500 0.1611 0.1067 -0.1467 2.29 -1.41 -9.42 178 293 328 374 224 
;
