3.20 5.60 7.36 -0.0200 0.0300 -0.0700 0.0089 0.0156 -0.0033 3.19 5.58 7.40 158 287 293 296 188 
3.21 5.64 7.34 -0.0400 0.1300 -0.0100 -0.1178 -0.0789 0.1222 3.33 5.47 7.41 155 283 282 287 191 
7.62 5.70 8.21 2.5600 0.6500 0.1800 -0.3367 -8.7867 3.5022 8.74 2.86 3.38 156 290 203 188 175 
10.73 -0.12 -1.51 -0.0900 1.4100 -0.6200 1.7167 -1.9044 3.9389 8.86 -3.65 -2.05 157 306 202 194 171 
4.56 -3.75 -1.41 -2.4800 2.2200 0.7900 1.4489 -0.5767 1.4233 6.77 -6.87 -1.73 157 316 205 196 150 
6.25 -6.35 -1.35 0.5900 1.1800 0.2400 1.3589 0.1900 0.2244 6.07 -7.67 -0.60 161 330 211 193 174 
6.92 -4.55 4.98 0.8900 2.3400 3.4300 -1.0433 0.3489 -0.0500 6.14 -7.63 -0.35 157 342 212 195 174 
6.54 -9.27 -5.31 0.8300 -1.6900 -3.8800 0.5256 0.2533 0.0422 5.80 -7.70 -1.78 159 345 211 200 175 
5.37 -3.80 0.75 -1.8500 4.4600 5.4000 0.4156 0.2878 -0.3144 6.24 -7.52 0.80 160 352 214 206 175 
6.62 -7.31 0.23 0.7400 0.0700 -0.1800 -0.7867 0.2789 -0.2378 6.56 -7.28 0.17 156 332 216 207 139 
6.79 -7.08 0.04 0.0700 0.1800 0.0300 -0.1689 0.3044 -0.1033 6.71 -7.14 0.11 158 337 218 208 176 
8.45 -7.72 2.17 2.2100 -1.1700 1.8800 0.8067 0.5200 -1.1044 7.36 -6.39 1.02 143 343 212 197 143 
9.34 -7.09 1.97 1.5200 -1.5100 -0.8500 2.3756 0.2833 -1.6611 8.56 -3.51 3.21 110 357 192 180 158 
8.55 -1.41 1.25 -1.3800 0.6600 -2.9200 3.0278 1.2622 -1.4378 8.29 0.46 5.21 107 366 194 181 164 
5.05 4.05 4.51 -2.6600 2.7100 -0.3600 0.1367 1.3200 -0.7278 7.01 2.18 6.49 110 368 196 186 167 
6.50 2.43 5.98 0.4000 0.7200 -0.5900 -1.1433 -0.0767 -0.3389 6.76 1.82 6.85 116 375 197 191 168 
5.71 1.59 6.43 -0.9900 0.1900 -0.8400 -0.9578 0.0656 -0.0922 6.47 0.91 7.30 121 372 201 192 170 
5.54 0.00 6.15 0.0500 -0.1700 -0.5900 -0.9567 0.3422 0.2411 6.07 -0.41 7.68 124 376 206 193 173 
5.32 -1.21 9.47 -0.1000 -0.1200 1.3500 -0.3556 0.0644 0.0456 5.87 -1.06 7.78 125 380 202 194 174 
5.56 -0.81 7.28 -0.3900 0.4700 -0.4100 -0.1522 -0.0022 0.1489 5.82 -1.33 7.77 124 380 207 197 174 
2.79 -0.30 5.90 -2.8200 1.9700 -1.7500 -2.1456 -0.2556 0.6867 5.76 -3.28 7.22 124 375 204 199 175 
5.41 -6.12 4.74 0.1800 -1.3300 -0.7000 -2.9311 -1.7156 0.4556 6.53 -6.09 4.05 140 281 210 200 176 
9.93 -9.07 1.99 3.3600 -2.5900 0.5600 -0.6000 -0.5478 -0.2778 7.03 -6.72 1.20 144 289 206 204 173 
9.07 -8.93 3.78 1.7500 -2.5400 1.1700 1.3167 1.0589 -0.1722 7.05 -6.03 3.16 139 304 209 203 109 
7.70 -5.22 2.02 0.6900 0.1300 -3.4800 3.5411 1.8311 -0.5611 6.22 -3.25 6.84 142 323 205 195 173 
3.91 1.50 7.04 -0.7300 3.1700 -1.2900 1.4111 1.5611 -0.0167 4.21 -0.08 8.85 155 166 175 176 161 
-0.01 3.34 9.05 -5.6800 1.8300 0.2800 -0.4800 0.4611 -0.6556 3.07 0.30 9.30 159 145 170 173 156 
1.97 0.73 9.23 -0.7900 0.7700 -0.1700 -1.0444 -0.0144 -0.2433 2.83 -0.72 9.36 149 155 171 180 159 
4.03 0.05 9.93 1.1400 1.1300 0.7600 -0.4033 0.3478 -0.9033 2.95 -1.06 9.28 152 155 180 181 159 
3.26 -1.43 8.82 0.7300 0.3000 -0.3200 -1.1067 2.1944 -1.6133 1.27 -2.01 9.51 140 156 179 186 131 
-0.50 -2.10 8.77 -0.0100 0.7400 -0.7500 -1.0711 1.5433 -1.0433 -1.00 -3.46 9.11 138 166 180 189 163 
-2.23 -5.30 8.64 -1.0900 -0.7300 -0.6000 -0.2078 -0.2200 -0.2178 -0.97 -4.08 8.86 138 174 181 191 165 
-2.48 -4.26 1.52 -2.9500 0.3100 -6.5700 0.6889 -3.9244 -0.4078 2.82 -3.76 8.60 148 181 184 191 157 
;
