3.17 1.13 9.22 -0.0700 0.0200 0.0500 -0.0144 -0.0044 -0.0011 3.29 1.13 9.16 176 335 357 381 212 
3.22 1.08 9.09 0.0000 0.0000 0.1400 -0.0100 -0.0111 -0.0033 3.29 1.12 9.16 178 333 357 385 215 
3.24 1.10 9.19 -0.0700 0.0200 0.0300 -0.0600 0.0011 -0.0011 3.29 1.07 9.17 175 322 353 377 213 
3.77 1.36 8.96 0.2400 2.5200 -0.0300 -2.0778 -0.5811 0.2356 3.76 -1.06 8.99 174 298 236 273 211 
6.72 -2.21 6.18 1.3200 -1.7300 -1.2600 1.7178 -7.9300 1.9089 8.00 -2.84 4.90 132 341 165 188 166 
16.33 -6.82 -0.90 8.3400 -0.5300 2.4500 3.8422 -2.8678 2.7789 6.76 -6.60 -2.58 132 369 175 193 166 
2.71 -4.53 -0.45 -2.2300 3.8400 0.3000 2.4700 -0.6089 0.4867 4.80 -8.54 -0.20 145 378 177 198 169 
7.53 -4.84 6.77 1.1100 2.5300 3.9700 -1.6878 1.3767 -0.4933 5.04 -8.39 0.42 148 371 181 200 172 
6.03 -10.72 -8.03 -0.1600 -1.8700 -6.0700 1.9056 0.0967 -0.0200 4.98 -8.43 -0.22 140 370 182 201 171 
8.58 -1.97 9.58 3.7500 5.4200 6.2300 -3.2056 3.7200 -0.6144 5.21 -8.16 1.50 155 274 204 228 186 
8.79 -9.64 -5.14 3.8300 0.6000 -6.2500 -1.9056 2.6656 4.0011 2.27 -9.52 0.53 135 211 256 266 193 
-11.85 -7.35 0.22 -10.7400 2.2400 0.9100 -0.8956 -2.4478 -1.0300 0.09 -9.80 -0.27 114 211 235 243 181 
-1.37 -1.59 -18.46 2.6600 8.9200 -16.6900 0.1578 -9.4933 -5.4844 3.24 -7.44 -5.50 120 208 228 243 180 
10.33 -6.81 -0.38 4.3300 1.6200 4.6500 0.0200 0.4267 0.4422 3.32 -8.10 -4.41 125 216 233 240 180 
10.19 -3.50 -0.32 6.7900 4.0200 4.8300 -1.4167 4.5633 0.5844 4.61 -7.48 -4.34 167 235 247 263 197 
9.07 -7.14 -4.42 0.9100 -3.5200 -5.2600 -1.2567 12.0433 -6.0022 5.97 -2.38 7.40 183 305 314 357 208 
;
