3.35 6.35 6.70 0.1800 -0.0200 -0.0100 0.0333 0.1300 -0.0744 3.23 6.39 6.69 173 375 369 418 217 
3.60 6.68 6.74 0.1000 0.2000 0.3500 0.1578 0.3744 -0.4800 2.51 6.73 6.67 172 373 369 413 216 
2.12 6.97 6.85 0.1700 0.3900 0.4600 -1.0500 -0.1500 0.0600 2.26 6.42 7.05 173 332 300 327 218 
0.28 3.08 10.08 1.6300 -0.9100 0.5400 1.8144 -8.9356 3.5644 7.32 3.54 5.47 130 302 160 188 160 
10.72 2.03 -3.72 0.9100 2.8500 -1.0800 3.9467 -4.6478 4.4956 7.97 -3.93 -4.12 137 329 168 197 155 
5.38 -3.16 -2.95 -0.1200 3.6300 0.1400 2.4144 0.3167 1.0344 5.83 -7.54 -2.27 141 334 169 200 149 
4.03 -2.20 9.73 0.9900 6.0500 10.4600 -0.6289 -0.2711 0.0978 5.49 -8.10 -0.46 141 329 177 202 153 
8.44 -9.73 -7.89 3.0800 -2.1900 -5.9200 0.3667 0.2722 0.3133 5.57 -7.77 -2.15 143 345 175 204 157 
4.63 -2.32 7.83 -0.2800 4.5800 7.5700 -0.3633 0.2411 -0.3244 6.02 -7.73 0.39 150 371 179 210 158 
9.62 -7.44 2.55 3.1500 -1.7300 2.2900 -1.3067 2.3644 -0.9833 6.77 -7.04 0.82 151 343 176 213 163 
10.37 -10.84 0.34 2.9500 -3.5600 -2.8000 2.2789 3.3389 -0.3833 6.23 -5.46 5.23 150 236 178 213 160 
3.46 -1.00 3.59 -1.0300 2.8800 -4.3100 2.9556 2.4800 0.0200 2.88 -2.09 9.13 153 185 173 211 163 
-0.36 1.58 7.58 -1.5400 2.4200 -1.4400 -0.0756 1.6856 -1.6511 0.88 -0.78 9.73 159 154 180 213 163 
1.05 -0.22 7.82 1.7200 1.4600 -2.0000 -1.5456 2.0144 -2.2844 -1.71 -2.84 9.22 137 169 182 218 168 
-6.56 -7.58 8.35 -3.9900 -2.9400 0.2000 -0.7444 0.6100 -0.6844 -3.13 -4.77 7.96 142 171 178 226 169 
-3.44 -3.29 1.46 -1.5700 1.7300 -6.8500 0.2178 -3.4822 -0.6856 -0.22 -5.06 8.39 147 186 179 221 169 
5.01 -0.17 3.11 0.5000 2.4500 -4.6300 2.8433 -1.2044 -5.7044 5.41 -0.26 8.17 159 207 229 284 198 
;
