3.32 5.86 7.07 0.0900 -0.0600 -0.0200 -0.0044 -0.0011 0.0011 3.25 5.92 7.10 175 266 260 288 178 
3.31 5.87 7.14 0.0600 -0.0600 0.0000 -0.0056 -0.0211 0.0089 3.27 5.92 7.09 175 260 260 281 177 
4.74 5.63 10.79 -0.4300 0.2300 2.7100 -0.5944 -8.6822 4.2189 8.59 3.15 3.50 172 267 214 201 167 
11.07 0.50 -3.43 1.2300 0.5000 -0.8600 0.8944 -2.7689 3.6567 8.12 -3.55 -4.17 171 314 200 189 163 
1.92 -4.28 -5.62 -3.8800 2.0500 -1.3800 2.6133 0.4378 0.2644 6.21 -6.81 -3.34 173 338 206 197 166 
8.93 -2.84 7.02 0.8100 2.4500 4.8600 -1.8489 0.4522 -0.0311 6.89 -6.60 -2.23 174 349 212 198 168 
6.72 -8.33 -7.95 0.3400 -1.7300 -4.4900 1.2278 0.7556 -0.2544 6.80 -6.55 -2.63 175 356 213 202 167 
6.31 -1.98 7.38 -1.5300 3.3800 5.8200 -1.6100 -0.6956 -0.0556 7.40 -6.27 -1.40 173 277 238 236 175 
7.26 -3.64 -5.20 1.6400 1.0500 -2.9900 -4.5867 -4.1211 1.7567 4.87 -4.10 -7.45 174 248 268 274 193 
3.22 -2.95 -9.20 -2.5500 0.2400 -0.5500 -0.5567 0.5378 0.6244 4.71 -3.10 -8.01 176 264 277 288 197 
8.29 -5.67 -11.25 4.3100 -2.9600 -3.6400 0.5244 0.1367 1.1333 4.65 -3.52 -7.87 177 291 292 292 203 
5.20 -6.39 -9.98 0.3300 -0.4700 -3.2200 3.5978 1.9100 1.4911 4.19 -7.51 -4.69 185 319 309 346 155 
-0.64 -3.17 0.95 -3.8000 6.3100 0.6000 0.6856 0.3011 1.0378 3.09 -9.30 0.20 186 343 323 352 163 
2.39 -5.28 0.64 -0.4700 3.7300 0.4800 -0.0711 0.1300 -0.3122 3.31 -9.22 0.30 188 348 322 354 181 
2.33 -5.40 -0.67 -1.3300 3.7500 0.2700 -1.4856 0.4244 -1.2278 4.53 -8.65 -0.85 186 293 293 289 196 
5.40 -7.99 -3.07 -0.4500 -0.4000 -0.8000 -1.6344 1.0467 -1.6789 6.50 -6.73 -2.91 182 255 230 224 173 
11.31 -9.87 -5.88 2.1600 -5.4900 -4.5100 1.4833 1.9000 -1.6367 8.39 -4.78 -1.66 184 255 218 201 155 
10.23 -3.77 0.97 0.9700 -0.0600 -2.9600 2.7267 8.1933 -0.0267 5.39 -1.61 8.03 185 204 176 168 129 
-2.49 3.77 4.56 -4.8800 3.7700 -5.0600 0.3022 5.1267 3.0478 -5.23 0.12 8.29 189 169 171 161 129 
-3.69 0.14 5.17 4.1800 1.1100 -1.9300 0.2044 0.7789 -0.2300 -6.62 0.11 7.23 187 176 178 171 132 
-7.31 0.42 7.75 -0.4700 0.0100 0.5100 0.2411 -0.2778 -0.0778 -6.40 0.66 7.40 191 177 181 170 134 
-6.83 -0.42 5.68 0.1300 -0.7300 -3.2300 0.6422 -6.2756 -0.9322 -2.07 0.31 9.57 188 201 186 182 144 
;
