3.00 0.37 9.30 0.0700 -0.1000 -0.0500 0.0044 0.0011 0.0011 2.93 0.47 9.34 164 305 304 324 197 
2.93 0.33 9.00 0.0100 -0.1000 -0.0500 0.0000 -0.0022 0.0011 2.93 0.48 9.34 167 301 306 324 198 
3.12 0.27 9.32 -0.1400 -0.3500 0.0900 0.1933 -0.1300 0.0744 3.09 0.57 9.28 162 288 287 321 204 
20.24 3.88 13.76 14.7900 1.7400 2.9800 -0.0600 -1.7444 4.1111 6.64 -0.54 7.19 6 296 220 211 192 
8.22 1.50 2.05 -0.2000 4.2500 -5.6600 6.0278 -1.4822 5.9678 6.48 -1.98 7.08 165 348 153 154 157 
0.51 6.79 5.53 -5.6100 6.0900 -2.0400 3.0056 0.8678 1.2533 6.04 1.70 7.52 151 362 160 156 158 
2.56 3.68 7.42 -1.1000 0.8600 -1.4500 -0.6911 -0.2544 -0.7156 5.68 1.80 7.78 142 368 165 161 162 
6.69 2.45 7.08 1.0000 0.7100 -1.0700 -1.6489 0.0800 -0.3122 5.57 0.54 8.05 145 368 162 173 172 
5.38 -1.87 9.31 -0.0900 -1.3400 2.2800 -0.3411 0.1967 0.2111 5.39 -0.48 8.17 149 376 165 176 172 
5.03 -0.63 8.45 0.0500 0.4400 -0.2400 -0.2267 0.0622 0.0933 5.16 -1.08 8.26 147 379 170 176 173 
4.88 -0.98 8.05 -0.4800 0.1600 -0.0900 -0.0256 -0.2089 0.1556 5.26 -1.30 8.16 149 377 176 177 175 
5.35 -1.12 8.15 0.0300 0.2500 0.0200 -0.2589 0.0633 0.0033 5.30 -1.55 8.09 151 376 169 180 176 
2.39 -0.83 8.12 -2.8500 1.1200 -0.0600 -1.3933 -0.3278 -0.2978 5.46 -2.65 7.69 155 357 169 180 173 
5.40 -5.81 10.72 2.3200 -3.3200 2.9500 -1.1389 1.0633 -2.2422 5.66 -2.61 7.56 155 267 158 167 168 
11.71 -1.84 4.23 5.8200 0.4100 -4.3500 1.6478 1.3889 1.4000 4.36 -1.59 8.63 162 209 149 169 169 
0.47 3.89 7.77 -2.5500 4.4100 -1.2000 1.3544 0.9322 1.7367 2.20 0.08 9.55 160 172 160 176 165 
-0.58 2.58 10.50 -1.2200 2.4200 0.6100 -0.9200 0.3489 -0.0033 1.02 -0.95 9.70 142 155 162 176 167 
-1.45 -1.59 9.70 0.0000 0.6800 0.2300 -1.2722 0.6900 -1.0189 -0.38 -2.67 9.42 134 161 154 175 171 
-0.12 -3.56 8.55 2.2100 0.5500 -0.3800 -1.2400 1.6478 -0.7211 -2.66 -4.76 8.14 121 172 151 171 174 
-6.96 -8.60 7.23 -2.5900 -2.6600 -0.0900 -0.1333 0.2144 -0.5667 -3.11 -5.54 7.46 123 170 160 174 177 
-1.93 -4.85 7.68 0.3700 0.6800 0.2100 -0.1333 -0.4122 0.1556 -2.80 -5.63 7.52 123 173 166 175 172 
-6.21 -2.34 7.87 -4.0500 3.8200 0.0800 0.8711 -6.5211 1.6978 0.82 -5.18 8.28 148 212 168 172 174 
3.45 -6.16 5.29 -0.1500 -0.1200 -1.2800 -1.2344 -1.7289 4.3333 2.36 -7.45 5.91 138 272 164 174 171 
-1.97 -11.31 5.76 -2.5500 -2.7800 0.8300 -0.3644 -0.3556 -0.1100 1.19 -8.31 5.06 132 283 172 174 170 
5.49 -13.21 2.76 3.9100 -5.6200 -3.8400 1.4811 -0.0711 0.0578 1.93 -7.83 5.56 134 287 168 173 167 
2.29 -2.15 2.14 0.7500 4.7400 -5.0500 4.2500 1.4267 0.8856 0.20 -3.66 9.09 134 289 170 181 169 
-6.35 6.60 13.19 -4.8800 6.5100 0.7200 -2.5611 -0.8556 0.0256 -0.65 -3.10 9.27 136 286 173 177 168 
0.86 -5.69 5.21 2.0100 -2.7300 -2.4200 -2.7600 -0.7867 -0.8789 1.17 -6.97 6.79 137 276 170 178 169 
2.23 -9.27 5.40 0.2200 -0.2000 -0.0400 0.9333 -0.0267 0.0478 1.28 -7.13 6.60 136 278 178 178 172 
;
