6.81 2.66 6.04 -0.6900 -0.5000 0.3400 -0.1189 0.1189 -0.1122 7.43 3.26 5.49 177 254 210 223 191 
5.51 3.32 4.80 -1.3600 -0.2400 -0.3500 -0.2000 -0.8567 -1.2156 7.35 4.18 4.95 173 254 218 244 189 
9.13 4.57 5.63 1.6800 -0.0700 1.0500 0.5544 0.6478 0.1222 7.09 4.70 4.86 174 259 216 221 188 
14.68 6.65 5.56 5.7100 1.8300 2.1600 3.8011 -0.9867 2.6322 8.68 4.25 1.63 141 338 152 167 157 
12.47 3.00 -0.54 2.3700 0.2800 -2.7700 2.5756 1.6133 2.3833 9.50 1.33 2.01 116 356 157 166 162 
4.68 0.33 -0.86 -6.1100 0.5900 -4.7400 2.4756 2.7289 1.0611 8.67 0.22 4.56 111 367 149 172 153 
2.03 8.00 6.72 -5.2000 6.9700 2.4600 -0.5100 1.2200 -1.0711 7.32 1.47 6.35 115 372 166 179 162 
7.82 2.44 5.54 0.8200 0.8000 -0.6000 -1.9589 0.3156 -1.7133 6.94 1.54 6.74 123 376 171 183 163 
5.39 0.02 6.12 -0.5400 -1.0000 -0.9800 -1.7833 -0.2489 -0.7856 6.47 0.37 7.35 119 381 177 189 168 
5.33 -1.27 10.11 -0.7100 -0.8200 1.8000 -0.5011 0.0078 -0.0322 6.44 -0.05 7.39 122 383 178 192 171 
6.29 -0.15 7.10 -0.2200 0.1100 -0.2400 -0.0211 -0.0578 0.3922 6.43 -0.45 7.38 121 381 177 192 170 
7.14 -0.15 7.02 0.3600 0.7400 -0.0400 -0.1100 -0.0156 0.2422 6.62 -0.86 7.17 121 385 175 194 172 
3.88 1.14 8.96 -5.3400 2.6900 1.6800 -1.8822 0.3011 -0.1056 6.53 -1.74 7.10 116 210 179 187 173 
8.17 -5.54 -1.76 3.0200 -2.2400 -6.1600 -2.1600 -1.4978 -1.5078 8.25 -3.37 4.07 98 180 187 267 198 
17.60 0.51 0.82 9.2900 3.1400 -0.8100 1.2089 -1.2956 0.1078 9.00 -3.20 2.18 99 159 173 183 148 
6.19 2.29 6.99 -5.0600 9.5400 9.0400 -0.5522 0.8367 -0.4956 7.82 -3.35 4.86 103 163 181 181 151 
7.79 0.53 6.59 0.9200 4.5200 0.6800 -2.7744 -0.4011 -0.9244 8.21 -3.72 3.84 101 168 182 186 150 
11.33 -2.40 -2.84 2.9300 0.5000 -6.4300 -1.0833 1.2633 -0.8100 8.49 -3.35 3.56 99 169 181 184 150 
7.35 -6.15 1.31 -10.7400 -0.6700 11.7500 -0.2600 -3.9900 -0.4422 9.16 -2.73 2.15 99 170 178 176 136 
9.46 -3.10 5.82 0.5300 0.8100 5.3400 0.7256 1.3456 0.7000 8.23 -3.24 4.21 115 186 195 199 153 
6.73 -0.14 8.66 0.9900 5.0400 -0.0500 -6.0278 1.6700 1.7489 4.60 -7.37 4.53 175 294 274 315 188 
3.23 -6.05 -9.26 -1.2600 3.1700 -9.2300 -1.5689 -2.0689 1.0456 2.30 -9.46 -1.12 181 312 289 330 188 
3.39 -1.84 -10.18 -0.8000 8.7600 -12.0300 7.3711 -0.9389 -1.1300 3.65 -7.76 4.74 179 303 290 318 191 
7.18 7.40 39.80 2.9300 7.6800 31.5600 -3.7567 0.4256 0.4744 4.85 -3.90 7.57 178 304 298 320 188 
3.22 -1.98 -5.80 0.6400 4.5400 -11.8900 -5.4656 0.9544 1.6111 1.96 -9.59 0.49 174 311 293 325 192 
0.83 -3.42 -9.68 -0.7500 7.5900 -8.7700 6.8367 -1.3356 -0.8211 2.49 -7.62 5.64 177 299 291 318 193 
2.39 0.54 29.66 -0.6600 5.1100 19.2300 -5.6422 0.9767 0.1033 2.41 -6.92 6.51 175 307 291 325 192 
1.38 -7.72 -12.75 -0.3400 1.5200 -13.4100 -1.2922 0.6589 -0.1867 1.65 -9.66 0.28 175 313 293 325 191 
;
