1.99 -1.87 9.39 -0.0200 -0.0100 0.0300 0.0344 -0.0011 0.0044 2.04 -1.82 9.41 158 315 313 307 198 
1.96 -1.71 9.30 0.0100 0.0400 0.0000 0.0556 0.0078 -0.0044 2.03 -1.72 9.43 163 320 314 308 198 
2.09 -1.71 9.67 0.0100 -0.1900 0.3700 0.4211 0.0300 0.0367 2.02 -1.44 9.48 165 319 311 308 196 
1.75 -0.83 9.58 -0.2700 0.0000 0.0300 1.1256 0.0978 0.0056 1.88 0.00 9.62 171 332 309 310 200 
5.42 2.05 19.71 2.4300 -1.0800 6.7100 0.6278 -1.8400 3.4522 4.49 1.82 8.52 165 297 177 163 177 
10.80 2.75 0.65 0.4800 2.8700 -5.5900 4.6300 -0.5222 5.9778 7.44 -1.77 6.12 124 346 143 126 167 
2.37 3.85 2.44 -4.7700 4.3900 -4.3100 3.1189 1.2444 0.8800 6.50 0.25 7.33 111 365 166 133 165 
3.10 2.82 6.11 -1.7100 1.0400 -2.3300 -0.4156 -0.6944 -0.1822 5.94 0.88 7.74 114 373 165 160 167 
6.37 1.71 7.33 0.1700 1.3900 -0.9600 -2.0378 0.7600 -1.0278 5.35 -0.06 8.21 142 376 175 175 176 
5.20 -4.32 9.40 0.4900 -2.5900 1.8800 -0.7233 0.0333 -0.0144 4.95 -1.87 8.25 151 385 184 190 183 
4.54 -0.69 8.47 -0.3800 1.6700 -0.2500 -0.8589 0.0600 0.1611 4.78 -2.73 8.11 152 376 178 186 183 
-3.25 -2.58 2.16 -7.7000 1.1900 -5.2600 -4.0167 -2.4922 0.1600 5.84 -6.70 4.12 148 278 177 190 185 
8.32 -6.62 -2.83 1.3700 -0.2500 -4.0300 -2.3944 -5.7500 -0.3633 7.16 -6.24 -2.40 141 282 165 182 180 
18.00 -9.01 -7.40 9.2100 -1.5200 -2.1700 2.5556 1.1900 1.0078 6.14 -7.06 -2.90 140 307 179 177 175 
-0.10 -4.29 0.96 -6.5800 3.9500 1.0800 2.6156 0.4611 0.0433 5.19 -8.16 1.60 142 346 188 184 176 
5.66 -7.66 1.30 -0.1800 -0.0200 -0.6100 -1.2100 -1.2422 -0.2278 5.84 -7.86 0.15 144 345 193 179 177 
6.24 -7.85 0.38 0.1700 0.8100 0.9000 2.0644 1.5856 -0.2978 5.62 -7.86 1.66 143 359 193 184 180 
5.69 -4.38 4.15 -0.4100 2.0100 2.3800 -0.8244 3.3533 -3.1400 6.94 -6.18 3.11 162 270 207 192 163 
5.28 -5.82 0.00 0.4500 -0.1500 -6.5200 4.3856 5.5378 -3.0444 3.27 0.12 9.24 175 176 148 157 148 
5.31 6.99 15.64 3.9000 5.1300 8.3100 2.2233 -3.1867 3.8889 5.72 3.36 7.21 186 164 162 151 150 
4.74 3.48 6.41 -5.2300 5.9200 2.9000 -1.8533 -1.9400 4.9767 8.31 -4.69 2.23 185 163 160 155 152 
0.91 -0.30 0.64 -5.7900 4.8600 -0.3600 -3.5844 0.1844 -5.2967 9.45 -2.33 -1.15 191 166 163 165 158 
19.06 1.92 -2.89 5.9800 0.4700 0.3600 0.1589 0.8344 -0.0144 9.74 1.08 -0.28 187 171 166 168 158 
8.29 1.24 -0.07 -1.3900 0.4900 -0.1900 -0.0267 0.3089 0.1322 9.77 0.62 0.37 193 168 162 166 158 
;
