2.06 3.05 9.06 -0.0600 -0.0900 0.0300 -0.0044 0.0067 0.0067 2.20 3.16 9.01 181 353 365 389 211 
2.19 3.03 9.04 0.0500 -0.0900 0.0000 -0.0022 0.0022 0.0022 2.20 3.16 9.01 181 360 362 394 211 
2.18 3.08 9.05 0.0100 -0.1100 0.0000 0.0122 -0.0100 0.0189 2.22 3.16 9.01 182 352 364 391 208 
1.95 3.54 9.32 -1.2100 0.6200 0.7700 -0.3278 -0.7244 0.7378 2.71 2.92 8.95 184 287 336 389 210 
6.26 3.11 11.94 2.1000 0.7800 1.9600 0.8889 -2.4444 3.7267 5.54 0.60 8.06 127 298 164 180 160 
12.42 1.14 5.37 4.0000 0.3200 -0.2900 4.6600 -1.7367 3.7800 8.87 -0.26 4.16 114 370 167 192 155 
5.07 1.22 4.10 -4.1600 1.8700 -0.9600 3.2344 1.7867 0.6956 7.79 0.34 5.93 117 399 172 199 157 
3.70 4.52 5.92 -3.0200 2.7600 -0.8300 0.8867 0.7144 0.0756 6.66 2.15 6.86 121 405 174 203 158 
5.17 3.41 5.97 -0.6800 1.2900 -0.8500 -0.5633 -0.0367 -0.3056 6.46 2.10 7.06 126 412 183 205 157 
5.90 2.69 5.35 -0.2100 1.2800 -1.8300 -1.5467 0.1122 -0.3889 6.27 1.08 7.45 124 418 176 212 164 
6.41 -2.53 9.72 0.4400 -2.6800 3.1400 -0.3822 -0.0956 0.0189 6.02 0.36 7.72 132 427 186 215 166 
6.36 0.59 7.07 0.5500 0.5000 -1.0200 -0.2500 -0.0533 0.2378 5.95 -0.21 7.78 137 426 182 211 163 
5.45 0.05 7.82 -0.2100 0.7500 0.1100 -0.2167 -0.1144 0.1644 5.91 -0.59 7.79 139 421 185 214 164 
2.66 0.65 5.82 -4.8900 0.9700 -1.8000 -1.7189 -2.1922 0.9611 7.14 -2.61 6.19 136 411 186 217 164 
7.18 -4.43 1.84 -1.4800 -1.9300 -2.6800 -3.3944 -2.4367 -0.3267 8.44 -4.54 2.03 158 216 185 220 163 
14.38 -7.86 -3.88 6.6600 -2.3200 -2.2600 -2.0989 1.8811 -2.5267 9.55 -2.20 -0.15 186 144 173 203 150 
9.01 1.56 2.72 -1.0300 3.4000 2.4900 2.6600 0.6733 0.1200 9.42 -2.11 1.71 102 149 170 188 135 
11.28 -0.76 4.88 0.5900 0.7200 0.9500 1.7767 1.7533 0.3944 8.64 -1.97 4.17 98 160 170 187 132 
4.47 -0.16 4.84 -2.5200 2.9300 0.0300 1.7978 0.3900 0.9378 7.46 -1.75 6.11 114 146 157 169 137 
11.62 1.98 4.35 2.6700 1.8200 -3.1100 0.1033 1.3600 0.0300 7.21 -0.56 6.62 100 190 252 249 196 
7.11 -2.06 4.77 -0.4800 -0.5100 -0.5400 -2.6233 0.2378 0.0311 7.12 -2.79 6.13 97 190 227 228 179 
1.79 -1.85 10.58 -5.9700 2.5700 4.6400 -1.7178 0.1800 -0.8644 5.98 -3.83 6.75 102 189 215 222 171 
11.96 -1.84 2.04 4.0900 2.3000 -3.6600 -0.8678 -0.6267 -0.1533 6.82 -4.62 5.31 97 184 208 213 148 
8.11 -6.76 0.47 0.8200 -2.6600 -4.6500 1.8311 -0.7644 0.2222 7.30 -3.97 5.19 100 180 204 208 142 
13.09 -0.90 10.25 3.9900 -0.0400 2.2700 -0.7633 0.6278 0.0178 7.90 -3.40 4.69 101 183 210 215 142 
4.75 -3.52 6.88 -1.1000 0.3000 2.2300 -2.7978 1.3133 -1.1578 7.62 -4.10 4.59 106 189 212 227 153 
6.05 -4.68 5.37 2.9200 1.2100 0.5600 -2.3300 2.5867 -1.7567 7.14 -4.12 5.30 113 193 218 235 166 
;
1.86 0.01 9.57 0.1700 0.2200 -0.1200 0.0444 -0.0489 -0.0244 1.86 -0.06 9.62 177 377 362 398 211 
1.89 0.08 9.78 -0.0500 0.0900 0.0900 0.1289 -0.0767 0.0033 1.92 0.05 9.61 178 378 366 398 207 
1.92 0.30 9.70 -0.0200 0.1200 0.0900 0.1278 -0.0589 0.0122 1.97 0.23 9.60 189 373 360 400 210 
2.05 0.42 9.65 0.0300 0.1800 0.1800 0.3611 -0.2411 0.0322 2.17 0.53 9.54 180 365 362 404 208 
3.30 2.68 11.04 1.2500 1.5800 1.4400 0.4722 -1.7911 1.4122 4.17 0.97 8.81 174 304 235 246 204 
12.02 -1.21 5.59 6.9700 -0.5800 -2.2700 2.7767 -3.0833 3.6778 7.93 -0.76 5.70 116 333 167 187 152 
10.27 0.84 2.43 -0.0100 2.5500 -0.9400 4.9689 0.2922 2.2133 8.48 -1.44 4.69 121 396 172 193 157 
2.96 2.53 5.08 -4.5900 2.6800 -0.7900 2.0489 1.1867 -0.0433 7.36 0.51 6.44 124 411 176 202 161 
5.59 3.59 6.50 -2.2000 3.1000 0.8900 -0.3978 0.6200 -0.5356 6.74 1.21 7.01 132 414 178 206 159 
7.20 2.70 5.42 0.5200 1.8800 -1.7000 -1.1611 0.4900 -0.2989 6.36 0.47 7.44 133 420 189 209 165 
6.59 -2.14 7.22 0.5600 -2.8900 0.4300 -0.7333 0.5533 -0.2122 5.82 -0.61 7.86 137 426 182 209 168 
5.13 0.22 8.84 -0.3000 1.5000 0.0900 -0.4511 -0.0122 0.0578 5.66 -1.03 7.93 140 423 188 206 164 
3.95 0.71 6.88 -2.1200 2.5300 -0.4900 -1.4400 -0.8078 0.1867 6.48 -2.59 6.88 150 410 188 214 169 
3.55 -3.75 3.65 -1.6900 0.7000 -2.1600 -1.9078 -1.0100 -1.1133 7.65 -3.96 4.66 157 341 270 287 202 
9.91 -5.32 0.41 0.4500 -2.2500 -2.7500 -1.6722 -2.7322 -0.4522 9.01 -3.81 0.59 96 240 307 350 212 
11.36 -6.78 -4.07 0.0700 -2.8300 -3.2200 -0.7556 -2.1878 -0.1411 8.80 -3.32 -2.76 100 167 195 212 146 
8.65 -0.22 -9.98 1.9100 4.2100 -5.8000 4.1589 1.6556 -1.0256 9.34 -2.71 -1.21 100 168 197 210 146 
11.37 7.03 3.73 2.2100 9.2700 5.5400 3.4233 2.8233 0.8011 8.96 -2.63 2.98 104 173 188 197 142 
11.16 2.32 4.61 1.7600 4.9800 0.7200 -2.6856 0.6178 -0.0500 8.41 -3.94 3.11 111 179 200 211 148 
9.75 -5.35 -4.04 0.4100 -1.0800 -5.9700 -0.9789 0.7678 0.2400 8.31 -4.88 1.77 102 178 197 211 146 
2.77 -9.35 -0.04 -3.8600 -0.5200 1.0200 1.5844 -1.6311 0.6967 8.20 -5.07 1.74 106 180 192 209 145 
5.75 -3.88 9.05 -2.0500 1.5000 5.9100 -2.8356 3.0867 -0.9567 7.57 -5.49 2.92 111 183 206 218 152 
8.09 -4.53 2.79 0.4300 0.3000 -1.5600 -2.7133 6.2489 -2.7911 6.52 -4.63 5.66 132 224 247 271 194 
;
