7.13 -1.84 6.47 0.0400 -0.0400 -0.0200 -0.0300 0.5733 0.0378 6.89 -1.88 6.71 152 274 214 249 199 
6.53 -1.75 7.25 0.2000 0.0300 -0.0600 -0.0789 1.4733 -0.1200 5.54 -1.85 7.87 149 268 218 240 192 
3.93 -1.88 8.59 -0.4700 -0.4000 0.1400 0.0467 1.1256 0.0311 3.98 -1.83 8.77 148 269 194 236 179 
6.43 -1.91 11.69 4.3100 -0.5200 3.3400 2.4322 -2.4989 1.8444 5.93 -0.17 7.80 131 307 186 186 178 
12.34 -0.05 3.71 3.6300 0.6100 -2.4100 4.3622 -1.7700 3.4656 8.54 -0.73 4.74 128 351 194 194 178 
5.54 1.16 2.45 -3.1100 2.6200 -2.0500 3.5956 0.5167 1.4789 8.29 -0.89 5.14 119 373 197 204 182 
5.36 3.52 4.33 -1.9400 3.9000 -1.2300 1.0989 0.7344 0.1256 7.63 -0.09 6.15 122 383 208 204 183 
7.30 1.75 5.70 0.6500 1.9700 -0.8900 -1.2244 0.3522 -0.1300 7.26 -0.65 6.54 150 388 219 215 189 
6.87 -2.60 6.78 -0.3200 -1.7100 0.2700 -0.9111 1.0711 -0.1178 6.19 -1.82 7.38 153 399 227 218 192 
4.93 -0.83 8.69 -0.9600 1.5100 1.1600 -0.6644 0.0500 0.0533 5.96 -2.39 7.41 152 391 230 219 192 
-0.97 -3.13 1.91 -7.5100 0.3900 -4.4600 -3.9733 -1.5744 -0.2133 6.80 -5.35 4.61 155 335 224 217 188 
15.51 -11.01 -0.25 6.5400 -4.3300 -0.6200 1.5278 -2.8300 1.7967 6.99 -6.78 1.07 163 363 228 221 188 
7.88 -3.78 2.66 1.9200 3.9900 1.9500 2.2311 -0.5700 0.1000 6.26 -7.32 1.78 163 375 229 219 189 
7.36 -8.05 -0.81 1.2400 -1.2700 -2.9300 -1.1700 -0.2678 0.0333 6.45 -7.37 0.21 163 372 231 221 190 
7.88 -4.05 4.31 -0.8100 4.9600 7.0900 0.0222 1.5267 -0.7711 6.59 -6.98 1.97 165 355 234 223 192 
8.31 -2.43 2.39 1.3800 2.8600 -2.0700 -4.5611 9.4622 -5.4311 6.78 -5.03 4.97 165 288 254 242 201 
1.27 -1.05 8.69 2.5700 3.0900 0.5400 0.7189 1.9156 -4.4456 2.44 -2.21 9.23 168 301 299 370 209 
;
-1.13 -3.86 8.14 0.1300 -2.9000 -5.7200 1.4756 0.6811 0.6900 1.82 -1.17 9.56 163 307 333 376 211 
3.08 -0.63 8.92 0.1900 0.0000 -0.0500 -0.1222 0.1167 0.0211 2.00 -1.08 9.53 164 308 334 381 213 
0.43 -1.90 11.29 -1.6000 -0.5100 3.8600 1.8611 -0.5956 0.4067 2.17 -0.16 9.56 160 284 291 277 213 
11.43 -3.58 10.16 8.8000 -2.3500 -1.2200 2.7389 -7.6733 6.5278 7.39 -2.12 6.08 122 323 178 192 180 
5.87 -0.34 1.18 -3.2200 3.1300 -3.2400 5.1544 -1.5056 2.0433 7.87 -2.57 5.24 111 362 191 197 183 
5.16 3.36 5.00 -2.9200 4.7600 -0.7300 1.1311 0.8500 0.4211 7.14 -1.45 6.55 108 380 197 200 185 
9.56 1.56 5.84 2.3800 2.8500 -0.8700 -0.8056 1.2800 -0.6178 6.44 -1.51 7.23 118 388 212 210 189 
3.71 -4.81 7.03 -1.9600 -2.7000 0.1300 -0.1678 0.7400 -0.2378 5.15 -2.46 7.96 121 404 217 212 190 
2.74 -0.44 7.78 -2.7000 2.3900 -0.6200 -1.2933 -0.9333 0.4011 5.28 -3.30 7.56 130 386 220 213 191 
1.81 -4.41 2.18 -1.2500 0.6200 -3.9100 -1.8100 -1.1567 -0.6033 6.64 -5.02 5.17 147 334 230 221 191 
16.96 -9.42 1.71 9.1000 -3.3600 0.2300 0.1411 -2.7111 1.8689 7.23 -6.54 0.98 155 351 232 222 192 
7.02 -5.03 2.37 1.3500 3.2300 2.3200 1.9733 -1.0378 0.0300 6.38 -7.35 1.14 157 367 230 223 193 
6.49 -5.66 3.33 0.3900 0.7600 0.1900 -1.6789 -0.2156 -0.1844 6.79 -7.03 0.70 155 364 231 221 193 
6.43 -4.55 3.10 -0.9800 3.5600 2.1000 0.1556 1.1489 -0.6967 6.81 -6.75 2.01 155 351 234 224 194 
8.21 -1.68 2.80 0.6600 3.5400 -0.7500 -4.5478 9.3944 -6.2400 6.82 -4.52 5.39 154 291 240 231 200 
4.04 -2.65 9.16 0.3900 0.2900 0.3500 0.5467 1.8833 -3.9022 3.04 -1.51 9.19 166 304 275 345 206 
;
