3.16 -0.85 9.25 0.1000 -0.0200 -0.0100 -0.0100 0.0067 0.0033 3.02 -0.83 9.29 161 305 296 299 196 
3.18 -0.99 9.03 0.0800 -0.0100 -0.0700 -0.0156 0.0033 0.0056 3.03 -0.85 9.28 164 299 297 300 193 
3.15 -0.92 9.25 0.1100 -0.0200 0.0300 0.0756 0.0378 0.0289 3.00 -0.80 9.29 162 309 294 305 194 
3.12 -0.50 9.45 -0.1900 0.1700 0.8300 1.0389 0.2389 0.0478 2.74 0.15 9.41 168 317 299 309 195 
3.02 2.97 12.48 4.0100 1.7300 -0.0200 -1.3856 -1.9233 2.8578 4.29 -0.08 8.81 174 279 256 248 197 
15.34 -1.54 8.66 7.8700 0.7700 1.2500 4.6167 -2.3067 6.1178 7.33 -1.48 6.33 135 319 137 131 162 
3.41 2.09 2.16 -3.6300 3.3800 -5.2700 6.4933 -0.5544 3.1522 6.67 0.30 7.18 143 357 144 135 161 
0.99 8.13 8.53 -5.0500 5.9000 0.9900 0.0244 0.2644 -0.3878 6.34 1.80 7.25 140 369 152 147 163 
7.16 2.76 7.77 1.0200 0.9100 0.3600 -0.9600 0.3900 -0.8122 5.95 1.59 7.62 140 371 159 154 169 
5.79 2.20 7.16 0.7600 0.8900 -1.5100 -2.1289 1.3700 -1.3533 4.55 0.56 8.66 143 373 161 163 179 
3.40 -3.45 10.62 -1.4500 -2.8300 2.1000 -0.6022 0.6311 -0.3844 4.01 -0.50 8.93 139 377 167 165 179 
4.39 -0.21 8.18 0.5200 0.6400 -0.8100 -0.2189 -0.1489 0.1589 4.12 -0.95 8.84 146 376 170 162 181 
-4.06 -2.01 2.88 -8.8000 -0.6100 -6.9500 -4.0222 -4.6878 1.1367 6.14 -4.64 6.06 142 250 182 189 171 
14.03 -11.06 -6.34 8.7100 -3.9100 -5.6400 -0.6989 -4.1178 0.7389 7.26 -6.31 -1.88 137 301 189 192 172 
10.70 -7.34 -2.84 3.0600 0.3600 -0.0100 2.0689 -0.3089 0.7444 5.71 -7.70 -2.04 147 340 188 193 169 
3.26 -2.23 8.40 -0.4800 4.8100 6.8600 -0.5733 -0.1444 -0.0122 5.80 -7.87 0.70 156 347 193 191 175 
7.14 -9.99 -4.84 1.5900 -2.2500 -4.0800 -0.5378 -0.0478 0.1778 5.87 -7.77 -1.14 157 350 194 189 173 
6.30 -6.35 0.73 -1.9700 2.4000 1.3800 1.0500 -0.0722 -0.2789 6.12 -7.58 1.05 154 362 197 193 178 
7.23 -7.15 1.07 1.8100 0.8000 0.6200 -0.3856 0.9300 -0.7078 6.57 -7.21 0.97 148 342 180 178 174 
10.66 -10.08 5.78 3.7100 -6.2300 1.9300 -0.3944 3.6522 -2.0478 7.29 -5.14 4.06 153 262 163 165 161 
8.75 -5.71 0.61 2.4900 -0.6400 -5.3900 3.0800 3.0500 0.3722 4.54 -3.10 8.11 163 253 161 165 163 
2.13 1.63 4.28 -1.1600 2.3600 -5.1100 2.1989 1.5400 0.3200 1.75 0.46 9.63 180 232 162 162 164 
2.93 2.89 8.06 1.7500 1.4600 -0.4600 -0.8811 1.3144 -1.5278 0.00 0.72 9.77 161 173 165 173 165 
-0.09 0.74 9.57 2.1700 2.4900 0.1900 -1.9822 2.1556 -2.6344 -2.56 -2.17 9.21 137 152 164 171 162 
3.91 -7.81 5.70 0.9800 -8.0300 -5.8400 -2.1411 1.7433 -2.2300 -3.10 -6.68 6.46 136 163 161 173 165 
-4.21 -6.20 6.64 -1.3500 0.7900 -0.7700 0.1667 -0.9211 0.0067 -2.50 -6.85 6.54 136 167 167 175 165 
-6.09 -3.72 0.02 -3.8200 2.8400 -7.8900 2.3044 -4.5633 -3.7256 2.70 -4.33 8.37 150 175 186 191 187 
7.09 2.92 14.86 1.4900 3.0800 4.9500 0.0567 2.5000 -3.5956 2.49 -0.57 9.46 165 274 256 294 188 
;
