-0.41 -0.96 9.72 -0.0600 0.0400 0.0100 0.0011 -0.0056 -0.0033 -0.32 -1.02 9.74 169 317 337 373 217 
-0.37 -0.96 9.82 0.0000 0.0600 -0.0400 -0.0033 0.0044 0.0033 -0.32 -1.02 9.74 169 317 338 374 215 
-0.35 -0.94 9.73 -0.0800 0.0600 0.0000 -0.0033 -0.0011 0.0033 -0.32 -1.02 9.74 167 316 338 372 217 
-0.45 -1.01 9.75 -0.1700 0.0000 -0.0100 -0.0044 -0.0556 -0.0044 -0.28 -1.02 9.74 170 315 338 371 216 
-0.77 -0.54 11.45 -1.6400 0.5400 3.3300 -1.2444 -4.6056 0.0744 2.74 -1.80 9.24 157 278 181 185 186 
13.79 -4.71 4.42 7.4000 -2.0800 -2.5900 3.6300 -2.5678 4.2867 7.04 -2.71 6.25 119 317 140 174 172 
4.30 -0.35 3.26 -2.5700 2.2500 -4.1500 5.7078 -2.2744 2.6311 7.24 -0.72 6.57 103 348 152 175 169 
6.40 4.67 3.44 -2.2800 3.6800 -2.7600 2.3111 0.7178 0.9256 7.25 0.89 6.54 103 363 166 175 171 
3.48 2.16 6.06 -1.2300 0.3500 -1.6300 -0.1256 -0.4267 0.0333 6.95 1.18 6.81 107 369 172 180 171 
7.58 1.79 6.35 1.0000 0.8500 -0.6800 -0.7867 0.1489 -0.4922 6.72 0.87 7.08 111 383 175 183 174 
6.20 -0.04 6.46 -0.5300 -0.5600 -0.8300 -1.1911 0.5078 -0.3811 6.14 0.09 7.64 112 390 178 188 176 
4.96 -2.96 9.28 -1.8700 -1.7600 1.2000 -0.2722 0.0444 -0.0233 5.78 -0.63 7.89 113 393 182 190 178 
6.65 -0.27 7.03 0.4200 0.3500 -1.1200 -0.3211 0.2944 0.0967 5.63 -0.96 7.97 114 393 183 192 178 
5.76 2.75 7.33 -1.1800 4.7500 -0.6800 -3.5411 1.7433 -0.4367 4.78 -3.23 7.92 153 271 178 206 197 
6.76 -7.46 1.79 4.5400 -4.3500 -2.2700 -6.5833 8.6711 -2.0367 -0.23 -9.55 2.18 175 254 284 321 210 
0.52 -9.42 -6.93 -0.2100 0.7600 -4.4700 -1.8156 1.2944 0.4500 -0.41 -9.31 -3.02 176 277 311 320 209 
-0.19 -5.64 -9.25 0.6300 4.0700 -5.8300 4.6211 -0.6244 -0.6456 0.07 -9.80 0.15 176 284 295 321 212 
1.49 -8.58 23.30 1.7200 0.4100 15.1100 -3.3167 -1.1289 -1.1489 0.96 -9.52 2.14 179 293 318 318 212 
1.31 -6.63 -9.64 -0.2200 2.5500 -9.2900 -2.4089 -0.5178 -0.0022 1.24 -9.15 -3.27 177 298 320 316 212 
-1.73 -6.98 -2.04 -3.0500 2.8900 3.9200 4.9411 1.2267 0.3100 0.51 -9.42 2.66 180 297 317 306 211 
5.51 -5.75 4.46 2.5200 2.8400 -1.9600 -3.3656 -1.9200 -0.0067 1.37 -9.70 -0.02 180 284 303 279 208 
;
