0.67 -0.47 9.74 -0.1000 0.0800 0.0300 -0.0033 0.0033 -0.0200 0.73 -0.54 9.76 171 318 302 288 195 
0.63 -0.41 9.80 -0.0600 0.0700 0.0000 0.0067 0.0011 0.0044 0.73 -0.55 9.76 167 324 301 288 194 
0.67 -0.45 9.77 -0.0800 0.0900 0.0100 0.0144 0.0044 0.0156 0.73 -0.54 9.76 160 322 301 286 194 
0.88 -0.56 10.82 -0.2500 -0.5600 2.0800 1.0467 -0.2867 0.2400 0.94 0.08 9.76 166 303 261 262 200 
12.88 0.24 12.00 7.2700 0.6500 1.6800 3.1311 -4.9978 6.5522 6.21 0.87 7.53 161 324 143 135 153 
4.94 2.93 -0.90 -2.7400 2.1500 -6.5600 4.8911 0.5267 2.9978 6.77 0.20 7.09 116 351 141 121 150 
2.95 5.60 4.55 -3.1700 3.7300 -2.7900 0.9978 0.6578 0.2311 6.16 2.06 7.34 128 364 147 116 156 
7.88 2.61 6.51 2.0000 0.3400 -0.7200 -0.2389 -0.1278 -0.8889 5.92 2.60 7.36 124 365 153 157 161 
4.87 3.05 5.40 -0.2200 0.7200 -2.7100 -2.6500 0.1767 -0.3500 5.27 1.19 8.18 142 369 156 170 171 
4.59 -2.22 10.03 -1.4000 -1.7100 1.5100 -1.1478 0.2444 -0.0822 4.60 -0.96 8.60 137 376 169 169 177 
-3.56 -3.06 0.95 -6.9300 -1.6200 -8.1100 -1.7033 -3.2722 -0.7344 6.47 -3.09 6.68 97 204 231 242 199 
12.12 -8.92 0.33 8.0100 -2.0600 -2.4100 0.3378 -1.6389 -0.6689 8.28 -3.12 4.21 90 157 171 186 159 
15.05 2.77 4.96 4.8700 5.9200 1.1400 1.7844 0.5889 1.8889 7.96 -3.62 4.42 95 156 169 183 148 
3.41 0.52 9.07 -8.1200 5.3000 12.2000 -1.2211 2.6222 -0.0856 5.62 -4.12 6.89 98 166 172 185 152 
7.25 -0.28 7.20 3.6300 4.0500 -0.9400 -2.3578 0.0400 -1.8989 6.60 -4.50 5.67 98 167 181 184 154 
13.11 -3.74 0.21 3.5300 -0.2600 -5.6300 -0.7300 2.4156 -0.6467 5.58 -4.61 6.60 93 170 170 184 154 
-6.62 -4.96 11.70 -14.0000 2.3600 14.7300 -0.2711 -2.1522 -1.0144 7.42 -3.68 5.24 101 176 174 190 158 
3.84 -6.46 5.54 -2.7400 -2.5300 -1.2900 0.0678 3.5922 -1.3289 5.63 -3.24 7.34 134 217 203 208 177 
5.52 -1.32 2.91 2.4600 1.5400 -5.6600 2.6233 1.6511 -0.6222 2.89 -0.98 9.31 173 168 154 166 140 
10.91 8.99 16.36 5.9800 6.4900 9.3600 1.9144 -3.0344 3.0211 5.94 2.70 7.31 185 157 160 161 145 
7.24 3.91 7.09 -4.9000 4.4700 2.2500 -0.7322 -2.0033 5.0078 8.34 -3.83 3.44 188 167 160 163 149 
-1.77 -1.61 2.14 -7.2200 3.5900 -1.1400 -2.2911 -0.2544 -3.6478 9.25 -3.03 1.13 185 168 163 164 152 
19.23 -0.13 -1.55 6.2100 -0.0700 -0.1200 0.0822 -0.0156 0.5000 9.71 -0.65 1.12 186 175 169 171 154 
8.74 -0.14 1.00 -1.1300 1.1200 -0.5100 -0.1900 0.1744 0.2256 9.61 -1.32 1.43 187 172 168 173 155 
9.10 1.16 1.67 0.0500 1.9600 -1.8400 -3.1656 6.6322 -1.2700 6.74 -1.67 6.92 181 213 189 210 181 
;
