3.17 5.96 7.14 0.0000 0.0500 -0.0600 0.0089 -0.0122 -0.0178 3.15 5.90 7.17 172 329 351 380 218 
3.16 5.98 7.01 0.0300 0.1200 -0.0200 -0.0233 0.0944 -0.0889 3.06 5.92 7.19 172 338 351 385 215 
3.72 8.42 9.90 -0.8600 3.7500 3.6000 2.5878 -0.7944 3.0733 3.96 6.35 6.32 189 342 334 369 212 
11.54 3.59 1.33 -0.3800 2.4900 -0.1200 0.4122 -4.1289 9.3044 9.04 -3.72 -0.66 196 337 326 381 219 
-2.73 -2.43 2.73 -8.0300 4.4200 5.9300 -2.8167 -2.3344 1.7744 4.23 -7.30 -4.98 185 288 300 356 221 
9.22 1.42 -24.91 6.1200 -0.1300 -18.5600 -0.1389 0.2467 0.1489 3.72 -3.24 -8.47 185 302 302 365 221 
4.03 -4.07 -4.85 -0.4900 1.2800 1.9300 -0.4644 0.1589 -0.2389 4.06 -3.62 -8.15 186 305 303 370 221 
13.67 -4.06 -12.20 9.4800 -0.3700 -6.4300 1.5722 5.7178 0.5100 7.44 -3.88 -5.06 187 312 304 337 216 
6.46 -2.70 -0.26 -2.6900 4.2200 -0.5700 -1.3044 4.6467 5.1189 4.02 -8.84 1.32 175 342 341 380 216 
-3.41 -6.01 -5.35 -3.4700 3.2300 -5.6700 -1.4056 1.6778 1.4411 -0.30 -9.71 -1.26 179 353 350 389 214 
-0.21 0.17 -7.06 -0.2900 11.2700 -7.9600 6.6911 -0.2922 -1.1144 0.66 -8.74 4.39 179 347 347 390 215 
9.90 14.72 34.00 6.1200 13.1200 25.8200 3.0067 -0.4667 -0.1511 2.78 0.41 9.39 183 337 338 389 213 
3.90 -1.07 5.55 -0.5100 0.0100 -5.2200 -1.6467 -0.7222 -0.5867 4.73 -2.16 8.31 185 340 338 388 219 
;
