9.73 -1.20 -0.89 0.0000 -0.0400 0.0000 0.0089 0.0078 -0.0100 9.69 -1.15 -0.89 134 295 219 224 185 
9.65 -1.22 -0.89 0.0400 -0.0700 0.0200 0.0144 0.0100 -0.0244 9.69 -1.14 -0.89 138 295 221 223 184 
9.83 -1.40 -1.03 0.3400 -0.4400 -0.2700 0.3033 0.5122 -0.2456 9.73 -1.00 -0.57 136 294 220 221 181 
19.80 0.49 -1.08 9.9200 0.0600 -2.0700 4.0622 2.1022 0.1389 9.61 0.51 1.87 128 309 205 208 182 
11.77 1.31 -1.45 1.0700 0.9700 -3.3700 4.5267 1.1600 1.8044 9.48 -0.35 2.48 109 358 201 193 177 
2.24 2.60 2.82 -6.4600 2.9500 -1.4500 2.1633 1.8944 0.4778 8.25 -0.06 5.28 104 376 201 191 175 
6.86 2.26 5.93 -1.0200 1.8300 0.1500 0.2167 0.2989 0.0667 7.81 0.39 5.90 107 382 204 195 177 
8.33 1.49 4.88 0.3300 1.1900 -0.9100 -0.8822 0.1833 -0.2711 7.56 0.22 6.23 113 390 209 205 180 
7.48 -1.55 5.06 0.1100 -1.4800 -0.9800 -0.8022 0.4300 -0.2611 7.26 -0.71 6.55 114 394 215 204 181 
6.95 -1.05 8.94 0.1200 0.1000 2.0600 -0.4300 -0.2867 0.0322 7.42 -0.97 6.32 117 396 214 205 180 
5.55 -0.33 6.52 -2.7100 1.3700 0.6400 -0.5211 -0.6344 0.7522 7.57 -1.72 5.98 119 374 214 205 182 
7.44 -0.43 4.45 1.5700 3.5800 -0.3300 -2.6956 -1.7111 3.8556 6.97 -6.14 3.11 106 257 203 192 174 
-0.87 -12.93 -0.20 -5.0000 -4.7400 -1.1000 -0.4978 -0.1856 2.4389 2.25 -9.48 1.02 105 265 208 195 175 
5.16 -12.86 0.87 3.1200 -3.4400 -1.1700 1.7211 0.3200 -0.2756 2.10 -9.27 2.39 109 277 209 200 173 
2.23 -6.66 0.35 -0.7600 3.1300 -3.7300 3.2500 0.7756 1.2500 0.57 -7.38 6.42 110 288 210 202 174 
-3.14 0.29 11.55 -3.0000 6.2000 3.4400 -0.5022 -0.6811 -1.1033 1.15 -6.00 7.66 114 299 212 203 176 
1.01 -1.18 4.41 -2.0100 6.3500 -1.1300 -5.0700 -0.2456 -3.0956 4.50 -8.06 3.29 111 279 211 209 180 
;
12.91 -3.89 -2.02 4.9900 0.8600 -3.0700 -3.4078 7.8656 -6.6211 7.86 -2.90 5.09 158 281 238 240 193 
5.72 -0.78 11.19 0.6800 1.0300 4.5500 -1.0822 3.9478 -1.8078 3.25 -0.84 9.21 157 295 295 347 202 
2.76 -0.44 9.83 0.1000 0.9000 0.9000 -0.0044 0.0089 0.1511 3.39 -0.91 9.15 160 294 312 358 205 
3.84 -1.90 12.02 2.7400 -1.3500 3.8500 0.3589 -3.5367 1.7989 5.46 -1.59 7.98 157 299 194 201 185 
13.06 -2.31 3.51 3.9000 1.1500 -2.0000 5.7700 -3.9544 3.7489 8.57 -2.82 3.81 133 342 183 197 180 
6.31 1.66 1.88 -2.9700 4.1200 -1.8300 4.0322 1.3311 0.7389 8.24 -1.86 4.97 121 371 187 197 177 
5.00 2.44 4.86 -3.3000 3.8400 0.6700 0.3544 0.7078 -0.5233 7.42 -0.69 6.36 126 382 195 203 181 
8.64 1.15 4.17 0.6000 1.4200 -2.9700 -1.7956 0.9600 -0.7389 6.86 -1.30 6.88 137 386 210 212 188 
5.53 -4.16 8.73 -0.4600 -2.6100 1.8500 -0.2800 -0.2033 -0.2300 6.46 -1.76 7.16 142 393 214 213 190 
3.94 1.35 7.06 -2.9900 3.5800 -0.0200 -0.9256 -0.8378 0.5678 6.68 -2.42 6.75 144 369 213 217 188 
6.97 -2.39 3.66 -0.1300 2.3700 -1.7900 -2.5467 -2.1444 4.2600 5.85 -7.11 3.35 114 265 203 199 177 
2.54 -15.10 0.70 -0.4900 -6.2800 -0.8400 0.2733 0.0256 0.6556 2.90 -9.20 1.72 111 282 198 200 176 
7.51 -12.14 2.61 4.3200 -2.9100 -0.6900 2.8022 0.7322 0.2878 2.87 -8.01 4.85 113 300 200 202 176 
1.67 -2.17 4.72 -0.5600 4.0100 -2.3700 2.6667 1.2744 0.9256 0.63 -5.14 8.32 115 315 202 201 175 
-2.85 0.89 8.83 -2.6400 5.3400 0.0100 -0.9189 -0.4833 -0.5989 0.29 -4.73 8.58 116 319 204 202 176 
0.61 -1.22 5.06 -0.7900 4.0000 -2.4100 -3.8533 -1.9111 -1.4756 3.02 -7.70 5.25 118 316 207 204 176 
9.92 -10.44 0.10 4.1200 -0.5900 -0.5400 -3.2022 1.2644 -2.5422 6.18 -7.56 0.76 126 294 208 208 184 
;
