2.72 6.26 7.23 0.0300 -0.0900 -0.1300 0.0089 -0.1278 0.0556 2.70 6.23 7.07 168 281 231 254 163 
2.41 6.15 7.10 -0.2500 -0.0600 0.0600 -0.0222 0.1467 -0.0889 2.56 6.23 7.12 166 281 232 256 165 
1.21 6.23 7.52 -2.0700 0.0600 0.5400 -0.0889 -1.1456 0.5322 3.51 6.08 6.84 165 285 208 201 166 
11.21 5.83 4.10 4.9200 -0.0200 0.0300 0.4033 -5.1033 3.0922 8.73 4.22 1.44 156 298 182 190 161 
15.63 3.34 -0.13 5.2100 1.2700 -1.5700 1.6867 1.7867 2.9944 9.70 0.16 1.37 153 305 199 205 167 
5.35 -0.93 -1.60 -3.7000 0.7100 -5.0700 2.3600 2.1233 1.3422 8.37 -1.17 4.96 139 337 202 207 169 
4.12 1.42 3.91 -3.1200 2.5100 -2.0600 1.4189 0.8000 0.5200 7.23 -0.93 6.55 126 361 202 200 168 
7.71 0.46 6.50 1.3600 0.5200 -0.4700 -0.2833 0.3522 -0.6167 6.77 -0.39 7.08 136 371 208 206 170 
5.31 0.11 6.04 -0.9400 0.4100 -1.9200 -0.3622 0.1978 -0.2233 6.02 -0.72 7.69 140 373 212 217 172 
5.31 -1.45 6.52 -0.6700 -0.6700 -0.6600 -0.5289 0.0411 -0.1322 5.71 -1.30 7.85 136 383 215 221 174 
5.06 -1.61 9.33 -0.2800 0.0800 0.9100 -0.4511 -0.1200 0.0200 5.68 -1.73 7.79 146 382 216 221 173 
5.29 -1.73 7.47 -0.4000 0.3200 -0.1300 -0.2256 0.1356 0.0844 5.57 -2.17 7.77 147 383 219 224 175 
5.61 -1.54 7.59 -0.1400 0.6800 -0.1900 -0.2522 0.0500 0.1722 5.55 -2.47 7.69 140 383 219 224 174 
4.92 1.52 10.64 1.4600 5.9800 2.9700 -4.4044 1.1789 -0.1444 4.39 -5.11 7.12 154 254 283 276 186 
1.13 -9.09 2.11 -0.5700 -0.6600 -2.8700 -3.4144 -0.4956 1.2378 2.42 -9.12 2.63 163 278 317 336 190 
2.02 -10.92 -6.30 0.3200 -1.2500 -7.5900 1.4422 -0.2433 -0.1000 1.88 -9.36 2.19 165 306 322 351 191 
3.76 0.40 2.89 1.8600 8.1600 -0.1000 6.3656 -3.4378 -1.5878 4.88 -4.81 7.00 173 309 320 348 192 
9.30 0.56 10.28 4.7600 6.0800 1.6900 -5.7633 2.2200 2.1567 2.79 -8.04 4.85 173 312 320 342 193 
-4.97 -11.81 -11.34 -6.4700 -2.4400 -12.5100 1.5522 -0.3456 0.0378 0.40 -9.43 2.64 169 316 322 346 194 
7.90 1.98 2.92 8.0000 11.4000 5.3500 6.0744 -1.9167 -2.7856 4.66 -4.20 7.53 174 313 323 354 192 
5.60 -0.77 9.58 0.9800 4.5100 -0.1200 -5.6900 0.6544 1.2611 3.83 -7.80 4.52 172 306 308 337 195 
0.31 -10.41 -4.85 -2.5300 -1.1800 -5.7300 -0.5989 -1.3400 0.0233 2.91 -9.34 0.62 175 289 283 293 188 
4.52 -12.46 -0.60 0.7500 -4.0000 -2.2900 2.8089 -1.9333 -1.7167 5.21 -8.07 1.91 165 288 184 184 154 
6.63 -5.04 4.18 0.7800 0.8600 -1.2600 4.3567 2.4156 -0.6956 5.07 -4.01 7.36 157 307 180 177 152 
4.16 2.87 6.48 0.4800 4.4100 -2.4100 1.5800 1.5856 0.5733 2.83 -0.77 9.35 152 231 176 175 154 
-2.04 2.89 9.83 -2.2300 1.8200 -1.1100 -1.7700 2.8722 -1.7000 -0.55 -1.63 9.65 151 182 171 179 157 
1.27 -2.64 8.30 1.9200 0.6000 -1.0900 -1.7044 1.8889 -1.4444 -1.37 -4.31 8.69 141 181 181 186 161 
-3.42 -8.11 6.24 -2.3700 -2.1900 -1.5400 -0.3900 0.4700 -0.1322 -2.32 -5.78 7.57 137 192 185 189 164 
-3.53 -4.72 3.15 -1.9800 0.8700 -5.2300 0.5122 -2.8856 -1.3189 0.43 -5.87 7.83 141 206 187 190 165 
5.02 -0.22 4.92 0.8500 4.6100 -2.1600 1.4867 -3.2556 -3.7822 6.51 -2.80 6.77 155 246 226 228 178 
15.34 0.58 2.45 5.4600 0.2500 -0.5700 0.8644 -0.4067 -2.7822 9.00 1.46 3.59 161 259 278 295 186 
;
