1.06 6.64 6.87 -0.0700 -0.1300 -0.1400 0.0167 0.0322 0.0033 1.13 6.77 6.99 157 276 302 313 152 
0.98 6.70 6.82 -0.1400 -0.0700 -0.1400 -0.0011 -0.0178 0.0000 1.12 6.78 6.98 157 276 299 313 150 
2.14 6.96 9.06 1.5300 0.5600 3.0400 0.5033 -0.3033 0.9933 1.65 6.93 6.73 158 274 299 315 178 
8.62 8.28 10.01 4.6000 1.8100 2.4300 0.1333 -1.5467 3.9656 6.36 5.06 5.47 161 283 191 177 155 
10.38 3.54 3.04 2.1300 1.4500 -2.3300 2.3322 0.0944 4.3711 8.75 0.88 4.32 120 320 165 169 144 
7.08 1.66 0.92 -1.6300 1.6600 -4.4300 3.5389 1.3511 1.4722 7.81 0.27 5.91 113 355 168 168 144 
2.36 2.38 2.73 -4.2100 1.1100 -4.0200 1.8111 1.2833 -0.4000 6.31 2.43 7.10 130 373 173 171 151 
3.30 4.90 7.32 -1.3400 0.8100 -0.9100 -0.4411 -0.2189 -0.3178 5.89 2.90 7.27 130 376 177 180 156 
6.37 3.88 6.46 -0.1900 1.0800 -1.5200 -1.0044 0.0056 -0.4078 5.77 2.25 7.59 133 371 161 183 157 
6.29 2.04 6.63 0.5900 0.3000 -1.5800 -1.5822 0.5233 -1.0356 5.13 1.16 8.27 131 373 182 187 158 
4.86 -0.56 8.42 -0.1900 -1.1800 0.3200 -0.4656 -0.1300 -0.1078 5.03 0.33 8.41 139 378 183 189 160 
5.12 0.19 9.12 0.2200 0.1800 0.4700 -0.2078 0.0678 -0.0567 4.96 0.00 8.45 138 379 176 187 159 
4.14 -0.14 7.79 -1.1000 0.1400 -0.6400 -0.1889 -0.3233 0.2011 5.00 -0.36 8.42 139 378 184 187 161 
-0.96 0.00 4.43 -6.0200 1.7300 -3.9600 -2.8733 -0.7789 -0.7556 5.57 -2.73 7.59 128 278 231 235 175 
11.13 -9.42 -1.85 6.5500 -5.3400 -3.2800 -1.1656 -3.3111 -0.7122 8.89 -3.54 2.12 101 185 235 228 165 
19.28 -0.65 -2.29 10.2900 4.2600 -3.5500 2.8344 -0.3900 1.5189 8.92 -3.61 1.83 98 171 193 191 139 
5.91 1.46 16.25 -2.3400 5.1300 8.7100 -1.0722 0.4978 -0.3978 8.24 -3.56 3.93 97 174 194 187 136 
10.38 -1.65 -2.33 1.5300 1.8500 -6.1300 -2.4133 -0.4056 0.0144 8.39 -4.61 2.12 99 177 193 190 140 
10.08 -5.27 -3.55 2.9000 -1.9700 -6.1600 0.9578 -0.4122 -0.4900 8.68 -3.65 2.70 100 174 182 177 129 
15.42 -1.51 5.94 4.3400 0.7500 1.5000 -2.2000 1.0567 0.0944 8.94 -3.81 1.21 101 191 211 211 154 
7.48 -5.55 -0.31 -0.9500 -2.4700 -1.2900 -0.3100 1.2967 -1.0044 8.98 -3.47 1.84 136 221 204 199 147 
14.69 -5.59 4.61 7.3400 -1.4500 -1.7300 1.4033 8.0444 2.0711 4.36 -3.00 8.25 173 178 167 171 134 
-1.47 3.64 8.86 0.2500 4.3400 -1.3200 -0.0933 2.7956 3.6644 -5.59 -1.00 7.98 183 172 173 174 136 
-10.72 1.52 7.37 -5.6400 0.8700 3.8500 1.0011 0.0167 -0.0789 -5.49 1.64 7.95 184 176 175 172 136 
-3.97 1.76 7.67 0.8500 0.6400 -0.7200 -0.1033 -0.4933 -0.2278 -5.27 0.83 8.22 182 177 178 174 137 
-1.69 -0.08 4.60 3.9000 1.2600 -4.5700 0.9122 -6.1311 -0.8767 0.20 0.93 9.76 181 188 179 175 137 
;
