8.67 3.90 -2.35 0.0300 -0.1000 -0.0400 -0.0067 -0.0011 -0.0333 8.63 4.02 -2.32 162 279 277 292 188 
8.66 3.97 -2.31 0.0400 -0.0600 0.0100 -0.0056 -0.0222 -0.0100 8.62 4.04 -2.32 163 278 280 293 186 
8.70 3.94 -2.34 0.0700 -0.0600 -0.0100 -0.0089 -0.0056 -0.0056 8.62 4.04 -2.33 169 279 276 294 188 
8.73 3.98 -2.32 0.0900 -0.0200 0.0200 -0.0333 -0.0156 0.0033 8.62 4.05 -2.32 165 278 280 292 186 
8.64 3.98 -2.39 0.0400 -0.0600 -0.0200 -0.0033 0.0144 -0.0056 8.62 4.04 -2.31 164 281 281 293 185 
8.65 3.95 -2.28 0.0200 -0.0500 0.0300 -0.0044 -0.0111 -0.0033 8.63 4.04 -2.30 165 278 280 293 185 
9.33 3.84 -1.60 1.0800 -0.3400 0.8900 0.7144 0.3978 0.6300 8.78 3.70 -2.30 160 279 196 192 150 
17.36 0.75 -3.08 8.3900 -0.4100 -1.3300 2.9022 1.1178 1.7022 9.30 0.29 -3.08 119 315 171 178 139 
9.51 -2.54 -4.18 -1.0600 -1.0700 -3.2800 2.8000 2.6889 0.4233 9.62 -1.78 0.65 99 339 173 183 144 
4.11 -0.95 -0.19 -5.0500 0.6000 -3.3100 2.3567 1.3800 0.3756 8.74 -1.03 4.31 105 350 182 185 146 
5.74 3.02 4.15 -2.4200 2.8800 -1.0200 1.4644 0.7344 -0.1522 7.98 0.44 5.68 109 360 184 186 149 
7.86 1.16 5.38 0.3800 0.5700 -0.6300 -0.4667 0.3389 -0.5100 7.57 0.91 6.16 113 368 185 188 148 
7.48 1.64 5.55 -0.0900 0.9500 -0.8600 -1.0467 0.1711 -0.6000 7.40 0.76 6.37 114 372 194 195 153 
6.74 -0.23 6.37 -0.3800 -0.5100 -0.0300 -1.4856 0.6556 -0.5644 6.83 -0.07 7.02 108 378 198 198 157 
5.84 -1.27 8.89 -1.0000 -0.7900 1.3300 -0.3711 0.0922 -0.1511 6.63 -0.47 7.20 111 380 199 200 158 
6.66 -0.28 7.20 -0.2900 0.1700 0.0900 -0.1344 0.1522 0.0533 6.51 -0.63 7.29 115 386 211 200 160 
6.12 -0.54 7.33 -0.2100 0.3200 0.0800 -0.0844 0.0256 -0.0456 6.51 -0.72 7.29 117 381 202 203 161 
6.01 -0.76 7.38 -0.5400 0.0500 0.0800 -0.1756 0.0667 0.0344 6.43 -0.92 7.34 122 381 204 203 160 
0.95 -0.76 6.68 -4.9800 0.2200 -0.7900 -0.9544 0.1511 -1.4033 5.88 -1.19 7.75 121 296 206 205 159 
4.42 -2.13 4.59 0.3400 -0.2800 -1.8800 -0.5078 -0.9644 -1.6967 6.35 -1.14 7.37 124 287 212 201 161 
10.09 -1.34 7.92 2.1700 -0.6600 0.6200 -0.2800 -0.3456 -0.2189 7.23 -0.87 6.56 120 299 209 204 161 
5.38 -0.78 3.21 -2.0600 -0.6500 -3.5800 1.0078 -0.3400 -1.0456 7.44 0.47 6.36 124 311 211 205 162 
10.85 2.85 2.51 3.8300 0.4700 -3.2900 3.4067 -0.2500 0.1511 7.43 3.45 5.37 127 315 210 205 162 
13.29 11.38 13.71 4.0700 7.9900 9.2600 -0.1156 0.9744 3.3611 8.36 2.01 4.69 132 324 214 204 165 
5.00 1.24 5.80 -3.2500 1.5600 -1.2200 -2.8278 1.4600 1.8244 6.57 -2.91 6.66 133 322 210 202 163 
-1.78 -2.47 0.54 -8.0300 1.8400 -5.4800 -1.2811 -0.2156 -2.7544 6.89 -3.68 5.91 132 333 211 206 164 
8.07 1.17 -1.04 1.7100 2.0400 -6.6700 2.6233 -0.5100 -2.9467 7.70 1.43 5.89 131 330 213 206 164 
13.64 7.21 6.76 6.2500 3.0600 2.9500 2.7078 -0.1211 0.2822 7.59 4.88 3.81 137 328 219 205 167 
9.20 7.71 8.00 -0.4000 2.6400 3.7100 -0.0167 -0.2811 2.6833 8.71 3.03 3.30 142 322 217 208 164 
6.24 1.24 2.33 -1.8000 -0.1800 -1.0800 -0.6400 0.4433 0.0144 8.96 1.49 3.68 144 318 220 207 166 
11.56 3.31 7.26 2.8600 2.4300 2.2400 -2.8289 0.6989 1.2156 8.55 -0.61 4.75 161 291 312 318 189 
8.99 -0.70 4.35 1.8600 4.2100 1.1900 -3.6067 2.5933 2.3733 5.88 -5.57 5.51 165 313 331 351 192 
1.23 -7.51 -1.85 -2.5800 0.4500 -6.2100 -2.0867 2.1933 1.6278 1.90 -8.88 3.69 168 329 331 356 191 
-2.38 -8.38 -5.56 -4.0100 0.9000 -9.0000 3.2833 -0.4367 -1.3189 2.16 -7.89 5.39 168 336 334 357 193 
11.34 5.42 10.04 8.3700 9.7100 6.7000 4.8778 -1.5167 -1.2222 5.67 -0.98 7.94 171 341 337 359 194 
9.78 3.59 12.14 4.1000 6.0900 2.9400 -5.2344 1.9256 1.6400 4.10 -5.14 7.26 173 336 333 355 195 
-2.67 -8.31 -5.70 -5.6500 -0.7300 -10.8000 -1.7556 0.1778 1.6878 0.66 -8.90 4.05 167 338 330 359 196 
-1.88 -3.59 -2.93 -2.4000 5.1600 -8.0400 5.0544 -2.1600 -2.3700 3.43 -5.37 7.45 176 335 329 357 194 
10.80 3.54 22.82 5.9400 4.8800 14.0500 -2.0122 -0.0389 0.5544 5.06 -2.53 8.00 173 338 329 360 192 
3.32 -3.08 3.06 -0.7400 3.0600 -3.7300 -3.7211 0.8278 1.7844 2.81 -7.72 5.34 171 335 328 357 192 
-1.96 -9.16 -2.11 -3.6500 -0.4900 -4.8400 -0.2400 -0.0244 -0.2333 1.68 -9.16 3.06 178 337 325 352 196 
1.21 -6.26 0.96 -1.7900 2.8300 -2.4400 0.9344 -0.4044 -2.5233 4.24 -7.97 3.82 171 296 306 274 189 
;
