-0.48 1.31 9.77 -0.0800 -0.0400 0.0200 -0.0778 0.0222 0.0756 -0.22 1.33 9.71 182 375 357 398 213 
-0.32 1.28 9.66 0.0200 -0.1000 0.2400 -0.0578 0.0100 0.0122 -0.28 1.28 9.71 183 376 359 399 214 
-2.63 1.04 12.56 -0.2300 -0.0200 3.8500 -1.2111 -2.9278 0.2744 2.35 0.30 9.51 164 302 219 228 207 
12.59 -1.44 9.48 6.8400 -2.5900 -0.1700 3.2211 -3.5689 4.6333 6.90 -2.01 6.66 112 296 153 177 167 
8.23 3.49 2.98 -0.1400 5.6900 -1.5500 5.5711 -1.1022 2.3611 8.19 -1.60 5.13 108 355 157 183 169 
4.58 3.69 5.22 -2.4200 3.9700 -0.7200 1.2356 0.7433 0.8056 7.43 -0.80 6.34 114 375 166 187 173 
5.37 0.54 6.10 -0.3200 1.4200 -0.2100 -0.8411 -0.1344 -0.3478 7.33 -1.09 6.41 117 380 170 191 174 
7.91 -0.37 5.33 0.8900 1.1500 -1.3600 -1.2933 0.4589 -0.1133 6.97 -2.07 6.57 114 392 179 192 175 
6.08 -4.41 8.68 -0.6300 -1.8700 2.0800 -0.1978 0.0189 -0.0111 6.72 -2.40 6.71 120 399 170 193 176 
3.61 -0.50 4.75 -4.3700 2.4200 -1.8600 -0.8678 -0.5567 -0.0056 7.03 -2.94 6.16 132 381 183 192 179 
8.75 -0.50 4.47 0.0300 0.8500 -2.0700 -3.5056 3.4133 -2.2156 6.07 -3.59 6.80 171 202 188 201 179 
11.42 -7.25 11.11 5.9900 -4.5900 3.3000 0.1189 1.0111 0.0878 5.06 -3.78 7.49 181 166 198 208 180 
5.93 -4.52 6.97 3.9800 -0.4000 -4.0800 1.9100 7.1056 4.2433 -3.56 -1.79 8.96 189 154 195 207 179 
-11.46 6.97 6.51 -4.2200 4.5700 -1.3400 0.0511 0.7856 0.4711 -6.57 1.81 7.04 192 162 186 209 181 
-5.48 2.68 8.69 0.6900 1.0500 1.3700 -0.4000 -0.9733 -0.6278 -6.26 0.98 7.47 193 168 203 213 182 
;
-6.88 2.05 6.63 1.3900 2.5100 -1.4400 -1.1700 -2.4544 -2.0422 -3.98 -1.00 8.90 191 185 191 211 182 
-0.76 0.98 6.70 -0.2800 3.0900 -2.7600 0.0556 -0.0244 -6.4844 0.58 -3.10 9.28 182 246 229 238 207 
6.55 -2.02 13.51 3.7100 -0.0700 1.5400 2.2389 1.0956 -2.9600 0.24 -0.35 9.79 187 354 343 384 214 
0.05 -0.26 9.29 -2.9600 0.2100 1.5700 -0.0667 -0.2900 -0.0633 0.50 -0.32 9.78 184 356 351 391 213 
1.27 -3.22 19.37 5.5200 0.2300 12.7200 0.4700 -1.0956 2.2744 1.85 -0.19 9.62 155 273 183 208 178 
7.68 -1.31 3.96 3.1300 3.8100 -6.6700 3.7756 -3.3000 5.7478 6.05 -1.47 7.57 106 316 160 185 166 
4.32 2.78 3.49 -6.0300 2.7900 -4.1700 3.3411 0.9644 1.1522 6.99 -0.20 6.87 105 373 183 191 172 
4.43 5.23 10.64 -4.7200 2.1700 -0.5800 -0.2033 -0.5011 0.2789 6.79 -0.01 7.06 109 388 191 195 174 
7.22 1.32 6.45 0.4700 2.1500 -1.2400 -1.4578 0.8744 -0.2711 6.16 -1.14 7.53 115 392 193 196 175 
5.68 -5.09 9.56 -1.0500 -3.0000 2.0900 -0.3889 0.7011 -0.3167 5.46 -1.87 7.92 119 404 195 197 177 
5.17 -0.71 6.65 -0.7600 1.3200 -1.1600 -0.5789 -0.4678 -0.0167 5.76 -2.18 7.62 121 393 190 197 177 
3.61 -0.32 4.18 -1.1400 2.0000 -2.5900 -2.5922 1.8356 -2.5800 5.88 -3.14 7.18 147 235 192 207 179 
13.72 -7.42 10.20 6.8000 -4.5000 3.1300 -0.3667 3.8500 -0.7989 2.80 -2.91 8.93 173 156 197 191 160 
-3.61 -2.40 6.35 1.3900 0.8100 -3.4300 0.6878 3.6211 4.9589 -6.70 -1.95 6.88 186 155 192 188 162 
-9.79 3.64 6.12 -0.5200 2.7100 -0.7300 -0.2300 0.1111 -0.3367 -7.60 0.50 6.17 191 158 188 190 165 
-7.68 0.55 8.06 -0.5300 0.0700 1.2300 0.2944 -0.9844 -0.6144 -7.09 0.30 6.76 188 161 196 193 168 
-6.11 2.42 5.48 -0.1700 3.0200 -2.3800 0.0033 -4.6756 -3.1156 -3.09 -1.00 9.24 190 195 196 205 178 
1.94 0.12 9.47 1.8700 3.0100 -0.3700 -1.9200 -1.5322 -6.2122 2.18 -2.82 9.13 185 245 253 265 201 
;
