3.37 5.90 7.08 -0.0500 0.0600 -0.0100 -0.0067 -0.0133 0.0033 3.41 5.87 7.06 177 325 367 408 216 
3.36 5.91 7.04 -0.0500 0.0500 0.0200 -0.0022 -0.0022 0.0044 3.41 5.87 7.06 180 320 368 411 216 
3.40 5.90 7.08 0.0000 0.0200 0.0100 0.0000 0.0011 0.0022 3.41 5.87 7.06 176 325 367 409 214 
3.41 5.89 7.05 0.0000 0.0300 -0.0100 0.0056 0.0122 -0.0033 3.41 5.87 7.07 178 325 365 409 214 
3.39 5.89 7.06 -0.0300 0.0500 0.0000 0.0100 0.0211 -0.0044 3.40 5.87 7.07 177 323 368 408 215 
2.74 6.29 7.66 -0.6500 0.5500 0.6800 -0.5222 -0.8511 0.3367 3.79 5.66 7.04 176 308 291 327 218 
19.34 9.59 10.70 12.8500 3.1400 -0.5600 3.1056 -3.1667 6.2889 8.60 3.02 3.59 144 335 173 179 159 
7.40 1.66 -1.01 -2.5000 1.7000 -4.5500 3.7600 1.8622 2.6767 8.47 -0.89 4.84 115 359 175 185 160 
1.60 1.54 1.80 -5.4200 2.3000 -4.9100 1.5811 1.4122 0.8711 6.65 -0.39 7.19 117 377 178 192 165 
4.34 3.90 7.16 -1.8200 3.8200 0.2200 -0.2989 0.3367 -0.6233 5.68 0.34 7.97 120 402 185 208 170 
7.22 0.83 5.36 1.4100 1.3800 -3.0200 -1.6622 1.2511 -0.7122 4.61 -1.20 8.56 130 412 192 217 176 
1.64 -4.74 11.91 -2.4100 -1.9100 3.0200 -0.6044 -0.2344 -0.2544 4.36 -2.04 8.54 137 418 190 213 182 
2.84 0.66 6.49 -1.8000 3.5700 -1.4900 -1.8367 -0.1400 -0.5022 4.90 -3.34 7.80 154 340 233 253 202 
10.31 -2.45 8.71 7.3300 2.7800 3.8300 -5.2178 2.4356 -1.5767 4.26 -6.68 5.77 181 293 333 383 216 
4.79 -9.60 -3.91 1.2600 -0.7200 -6.5200 -4.1078 1.9989 2.1400 1.41 -9.68 -0.55 173 312 335 393 218 
-1.59 -8.42 -9.61 -2.2900 2.5500 -7.9800 3.1900 -0.8611 -0.2344 0.62 -9.73 0.98 176 311 338 387 219 
5.46 2.28 5.28 5.8300 10.5400 5.4200 6.9067 -0.5900 -0.3733 2.63 -4.92 8.06 177 317 331 385 216 
6.77 -1.70 17.26 3.4400 4.6300 4.6100 -5.3678 0.3556 1.3411 2.33 -7.47 5.90 179 312 338 383 217 
-1.67 -5.27 -7.86 -3.6600 2.5700 -10.6300 -2.7011 0.0678 0.7844 0.14 -9.80 -0.19 175 322 338 379 216 
-1.47 -6.94 -5.80 -1.8600 3.4700 -6.6600 7.2222 -0.4089 -1.7567 1.90 -7.65 5.82 181 319 337 388 216 
2.99 -2.19 18.27 0.9500 3.0900 9.0200 -2.5322 -0.2744 -0.4556 2.06 -6.30 7.21 179 322 335 380 215 
1.25 -6.20 -0.69 -1.4500 1.6700 -6.5100 -1.0722 -0.0533 -1.0889 2.82 -8.13 4.68 180 333 332 379 216 
;
