7.14 1.88 -6.34 0.0500 -0.0600 0.0500 0.0089 0.0067 -0.0044 7.17 1.89 -6.40 161 241 229 241 175 
7.31 1.87 -6.27 0.1100 -0.0600 0.0900 0.0044 -0.0122 0.0122 7.18 1.89 -6.40 163 240 231 240 173 
7.27 1.86 -6.27 0.1000 0.0000 0.1200 0.0078 -0.0044 -0.0078 7.18 1.89 -6.40 163 241 231 240 171 
7.20 1.81 -6.31 0.0300 -0.0200 0.1000 0.0100 -0.0022 -0.0078 7.18 1.89 -6.39 162 241 231 240 172 
7.22 1.86 -6.29 0.0700 -0.0500 0.1700 0.0067 0.0067 -0.0044 7.18 1.89 -6.39 162 238 230 237 172 
14.60 -1.01 -9.38 10.4700 -2.6000 -3.5900 3.0189 0.4033 1.8122 7.65 0.07 -6.13 4 270 182 183 151 
10.61 -2.38 -5.67 0.5900 0.5900 -5.0500 4.6322 3.3611 1.1733 9.14 -3.20 1.52 118 340 182 182 151 
2.23 0.92 0.52 -6.9600 3.4500 -3.7200 4.5300 1.7867 -0.1656 7.50 -0.42 6.30 127 368 189 186 158 
-0.01 -0.01 -0.01 -0.0100 -0.0100 -0.0100 -0.0011 -0.0011 -0.0011 -0.01 -0.01 -0.01 134 381 198 201 169 
-0.01 -0.01 -0.01 0.0000 0.0000 0.0000 0.0000 0.0000 0.0000 0.00 0.00 0.00 132 388 203 206 172 
-0.01 -0.01 -0.01 -0.0100 -0.0100 -0.0100 -0.0011 -0.0011 -0.0011 -0.01 -0.01 -0.01 172 332 321 346 192 
-0.01 -0.01 -0.01 -0.0100 -0.0100 -0.0100 -0.0011 -0.0011 -0.0011 -0.01 -0.01 -0.01 185 345 321 345 197 
;
