0.55 0.15 9.80 0.0400 -0.0200 0.0000 -0.0022 0.0033 0.0033 0.55 0.17 9.78 176 367 358 395 217 
0.62 0.18 9.76 -0.0400 0.0000 -0.0400 -0.0033 -0.0056 -0.0011 0.55 0.17 9.78 177 367 359 398 216 
0.64 -0.10 10.47 -0.7000 -0.3800 1.1900 -0.4122 -0.3056 -0.0178 0.86 -0.13 9.76 177 317 340 366 216 
9.11 -2.24 11.76 5.9100 -1.6300 1.8500 1.8344 -5.5178 4.5467 6.58 -1.04 7.19 171 316 190 194 202 
8.04 -0.49 3.51 0.2300 1.4700 -2.4900 3.0011 0.5756 2.3833 6.97 -2.11 6.56 178 333 177 178 184 
4.68 1.89 5.10 -1.2200 3.8200 -3.0900 3.3533 -0.7133 2.1467 6.38 -0.97 7.37 105 341 161 171 163 
4.10 4.44 7.33 -2.0000 3.6000 1.0500 1.5444 0.8422 -0.2800 6.31 1.36 7.37 106 372 162 172 162 
6.35 2.35 6.94 -0.0100 0.3100 -0.3200 0.1200 -0.0222 0.1900 6.35 2.12 7.16 119 381 172 173 163 
7.38 3.13 5.72 0.9200 0.7600 -1.7000 -0.5489 -0.1778 -0.0478 6.38 1.84 7.21 126 387 175 178 165 
6.54 2.12 5.51 0.0200 0.9800 -1.7700 -1.2344 0.1289 -0.4133 6.32 0.77 7.45 123 390 182 180 169 
6.41 -2.14 10.18 -0.4600 -2.5100 2.5900 -0.7300 0.1767 -0.1567 6.02 -0.11 7.73 124 395 183 180 170 
6.42 0.65 6.77 0.2300 0.8200 -0.9700 -0.4467 -0.1889 0.2511 6.10 -0.69 7.64 125 393 182 184 172 
2.79 0.86 6.33 -4.8200 1.1700 -1.6700 -2.4489 0.4267 -0.7500 6.18 -2.23 7.27 132 315 186 187 174 
9.47 -3.49 8.88 3.0000 -0.8700 2.2600 -1.1200 -0.1156 -1.7056 6.89 -2.37 6.56 131 322 189 192 176 
6.34 -1.85 4.90 -1.0700 0.6900 -1.4200 -0.1556 -0.0711 -0.6944 7.36 -1.95 6.17 136 320 188 192 179 
10.58 0.84 2.14 3.8100 1.3700 -3.1900 3.0956 0.6456 -0.8000 7.19 0.81 6.61 137 319 185 192 179 
12.46 7.39 16.75 1.7200 5.3900 9.2800 -0.1922 1.3878 3.3367 7.07 0.14 6.78 143 331 188 194 179 
-0.76 0.07 6.61 -7.1400 3.3200 -1.0500 -2.4611 1.2078 -0.5256 5.54 -3.63 7.22 143 340 187 193 177 
2.57 -0.11 -2.13 -2.1900 3.0800 -9.1700 0.1200 0.0467 -2.9500 6.44 -2.36 6.99 139 345 188 194 180 
14.41 0.58 4.43 9.2500 0.1300 -0.9700 3.1078 -0.3456 -0.3911 7.10 1.74 6.52 142 346 189 193 179 
6.16 5.47 14.15 -3.0700 4.0100 6.7200 -1.2844 -0.5144 2.5844 7.98 -0.39 5.67 144 346 193 194 179 
2.84 -0.92 4.59 -4.8500 1.1400 -0.4400 -2.9511 1.8200 -2.7556 7.61 -1.96 5.85 155 301 196 200 189 
6.46 -0.90 7.49 2.1700 0.6000 -0.1600 -1.9267 4.7667 -3.7633 3.66 -1.08 9.03 169 307 305 324 205 
2.29 0.05 9.36 2.9100 0.6700 0.1500 1.9900 2.5967 -1.9656 -0.59 0.56 9.77 181 374 338 389 209 
;
-0.27 -0.03 9.81 0.1000 -0.0300 0.0100 -0.0022 0.0000 0.0056 -0.38 0.00 9.79 170 337 343 385 213 
-0.23 -0.02 9.82 0.0500 -0.0500 -0.0100 0.0044 -0.0522 -0.0233 -0.34 0.00 9.80 171 335 343 381 214 
-0.18 -0.01 9.86 0.1700 -0.0400 -0.0100 -0.0456 -0.0633 0.0078 -0.23 -0.03 9.80 169 322 342 377 216 
1.80 -0.09 12.36 1.2400 -0.3000 2.3900 -0.9322 -2.1822 1.7133 2.10 -1.36 9.47 160 293 175 179 196 
9.40 -1.91 11.33 5.8900 1.0000 1.1000 3.8878 -3.9833 4.1967 5.92 -0.91 7.76 138 346 173 179 187 
6.86 1.37 2.98 -0.9800 2.1500 -3.3200 5.3456 -1.7844 3.6744 7.71 -0.12 6.04 122 359 175 187 188 
2.77 3.70 5.33 -4.0900 2.2200 -1.2900 1.4667 1.0489 0.4156 6.71 1.30 7.02 125 382 181 221 199 
4.22 2.73 6.01 -0.6500 1.0400 -1.4600 -0.7133 -0.0956 -0.1722 6.28 1.34 7.41 126 394 183 226 203 
6.30 2.40 5.92 -0.1600 1.0400 -1.6900 -1.1244 0.1644 0.0567 5.91 0.19 7.81 154 397 193 229 206 
6.17 -2.47 10.35 -0.1200 -1.7800 2.2200 -0.1500 0.3444 -0.2333 5.68 -0.11 7.98 158 398 200 224 206 
2.86 2.54 7.20 -4.4200 2.6300 -0.7800 -2.5589 -0.1733 -0.7122 5.77 -1.30 7.82 157 315 189 199 197 
3.43 -5.52 7.43 -0.8300 -2.7600 -0.5700 -0.8744 0.5400 -2.3611 4.60 -2.58 8.26 156 295 191 200 196 
7.89 0.65 6.22 1.9600 2.4300 -2.4800 0.0378 -0.9122 -0.5633 5.86 -1.65 7.68 153 300 194 205 197 
14.11 0.43 6.05 8.7800 0.1300 -0.7400 4.5367 -0.6022 1.5067 6.34 1.72 7.27 161 320 198 204 198 
2.96 7.55 18.45 -4.8200 5.5200 7.9300 -3.2511 1.7522 2.8611 5.50 -1.62 7.94 158 332 195 205 198 
-1.53 1.69 0.41 -5.5400 5.9500 -7.8900 -1.9133 0.5900 -2.4467 4.50 -4.39 7.52 158 332 194 204 197 
6.17 -0.93 0.64 2.7400 1.2800 -5.6900 1.6700 -0.9956 -2.7422 6.28 -1.69 7.33 157 329 197 206 199 
17.93 1.35 12.79 10.4900 1.9200 7.5900 2.9933 0.2567 2.1711 6.79 1.38 6.93 164 326 200 210 199 
3.50 1.90 6.98 -3.5300 1.3000 -1.1400 -1.1922 0.8211 0.0456 7.06 -1.00 6.72 162 307 199 211 200 
6.97 0.26 6.94 -0.6600 1.6200 0.6400 -0.3567 0.2556 -0.6189 6.90 -0.73 6.92 164 304 203 215 203 
2.21 0.91 6.71 -2.8200 1.4000 -1.9600 -2.8233 4.0644 -4.9778 4.11 -0.56 8.88 166 313 257 311 209 
2.88 1.84 11.56 4.8000 -0.6400 3.3200 1.9333 3.0322 -2.6589 -1.04 1.13 9.68 183 365 333 378 210 
4.33 2.44 10.25 0.5900 1.3800 1.0000 -0.4200 0.4444 -0.3111 -0.84 0.82 9.73 180 374 349 388 213 
;
