2.68 -0.28 9.80 0.3500 -0.7800 0.1600 0.1078 -0.0356 -0.0856 2.44 0.37 9.48 172 318 348 377 216 
2.04 0.43 9.46 -0.2200 -0.0500 -0.0800 -0.0833 -0.0478 0.0911 2.39 0.47 9.49 174 322 342 377 208 
2.47 -0.16 9.80 -0.0700 -0.4900 0.4400 0.2967 0.0833 -0.1100 2.39 0.55 9.49 184 309 348 382 215 
3.97 4.40 9.28 0.7800 5.5600 -0.5500 2.1933 -2.5622 2.4022 4.70 1.68 8.43 196 351 346 409 217 
12.37 -1.80 5.24 0.5700 -1.6200 -0.6800 3.8833 -11.5933 9.2789 9.30 -3.04 -0.55 191 342 314 403 223 
1.71 -4.48 5.63 -1.3100 3.8800 10.5100 -1.7856 -1.6811 2.6122 3.36 -7.98 -4.59 193 311 330 398 227 
1.74 2.90 -11.87 0.0900 10.4300 -8.3400 -5.2733 0.4322 -1.5278 3.75 -1.79 -8.88 187 310 323 402 226 
3.84 -4.46 -3.55 0.1300 -0.2700 3.9400 0.0800 -0.0344 0.0989 4.03 -3.45 -8.24 188 318 324 407 226 
4.39 -4.04 -7.79 0.3600 -1.0300 0.9100 -0.0211 0.3811 -0.2922 4.28 -3.04 -8.27 185 318 329 403 228 
3.03 -2.76 -7.79 -0.8200 -0.0100 0.2200 -0.3733 -0.0300 -0.2267 4.46 -2.90 -8.23 183 309 320 390 225 
5.15 -2.63 -5.98 -1.3100 2.2800 1.9900 1.5611 1.2833 0.0678 5.70 -3.86 -6.97 113 221 201 205 151 
5.19 -3.65 -8.53 0.8200 -0.6900 -1.2500 -0.9289 -0.9800 -0.2911 4.52 -2.92 -8.19 109 222 202 209 153 
8.57 -8.02 -14.72 5.6300 -6.0700 -8.4900 0.5467 0.2011 0.3478 4.40 -2.91 -8.26 156 267 263 302 208 
8.83 -5.16 -13.63 -0.4300 0.6700 -4.3700 7.1122 2.5578 1.9900 3.71 -8.29 -3.67 195 373 351 388 218 
-0.06 0.25 0.61 -4.0200 9.6100 -1.4700 0.2056 1.1411 -0.3467 3.34 -9.14 1.16 204 399 364 395 216 
0.07 -2.58 1.93 -3.5900 6.0100 1.4800 -0.2322 -0.0267 -0.5478 4.16 -8.80 1.14 202 389 360 386 217 
2.43 -4.38 0.21 -2.0600 3.3200 0.6000 -1.9289 -0.0167 -2.5311 6.35 -7.39 -1.03 197 325 331 338 216 
;
