2.02 2.82 9.07 -0.0200 -0.1600 0.0000 -0.0089 -0.0078 -0.0022 2.17 2.98 9.08 167 341 330 353 208 
2.07 2.80 9.12 0.0300 -0.0900 0.2500 0.0400 -0.0211 0.0100 2.16 2.97 9.08 167 340 329 352 206 
2.07 2.79 9.03 -0.1100 -0.1800 -0.0500 0.0033 0.0056 0.0011 2.16 2.96 9.09 169 342 331 354 206 
2.05 2.82 9.04 -0.0700 -0.1600 -0.0100 0.0111 0.0122 0.0011 2.15 2.95 9.09 171 338 329 352 208 
3.96 6.43 15.73 2.4600 5.3000 11.0400 -1.4367 -3.0922 0.2633 4.17 2.13 8.61 167 272 203 189 205 
16.08 1.62 3.60 1.0000 1.4600 -0.8900 4.5222 0.5644 5.6156 7.90 -3.66 4.49 107 321 132 143 153 
3.65 2.93 0.86 -2.1400 6.6000 -2.3500 4.7378 0.3289 0.3067 7.39 -1.43 6.28 106 336 132 150 162 
6.12 3.23 4.80 -0.9900 4.0900 0.4100 0.1433 0.1411 -0.5267 6.97 0.25 6.88 104 360 158 163 165 
8.58 2.36 5.28 1.7500 1.8900 -1.8600 -1.9578 1.5089 -1.7333 5.93 0.05 7.80 108 361 157 166 165 
5.06 -2.83 9.27 0.0200 -2.2800 1.7000 -0.9911 0.2267 -0.2922 5.24 -0.92 8.23 113 369 165 170 169 
4.31 -0.88 8.44 -0.3100 0.7800 -0.0600 -0.2211 -0.1522 0.0678 5.10 -1.34 8.26 115 374 161 171 165 
5.08 -1.05 8.34 -0.2400 0.3900 0.1000 -0.1978 -0.1789 0.2167 5.16 -1.71 8.15 111 375 168 171 169 
5.56 -1.76 7.98 0.5000 0.4600 0.1600 -0.3567 0.0544 0.1378 5.16 -2.19 8.04 115 373 167 177 170 
0.41 0.58 6.43 -5.0500 3.6000 -2.0500 -4.3500 0.4044 -0.3544 4.41 -4.94 7.22 154 224 189 194 194 
1.63 -4.75 -5.08 -0.7800 3.7300 -4.0200 -5.5622 -7.4400 0.5356 4.97 -6.77 -5.04 165 208 186 213 201 
8.34 -4.07 -16.70 6.0800 -0.8200 -7.8600 -1.7267 -0.4589 -0.1711 3.67 -2.23 -8.81 173 236 195 241 212 
7.97 -5.53 -14.06 5.2200 -2.9500 -7.0300 0.1044 1.9544 0.0689 4.59 -2.23 -8.37 177 242 210 247 216 
7.40 0.20 -9.69 -3.4500 4.0800 -1.5400 8.5533 1.6556 1.6989 3.60 -8.40 -3.54 188 337 251 290 211 
0.42 -1.48 -0.87 -1.9300 6.0900 1.1200 0.1300 0.5200 -0.2767 3.60 -9.02 -1.33 185 346 277 288 211 
5.18 -7.92 -0.92 1.6000 0.8400 0.4000 -0.3333 0.1567 -0.2967 4.20 -8.71 -1.56 187 336 267 288 208 
4.53 -5.40 -2.22 0.2000 1.8100 -0.5300 -1.5256 3.5000 -1.3100 6.04 -7.55 -1.60 152 230 185 186 177 
9.62 -6.80 4.65 -0.9700 -2.9700 1.4600 4.3167 4.4067 -2.1967 7.17 -2.93 6.00 131 289 163 160 142 
6.27 0.10 5.96 -0.7700 1.2100 -1.7300 1.5289 0.1467 -1.1978 6.94 0.38 6.91 134 305 165 171 141 
10.88 4.13 1.93 6.0100 2.7400 -3.4700 4.1122 0.3922 0.5844 6.29 3.87 6.43 149 309 169 175 149 
9.12 11.31 16.97 -0.4900 6.5000 8.3500 -1.5033 1.4822 4.0389 6.74 0.93 7.05 148 304 170 178 148 
-1.85 2.59 4.97 -8.3000 5.9100 -3.6900 -2.8722 0.2811 0.5922 5.50 -3.90 7.11 153 302 163 175 145 
0.17 -1.01 -3.94 -3.9200 3.6400 -9.5700 0.1078 -0.4922 -4.6233 7.40 -2.28 6.01 151 302 172 179 147 
18.87 5.48 4.22 10.6800 3.7400 -0.9900 3.2656 -0.7278 -0.2711 8.12 2.60 4.84 153 297 173 179 151 
6.80 4.81 10.93 -2.8300 2.6600 6.2500 -0.2811 -0.3189 1.3567 8.90 1.34 3.87 157 296 175 182 154 
8.03 4.53 6.26 0.4500 4.1700 1.2700 -6.9322 1.7433 -2.4489 8.19 -0.17 5.38 163 258 201 218 184 
;
