2.92 0.59 9.32 0.0900 0.0400 0.3700 0.0056 0.0622 -0.0600 2.88 0.59 9.35 180 293 310 323 216 
2.89 0.67 9.15 -0.0700 -0.0900 -0.1600 0.2322 0.0167 0.0689 2.96 0.89 9.30 180 303 307 325 219 
2.99 1.03 9.25 0.0000 -0.0200 -0.0900 0.0600 -0.0222 0.0033 2.96 1.05 9.28 176 304 308 327 220 
3.07 1.17 9.59 0.3600 0.3000 1.1900 0.1422 0.0211 -0.1678 2.94 1.19 9.27 178 285 237 274 217 
11.29 -3.75 15.65 11.1900 -5.9600 3.3900 3.8500 -6.0133 8.1389 6.61 0.00 7.24 142 306 151 150 174 
6.30 3.48 -0.17 -2.7300 3.1900 -7.0800 6.5022 0.0056 4.0956 6.92 0.50 6.92 127 339 135 160 177 
2.14 4.33 3.51 -4.0700 2.4000 -5.1400 1.0633 1.2344 1.9478 6.19 1.60 7.43 112 346 137 162 174 
6.54 4.20 7.35 2.2300 2.4900 -2.0400 -0.5100 0.0011 -0.4511 5.68 1.48 7.84 117 355 152 169 178 
5.92 0.79 6.73 1.1000 0.0000 -2.0200 -2.5967 0.6889 -1.1133 4.58 -0.04 8.66 135 366 156 183 184 
3.30 -1.64 10.63 -0.7500 -0.1500 1.4400 -0.4711 0.0244 -0.3389 4.57 -0.65 8.64 138 377 165 185 186 
4.67 -1.70 7.55 0.0200 -0.6100 -0.4700 -0.0111 0.0411 0.1322 4.54 -0.95 8.63 136 376 164 188 188 
4.83 -0.87 8.17 0.2000 0.1000 -0.5800 -0.2500 -0.1400 0.0689 4.65 -1.29 8.53 141 367 168 187 185 
0.20 0.03 6.23 -5.1200 1.3900 -2.6300 -2.0100 -1.2756 0.3956 5.09 -3.11 7.77 151 288 169 189 187 
9.17 -11.33 11.86 4.1300 -7.4500 5.0700 0.1644 0.9456 -0.7811 4.98 -3.44 7.71 157 199 145 164 168 
9.07 0.39 5.26 4.5600 2.0800 -4.3000 2.7189 2.2133 0.1544 3.16 -0.16 9.28 158 207 140 159 167 
0.06 6.34 6.23 -2.3400 4.7100 -2.8200 1.3556 1.5267 0.8622 0.82 2.27 9.50 159 179 151 160 172 
2.89 4.46 9.43 4.5500 2.3000 -0.0400 -1.4556 -0.4067 -0.2778 0.24 1.03 9.74 143 147 143 169 176 
4.03 -0.79 9.48 5.1200 0.1700 -0.8500 -3.0467 2.9811 -1.8011 -1.67 -2.91 9.21 121 156 137 171 177 
-5.53 -6.99 7.79 -1.5300 -1.4200 -0.0500 -0.1600 0.2300 -0.2667 -2.78 -4.34 8.33 118 154 149 170 174 
-7.29 -1.75 5.93 -7.5800 4.0300 -5.3500 -0.7511 -4.6289 0.1033 -0.53 -4.76 8.55 150 167 161 180 192 
2.13 -1.03 -3.39 -0.7700 4.6000 -7.5900 -7.1733 -8.6944 1.6111 6.50 -6.59 -3.21 169 234 232 274 211 
5.52 -3.82 -21.93 3.0200 -3.2400 -12.0000 -2.8989 -0.2267 -0.5933 3.59 -0.91 -9.07 170 235 243 290 216 
7.72 -4.33 -16.82 6.1200 -5.3300 -7.8800 1.7956 -0.0078 0.6300 3.08 -1.29 -9.21 177 253 250 304 221 
1.47 -2.11 -10.93 -2.4100 4.2800 -0.7500 5.3211 1.4811 1.0111 2.78 -7.26 -5.96 187 328 266 310 212 
1.65 -1.33 -0.63 -1.6100 6.3700 3.0000 0.5322 0.4578 -0.1256 3.68 -8.63 -2.83 191 337 267 314 214 
2.38 -3.60 -0.62 -1.5400 5.4200 2.3000 -0.7156 0.6700 -1.2700 4.76 -7.96 -3.17 191 281 257 313 212 
7.33 -4.78 -1.83 0.2800 0.4200 0.4600 -2.9444 6.2044 -3.2356 8.94 -4.01 0.23 174 250 246 286 206 
11.77 -3.94 8.70 4.2200 -2.0000 1.4300 1.0700 8.3922 -1.9589 3.37 -0.66 9.18 175 306 249 279 197 
-0.69 0.05 13.25 0.3800 0.4400 -0.1400 0.7233 -0.4644 -0.3156 1.62 0.49 9.65 163 341 274 300 194 
;
