3.07 -1.71 9.05 0.0400 -0.0100 -0.0600 -0.0111 0.0011 0.0033 3.04 -1.67 9.16 155 290 307 301 192 
3.18 -1.69 9.19 0.0400 -0.0700 -0.0500 -0.0011 0.0033 -0.0067 3.04 -1.68 9.16 154 289 309 295 194 
3.15 -1.70 9.09 0.0700 -0.0500 0.0000 -0.0122 0.0000 -0.0044 3.04 -1.68 9.16 157 290 309 298 191 
3.11 -1.71 9.11 0.0800 -0.0200 -0.0500 -0.0056 -0.0011 0.0033 3.04 -1.68 9.16 156 292 306 295 192 
2.78 -1.90 9.28 -0.1700 -0.1800 0.1700 0.1778 -0.1056 -0.0456 3.11 -1.54 9.16 158 272 307 288 193 
6.92 -0.94 14.87 3.4000 -5.5500 3.4700 1.4367 -5.4578 2.3533 6.59 -0.89 7.19 132 297 145 153 162 
13.34 0.96 -0.79 1.7600 3.0400 -4.9000 6.2556 -1.0111 4.5844 8.33 -2.77 4.35 115 343 146 153 157 
0.90 2.20 1.94 -5.9100 4.6900 -3.4400 4.7644 0.3322 0.6878 7.14 -0.41 6.70 119 355 154 169 165 
4.74 6.17 8.40 -2.7400 2.5300 -0.6800 0.0411 -0.1256 -0.1222 6.76 0.48 7.07 114 365 141 169 164 
7.45 1.91 7.09 0.9900 1.4500 -0.5400 -1.2756 0.8456 -1.2278 6.00 0.36 7.74 111 367 161 180 172 
5.10 -0.93 7.03 0.5100 -1.4300 -2.3200 -1.8344 -0.1278 -0.6644 5.37 -1.03 8.13 135 386 182 186 174 
2.10 -0.82 10.42 -1.5600 2.3600 2.0300 -0.2567 -0.2522 0.1822 4.79 -1.47 8.42 141 386 195 197 181 
-0.35 -4.41 1.97 -4.9000 -1.8400 -6.5200 -1.8522 0.7289 -3.0522 5.42 -2.60 7.74 160 233 177 179 154 
11.89 6.07 4.05 9.7400 9.7500 0.2000 7.6433 0.3800 1.3267 3.32 4.34 8.13 179 167 152 149 145 
7.32 15.58 16.16 0.1400 9.3300 6.5200 -2.4167 -2.2633 5.8478 7.93 1.54 5.55 187 152 157 148 154 
-1.90 -1.36 3.45 -11.7200 2.3800 0.4200 -2.1844 -2.3056 1.4322 8.36 -4.72 1.94 189 163 154 163 152 
7.84 4.33 -3.32 9.0400 6.9000 -6.7100 -2.3789 2.1756 -5.3678 9.76 0.75 0.40 187 161 151 166 154 
9.24 0.83 2.49 -2.4700 0.7600 1.9200 -0.0844 0.4300 0.6044 9.78 0.03 0.63 191 166 141 166 154 
9.05 1.04 0.79 -0.4100 1.1500 0.1300 -0.3256 0.0044 -0.0044 9.76 -0.08 0.89 188 169 154 167 157 
10.19 0.64 0.29 0.2400 0.8900 -0.2600 -0.4844 -0.4133 0.3444 9.79 -0.42 0.35 189 178 165 170 158 
16.57 -0.50 -0.89 9.7500 0.9400 -1.3300 -3.3200 3.4867 2.7333 9.09 -3.14 1.87 134 206 192 202 183 
7.19 -2.68 0.41 0.0100 5.7800 -2.7500 -2.7878 1.5800 5.1556 3.40 -9.09 1.35 117 210 207 213 190 
-5.89 -6.35 -0.58 -4.0900 3.1500 -0.2100 -0.2300 0.3644 1.1044 -0.96 -9.75 0.13 113 180 190 207 188 
-2.38 -9.63 -0.32 -1.6800 0.2200 -0.0700 -0.6022 -2.9067 -1.5222 -0.25 -9.75 -0.95 113 196 199 210 185 
1.31 -7.22 -5.03 -0.0500 2.1300 -3.6700 -0.3411 -6.5844 -3.7178 3.06 -8.80 -3.04 109 188 187 206 183 
6.24 -4.78 -7.34 3.8200 2.3100 -1.7200 0.7444 -2.7444 -2.5656 4.41 -7.30 -4.83 110 187 187 211 184 
5.50 -6.22 -4.18 0.3700 1.3400 0.4000 -0.0244 -0.0778 0.0822 4.39 -7.34 -4.78 109 193 197 218 184 
8.56 -4.50 -1.89 3.2500 3.2200 2.5500 -1.0089 4.5956 0.4644 5.75 -7.08 -3.59 137 209 217 231 190 
;
