3.08 7.26 6.11 0.3300 0.3300 -0.2700 -0.0111 -0.1367 -0.0244 2.89 6.88 6.35 157 252 209 227 147 
2.55 7.11 6.73 -0.4800 0.2100 0.3200 -0.0356 0.0300 0.0044 2.81 6.87 6.40 161 250 207 226 146 
3.14 6.79 6.02 0.2000 -0.0300 -0.3000 0.0178 0.0100 0.0300 2.91 6.88 6.35 155 249 209 224 147 
5.94 9.15 8.88 2.1100 2.6300 3.6800 0.1056 -3.2822 1.6389 6.09 6.11 4.65 0 259 204 215 147 
13.82 5.40 3.57 4.2500 1.1100 0.4000 1.6167 -0.1756 3.4144 9.45 2.11 1.51 124 327 187 197 133 
8.86 0.41 -0.14 -0.8600 0.1900 -2.7700 1.7489 1.7311 1.6533 9.23 -0.46 3.27 120 348 188 199 136 
4.66 0.58 1.50 -4.7300 0.7400 -3.0800 1.2956 1.1289 0.7622 8.17 -0.96 5.32 115 360 190 198 138 
5.49 1.60 6.32 -1.3900 2.3000 1.1500 -0.5667 0.4356 -0.4256 7.63 -0.31 6.14 117 368 190 198 140 
8.38 1.41 6.25 0.9500 1.8300 -0.1500 -1.3956 0.9044 -0.9978 7.24 -0.35 6.60 121 363 196 211 144 
6.23 -1.11 6.28 -0.9600 -0.1500 -0.9100 -0.9822 0.1078 -0.2289 6.86 -1.17 6.90 125 369 202 215 149 
6.54 -2.48 8.32 -0.5300 -0.9700 1.3000 -0.4356 0.3856 -0.1967 6.54 -1.61 7.11 122 378 206 216 150 
6.68 -1.02 6.68 0.1800 0.7400 -0.4200 -0.0578 -0.0022 0.1000 6.51 -1.78 7.11 128 375 201 216 150 
5.87 -0.23 6.63 -1.7700 2.1700 -0.8500 -0.8867 -0.2467 0.4289 6.57 -2.59 6.79 139 366 204 219 156 
2.80 -3.41 3.08 -3.4100 0.9300 -2.1400 -2.2367 -2.9033 1.1444 7.58 -4.99 3.69 157 274 267 271 177 
8.24 -9.28 -2.19 2.2700 -3.4600 -2.1100 -2.2911 -4.0689 1.6889 6.46 -6.89 -2.61 176 283 303 311 193 
6.34 -7.37 -6.18 1.8500 0.2700 0.3500 -3.4678 -1.9689 0.7156 2.62 -4.75 -8.16 177 275 307 320 196 
3.13 -0.83 -13.72 0.4300 1.3000 -4.0100 -0.5578 0.1589 0.0733 2.36 -1.85 -9.33 176 282 312 329 196 
3.00 -1.96 -8.76 0.6400 0.2000 0.5000 0.0778 0.2111 0.0056 2.50 -2.03 -9.26 178 285 317 329 198 
2.47 -1.99 -8.70 -0.2000 0.0100 0.5200 -0.0756 0.0800 0.0544 2.67 -2.01 -9.21 179 288 315 331 123 
2.72 -1.80 -8.88 0.0100 0.2300 0.3600 0.0111 0.0100 -0.0589 2.67 -2.01 -9.21 176 285 313 329 198 
2.11 -2.07 -8.70 -1.1800 0.2300 0.5400 0.3056 1.0256 -0.7444 3.58 -2.08 -8.88 106 253 288 295 197 
3.13 -4.30 -11.73 -1.7700 -3.0800 -6.4200 2.5956 2.8133 -2.1467 7.01 -2.75 -6.27 92 171 200 201 142 
8.79 0.25 -4.35 0.8300 4.8700 -1.3300 3.5589 2.4211 -0.1144 9.28 -3.08 -0.67 97 169 186 186 131 
5.72 5.04 13.25 -6.1500 8.9700 24.1900 -1.5156 1.5533 -0.0456 8.84 -3.17 2.79 99 174 192 191 132 
11.75 -0.53 -0.87 3.7800 2.4500 -4.6000 -2.6144 0.5678 0.5689 8.63 -4.50 1.15 100 178 195 193 121 
5.03 -7.95 -4.78 -4.8200 -2.8700 -5.1700 2.6044 -0.3133 -0.1278 8.27 -4.83 2.08 104 175 178 187 107 
9.38 -2.39 5.65 -0.1500 2.1300 3.9900 -2.3689 -0.3222 0.0133 8.59 -4.70 0.36 103 184 202 200 130 
6.51 -1.68 -3.45 -2.1500 1.5900 -2.4600 -2.5000 1.7967 -3.0256 9.67 -1.46 -0.70 108 190 206 208 152 
8.94 1.77 -2.05 0.0500 0.7400 -1.2300 0.7900 -1.4367 -3.1800 9.21 3.00 -1.47 116 204 227 238 167 
;
