3.03 1.39 9.17 -0.0500 -0.1900 -0.1800 -0.0167 0.0956 -0.1289 3.04 1.45 9.20 181 336 296 313 184 
2.94 1.37 8.98 -0.0400 -0.1200 0.0000 -0.0500 0.0333 -0.0167 2.97 1.43 9.23 182 334 293 308 186 
2.99 1.39 9.23 -0.0200 -0.0300 0.0000 -0.0389 0.1156 0.0256 2.92 1.40 9.25 183 334 296 314 187 
2.99 1.50 9.53 0.1800 0.2000 0.4400 0.0356 0.0300 -0.0433 2.91 1.44 9.24 187 336 296 310 187 
5.81 6.22 20.63 -0.7300 1.1200 1.5700 -0.1022 -8.0422 5.7044 7.29 -0.29 6.54 170 237 175 170 158 
2.70 0.24 2.62 -3.2000 7.1900 1.7700 3.1522 -1.3844 5.8822 3.44 -8.58 3.25 132 260 150 163 142 
3.26 -9.66 1.77 2.6300 -2.3800 -3.7200 1.1156 0.4056 -0.1789 2.31 -8.21 4.83 118 271 140 165 146 
0.02 -2.35 5.04 -1.6200 4.6100 -1.6900 3.5411 0.7433 0.6611 0.79 -4.80 8.51 124 278 135 167 150 
-1.64 5.06 12.27 -1.3300 8.8400 2.1200 -3.5500 -0.0267 -1.2011 0.85 -5.79 7.86 112 268 157 172 150 
5.42 -11.32 -0.02 4.1400 -6.0100 -8.3100 -4.4333 -0.0667 -0.0589 2.19 -9.17 2.68 115 256 163 168 148 
0.90 -7.91 4.70 -0.9600 1.3800 1.4400 0.4467 0.2033 -0.3144 2.04 -8.93 3.49 120 262 164 176 152 
2.92 -7.61 3.87 0.5000 0.9700 0.4100 -0.5400 -0.0544 -0.2311 2.55 -8.92 3.15 123 268 168 179 154 
-0.18 -10.59 2.63 -5.0000 -3.9000 -1.2000 -1.4100 -0.5022 -1.3367 3.73 -8.89 1.76 164 267 194 215 186 
7.32 -9.42 -0.04 3.1100 -0.1900 -2.6700 2.7278 -0.9600 -2.3033 7.07 -5.82 3.48 173 291 248 255 202 
8.14 0.23 1.86 0.9000 5.1800 -2.8800 3.3522 0.6733 -0.0367 7.33 -2.30 6.08 181 333 275 300 207 
4.18 3.21 7.59 -2.6200 4.8800 0.6600 0.6489 0.0767 0.3233 6.85 -1.32 6.88 185 339 286 310 210 
8.56 4.81 7.70 1.4300 6.3500 1.1200 -2.3900 -0.2467 -0.6311 7.20 -2.17 6.28 178 281 264 316 211 
8.93 -0.67 -1.30 3.3200 2.8200 -6.7200 -3.3522 -0.3767 1.9000 7.20 -5.90 3.08 147 251 232 299 208 
-0.55 -16.14 0.07 -3.1400 -6.5000 -1.3600 -0.2978 0.6889 -0.5000 5.95 -7.44 2.30 148 264 245 301 211 
7.33 -5.73 2.94 1.3400 1.6500 0.7400 -0.2033 0.1389 0.2944 6.05 -7.35 2.32 150 266 259 305 213 
5.93 -6.80 2.35 0.3100 0.5900 0.0300 -0.2911 0.0467 0.2044 5.64 -7.71 2.17 148 271 263 307 210 
4.16 -5.95 2.70 -1.9100 2.2600 0.7800 -0.9311 1.0089 0.7689 5.24 -8.08 1.82 124 246 229 254 201 
1.28 -8.45 -3.02 -2.1200 -1.3000 -5.0200 1.2589 -0.7489 -3.2189 7.62 -5.85 1.92 94 182 204 205 173 
17.73 -0.64 -0.49 8.7300 3.9200 -4.2800 3.2556 -1.6033 0.0800 8.77 -3.41 2.72 95 165 172 171 136 
10.26 5.92 9.53 -2.8900 12.5200 18.6700 0.7000 1.0900 0.5600 7.64 -3.66 4.93 92 163 173 172 136 
10.17 1.49 4.89 3.1600 5.4000 -1.1400 -2.8533 -0.1356 -1.0533 8.07 -4.21 3.63 100 168 177 175 136 
10.95 -6.31 -5.46 5.4900 -1.7900 -9.6400 1.0778 1.2133 2.0178 7.02 -5.34 4.26 98 174 170 172 137 
17.15 -4.24 8.28 5.3400 0.2200 4.4300 -1.5122 2.0989 -0.0778 7.23 -5.35 3.89 99 177 182 185 147 
2.07 -5.44 3.22 -4.9900 0.9800 -0.8400 -2.8244 1.6178 -2.5478 7.48 -5.06 3.81 142 226 226 247 184 
10.31 -1.39 4.46 5.9200 3.1600 2.2500 -1.5678 4.6778 -1.9189 6.29 -3.58 6.61 171 291 260 274 191 
;
