3.34 -3.78 8.42 0.0600 0.0200 0.0000 -0.0011 0.0011 -0.0011 3.31 -3.78 8.41 160 259 265 295 198 
3.32 -3.73 8.41 0.0800 0.0200 0.0400 -0.0011 0.0044 0.0044 3.31 -3.78 8.41 157 253 271 292 197 
3.34 -3.78 8.40 0.0500 0.0100 -0.0800 -0.0044 0.0011 -0.0011 3.31 -3.78 8.41 155 257 266 292 200 
3.40 -3.79 8.46 0.0800 -0.0400 0.0900 0.0489 0.0111 0.0022 3.30 -3.75 8.43 156 256 269 293 200 
6.22 -0.29 17.45 4.2900 -1.7800 7.6300 -1.1967 -5.3322 0.7100 6.25 -4.04 6.37 151 228 179 177 172 
11.40 -1.93 -1.64 2.8500 2.0300 -2.9200 5.9144 -8.0789 4.5678 5.15 -8.18 -1.61 125 258 144 156 143 
-1.41 -4.80 5.97 -3.1400 4.0800 4.0300 0.5444 -0.0433 1.0444 1.84 -9.51 1.52 102 251 148 166 142 
3.23 -12.11 -2.74 1.6500 -3.1100 -5.5600 1.0278 0.0189 0.0278 1.72 -9.42 2.09 100 263 148 163 141 
0.67 -5.70 2.50 -0.1000 4.3800 -0.5100 3.9078 0.2733 0.2911 1.22 -6.88 6.87 102 268 148 168 151 
-0.39 2.35 16.12 -1.8800 7.3600 6.1200 -2.4433 0.3900 -0.5478 1.07 -6.73 7.04 107 266 158 167 147 
1.49 -5.09 3.22 0.3600 2.6100 -1.3900 -4.6044 0.1689 -1.2189 2.37 -9.37 1.62 106 262 158 174 152 
4.97 -12.23 -6.12 1.6700 -2.4600 -4.3100 0.6533 0.6411 -0.2411 2.91 -9.35 -0.34 110 270 165 171 158 
3.32 -8.13 1.32 0.3200 1.1400 1.1500 -0.4089 0.8933 -0.6811 3.71 -9.07 0.05 113 269 160 181 162 
6.87 -7.93 -7.06 0.0700 -0.0200 -8.8500 -2.1933 14.8078 -1.5478 3.85 -8.29 3.55 181 337 171 172 144 
-0.37 -11.25 8.47 -5.4000 -1.9500 5.4700 -0.3478 0.2500 0.3944 0.04 -8.69 4.52 186 353 164 170 153 
-0.31 -7.59 2.90 -0.2000 2.0100 -1.3700 -0.1711 0.6800 -0.7889 0.67 -8.95 3.93 186 353 173 175 146 
3.22 -7.37 3.85 3.5900 0.8900 0.4500 1.7822 -0.2678 0.4800 0.66 -7.96 5.67 181 356 174 180 148 
3.43 -12.40 10.24 2.5900 -5.4000 3.9500 -0.3133 -1.4700 1.9411 0.30 -7.43 6.38 187 360 178 183 145 
-5.31 -8.90 10.16 -5.7000 0.4800 4.3300 -2.8278 -0.1456 0.8244 -0.78 -9.10 3.56 185 359 175 183 151 
-6.18 -3.71 3.58 -5.2400 6.6800 2.2700 -1.8800 1.0356 -1.6456 0.28 -9.80 -0.01 186 360 181 183 151 
1.43 -1.84 -0.98 -0.6300 7.6300 -0.5100 0.4100 2.0567 -2.2400 3.88 -9.00 -0.07 183 358 179 185 150 
10.38 -3.83 1.52 5.8000 2.9000 0.1300 2.8978 0.9800 -0.1567 5.00 -7.59 3.66 183 353 182 183 152 
12.27 -9.67 8.56 6.7300 -3.7100 2.9700 2.0678 -0.8078 1.8289 4.40 -6.14 6.24 189 350 180 185 153 
-3.07 -8.24 7.58 -6.5300 0.0700 1.0200 -0.2178 -1.0122 0.5089 3.87 -6.98 5.68 184 349 184 190 151 
3.70 -6.18 5.63 0.3300 -0.2400 0.5000 1.4878 -0.8378 -0.7111 4.87 -5.99 6.03 182 330 193 190 156 
12.21 -4.81 8.99 6.0200 0.6100 3.3200 0.3944 -5.1167 1.5222 7.56 -5.41 3.10 145 199 247 243 176 
3.76 -3.67 0.74 -2.3400 4.6400 -1.1800 -0.2811 -2.3356 5.0244 2.89 -9.35 0.47 119 183 197 204 179 
-3.00 -8.44 0.29 -3.5500 1.1300 0.2300 0.2511 -1.0378 -0.0378 0.98 -9.74 0.45 114 193 203 210 177 
-1.39 -8.42 -1.73 -3.0900 0.9500 -2.4800 -0.4611 -6.1356 -3.2467 3.69 -8.95 -1.53 110 187 191 199 176 
8.26 -5.89 -8.50 4.0600 1.6000 -4.1000 0.6433 -3.3678 -1.6556 3.83 -7.46 -5.07 112 187 172 198 172 
7.39 -5.86 -3.15 3.0400 1.8100 1.8500 0.0444 0.3400 0.0300 3.91 -7.68 -4.66 112 194 197 208 175 
6.74 -6.76 -3.62 2.0300 0.3400 0.2400 -1.0056 4.3667 0.7644 4.94 -7.47 -3.97 116 193 198 214 179 
;
