3.79 6.66 6.10 -0.0500 -0.0100 0.0300 -0.0022 -0.0011 -0.0044 3.83 6.66 6.08 170 340 368 393 214 
4.77 7.04 6.32 1.2000 0.7700 1.1000 -1.0044 0.3378 0.2111 3.80 6.18 6.59 175 289 326 354 214 
9.93 5.42 11.97 4.6300 1.6900 5.8600 0.6056 -5.9178 6.1400 8.68 1.84 4.16 131 244 161 182 163 
8.85 1.96 -2.15 -1.1700 8.3100 0.3000 4.3700 -0.6678 5.1889 6.25 -7.54 -0.26 68 245 163 186 160 
-0.16 -4.53 2.65 -1.8600 2.5100 0.7700 0.7233 0.1722 0.3022 4.43 -8.44 2.26 128 255 166 187 159 
6.31 -12.03 -3.38 1.7200 -1.3500 -5.4600 3.4878 1.8211 0.7367 2.89 -7.60 5.47 133 288 172 193 161 
-1.72 2.44 11.20 -3.5400 8.2100 3.8800 0.6500 0.4356 -0.0522 1.35 -5.09 8.26 137 303 177 192 165 
1.04 -0.53 5.34 -1.1100 6.2000 -1.4500 -4.3122 -0.2556 -2.6678 3.51 -7.69 4.96 139 300 178 196 170 
11.91 -12.95 -2.64 5.3900 -4.9200 -4.1300 -1.0922 -0.3078 -0.7389 5.90 -7.73 1.24 139 304 180 205 174 
6.36 -6.80 1.86 0.4300 1.0000 0.5100 -0.0344 -0.0311 -0.1189 6.06 -7.60 1.27 132 305 180 202 176 
5.41 -7.18 1.23 -1.1800 -0.0900 -0.1400 -0.1211 -0.1778 -0.3922 6.38 -7.36 1.10 145 298 185 201 176 
9.07 -11.62 -0.50 3.8800 -4.7100 -2.1500 3.7811 -0.8122 -1.5244 7.82 -5.48 2.19 127 351 185 210 167 
9.29 -2.44 3.00 0.4400 1.8200 -2.0700 3.6678 1.1044 -0.1811 7.47 -2.26 5.92 106 385 188 213 173 
4.17 3.33 4.54 -2.9000 4.2800 -2.3800 0.5089 1.1367 -0.2578 6.52 -0.54 7.30 110 397 189 215 173 
7.74 1.11 6.80 1.5200 1.6000 -0.5800 -1.2889 0.8322 -0.6611 5.89 -1.02 7.77 118 404 191 219 179 
4.00 -3.83 7.74 -1.3300 -1.8000 -0.2000 -0.5267 0.3544 0.0556 4.83 -2.13 8.26 117 421 194 221 179 
2.86 0.40 7.74 -2.7700 2.7900 -1.0400 -0.9600 -1.3722 -0.0222 5.66 -2.98 7.42 119 418 194 218 183 
1.87 -2.84 2.18 -4.9400 0.5400 -3.4400 -1.5844 -3.4244 -1.5333 8.58 -3.19 3.50 118 406 196 220 182 
;
