6.94 2.94 -6.27 0.0000 -0.0800 0.1000 0.0522 -0.0333 0.0611 6.90 2.96 -6.30 130 192 197 194 154 
6.87 2.92 -6.12 -0.1600 -0.0300 0.1800 -0.0278 -0.0156 -0.0089 6.90 2.94 -6.31 131 195 200 196 155 
7.01 2.99 -6.23 0.5200 0.0500 0.0700 0.0400 -0.0322 -0.0211 6.88 3.00 -6.30 136 200 197 192 152 
16.24 3.53 -10.88 10.1400 2.9100 -3.9600 5.1067 -0.0567 3.8644 5.97 -3.08 -7.13 156 231 188 178 143 
0.69 -3.71 -5.47 -5.5800 4.1900 -0.3200 4.4189 2.2211 2.3700 3.66 -9.03 -1.01 136 297 196 183 145 
-0.33 -5.53 4.16 -1.8000 2.6000 1.4700 0.7489 0.1500 -0.4344 3.50 -8.85 2.32 129 308 199 183 143 
6.50 -12.30 -5.00 1.7500 -2.2900 -8.6700 4.1011 0.9111 1.6600 2.02 -7.87 5.48 140 323 206 188 146 
-3.66 6.25 15.89 -3.7500 11.1000 8.4900 1.7189 1.1244 -0.7533 -0.17 -3.54 9.14 145 321 207 194 148 
-0.36 0.02 6.96 -1.1400 5.7100 -1.1900 -4.5678 -1.0989 -0.7989 1.47 -7.41 6.25 127 305 201 192 146 
4.43 -15.13 -2.96 1.9100 -6.1000 -5.4900 -0.7144 -0.1589 -0.2189 2.57 -9.02 2.84 124 301 203 191 146 
2.58 -8.40 4.36 -0.0200 0.6100 0.8800 0.3167 0.1567 -0.0589 2.54 -8.76 3.57 125 307 205 192 148 
2.78 -7.41 3.67 0.1500 1.1000 -0.0800 -0.2733 0.0422 -0.4444 3.01 -8.63 3.54 125 303 205 191 149 
3.55 -6.78 2.77 1.5300 2.1100 -0.0200 -4.0222 3.5922 -2.3278 4.02 -8.72 1.94 154 253 207 215 162 
5.49 -6.25 -6.60 -8.1500 0.6200 -4.5500 -5.1222 6.4633 5.2833 -1.13 -9.68 -0.99 171 286 276 274 179 
-6.88 -6.56 -9.12 -5.2500 3.0200 -6.6900 0.4133 1.5256 -0.2033 -1.96 -9.04 -3.25 175 297 281 284 181 
-2.94 -4.00 0.06 -1.0600 6.3700 3.0000 5.8056 2.2144 -2.6089 1.29 -9.06 3.50 177 296 291 285 182 
5.21 -5.45 3.53 1.5500 3.6800 0.2600 -4.0700 -1.6544 1.2556 0.78 -9.69 -1.25 178 302 296 293 183 
-10.21 -10.98 -15.82 -8.6300 -1.7400 -11.2900 2.1833 1.7467 -0.9622 -0.10 -9.54 -2.26 173 304 293 298 183 
7.23 -1.91 10.85 7.5900 8.4700 11.7400 3.3678 0.0478 -0.9167 2.73 -8.82 3.29 176 303 289 299 185 
2.80 -9.51 -1.01 -2.2900 -1.5000 -3.0200 0.1278 -2.3611 1.1700 2.35 -9.44 1.19 176 295 289 301 186 
4.68 -7.02 -3.36 1.0500 2.1900 -6.0000 5.5744 -2.7567 -1.3578 5.11 -6.99 4.59 176 281 259 243 173 
10.67 2.43 3.17 3.4600 3.8700 -5.1100 8.5411 -4.1756 1.4789 7.92 0.81 5.72 180 216 195 183 142 
10.61 7.64 12.54 -1.5400 7.5600 11.3000 -1.4889 -1.4589 2.8767 9.54 -2.16 0.57 181 177 177 169 136 
12.78 -3.01 -10.64 3.6000 -1.2300 -8.5400 -0.1633 -0.4889 -0.4344 9.57 -1.78 -1.17 184 182 182 173 141 
;
