1.54 -3.54 8.97 -0.0200 0.0500 -0.0200 -0.1411 -0.0367 0.0244 1.54 -3.69 8.94 165 302 298 279 200 
1.49 -3.74 8.90 -0.0700 0.0100 -0.0200 -0.0533 -0.0100 0.0111 1.58 -3.80 8.89 166 303 299 281 197 
1.58 -3.76 8.90 0.0200 0.0500 0.0000 0.0078 -0.0011 -0.0022 1.59 -3.79 8.89 168 299 302 283 199 
1.59 -3.78 8.93 -0.0200 -0.0800 0.1500 0.0278 -0.0667 0.1422 1.65 -3.83 8.87 168 296 301 282 198 
2.08 -4.51 11.25 -1.4600 -0.2600 4.5100 2.1367 -9.7744 0.3589 7.93 -2.42 5.22 150 225 152 149 190 
12.86 -2.20 -4.73 0.9300 5.3600 -2.0600 5.2822 -2.2244 5.6000 4.92 -8.38 -1.25 123 249 120 143 156 
0.58 -3.95 2.57 -1.2400 3.6200 0.2300 1.6756 0.3000 0.5967 2.60 -9.07 2.64 115 269 142 141 152 
4.58 -11.38 -1.91 2.1000 -0.9900 -6.5800 3.6656 1.2689 1.1911 0.47 -7.61 6.15 123 296 145 152 157 
-6.02 5.32 14.79 -5.2800 11.3200 7.3400 -0.6544 -0.1889 -0.7400 -0.36 -5.60 8.03 125 305 151 162 157 
1.65 -0.65 2.87 1.3100 4.1900 -4.3100 -5.3689 -1.3167 -2.5567 3.06 -9.09 1.99 116 293 148 162 162 
5.88 -13.43 -2.38 0.5300 -2.1900 0.9500 1.2211 0.6511 0.2578 3.14 -9.27 0.54 122 293 157 160 162 
3.58 -7.61 1.46 0.5200 1.5800 0.5600 -0.1111 0.2756 -0.2589 3.25 -9.21 0.84 126 286 156 165 160 
3.30 -9.35 0.59 0.1100 -0.0700 0.0200 -0.0322 -0.0156 -0.0722 3.29 -9.21 0.63 125 290 157 166 163 
3.38 -8.63 0.66 -0.3600 0.6300 0.0200 -0.0589 -0.0144 -0.2644 3.50 -9.14 0.51 127 292 152 166 169 
1.50 -9.89 -0.03 -1.7400 -1.8200 -0.5200 0.0278 -0.7278 -1.4700 4.77 -8.56 0.10 124 289 166 166 169 
8.77 -8.87 -0.25 2.2900 -0.7400 -0.5600 1.8733 0.2533 -1.4789 6.82 -6.83 1.66 139 292 158 170 179 
9.63 -6.86 3.44 2.2300 -0.3100 -1.8900 2.4756 1.5611 0.0244 6.54 -4.64 5.63 149 314 242 264 198 
4.78 0.28 4.42 -1.7500 3.7800 -2.6800 1.2500 0.5067 -0.7400 6.31 -2.28 7.15 187 345 282 298 200 
5.32 2.02 5.48 -0.5300 4.2000 -1.6900 0.4322 -0.1722 -0.0222 6.46 -1.62 7.18 185 350 297 308 199 
7.18 2.93 6.88 2.5300 4.5500 0.2600 -1.7567 -1.2211 0.2378 7.35 -2.47 5.99 168 307 268 320 206 
9.86 -0.95 3.04 1.3500 3.6300 -4.1100 -3.8100 1.0256 0.6878 6.70 -5.69 4.33 156 287 268 319 210 
-1.83 -14.54 3.77 -6.9100 -6.8100 0.5500 -1.3433 0.4289 -0.9256 5.76 -7.17 3.38 158 288 272 329 208 
7.34 -6.08 2.97 0.9700 0.8800 0.0900 -0.1889 -0.0456 0.0644 6.24 -6.96 2.92 153 297 278 327 209 
6.25 -6.51 2.73 0.1000 0.6500 -0.0100 -0.1056 -0.0944 -0.0233 6.16 -7.11 2.75 154 295 283 334 206 
6.76 -6.27 3.01 0.2700 0.7600 0.1700 0.0767 0.5100 0.0367 6.15 -7.04 2.93 155 289 274 321 207 
6.93 -6.91 3.37 0.7800 -0.2100 0.3500 -0.3333 0.0022 0.1267 6.02 -7.21 2.78 162 287 282 317 206 
9.78 -5.54 2.66 8.3800 5.0000 -0.0700 -2.4889 6.4222 2.0056 3.98 -8.35 3.23 159 267 251 266 201 
-10.15 -10.90 -5.09 -6.6600 -0.0600 -2.7600 -2.7689 0.5933 1.5344 -3.06 -8.58 -3.61 157 264 257 253 191 
-6.56 -7.57 -12.11 -6.0100 2.7900 -10.2000 2.2111 1.1856 -2.0011 -0.33 -9.33 -2.99 166 275 257 252 191 
16.59 3.52 39.78 11.1100 8.1500 34.1700 -3.1811 -2.4456 0.3178 1.82 -9.51 1.54 172 283 263 260 197 
-4.55 -7.05 -7.26 -7.0300 2.2400 -7.1000 -2.6533 -1.6111 1.3344 -0.54 -9.07 -3.68 164 275 272 261 200 
-0.41 -5.90 -2.15 3.1200 4.2900 2.8500 4.8456 2.4578 -2.1978 2.09 -9.46 1.45 171 279 264 258 199 
0.78 -7.64 0.01 -1.5500 1.8200 -0.7800 -2.1033 -2.5133 1.5089 0.80 -9.69 -1.24 170 274 264 266 198 
-7.02 -9.42 -5.24 -4.3100 2.1600 -1.9900 1.5533 -2.2733 -2.2100 1.34 -9.68 -0.71 173 277 271 259 201 
2.78 -4.84 -3.10 -1.9500 5.7400 -3.2300 3.6544 -6.1733 -5.3589 7.18 -6.67 -0.22 174 305 263 268 201 
;
