2.12 -3.15 8.85 -0.0100 0.0500 -0.2800 -0.0256 0.0033 0.0089 2.06 -3.21 9.03 161 303 311 281 193 
2.04 -3.22 8.78 0.0800 0.0300 -0.1400 -0.0122 0.0056 -0.0022 2.06 -3.21 9.03 157 301 311 284 191 
2.12 -3.19 8.95 0.0200 0.0500 -0.1500 0.0211 0.0122 0.0000 2.06 -3.20 9.03 162 298 310 287 189 
2.08 -3.11 8.84 0.0100 0.0500 -0.1700 0.0000 -0.0033 -0.0022 2.06 -3.19 9.04 162 300 309 288 188 
2.02 -3.31 9.09 -0.1500 -0.0100 -0.0600 0.0456 -0.2600 -0.0878 2.25 -3.14 9.00 163 277 300 277 193 
2.27 -6.20 11.55 0.3900 -1.6400 4.2200 1.5756 -5.7267 1.2800 6.28 -2.52 7.09 142 264 184 166 173 
15.12 -2.14 -0.99 6.7500 1.9400 -3.9600 5.0511 -8.6900 5.1256 7.20 -6.31 -2.10 131 242 122 146 149 
-1.78 -1.58 4.61 -5.9600 7.7400 6.0600 3.1800 0.0789 1.3711 2.25 -9.30 2.13 131 264 137 153 151 
3.60 -10.12 -0.18 1.9300 -2.4200 -3.7000 0.0489 -0.1033 -0.3944 2.64 -9.18 2.20 131 267 153 159 153 
2.09 -7.89 -1.35 -1.2100 2.4000 -4.5800 4.4089 0.3800 0.8233 1.41 -7.27 6.41 136 281 141 161 155 
0.45 6.20 19.74 -0.9100 10.2100 8.1900 -3.4533 0.2644 -0.6422 1.49 -6.83 6.86 140 288 145 162 158 
2.34 -11.80 -2.54 0.8800 -5.1200 -9.3200 -3.0167 -0.4733 0.5233 1.81 -9.34 2.34 137 275 142 164 163 
-2.27 -6.21 3.30 -4.8900 3.6100 0.6600 -1.3378 -0.3111 -1.4044 3.21 -9.12 1.59 5 265 204 191 177 
4.53 -9.45 -6.41 4.0800 -0.9200 -4.5900 -0.3689 -1.3811 -1.9033 5.50 -7.94 -1.64 163 307 201 187 175 
11.68 -7.66 0.45 4.4200 1.1400 1.7300 2.1622 -0.4644 0.2578 5.70 -7.96 -0.37 167 337 202 194 179 
2.09 -5.44 3.18 -2.3500 4.0500 2.8600 1.9556 0.3589 0.0389 5.22 -7.93 2.42 165 345 208 192 183 
6.20 -8.14 0.57 1.6400 -0.6400 -2.2500 -1.6322 -0.6244 0.1744 5.41 -8.15 0.46 150 349 205 177 177 
4.85 -7.14 0.84 -0.6400 0.8100 0.1700 2.0344 0.7822 0.0256 5.15 -7.93 2.59 167 364 208 193 178 
8.70 -4.30 6.54 4.2400 3.2200 3.7000 -3.0122 4.4600 -1.4756 5.26 -7.81 2.71 152 292 207 196 183 
4.52 -6.15 -3.54 -0.8800 -1.8100 -4.3700 -4.0378 4.1100 2.0622 0.55 -9.76 0.69 151 203 247 227 187 
-0.78 -7.80 -4.42 0.5700 1.6000 -2.5000 -2.1411 1.2567 0.8467 -0.94 -9.02 -3.71 163 254 281 253 190 
-7.58 -5.61 -13.83 -6.6600 2.9600 -10.0800 3.7033 2.2700 -1.6722 0.94 -9.39 -2.63 173 280 287 261 194 
10.84 -1.51 24.98 6.3000 1.5200 10.3900 -2.5633 -1.7178 -0.1244 2.42 -9.48 0.50 166 284 283 263 197 
-2.13 -8.72 -6.51 -4.9000 1.2200 -5.7200 -2.6133 -0.3011 0.8044 0.76 -9.07 -3.63 175 278 275 259 193 
-0.13 -4.75 -3.27 0.6400 3.3700 2.1000 4.2989 2.3978 -1.3289 3.05 -9.30 0.40 177 287 280 255 195 
4.84 -5.89 -3.33 0.9000 3.2200 -4.1600 -0.5833 -1.8689 0.4500 3.18 -9.25 -0.69 176 271 256 238 191 
-1.70 -8.09 -2.43 -3.5000 1.5200 -1.5200 3.8167 0.0078 -0.6656 3.33 -8.68 3.11 178 269 258 251 192 
3.23 -4.73 8.73 0.6700 2.5300 3.5000 4.1933 1.2856 -1.2489 3.22 -4.64 8.00 178 282 270 251 191 
;
