3.10 -0.89 9.28 0.0200 0.0600 0.0000 0.0222 -0.0067 -0.0033 3.04 -0.92 9.27 154 324 322 198 189 
3.09 -0.82 9.41 -0.0400 0.0400 -0.0900 0.0022 -0.0300 0.0033 3.01 -0.92 9.28 166 324 322 198 186 
2.98 -0.90 9.30 -0.0500 0.0400 0.0200 0.0333 -0.0189 0.0189 3.02 -0.91 9.28 167 323 320 189 190 
2.61 -0.96 12.16 -0.4200 -0.4200 3.1400 1.5356 -1.3111 0.1144 3.73 -0.06 9.06 170 281 218 175 190 
12.02 -2.72 5.52 4.7200 -2.7300 -2.5900 0.5678 -7.4789 3.5433 8.84 -1.99 3.72 133 205 123 166 156 
6.98 -2.89 -4.02 -0.9500 5.5500 -0.0500 6.6511 -3.8411 4.0578 5.19 -8.30 0.40 133 305 127 169 143 
4.61 -5.94 5.02 2.8600 0.0700 2.2600 1.3967 -0.0978 1.0967 3.59 -8.26 3.85 141 307 143 145 149 
5.28 -12.55 1.08 1.3100 -3.3800 -5.0700 3.8789 1.9267 0.9667 0.83 -6.30 7.46 143 311 147 142 151 
-2.95 4.45 4.27 -2.0200 7.5600 -4.5700 1.9678 1.5333 -0.2144 -1.85 -1.87 9.44 141 311 158 143 154 
-2.18 3.80 4.77 -1.2700 7.8500 -3.9000 -4.8856 -1.8389 -2.3811 0.50 -6.48 7.33 142 301 157 178 155 
6.24 -15.14 -2.72 3.5300 -7.1400 -5.4700 -3.8456 -0.6200 -1.6044 4.18 -8.84 0.67 153 287 147 173 160 
7.98 -7.30 -0.55 2.2700 0.6900 -1.5200 -4.4644 10.1556 -4.7700 7.34 -6.01 2.45 183 348 162 178 160 
9.49 -7.70 13.37 -1.2100 -0.0900 5.0800 -1.7100 2.1556 0.8778 3.07 -7.21 5.88 183 363 169 184 164 
-0.36 -3.52 4.11 -1.0800 5.3200 -1.4300 -0.2844 0.7633 -1.9844 3.63 -7.24 5.52 189 363 163 172 161 
12.24 -4.06 5.02 7.4600 0.9300 -0.0900 2.7933 -0.6767 0.9656 4.21 -5.11 7.23 187 366 167 185 160 
2.59 -12.19 17.64 -2.4000 -6.6400 10.3700 -1.4789 -0.4067 4.1067 2.08 -6.26 7.25 192 362 169 186 164 
-6.73 -3.82 8.63 -7.9600 5.4600 2.9500 -3.3822 0.7056 -0.2722 0.41 -9.21 3.31 189 358 173 189 165 
-1.92 1.52 0.42 -2.8400 11.4000 -0.2900 -1.1433 1.6867 -2.3100 3.07 -9.27 0.76 189 360 170 188 164 
8.16 -2.22 -0.22 5.3200 6.2500 -1.4200 2.7633 2.3011 -2.3133 5.31 -7.07 4.22 192 354 168 186 163 
15.78 -6.31 11.95 8.8800 -4.2800 6.6900 2.8200 -0.4089 1.1911 5.33 -3.35 7.50 192 360 175 187 156 
6.90 -3.16 6.40 1.2500 0.7500 -2.9000 3.2178 -3.7989 1.7644 7.14 -2.94 6.03 182 334 209 201 180 
14.85 0.33 1.59 4.5300 2.4800 -1.4500 4.7778 -1.5144 2.8900 9.18 -1.77 2.94 93 197 265 282 194 
7.86 6.46 -0.02 -0.7800 10.9400 -1.4900 3.0978 1.7889 1.5856 8.01 -3.80 4.18 86 160 187 182 145 
6.89 -1.14 11.67 0.5000 4.6700 6.7200 -1.8111 0.3000 -0.9611 7.34 -3.86 5.21 93 169 185 184 146 
12.16 -1.16 -1.88 3.0900 2.5600 -7.2700 -1.8267 0.6022 -0.3056 7.89 -4.58 3.57 91 169 183 185 146 
-1.29 -9.33 0.65 -6.5600 -3.0300 -2.5900 1.4467 -2.5600 0.3678 6.99 -4.57 5.13 93 168 177 186 150 
2.68 -4.85 7.71 -4.9000 0.2500 3.0900 -3.2256 1.3789 -1.5000 7.35 -4.85 4.29 97 184 195 202 165 
7.63 -2.67 2.72 0.7800 1.6600 -2.5000 -2.1578 5.3144 -2.6844 5.87 -4.02 6.74 154 252 217 253 183 
4.08 -1.35 8.13 0.4400 1.8000 -1.0600 3.6078 1.9756 -1.0822 2.57 -0.66 9.43 180 349 321 338 190 
2.61 -1.54 12.19 -0.0600 0.5100 -0.1700 -0.0811 -1.1789 -0.1367 2.44 -0.33 9.48 175 351 331 352 188 
;
