0.70 -1.54 9.66 -0.0700 -0.1200 0.0000 -0.0333 -0.0256 -0.0189 0.75 -1.42 9.67 163 328 341 361 212 
0.57 -1.55 9.45 -0.1300 -0.0400 0.0500 -0.0956 -0.0411 0.0367 0.74 -1.54 9.65 166 328 342 369 213 
0.59 -1.96 9.64 0.1000 -0.1000 -0.1800 -0.0478 -0.0133 0.0444 0.80 -1.62 9.63 164 331 340 374 213 
0.75 -1.65 9.73 -0.0900 0.0100 0.1100 -0.0211 -0.1344 0.0789 0.93 -1.64 9.62 165 328 337 372 212 
-0.13 -2.13 11.27 -2.0100 -0.2900 3.3600 0.4156 -4.3244 1.0800 3.36 -1.62 9.06 167 275 299 324 213 
9.49 -9.42 -2.23 4.2700 -3.2300 -6.2500 4.4600 -15.3456 3.1144 7.91 -4.82 -3.19 184 284 155 182 157 
2.38 -5.34 -2.46 -0.9300 2.3600 1.0000 2.6000 -2.1044 0.8089 3.43 -8.52 -3.41 183 287 156 186 157 
5.97 -11.60 -4.37 2.2800 -1.3300 -3.3400 3.6944 0.5700 0.5800 2.47 -9.45 0.76 187 304 168 186 161 
1.03 -3.03 3.03 -0.8000 6.3000 -0.3800 2.9889 0.7767 0.3500 1.28 -7.88 5.68 186 310 180 191 163 
-0.05 0.53 9.49 -1.4300 7.6500 3.2200 -2.1556 -0.0089 -0.9056 1.73 -8.11 5.21 184 313 181 195 165 
5.02 -8.30 -1.69 2.5000 -0.3100 -3.9500 -3.9911 0.2967 -1.0600 3.47 -9.15 -0.58 185 308 182 199 165 
5.63 -11.41 -2.46 1.0200 -1.4200 -0.4000 0.1678 0.5000 0.1467 3.77 -8.95 -1.30 187 309 176 200 167 
2.66 -7.54 1.24 0.9100 0.3400 2.0600 -1.6367 3.7389 -1.7344 5.28 -8.23 -0.69 183 285 246 268 206 
6.17 -7.71 2.83 0.1900 1.6000 -0.8600 -1.0278 2.3667 1.9211 3.34 -8.88 2.46 185 341 327 365 208 
-0.95 -4.02 -8.83 -4.2800 4.6800 -10.4100 3.6689 -0.4022 -0.9078 2.79 -8.76 3.39 183 342 334 371 209 
12.79 -0.14 29.19 5.7200 2.6400 24.7200 0.8611 0.7700 0.3433 4.13 -3.96 7.96 185 330 327 360 208 
2.87 -2.23 0.22 -1.2500 5.3000 -6.4500 -4.7222 0.2889 1.6878 2.51 -8.93 3.17 184 338 331 362 209 
-2.11 -4.93 -7.62 -3.5800 5.2700 -7.9700 5.0589 -0.5144 -2.3489 3.93 -7.06 5.54 186 332 332 372 209 
7.61 -0.76 19.88 3.2400 2.6700 11.5300 -1.0089 -1.3333 -0.1289 5.61 -3.79 7.08 185 317 319 334 210 
;
4.80 -3.26 4.53 -2.6000 2.0300 -1.0900 -4.0633 -3.8100 0.7844 6.70 -6.90 1.88 181 265 179 193 177 
5.54 -8.16 -5.12 -0.9900 -1.7000 -2.0200 -0.5367 -0.0656 -0.4833 5.78 -7.11 -3.46 178 272 166 202 168 
5.70 -6.66 -2.76 0.1500 0.5800 0.8800 0.1033 -0.2422 0.0167 5.93 -6.98 -3.48 179 277 177 207 171 
8.65 -10.48 -4.76 4.0700 -3.6700 -1.5000 1.0567 -0.8733 0.3267 5.57 -7.26 -3.50 181 280 175 205 168 
8.04 -7.22 -6.22 3.6100 2.7300 -4.1900 4.6300 -1.4089 1.8522 2.92 -9.35 -0.02 183 286 176 200 164 
-1.19 -1.12 4.47 -2.8600 7.4100 1.2200 3.3133 0.4222 0.8611 0.85 -7.87 5.78 186 301 180 197 164 
-1.07 -0.05 10.74 -1.6500 7.4200 3.2700 -2.8956 -0.4633 -0.9778 1.57 -8.44 4.72 187 304 182 199 164 
3.69 -7.03 -1.36 2.2400 0.7300 -4.4500 -3.8689 -0.9389 -0.5944 3.13 -9.20 -1.22 183 293 184 201 166 
5.36 -12.63 -5.83 1.7000 -2.0400 -1.3500 0.3556 1.0267 0.0989 3.33 -8.97 -2.14 182 281 194 213 171 
9.57 -9.86 -2.19 5.1600 -1.3900 -1.5400 -1.3711 6.7867 2.5456 3.01 -9.32 0.15 183 289 295 324 207 
-3.77 -8.24 -5.30 -4.8500 2.3900 -5.8600 0.6933 0.5822 0.1356 0.93 -9.76 -0.02 182 298 321 359 209 
-0.62 -2.30 -3.14 -0.2400 7.7000 -4.9700 6.1344 -0.4678 -2.4944 3.65 -7.11 5.67 184 296 325 360 210 
8.31 -5.72 25.57 3.7400 1.6300 13.4900 -4.2344 0.5111 1.0344 3.02 -7.77 5.15 183 304 328 361 210 
0.43 -3.81 -7.19 -2.0300 4.3800 -10.3000 -1.7989 0.5267 1.1533 0.71 -9.78 0.02 185 316 330 365 211 
-0.98 -2.01 -2.44 4.0200 8.4000 1.4400 6.1333 -2.0011 -2.8078 3.41 -7.52 5.28 186 308 326 364 211 
1.10 -5.77 16.36 -1.1800 1.4100 4.9300 -3.8600 0.0856 -0.2800 3.14 -7.49 5.48 183 316 329 365 211 
;
