0.98 -3.28 9.08 0.0500 0.0100 -0.0800 0.0000 -0.0122 -0.0222 0.94 -3.29 9.18 154 283 303 329 214 
0.89 -3.30 9.10 0.0300 0.0100 -0.0500 0.0067 0.0089 0.0044 0.95 -3.28 9.18 154 283 305 329 216 
0.87 -3.30 9.16 -0.0400 -0.0100 -0.0600 0.0044 0.0100 0.0056 0.95 -3.28 9.18 153 281 304 330 215 
0.81 -3.29 9.19 -0.2300 0.0000 -0.0300 0.0111 -0.5089 0.1056 1.18 -3.27 9.16 152 277 275 287 216 
3.98 -6.15 1.59 5.0200 -3.0800 -6.6600 4.4011 -18.4056 2.4600 9.41 -2.73 -0.37 96 243 167 167 163 
9.49 -5.63 -6.03 0.0200 0.8800 -3.5800 4.8633 -0.2844 2.5411 3.86 -8.93 -1.20 89 259 162 170 163 
2.44 -6.39 -1.96 -0.3000 3.1400 -5.3400 4.4789 0.7600 0.9333 1.72 -8.17 5.13 94 254 173 175 162 
-1.81 2.15 9.50 -3.3500 8.8600 2.5300 0.2511 -0.1067 -0.7656 1.74 -6.42 7.20 89 263 179 176 163 
1.82 -0.68 2.75 -1.3600 6.6600 -2.6300 -4.6100 -1.0311 -1.8011 4.15 -8.43 2.78 96 256 182 179 165 
9.98 -15.31 -5.50 3.9400 -7.1100 -3.4500 -1.2300 -0.1144 -0.4356 5.24 -8.10 -1.71 98 251 185 181 167 
6.39 -7.65 -1.63 0.4900 0.3600 0.1900 -0.4900 2.1867 -1.2622 6.63 -7.15 -1.00 114 254 189 186 173 
5.49 -8.91 -1.62 -1.4500 -2.7500 -1.4500 2.2389 1.5722 -1.3522 7.87 -5.24 2.59 143 282 192 189 174 
5.86 -0.52 5.13 -1.1100 3.4200 -1.2100 1.3656 0.9400 -1.0733 7.61 -2.72 5.53 144 299 194 188 175 
10.37 0.93 4.11 5.4800 1.3400 -1.3800 2.3144 -1.1467 0.2222 7.84 -0.30 5.87 145 300 199 189 177 
7.06 0.97 16.49 -3.3900 1.3300 8.0800 -1.7000 1.3711 3.1300 6.58 -3.20 6.52 150 305 202 187 176 
-2.23 1.24 0.87 -8.2500 6.3900 -7.0000 -1.5022 0.4633 -2.6022 6.53 -4.18 5.99 151 308 197 186 177 
7.37 1.92 -0.77 3.2500 4.3800 -5.5700 1.6800 -1.2411 -2.4556 7.90 -0.19 5.80 151 305 202 192 179 
16.71 0.35 6.93 7.8800 -0.7700 2.6700 1.4644 -0.8644 1.0100 8.98 0.94 3.82 151 305 202 192 179 
8.25 2.11 9.75 -1.6300 2.4600 5.3900 -0.4500 0.8533 2.1611 8.62 -1.45 4.42 151 307 205 193 179 
4.28 -0.12 0.22 -2.0900 2.7500 -4.3100 -0.6289 -0.3644 -0.6522 8.46 -2.40 4.33 149 304 205 194 181 
11.31 -2.87 4.72 1.7800 -0.5000 0.7500 -0.2767 0.1256 -0.0011 8.76 -2.26 3.76 150 303 206 194 179 
;
