1.36 4.09 8.34 -0.3600 -0.1400 -0.1000 -0.0633 -0.1422 0.0089 2.10 4.45 8.47 181 294 282 300 212 
2.47 4.28 8.65 0.1800 -0.0600 -0.0300 -0.2189 0.0189 -0.0156 2.20 4.19 8.58 180 298 273 299 212 
2.06 4.56 10.17 -0.5300 0.6400 3.1200 0.1356 -1.0633 0.1867 2.75 4.35 8.34 180 304 206 219 194 
18.92 5.78 4.15 12.4900 3.0600 0.7600 3.3422 -9.1567 8.7300 9.64 -1.42 -1.06 125 212 162 178 151 
-1.36 1.26 -0.20 -10.0500 8.4300 0.6600 3.2000 1.0978 1.8589 3.58 -8.99 1.57 113 275 169 180 150 
2.76 -5.82 2.11 0.0300 1.9900 -0.3600 0.2344 -0.2800 -0.2389 3.74 -8.65 2.68 117 288 173 186 147 
7.26 -14.40 0.74 2.8000 -4.2700 -2.8500 2.9078 1.5767 0.7789 2.35 -8.08 5.03 123 292 170 189 155 
-1.95 -0.93 6.99 -3.2600 5.5500 -0.7100 2.3178 0.9533 -0.0300 0.47 -4.82 8.52 121 289 176 181 156 
-2.51 4.08 6.09 -3.1800 8.9000 -2.5600 -2.8822 -1.2722 -2.3000 2.56 -6.17 7.17 120 293 173 190 157 
9.27 -12.50 -0.91 7.9500 -5.7500 -3.8000 -2.5067 -0.4367 -1.1922 5.55 -7.70 2.44 133 284 175 196 160 
9.62 -7.92 3.39 4.0600 -0.3300 1.1100 -3.3089 4.0389 -1.9211 6.22 -7.29 2.07 182 284 258 283 205 
7.52 -5.74 4.14 1.0200 1.5300 -0.3200 -6.1244 4.7589 1.4622 4.22 -8.79 0.92 182 298 319 386 210 
1.50 -5.68 -4.08 -0.4700 3.0000 -1.3700 -2.8878 0.5289 2.0011 1.15 -8.83 -4.08 177 306 325 375 209 
-4.67 -5.94 -10.72 -4.8500 1.3100 -6.1600 2.0700 -0.1433 0.3200 -0.21 -8.88 -4.13 181 308 322 367 208 
3.59 -6.42 14.81 6.9000 4.1400 19.6300 1.6722 0.7400 0.3200 0.47 -9.67 1.51 175 306 317 358 208 
1.53 -6.02 -2.28 -0.6300 2.8800 -3.2000 -3.6567 -0.7300 0.8467 -0.04 -8.99 -3.91 173 308 319 359 211 
-6.04 -6.97 -10.72 -4.8400 2.7300 -5.3100 3.9989 1.0267 -1.3389 0.94 -9.67 -1.32 180 303 317 361 208 
9.64 -2.98 16.07 5.1100 3.5400 8.0200 -1.7767 -0.8467 -0.1278 2.09 -9.55 0.64 175 306 319 348 210 
0.97 -6.57 -3.51 -0.7100 3.0500 -3.7300 2.0867 -0.5911 -0.5133 2.43 -9.42 1.15 177 307 316 348 209 
;
