1.26 6.33 7.73 0.3000 0.4600 1.0700 -1.3233 -0.8556 0.8756 2.21 5.59 7.74 176 277 202 174 164 
7.31 1.56 4.37 3.5500 -0.8100 -2.5500 -0.1900 -13.3500 4.9767 9.25 0.06 -3.24 134 253 170 166 142 
5.56 -2.42 -5.72 -1.3600 1.1600 0.0200 1.6600 -0.1189 1.8167 6.22 -5.16 -5.55 127 257 170 170 127 
8.36 -10.23 -7.98 3.3400 -2.4600 -4.2100 3.3822 0.5956 2.1844 3.55 -8.68 -2.85 136 270 177 173 125 
1.56 -6.37 -4.37 -1.6200 4.6100 -3.8200 4.1822 1.2656 0.5044 1.76 -8.85 3.82 146 289 186 177 139 
-1.61 1.23 7.80 -3.1300 8.3500 2.0000 2.1000 0.0089 -0.6911 1.66 -6.20 7.40 152 293 190 180 156 
2.77 -1.69 4.66 0.2200 5.3900 -1.1700 -4.5833 -0.7244 -0.8933 3.27 -8.52 3.57 148 287 195 182 158 
7.35 -13.53 -4.42 4.2900 -4.4000 -4.0600 -2.0222 0.8478 -0.4733 4.27 -8.80 -0.62 152 278 204 190 152 
14.44 -8.26 -4.34 10.1700 1.6400 -5.7100 -4.8511 15.2056 1.2422 3.98 -8.87 1.20 170 284 288 312 188 
-1.00 -7.66 -2.88 -2.0500 1.2800 -2.6800 -2.1989 0.4356 0.7533 0.27 -9.53 -2.25 171 297 299 312 187 
-2.56 -8.45 -10.18 -2.7700 0.5100 -7.5400 2.0844 -0.2322 -0.6911 0.57 -9.64 -1.70 175 295 296 306 190 
5.72 -0.87 21.26 6.1900 8.7800 21.0600 0.1356 0.2444 0.2644 0.89 -8.85 4.12 175 300 288 294 188 
2.97 -7.56 1.83 1.0600 1.8200 -0.5800 -3.9800 -0.5256 0.5200 1.05 -9.65 -1.36 174 298 293 301 190 
-6.90 -10.93 -12.93 -6.6600 -0.5400 -9.2400 4.2344 1.0644 -0.4389 0.12 -9.80 0.04 178 299 294 308 190 
0.29 -2.00 10.52 0.7100 6.8000 7.1600 4.0711 -0.0822 -1.8867 1.86 -7.60 5.90 176 300 296 306 180 
7.42 -4.33 7.29 1.4200 2.6600 1.3400 -1.4378 -3.5722 1.2711 3.98 -8.05 3.93 178 296 289 286 177 
-0.45 -12.11 -1.45 -2.4800 -1.7400 0.0800 1.4033 -8.2933 1.7289 2.71 -9.41 -0.29 133 269 205 197 157 
3.67 -9.37 0.51 0.1300 0.2300 -0.6700 1.8444 -2.3956 -0.1289 2.62 -9.40 0.86 104 279 173 181 141 
5.12 -11.40 0.33 2.4700 -3.1100 -1.1900 1.4489 -0.4000 0.3356 2.50 -9.18 2.36 106 286 183 187 142 
3.94 -10.56 -0.45 1.8200 -1.2900 -5.3100 3.7778 0.9789 -0.1711 1.98 -7.10 6.46 113 297 187 192 147 
-0.73 3.37 8.76 -2.1800 7.7100 0.5100 2.7700 0.7300 -0.3922 0.86 -2.50 9.44 114 316 197 193 151 
0.18 0.99 7.76 -0.9300 3.9700 -1.7500 -2.9644 -0.8400 -0.0389 1.58 -4.97 8.30 118 316 200 197 150 
1.24 -9.40 4.76 -0.6200 -1.5400 -0.9100 -1.1356 -0.6611 0.3667 2.09 -7.09 6.43 126 313 201 203 155 
2.78 -4.09 3.96 -1.8100 3.3100 -0.9000 -4.8578 -0.6044 -2.8856 5.03 -8.32 1.25 136 298 234 235 174 
;
