1.15 -1.52 9.69 0.0200 0.0900 0.0300 0.0011 0.0000 -0.0011 1.11 -1.64 9.60 165 277 282 315 215 
1.15 -1.57 9.52 0.0300 0.1100 -0.0300 0.0011 0.0089 0.0022 1.11 -1.64 9.60 164 278 283 315 216 
1.12 -1.56 9.55 -0.0400 0.0900 -0.0500 0.0011 -0.0022 0.0000 1.11 -1.64 9.60 164 277 283 314 215 
1.10 -1.56 9.56 -0.0300 0.0600 -0.0400 0.0011 -0.0178 0.0022 1.12 -1.64 9.60 161 274 280 303 216 
-7.40 -6.84 6.47 3.4600 -1.9500 -12.6300 6.9244 -27.0011 7.0078 8.31 -4.13 -3.16 122 244 167 168 176 
-0.83 -2.57 0.46 -5.9800 6.1000 2.4900 2.8844 -0.1178 0.8144 3.75 -9.01 -0.91 111 252 172 176 173 
3.17 -6.10 0.88 -0.2500 2.0400 0.7700 0.2667 -0.3633 -0.0589 3.87 -9.00 0.09 113 257 174 179 174 
6.42 -13.99 -2.94 2.4000 -4.7300 -4.1500 2.7444 0.1211 1.5533 2.62 -9.15 2.35 116 264 178 183 179 
0.24 -2.39 5.65 -1.2100 6.3500 0.8100 2.4033 0.6033 0.0611 1.47 -7.04 6.66 122 268 184 183 181 
-0.34 1.41 7.94 -2.1900 8.4400 1.2900 -3.0867 -0.7767 -1.2233 2.71 -7.85 5.20 122 271 187 184 182 
7.22 -11.18 -3.53 4.2900 -4.1900 -5.2000 -2.9578 0.0311 -1.4756 5.02 -8.42 -0.13 123 252 191 188 186 
5.63 -9.73 -0.69 0.4200 -1.0500 0.0200 0.0878 -0.0122 0.2600 5.00 -8.41 -0.54 126 258 194 189 187 
4.35 -7.72 -0.21 -0.5700 0.7800 0.2600 -0.1856 -0.1122 0.0500 4.90 -8.47 -0.59 129 260 194 191 188 
5.31 -8.13 -0.52 0.3100 0.2200 0.2100 -0.1778 0.0733 -0.1156 5.06 -8.36 -0.77 127 260 196 190 189 
5.19 -8.24 -0.88 0.2500 0.1100 -0.0200 -0.0411 0.0133 0.0078 5.10 -8.32 -0.89 127 260 195 192 189 
6.01 -9.52 -1.21 1.5800 -1.8000 -0.6200 0.4978 0.1111 0.2400 4.93 -8.45 -0.55 128 270 196 192 188 
6.62 -10.60 -1.54 2.0300 -0.9700 -2.2700 2.5833 0.7856 0.8589 3.96 -8.69 2.17 130 284 196 192 188 
0.09 -4.56 4.25 -3.0900 3.6200 -0.5800 2.0778 0.7444 0.9367 1.86 -7.56 5.95 132 286 184 191 190 
-0.61 -1.18 7.81 -2.0900 5.9900 1.1200 -1.1944 -0.3667 -0.8378 2.44 -7.57 5.72 131 289 195 192 190 
3.40 -7.17 1.82 0.1900 1.0800 -1.6800 -2.5089 -1.2411 -0.7144 4.11 -8.65 2.07 131 284 197 195 191 
7.26 -12.57 -2.21 2.8000 -3.4800 -1.8600 -0.6544 -0.3878 0.0067 4.49 -8.70 -0.48 113 284 201 194 191 
4.20 -7.59 0.15 -0.6800 1.4800 0.7500 0.1333 0.1733 -0.2267 4.60 -8.65 -0.21 132 282 202 195 189 
4.84 -4.42 1.81 -0.3500 3.7400 1.8900 -2.3811 4.4244 -3.6711 7.01 -6.85 0.05 133 272 224 214 201 
10.99 -3.64 2.72 2.5000 -0.2500 -1.1500 -1.8122 7.5156 -4.4733 6.85 -1.53 6.84 154 275 276 286 206 
;
1.26 -0.02 9.41 0.0400 0.1700 0.0000 -0.0033 -0.0022 -0.0011 1.43 -0.16 9.69 163 299 316 354 219 
1.44 -0.03 9.68 0.0000 0.1500 -0.0300 0.0000 0.0078 0.0011 1.43 -0.16 9.70 163 299 315 355 219 
1.41 -0.01 9.66 -0.0300 0.1700 -0.0600 0.0000 0.0133 0.0022 1.42 -0.16 9.70 163 300 317 356 219 
1.42 0.00 9.69 0.0000 0.1600 -0.0200 -0.0178 0.0078 0.0189 1.42 -0.18 9.70 162 287 307 341 220 
0.46 -0.10 11.89 -0.7100 0.3600 1.6400 -0.2444 -7.5133 2.0156 6.05 -1.82 7.49 132 242 174 174 181 
14.46 -5.27 -5.00 4.8800 1.1400 -0.5700 4.3922 -5.4311 4.5322 5.79 -7.48 -2.56 102 232 159 169 168 
2.23 -5.22 -0.72 -1.3100 3.9800 0.0700 2.1844 0.4189 0.7111 3.35 -9.18 0.73 104 238 155 177 170 
2.39 -6.33 2.82 -0.3600 1.9100 0.5000 0.5711 -0.2511 0.0478 3.09 -9.02 2.26 106 244 173 181 173 
5.74 -12.56 0.94 1.2800 -2.0900 -2.2800 2.5367 0.7611 0.6078 2.36 -8.22 4.79 108 259 177 182 175 
-1.71 -0.58 7.07 -3.1500 6.6600 0.9400 1.0844 0.2022 -0.3844 1.77 -6.47 7.14 111 264 179 185 175 
1.19 -1.64 6.96 -0.9100 5.4300 0.4200 -3.0522 -1.1389 -0.4800 3.05 -8.01 4.76 111 262 182 184 175 
4.71 -10.78 -1.13 1.8700 -3.0600 -3.2800 -2.2533 -0.9233 0.0233 3.75 -9.05 0.37 112 257 165 186 178 
4.52 -10.33 -1.37 0.3900 -1.2700 -0.6100 -0.2322 -0.1211 -0.0133 3.70 -9.05 -0.67 112 260 188 187 178 
4.00 -8.76 -0.70 0.3000 0.3400 0.0700 -0.1333 0.1200 0.0078 3.74 -9.02 -0.83 112 260 187 189 179 
3.96 -9.18 -0.85 0.7900 -0.2700 -0.0200 0.1333 0.1678 -0.0544 3.78 -9.01 -0.71 113 259 188 187 178 
6.50 -13.08 -2.40 2.7200 -3.6400 -2.8400 1.9267 0.6811 0.6544 3.33 -9.14 1.20 112 261 187 189 179 
1.34 -5.85 1.92 -1.7300 3.4000 -1.3500 3.0900 0.4367 1.0256 1.85 -7.93 5.44 113 267 186 188 180 
-0.29 -0.13 8.91 -1.4600 6.7700 1.5000 -0.5800 -0.3756 -0.6089 1.96 -7.02 6.55 113 269 188 189 181 
1.99 -5.09 3.49 -0.8500 3.2000 -1.5200 -3.1189 -0.9633 -0.5244 3.32 -8.74 2.94 112 265 190 188 180 
6.79 -13.40 -2.98 2.5800 -4.6200 -2.8200 -1.3778 -0.5533 -0.4989 4.30 -8.78 -0.72 109 264 192 191 180 
4.87 -6.60 0.42 -0.4500 2.3300 1.8200 -0.8056 1.6044 -1.2300 5.50 -8.05 -1.00 114 258 194 190 180 
8.14 -4.56 0.04 0.9900 1.2100 -0.4800 -3.3533 7.3722 -4.2800 8.36 -4.51 2.42 150 262 224 216 201 
6.79 -2.37 8.19 -0.1100 0.1800 0.9400 1.1044 4.1722 -2.1511 4.32 -1.10 8.72 171 298 283 337 204 
0.94 0.28 8.65 -1.2400 -0.2100 -2.0600 0.3700 3.1633 -1.3744 1.58 0.80 9.64 176 312 326 372 214 
;
