-1.87 6.49 6.89 0.1200 -0.1500 -0.0100 0.0133 0.0067 -0.0011 -1.98 6.67 6.90 183 336 313 344 198 
-1.92 6.50 6.93 0.0600 -0.1700 0.0500 -0.1778 -0.1033 0.0211 -1.90 6.54 7.05 181 292 286 332 201 
-1.47 7.30 11.86 -1.4600 1.7500 2.8500 -1.5233 -3.6667 2.6422 2.20 4.09 8.63 179 263 163 157 166 
12.05 2.73 5.99 3.5600 1.7100 0.7900 0.6778 -7.0300 5.8089 9.47 -1.90 1.67 142 255 143 139 140 
2.00 -0.63 -0.14 -5.3400 6.9800 -0.3300 2.3978 1.3367 4.3433 4.18 -8.66 1.85 132 267 153 155 146 
0.88 -10.29 2.23 -0.7500 -2.5900 -1.8600 0.7467 0.4933 0.6467 1.94 -8.98 3.42 129 271 156 154 144 
1.14 -6.83 1.67 -0.7200 2.6200 -3.2900 3.3433 0.9022 0.9122 0.41 -6.86 6.98 135 284 160 157 149 
-2.16 4.63 15.25 -1.8400 9.4000 5.7400 -1.4633 -0.0256 -0.5244 0.02 -5.53 8.09 134 281 163 161 154 
1.56 -4.65 4.65 0.5500 1.5100 -2.1700 -4.3589 -0.1656 -1.6644 1.94 -8.93 3.55 135 270 166 158 148 
4.71 -13.06 1.24 2.0700 -2.5500 1.3800 -2.1700 3.0933 -1.2456 2.68 -9.31 1.48 151 268 192 179 179 
2.14 -10.83 0.26 -2.3000 -1.2200 1.3900 -3.5267 -0.0811 -0.0444 3.63 -8.88 -2.00 170 304 275 292 193 
3.48 -5.34 -5.61 -0.4800 3.2700 -2.4900 -0.3778 -0.5933 0.7089 2.21 -8.30 -4.72 174 307 277 312 195 
0.19 -3.80 -7.09 -2.8300 4.5400 -4.5900 3.7811 1.1111 -0.3322 2.28 -9.45 -1.23 174 298 282 310 194 
1.23 -0.34 -0.97 -2.5700 9.6300 -4.9300 7.3000 0.9533 -1.0144 3.28 -5.47 7.44 175 300 287 310 193 
-1.34 10.63 24.22 -6.4600 7.8800 14.7200 0.1122 -1.4700 0.0078 2.42 2.04 9.27 177 299 291 314 193 
3.62 2.02 9.59 -0.0900 0.7800 0.1300 -0.8733 -0.3900 -0.2911 3.53 0.83 9.10 180 303 294 319 196 
3.99 0.13 7.76 0.3200 -0.3100 -1.1200 -0.0022 -0.0600 -0.2022 3.77 0.54 9.03 175 297 295 315 197 
3.51 1.41 9.71 -0.4300 0.7000 0.8400 -0.2933 -0.2444 -0.3189 3.95 0.50 8.95 178 290 235 218 181 
6.70 1.49 8.77 4.1600 0.4200 -0.5100 2.3856 0.9511 -0.1089 3.28 2.03 9.01 178 223 164 162 138 
6.64 4.25 10.58 0.8300 1.3200 1.7400 -0.4456 -2.2200 4.5867 6.72 0.57 7.11 181 180 158 152 144 
2.35 -0.80 5.53 -5.7200 1.1300 -0.1300 -0.6122 -1.7844 1.4256 8.24 -3.17 4.25 187 180 156 157 146 
5.96 -1.13 2.26 -2.1500 1.9800 -0.5000 -1.7956 -1.8567 -1.8400 9.50 -2.21 0.92 187 185 145 163 145 
14.50 0.44 -2.11 4.3800 0.5900 -3.1800 -0.8033 -0.2522 -0.5600 9.79 -0.17 0.33 186 188 156 171 146 
10.42 0.10 0.67 0.3900 0.3400 0.4800 0.1311 0.2578 0.0822 9.79 -0.19 0.47 186 188 152 169 145 
;
