1.73 -2.10 9.43 0.3000 0.0800 0.2000 -0.0156 -0.0167 0.0089 1.52 -2.13 9.44 162 267 252 260 176 
1.78 -2.09 9.46 0.1700 0.0200 -0.0800 0.0033 0.0022 -0.0033 1.55 -2.13 9.44 163 262 256 260 178 
1.71 -2.27 9.42 0.0600 -0.2500 0.0100 0.1767 -0.1500 -0.0067 1.64 -2.02 9.45 162 272 247 249 175 
2.86 -0.96 13.96 0.0600 0.3000 4.1200 -0.5822 -2.8367 -0.2278 4.22 -1.63 8.69 112 276 177 170 150 
12.36 -2.86 0.58 2.9900 0.3800 -3.1700 3.4200 -7.5267 4.6789 8.55 -4.73 0.71 103 263 162 175 146 
6.90 -5.72 -1.07 1.3400 1.1700 -1.3000 2.2578 -2.3489 2.5967 4.33 -8.77 -0.64 101 252 164 175 145 
4.15 -9.23 -1.71 0.9700 0.4900 -3.1200 3.8433 0.3867 1.2667 2.03 -8.84 3.70 101 263 157 176 143 
-0.77 -1.42 8.77 -2.0800 5.7400 2.3100 1.6611 0.3133 0.0978 0.94 -6.52 7.25 106 268 175 177 145 
1.48 -2.52 7.61 0.6000 3.7300 0.2900 -1.9611 0.1044 -0.8600 1.59 -7.44 6.17 103 271 177 180 147 
2.84 -8.67 3.49 0.6500 -0.2000 -0.8600 -2.0778 0.3856 -0.4656 2.17 -8.88 3.54 109 268 175 176 148 
3.06 -10.39 1.90 1.1300 -0.7500 -0.0300 -1.7622 1.0067 -0.8100 2.83 -9.28 1.36 143 256 215 212 168 
9.88 -11.76 1.33 5.4100 -1.4000 2.0000 -1.6311 6.9611 -0.8933 3.93 -8.85 1.50 161 303 262 307 180 
2.16 -8.47 -3.37 -0.9100 0.2800 -4.6700 -1.5933 1.0444 1.3244 1.84 -9.58 -0.93 165 321 279 314 183 
1.44 -6.51 -5.69 -0.1300 3.4300 -5.2100 2.6922 0.0600 0.1967 1.31 -9.65 1.05 175 326 286 312 183 
4.05 -1.08 -1.41 2.4600 7.4300 -6.5000 7.5022 -1.7411 0.3856 1.87 -5.64 7.79 170 319 280 312 187 
2.03 5.64 25.32 -0.8000 5.9200 16.4400 0.5367 0.3700 0.2544 2.63 -0.13 9.44 169 313 270 304 187 
3.21 2.03 13.03 1.6600 4.5400 2.9200 -4.6633 1.9067 -1.5822 1.38 -5.04 8.29 171 302 271 299 184 
4.57 -3.49 1.53 2.7500 4.5700 -3.9100 -4.4744 0.2400 -0.1289 1.64 -9.23 2.86 169 307 265 298 188 
1.49 -8.83 -3.81 0.0000 0.6000 -4.0500 -0.6056 0.4267 0.0356 1.46 -9.69 0.08 169 309 279 297 185 
1.58 -9.73 0.62 0.0900 -0.0600 0.4700 -0.1511 0.1778 0.0389 1.46 -9.69 0.10 169 308 270 298 188 
1.55 -9.62 0.12 0.0700 0.1400 0.1600 -0.2322 -0.0011 0.1444 1.30 -9.71 -0.21 172 309 269 301 187 
1.29 -9.40 -0.49 -0.0700 0.2400 -0.2900 -0.0189 -0.0200 0.0344 1.22 -9.72 -0.33 171 307 277 300 189 
2.45 -10.17 -7.26 1.6200 0.1800 -7.2900 2.5356 0.3344 0.3756 0.96 -9.67 1.27 169 313 277 306 190 
2.16 1.23 -0.92 1.7700 9.6700 -6.2200 7.3700 -0.8356 0.9756 0.47 -5.22 8.28 172 313 285 307 186 
-5.24 4.07 22.69 -3.3700 3.4800 13.5000 0.9167 -0.5456 0.5667 0.03 0.46 9.79 173 311 289 303 189 
-1.36 2.03 13.46 -0.7400 3.3100 3.0800 -3.5178 -0.6344 -1.1544 1.06 -3.41 9.12 174 309 285 296 189 
3.42 -3.31 4.68 1.3500 3.6100 -2.3200 -4.3767 -0.9833 -0.2011 2.56 -8.13 4.84 173 304 274 286 189 
1.80 -7.69 -1.31 -0.6400 1.4100 -3.0100 -2.5533 -1.1267 0.0767 2.56 -9.46 0.13 172 299 273 277 186 
2.03 -8.56 -4.31 -0.4900 1.0000 -3.0200 0.3222 -0.3367 -0.5411 2.99 -9.28 -0.96 172 281 260 246 184 
;
