-0.71 -0.43 9.70 -0.0200 -0.0400 0.1000 -0.0200 0.0133 0.0089 -0.72 -0.42 9.77 170 361 352 392 218 
-0.69 -0.46 9.72 -0.0200 -0.0200 -0.0300 -0.0033 0.0011 0.0033 -0.72 -0.42 9.77 170 359 353 392 219 
-0.81 -0.46 9.68 -0.0500 0.0100 -0.0300 -0.0089 -0.0100 0.0033 -0.72 -0.42 9.77 167 359 351 392 219 
-0.75 -0.41 9.75 0.1600 0.0800 -0.1200 -0.1478 -0.0922 0.0233 -0.59 -0.59 9.77 171 353 350 387 219 
-1.22 -0.86 10.01 -0.4700 -0.2200 0.4100 0.1422 -0.2078 0.1944 -0.32 -0.56 9.78 178 310 343 366 218 
9.89 -1.77 14.30 6.9200 -0.4900 4.1100 -1.6522 1.9456 5.8133 -0.15 -2.65 9.43 186 217 166 196 190 
-2.19 2.14 4.85 2.5000 5.8900 -4.9100 -2.7933 4.3667 5.1367 -6.80 -2.07 6.74 187 156 146 169 166 
-12.97 3.14 5.19 -3.5300 1.4600 -0.5500 0.1822 0.0789 0.4211 -8.06 1.45 5.38 189 161 153 172 169 
-7.73 1.75 5.38 0.3600 0.2700 0.2700 0.0644 -0.1811 -0.4600 -8.03 0.95 5.53 186 166 167 177 171 
-7.66 1.04 5.77 0.2000 0.2300 0.1100 0.0522 -0.3100 -0.1578 -7.94 0.80 5.69 189 169 170 180 172 
-6.98 0.74 5.42 1.0400 0.4800 -0.7300 -0.6911 -1.5511 -1.2811 -7.22 -0.45 6.61 182 180 159 184 173 
-6.80 -0.36 8.44 -0.7000 2.1100 -0.1400 -3.2089 -1.8800 -3.8311 -3.69 -5.37 7.32 184 244 172 196 178 
0.94 -10.36 6.03 1.4300 -2.6100 -0.1400 1.7833 -1.1600 -0.0889 -0.76 -6.52 7.27 146 290 176 191 178 
0.72 -4.73 9.55 0.2000 0.4500 0.9600 0.8533 -1.1844 -0.3611 1.12 -4.84 8.44 112 317 175 189 174 
5.50 -3.07 6.41 3.3200 0.9800 -1.8200 2.0211 -1.8111 0.4044 2.91 -3.02 8.86 104 319 170 185 173 
6.51 -2.39 15.92 -0.0300 1.0000 7.1800 -1.0678 0.0278 3.1233 4.27 -3.86 7.93 109 341 169 189 172 
-1.41 -3.92 5.54 -4.5100 2.7900 -2.1000 -1.6444 0.9244 -0.6522 3.03 -6.56 6.61 110 348 174 190 174 
3.22 -0.51 0.33 -0.0700 5.8400 -5.1400 0.5344 0.0467 -2.7044 5.37 -5.25 6.30 114 351 174 190 173 
10.22 -1.13 5.10 3.7300 1.6500 -1.2100 1.7356 -0.8022 -1.3378 7.06 -1.99 6.50 118 349 177 190 174 
14.23 -1.25 9.60 6.2300 -0.7500 3.6100 1.4533 -0.5667 1.2800 7.71 -0.63 6.01 118 349 178 191 174 
3.12 -1.37 8.01 -4.7200 0.9400 1.8500 -1.1633 0.0244 1.2878 7.50 -3.14 5.48 118 348 177 193 175 
5.89 -1.55 5.64 -1.1300 2.0000 0.5000 -1.0411 0.9789 -1.3989 7.06 -3.17 6.01 148 316 207 214 197 
3.90 -2.43 6.54 -0.7400 0.6200 -0.8000 -0.7222 5.2589 -3.4322 2.75 -2.49 9.07 176 326 280 325 209 
2.05 -2.58 11.31 -0.0600 0.5600 0.8900 1.6111 1.5567 -1.5922 -0.31 -0.95 9.75 180 365 320 383 211 
;
