1.46 -2.53 9.36 -0.1500 -0.0800 0.0100 0.0033 0.0089 0.0222 1.63 -2.43 9.35 166 317 305 298 195 
1.76 -2.45 9.35 0.0200 -0.0500 -0.0900 -0.0089 0.0022 -0.0089 1.62 -2.45 9.35 163 319 312 296 190 
1.60 -2.52 9.31 -0.0300 -0.0700 -0.0300 0.0078 0.0167 -0.0011 1.60 -2.46 9.35 168 316 302 291 190 
1.47 -2.60 9.47 -0.0500 -0.1800 0.2000 0.1556 0.1489 0.1956 1.49 -2.38 9.39 169 313 296 297 192 
4.71 -1.28 11.46 3.5000 1.5900 2.9100 -0.5778 -1.9656 1.1578 3.10 -2.92 8.82 171 255 229 221 194 
8.80 -3.09 10.07 4.1100 2.3500 1.9700 0.3411 1.7167 5.1600 1.28 -4.26 8.73 187 171 138 156 145 
-4.72 1.84 4.83 -2.0500 4.9800 -3.7300 1.1600 1.9167 3.8156 -4.93 -2.64 8.05 188 163 150 149 140 
-9.24 -0.57 -4.17 -4.8200 2.4700 -5.7300 3.0489 1.2833 -0.3956 -5.95 0.89 7.73 190 164 151 156 147 
-3.95 0.50 10.01 1.0800 -0.5200 0.8600 -0.1389 -0.2278 0.0367 -5.72 0.86 7.91 188 171 157 160 152 
-4.75 0.73 7.62 0.7500 -0.0500 -0.2100 0.0778 -0.0867 -0.0111 -5.69 0.82 7.93 185 177 152 163 154 
-5.12 0.92 8.43 0.2200 -0.1000 0.2100 0.0278 -0.3711 -0.0411 -5.27 0.85 8.21 186 176 160 166 150 
-5.80 0.66 5.52 -0.8900 0.1500 -3.6400 4.1756 -3.9422 -1.1867 -2.66 3.16 8.88 188 205 169 172 164 
1.87 8.46 10.24 1.7200 2.1200 1.4700 3.1922 -4.3078 2.4100 3.56 6.65 6.26 189 306 238 286 195 
8.52 4.46 5.12 -0.0700 1.9600 1.5900 -2.0256 -2.7456 6.5511 9.47 -1.13 2.27 187 319 295 319 202 
4.38 -2.79 0.51 -4.7900 2.9700 0.7300 -5.4211 -1.4811 4.0044 6.13 -7.08 -2.87 187 287 275 306 205 
2.72 -5.64 -15.49 1.7600 -2.8800 -6.5300 -1.9578 -0.8833 0.0578 2.79 -3.04 -8.89 179 283 272 294 204 
3.58 -3.54 -8.54 0.4200 -0.3100 0.4200 0.3511 0.3289 0.0778 3.11 -3.20 -8.73 182 288 275 300 209 
3.54 -2.72 -7.75 0.3800 0.5000 0.5500 -0.0667 0.4044 -0.0478 3.63 -3.31 -8.48 175 285 278 297 203 
7.16 -3.84 -8.02 -1.2200 -1.3400 -2.4600 2.2644 9.1989 -2.4556 9.12 -3.11 -1.80 182 274 277 307 202 
7.01 0.68 2.23 -1.8100 0.8100 -2.8300 3.8622 5.3700 -2.0889 6.14 2.83 7.10 187 289 290 310 203 
4.16 9.00 6.70 0.4500 3.7600 0.9500 3.9344 1.2889 1.1144 3.97 6.85 5.77 183 297 289 310 200 
6.55 10.36 7.23 0.0900 3.1600 1.9600 -0.7556 -2.1344 6.1311 8.29 3.81 3.56 187 305 299 319 204 
4.06 2.73 2.51 -4.8700 4.6400 0.0300 -3.4411 1.2211 4.3278 7.94 -5.16 2.51 191 298 289 320 206 
-1.14 -4.37 -1.97 -7.7800 3.5900 -1.5700 -7.6800 -2.6078 2.3467 3.41 -7.35 -5.50 188 267 250 291 205 
4.63 -3.42 -18.83 1.8700 -1.0600 -9.6000 -0.3078 -0.1111 0.1967 2.36 -2.49 -9.18 183 278 264 292 205 
2.26 -2.73 -8.57 -0.3300 0.6100 0.5600 0.5311 0.3078 -0.0944 2.71 -3.23 -8.84 188 287 268 302 205 
1.96 -3.31 -8.11 -0.5900 0.1600 0.5700 0.3167 0.1489 -0.2644 3.03 -3.65 -8.57 184 285 267 304 208 
;
