9.25 1.52 2.83 0.0500 -0.0300 -0.1200 0.0011 0.0056 0.0044 9.20 1.55 2.99 169 298 277 305 223 
9.25 1.52 2.90 0.0400 -0.0200 -0.0600 0.0100 0.0222 -0.0022 9.20 1.55 3.00 170 296 276 304 222 
9.12 1.57 3.01 0.0100 0.0000 -0.0700 0.0033 -0.0089 -0.0033 9.18 1.56 3.05 172 298 275 304 222 
9.52 1.58 3.01 0.2700 0.1400 -0.0500 0.0833 0.0944 0.0744 9.16 1.53 3.13 171 297 269 281 208 
14.41 0.38 1.23 5.7000 -0.6200 -2.0100 1.7056 -1.2711 2.7244 9.45 0.05 2.61 186 304 229 223 161 
8.00 1.10 2.73 -0.8200 3.2800 -4.7400 2.2789 8.3489 3.1778 3.86 -1.79 8.83 194 210 200 194 146 
-4.95 3.80 2.98 -4.2000 3.3200 -2.7900 0.7311 4.9489 2.9011 -6.14 1.18 7.55 196 193 190 188 140 
-7.25 0.74 4.13 2.3300 -0.5700 -0.9000 0.0556 -0.8411 0.4878 -6.21 1.75 7.38 195 195 195 186 137 
-6.32 2.03 7.68 -0.8200 0.3500 -0.5400 -0.3000 -1.2367 -0.7522 -5.07 1.10 8.32 197 203 198 192 142 
-4.46 1.39 9.49 -0.9400 1.4600 0.3100 -1.5478 -4.3378 -2.0933 -0.45 -1.11 9.73 194 222 211 205 153 
4.08 -0.66 6.09 0.0600 2.2800 -2.8100 -3.4078 -4.7078 -0.8967 5.99 -4.19 6.52 173 234 216 211 161 
8.11 -6.22 -1.16 0.5300 -1.1500 -2.1800 -1.9678 -4.0667 -0.4133 8.43 -4.79 -1.44 172 248 223 221 168 
10.00 -4.96 -3.45 1.3200 -0.4400 -0.5300 0.0233 0.0667 -0.1478 8.49 -4.22 -2.47 169 262 226 216 170 
8.14 -4.04 -2.68 -0.5200 0.2500 -0.0200 0.1922 -0.6433 0.0944 8.27 -4.37 -2.91 170 268 236 234 175 
7.63 -4.64 -3.52 -0.1400 -0.2000 0.0700 -0.4900 -2.1700 0.2511 7.26 -4.56 -4.74 172 281 264 278 207 
8.67 -6.81 -9.64 3.2200 -2.4800 -3.0000 -0.8756 -2.5233 1.1933 3.87 -4.12 -8.01 189 293 284 318 223 
2.18 -4.75 -7.86 -0.1600 1.3900 -0.1000 3.1744 0.2944 0.8489 2.51 -7.08 -6.30 199 351 333 405 221 
1.18 -2.84 -2.16 -1.4000 4.8200 1.9700 0.1900 0.5578 -0.0644 2.98 -8.46 -3.95 200 377 347 413 220 
2.07 -4.59 -2.36 -0.9800 3.5700 1.6100 -0.2200 0.1700 -0.4044 3.52 -8.24 -3.97 199 368 345 410 221 
3.71 -6.36 -3.71 -1.0600 1.1200 0.7300 -0.6411 -0.2356 -0.9200 4.48 -7.40 -4.61 194 299 290 300 212 
;
