-1.11 4.40 8.69 0.0400 0.0000 0.0000 0.0078 0.0156 0.0078 -1.18 4.39 8.68 179 341 337 394 204 
-0.99 4.36 8.73 0.5600 0.0000 0.0900 -0.0667 0.1344 0.0589 -1.20 4.35 8.70 179 329 321 391 203 
4.64 3.86 14.89 5.7000 0.3300 6.4900 -0.5967 -0.5700 4.9067 1.52 2.91 9.23 185 236 222 232 179 
2.78 4.81 10.30 0.8400 3.4400 -0.8100 -1.6422 4.1200 3.8500 -2.05 0.35 9.58 189 182 186 202 155 
-1.01 2.05 3.38 4.2000 1.8400 -4.8900 -0.3500 2.2189 2.2556 -6.22 0.61 7.55 192 183 187 201 154 
-5.79 2.37 6.25 1.3600 1.0700 -1.1600 -0.6456 -0.1456 -0.1878 -6.51 0.93 7.26 194 187 190 203 155 
-6.85 0.79 8.39 -0.8900 0.0900 1.1100 -0.0500 -0.6144 -0.7389 -6.01 0.47 7.72 193 198 196 215 161 
-5.47 0.76 7.57 -2.0700 1.9200 -2.1400 0.4200 -8.6367 -3.5489 1.16 -0.69 9.71 195 308 214 233 176 
7.58 -3.01 1.19 0.7300 0.2200 -2.7000 -3.9800 -5.5289 0.4011 8.70 -4.34 1.20 187 256 219 236 178 
11.58 -7.24 -1.28 1.8100 -1.7100 -0.8000 -0.4389 2.8367 0.5400 8.34 -5.07 0.87 174 256 237 251 190 
18.13 -7.45 -0.85 10.0500 -1.6500 -2.8600 -0.0822 0.6456 4.1322 6.10 -7.48 1.69 166 268 249 271 197 
-2.25 -4.36 2.32 -4.3800 5.0700 -0.2400 -0.0344 -0.3622 3.6522 -0.65 -9.59 1.92 166 268 261 286 199 
-2.61 -8.01 2.22 -1.1700 1.3500 0.3500 -0.5956 -1.6722 -0.7967 -0.48 -9.65 1.63 166 272 263 286 200 
-1.71 -9.89 -0.77 -4.5200 -0.0800 -2.9800 -0.8356 -6.1756 -2.6556 2.64 -9.43 -0.43 162 263 257 276 197 
6.45 -6.72 -7.52 1.6700 1.1600 -3.9900 0.7044 -2.7811 -1.6144 3.99 -8.23 -3.52 157 263 256 276 195 
;
