2.50 -3.73 8.73 0.0000 0.0500 0.0300 0.0044 0.0022 0.0000 2.51 -3.73 8.70 173 311 314 308 189 
2.47 -3.69 8.75 -0.0100 0.0500 -0.0200 0.0056 0.0011 0.0056 2.51 -3.74 8.70 174 315 313 310 187 
2.40 -3.80 8.76 0.0200 0.0200 0.1300 0.0422 -0.0256 0.0011 2.53 -3.71 8.71 174 315 312 307 190 
2.56 -3.67 8.77 -0.0100 0.0400 0.0300 0.0111 -0.0289 -0.0200 2.57 -3.69 8.71 175 311 312 307 187 
2.37 -3.75 9.56 0.2000 0.0600 1.6200 0.1911 -0.8044 -0.1722 3.22 -3.50 8.57 176 271 287 301 194 
10.11 -4.87 8.17 6.4700 -0.1100 1.8600 0.3433 -2.8589 4.3200 4.78 -4.99 6.95 181 186 154 179 161 
1.35 -2.59 4.28 0.8700 4.5500 -4.2300 1.7167 3.5811 4.3611 -1.76 -5.37 8.01 187 173 160 177 155 
-9.05 -1.56 -1.82 -8.8600 -0.9900 -14.7000 3.1533 0.8178 1.0556 -4.31 -1.20 8.72 188 173 163 182 155 
-3.30 -1.06 15.14 0.4700 -1.3400 2.5500 -0.6856 -0.4467 -0.0833 -4.86 -0.17 8.51 187 175 176 179 157 
-7.36 -0.22 9.83 -4.5600 0.2700 1.9600 -0.2878 -3.3578 -0.6244 -2.46 -0.96 9.44 188 191 173 185 161 
1.43 4.43 16.98 0.5300 10.1500 5.6500 -9.0022 -3.3644 -0.7844 3.80 -8.01 4.17 141 266 241 253 192 
-0.62 -4.19 -8.41 -2.2300 3.5200 -5.8000 -2.5389 -2.6489 1.8856 0.88 -8.69 -4.45 134 298 302 307 196 
-3.73 -4.92 -11.43 -3.9700 4.4600 -7.1500 3.9722 2.5111 -0.6000 1.07 -9.49 -2.22 147 310 301 321 198 
-0.86 6.34 0.32 -3.0200 15.2200 -3.7300 9.5722 -1.4111 -3.4656 4.63 -3.13 8.05 158 306 295 334 197 
7.11 5.88 28.07 1.5600 3.4400 15.7200 -1.3900 -0.4600 -0.4133 3.71 1.14 9.00 163 312 303 328 202 
4.91 -0.03 6.59 1.4100 0.5600 -1.3100 -0.3811 -0.7422 -0.0100 4.68 -0.31 8.61 162 291 288 293 199 
8.93 1.09 13.21 2.6700 3.7200 4.4100 -4.4778 -1.0844 2.4933 5.72 -5.03 6.16 161 304 292 311 197 
1.27 -3.76 -1.84 -2.2600 4.8200 -4.8800 -4.2522 0.5156 3.1622 1.78 -9.64 0.05 176 335 307 337 200 
-1.87 -8.32 -6.18 -1.7400 1.3100 -4.9500 0.0122 0.5078 -0.0200 0.54 -9.57 -2.03 179 333 315 340 199 
0.06 -3.90 -4.52 -0.9500 6.5600 -3.0700 6.8911 -0.3178 -2.2789 3.05 -8.01 4.75 177 316 308 334 204 
4.81 -5.38 17.28 3.4900 1.7900 7.6900 -4.3444 -0.8400 0.8044 3.25 -7.93 4.75 173 323 315 340 202 
-0.52 -7.68 -7.34 -2.5300 1.7800 -8.5000 -2.6267 -0.7556 1.1378 1.23 -9.62 -1.41 175 330 318 339 201 
0.32 -5.69 -3.52 -0.6900 4.4800 -2.6300 5.6967 -0.3767 -1.9467 3.09 -8.32 4.15 173 312 307 336 199 
6.18 -3.13 17.35 2.1500 2.0800 9.0600 -0.9356 -0.3589 -0.1211 4.09 -5.94 6.63 176 312 311 328 201 
4.12 -5.49 4.19 -1.1200 1.9100 -1.2700 -4.1000 -0.2633 1.2144 3.10 -9.06 2.10 178 315 315 335 202 
0.93 -9.31 -3.38 -1.5100 0.5800 -3.3100 -0.4733 -0.1578 -0.3167 2.66 -9.42 -0.46 174 313 314 338 200 
0.81 -7.42 -0.75 -3.0000 1.6300 -1.0100 0.6622 -0.4478 -2.1722 5.00 -8.42 0.34 172 315 311 338 203 
6.58 -4.95 0.76 -0.8100 2.3800 -0.3800 0.9144 1.0167 -3.0522 7.97 -5.38 1.89 170 308 308 328 203 
;
