-0.13 0.19 9.81 -0.0800 0.0000 -0.0200 -0.0044 -0.0033 -0.0011 -0.05 0.21 9.80 171 357 355 399 213 
-0.17 0.21 9.76 -0.1000 0.0100 0.0100 -0.0067 -0.0078 0.0000 -0.05 0.21 9.80 168 360 354 399 214 
-0.06 0.20 9.83 -0.1200 0.0100 0.0900 -0.0033 0.0022 -0.0033 -0.05 0.21 9.80 168 357 355 398 214 
-0.10 0.18 9.79 -0.0500 0.0000 0.0600 -0.0033 0.0011 0.0022 -0.05 0.21 9.80 170 359 357 398 214 
-0.30 0.21 10.05 -0.0300 -0.0100 0.0300 -0.1678 -0.1378 0.0367 0.04 0.08 9.80 167 324 350 378 214 
7.88 -2.18 17.45 9.5800 0.1500 7.5100 -1.8022 -1.4744 4.3722 1.58 -2.52 9.34 174 182 178 194 186 
1.07 3.53 5.31 2.0300 6.1300 -5.0400 -0.6922 2.4089 7.2589 -4.73 -2.33 8.26 184 145 155 182 159 
-15.95 6.40 7.85 -8.4400 4.1800 0.4800 0.4133 0.2378 -0.1444 -6.37 1.42 7.31 185 146 168 188 164 
-5.21 2.20 7.87 0.1500 0.7700 1.0400 -0.0511 -0.5833 -0.7022 -6.33 0.85 7.43 187 156 172 186 166 
-0.76 5.23 5.46 2.1500 4.1900 -3.8300 -0.0233 -9.0900 -0.8489 3.05 1.45 9.20 120 222 172 190 169 
12.17 -2.28 3.50 4.5300 -2.5300 -0.4000 1.9778 -4.9944 1.5633 9.55 -0.01 2.22 100 362 172 194 171 
16.21 -0.54 0.88 6.0700 0.1100 -0.8400 2.0556 0.9211 0.5167 9.67 -0.86 1.34 99 377 155 189 172 
6.14 0.87 -0.62 -3.9300 1.7600 -3.1000 2.0578 1.9478 0.1156 8.76 -0.27 4.39 101 379 179 191 172 
4.91 1.32 2.76 -1.0100 0.9500 -3.3200 0.0611 -0.4578 0.5600 8.23 0.31 5.31 104 382 188 193 173 
9.63 1.96 4.14 1.2100 1.9000 -1.6900 -1.0378 0.2667 -0.0878 7.93 -0.22 5.76 108 390 185 196 174 
8.41 -0.70 3.54 0.0000 0.2600 -2.0500 -1.1811 0.5667 0.1267 7.56 -1.58 6.04 107 393 185 196 176 
6.93 -2.80 7.98 -0.6600 -0.1700 1.1500 -0.2844 0.1033 -0.1222 7.40 -2.05 6.08 105 398 189 199 176 
3.92 1.17 5.32 -4.0500 3.5800 -0.4500 -0.9378 -0.5867 0.0356 7.69 -2.49 5.54 111 389 192 200 182 
;
