9.67 0.64 1.44 0.0400 -0.0300 -0.2700 0.0511 0.0044 -0.0278 9.63 0.74 1.68 178 240 251 245 185 
10.03 0.78 2.01 0.1100 -0.0200 0.2900 -0.0811 -0.0422 0.1356 9.61 0.78 1.75 178 239 250 246 184 
9.22 0.77 1.54 -0.4500 0.1600 -0.0200 0.0356 0.2044 -0.0656 9.61 0.68 1.80 179 240 237 227 181 
9.48 1.03 3.47 -0.0200 0.1600 0.8900 -0.1789 0.8044 0.2933 9.28 0.49 3.10 178 220 193 180 153 
13.42 -2.53 5.91 5.7400 -2.7100 2.0300 -0.4878 2.5389 1.7956 7.95 -1.26 5.59 183 176 150 159 136 
6.13 -0.24 2.20 5.3600 3.1300 -7.4100 0.4800 7.3556 3.9678 -2.88 -2.03 9.14 187 168 161 169 141 
-7.64 4.51 2.65 -9.9200 3.3600 -7.8300 0.9311 -2.0144 1.0478 -4.72 1.37 8.48 186 173 165 170 141 
-3.32 0.54 14.53 1.0800 -0.9800 4.5800 -1.0322 -0.5267 0.0178 -5.05 1.64 8.24 188 176 166 172 142 
-4.18 1.12 7.23 1.0700 -0.3500 -1.0100 0.2222 -0.1389 -0.2067 -4.83 1.49 8.39 188 179 169 172 144 
-4.68 1.02 9.13 0.1100 -0.4400 0.1600 -0.1156 -0.3911 -0.1322 -4.34 1.33 8.69 188 181 162 174 145 
-4.01 0.84 8.36 -2.4100 -0.8200 -0.8500 0.2033 -2.5756 -0.0967 -2.12 1.33 9.48 187 188 171 178 146 
6.87 3.80 13.42 3.0600 2.4600 7.5900 -2.5256 -5.5089 0.9011 7.02 -0.26 6.83 187 246 222 216 175 
8.86 -1.20 3.67 0.7400 2.4600 1.6000 -5.2100 -1.7533 4.1067 6.82 -7.01 0.64 185 305 266 288 185 
0.02 -2.77 -8.67 -3.1200 5.0200 -5.6400 -2.9900 -1.9911 2.4567 2.15 -7.92 -5.35 182 319 281 303 186 
0.05 -6.03 -8.91 -1.0100 1.8400 -2.4100 2.5389 1.8289 0.1322 1.56 -8.70 -4.23 185 292 270 289 185 
0.09 -1.08 -6.34 -3.0800 9.4600 -6.8900 6.0778 2.9633 -1.2967 3.01 -8.54 3.74 186 296 275 300 188 
-0.18 10.91 4.58 4.7100 15.6600 5.2400 10.2433 -2.3778 -0.1356 3.52 1.56 9.01 185 304 276 297 188 
7.94 1.07 9.36 2.2500 0.4500 -0.3000 -1.0644 0.5667 0.1033 4.43 0.04 8.74 186 303 277 295 190 
2.56 1.17 8.99 -1.1900 1.0600 -0.0500 -0.5822 -0.1833 -0.2033 4.10 -0.08 8.90 185 300 276 296 189 
3.39 0.36 8.64 -0.2000 0.7700 -0.7100 -0.6256 0.0800 -0.4856 3.50 -0.65 9.13 186 294 268 299 190 
3.23 -0.18 7.82 -0.5900 0.8900 -1.1400 -0.9400 -2.1989 -1.2422 5.07 -1.00 8.33 186 243 233 237 184 
6.10 2.93 7.06 2.6100 2.9700 -0.8100 -5.3078 -4.0867 -1.3089 8.61 -3.46 3.15 184 172 158 174 142 
11.68 -5.39 1.63 3.7400 0.3600 -3.4000 2.8578 6.8600 4.2867 3.53 -4.99 7.66 186 158 143 163 131 
-2.65 2.86 3.14 1.0500 6.3600 -4.9100 1.9311 1.5167 4.2556 -4.97 -1.11 8.37 188 165 153 167 132 
2.84 3.27 21.62 7.1900 1.6500 11.9100 -0.1678 -0.9856 0.0978 -4.87 0.61 8.48 190 170 162 171 134 
-5.87 1.44 8.84 -1.2000 0.8500 0.3500 0.1711 -0.0489 -0.1078 -4.73 0.56 8.56 183 170 163 172 135 
-5.58 1.38 8.10 -0.3700 0.6600 -0.4100 -0.0133 -0.3344 -0.2633 -4.55 0.57 8.66 179 174 164 173 137 
0.09 2.18 7.03 2.0800 1.8000 -3.1600 -1.1322 -4.9800 -1.4367 0.69 -0.67 9.75 183 185 169 188 149 
;
