5.41 5.74 6.00 0.4300 0.2100 -0.2000 0.0378 -0.0578 -0.1144 5.09 5.60 6.22 121 223 227 229 165 
5.45 5.57 5.70 0.2800 0.0200 -0.3500 0.0122 0.0578 -0.0044 5.20 5.60 6.13 123 222 222 230 160 
5.51 5.60 5.78 0.2600 0.0100 -0.2600 -0.0067 -0.0378 0.0033 5.26 5.60 6.07 121 222 224 232 163 
5.70 5.81 6.24 0.3900 0.2100 0.2200 -0.0544 -0.2367 0.1511 5.49 5.52 5.95 115 220 227 228 160 
8.88 6.99 8.75 4.4500 1.9000 2.8100 -0.2556 -1.0067 1.8167 7.06 4.47 5.11 104 213 229 221 150 
8.71 4.43 5.77 1.7400 0.9400 -2.1400 -0.2933 5.8833 2.0744 3.03 2.15 9.07 160 181 183 188 132 
0.73 2.17 3.58 3.2400 0.6200 -5.2900 0.0889 5.3256 1.6000 -4.99 2.36 8.10 182 161 172 179 125 
-9.42 2.19 -0.60 -3.1700 1.5700 -2.7300 2.5556 0.2011 -0.6511 -5.35 4.66 6.76 185 163 176 174 127 
-6.33 3.71 7.11 -1.2200 -0.1100 0.0600 0.0400 0.1278 -0.0633 -4.87 4.22 7.38 185 168 179 179 129 
-3.88 3.59 6.61 0.1700 -0.5400 -0.5400 0.3400 -1.2967 -0.0022 -4.43 4.26 7.63 185 172 181 179 130 
-2.65 6.07 9.74 -0.7600 2.7200 0.4700 -3.0311 -6.2144 -0.3978 2.28 2.27 9.26 187 195 192 190 145 
6.00 -0.58 2.64 -1.3300 0.2500 -3.4100 -2.5444 -6.1044 1.9311 8.92 -2.53 3.16 170 263 250 250 183 
4.02 -3.50 -3.82 -2.4900 1.4300 0.7000 -3.7144 -6.3456 3.1267 4.59 -4.68 -7.28 151 257 255 254 186 
3.99 -4.55 -12.97 1.0300 -1.4800 -3.4700 0.0722 -0.0333 0.0978 3.44 -3.07 -8.65 161 266 263 265 191 
4.61 -6.50 -12.52 1.5600 -3.7500 -4.2900 1.0789 -0.1189 0.2867 3.24 -3.93 -8.37 174 282 271 281 195 
2.77 -4.41 -8.66 -0.2500 1.3000 -0.7200 2.8411 2.1689 0.6733 3.56 -6.98 -5.88 184 325 311 332 162 
1.79 -1.86 -1.09 -1.8400 6.7300 0.9300 1.0056 0.5311 0.1156 3.35 -9.02 -1.85 184 362 327 351 166 
2.92 -6.93 -0.49 0.0000 1.5200 1.0200 -0.2611 0.0267 -0.2967 3.72 -8.91 -1.67 190 367 334 349 195 
3.72 -7.50 -2.29 -0.6400 1.3300 -0.5800 -0.2833 0.5267 -0.5289 4.24 -8.58 -2.10 187 358 332 349 172 
5.28 -6.74 -2.10 -0.1400 2.1200 -0.5300 -1.0133 0.8556 -1.4178 5.89 -7.41 -2.51 186 298 271 266 188 
10.04 -5.27 -6.58 5.6000 -0.3900 -3.9500 -2.6622 6.4700 -0.4244 7.91 -5.78 0.05 148 231 182 184 150 
-4.33 -9.21 -0.24 -8.5000 -5.0900 -3.7900 4.5667 0.4278 0.9578 1.29 -5.58 7.95 181 327 232 229 167 
1.12 -7.88 8.88 0.5200 -1.5600 1.4800 -1.7189 -1.6433 0.6267 1.45 -7.55 6.07 185 354 161 167 134 
2.65 -8.49 3.62 0.7600 0.6400 -1.1600 -0.3044 0.1322 0.0867 1.88 -8.58 4.34 182 350 173 175 140 
3.29 -5.22 2.63 1.5000 3.3100 -2.1500 0.5389 -0.2967 -0.7878 2.46 -8.30 4.60 182 354 178 178 142 
8.31 -8.86 5.11 5.3000 -1.8500 0.6100 1.6433 -1.3211 1.2122 3.00 -7.11 6.04 185 355 183 182 146 
-0.54 -11.84 12.91 -3.7700 -3.0300 6.7700 -0.9444 0.1144 2.7000 0.72 -7.88 5.78 182 362 183 180 146 
-3.25 -4.51 8.35 -2.1300 4.9300 3.6300 -2.3844 1.8356 -0.1067 -1.61 -9.22 2.91 184 367 180 185 138 
-1.34 -1.35 1.81 0.0200 8.3100 0.8200 -1.3300 1.3933 -1.5467 0.06 -9.80 0.04 187 369 185 186 142 
5.39 -3.19 -0.23 4.4300 5.9100 -0.9500 0.3589 1.2711 -1.4622 2.52 -9.47 0.18 185 364 184 184 144 
8.87 -9.62 -0.28 5.7500 -1.8700 -2.0100 3.3711 -0.9211 -1.2900 4.43 -7.91 3.73 187 365 186 188 145 
4.64 -10.61 9.18 0.6900 -3.3000 4.8700 0.9267 -0.8467 2.1056 4.03 -7.31 5.13 183 361 187 184 146 
2.01 -4.15 4.70 -1.4200 3.6000 0.0900 0.0011 0.0900 0.1233 3.74 -7.84 4.53 183 364 191 187 145 
4.20 -7.23 4.78 0.1100 0.4700 0.1200 0.1978 -0.0600 -0.1489 3.83 -7.66 4.76 186 365 190 186 148 
;
