0.02 2.91 9.39 -0.1700 -0.0200 0.0400 0.0000 -0.0089 0.0022 0.19 2.92 9.35 177 199 195 205 164 
0.01 2.93 9.42 -0.2200 -0.0200 0.0200 -0.0033 -0.0011 0.0011 0.17 2.92 9.35 176 200 196 205 166 
-0.01 2.90 9.36 -0.1600 0.0000 0.0100 -0.0033 0.0122 0.0089 0.16 2.92 9.35 176 196 197 204 164 
0.93 3.00 13.58 3.3100 1.1000 7.2700 0.4700 0.1900 3.1267 0.79 3.02 9.29 185 217 206 211 159 
-0.63 4.44 12.24 1.1600 2.7100 0.8800 -3.2756 5.4222 2.6756 -4.73 0.53 8.57 195 205 203 206 157 
-3.94 1.19 -2.37 3.4500 1.1200 -7.8100 -0.3911 1.5922 1.9433 -8.33 0.70 5.11 197 203 198 200 153 
-7.12 1.74 4.38 1.0700 0.9000 -0.7400 -0.0278 -0.7800 -0.5311 -8.23 0.41 5.30 197 205 199 200 154 
-8.91 0.41 6.26 -0.5600 -0.0900 0.4900 0.2444 -0.3789 -0.2578 -7.94 0.21 5.74 197 208 201 204 156 
-5.91 0.57 5.00 1.4700 0.5000 -1.3700 0.3111 -2.7578 -2.0122 -6.30 -0.67 7.47 193 237 220 214 162 
-4.90 0.59 7.99 -1.2700 4.1700 -0.7300 -0.6200 -3.6022 -4.1978 -0.42 -3.48 9.15 191 329 242 222 167 
6.61 -8.35 8.53 4.3600 -3.3500 1.3100 -1.9789 0.4533 -0.8656 2.26 -6.28 7.18 192 385 226 211 163 
2.80 -7.67 5.20 0.7500 0.2000 -1.2600 -0.4244 0.7833 0.1189 1.90 -7.11 6.47 194 394 223 210 164 
4.01 -5.72 5.32 3.0800 0.6700 -0.8600 0.0389 0.3433 0.4567 1.29 -7.31 6.39 195 394 220 206 162 
-3.84 -13.78 11.83 -4.5400 -6.1600 6.3000 -1.2422 0.4144 2.0022 -1.13 -7.91 5.68 195 391 218 209 168 
-6.34 -3.24 5.55 -4.6800 6.2900 1.4900 -2.2933 1.0400 -1.5422 -1.07 -9.50 2.17 197 392 213 214 168 
-0.09 0.04 0.00 -1.2100 9.2400 -0.8700 -0.2422 0.8844 -2.6856 2.57 -9.44 0.61 197 391 217 215 168 
11.31 -5.95 -0.28 7.2800 1.6200 -2.3000 2.3000 0.6411 -0.5689 4.45 -8.20 3.00 196 390 219 213 166 
7.84 -12.59 8.26 3.0900 -5.3500 4.7600 1.7056 -0.7478 2.8378 2.71 -7.67 5.46 194 389 225 214 167 
-3.53 -7.74 6.65 -4.1200 2.3700 0.6500 -0.5956 0.2322 0.1711 1.92 -8.39 4.68 195 391 224 214 168 
;
