1.22 -0.52 9.70 0.0000 -0.0300 0.0100 0.0011 0.0178 0.0089 1.18 -0.48 9.72 172 338 356 393 217 
1.06 -0.59 9.86 -0.0100 0.0100 -0.1200 -0.0078 0.0800 0.0133 1.10 -0.48 9.73 172 338 356 394 217 
1.07 -0.51 9.76 0.0000 -0.0500 0.0400 -0.0022 0.0600 0.0200 0.98 -0.49 9.74 172 338 358 393 217 
2.02 0.13 10.49 1.1900 0.7000 1.6900 -1.3256 -0.0678 0.3411 1.15 -1.57 9.60 171 271 300 266 213 
5.97 -5.28 11.97 2.7200 0.5300 2.3600 -0.8900 1.4867 5.8056 -0.27 -4.05 8.92 175 165 179 175 156 
-2.35 2.12 2.34 2.0900 4.4500 -5.8800 1.5056 1.6167 5.6056 -6.51 -0.93 7.27 185 147 168 171 147 
-8.74 2.88 7.12 -1.5900 1.2200 -0.6500 -0.3156 0.1767 -0.6322 -6.67 0.80 7.14 186 149 173 175 154 
-6.62 1.19 8.08 -0.1300 0.1600 0.6300 -0.1433 -0.1322 -0.1744 -6.52 0.64 7.29 186 155 177 178 155 
-5.96 0.95 6.38 0.1800 0.7800 -1.6600 -0.4856 -1.5933 -1.1622 -5.56 -0.44 8.06 192 161 181 179 157 
-4.83 -3.48 11.46 -1.3500 -2.6200 2.7000 -0.1500 -5.9067 -2.2878 0.41 -2.09 9.57 188 276 256 249 201 
6.78 -2.26 11.69 2.2700 -0.1500 3.2800 0.4189 -0.6478 1.8011 3.25 -1.56 9.11 190 349 314 333 210 
3.01 -0.03 5.99 -0.6100 2.5300 -3.4000 -0.2022 0.6789 1.2156 2.70 -2.57 9.06 191 361 331 367 210 
0.64 -0.84 7.31 -1.8100 1.6600 -1.6700 -0.0200 -0.3744 0.3022 2.38 -2.90 9.05 191 358 340 366 212 
2.26 -1.04 9.64 -0.2600 2.5600 1.3600 -1.5700 -1.4400 -0.8100 4.20 -3.86 7.97 170 319 317 369 219 
8.58 -1.45 6.97 3.3900 3.2200 0.3100 -2.1344 0.6933 -1.0933 5.66 -5.03 6.22 158 291 327 375 220 
1.11 -11.88 1.22 -3.8100 -5.3500 -4.0900 -1.7911 0.2433 -0.2244 4.94 -7.05 4.67 152 304 332 380 221 
;
