0.96 -0.39 9.79 -0.0600 -0.1100 0.0100 -0.0022 -0.0089 0.0033 1.01 -0.29 9.74 169 316 335 367 215 
1.04 -0.35 9.74 0.0400 -0.0500 0.0300 -0.0033 -0.0022 -0.0011 1.02 -0.29 9.74 166 317 335 369 216 
0.72 -0.44 9.66 -0.3100 -0.1500 -0.0900 -0.0100 -0.0444 -0.0056 1.03 -0.30 9.74 167 315 331 367 213 
0.87 -0.41 9.75 -0.0300 -0.0800 0.0000 -0.0444 -0.0911 0.0278 1.07 -0.33 9.74 167 299 326 358 216 
1.71 1.72 12.54 1.8300 5.7300 2.0200 -3.0878 -4.1467 1.7356 3.72 -3.20 8.48 167 205 183 203 191 
4.88 -6.31 6.88 -1.0500 -2.1500 1.1100 0.7811 -0.5511 3.7756 3.80 -5.72 6.99 174 167 173 188 170 
7.34 -5.59 7.86 5.3600 2.2700 -0.7700 0.8567 3.5933 6.2256 -1.80 -5.59 7.84 157 165 174 191 168 
-1.95 2.57 1.93 -2.4800 6.7100 2.3700 0.4822 1.9567 3.2722 -6.81 -1.33 6.92 188 166 177 192 164 
-6.35 -0.52 5.52 -1.7500 0.5900 0.2600 0.4678 -1.1944 -0.7522 -6.19 -1.61 7.42 190 174 184 195 168 
-1.94 1.31 8.71 -1.3100 5.0000 -0.3800 -0.1311 -9.7678 -3.4100 4.24 -2.73 8.40 131 300 179 189 172 
7.34 -7.82 -0.66 0.2000 -0.3300 0.1200 -0.5500 -2.6311 5.8756 4.53 -8.67 -0.55 99 296 178 188 166 
5.18 -9.82 -0.94 2.1900 -0.6400 -0.4900 0.7878 0.2467 0.4211 3.35 -9.21 0.09 112 296 176 190 167 
3.47 -12.11 0.69 0.8500 -2.7500 -1.1600 2.5656 0.8556 0.6311 2.22 -8.99 3.20 115 312 178 194 167 
0.94 -3.99 3.49 -0.6800 4.6200 -2.3400 2.6467 0.7311 0.1767 1.10 -6.79 6.98 116 327 185 196 166 
-1.27 1.22 9.28 -1.6700 7.2700 1.1400 -1.3033 0.0344 -0.6489 1.10 -6.44 7.30 116 330 188 197 168 
;
0.74 -4.29 2.54 -0.7800 2.2100 -3.6200 -3.9556 -1.5289 -1.5700 3.44 -8.67 2.99 118 324 188 198 168 
8.87 -14.39 -3.05 4.1000 -5.0200 -2.7100 -0.5433 -0.2911 -0.4000 5.05 -8.39 -0.38 119 318 191 198 168 
4.82 -6.58 0.45 -1.0800 1.5200 0.8200 -0.6667 1.4633 -1.5267 6.27 -7.53 -0.11 124 305 194 201 172 
9.05 -5.42 2.32 1.5100 0.5300 1.3100 -0.6022 1.2978 -1.1111 7.81 -5.74 1.42 124 296 195 204 171 
8.30 -5.07 1.82 0.0000 0.0000 0.4900 -0.5011 0.3200 -0.5278 8.21 -5.14 1.50 142 284 196 205 173 
11.41 -6.83 1.78 4.8000 -2.9600 -0.2600 -0.1056 6.4156 -0.8389 7.39 -4.09 4.97 176 186 198 209 173 
4.67 -1.76 7.94 3.8800 2.3000 -1.1900 0.3311 8.9189 3.6011 -3.06 -3.50 8.62 191 170 193 200 167 
-12.78 5.88 6.27 -6.0600 6.3100 0.3000 -0.3556 -0.0333 1.8478 -7.49 0.08 6.31 195 170 194 196 162 
-7.44 1.87 6.30 -0.0500 2.3600 -0.1500 0.0878 -1.7956 -0.8578 -6.55 -0.21 7.28 192 180 190 198 165 
-0.91 4.20 7.81 0.8500 5.3700 -0.9200 -1.5644 -10.9078 -1.3811 6.55 -1.91 7.03 110 258 190 201 166 
8.22 -8.70 -2.72 -1.3200 -2.4600 -0.7700 -2.5167 -0.5022 3.2167 5.22 -7.70 -3.08 102 278 195 202 165 
5.17 -9.28 -3.91 1.4100 -1.0400 -0.2300 0.6856 -0.1944 0.3100 4.55 -8.14 -3.00 108 296 195 198 165 
6.19 -12.13 -4.52 2.7200 -2.5100 -2.8300 2.9833 0.1800 0.1956 3.64 -9.10 -0.32 110 320 198 200 165 
3.68 -5.97 -0.03 0.3800 4.1200 -2.5900 3.5089 1.6289 0.9533 2.16 -8.10 5.07 113 329 199 202 165 
-2.79 -0.72 8.13 -4.3700 5.5200 1.2700 0.8444 0.2900 -0.5822 1.06 -6.24 7.48 118 332 202 202 166 
-0.45 -2.68 5.63 -2.7900 4.1100 -1.3200 -2.5978 -0.9856 -1.1700 2.76 -7.79 5.27 114 326 202 202 166 
;
