1.97 -2.12 9.32 0.1800 0.0600 0.0100 0.0344 0.0100 -0.0156 1.91 -2.07 9.39 188 307 287 279 188 
2.05 -2.00 9.58 0.1000 -0.0100 0.0900 0.1522 0.0300 -0.0478 1.88 -1.93 9.42 190 302 285 284 188 
1.62 -1.14 17.18 0.1300 0.8900 7.4200 0.4278 -1.8678 -0.1078 2.75 -1.21 9.33 183 244 152 185 195 
16.68 -4.71 0.86 6.6700 -0.6200 -3.4600 4.1333 1.3633 4.7967 5.85 -2.62 7.41 187 180 149 142 164 
1.85 2.24 7.31 -0.1000 5.2000 -3.5300 -0.7356 4.7233 4.3722 -3.51 -3.78 8.33 190 165 152 164 161 
-1.41 1.39 -2.14 -2.9400 2.6100 -12.1000 1.8667 -1.6444 3.0222 -4.66 -0.38 8.61 188 171 154 176 159 
-0.82 0.61 21.29 3.4500 -1.2400 8.3700 -1.2078 -1.1811 -0.0900 -4.24 -0.02 8.84 192 179 161 178 160 
-8.41 0.41 5.75 -5.8200 0.4900 -3.6300 2.7089 -6.9189 -1.5800 -0.02 0.85 9.76 163 247 162 168 160 
1.19 2.42 9.25 -3.1900 1.2600 -0.6500 -1.9922 -4.5233 -0.0011 6.52 0.08 7.31 129 328 159 175 161 
6.19 -0.50 -1.28 1.8100 0.3600 -8.4600 0.9011 -0.0378 -2.4211 7.03 1.00 6.75 132 342 165 170 162 
22.10 6.71 9.67 17.4100 5.3200 7.8600 3.2611 0.0644 3.3889 8.04 2.59 4.97 129 348 161 174 171 
1.47 5.39 8.38 -6.3400 5.3200 1.2300 -2.0989 2.4511 2.6911 5.76 -2.12 7.64 127 336 168 172 168 
-5.32 1.86 0.60 -10.8100 5.2500 -7.6500 -2.3000 0.2500 -3.5078 5.90 -3.60 6.94 131 343 167 179 168 
8.30 1.65 -2.51 3.8500 2.6300 -7.0500 2.1378 -2.3000 -2.9578 8.25 0.84 5.22 124 338 168 174 165 
18.25 5.32 11.48 6.3900 2.7500 7.5500 0.0722 -0.8822 1.4044 9.16 1.86 2.95 128 335 166 174 169 
17.01 -1.61 4.76 8.3200 -2.8300 0.3400 0.5711 1.8822 1.8156 8.65 -0.10 4.60 121 281 170 180 168 
7.18 0.64 1.00 -0.3200 2.1700 -6.8900 1.4633 3.0000 2.5933 5.16 -1.38 8.21 114 212 167 177 167 
-1.18 5.12 7.40 -3.3500 7.8600 -1.1300 1.6978 3.5356 -0.8033 1.87 0.28 9.62 120 176 172 175 162 
4.40 2.42 10.72 0.8900 1.3500 1.2100 -2.1256 3.9389 -3.1733 -0.09 -0.45 9.79 117 169 168 175 167 
-0.30 -0.93 8.07 1.7100 2.1100 -1.2300 -1.3478 0.8000 -1.1778 -1.90 -2.76 9.21 119 162 170 180 167 
-5.46 -8.88 6.77 -4.9400 -4.1200 -1.6200 -0.1711 0.2167 0.0600 -2.10 -4.07 8.66 114 170 172 180 162 
-4.15 -1.30 3.91 -3.1900 2.5700 -5.6000 -0.0056 -2.2167 -1.9133 0.68 -4.14 8.86 121 176 174 182 166 
4.77 -0.60 7.25 2.1600 3.3800 -0.0500 -1.8300 0.3944 -5.9378 4.66 -3.19 8.00 133 185 176 181 173 
;
