8.84 -1.23 -3.59 -0.0900 0.0900 -0.1200 -0.0178 -0.0411 -0.0356 9.03 -1.30 -3.59 146 231 225 224 161 
9.23 -1.48 -3.45 0.1500 -0.2700 -0.0300 0.1778 0.2633 -0.0578 9.09 -1.34 -3.41 146 232 225 224 159 
12.32 -2.14 -2.67 2.2600 -0.4200 -1.0700 1.8000 3.6744 -0.0922 9.68 -1.41 0.63 167 232 225 222 156 
8.61 -0.30 1.93 1.2200 0.7000 -4.7400 2.4422 9.8844 1.6056 3.08 -0.34 9.30 197 218 211 206 142 
-7.58 3.73 6.90 -4.4600 1.9200 -0.3500 1.2911 2.4589 1.0933 -5.58 2.57 7.64 198 204 200 194 135 
-4.77 2.22 8.26 0.3600 -0.1900 1.0100 0.0189 0.3900 -0.1378 -6.36 2.60 6.99 199 203 198 193 136 
-5.95 1.66 6.50 -0.0700 -0.7300 -0.5200 0.0878 -0.3478 -0.2667 -6.35 2.36 7.08 199 207 201 194 138 
-5.87 0.56 7.17 -0.0800 -1.4200 -1.4000 0.4467 -6.7700 -0.9678 -1.88 1.98 9.41 196 222 212 210 150 
6.17 1.44 6.66 0.7500 0.3900 -0.5600 -1.5933 -5.6422 0.8056 7.52 0.42 6.27 136 225 218 216 154 
9.87 -1.74 0.97 0.3600 -0.6900 -1.0800 -1.7778 -4.7100 0.6967 9.67 -1.51 -0.57 141 225 219 216 154 
;
10.24 -2.26 -4.62 1.3800 -0.4800 -0.3900 0.1578 -0.9178 -0.3189 8.40 -1.71 -4.75 142 225 218 217 153 
7.31 -1.76 -5.28 -0.6000 0.0600 -0.5200 -0.1111 -0.2333 0.0756 8.33 -1.69 -4.88 142 225 218 217 154 
9.42 -2.01 -4.96 1.4300 -0.4800 -0.3400 0.2044 1.3156 -0.1111 8.71 -1.72 -4.14 141 225 218 217 154 
12.28 -1.90 -3.32 1.4200 -0.1700 -3.8400 2.4744 8.2833 -0.0356 8.16 -0.78 5.38 186 225 217 213 148 
-2.07 2.64 5.36 -3.9200 1.2500 -3.0600 2.0022 6.0722 1.7489 -2.83 2.47 9.05 197 214 206 199 140 
-4.99 2.80 8.17 -0.0800 -0.5800 0.7600 0.1600 0.9233 -0.1067 -5.76 3.38 7.17 197 206 199 193 137 
-4.90 2.24 7.45 1.1500 -0.9100 0.5400 -0.0189 0.1800 -0.1244 -6.08 3.25 6.96 198 208 200 194 138 
-5.39 2.40 7.36 1.2000 -0.6900 0.5100 0.0611 0.1344 -0.1400 -6.15 3.23 6.91 198 210 202 196 139 
-5.67 2.22 7.70 0.8200 -0.6800 0.6600 -0.2311 -0.2356 -0.2456 -5.94 2.84 7.26 198 213 203 198 140 
-5.33 1.61 7.59 -0.3400 0.3300 -1.5400 -0.1122 -6.7100 -1.9644 -0.36 1.65 9.65 195 217 209 205 145 
;
5.79 -0.09 3.61 0.9100 -0.6300 -4.6300 -1.2456 -5.9100 0.0000 7.85 -0.30 5.85 163 220 214 210 149 
11.26 -1.15 -0.25 2.1200 -0.7300 -1.2300 -0.3700 -5.5900 0.5056 9.61 -0.66 -1.83 162 222 216 212 151 
11.93 -0.88 -5.25 3.1500 -0.0800 -0.0700 0.4578 0.1067 -0.2267 8.34 -0.87 -5.07 163 224 217 212 151 
7.45 -0.94 -5.72 -0.2100 0.0800 -0.5000 -0.1400 0.0189 0.2644 8.26 -1.10 -5.16 163 223 216 213 151 
12.11 -1.66 -3.71 1.7000 -0.6100 -1.4200 1.2256 5.3622 -0.8200 9.75 -0.52 0.85 187 224 217 213 151 
8.31 -0.13 1.78 0.9100 -0.0900 -4.3300 1.6400 8.3156 0.8111 4.25 0.52 8.82 193 225 216 213 150 
-5.68 2.24 6.50 -3.4200 0.5300 -1.1300 0.6178 3.5611 1.0744 -5.48 2.48 7.73 197 223 212 205 145 
-4.56 1.55 7.48 1.6500 -0.7300 0.6500 0.2956 0.2600 -0.2400 -6.33 2.33 7.11 197 222 211 205 145 
-5.64 1.69 7.54 1.0400 -0.6400 0.4700 0.0189 0.0356 -0.0578 -6.39 2.34 7.05 197 222 212 205 145 
-6.27 1.32 7.08 0.1600 -0.9900 -0.1900 0.1956 -1.0633 -0.6922 -5.96 2.12 7.48 197 224 213 208 147 
-3.53 2.26 8.79 -0.9200 0.2400 -0.8200 -0.1589 -7.3100 -1.0767 0.21 1.67 9.65 193 227 216 213 151 
6.53 0.71 6.16 0.6100 -0.6300 -1.4000 -1.0156 -5.7289 0.3344 8.21 0.47 5.33 184 228 218 216 154 
;
9.41 -0.74 -0.04 -0.1100 -0.7900 -1.8800 -1.1122 -4.3289 0.4089 9.73 -0.48 -1.10 173 228 220 217 155 
10.58 -0.22 -3.92 1.7500 0.3200 0.0600 0.1833 -0.5100 -0.5389 8.80 -0.43 -4.29 173 228 220 217 155 
8.29 -0.39 -5.13 -0.5800 -0.0400 -0.8300 -0.1144 -0.1700 0.1022 8.74 -0.34 -4.43 174 228 220 218 154 
9.68 -0.59 -5.01 1.5600 -0.2800 -0.6800 0.2256 0.9256 -0.0033 8.95 -0.42 -3.97 176 228 220 218 155 
10.66 -1.02 -2.06 0.5600 0.1200 -3.4900 2.1356 7.6100 0.8189 7.89 -0.76 5.76 191 231 221 219 155 
1.94 0.81 5.87 -0.5200 0.5500 -3.1200 0.8078 7.9367 1.3378 -2.55 0.71 9.44 196 233 222 219 154 
-6.10 1.45 9.38 -0.2600 -0.0600 1.4900 0.1300 0.6300 0.4567 -5.59 1.80 7.85 196 232 221 217 153 
-4.94 0.96 8.41 0.4700 -0.7400 0.4900 0.0733 0.0489 -0.1933 -5.76 1.59 7.76 197 233 221 217 153 
-5.16 1.08 7.92 0.6500 -0.3900 0.1400 0.0700 -0.4622 -0.1689 -5.48 1.53 7.98 196 233 222 217 153 
-2.21 0.85 8.64 -0.5100 -0.5200 -0.4800 -0.0633 -3.1489 -0.6644 -2.29 1.02 9.47 195 234 222 219 152 
5.23 -0.16 7.12 2.4200 -0.0300 -2.1000 -1.3767 -5.3578 -0.9333 5.83 -0.38 7.87 187 233 223 220 154 
9.42 -1.31 2.71 0.0200 0.0600 -1.1700 -0.7022 -5.4800 0.2444 9.68 -1.02 1.13 181 231 222 219 154 
;
9.65 -1.14 -5.24 1.3600 0.4800 -1.4400 -1.0189 -3.5233 0.3200 7.69 -1.10 -5.97 179 228 222 219 154 
7.56 -1.01 -6.88 0.1600 -0.0300 -0.2700 0.0278 -0.1267 0.0356 7.14 -0.99 -6.64 179 230 222 219 154 
8.88 -1.17 -7.22 2.2400 -0.2000 -0.8600 0.2767 2.3000 -0.1389 8.08 -1.21 -5.42 179 229 223 219 154 
12.57 -1.11 -2.51 1.1500 -0.2600 -4.1100 2.2533 9.8900 0.9767 7.94 -1.45 5.56 184 232 223 220 153 
-5.49 2.59 2.37 -4.2600 2.5300 -6.6500 1.0989 4.8533 3.6511 -4.75 1.22 8.48 196 225 211 204 144 
-4.11 1.35 8.19 2.7500 -0.9100 0.0500 -0.0933 0.7800 0.0756 -5.93 2.07 7.52 197 218 204 197 142 
-5.81 2.54 7.14 0.0700 0.5500 -0.5400 -0.3011 -0.1878 -0.0578 -5.92 1.89 7.58 198 220 206 199 143 
-6.30 1.79 7.55 0.0900 0.0200 0.4000 0.1278 -0.4356 -0.2411 -5.63 1.94 7.78 198 224 208 203 145 
-3.76 1.20 6.45 0.7200 1.2800 -2.1300 -0.8756 -5.6922 -1.4333 0.00 0.87 9.76 197 228 214 211 148 
5.02 0.67 7.87 -0.1500 0.1400 0.1800 -1.5622 -5.6222 -0.5689 7.36 -0.09 6.47 195 232 217 216 152 
8.86 -0.03 1.24 -1.3800 -0.4800 -1.2500 -1.1678 -5.6356 0.1000 9.63 -0.77 -1.66 189 230 219 218 153 
;
10.39 -0.78 -6.38 3.6400 -0.4300 0.0000 -1.4100 -2.0022 0.5656 6.64 -0.19 -7.20 188 228 219 216 153 
7.65 -0.78 -6.58 0.5900 -0.4600 0.5200 0.0667 0.7489 0.3167 7.02 -0.35 -6.83 183 228 220 217 153 
13.59 -1.64 -4.41 5.2500 -0.9700 0.1300 0.2467 6.6656 0.3744 9.65 -0.91 -1.46 186 230 221 218 152 
9.35 -1.82 -0.11 2.0100 0.1900 -8.8600 2.0711 11.6411 3.3611 1.19 -1.75 9.57 192 226 216 210 147 
-8.92 1.99 8.28 -3.9100 0.4500 1.1500 -0.1356 1.4333 2.2156 -6.11 1.81 7.44 198 209 204 198 141 
-5.64 1.92 4.91 0.2500 0.5100 -1.8800 0.0044 -0.3967 0.3733 -5.96 2.07 7.50 198 208 204 198 142 
-5.78 2.48 7.88 -0.1700 0.4800 0.9800 0.3678 -0.3244 -0.1478 -5.63 2.35 7.67 198 211 206 199 143 
-5.44 2.52 8.31 -0.6300 -0.0200 0.2300 0.0022 -0.2722 -0.1056 -5.37 2.30 7.86 198 214 207 201 144 
-4.70 1.69 8.14 0.2600 -0.4800 -0.2800 -0.3911 -1.8978 -1.0867 -4.55 1.49 8.55 198 217 208 204 145 
-3.66 0.75 9.69 -1.8700 0.3800 0.3700 -0.3956 -4.3089 -1.6178 -0.12 0.32 9.80 196 224 214 210 149 
5.62 0.00 7.15 0.3200 -0.4100 -1.6800 -1.7822 -6.4356 -0.4789 8.10 -0.68 5.47 187 227 219 215 152 
;
9.72 -2.54 0.31 0.3600 -0.8500 -0.2100 -1.2656 -3.8567 0.6922 9.54 -1.86 -1.22 180 227 220 215 152 
9.11 -2.43 -2.93 0.7300 -0.3500 0.3600 -0.4667 -1.4400 0.1611 8.70 -2.03 -4.03 180 227 219 216 152 
9.27 -2.36 -3.52 0.3200 -0.4300 0.4800 -0.0600 0.6389 -0.0644 8.92 -1.88 -3.59 179 227 220 216 152 
11.20 -2.89 -1.95 2.6700 -1.2700 0.0800 0.1367 4.9878 -0.8511 9.70 -1.24 0.59 177 228 220 216 153 
12.11 -0.33 2.11 1.7600 0.5700 -4.3900 3.1833 8.7322 1.3056 3.98 0.44 8.95 181 229 219 217 153 
-4.74 2.68 7.52 -3.1500 -0.3100 -1.3900 0.0511 5.9422 1.3611 -5.32 3.02 7.65 193 225 217 214 151 
-6.61 3.88 6.57 -0.8100 -0.3600 -0.5300 -0.1722 0.0289 0.1033 -6.81 3.53 6.09 196 225 218 214 151 
-5.85 3.51 6.49 0.6700 0.0100 0.5800 0.0767 -0.1456 -0.1744 -7.07 3.19 5.99 196 226 218 215 151 
-7.11 2.56 6.07 0.2400 -0.3200 0.3400 0.1067 -0.0478 -0.0956 -6.95 3.21 6.12 197 227 219 215 152 
;
-7.91 2.80 7.00 -1.0900 -0.2400 0.7200 -0.0800 -0.9800 -0.6456 -6.63 2.83 6.64 196 229 218 215 152 
-4.02 2.76 7.59 -0.1800 0.3800 -1.3300 -0.7800 -4.7378 -1.4656 -2.75 1.31 9.31 192 230 220 218 154 
3.12 0.32 6.71 -0.2900 0.0900 -1.9600 -1.9422 -6.7544 0.1300 6.86 -0.80 6.95 172 231 222 220 154 
9.68 -2.21 2.36 -0.2300 -1.7500 -2.4600 -1.9478 -5.7844 -0.2789 9.62 -1.80 -0.58 167 232 223 220 155 
9.44 -2.01 -3.99 1.4500 -0.3000 -0.3500 0.0756 -1.8078 -0.3056 8.57 -1.15 -4.60 151 232 223 222 155 
9.30 -1.64 -4.70 1.2700 -0.4600 0.3600 0.2567 0.2833 0.1367 8.49 -1.21 -4.74 153 232 224 221 155 
13.55 -3.21 -3.12 4.6100 -1.1400 -1.5600 1.7944 7.1544 -0.0889 9.55 -1.18 1.85 175 233 223 222 155 
3.17 0.35 2.54 -0.8600 1.0500 -5.9900 1.8722 9.6533 1.4733 -1.04 0.60 9.73 194 233 223 221 154 
-8.81 2.02 6.55 -1.9600 0.0800 0.4000 0.6778 1.2922 0.4044 -6.97 2.44 6.44 196 231 221 220 155 
-7.01 1.42 6.08 0.1200 -0.5600 0.1700 0.3444 0.1889 -0.3689 -7.48 2.24 5.92 196 231 222 220 155 
-7.44 1.52 6.17 -0.2600 -0.9100 -0.1700 0.0256 -0.0644 0.1744 -7.49 2.29 5.89 197 232 222 220 155 
-6.55 1.99 6.11 1.1700 -0.2600 0.3600 0.0144 -0.1289 0.0600 -7.46 2.27 5.93 197 233 222 220 155 
-6.31 1.76 6.27 0.8900 -0.5600 0.2000 0.1122 -0.2222 0.0256 -7.25 2.31 6.17 197 233 223 221 155 
-5.85 2.03 6.74 0.9400 0.1200 -1.3400 0.3133 -5.3200 -0.7056 -3.39 2.37 8.88 195 235 222 222 156 
1.21 2.31 7.79 -0.7300 0.2800 -2.1000 -1.5989 -6.3356 0.2967 4.87 0.83 8.47 175 234 223 223 156 
;
8.40 -1.80 3.42 0.2400 -0.8200 -0.6500 -1.9422 -4.5856 0.5044 9.44 -1.42 2.20 149 233 224 223 155 
10.18 -3.33 -3.80 0.5300 -1.3400 -1.4000 -0.6156 -2.3833 -0.2611 8.72 -1.70 -4.13 149 232 223 223 155 
8.23 -1.65 -4.01 -0.5800 0.1900 -0.0100 -0.0500 -0.5389 0.1822 8.60 -1.75 -4.36 151 232 224 222 155 
9.86 -2.57 -4.38 1.8800 -1.2500 -0.2100 0.1178 0.4767 0.1056 8.71 -1.81 -4.12 153 232 224 223 156 
12.69 -3.07 -3.62 2.8000 -1.0000 -4.2100 2.2389 8.4289 -0.1422 8.31 -1.50 4.97 186 235 224 223 157 
1.10 1.57 3.44 -0.2800 2.0500 -5.6500 2.3933 8.6833 1.3689 -3.12 1.59 9.15 196 237 223 223 159 
-10.44 1.72 5.83 -0.9600 -0.5800 -0.5200 0.6111 1.1622 0.2500 -7.48 3.09 5.52 197 233 221 221 159 
-7.96 3.44 6.73 -0.3100 -0.2200 1.4000 0.2656 0.0922 -0.4267 -7.84 3.23 4.91 197 234 222 221 159 
-8.40 2.69 5.30 -0.5900 -0.5500 0.2100 -0.1300 -0.5533 -0.0922 -7.60 3.16 5.32 197 236 222 222 159 
-7.79 2.12 6.12 -1.3100 -0.7800 -0.4100 0.3433 -3.9322 -0.5867 -5.68 2.73 7.50 197 237 223 224 159 
-1.21 2.70 8.30 0.1400 0.0200 -1.4000 -0.5122 -5.6433 -0.3344 1.38 1.95 9.51 191 237 223 225 160 
5.28 0.77 5.92 0.2400 -0.5100 -1.7000 -0.9911 -4.8044 0.5389 7.83 0.32 5.88 173 241 229 229 161 
;
