3.11 -2.43 8.94 0.0400 -0.1100 -0.0300 0.0033 -0.0056 -0.0022 3.06 -2.36 9.01 155 288 305 299 197 
3.11 -2.48 8.91 0.0300 -0.0600 0.0300 0.0033 -0.0078 -0.0011 3.06 -2.36 9.01 158 293 303 299 193 
3.08 -2.42 8.98 0.0300 -0.0600 -0.0600 0.0044 -0.0033 0.0022 3.06 -2.35 9.01 157 288 305 300 193 
3.08 -2.44 8.97 0.0500 -0.0800 -0.0100 0.0089 0.0056 0.0044 3.06 -2.35 9.01 152 290 306 298 194 
1.91 -2.09 10.43 -0.7300 1.1800 4.3200 -0.0533 -2.3378 0.7522 3.97 -2.42 8.62 160 242 208 187 187 
11.22 -2.60 3.94 5.4400 0.4000 -4.5300 -0.1533 0.8900 5.5511 2.97 -5.48 7.56 177 173 142 156 152 
-4.46 1.81 2.60 -1.2100 6.9800 -5.0200 1.6111 2.3833 5.3600 -5.07 -3.03 7.82 181 170 138 151 153 
-14.48 1.15 5.59 -4.8500 1.3800 0.7000 1.3122 0.1478 -0.1933 -6.20 0.91 7.53 188 171 156 153 147 
-5.70 1.11 8.66 -0.6800 -0.0300 0.2200 -0.1656 -0.1522 -0.2000 -5.97 0.61 7.75 187 171 153 156 152 
-5.34 0.44 7.63 0.5200 0.0000 0.4800 0.1367 -0.0433 -0.1867 -5.99 0.57 7.73 188 175 161 159 152 
-5.46 -0.13 6.87 0.6100 -0.6300 -1.5100 0.3711 -0.0400 -0.2489 -5.89 0.50 7.82 190 183 156 160 154 
-6.22 2.52 10.34 -1.5800 0.5000 2.7600 2.1844 -7.1667 1.6533 -0.89 3.32 9.18 187 181 159 162 158 
7.91 3.44 7.65 1.3100 0.3200 -0.1700 -0.5556 -5.9567 4.9611 8.71 0.14 4.49 187 183 153 166 153 
0.75 -1.66 4.01 -8.4000 1.4000 2.9100 -1.6911 -2.8456 0.0756 9.21 -3.19 -1.03 190 176 150 166 156 
16.38 2.17 -7.37 6.7400 1.1600 -7.1900 -1.4256 -0.0767 -1.9544 9.11 0.69 -3.53 186 180 148 171 157 
9.54 1.06 -1.46 0.0000 0.3400 1.8000 0.1056 0.5411 0.0467 9.35 0.75 -2.84 190 183 156 167 160 
9.00 0.94 -2.65 -0.1200 0.1000 0.0700 -0.1589 -0.1322 -0.0511 9.35 0.84 -2.80 187 183 158 168 161 
9.49 0.97 -2.44 -0.0200 0.2100 0.2400 -0.0233 -0.0222 0.3044 9.39 0.60 -2.73 191 189 157 170 156 
15.02 1.94 -1.30 6.5000 1.4500 0.8000 0.2522 2.2422 0.4378 9.76 0.32 -0.81 182 199 159 170 155 
11.89 -2.10 -0.16 2.1100 -1.2300 -2.8700 0.4722 4.0378 1.4489 8.68 -1.55 4.28 123 268 152 167 156 
4.24 -1.80 1.95 -2.4800 0.4300 -4.7900 1.2567 3.0900 0.7211 5.26 -1.84 8.06 119 278 162 162 156 
2.11 1.37 8.09 -1.7200 2.7800 -0.7500 0.4278 1.2478 0.3422 3.16 -1.09 9.21 125 244 160 157 153 
2.18 0.14 9.44 0.4000 1.3400 -0.8400 -1.0700 1.4144 -1.3978 1.27 -1.81 9.55 119 185 163 167 158 
0.91 -2.95 9.11 0.2900 0.3300 -0.1300 -2.3844 2.6333 -1.4544 -0.71 -4.72 8.56 124 172 169 166 166 
-1.47 -9.07 4.46 -0.2400 -3.1900 -2.7700 -1.5944 2.0978 -0.8689 -2.43 -7.23 6.15 123 176 174 169 163 
-3.17 -6.08 4.36 -1.0400 1.7600 -1.4800 0.3889 -0.9933 -0.9844 -1.06 -7.36 6.38 123 180 171 168 162 
;
