4.20 6.54 6.37 -0.1600 0.1000 -0.0100 -0.0489 -0.1311 0.0011 4.36 6.20 6.21 183 324 304 351 211 
4.36 6.37 6.26 0.1300 0.2500 0.1200 -0.1011 -0.0456 0.0178 4.35 6.18 6.24 180 321 304 349 202 
4.72 6.22 6.20 0.2900 0.0800 -0.1200 -0.1344 -0.0622 0.0656 4.53 6.00 6.29 179 318 302 346 210 
5.42 6.53 7.21 0.6200 0.2900 1.2800 -0.2656 -1.2033 0.9678 5.39 5.43 6.12 180 315 302 339 211 
10.29 4.75 10.43 4.2000 0.3600 4.2300 0.4144 2.6967 2.3411 5.45 3.90 7.15 181 264 235 225 161 
4.74 3.74 4.68 3.9700 1.1800 -5.3200 -1.6644 10.8322 2.0178 -3.72 2.30 8.77 192 200 191 188 147 
-5.73 4.97 5.02 0.5900 2.0100 -2.2700 -1.4189 0.3856 0.0911 -6.95 2.28 6.52 196 198 188 188 145 
-7.52 1.60 7.66 -1.0500 -0.4300 1.1100 0.2878 -0.3122 -0.3889 -6.77 1.96 6.80 194 204 194 195 148 
-6.48 2.38 7.18 0.2200 0.5000 0.2800 -0.0144 -0.3567 -0.2989 -6.55 1.85 7.05 197 213 190 197 150 
-5.78 1.91 6.40 -0.2800 0.5800 -2.2600 0.1900 -5.5578 -1.9867 -2.89 1.04 9.31 194 240 213 217 166 
3.75 0.17 7.98 -0.0300 -0.1300 -1.4600 -2.2611 -6.6511 -0.0967 7.13 -1.24 6.61 146 250 228 228 172 
10.55 -3.34 1.98 0.3600 -1.0800 -1.2200 -1.8122 -1.7522 0.3522 9.15 -3.34 1.02 155 251 232 231 174 
9.13 -3.43 -0.26 0.1600 0.0100 -0.8100 -0.6567 -2.6644 0.5100 9.03 -3.53 -1.39 169 284 212 218 167 
13.06 -7.32 -9.44 3.9300 -1.3300 -5.1200 3.1278 -0.6478 2.2967 6.39 -6.79 -3.03 144 389 203 210 159 
1.45 -2.69 1.48 -3.6900 5.6700 1.7100 4.3233 -0.1611 0.1167 5.09 -8.10 2.12 155 409 207 212 161 
3.90 -6.77 2.63 -1.7100 1.2600 0.1800 -4.4933 -2.1811 0.9122 4.85 -8.42 -1.27 158 402 210 215 164 
2.22 -9.30 -7.95 -1.6900 0.1900 -4.5100 3.9378 0.5422 -0.6800 4.92 -8.47 0.44 166 408 214 217 165 
6.56 -4.00 8.38 0.9000 3.7400 3.6500 -2.0911 1.4200 -0.8644 5.62 -7.99 0.78 172 381 219 219 167 
9.05 -3.45 -1.52 0.3200 1.7100 -1.9700 -2.1878 7.6678 -4.7078 8.24 -4.39 2.96 174 211 221 221 170 
;
