-0.45 0.07 9.79 -0.1500 -0.0400 0.0100 -0.0022 0.0000 0.0011 -0.28 0.11 9.80 177 359 357 390 214 
-0.41 0.05 9.86 -0.1100 -0.0400 -0.0300 -0.0022 0.0067 -0.0011 -0.29 0.11 9.80 176 357 353 389 213 
-0.44 0.04 9.85 -0.1100 -0.0300 0.0400 0.0067 -0.0078 -0.0067 -0.30 0.11 9.80 177 358 358 389 213 
-0.61 0.06 9.91 -0.2700 -0.0400 0.0300 0.0833 -0.1133 0.0067 -0.25 0.15 9.80 180 353 354 390 214 
3.31 2.35 14.81 1.8600 1.9400 5.6500 -1.4256 -2.1222 1.1833 1.52 -0.84 9.64 169 306 270 297 219 
13.18 -2.16 6.00 5.8800 -0.8600 -0.7900 3.8167 -4.3633 4.6467 8.09 -1.87 5.21 169 306 318 320 220 
7.12 -0.56 4.22 -0.3300 2.7000 -1.0300 2.7656 1.0389 2.2678 7.03 -2.88 6.20 175 326 329 338 219 
4.75 1.97 5.48 -1.6900 4.4900 -1.2300 1.2333 0.0778 1.1278 6.17 -2.58 7.16 178 337 342 346 218 
5.14 0.25 7.11 -1.5800 2.5300 -0.2900 -0.1600 -0.0244 -0.0578 6.11 -2.54 7.23 178 337 337 356 218 
7.34 0.54 7.31 0.4600 4.5800 0.0700 -2.8144 -0.6467 -0.6256 6.84 -3.82 5.89 177 308 340 361 222 
9.36 -3.73 2.34 1.0500 0.2700 -2.3600 -2.9178 0.0056 0.4833 6.72 -6.07 3.73 171 275 320 374 225 
5.57 -9.68 1.68 -0.5900 -2.2000 -0.7300 -0.4444 0.1967 -0.1889 6.49 -6.79 2.78 168 287 332 381 223 
5.43 -5.79 2.91 -0.6000 1.3600 0.4300 -0.0411 -0.1244 -0.2033 6.66 -6.66 2.71 168 293 330 381 224 
6.41 -4.66 3.05 -0.7500 1.1800 0.5100 -0.5322 -0.4667 -0.6567 7.27 -6.23 2.07 170 288 320 367 222 
4.02 -4.60 -1.61 -6.5600 -1.4600 -6.0900 0.6011 -0.7578 -0.7678 8.08 -5.16 2.02 157 303 174 181 162 
15.79 -6.10 -3.20 7.0500 -1.2300 -2.0600 1.7300 -2.9189 1.2089 7.82 -5.69 -1.57 142 351 180 194 166 
8.71 -5.76 -2.68 1.5900 1.1300 -1.4100 1.8600 -1.5078 0.6389 6.36 -7.30 -1.49 151 354 185 199 171 
4.83 -1.99 11.08 1.5800 5.6600 10.5900 -0.6967 -0.8056 0.0600 6.39 -7.43 -0.23 154 357 191 204 171 
8.22 -9.14 -8.37 1.4600 -2.1400 -6.9600 0.2344 0.1678 -0.0989 6.52 -7.10 -1.76 152 362 193 205 171 
5.46 -1.99 8.56 0.8000 5.5800 9.3300 -0.3878 0.9300 -0.5233 6.85 -6.99 0.49 149 357 194 206 174 
8.90 -1.96 2.89 0.3700 3.2400 -0.1800 -4.4567 6.8433 -4.5233 8.16 -4.09 3.56 153 297 230 247 198 
6.16 -1.83 5.94 0.4700 0.5600 -2.2700 0.4311 6.3889 -3.3500 1.23 -1.43 9.62 179 331 330 367 203 
2.54 -0.19 9.72 1.9800 0.4900 -0.3800 1.3011 -0.1089 -0.1400 0.17 0.78 9.77 179 374 352 388 210 
;
