8.12 4.78 -1.53 -0.2400 -0.1500 0.1100 -0.0422 0.2533 0.0033 8.35 4.89 -1.55 161 272 240 249 180 
9.68 5.50 -0.10 0.7700 0.1500 -0.1600 -0.8878 3.6278 -0.6622 7.99 5.56 1.12 161 274 239 250 182 
6.63 5.60 2.46 0.1500 -0.2500 -0.9900 -0.0611 3.2822 -0.9811 5.42 6.35 5.13 158 269 239 256 176 
3.45 6.33 7.36 -1.2000 -0.2500 1.3800 -0.3867 -0.8256 0.6733 4.89 6.23 5.77 163 270 243 254 177 
18.20 5.73 7.78 11.4400 1.2400 3.4300 -0.0556 -0.7422 2.5822 8.48 3.80 3.12 161 278 263 276 190 
12.99 2.03 -0.86 2.3000 1.1300 -5.1100 2.5278 1.3444 4.2611 8.74 -0.95 4.33 171 296 285 304 193 
2.67 0.50 0.87 -5.0200 3.7900 -4.3400 1.6144 1.0189 1.3378 6.90 -1.88 6.70 177 326 312 339 194 
3.84 1.88 6.56 -2.3600 2.9700 0.0300 0.7511 0.3833 -0.3078 6.26 -0.78 7.50 180 343 321 347 197 
5.34 3.68 7.91 -1.2300 5.0300 0.2400 -1.7678 -0.4544 -0.4144 6.52 -1.41 7.18 182 325 323 354 198 
9.62 0.60 4.20 3.2400 3.9000 -2.7800 -5.5922 0.9756 -0.1578 6.31 -5.25 5.35 175 268 292 322 203 
0.03 -15.16 0.44 -5.7000 -7.1200 -2.0000 -1.0389 0.6778 -0.3933 5.21 -7.54 3.45 170 281 297 334 206 
5.36 -6.72 3.54 -0.0600 0.6700 0.4200 0.0211 -0.3356 0.0711 5.46 -7.41 3.37 173 289 304 339 206 
3.02 -7.11 2.32 -2.9100 1.3900 -0.8100 3.5100 -3.0722 1.5900 5.23 -7.42 3.69 169 282 190 184 143 
6.10 -3.43 4.60 -0.1300 3.6500 0.3400 0.8944 -0.7133 3.3289 2.72 -8.74 3.51 161 297 182 179 135 
-1.91 -16.25 2.06 -2.1800 -6.5300 -0.6700 0.1444 -0.0789 -0.0733 0.83 -9.34 2.85 155 305 192 182 138 
3.82 -11.27 -1.59 2.5800 -1.4000 -6.1300 3.0933 0.1533 0.1922 0.99 -7.98 5.60 155 309 193 189 141 
-1.26 2.77 8.12 -1.9700 8.6200 1.7800 4.0056 1.5933 -0.3211 -0.51 -3.52 9.13 158 321 200 192 146 
-3.25 1.68 12.07 -2.9000 6.5900 3.0900 -4.9667 -0.2133 -1.2411 -0.10 -7.29 6.54 157 319 200 192 144 
1.69 -12.93 -6.06 1.6900 -3.0300 -7.1200 -0.5789 -0.1944 -1.3856 2.09 -9.14 2.85 159 322 200 192 145 
-1.00 -6.73 1.66 -5.7000 1.1600 -1.8800 0.0556 -0.5289 -4.1333 5.87 -7.34 2.78 167 310 204 194 150 
13.30 -1.09 -0.94 7.4000 3.5300 -3.1800 5.1656 1.5622 -2.8578 8.12 0.16 5.49 176 183 194 190 149 
7.91 3.72 9.81 -1.5500 3.6200 6.2600 0.0433 -2.6022 3.2467 9.32 -1.60 2.56 182 171 186 172 139 
7.11 1.21 -0.56 -0.3800 2.6100 -2.1700 -2.4778 -0.6156 -2.3322 9.75 -0.55 0.80 185 170 182 173 141 
10.27 -0.24 1.35 -0.1200 0.1800 0.5300 -0.3833 0.2456 -0.0189 9.76 -0.20 0.92 185 173 187 180 144 
;
