2.01 2.45 9.15 0.0800 -0.1300 -0.0200 -0.0578 -0.0022 -0.0067 1.91 2.57 9.26 173 371 369 413 209 
1.90 2.46 9.24 0.0100 -0.1300 -0.0200 -0.0344 -0.0111 0.0011 1.92 2.55 9.27 170 373 370 411 208 
1.99 2.44 9.27 -0.0300 -0.1300 -0.0200 -0.0267 -0.0044 0.0244 1.93 2.52 9.27 174 374 372 410 211 
1.17 4.44 10.48 -1.0600 2.4600 1.3700 0.6489 -2.4744 1.6944 3.52 2.59 8.77 175 322 355 394 211 
12.16 0.07 9.46 6.3900 -1.1100 1.1100 1.0211 -2.6567 5.4478 6.47 -0.90 7.30 189 337 342 392 215 
4.99 -1.86 5.54 -1.2600 1.6300 -2.4900 1.7944 2.2822 3.5933 3.87 -2.82 8.55 188 339 344 395 214 
-1.23 1.09 7.00 -2.7400 3.7000 -2.1800 0.2222 0.8133 0.9967 1.46 -2.53 9.35 184 334 348 397 215 
-0.21 -1.08 8.70 -1.6700 1.6100 -0.3600 -0.5567 -0.0544 -0.1011 1.60 -2.92 9.22 186 325 340 394 217 
2.09 -0.42 9.68 -0.1900 3.5600 1.0200 -2.5733 -0.3967 -1.0189 2.49 -4.98 8.06 185 299 325 395 222 
8.09 -3.46 6.26 5.0200 1.6500 -1.6600 -3.6611 1.4400 0.3089 1.92 -8.12 5.14 180 294 324 393 229 
-1.85 -12.30 3.13 -1.0700 -1.0500 -0.4600 0.0100 0.8322 -0.2867 1.21 -8.59 4.55 174 306 327 400 224 
1.30 -7.95 4.84 0.0000 0.7300 0.2900 -0.2311 -0.0656 -0.0189 1.21 -8.65 4.45 174 307 329 398 224 
0.56 -7.62 3.88 -1.0400 1.3700 -0.8100 -0.0667 0.1322 -0.5033 1.60 -8.62 4.38 171 281 304 323 210 
3.42 -4.42 3.08 1.0400 3.1800 -1.6700 -1.3656 4.5067 -1.4233 1.70 -8.75 4.08 178 311 181 193 132 
-2.41 -10.98 8.13 -0.9000 -2.0700 4.3600 1.4256 1.3567 -2.0233 1.13 -8.06 5.46 193 402 184 194 147 
4.03 -10.00 7.49 2.0100 -1.6100 0.1400 -0.8611 0.7989 -0.1411 1.44 -8.04 5.41 198 415 189 199 149 
2.96 -5.09 1.90 1.8100 3.7900 -3.0400 0.2389 -0.2144 0.1833 1.08 -8.35 5.01 197 411 190 201 151 
6.67 -8.49 5.08 5.4300 -2.8100 0.5400 1.3711 -1.9900 0.6200 1.90 -7.39 6.15 194 411 193 201 153 
-2.31 -14.32 12.70 -4.6600 -5.4000 7.3800 -1.6556 -0.5222 2.3511 0.42 -8.45 4.94 196 413 191 198 152 
-3.76 -2.53 5.16 -3.4700 7.0700 2.3100 -1.8744 1.6867 -0.7433 0.05 -9.65 1.71 199 407 193 206 153 
0.72 -2.05 -0.41 0.3300 7.5400 -1.4400 0.4511 2.0211 -1.7278 1.80 -9.56 1.17 195 408 191 208 154 
11.77 -5.84 2.24 9.7200 1.1700 -0.8900 2.5800 0.3344 -0.8822 3.42 -8.09 4.35 192 408 194 209 155 
8.69 -12.11 9.87 -0.3900 -4.3900 5.1500 1.0378 -1.7344 2.5256 3.21 -7.15 5.88 193 400 194 208 152 
-0.50 -5.41 6.83 -2.5700 2.4600 0.9600 -0.1044 -0.1167 0.1767 2.92 -7.60 5.46 193 408 199 211 157 
;
