1.83 2.55 9.23 -0.0600 -0.1100 -0.0900 -0.0011 -0.0011 0.0100 1.84 2.58 9.27 176 359 363 389 214 
1.79 2.51 9.29 -0.1100 -0.1600 -0.0500 0.0722 0.0711 -0.0056 1.80 2.63 9.27 177 359 363 389 213 
1.84 2.62 9.29 0.0000 -0.0900 0.0000 0.0067 0.0267 0.0000 1.76 2.69 9.26 173 361 363 391 213 
2.59 5.55 10.35 1.8600 3.4000 1.6800 0.6022 -0.5544 1.3789 2.23 3.15 9.01 180 323 344 368 215 
5.90 3.59 11.90 2.3800 0.4900 2.7100 1.3589 -3.5222 4.0544 5.66 2.24 7.68 183 334 344 373 214 
9.55 0.21 5.28 1.0900 -0.5100 -0.5300 2.0733 -0.7600 3.2144 8.35 -0.30 5.12 180 338 346 387 214 
4.93 -0.55 3.74 -1.9800 0.9800 -1.9600 1.3533 0.7856 1.0544 7.65 -0.99 6.05 186 344 353 395 214 
3.71 2.16 6.10 -3.0600 2.9500 0.0100 0.8867 0.3211 0.3544 7.03 -0.45 6.82 189 350 353 394 215 
6.35 2.61 7.16 -0.4500 3.2300 0.3600 -1.5122 -0.3778 0.1500 7.20 -1.29 6.52 194 332 330 386 221 
9.30 0.07 5.24 2.0100 3.1500 -1.5800 -2.6133 0.6767 -0.2233 7.29 -3.30 5.66 180 293 320 383 223 
4.62 -6.57 3.46 -2.7800 -3.5100 -0.8600 -2.9244 1.1533 0.5711 6.18 -6.18 4.43 177 298 332 385 227 
6.75 -7.61 2.78 1.0400 -0.1800 0.0300 0.2144 0.2833 -0.1133 6.22 -6.37 4.10 175 308 334 388 223 
4.69 -4.48 3.88 -2.1100 2.0500 -0.1300 -0.6344 0.7267 -0.4944 6.21 -6.37 4.11 179 304 318 372 217 
9.72 -3.21 8.70 2.1300 2.2200 3.6700 -2.4711 2.4400 0.4622 4.75 -7.31 4.47 188 326 335 379 218 
4.29 -9.89 0.09 0.5000 -0.3500 -3.7400 -3.3211 1.3000 2.0656 1.61 -9.63 0.80 187 353 351 402 220 
-1.73 -8.46 -6.58 -2.6700 1.4600 -7.0800 1.4778 0.9500 -0.1400 0.51 -9.75 0.84 185 362 354 406 219 
1.02 -2.78 -4.68 -0.0200 7.0800 -8.2300 6.4078 -0.2856 -1.3722 2.14 -6.74 6.78 193 363 353 414 217 
0.81 9.49 29.89 -0.8400 9.3300 22.9800 0.7522 -1.0000 0.3511 2.52 -0.10 9.47 191 357 349 402 217 
4.58 -2.34 3.39 0.5100 0.0100 -5.7800 -0.9267 -0.2556 -0.0056 3.79 -2.99 8.53 187 352 343 389 221 
0.87 -4.26 7.51 -2.9600 -1.9000 -0.4800 0.3211 1.3811 -1.9311 3.48 -2.15 8.91 182 294 321 339 215 
;
