-0.15 -0.54 9.82 -0.0900 -0.0500 -0.0100 0.0022 0.0044 -0.0011 -0.02 -0.45 9.79 173 353 349 396 218 
-0.15 -0.57 9.85 -0.1400 -0.0500 0.0000 0.0011 -0.0022 0.0000 -0.02 -0.45 9.79 175 350 350 395 216 
-0.17 -0.54 9.83 -0.1200 -0.0900 -0.0100 -0.0122 0.0044 0.0078 -0.02 -0.46 9.79 173 348 350 395 216 
-0.20 -0.54 9.78 -0.1000 -0.0700 0.0000 0.0111 -0.0111 -0.0067 -0.03 -0.46 9.79 174 351 353 397 218 
-0.10 -0.55 9.83 -0.0800 -0.1000 0.0200 -0.0044 0.0056 -0.0033 -0.03 -0.46 9.79 173 354 350 396 216 
-0.15 -0.55 9.79 -0.1100 -0.0500 0.0000 0.0011 -0.0144 -0.0044 -0.02 -0.46 9.79 174 351 352 394 216 
-0.61 -0.80 10.41 -0.8700 -0.5300 1.6000 -0.2144 -0.9533 0.1956 0.94 -0.59 9.74 170 277 260 296 219 
11.95 -2.10 11.38 8.9600 0.5300 3.6700 2.5389 -4.3078 5.2911 6.32 -1.38 7.36 158 293 217 232 210 
4.33 -1.28 5.40 -0.5200 1.5900 -2.6000 0.6878 0.7700 3.0856 4.08 -3.28 8.28 174 304 253 281 216 
0.09 -0.91 6.25 -2.1000 3.1000 -2.4600 -0.1156 -0.0378 1.8300 1.74 -4.27 8.64 180 307 287 327 219 
0.56 -2.10 8.52 -0.5400 2.4300 0.1600 -0.0489 -0.2844 0.7256 1.26 -4.59 8.57 183 311 280 342 218 
0.93 -1.98 9.52 -1.2500 3.3500 1.4400 -1.3044 -1.4311 -0.8689 2.59 -5.39 7.77 175 308 286 354 222 
6.89 -3.85 3.94 1.9900 -0.1300 -3.3600 -2.5289 -1.5133 -1.0333 5.35 -6.93 4.39 166 291 285 366 223 
5.59 -9.57 2.69 -0.9600 -2.0900 -0.9700 -0.0422 0.0444 -0.2656 5.53 -7.15 3.77 167 298 291 369 225 
5.05 -6.56 3.39 -0.5600 0.5100 -0.4700 -0.0956 -0.1044 0.0111 5.49 -7.22 3.72 168 299 317 375 223 
4.93 -5.68 3.59 -0.8200 1.6400 -0.2100 -0.0367 -0.3889 -0.2189 5.76 -7.11 3.50 164 285 315 327 220 
2.27 -3.69 2.71 -2.8200 2.0900 -1.0900 -0.1367 -3.1667 -1.0578 6.96 -6.41 2.55 167 274 287 298 219 
14.35 -8.33 -0.56 6.3300 -2.0100 0.0400 -0.8411 -0.0789 -1.1156 8.19 -5.31 -0.82 166 263 259 279 213 
7.45 -2.83 -0.92 -0.0400 1.3400 1.0500 -0.6256 -2.6811 -0.8100 8.33 -3.96 -3.32 168 264 245 297 219 
14.35 -7.18 -6.00 7.1000 -3.8900 -2.2100 -0.8367 -2.6044 2.0644 5.95 -4.36 -6.45 176 284 298 343 223 
3.15 -5.83 -8.85 -3.5500 3.3800 0.2800 5.9956 1.2233 0.9256 3.03 -8.36 -4.11 195 363 310 360 218 
1.44 -1.34 -2.13 -1.1400 6.9000 1.3200 -0.0111 0.3567 -0.3011 3.34 -8.74 -2.93 193 374 324 366 218 
4.51 -6.73 -2.81 0.3700 1.9700 0.0000 -1.0167 0.3667 -0.7944 4.23 -7.98 -3.79 194 357 304 361 219 
9.18 -4.68 -1.68 2.7500 0.4700 0.7600 -2.4322 7.9256 -2.8000 8.71 -4.48 -0.09 173 290 300 330 221 
;
