2.33 1.80 9.38 0.0900 -0.0400 0.0000 -0.0078 0.0000 0.0011 2.25 1.84 9.36 182 364 365 403 218 
2.28 1.77 9.32 0.1000 -0.0400 0.0500 -0.0111 0.0056 -0.0078 2.25 1.81 9.36 176 359 366 404 217 
2.32 1.72 9.40 0.0600 -0.0600 0.0800 0.0322 0.0156 0.0178 2.23 1.82 9.37 179 359 365 405 216 
5.62 6.66 13.26 6.5300 6.2000 7.8000 0.3233 -1.3289 2.0289 3.82 2.45 8.68 184 329 353 389 222 
8.92 1.95 8.77 2.7100 1.8900 0.8200 0.5189 -1.5656 6.2144 5.97 -1.83 7.55 184 324 344 385 221 
2.37 -0.24 4.45 -3.7000 4.0800 -1.6700 2.1533 -1.1244 2.7889 6.06 -3.90 6.64 187 316 343 393 223 
3.57 0.94 6.41 -2.0200 4.4700 0.0800 0.7967 -0.1867 -0.2467 6.30 -2.93 6.91 183 319 345 393 221 
7.48 0.78 6.81 1.1900 3.7600 0.1500 -3.4578 -0.8900 -0.3100 6.98 -4.62 5.09 178 279 322 367 225 
6.90 -6.34 1.60 -2.1600 -1.6200 -1.9400 -2.4444 0.6500 1.6078 5.47 -7.61 2.88 168 290 325 383 229 
4.67 -9.47 1.89 -0.0700 0.0300 -0.1700 -0.1044 0.1933 -0.5189 5.56 -7.69 2.43 168 301 327 385 229 
4.58 -6.55 2.68 -1.5000 1.0800 0.3500 -0.4356 0.0111 -0.1400 5.72 -7.67 2.09 171 300 319 372 233 
6.44 -3.96 1.92 2.1700 3.3100 -0.4600 -2.3700 5.7378 0.0667 4.84 -8.07 2.73 174 279 297 300 222 
4.57 -11.75 7.95 3.4200 -1.7300 6.0700 -3.6289 1.3544 0.4244 2.88 -9.17 1.92 161 285 322 350 220 
1.09 -6.64 -9.06 -1.9200 3.0500 -8.1700 -3.0500 0.9111 1.6633 0.53 -8.90 -4.07 174 299 327 363 221 
-3.10 -6.17 -7.24 -3.0200 3.5500 -4.3600 5.1644 0.6833 -0.2589 0.41 -9.78 0.54 178 300 328 358 220 
3.02 -7.54 10.10 3.4300 2.9100 5.1100 -3.7500 -1.3211 -0.3489 0.61 -9.78 0.28 178 302 327 354 221 
-4.47 -8.40 -13.45 -5.7000 0.6400 -10.8700 0.2922 0.0600 -0.1500 0.13 -9.29 -3.13 176 303 331 361 222 
-0.15 -5.80 11.41 0.6900 3.2900 13.5400 3.7033 2.1467 -1.0344 1.26 -8.95 3.80 179 305 326 353 222 
3.75 -8.30 -3.54 0.4000 1.0000 -4.9600 -1.3256 -0.7300 0.0756 2.95 -9.34 0.30 178 293 316 333 219 
;
