1.17 7.14 6.52 0.1100 -0.0400 -0.0500 0.0089 0.0111 -0.0122 1.02 7.18 6.59 164 326 359 397 207 
1.32 7.49 6.55 0.7700 0.8200 0.0500 0.0956 0.2667 0.0400 0.93 7.22 6.56 166 324 360 403 213 
6.24 10.79 10.76 4.6500 4.1500 4.9700 2.0056 -2.0878 4.7644 4.67 7.09 4.89 168 330 343 379 209 
13.44 7.70 2.84 3.9900 2.4000 -1.8600 1.9800 0.3789 5.7600 9.09 1.79 3.20 184 331 349 390 210 
4.31 1.26 0.67 -5.2200 1.6900 -4.2000 1.1978 2.5833 2.2044 7.55 -1.17 6.13 181 324 347 392 212 
2.58 0.41 4.12 -4.1600 2.0800 -2.4100 0.7444 0.3156 0.4300 6.67 -1.61 7.00 185 326 338 396 216 
4.92 0.92 7.86 -0.8000 2.7200 0.5800 -1.0622 -0.5133 0.0322 6.71 -1.94 6.88 181 323 323 392 221 
7.39 2.33 5.92 0.0100 5.3600 -0.1200 -3.8078 0.4700 -1.0233 7.18 -3.88 5.42 173 301 333 402 227 
6.99 -10.96 1.16 0.2700 -6.3900 -2.3900 -1.8456 1.0378 0.0478 6.68 -5.81 4.20 168 307 329 407 227 
6.89 -5.84 3.44 0.1600 0.5200 -0.7900 -0.2378 0.1122 -0.1589 6.71 -5.95 3.94 171 310 332 410 225 
7.07 -5.86 3.46 0.6000 0.5200 -0.3800 -0.2256 0.1478 0.0711 6.59 -6.18 3.80 170 308 333 410 225 
6.75 -5.60 3.90 -0.1400 0.5400 0.1900 -0.0822 -0.0100 -0.1500 6.67 -6.09 3.79 171 312 332 408 228 
1.98 -3.03 2.70 -6.2300 3.5800 -1.7300 0.2133 -1.5800 0.1389 7.01 -6.17 2.96 177 289 303 346 220 
6.50 -6.28 -1.95 0.4000 -0.9500 -2.5200 -1.5878 -3.9578 -0.1167 7.48 -6.10 -1.69 175 273 285 327 220 
9.62 -8.54 -8.65 3.5200 -2.8700 -3.4800 -0.3833 -2.1400 0.2922 5.27 -5.80 -5.88 176 267 275 327 218 
2.87 -5.18 3.16 -0.9700 1.4900 10.1100 -3.9956 -1.4067 0.7800 2.83 -3.60 -8.66 183 301 316 387 226 
2.01 -2.24 -8.87 -0.7500 -0.1800 1.3000 0.0656 -0.2200 -0.0078 2.44 -2.59 -9.13 185 311 322 394 226 
;
2.44 -2.69 -8.76 0.2600 -0.0600 0.4200 0.0633 0.0589 0.0289 2.39 -2.55 -9.16 186 312 324 395 227 
2.53 -1.94 -8.50 0.1900 0.5700 0.4600 0.0956 0.2156 -0.0633 2.66 -2.60 -9.07 194 309 323 395 226 
3.00 -2.20 -8.61 0.2900 0.7000 0.7600 0.3778 1.1044 -0.6122 3.96 -2.79 -8.52 184 291 300 349 221 
6.25 -3.99 -9.90 1.0800 -2.0400 -3.2600 2.3600 2.4889 -0.6511 7.25 -3.79 -5.39 174 309 300 360 215 
11.86 -8.07 -4.79 2.8100 -2.3500 -2.0400 4.9267 3.2278 -0.4911 8.72 -4.35 1.05 176 340 325 396 214 
5.85 -1.60 0.85 -2.2800 2.1300 -3.5700 2.9600 2.1067 0.0144 7.63 -2.61 5.56 176 365 348 401 217 
4.09 2.66 4.70 -2.6300 3.7100 -2.2400 0.6178 0.4089 0.0333 6.72 -1.41 6.99 183 357 350 407 212 
5.59 1.80 7.46 -0.8200 3.0100 0.5400 -0.2811 -0.1600 -0.0456 6.65 -1.00 7.12 182 355 344 416 217 
7.44 3.48 5.14 1.7100 5.1200 -1.3400 -3.9433 -0.5822 -0.4611 7.25 -3.15 5.79 181 317 339 412 221 
8.48 -10.74 -2.36 1.1500 -5.9800 -6.6400 -2.9011 1.4456 0.8667 5.79 -7.23 3.20 169 315 339 414 225 
4.49 -8.56 1.51 -0.9000 -0.6700 -1.2800 -0.1411 -0.0811 -0.2733 5.86 -7.36 2.72 173 316 343 415 222 
4.08 -6.29 1.44 -2.4900 1.0700 -1.2800 0.5378 -0.3578 -0.3822 6.06 -7.20 2.72 176 315 325 394 219 
1.43 -4.10 -0.06 -5.2800 2.7300 -2.8900 0.7711 -2.9633 -1.1933 7.37 -6.26 1.60 178 294 309 351 214 
13.12 -5.13 -1.51 6.2000 -0.6600 -1.0500 -1.3667 -0.9211 -1.5256 8.90 -3.94 -1.17 177 288 303 335 217 
12.19 -4.83 -2.82 2.7400 -1.1900 -0.5000 -0.0878 -0.1878 -0.0222 8.84 -3.28 -2.66 180 293 305 353 217 
9.27 -7.95 -1.85 1.3500 -2.3900 3.0100 1.9022 -3.1567 3.3133 6.24 -6.31 -4.15 190 306 328 388 218 
0.43 4.67 -7.58 1.5700 7.2300 -8.6300 -3.9900 -0.3533 0.8322 1.85 -3.37 -9.01 184 313 320 395 222 
2.49 -3.23 -9.07 0.8000 -0.4400 -0.4800 -0.1067 0.1122 -0.1378 1.97 -3.04 -9.10 186 322 321 402 223 
;
