1.71 2.10 9.34 0.1500 -0.0300 -0.1000 -0.1633 -0.0544 0.0944 1.78 2.07 9.41 173 327 363 396 220 
1.65 0.57 9.72 -0.2000 -0.5900 0.2100 0.0789 0.1067 -0.0267 1.72 1.80 9.48 169 328 360 395 220 
4.18 5.22 12.22 2.8900 4.6300 4.2400 -1.0600 -1.1044 1.4511 2.63 1.15 9.37 183 320 346 377 220 
14.26 2.14 7.47 5.8800 2.0200 -1.1700 4.2333 -5.3111 6.5633 8.38 -1.16 4.95 191 349 358 394 222 
3.52 0.51 4.73 -6.1600 4.2600 1.0400 3.4122 -0.3422 2.3122 7.71 -3.90 4.62 187 359 359 388 220 
4.48 3.23 5.47 -2.7600 6.5800 0.0400 -0.0911 -0.1567 -0.0800 7.56 -3.50 5.17 182 328 357 394 221 
9.72 0.27 5.64 1.5000 3.9800 0.8100 -3.0500 -0.0744 -0.2633 7.79 -4.54 3.85 183 310 341 395 223 
14.65 -4.22 -4.37 4.0500 0.4000 -5.2800 -1.6656 1.8600 4.0044 4.71 -8.47 1.44 179 298 331 398 226 
-1.79 -11.66 1.18 -3.7200 -0.9200 0.0400 -0.0989 0.4533 -0.8078 3.92 -8.91 1.09 179 306 324 383 225 
-0.41 -6.49 -2.04 -1.2500 0.1200 -3.6100 -0.7322 2.5422 -0.3478 3.44 -8.96 1.96 147 242 227 203 167 
1.18 -12.37 2.17 -1.5700 -0.8300 1.5300 0.3778 -1.4033 2.0144 0.97 -9.55 1.98 125 236 213 213 175 
-4.96 -6.96 -0.98 -6.9600 1.8500 -4.6100 -1.3544 -7.6244 -2.7578 2.99 -9.32 -0.54 124 231 223 220 176 
14.70 -5.54 -8.65 8.0100 2.9400 -2.5300 1.0967 -1.0056 -0.6389 3.69 -8.14 -4.01 150 243 235 236 186 
12.02 -2.35 0.01 6.8100 5.0700 2.8900 -3.1444 8.1911 -1.4511 6.63 -6.84 -2.31 166 268 284 293 207 
;
