3.83 -1.61 8.82 -0.0800 -0.0100 -0.0300 -0.0044 -0.0011 0.0033 3.95 -1.58 8.83 160 288 306 309 198 
3.79 -1.60 8.81 -0.0400 0.0300 -0.0100 -0.0100 0.0011 0.0022 3.95 -1.59 8.83 162 288 301 305 200 
3.88 -1.62 8.78 -0.1000 0.0000 -0.0200 -0.0100 -0.0011 0.0000 3.95 -1.60 8.82 160 288 304 308 197 
3.72 -1.47 8.80 -0.0300 0.4200 0.3000 -0.1067 -0.0856 0.1578 3.97 -1.73 8.79 160 287 301 296 200 
10.68 -5.16 10.37 5.0300 -6.3700 -1.1100 0.7100 -5.1078 2.1089 7.04 -2.91 6.17 173 305 281 303 198 
12.66 -1.71 4.74 3.7000 1.6900 -0.8700 4.3500 -1.2556 4.7011 7.01 -4.07 5.51 183 333 284 314 198 
6.02 2.63 1.19 -1.0600 6.4000 -4.0200 2.3611 -0.1444 0.0200 7.49 -2.83 5.65 186 340 296 319 203 
4.00 3.19 6.65 -2.9000 4.7000 0.2500 0.5633 -0.1367 0.1533 7.14 -1.82 6.46 189 337 299 326 204 
7.33 4.35 7.36 0.3500 7.3200 0.8800 -3.2256 -1.0778 -0.4778 7.79 -3.27 4.96 184 291 277 320 208 
9.06 -4.01 -2.52 -1.9700 -4.0700 -6.4200 -4.4511 -0.6456 1.9400 7.51 -6.25 0.77 149 260 246 301 209 
6.99 -8.48 0.47 0.4200 -1.0200 0.5000 0.0289 0.2678 -0.4711 7.53 -6.25 0.47 150 274 258 314 208 
7.02 -5.30 0.88 -0.5600 0.9400 0.5100 -0.1278 -0.1367 0.3667 7.43 -6.38 0.38 159 277 268 313 210 
5.63 -4.37 0.64 -3.3400 2.5300 0.4000 -0.1244 0.1044 0.7067 7.15 -6.69 -0.18 153 256 220 222 175 
4.31 -7.37 -6.75 2.9700 -2.7800 -7.5100 1.7400 2.3689 -2.8544 8.32 -4.65 2.27 108 241 212 245 180 
15.72 -1.07 6.12 8.8400 4.3000 1.2200 1.6256 -1.0944 1.8900 8.11 -4.67 2.90 94 173 171 173 145 
7.69 1.37 3.42 -0.0100 6.3200 -0.2100 3.0433 -0.1200 1.2778 7.12 -5.03 4.47 96 165 167 174 139 
8.41 0.60 10.58 1.0300 5.5100 6.0000 -2.5456 1.2722 -1.3100 7.18 -5.28 4.08 96 172 171 174 141 
10.16 -4.30 -4.96 2.0400 0.6800 -8.1700 -1.0767 0.4600 -0.7867 7.91 -5.18 2.57 96 173 165 176 139 
8.52 -6.09 0.69 0.8600 -1.2300 -2.1500 2.3089 -0.1989 0.7267 7.93 -4.49 3.60 103 171 170 167 134 
6.23 -5.79 2.95 -1.2100 -0.0300 0.1700 -0.4144 0.0856 0.3178 7.68 -4.86 3.66 101 181 180 182 144 
9.09 -3.68 9.55 3.1500 1.6700 7.6600 -1.0756 0.8811 0.0222 7.56 -5.24 3.37 149 243 235 240 179 
11.21 -5.14 3.16 2.9300 1.4600 0.5800 -3.1867 1.2678 2.6544 5.55 -7.96 1.39 169 265 256 260 186 
-0.39 -4.81 -3.88 -3.6300 4.2900 -3.1500 -2.9233 -0.0822 1.8933 1.74 -9.17 -3.00 177 295 290 294 196 
-1.27 -3.03 -12.45 -4.0300 6.8400 -9.7800 5.2089 0.6533 -2.3289 3.20 -9.26 0.09 167 292 298 297 191 
18.54 1.68 31.64 8.2100 5.1000 28.5600 -1.2967 0.8200 0.7078 5.15 -6.38 5.36 173 298 300 309 198 
-1.05 -5.15 -4.34 -3.5000 3.7800 -8.4700 -4.5611 0.7200 1.8411 1.83 -9.52 -1.46 173 303 302 309 199 
-1.17 -3.05 -8.51 -2.5000 7.2800 -6.2800 5.6167 -1.1456 -1.9322 3.18 -8.93 2.49 176 293 301 311 203 
12.62 -2.35 28.00 4.4700 3.4000 16.6900 -2.6156 -0.7133 1.6467 4.12 -7.66 4.51 174 297 303 311 199 
-3.71 -5.16 -3.87 -5.0900 4.2600 -4.7300 -3.7511 0.0022 1.2933 0.99 -9.59 -1.79 177 304 305 311 201 
-0.42 -5.66 -3.84 -3.3000 3.4000 -0.8900 -0.4889 0.1411 -1.6978 2.57 -8.88 -3.25 182 300 299 295 194 
;
