0.25 1.01 9.74 -0.1500 -0.0900 -0.1400 -0.0544 -0.0133 -0.0100 0.34 1.11 9.73 162 331 311 313 194 
0.07 0.88 9.49 0.1400 0.0800 0.1800 -0.0956 -0.0778 -0.0600 0.41 1.10 9.73 161 332 311 318 197 
0.34 0.93 9.58 -0.0700 -0.0300 -0.0200 -0.0978 -0.0400 0.0000 0.45 1.01 9.74 161 335 309 315 197 
0.35 0.83 9.59 -0.1300 -0.1400 -0.0700 -0.1589 -0.0489 -0.0222 0.53 0.88 9.75 157 325 310 313 196 
0.58 0.75 9.78 0.0800 0.0100 0.0900 0.0756 0.0889 0.0044 0.52 0.77 9.76 164 331 309 312 197 
7.00 9.44 19.02 5.0300 12.1900 7.7700 -2.7411 -3.5211 3.1311 3.52 0.90 9.10 139 297 285 288 199 
11.06 -2.79 4.42 4.6200 -0.9900 -2.8300 4.7111 -3.9844 4.7333 8.18 -1.40 5.21 160 337 270 306 201 
5.77 1.20 0.89 -3.4100 3.0000 -4.1600 4.0867 0.7156 1.3856 7.85 -0.83 5.81 181 354 288 311 203 
3.71 6.16 6.84 -4.0100 5.5500 0.5300 1.0678 0.0800 0.7556 7.28 0.24 6.56 183 351 285 301 205 
7.17 5.00 7.28 -0.3700 5.4800 0.9800 -2.5367 -1.0322 -0.4033 7.89 -0.69 5.77 182 284 220 293 205 
11.69 3.48 -0.35 4.0500 6.4800 -5.2200 -5.3411 -0.0522 0.5856 8.28 -4.29 3.01 155 241 235 266 208 
-3.47 -18.40 -4.17 -7.5400 -10.6500 -3.6400 -1.2333 1.1900 -0.1622 6.67 -7.08 1.20 160 261 256 285 210 
9.27 -5.77 1.23 1.6900 0.9200 0.1500 -0.2878 -0.0667 0.3189 6.99 -6.80 0.94 160 261 260 289 213 
7.15 -6.01 0.53 0.8100 1.0300 0.0000 -0.0411 -0.1344 -0.1622 7.02 -6.80 0.67 161 269 260 289 208 
7.33 -6.67 0.72 0.0200 0.2100 0.1200 -0.0278 -0.0233 -0.1100 7.08 -6.74 0.60 160 268 261 295 208 
7.03 -5.82 1.68 -1.5400 0.1500 0.6200 -0.2322 0.3800 -0.2744 7.27 -6.52 0.81 162 265 263 292 210 
8.87 -6.02 0.38 1.4300 0.0000 -0.3500 0.1667 1.7256 0.2011 7.27 -6.40 1.48 166 243 193 193 165 
-0.89 -7.76 0.89 -5.3800 -0.2900 -2.4800 3.9567 1.1367 -2.8867 6.81 -2.55 6.57 141 289 152 165 128 
10.94 6.28 -0.43 4.5100 4.6100 -7.4800 5.0133 1.4767 -1.5122 5.91 4.02 6.71 152 306 155 164 134 
16.29 18.07 13.44 8.3300 13.6400 9.8100 1.4967 2.0256 3.5500 6.67 5.31 4.82 162 296 150 160 135 
1.56 7.46 6.81 -5.3300 4.6500 -1.1000 -4.0567 1.4267 2.3056 6.27 -0.40 7.52 167 291 157 165 138 
-2.85 -0.88 1.54 -7.0400 2.9800 -5.7000 -2.5011 -0.9478 -1.9111 6.77 -3.37 6.23 168 293 156 161 144 
5.85 0.43 -0.88 -1.3100 1.6500 -7.5400 1.6933 -0.0933 -3.7911 7.68 0.91 6.02 165 294 165 174 150 
12.83 4.85 3.55 5.6600 2.4200 -0.9600 1.6400 -0.7344 -0.5367 7.98 3.97 4.08 168 293 171 179 157 
12.43 6.13 5.00 2.9900 2.1000 2.7900 1.3867 -0.7756 1.1556 8.86 3.65 2.05 172 288 171 179 158 
9.59 4.41 3.32 0.0500 0.9600 0.8600 -0.3133 0.0844 0.5456 9.24 2.65 1.88 168 288 174 180 156 
8.85 2.78 1.32 -0.4900 0.4500 -0.7500 -0.2767 0.0267 0.2367 9.31 2.27 2.05 164 292 178 182 158 
12.20 4.53 4.14 4.0900 2.5300 1.5400 -2.4011 1.5956 -0.0033 8.99 1.48 3.59 167 200 221 237 188 
10.76 1.18 4.49 2.1900 2.1600 -2.0900 -4.2989 0.6022 3.7611 6.97 -4.22 5.45 134 178 195 217 179 
0.56 -3.52 -1.00 -4.6600 4.1700 -4.1900 -1.5367 -1.0100 3.7578 2.49 -9.16 2.43 105 172 188 204 171 
-2.03 -9.01 4.41 -2.5600 -0.5200 2.3200 -0.7022 -0.7967 0.0411 1.15 -9.66 1.17 114 179 187 203 174 
1.05 -9.85 -1.30 -1.3200 0.0400 -2.0900 0.1411 -4.7556 -1.4744 2.95 -9.34 -0.22 117 178 178 201 172 
5.05 -7.53 -3.66 0.5000 1.3500 -2.3400 -0.1433 -3.5456 -1.1222 3.80 -8.62 -2.70 116 176 182 203 173 
5.60 -6.52 -3.83 2.3400 1.5500 0.2300 -0.1256 -1.7711 -0.4800 3.76 -8.20 -3.83 118 179 181 207 169 
4.57 -7.99 -3.65 0.7000 0.2600 0.8300 -0.5400 1.0367 0.1056 3.93 -7.93 -4.20 140 192 198 220 180 
6.25 -5.38 -2.68 1.6000 1.6400 1.4400 -2.1367 3.4400 -0.2244 5.71 -6.80 -4.14 152 209 212 233 185 
;
