-0.07 -0.93 9.80 -0.0500 -0.1500 -0.0100 -0.0233 -0.0589 -0.0033 -0.02 -0.81 9.77 166 344 340 386 217 
-0.95 -1.29 10.05 -1.7500 -0.7600 0.0700 0.5978 -0.5456 0.5044 0.43 -0.45 9.78 170 347 342 386 215 
6.11 1.67 17.03 1.8400 1.4700 5.9500 -2.5967 -4.6644 1.7922 6.21 -2.60 7.12 183 320 317 365 216 
4.70 -2.45 2.08 -2.4100 3.7200 -2.7800 -3.1033 -0.7122 2.9833 5.19 -7.83 2.81 182 324 308 364 216 
-0.06 -6.14 -4.61 -4.1300 3.3400 -7.5100 -0.2367 -0.5278 0.8211 3.16 -9.21 1.11 178 334 318 367 216 
7.39 0.16 10.48 5.6400 6.8600 12.3400 5.8422 2.2356 0.0033 3.51 -5.20 7.53 182 327 324 369 215 
4.95 -2.29 10.88 0.6300 5.7400 1.0000 -5.6433 0.1167 1.1044 2.95 -8.57 3.73 183 334 329 370 216 
0.09 -7.20 -13.98 -2.7300 1.4500 -16.0900 1.5478 -0.4644 -0.7867 2.56 -9.46 0.10 180 328 332 369 217 
6.92 -0.32 20.00 0.6500 4.8200 18.6100 2.7544 2.1022 0.4822 2.40 -6.04 7.33 183 323 324 373 217 
4.80 -5.03 4.21 1.0900 1.7900 -2.0600 -3.7744 2.1867 -0.7989 2.93 -8.37 4.17 148 328 317 357 216 
3.22 -10.33 3.28 1.3000 -1.1300 1.1200 -4.2967 2.3522 1.7311 0.43 -9.79 0.28 165 246 232 252 210 
-0.55 -7.97 -3.12 -0.8700 2.1400 -1.7900 -2.1633 0.5433 0.1467 -0.08 -9.14 -3.52 169 276 255 286 213 
-0.10 -7.21 -6.80 -0.3600 1.4300 -2.4100 1.0489 -0.1578 -0.2078 -0.12 -9.05 -3.75 173 289 275 310 214 
-3.59 -7.04 -5.70 -1.2000 2.4700 1.1700 5.9989 0.4800 -0.9178 0.65 -9.47 2.45 179 298 283 331 213 
5.50 -7.04 6.74 2.5600 3.3200 1.3700 -4.3644 -0.1633 0.0000 1.12 -9.72 -0.57 178 293 280 318 213 
-3.93 -9.26 -16.72 -4.9100 0.8600 -11.0100 3.7111 0.3356 -0.2456 0.58 -9.68 -1.45 178 296 281 330 214 
0.73 -5.44 22.26 0.2100 3.3700 18.6000 -1.6611 -0.8122 -0.7944 0.53 -9.50 2.36 179 295 282 325 213 
-0.06 -8.59 -8.26 -2.3600 0.5000 -8.5900 -1.1722 -1.3389 -0.0189 1.14 -9.52 -2.04 180 294 281 323 214 
-0.19 -7.78 -0.12 -0.7700 2.3600 -0.8300 2.2144 -0.2589 -0.6000 1.46 -9.62 1.15 177 287 280 315 215 
0.48 -4.99 2.47 -1.4200 2.9400 -2.4400 5.9867 1.5900 -1.5100 2.33 -5.89 7.48 176 314 312 348 215 
;
2.23 0.80 14.96 1.9400 0.5700 5.1800 2.1567 1.3078 -1.0800 1.10 -0.23 9.74 185 345 335 381 213 
8.39 6.73 25.88 -5.5800 1.3200 13.2100 -0.2778 -0.3011 0.1622 0.14 0.59 9.78 183 363 339 391 216 
-0.08 0.32 10.08 -0.3800 -0.1200 0.1900 -0.0356 -0.0222 -0.0111 0.17 0.57 9.78 179 363 340 391 216 
0.15 0.39 9.82 0.0300 -0.1400 0.0100 -0.0256 -0.0011 -0.0111 0.18 0.49 9.79 176 362 345 391 217 
0.24 0.35 9.82 -0.0400 -0.0900 0.2300 -0.3300 -0.1144 0.0400 0.24 0.28 9.79 181 338 338 386 217 
12.10 6.48 19.83 8.0300 7.6600 12.0500 -5.0189 -4.9789 4.1622 6.10 -3.82 6.65 177 316 326 360 219 
-2.71 -5.42 -1.46 -6.7100 2.7800 -4.6800 -1.9689 0.0022 2.4433 3.19 -8.98 2.27 174 335 312 374 217 
0.08 -6.15 -4.99 -2.4700 3.6900 -6.7500 3.3878 -0.9922 -0.6867 3.22 -8.39 3.90 179 331 327 376 217 
9.70 -2.43 20.76 5.1200 2.7000 15.1300 1.2767 1.1000 0.4378 3.95 -4.95 7.48 179 331 339 379 218 
2.41 -3.31 2.82 -0.9000 3.7900 -4.9300 -4.5689 0.0967 1.0067 2.80 -8.84 3.16 181 352 341 380 218 
-1.26 -6.67 -8.29 -3.0000 4.2300 -8.9600 4.7022 0.0622 -1.4433 3.16 -8.05 4.60 182 351 343 387 218 
4.57 -0.30 25.16 1.2800 2.6700 16.0700 -0.4089 -0.5322 0.1156 3.64 -4.20 8.07 181 335 338 368 218 
3.53 -4.39 -0.46 -0.3700 2.9000 -4.9500 -4.8200 1.0500 0.2289 3.48 -8.73 2.79 179 301 318 334 217 
-0.83 -9.23 -4.76 -3.8000 0.5700 -4.3100 -4.5667 3.8533 0.7889 0.86 -9.39 -2.67 169 310 322 345 216 
1.42 -7.61 -8.24 -0.7500 1.1700 -4.1300 0.7522 -0.6967 0.3878 0.86 -9.00 -3.79 175 318 324 353 216 
-0.73 -8.42 -6.62 -2.0300 1.1100 -2.2400 3.7411 0.3900 0.0778 0.80 -9.77 0.18 175 312 326 351 217 
2.05 -8.27 7.62 0.7600 2.6200 2.6100 -3.3767 -0.6556 -0.5189 0.91 -9.67 -1.32 171 313 320 346 216 
-2.73 -8.35 -13.67 -4.1900 0.5600 -10.6000 1.5267 0.7022 -0.2589 1.01 -9.39 -2.60 173 317 323 352 216 
-0.59 -8.16 5.73 -1.0100 3.0200 10.3100 3.6489 0.8156 0.1356 0.92 -9.19 3.27 174 314 317 340 215 
2.42 -7.08 -1.53 0.2700 2.4700 -3.5100 -2.1156 -2.1689 -0.1167 1.96 -9.59 -0.54 173 311 319 333 217 
-1.06 -8.84 -3.24 -1.5500 0.8500 -2.8500 3.2689 0.1811 -0.4733 1.93 -9.32 2.33 172 307 317 343 217 
1.91 -6.09 4.59 -1.2500 1.4200 -1.2900 3.9578 1.2700 -0.8378 2.06 -5.85 7.59 178 325 332 374 216 
;
