1.66 7.48 6.09 0.0000 0.0500 -0.0100 -0.0033 0.0300 -0.0078 1.67 7.47 6.12 180 307 320 343 206 
1.72 7.52 6.09 0.0700 0.1000 -0.0400 -0.0011 0.0067 0.0078 1.67 7.47 6.12 179 310 318 340 206 
1.67 7.46 6.13 0.0100 0.0300 -0.0300 -0.0022 0.0044 0.0033 1.67 7.47 6.12 179 311 318 341 207 
1.79 7.47 6.37 -0.9700 -0.1900 1.0800 -1.0411 -0.5189 0.6022 2.28 6.97 6.50 180 286 306 309 207 
7.81 10.28 13.07 0.2200 3.4200 7.0100 -2.8567 -6.5956 4.1711 8.77 2.15 3.82 181 280 297 310 206 
12.89 4.75 2.44 3.4000 7.7200 -2.7300 -4.1600 0.7922 5.7667 7.52 -5.61 2.84 181 286 303 319 205 
-1.18 -2.79 -5.21 -5.7900 4.9700 -5.3900 -2.0233 0.0844 3.2400 0.96 -9.71 -0.97 181 288 298 323 206 
-1.59 -7.65 -6.00 -2.7500 2.3700 -5.5500 1.6233 0.8789 -0.7044 0.45 -9.79 -0.33 183 294 303 333 206 
-0.10 0.91 -2.33 1.3000 12.3100 -1.5400 6.7544 -1.6167 -3.3656 4.59 -6.01 6.23 181 291 313 337 205 
11.51 0.62 24.42 6.2300 5.3100 11.1200 -5.5189 0.6367 1.7944 4.26 -6.71 5.73 182 298 312 337 184 
-0.59 -2.73 -4.82 -4.7000 6.5400 -8.5800 -4.9544 1.2289 1.9511 0.42 -9.71 -1.26 186 301 311 339 208 
-0.64 -6.51 -8.89 -2.0400 4.6200 -7.0200 5.7378 -0.9344 -2.5022 2.62 -9.09 2.58 181 297 313 341 177 
11.28 0.85 20.90 6.3000 6.3200 15.5300 0.5900 0.0978 -0.2444 4.80 -5.58 6.46 184 299 314 342 155 
2.67 -3.11 3.73 -1.9300 4.6400 -2.0800 -4.7156 0.5378 1.5678 2.80 -9.11 2.28 182 305 313 343 83 
2.09 -8.50 -4.13 0.3800 1.1200 -2.7900 -1.2400 1.7444 -0.2878 2.59 -9.45 0.17 187 281 282 296 205 
3.62 -10.03 -1.15 -2.7800 -1.4600 -1.0800 -2.0078 8.3122 2.0522 0.44 -9.76 -0.72 175 282 277 290 202 
-0.73 -6.24 -6.19 -1.1100 2.8300 -5.0200 -2.5956 -0.8033 0.2256 0.26 -8.65 -4.60 182 296 284 304 201 
-2.42 -7.67 -11.44 -3.5800 1.4500 -7.5300 2.9322 0.3567 -0.5778 0.85 -9.47 -2.36 182 297 285 303 199 
1.23 -4.08 6.36 1.5500 5.9100 10.1700 4.6189 -0.8611 -0.5456 2.26 -8.75 3.78 179 303 287 296 185 
3.52 -7.48 4.81 0.8100 1.4400 1.5200 -2.7656 -1.2878 1.5733 1.36 -9.71 0.04 181 305 285 292 156 
-8.05 -8.86 -8.05 -8.5200 0.4100 -7.8500 -1.2033 -0.1889 0.1667 -0.66 -9.42 -2.61 179 305 284 299 201 
-1.04 -5.97 -2.81 -1.7000 3.6200 -0.9200 5.0100 1.3389 -2.2778 2.27 -9.19 2.52 183 305 286 305 201 
8.90 -2.88 15.02 5.1300 3.1200 6.8400 -1.5967 -0.4744 0.2078 3.25 -8.34 3.99 181 305 285 307 203 
-1.37 -9.55 -1.43 -5.1200 -1.0300 -4.3100 -1.4011 -0.4600 1.7611 1.08 -9.67 1.18 180 304 288 311 194 
-0.22 -10.01 -0.18 -0.5700 -0.1400 -0.7600 0.2578 0.3411 -0.3489 1.05 -9.68 1.12 179 307 287 311 201 
1.21 -9.19 2.12 -0.2800 0.3400 0.6800 0.7944 0.7444 -0.4889 1.30 -9.49 2.07 180 298 188 176 151 
0.94 -9.72 0.68 -0.7600 -0.0900 -1.7600 1.3667 -0.0544 -0.0044 1.44 -9.14 3.23 185 357 159 158 125 
1.19 -6.53 5.66 -1.1700 2.8900 2.1900 -0.9000 0.6856 0.3478 0.91 -9.17 3.33 184 354 168 171 142 
2.15 -5.92 2.89 2.1100 2.7200 -1.2100 1.5678 0.0756 -0.2711 0.81 -8.64 4.55 184 351 173 177 146 
5.81 -8.51 6.13 4.8000 -0.9700 0.3100 2.7267 -0.9311 1.4178 0.88 -6.52 7.26 185 353 181 179 144 
-0.97 -10.26 16.20 -3.0500 -4.3800 8.9500 -1.3667 -0.9611 2.5422 -0.17 -6.32 7.49 187 358 181 180 147 
-5.03 -4.34 9.91 -4.3800 4.3900 3.6200 -3.1300 0.3444 0.0967 -0.89 -8.85 4.12 185 354 182 184 147 
-4.28 -2.66 2.80 -3.4900 7.1300 0.6000 -1.5411 1.4778 -1.5844 0.35 -9.76 0.83 184 354 177 184 149 
2.33 -3.15 -0.25 0.9800 6.7400 -0.9900 0.8889 1.7444 -1.7989 2.63 -9.32 1.48 189 355 182 185 149 
8.08 -5.11 2.56 4.1100 3.0300 -0.6500 2.6178 0.3167 -1.2711 4.17 -7.49 4.74 185 353 186 188 150 
10.40 -7.82 9.58 5.3400 -2.0200 3.8500 2.3178 -0.8178 1.8011 4.02 -5.59 6.98 188 354 184 188 151 
-3.14 -7.11 11.16 -6.3200 -1.1900 2.2300 0.0833 -0.5689 0.4722 3.43 -5.92 7.01 185 347 194 190 157 
;
