8.52 -0.17 3.54 -0.6500 0.0000 -0.0700 -0.0311 -0.0944 -0.0456 9.15 -0.29 3.49 153 241 262 264 194 
9.48 -0.09 3.73 0.0000 0.2800 0.2600 -0.0411 0.0422 0.1011 9.13 -0.33 3.54 154 245 265 265 194 
8.90 -0.38 3.14 -0.1300 -0.1100 -0.3200 0.9089 -0.2800 0.0822 9.18 -0.16 3.44 155 245 261 265 194 
17.09 -0.46 10.61 7.8000 0.7600 7.2300 -1.3933 -0.4678 2.5167 9.20 -2.45 2.33 166 258 269 286 196 
5.57 -0.87 -3.20 -4.0700 5.2700 -5.3800 -2.8378 0.0400 4.9133 4.99 -8.39 0.85 170 272 270 304 198 
-0.92 -4.45 -6.23 -3.4600 5.1700 -6.3600 2.1500 0.1011 -0.1300 2.71 -9.36 1.02 167 275 274 302 198 
7.82 3.80 8.91 7.4300 8.8100 9.3200 4.5789 -0.3711 -2.6744 6.12 -4.06 6.49 169 268 277 302 197 
5.36 -3.93 8.72 -0.3800 2.0800 1.3700 -5.2156 0.6056 2.8533 3.78 -8.21 3.79 172 274 273 304 196 
-2.51 -5.89 -12.03 -2.7400 4.4100 -11.9400 1.6789 0.1256 -0.8322 2.55 -9.29 1.78 173 280 274 306 198 
8.66 -1.36 6.77 4.9400 5.2400 5.3700 4.7189 -0.8556 -2.1367 5.83 -4.83 6.22 172 270 279 310 198 
6.68 -3.94 10.83 1.1400 1.7600 2.0700 -4.9544 -0.0433 1.6922 4.55 -7.67 4.06 173 278 283 310 197 
2.67 -7.26 -3.99 -0.1600 1.8300 -3.9200 -1.0789 1.4311 0.7722 2.61 -9.35 1.31 174 277 282 306 199 
3.19 -6.99 -1.78 0.2300 2.3100 -3.1200 -3.2778 6.3478 1.1933 0.94 -9.72 -0.83 174 281 278 302 195 
-1.75 -9.98 -5.35 -4.0100 -0.6300 -4.1900 -0.6022 -0.2556 0.5789 0.18 -9.43 -2.65 172 285 260 284 194 
-2.47 -5.88 -6.00 -0.7200 4.9700 -0.3100 4.6489 1.8844 -1.6467 2.31 -9.29 2.08 174 287 266 285 196 
5.40 -4.74 6.71 1.6800 3.7200 1.5800 -2.2844 -1.0878 1.4522 1.61 -9.53 1.62 173 289 268 287 195 
-4.93 -11.37 -6.35 -5.9800 -1.8700 -6.7600 -0.3411 -0.5956 0.6067 -0.14 -9.80 -0.20 174 288 263 293 195 
-3.91 -9.16 -0.72 -4.8400 0.9200 -2.1100 3.3700 1.3844 -2.3967 2.00 -8.88 3.62 173 288 263 298 194 
7.34 -4.14 4.92 1.8900 2.1800 -3.0300 -1.2389 -1.7878 1.2856 2.73 -8.76 3.43 175 291 273 305 196 
-0.46 -10.93 2.08 -1.0200 -1.7100 -0.3400 0.5911 -1.0867 -0.0744 2.74 -8.68 3.62 175 288 277 303 197 
3.48 -8.74 2.87 0.1300 0.0100 -0.9100 0.4733 -1.0933 0.1122 3.38 -8.45 3.64 173 288 276 302 198 
3.37 -6.10 2.32 -1.5800 1.7000 -2.0600 2.2911 -2.4667 -0.6289 5.06 -7.09 4.49 174 266 238 231 187 
8.19 -4.23 2.76 1.4900 0.6500 -1.5100 3.5689 -3.0833 -1.3022 8.12 -3.57 4.16 170 204 163 163 149 
14.75 -1.53 5.04 5.0500 0.1200 2.9200 1.9844 -1.7689 1.0022 9.25 -2.14 2.42 177 162 150 157 136 
3.23 -2.68 5.38 -5.8300 1.3900 5.3200 -0.9989 -0.7756 0.4144 8.97 -3.94 0.22 182 160 151 157 138 
17.59 0.96 -7.19 7.9600 2.7900 -6.7700 -0.9367 0.2111 -0.6944 9.60 -1.92 -0.40 182 165 155 162 142 
9.81 -2.38 0.82 0.0600 -0.0500 0.8500 -0.0111 0.1833 0.0978 9.58 -2.06 0.00 183 166 157 164 143 
9.02 -2.48 0.18 -0.4800 -0.0300 0.0900 0.0033 -0.0122 0.0356 9.56 -2.18 0.07 182 170 160 165 144 
9.74 -0.56 -0.40 -0.0400 1.5500 -0.9200 0.3800 0.8878 0.4367 9.46 -2.51 0.53 165 203 196 194 164 
;
