2.68 5.90 7.36 -0.1400 0.0000 0.0800 0.0011 -0.0222 0.0000 2.83 5.92 7.28 177 265 222 236 160 
2.52 5.97 7.43 -0.5100 0.2700 0.4700 -0.0222 -0.4200 0.3500 3.14 5.85 7.20 175 263 235 237 156 
11.67 9.64 13.11 5.1500 5.3200 6.9900 -2.8200 -3.4511 4.2344 8.63 2.06 4.17 180 275 281 288 181 
8.23 4.51 1.68 -0.5700 8.1100 -3.2300 -6.2144 1.6667 4.4356 6.44 -6.71 3.08 181 297 293 313 186 
0.39 -5.74 -7.77 -2.7800 2.9900 -5.8800 -2.8200 -0.2600 1.7289 2.49 -9.07 -2.75 184 302 299 332 185 
0.51 -7.35 -5.95 -1.7500 1.6600 -2.5600 1.1978 0.9333 -0.6400 2.98 -9.06 -2.25 182 312 307 346 187 
2.58 -3.15 -4.89 -1.1700 6.9000 -3.6000 7.1989 -1.1444 -2.3022 5.47 -7.14 3.88 183 312 313 350 189 
7.17 -2.17 22.19 1.8200 2.0600 11.4400 -3.0356 0.2900 1.0233 4.92 -5.86 6.12 180 317 319 347 192 
1.92 -3.44 -2.88 -1.8400 4.6500 -6.7400 -4.4522 0.5400 1.3978 2.39 -9.49 0.44 184 317 317 350 192 
0.31 -8.60 -7.83 -2.3100 1.7700 -6.4600 3.6967 -0.0489 -1.6678 3.55 -8.90 2.04 185 318 319 352 192 
7.21 -2.22 8.77 2.5200 3.6300 5.4500 4.2600 -0.7878 -0.8711 5.51 -4.54 6.71 184 314 317 346 193 
6.20 -2.71 11.63 1.2100 2.8900 2.8400 -4.3611 0.5367 1.0989 4.61 -7.22 4.75 183 303 308 289 187 
2.01 -7.45 -3.66 -0.6400 0.4500 -5.3800 -1.7811 -0.4122 0.5922 3.41 -9.19 -0.20 182 305 298 286 188 
3.52 -8.87 -0.60 0.2100 0.4200 0.2000 0.6500 0.9911 -0.1722 3.61 -9.08 0.72 184 312 308 307 189 
3.01 -9.10 0.85 -0.4600 -0.0100 -0.2100 -0.3122 0.1311 0.0700 3.48 -9.13 0.78 185 316 315 335 192 
1.81 -8.82 -5.68 -1.8500 -0.0900 -8.3100 2.3000 -0.6378 -0.4489 3.84 -8.75 2.18 186 317 318 346 193 
5.60 1.68 8.04 1.2900 7.1800 4.5600 6.4244 -0.1356 -0.4878 4.76 -3.23 7.93 184 317 323 351 195 
6.33 1.29 16.23 1.8900 5.3700 4.6600 -5.5822 0.7678 0.3689 4.10 -5.80 6.75 183 323 326 352 197 
2.36 -6.10 -7.82 -3.1600 0.7200 -12.1600 -2.2511 0.1400 0.5767 3.12 -9.21 1.24 181 334 326 356 197 
2.62 -4.84 -3.31 1.0100 5.1600 -3.5600 6.6078 0.2722 -1.8067 4.72 -5.61 6.50 185 331 329 358 197 
8.75 0.21 17.92 2.9100 2.4400 10.1800 0.0622 -0.2756 -0.0900 5.90 -2.50 7.41 183 334 331 354 196 
5.81 -2.31 7.77 0.3100 2.5800 0.8600 -3.7000 0.6578 1.1267 4.92 -6.21 5.76 187 331 327 352 198 
2.58 -7.98 -2.14 -1.4600 0.2600 -5.0700 -1.8956 0.0367 0.4178 3.99 -8.74 1.92 184 326 327 351 197 
3.75 -8.82 0.38 -0.3700 -0.0600 -1.0400 0.7400 0.3467 -0.5111 4.38 -8.46 2.27 186 327 328 353 197 
3.84 -7.94 1.30 -1.5000 0.2300 -2.0000 0.8667 0.0389 -0.5811 4.97 -7.81 3.22 182 317 328 340 197 
5.15 -6.38 4.05 0.4500 0.8600 1.0000 1.9133 -0.7322 -0.7556 6.05 -5.91 4.95 182 278 278 228 181 
10.73 -6.61 3.59 2.8800 -1.4600 -2.4000 0.3411 5.0322 0.3256 5.08 -5.36 6.44 180 170 163 167 133 
-1.09 -1.65 5.09 -1.1100 3.2200 -3.9800 1.3744 4.6378 3.8022 -4.43 -3.78 7.88 187 163 162 157 129 
-9.12 1.94 7.57 -4.2600 1.8700 1.1000 1.7489 0.1456 1.1989 -5.69 0.69 7.95 188 168 163 161 131 
-6.13 1.19 8.92 -0.7200 0.3900 1.2300 0.0300 0.0311 0.0711 -5.57 1.02 8.00 187 174 168 162 134 
-6.15 0.75 7.27 -0.7100 -0.0900 -0.8200 -0.1022 -0.0433 -0.0067 -5.53 0.81 8.05 188 173 171 164 134 
-5.91 0.62 7.69 0.0300 -0.0300 -0.3300 -0.0689 0.0256 -0.1656 -5.57 0.59 8.04 188 173 171 164 136 
;
