2.88 6.47 6.81 -0.0400 0.0900 -0.0300 -0.0100 0.0133 -0.0033 2.87 6.36 6.87 172 360 366 397 214 
2.82 6.45 6.80 -0.0200 0.0700 -0.0300 -0.0044 0.0011 -0.0056 2.87 6.36 6.88 171 360 364 395 213 
3.30 7.01 7.41 0.9300 0.8600 0.2900 -0.4289 0.2022 0.2078 2.83 6.14 7.09 182 341 360 403 214 
10.12 12.51 16.40 6.0800 8.4300 9.5500 -1.0956 -2.4589 4.8511 7.83 2.40 5.38 188 325 345 392 214 
6.34 5.50 -0.62 -2.0600 9.0100 -8.5400 -5.3889 3.6078 4.9300 4.23 -7.22 5.09 188 317 321 346 214 
-5.41 -5.14 -7.06 -6.3600 3.2500 -9.6200 -1.4611 0.0922 1.3800 -0.20 -9.66 1.66 179 291 278 316 210 
-3.01 -2.21 -5.17 -3.5300 6.9700 -9.3600 6.6056 -3.2533 -2.7411 2.86 -6.60 6.65 185 301 295 328 212 
8.69 1.39 31.00 4.7700 4.2800 17.7500 -4.4689 0.4389 1.0833 2.62 -5.08 7.96 190 306 303 342 216 
1.35 -3.71 -6.48 -0.5600 5.1900 -10.1200 -4.3311 1.5089 1.6611 -0.33 -9.72 1.24 190 318 312 348 214 
-5.08 -2.43 -7.26 -4.7600 8.5800 -9.1600 6.7978 -2.4811 -2.6933 1.88 -7.12 6.47 187 310 314 378 212 
5.56 -4.52 15.73 3.3200 0.1000 3.0500 -3.2211 -1.5767 0.5044 2.41 -6.82 6.62 183 316 312 352 216 
1.58 -6.66 3.72 -0.5600 1.0000 -1.6900 0.2356 0.3411 -0.1644 1.89 -7.41 6.12 189 312 312 357 215 
0.48 -5.68 4.08 -2.5500 1.9600 -2.1200 -0.2433 -3.2244 -0.7422 3.64 -7.20 5.56 175 268 275 291 201 
5.58 -4.26 -1.96 -0.3000 2.9100 -2.3800 -1.5367 -6.7456 -1.2844 7.22 -6.27 -2.12 147 221 211 223 170 
12.08 -6.73 -11.73 6.9600 -2.8600 -5.1700 -1.5633 -0.9933 -1.0233 5.21 -3.37 -7.58 160 252 231 261 189 
12.56 -6.97 -13.37 7.1000 -3.3900 -5.4000 1.5867 0.8478 1.7367 4.95 -4.87 -6.91 184 293 286 340 213 
3.60 -1.94 -3.29 -3.5900 5.6200 1.2700 5.1589 1.7267 1.1056 3.06 -9.15 -1.72 195 366 350 404 210 
2.32 -2.19 -0.02 -0.9300 5.5500 0.0400 0.0856 0.4778 -0.3456 3.23 -9.25 0.26 199 377 350 405 213 
3.28 -6.44 -0.13 -0.4500 3.7900 -0.4600 -0.7722 1.1456 -1.2178 4.35 -8.78 -0.01 198 338 318 378 215 
;
7.93 -6.75 -0.77 3.3300 -0.6900 -0.7900 -0.7578 4.2844 -1.9689 6.46 -7.27 1.22 148 289 311 362 218 
12.94 -10.26 9.23 7.6000 -1.3600 5.6200 -1.3522 3.2256 2.0978 3.69 -8.05 4.19 148 304 323 375 216 
-0.83 -5.29 -2.85 -2.3600 4.0100 -5.9600 -3.1656 0.7111 2.2700 -0.55 -9.79 -0.11 154 328 339 394 216 
-0.85 -4.18 -9.30 -0.7400 6.9000 -9.5000 5.9589 -0.6867 -1.6111 0.50 -9.16 3.46 163 335 333 393 215 
5.12 1.36 34.61 3.7100 3.4900 24.3400 -1.2400 0.0033 0.5189 1.75 -4.22 8.67 169 327 328 384 214 
0.99 -2.54 0.80 -0.5600 5.0900 -6.5200 -5.3778 0.9122 1.6878 -0.36 -9.51 2.36 168 337 340 386 217 
-2.96 -8.36 -11.14 -1.7100 3.0600 -10.4600 4.4356 -0.4800 -1.8867 0.53 -9.28 3.09 170 336 339 393 216 
1.11 1.69 26.92 -0.7000 6.1000 18.7800 -0.0156 -0.2144 -0.0911 1.05 -4.93 8.40 172 327 338 395 216 
0.88 -3.17 0.45 -1.7500 3.7100 -7.9900 -3.0133 -2.8222 -0.4756 3.94 -8.19 3.65 163 272 262 282 210 
2.66 -5.11 -2.44 -2.7200 2.4300 -2.2400 -1.2856 -5.1689 -3.0533 7.23 -6.18 -2.34 122 196 197 203 152 
11.58 -4.41 -10.65 5.7600 -0.9600 -4.7500 -1.3433 -2.5400 -0.9444 5.31 -2.71 -7.78 109 206 201 208 149 
12.26 -5.11 -14.33 7.5700 -3.5200 -7.8300 1.1711 0.0078 0.7322 5.02 -3.04 -7.85 167 244 236 264 198 
5.31 -5.69 -10.04 -1.2600 4.6400 -1.8900 5.5422 0.8044 3.6356 2.89 -8.82 -3.16 192 389 355 397 215 
0.90 0.93 -1.91 -0.4800 10.1100 -1.2300 -0.2378 0.6922 -0.3733 2.63 -9.43 -0.32 200 399 344 388 214 
;
