-0.90 -0.21 9.75 0.0100 -0.1100 0.0000 0.0000 -0.0033 0.0044 -0.91 -0.09 9.76 166 366 350 381 213 
-0.84 -0.22 9.83 0.0000 -0.1000 0.0500 -0.0011 -0.0100 -0.0011 -0.91 -0.09 9.76 167 367 347 383 212 
-0.84 0.01 10.09 -0.1400 0.3200 0.6400 -1.6189 -0.8322 0.2411 -0.35 -0.85 9.76 173 312 332 363 214 
7.53 -0.32 17.66 4.8200 0.5000 10.1700 -1.7056 -2.9122 2.6467 5.54 -2.64 7.64 175 296 316 343 217 
3.98 -2.01 2.88 -1.9600 4.9800 -3.2300 -3.8700 -0.0156 3.0911 3.61 -8.39 3.55 178 306 321 355 218 
-3.50 -4.35 -6.23 -5.8300 4.9100 -8.2500 0.7256 -0.0922 -0.2111 2.00 -9.45 1.65 177 319 329 361 215 
11.34 0.83 12.78 9.7300 5.5000 17.0600 5.0222 2.3156 0.1278 3.60 -4.47 7.94 178 314 325 364 216 
4.62 -2.98 8.23 0.1700 4.0400 -0.2200 -5.2300 -0.1478 1.0056 3.42 -8.17 4.20 179 317 331 365 215 
-0.45 -6.64 -9.57 -2.1600 2.2900 -11.2600 0.7822 -0.3089 -0.6978 2.93 -9.31 0.85 180 322 334 367 217 
11.50 0.28 17.13 6.0100 5.9700 14.0600 4.0189 0.7500 0.2967 4.21 -5.48 6.95 181 302 323 371 215 
4.34 -4.46 5.98 -0.4800 2.3300 -1.3000 -3.8533 0.1933 0.3022 4.69 -7.68 3.87 159 234 225 234 206 
9.54 -8.90 -0.85 4.1700 -1.5500 -2.4900 -0.8167 -0.3489 2.0300 3.36 -9.11 1.32 133 215 204 217 198 
-6.45 -9.35 1.29 -6.7300 1.2100 0.7500 -0.4022 -2.0333 1.1800 0.11 -9.79 0.54 137 223 219 229 200 
0.13 -9.30 1.89 -0.6200 0.0900 0.8500 -0.6833 -2.5289 -0.7067 0.98 -9.75 -0.30 135 218 218 227 198 
0.12 -8.57 -5.83 -1.5200 1.1300 -4.2800 0.3378 -6.8556 -3.8611 3.29 -8.74 -2.96 137 205 201 210 197 
6.80 -5.60 -7.25 2.1800 2.2300 -1.7700 0.7778 -2.9189 -2.1267 3.52 -7.37 -5.42 143 209 201 222 198 
4.16 -6.26 -4.92 0.1000 1.0700 0.0000 -0.2100 0.3500 0.0767 3.29 -7.40 -5.52 144 212 208 226 200 
4.78 -5.64 -4.63 2.5800 3.4600 2.2700 -0.3511 2.6233 0.0200 4.23 -7.12 -5.24 155 224 230 248 206 
9.91 -4.28 -1.92 0.5500 0.9200 -1.6300 -1.2333 14.2333 -3.4744 6.76 -5.05 4.97 173 291 295 323 212 
0.35 1.61 13.38 1.2200 3.0800 4.6300 0.4389 1.9622 -4.0733 0.73 -0.11 9.77 178 343 333 372 209 
1.21 0.18 8.46 1.2300 0.3300 -1.9400 0.3033 0.6022 -0.4700 -0.67 -0.02 9.78 177 368 351 384 214 
;
