3.35 -0.04 9.19 -0.0400 -0.0800 -0.0200 -0.0022 -0.0078 0.0067 3.38 0.03 9.20 159 302 298 311 199 
3.35 0.03 9.12 -0.3700 -0.1300 -0.5300 -0.0033 0.0056 0.0122 3.39 0.04 9.19 159 300 295 313 194 
3.34 -0.04 9.12 -0.0300 -0.0900 -0.0100 -0.0133 0.0211 0.0000 3.36 0.04 9.21 140 298 294 316 198 
2.03 -0.51 9.68 -1.9400 0.2100 1.0400 -1.3411 -2.3022 0.7067 4.24 -1.07 8.77 162 294 294 293 201 
21.88 -0.83 7.89 13.3700 -0.3200 0.0100 1.9811 -6.8056 3.6300 9.44 -2.64 0.14 158 289 302 304 204 
1.64 -0.51 -1.17 -6.4000 6.8100 -1.1400 -0.4567 0.0178 4.8200 3.95 -8.91 -1.00 154 286 303 300 208 
-3.42 -3.85 -5.09 -5.8100 5.7700 -5.0200 2.5633 0.9378 -1.0811 2.74 -9.37 0.85 155 289 307 310 207 
4.17 2.09 2.89 3.1200 9.8000 1.3500 7.0000 -0.6611 -3.6700 6.17 -3.84 6.58 167 290 304 318 203 
12.98 0.15 15.67 5.4800 5.0800 5.1100 -6.6611 1.5600 2.1744 4.98 -7.24 4.34 165 298 305 321 203 
-2.36 -4.63 -11.45 -5.9500 3.9500 -12.4900 -1.2078 -0.3500 1.0956 1.79 -9.62 -0.60 165 305 306 313 198 
-1.97 -3.99 -5.23 -4.3500 6.3000 -6.2600 5.4456 -3.6822 -3.4278 5.17 -7.29 4.01 169 300 308 318 197 
16.87 0.33 25.56 8.3900 4.2800 19.7000 -2.5122 0.5333 0.4789 6.64 -4.56 5.58 175 311 313 324 205 
-0.92 -3.36 -4.66 -5.8000 5.6700 -7.8200 -4.7222 -3.7678 2.5833 3.98 -8.80 -1.66 180 333 290 315 206 
-1.25 -5.70 -7.56 -5.5800 1.2800 -6.4000 2.7000 -1.5378 -3.5211 6.56 -7.21 -0.98 112 238 277 287 202 
14.36 -3.29 -2.63 7.7500 3.2800 -2.1100 4.2456 0.0956 -1.2233 8.84 -3.98 1.43 88 163 150 161 134 
13.29 5.88 1.81 2.7900 10.6000 3.2700 4.1911 1.2889 1.3711 8.52 -3.40 3.45 92 164 153 157 135 
9.48 2.02 10.53 1.6100 5.5300 4.8400 -3.9100 0.9211 -0.7678 8.07 -4.34 3.46 92 170 164 171 140 
10.92 -2.41 -6.07 2.9100 0.7900 -10.9600 -1.8356 2.8200 -0.0544 7.60 -5.24 3.27 97 170 166 170 140 
5.78 -6.85 -0.43 -1.5300 -1.5200 -1.9100 3.6211 -1.9233 1.0444 7.71 -4.18 4.38 94 172 155 167 138 
5.73 -5.26 3.64 -1.6300 -0.5800 -0.7700 -0.8467 0.4500 -0.0933 7.56 -4.72 4.07 97 180 169 179 149 
5.94 -4.54 4.28 0.8200 0.0800 1.6300 1.0822 -1.9233 -1.7756 8.97 -3.14 2.37 141 248 213 206 161 
20.39 -4.53 5.31 8.3900 -1.4600 0.2800 0.8578 3.9333 2.3889 6.82 -3.65 6.01 156 237 165 172 144 
2.38 -4.36 1.26 -1.8000 0.4400 -6.9500 2.4589 1.3211 2.0756 2.67 -3.81 8.62 141 222 153 156 140 
-0.46 4.47 7.82 -9.1200 6.6800 0.5000 -0.6178 2.8633 -1.3167 0.22 -2.41 9.50 141 173 153 160 145 
-0.01 -2.60 10.49 1.2100 0.7500 1.0500 -1.7433 1.4967 -1.9489 -0.77 -4.05 8.89 129 166 143 165 153 
0.65 -4.50 7.69 0.0400 -0.8400 -0.3800 -1.0711 0.4278 -0.6778 -1.08 -5.92 7.73 115 167 153 168 148 
-4.47 -5.17 5.07 -5.4100 1.6800 -3.2100 -0.3644 -0.5289 -1.6278 -0.13 -6.68 7.17 125 175 160 172 159 
2.52 -1.19 2.48 0.4900 3.2800 -2.8000 -0.0900 0.3678 -5.2956 5.08 -5.13 6.62 153 188 204 210 180 
10.65 -2.70 13.88 3.3100 -0.6700 5.0600 -0.7622 1.4389 -2.2767 4.92 -2.63 8.05 169 257 261 275 188 
3.45 -2.76 9.25 0.0200 -0.2300 0.6800 1.3378 0.6989 -0.5178 3.64 -1.41 8.99 172 283 285 303 189 
;
