-0.61 -1.04 9.77 -0.0700 -0.1100 -0.0600 -0.0044 0.0033 0.0022 -0.54 -0.94 9.74 166 364 353 394 215 
-0.53 -1.00 9.84 -0.5900 0.0300 0.5900 -0.6033 -0.7733 0.2278 -0.03 -1.37 9.70 173 319 340 370 212 
4.00 -1.98 16.97 7.6400 2.8000 11.0300 -0.1356 -7.1411 3.4356 6.52 -2.54 6.86 176 301 329 359 217 
5.25 -1.63 0.85 -0.9600 4.7500 -3.1000 -2.9678 -0.4256 3.5411 4.98 -8.09 2.41 178 306 312 359 216 
-1.81 -6.23 -5.54 -4.7100 3.2000 -6.9700 0.3822 -0.7100 0.6911 2.41 -9.45 0.99 176 306 330 367 218 
1.39 0.86 -0.30 5.3800 8.9600 5.0900 6.8078 -0.8500 -2.5989 5.08 -5.48 6.34 179 308 333 371 216 
6.94 -1.95 15.65 1.8600 5.3600 3.2400 -5.5422 0.3889 1.4656 3.31 -7.79 4.94 179 313 336 374 216 
-0.27 -6.09 -7.77 -2.3800 2.5400 -10.2100 -1.1822 2.2778 0.5233 0.80 -9.71 1.05 178 317 337 375 215 
4.78 1.18 13.58 -0.0200 8.4200 12.3800 4.3878 0.9244 -0.2544 1.68 -6.48 7.15 182 310 325 369 217 
4.47 -4.78 3.32 -2.2100 0.4900 -4.1000 -0.6700 -7.3144 -1.9467 8.20 -5.16 1.45 175 290 314 343 218 
6.57 -1.97 -7.01 0.4600 1.2500 -2.9400 0.0511 -6.5367 -0.1744 6.33 -3.49 -6.61 183 298 325 345 220 
8.21 -6.92 -5.99 5.1800 -2.1100 3.6200 -0.3689 -1.4822 0.8522 2.03 -3.79 -8.81 183 283 309 371 222 
2.32 0.52 -12.29 0.5700 3.8500 -1.8200 -0.0133 0.3989 0.3111 1.44 -3.16 -9.16 184 285 306 372 223 
;
