1.77 -1.02 9.64 -0.0600 -0.2000 0.0900 -0.0489 0.0322 0.0711 1.78 -0.80 9.60 168 345 371 400 214 
1.80 -0.98 9.62 0.1300 -0.0700 -0.0200 0.0222 0.0267 -0.0122 1.69 -0.80 9.62 168 351 366 400 214 
1.70 -1.01 9.51 0.0200 -0.2300 0.0900 0.1589 0.1044 -0.0411 1.59 -0.69 9.65 167 349 364 401 212 
0.03 0.21 11.34 -1.9200 1.6600 3.7400 1.8722 -1.4300 1.8600 2.20 0.42 9.54 187 329 355 404 217 
8.99 3.58 15.04 2.3900 2.9700 5.7300 -4.0367 -3.8489 3.9756 6.71 -3.76 6.07 159 286 315 318 217 
0.71 -2.49 -1.19 -3.8900 5.1700 -3.6500 -3.1578 0.8878 3.9133 2.84 -9.32 1.08 147 277 286 295 213 
-4.56 -7.02 -5.36 -5.4200 2.5900 -5.1700 0.4322 0.1078 0.0944 0.61 -9.78 0.01 159 303 314 341 217 
-0.77 -1.99 -5.20 -3.1300 8.4700 -7.2300 7.4378 -1.8433 -3.1722 4.27 -6.35 6.12 170 309 332 366 217 
9.16 0.14 30.97 3.6800 2.3200 20.0400 -4.4789 0.3956 1.0700 3.58 -4.76 7.78 177 321 343 370 218 
3.66 -1.90 -4.49 1.2800 7.0700 -8.1800 -4.1000 1.0344 2.1078 0.68 -9.68 1.37 178 350 358 395 216 
-4.60 -3.79 -8.13 -4.9500 7.1300 -8.4800 5.7389 -0.4111 -2.1956 1.53 -8.58 4.47 187 343 357 403 220 
7.36 3.63 24.44 3.3900 3.6900 16.9400 -0.2067 -1.2667 -0.7056 3.76 -2.97 8.55 187 339 353 404 217 
5.31 -6.19 2.81 -0.1900 -0.4800 -4.4900 -2.0533 0.3644 0.1322 4.69 -6.36 5.80 187 344 357 400 220 
3.47 -5.56 5.11 -0.1300 0.7500 0.1500 0.5622 0.5656 -0.4000 4.42 -5.90 6.45 189 332 360 403 219 
5.09 -6.09 7.93 0.5100 -0.3500 1.0800 -0.2189 0.0256 -0.0411 4.46 -5.79 6.52 186 336 360 404 223 
4.75 -5.79 7.55 0.2100 -0.4700 0.9900 0.0456 1.5667 -0.1900 3.56 -5.85 7.01 165 334 175 190 158 
-2.03 -4.85 4.34 1.2900 1.4600 -3.8000 -2.0656 2.1089 -1.8589 0.63 -8.08 5.51 176 371 176 181 162 
1.78 -7.01 4.19 1.6100 1.0800 -1.3400 1.2511 -1.4622 -0.1556 1.06 -7.80 5.84 189 376 182 192 164 
7.72 -8.60 9.11 5.5500 -2.5700 2.5600 1.8811 -1.4611 1.9300 1.53 -6.04 7.56 194 387 181 200 166 
-6.19 -10.77 16.09 -7.2900 -3.1500 7.8000 -2.5089 0.2511 0.7944 0.06 -7.40 6.43 192 393 179 204 167 
-4.30 -1.55 6.92 -4.8200 7.1200 1.9600 -2.5822 1.0822 -0.7567 -0.13 -9.33 2.98 199 392 183 203 167 
1.07 -0.75 -0.85 1.0800 8.9400 -2.1600 -0.4256 1.7278 -1.6667 2.12 -9.48 1.27 195 380 182 204 168 
7.94 -4.61 1.03 5.4400 3.2100 -1.7700 2.7533 0.8389 -1.4478 3.78 -7.96 4.28 194 383 186 202 171 
13.13 -9.12 9.93 8.4700 -4.4800 4.9700 2.8444 -0.7378 1.4144 4.25 -4.61 7.53 198 390 191 206 169 
-2.41 -6.52 9.93 -6.2900 -1.0100 2.1500 -0.3056 -0.6778 0.5544 4.37 -5.22 7.04 191 388 194 208 169 
1.08 -7.96 7.43 -1.0300 -1.8800 1.0700 2.5033 2.1522 -1.2900 3.52 -3.72 8.36 182 269 234 233 192 
;
