2.91 -0.37 12.85 1.2600 2.0400 5.4400 1.3322 -2.8833 0.9456 4.62 -0.58 8.62 184 340 348 394 221 
10.24 0.87 11.18 2.5800 4.2200 2.2500 -4.1644 -1.4444 3.7989 5.95 -5.97 4.99 175 341 351 392 222 
-2.79 -4.79 -4.87 -5.1900 3.9800 -7.2100 -2.6011 1.0711 2.5233 1.07 -9.70 0.90 161 343 354 398 222 
-3.38 -5.12 -7.60 -3.8900 6.0500 -8.3300 4.9456 -0.4644 -2.4944 2.21 -8.88 3.50 174 344 351 401 222 
8.66 1.49 30.10 4.3700 2.7900 23.0200 -0.4044 -0.6644 0.0422 3.78 -4.09 8.06 181 337 354 395 222 
2.78 -3.14 -0.28 -1.5200 4.5600 -7.5400 -4.5811 1.4244 1.5367 1.65 -9.25 2.80 178 339 356 401 221 
-1.09 -5.54 -8.38 -3.4600 5.9300 -8.5800 6.1089 -1.3267 -2.1044 3.18 -7.18 5.86 187 330 350 396 220 
-1.12 -4.51 21.99 -1.3900 0.0500 7.8500 -4.3056 -2.6133 -1.4589 3.81 -6.25 6.51 181 338 352 406 223 
5.53 -12.59 -2.46 1.4800 -4.5900 -4.6800 2.6322 -1.9167 1.2467 4.53 -7.19 4.87 163 278 252 260 186 
4.75 -4.40 7.00 0.6900 0.9600 0.4300 3.0011 1.2522 1.7944 2.56 -4.19 8.48 148 187 176 175 147 
0.46 0.21 6.89 -1.3200 4.1100 -2.8800 1.7444 0.3100 1.0956 0.87 -2.26 9.50 158 176 181 183 155 
-0.87 1.73 10.30 -1.9400 1.8000 0.2700 -1.1456 0.5800 -1.3189 0.57 -2.70 9.40 154 180 184 187 158 
2.56 -7.37 6.92 1.2200 -4.1900 -1.8900 -1.3789 1.5867 -0.5311 -0.56 -4.95 8.44 135 182 184 194 161 
-5.02 -4.50 5.24 -3.2700 1.8800 -3.4500 -0.0778 -0.4156 -0.6522 -1.49 -5.81 7.75 134 190 179 192 159 
0.16 -3.55 2.99 -0.9600 1.5400 -4.1700 1.6967 -1.9433 -3.4033 2.71 -4.24 8.41 153 213 198 204 183 
7.07 -2.49 12.09 2.6900 -1.2900 2.5800 0.1878 1.1211 -2.7278 3.85 -1.33 8.91 178 274 290 333 209 
;
