2.69 -3.14 8.73 0.0200 0.2300 -0.0400 -0.1878 0.0011 -0.0511 2.56 -3.78 8.67 150 300 293 275 193 
2.44 -3.80 8.96 0.0500 0.1200 0.2000 0.3422 -0.0022 0.0189 2.53 -3.58 8.76 156 304 292 290 194 
2.50 -3.36 8.76 -0.1100 0.0100 0.0000 0.0267 0.0278 -0.0900 2.52 -3.37 8.85 154 311 300 294 192 
2.60 -3.25 9.03 -0.1200 0.1300 0.0200 0.1000 0.3011 0.0978 2.37 -3.26 8.93 158 312 296 299 192 
0.79 -4.19 13.73 -3.4600 -2.0500 3.7200 1.4256 -2.9778 0.9278 3.21 -2.30 8.97 171 291 288 290 195 
11.39 -1.92 9.37 4.8000 2.3400 2.6300 -1.6600 -5.5133 4.2533 7.11 -5.88 3.30 171 297 287 295 200 
0.42 -4.04 -1.12 -3.4900 4.0200 -1.1400 -1.8011 -1.4078 3.4233 2.45 -9.41 -1.20 178 300 299 306 201 
-2.19 -6.49 -4.09 -2.9200 2.2600 -2.6200 -0.3011 0.2356 0.4822 0.41 -9.50 -2.38 175 316 299 310 202 
-0.49 -4.82 -6.33 -0.7800 5.7200 -4.1700 5.6989 0.8033 -1.8044 2.11 -9.04 3.15 178 319 307 306 200 
8.92 -2.11 24.15 5.1600 1.6300 18.1400 0.3600 0.8178 -0.7333 3.49 -5.68 7.18 177 323 309 326 205 
4.84 -3.51 4.21 1.5800 5.4100 -0.3300 -6.4678 1.4500 1.7800 1.96 -9.59 0.57 179 322 313 324 205 
-0.53 -8.15 -15.83 -0.5700 1.5300 -11.0600 2.5289 -0.3100 -0.4733 1.24 -9.52 -1.98 180 322 311 323 205 
5.70 -1.60 7.64 2.4100 6.9000 5.5800 5.0989 0.1589 -0.8122 2.89 -7.39 5.75 180 322 311 332 203 
2.45 -4.46 15.70 0.4700 3.6000 6.9000 -4.9833 0.9344 -0.2022 2.45 -8.79 3.57 178 324 309 325 201 
5.73 -7.64 -7.01 1.3300 0.6500 -6.5800 -1.7144 0.1789 -0.1022 2.89 -9.06 -2.37 181 326 304 328 199 
3.26 -9.28 -1.99 -0.1900 0.2000 0.2600 0.9111 0.8333 -0.4733 3.47 -9.07 -1.33 180 303 298 300 198 
7.64 -4.44 -3.62 1.4200 3.9000 -3.7200 -3.6578 7.0556 2.0200 2.93 -9.31 -0.83 174 289 152 165 133 
-1.97 -10.51 3.81 -2.9000 -1.6300 1.9800 1.8956 0.4700 0.5500 1.19 -9.52 1.98 181 354 163 177 147 
-1.94 -7.18 5.28 -2.5000 2.6100 1.5500 0.1933 0.7922 -1.0133 1.72 -9.16 3.04 183 361 171 179 141 
6.23 -6.50 2.69 5.6400 1.5000 -0.2700 2.4022 -0.0189 0.0311 2.26 -7.92 5.30 182 357 141 183 149 
5.51 -14.94 13.33 0.2400 -7.8500 6.7900 -1.0289 -1.6333 2.6978 1.16 -8.01 5.53 183 361 142 184 148 
-6.84 -5.73 8.49 -6.7000 3.8400 4.7700 -2.8833 0.2656 0.2489 -0.31 -9.62 1.85 184 358 145 192 148 
-2.93 -0.89 2.74 -3.2000 8.9800 2.8300 -1.4711 1.8089 -2.3267 1.99 -9.55 -0.94 186 358 176 191 148 
9.09 -0.99 -1.60 4.7200 7.1100 -1.6500 1.1922 2.1789 -2.5889 5.85 -7.83 0.68 185 360 170 194 154 
16.42 -6.75 5.18 10.2000 -0.8500 2.0800 3.1689 0.2711 2.1567 5.33 -6.65 4.84 190 365 176 194 150 
-3.32 -10.78 8.12 -5.9200 -0.6400 2.4000 -0.3433 -0.6078 1.0067 3.53 -7.76 4.83 190 364 177 196 151 
0.35 -9.01 6.79 -3.3700 -2.5400 2.6100 2.0456 -3.6356 -0.1000 4.12 -7.24 5.15 190 251 194 206 156 
24.20 -3.24 -2.71 10.8500 1.9700 -2.5100 5.2611 -10.8378 7.0033 4.87 -8.22 -2.20 120 276 163 169 145 
-3.78 -4.83 0.15 -4.0300 4.6800 -0.4000 2.5067 0.6767 0.5000 1.07 -9.42 2.47 110 270 168 169 148 
2.24 -10.14 4.18 1.5000 -1.4500 -0.1500 1.3578 0.1022 0.1222 1.05 -8.52 4.73 111 286 169 171 144 
0.65 -3.70 5.13 -0.1200 4.0900 -0.8200 3.7400 0.5533 -0.1000 0.52 -5.39 8.16 126 300 179 176 148 
-0.16 1.65 10.67 -0.5000 6.4300 2.1700 -2.6000 0.3011 -0.9656 0.53 -6.05 7.69 124 287 177 174 146 
2.23 -12.00 -0.12 2.2300 -4.6700 -7.0300 -1.8200 -0.8122 -0.3956 1.95 -8.53 4.42 125 276 180 176 151 
1.93 -5.36 5.10 -0.7500 3.4000 1.0500 -1.9178 0.1033 -2.4022 4.16 -8.35 3.00 170 282 176 178 155 
7.89 -4.49 2.67 1.3700 1.9500 0.6000 -3.7211 5.0922 -5.9267 8.09 -4.64 3.01 176 272 210 219 177 
;
