2.51 0.30 9.47 0.0000 -0.0200 0.0400 -0.0144 0.0056 0.0022 2.52 0.39 9.46 172 348 359 393 215 
2.56 0.31 9.57 0.0000 -0.1200 0.0400 0.0133 0.0222 0.0056 2.51 0.40 9.46 171 347 361 390 218 
2.64 0.37 9.48 0.2000 0.0000 0.0200 0.0944 0.1811 0.0389 2.40 0.47 9.49 181 328 353 384 216 
5.19 6.59 14.56 10.9600 6.4300 10.8000 0.0189 -4.9044 4.2578 6.33 -0.72 7.45 185 308 331 367 217 
5.66 0.75 4.88 -4.8600 6.0300 -2.4500 -4.8478 1.5278 4.9522 4.46 -7.97 3.55 174 312 323 369 220 
-6.57 -6.13 -6.94 -7.4700 3.3000 -8.2300 -0.5089 0.7211 0.7044 0.81 -9.73 0.86 186 313 328 375 216 
0.54 -1.48 -6.76 1.8100 9.2200 -7.0300 7.9200 -1.2322 -2.9944 4.08 -5.60 6.93 187 312 322 361 216 
3.75 -0.77 23.35 0.7000 3.3000 10.7200 -5.6600 0.3556 0.7278 2.73 -6.30 6.99 190 317 321 363 217 
1.29 -2.57 -7.24 -0.1900 6.8800 -10.1200 -5.0767 2.5522 0.8644 1.03 -9.74 -0.20 186 327 325 372 219 
-0.31 -3.24 -4.30 0.5100 7.3500 -3.7700 8.5889 -0.6878 -1.5178 2.30 -6.96 6.50 195 320 338 393 218 
-1.75 -2.38 12.84 -2.2300 2.8600 1.4800 -2.1756 -3.0589 -1.5533 3.56 -6.21 6.69 190 327 334 390 219 
6.22 -6.27 -2.28 1.3100 -1.1200 -8.2300 4.5011 -2.6733 -1.3922 6.69 -3.40 6.30 182 250 212 218 165 
23.56 4.37 12.45 14.6200 5.5300 8.7400 2.8767 -0.9044 2.2556 8.83 -0.88 4.16 189 174 158 192 145 
-1.64 1.23 7.65 -11.5400 4.8100 3.8600 -1.2856 -1.7944 0.4956 8.76 -4.23 1.22 198 173 171 196 143 
18.99 2.63 -4.83 13.0600 3.2200 -4.3800 -0.4522 -0.9478 -0.1567 9.57 -1.99 0.74 200 178 180 195 148 
9.14 -0.83 1.67 -0.4900 1.5300 0.5300 0.0089 0.0522 0.1533 9.47 -2.34 0.96 197 181 182 199 147 
;
