9.44 2.43 0.77 -0.1800 -0.4900 -0.0900 0.1211 0.1689 -0.0300 9.31 2.87 1.07 182 244 254 253 173 
9.21 2.99 1.54 -0.3600 0.4300 0.7600 -0.3022 -0.0233 0.4522 9.47 2.26 1.08 153 261 262 267 179 
12.04 3.25 4.91 2.7500 1.7800 2.6500 -1.4311 1.4389 1.1700 9.19 0.66 3.33 181 277 304 315 188 
12.84 1.15 6.23 3.7600 2.9100 0.7900 -3.4878 -0.4933 4.0856 8.24 -4.42 2.92 182 304 314 341 185 
2.70 -1.12 -5.10 -4.6500 6.7500 -5.9300 -3.9633 1.6378 3.9144 2.63 -9.43 -0.45 180 311 317 347 189 
-4.50 -6.64 -12.69 -4.3700 3.9300 -11.1200 3.8244 -0.2589 -1.0478 1.70 -9.61 0.88 172 308 319 348 174 
11.92 -1.04 27.05 5.2000 4.5300 22.2100 0.5311 0.4444 0.4067 3.00 -6.21 6.96 179 311 319 350 192 
2.31 -0.92 -2.42 0.0400 8.0300 -6.4300 -5.6111 1.1033 2.1789 0.18 -9.80 -0.30 178 313 319 352 193 
-4.47 -4.77 -10.50 -4.5900 6.2700 -8.8500 5.8333 -0.2933 -3.0067 2.09 -9.17 2.74 178 304 316 355 195 
5.32 -1.71 26.10 0.9300 2.2900 14.8900 -2.6689 -1.1067 0.3144 3.84 -6.68 6.05 179 309 318 351 195 
1.35 -9.12 -3.83 -1.8500 -2.1000 -8.1800 1.1544 0.4933 -0.8600 3.76 -8.04 4.15 172 282 205 188 154 
0.17 -6.25 7.24 -2.9500 0.9300 -0.7700 2.1733 0.0444 -2.1256 4.72 -5.12 6.90 160 303 179 175 140 
11.95 3.35 2.79 6.5600 4.3600 -3.8500 4.9556 0.1300 -0.1522 4.87 1.35 8.40 150 311 189 179 144 
11.33 9.76 21.11 2.3700 6.6700 14.0800 0.0500 0.5522 4.1989 6.69 1.33 7.03 152 315 199 188 148 
-0.15 1.78 7.08 -5.3400 4.2500 -1.8700 -3.8711 0.8744 0.1722 4.75 -3.91 7.63 153 325 197 189 148 
0.00 -0.86 -3.72 -2.9400 4.1900 -9.7100 -1.2811 -0.6244 -3.2667 6.81 -4.53 5.40 150 321 196 191 152 
15.70 0.49 4.14 8.9400 1.4400 1.4100 2.7622 0.0989 -1.5267 7.98 0.16 5.69 158 325 204 199 132 
10.51 0.98 11.25 3.2400 -0.1600 3.5000 -0.5300 0.1822 0.9600 7.95 0.25 5.73 151 317 236 224 172 
10.84 -2.28 5.23 1.8300 -1.3300 -0.6600 0.3244 1.5656 1.9200 6.90 -1.49 6.79 104 308 278 250 172 
5.35 -2.45 5.63 0.0500 -0.4800 -2.4200 0.6300 2.9244 1.9267 3.88 -2.32 8.69 140 204 162 163 134 
-1.27 0.59 6.30 -2.9200 2.3300 -3.0700 1.3544 1.1922 1.1033 0.39 -1.18 9.72 155 180 169 169 135 
-2.83 1.04 8.24 -2.1900 1.7300 -1.0200 0.0067 -0.2600 -0.2978 0.07 -0.80 9.77 150 181 170 165 141 
1.39 -1.39 10.05 1.4800 0.0900 0.0900 -1.2589 0.9222 -1.2789 -0.41 -2.27 9.52 133 185 174 175 144 
-1.05 -3.87 7.92 0.1200 -1.0200 -1.3000 -1.0556 2.0044 -1.2889 -2.50 -4.27 8.46 133 194 180 179 147 
-3.57 -6.68 6.72 -0.7700 -1.4200 -1.4700 -0.1711 0.6056 -0.4211 -2.84 -4.92 7.99 136 201 183 174 151 
-4.07 -4.48 1.50 -1.8900 0.4400 -6.8500 0.6378 -2.8389 -1.0289 -0.02 -4.94 8.47 135 201 180 184 152 
;
