2.30 5.85 7.46 0.1400 -0.0700 -0.0500 -0.0078 0.0056 0.0033 2.15 5.93 7.49 178 291 286 282 182 
2.38 5.91 7.55 0.1500 0.0000 -0.0100 -0.1022 0.0122 0.0167 2.17 5.86 7.55 175 290 291 281 184 
1.82 6.28 8.73 -2.0500 1.3700 2.5800 -0.1300 -2.3378 1.2922 4.05 5.31 7.17 178 299 307 320 188 
15.96 8.27 13.18 7.9600 5.1400 6.6800 -2.8211 -0.4311 3.2356 8.60 0.48 4.68 174 311 322 349 192 
4.21 0.75 -4.68 -3.4600 6.2700 -8.8300 -2.6667 1.7889 4.9556 4.87 -7.62 3.77 173 318 325 348 195 
-3.69 -5.69 -3.08 -5.2200 4.0000 -5.6000 -0.7767 0.6111 0.8567 1.16 -9.44 2.36 175 320 325 352 196 
1.55 -2.70 0.07 2.7800 6.3800 -0.0800 5.9844 -1.5800 -3.2544 4.38 -6.24 6.16 177 315 326 358 102 
9.37 -2.78 16.77 4.3300 3.6200 4.2900 -4.9411 0.8311 2.2678 2.87 -7.74 5.28 178 319 328 360 196 
-4.40 -6.07 -6.76 -5.6800 2.7600 -9.5600 -2.1200 -0.0067 1.2011 -0.39 -9.78 0.46 176 323 327 361 197 
-1.84 -3.79 -2.44 -2.1000 6.1400 -3.6900 5.2367 -1.4611 -3.6911 3.59 -7.62 5.01 179 317 327 359 143 
8.30 -4.21 16.27 2.2000 1.7100 5.1800 -3.6078 -0.5211 1.0878 3.90 -7.48 4.98 180 320 326 355 152 
0.67 -6.98 -0.54 -2.1000 1.0200 -3.1400 -1.5956 0.0200 -0.1544 3.06 -9.07 2.09 178 296 305 304 168 
4.62 -11.12 2.64 1.8400 -2.3900 1.7400 0.2611 0.4622 -0.2811 3.46 -8.97 1.88 179 301 311 325 190 
1.60 -10.62 2.49 -1.5900 -0.4900 -0.0800 -1.8567 -0.1722 1.5078 1.51 -9.68 0.14 178 337 318 354 197 
1.00 -5.46 -10.55 -0.2400 5.4500 -10.8000 3.6078 0.4756 -0.7756 1.70 -9.52 1.59 180 346 327 358 146 
2.41 10.74 -1.64 0.0100 16.4600 -6.5400 10.2789 -1.2144 -1.9156 4.20 -0.19 8.85 180 345 328 363 195 
-4.74 14.54 21.15 -5.3000 6.3100 10.5800 -2.3100 -4.1389 -0.0178 4.15 4.74 7.50 185 341 316 350 200 
5.47 3.39 6.02 0.0000 0.4800 -1.2200 -2.7011 -2.7300 -0.2811 6.64 1.78 6.98 182 289 299 308 198 
7.45 0.72 6.26 -0.2200 -0.1900 -0.4500 -0.3322 -0.2167 -0.1033 7.29 0.81 6.50 176 277 277 284 194 
8.97 0.26 6.58 2.3000 -0.8800 1.1500 -0.0600 0.1189 0.1444 7.44 0.63 6.35 170 246 211 197 161 
10.35 1.19 7.08 1.5900 0.7900 0.9300 1.9500 -3.5378 3.5878 8.66 -0.28 4.58 180 184 164 164 136 
0.05 0.09 2.71 -9.8400 4.0900 0.6700 -0.8900 -1.7889 0.2400 9.22 -3.21 0.84 181 166 162 161 139 
17.16 2.64 -0.48 9.1100 3.2300 -0.3700 -0.4044 0.3167 -2.0344 9.80 0.31 0.10 185 172 168 164 142 
9.37 0.92 0.65 -1.3200 0.7600 0.7000 -0.1678 -0.2822 0.6622 9.80 -0.20 -0.22 182 178 170 168 143 
;
