1.69 1.20 9.64 0.1200 0.0000 0.1000 -0.0189 0.0056 -0.0089 1.56 1.26 9.59 179 335 352 384 213 
0.14 2.99 12.04 -2.6200 1.2900 2.8000 1.0578 -2.3722 2.0056 3.20 1.97 9.05 184 328 354 398 219 
13.01 5.65 14.46 7.0000 4.3400 6.8700 -1.6222 -2.4156 4.7467 7.23 -1.89 6.34 173 292 320 341 216 
-4.78 -1.00 -3.68 -9.8000 5.9200 -9.4600 -3.6589 2.5678 4.3956 0.89 -9.37 2.73 166 303 328 352 219 
-4.30 -5.16 -7.65 -4.3700 5.6400 -8.7200 1.4822 -0.3433 -1.2089 0.26 -9.51 2.36 159 319 338 366 219 
13.10 0.13 11.09 13.5300 7.2700 17.2300 5.5356 0.8767 -0.7233 3.63 -4.57 7.87 174 318 337 372 218 
3.96 -1.15 8.11 1.8700 6.5000 -3.0400 -5.2956 0.7611 1.8356 1.74 -8.44 4.67 175 321 342 372 219 
-1.76 -7.52 -12.41 -2.3200 2.7600 -13.0500 2.8889 -0.5844 -0.9133 1.28 -9.15 3.27 177 318 339 373 219 
5.20 -1.12 29.08 0.8100 3.6000 21.3200 -0.7911 -1.5111 -0.2344 3.06 -5.64 7.41 179 314 334 371 220 
1.01 -7.79 -1.10 -2.6100 -0.1900 -6.0100 0.4789 -0.1856 -0.2100 3.48 -7.38 5.42 181 311 330 364 218 
9.52 -5.48 17.34 6.9700 1.2000 11.4900 -0.7100 1.0178 0.3244 3.27 -6.73 6.32 188 326 341 373 214 
4.10 -3.68 -2.35 -0.0600 5.4600 -6.5700 -4.7089 2.4600 3.0033 -0.67 -9.77 0.35 188 355 352 390 216 
-5.42 -5.17 -10.78 -3.0600 6.2900 -9.6200 2.3589 -0.3333 -1.1433 -1.00 -9.75 0.25 187 368 357 402 218 
3.73 12.89 -2.51 4.7400 21.6300 -4.4100 11.6333 -0.1011 -1.2556 2.48 -0.52 9.47 189 355 351 390 218 
1.31 6.17 20.67 -0.7300 2.4700 9.1900 -2.2422 -1.3800 -0.0356 3.27 1.65 9.09 190 351 343 375 215 
3.28 2.25 8.94 0.1500 1.9500 0.1900 -2.3656 -0.1800 -0.4622 3.39 -0.76 9.16 186 304 274 286 206 
;
