4.29 -2.18 8.42 0.0100 -0.1300 -0.0800 0.0056 0.0033 0.0000 4.27 -2.09 8.57 171 252 268 292 199 
4.47 -2.23 8.79 0.1100 -0.0300 -0.0500 0.0022 0.0111 0.0011 4.28 -2.09 8.56 174 250 273 286 204 
4.32 -2.22 8.49 0.0000 -0.1100 -0.1300 0.0267 0.0011 -0.0044 4.30 -2.09 8.56 170 252 266 286 201 
6.64 -0.41 11.70 3.1400 1.4100 3.7300 2.0844 -7.5256 1.4244 8.57 -1.74 4.42 175 278 268 287 201 
16.80 -2.20 0.92 2.4000 4.9700 1.6100 1.2833 0.3811 6.7789 5.51 -8.10 -0.31 178 292 294 306 197 
-2.56 -4.24 0.40 -4.5800 5.1800 -0.5500 -1.5622 2.8400 1.7433 0.88 -9.72 -0.92 177 288 296 308 201 
1.14 -4.19 -6.96 0.2200 5.4200 -6.3100 2.9378 0.2878 -1.1389 1.93 -9.58 0.76 176 290 292 311 202 
9.26 -2.88 13.70 5.8800 4.2600 13.3100 3.6644 0.6122 -0.3878 3.94 -5.92 6.75 179 290 291 309 201 
2.11 -4.88 9.54 -2.6300 3.2300 1.8900 -6.3511 0.1222 0.8856 2.65 -9.11 2.45 179 297 289 308 202 
4.85 -5.58 -14.09 2.6700 4.3000 -12.0200 2.4111 0.4022 -0.3656 2.82 -9.38 0.27 179 304 298 315 199 
4.29 -1.55 7.47 2.8600 5.3800 8.0900 5.6422 -0.4167 -1.4089 4.66 -5.44 6.69 182 301 296 320 199 
4.63 -3.71 15.09 0.7100 2.5800 5.1700 -4.8189 0.2600 0.3578 4.07 -7.49 4.83 180 308 295 315 198 
2.57 -5.82 -3.33 -0.9600 3.5100 -5.5100 -4.0367 -0.1867 0.5467 3.35 -9.01 -1.89 180 318 295 313 202 
3.90 -4.01 -10.15 -0.0300 5.1300 -7.7100 2.9911 0.9589 0.1567 3.43 -9.17 -0.44 177 334 296 323 202 
1.22 3.06 -2.74 -0.5700 12.2900 -6.8900 9.7678 0.5567 0.5344 2.61 -4.26 8.43 186 326 296 323 198 
-16.36 9.64 24.88 -16.9800 5.1800 13.8300 -1.0167 -4.6911 -0.3444 2.14 2.49 9.23 183 335 304 334 198 
3.48 2.96 10.07 0.2100 1.3900 1.3900 0.0733 0.0767 -0.0256 3.68 1.58 8.95 180 340 307 330 201 
4.03 1.61 8.03 0.1100 -0.0200 -0.8500 -0.4256 -0.4922 -0.6544 4.10 1.45 8.78 185 325 296 306 202 
8.67 2.71 14.74 3.5700 2.6900 5.9600 -4.0922 3.9056 -1.0089 3.45 -0.45 9.16 175 341 159 158 137 
2.29 -3.23 3.75 -0.8300 1.8500 -4.3600 -3.7467 2.2022 -2.4589 0.79 -7.67 6.05 180 354 160 163 139 
0.91 -4.12 2.93 -0.5100 4.0900 -2.1500 0.4822 1.6544 -2.3100 2.10 -7.63 5.78 182 357 158 165 140 
7.33 -1.04 5.34 5.3300 4.3500 -0.5800 3.0889 0.6678 0.4856 1.89 -4.81 8.33 184 357 151 167 146 
6.63 -7.33 14.56 4.7200 -5.3200 6.3900 0.7722 -0.9756 5.0544 0.87 -2.88 9.33 189 357 156 173 145 
-10.79 -6.10 15.18 -11.1900 -0.9600 4.9800 -3.1067 -0.4133 0.7700 -1.06 -6.07 7.62 188 353 158 178 146 
-4.74 -1.12 6.05 -3.7400 7.4300 0.6000 -2.6711 1.9733 -1.5244 -0.74 -8.94 3.95 190 354 157 174 150 
-0.85 -1.78 0.71 -1.3800 7.4800 -1.9600 -0.3389 1.8278 -2.2678 1.61 -9.32 2.56 185 354 162 176 150 
6.75 -1.90 0.42 3.8500 7.0000 -2.9000 1.8956 1.5422 -1.5111 3.31 -8.08 4.45 184 347 167 182 149 
14.18 -0.67 12.14 9.8800 2.3500 6.6100 4.3944 0.2922 1.9678 2.92 -3.82 8.54 181 342 161 180 154 
-5.63 -7.08 15.50 -9.6900 -4.9900 2.5000 -0.5500 -0.4211 2.5878 1.38 -3.47 9.06 184 311 150 173 148 
-0.19 -2.42 9.24 -1.0700 1.8800 0.5100 -0.7411 -0.1089 -0.3456 1.63 -4.44 8.58 183 277 165 183 152 
;
