9.37 -3.11 0.82 0.0500 0.1100 0.5500 -0.0744 0.3078 -0.4022 9.30 -3.04 0.56 151 269 266 251 189 
12.47 -2.69 1.81 4.2400 -0.2200 1.6500 0.6289 1.3511 -0.0400 9.32 -2.60 1.55 157 281 291 287 192 
12.67 -3.16 3.18 2.6700 1.7500 0.4500 -1.9778 -0.3289 3.7322 7.51 -6.18 1.17 165 305 294 316 193 
2.35 -4.98 -0.99 -3.3000 3.6800 -1.5000 -2.4000 1.4967 2.6267 3.41 -9.16 -0.69 169 317 302 321 194 
0.21 -6.31 -6.83 -2.5000 3.2100 -5.4200 1.1878 0.0322 -0.5678 2.76 -9.34 -1.04 172 310 300 320 196 
1.50 -2.93 1.25 -2.6200 4.6500 -0.2300 5.8633 -0.7189 -2.9311 5.56 -5.95 5.44 171 294 280 317 195 
10.01 -1.22 20.04 3.4000 2.1300 8.4800 -3.7944 -0.0189 1.7422 4.86 -6.00 6.03 175 298 303 328 195 
-0.63 -6.18 -2.45 -3.5500 2.6900 -5.1500 -4.0800 -1.2922 1.7722 2.09 -9.57 -0.21 175 307 306 328 195 
-0.03 -6.57 -7.65 -2.2200 3.2800 -5.4300 3.8300 0.4567 -2.2989 3.70 -8.97 1.34 174 304 305 328 195 
9.49 -2.61 10.60 5.6900 2.8700 7.8000 3.2278 0.3811 -2.0633 6.47 -4.19 6.05 174 293 302 326 196 
9.53 -3.10 10.63 2.5800 2.1000 3.1100 -3.3489 0.8778 1.9989 4.74 -6.85 5.15 176 298 305 328 195 
1.89 -7.26 -1.61 -3.0700 1.1500 -4.1500 -0.4289 -0.0067 0.1389 3.65 -8.79 2.32 175 297 303 315 197 
4.77 -9.26 0.42 0.5400 -0.8300 -1.3200 0.6378 -3.3689 0.2900 4.47 -8.65 1.11 166 250 188 178 163 
6.24 -8.97 0.80 2.1200 -0.1100 -1.2700 2.8933 -1.9911 0.7822 4.55 -8.33 2.45 150 281 166 162 146 
6.68 -6.60 3.17 2.0600 1.5400 -0.8100 2.4144 0.3944 2.0533 2.63 -7.64 5.54 152 302 174 166 145 
-1.35 -5.94 7.79 -2.6400 0.9900 1.4400 0.0211 0.0111 0.3678 1.01 -7.24 6.52 148 307 178 168 146 
3.23 -11.27 4.37 1.7400 -4.0100 -2.3000 0.4878 -0.1444 -0.0611 1.39 -7.31 6.37 152 305 184 174 148 
0.87 -6.25 5.29 -1.1300 0.7600 -2.6200 2.9033 0.0922 -0.3922 1.46 -4.32 8.67 158 311 187 180 151 
1.48 3.20 12.19 -0.8100 5.8100 3.0000 -0.5022 0.0067 -0.4478 1.62 -2.72 9.27 163 318 187 172 158 
1.17 -0.74 7.00 -1.1100 4.1300 -1.2200 -4.7533 -0.7356 -0.1989 2.46 -7.18 6.20 165 314 191 182 156 
4.98 -14.70 -4.49 2.8100 -6.5900 -6.6400 -2.0078 -0.2744 0.0178 2.99 -9.25 1.23 165 307 191 183 159 
1.70 -8.38 1.66 -1.7900 1.5700 0.4200 -0.4767 0.1011 -0.0278 3.00 -9.28 0.97 166 285 189 194 163 
0.17 -8.94 -2.44 -2.4400 -0.0900 -2.6800 -1.1589 -0.3889 -1.4456 4.41 -8.71 -0.84 164 284 197 190 165 
9.78 -10.10 -3.30 5.3100 -1.8000 -1.1900 1.5522 -0.4844 -0.3833 5.52 -8.05 -0.82 164 320 194 189 163 
7.52 -5.74 2.51 2.3200 2.7700 2.1800 1.4911 -0.0933 0.4422 5.10 -8.30 1.07 166 342 191 190 163 
3.42 -5.57 4.83 -1.6700 2.6600 3.7500 -0.3789 -0.1289 -0.1122 4.91 -8.26 1.91 166 357 200 188 165 
7.30 -9.86 -3.04 2.2000 -2.2200 -3.8200 -0.3344 -0.3211 0.0800 5.21 -8.30 0.04 167 358 203 187 166 
4.79 -6.76 1.97 -2.6300 2.9300 1.5100 1.6878 0.2544 -0.2633 5.21 -8.00 2.21 167 356 200 192 166 
4.84 -6.59 1.97 -0.5100 1.4100 0.3200 -1.4778 -0.6233 -0.2089 5.55 -8.04 0.74 164 351 206 192 167 
6.71 -7.37 -2.63 0.2200 0.3200 -1.7800 -1.1933 0.0544 -0.7656 6.35 -7.37 -1.17 162 320 209 194 167 
;
