4.44 2.69 8.31 0.0500 0.0300 0.0000 0.0378 0.0322 0.0111 4.37 2.70 8.35 161 278 274 283 193 
4.31 2.74 8.40 -0.0100 0.0300 0.0300 0.0478 0.0200 -0.0078 4.34 2.75 8.34 161 277 273 283 199 
4.38 3.07 9.70 -0.0800 0.5700 2.7300 0.6378 -3.8178 1.2467 5.98 2.69 7.28 166 272 287 321 204 
15.25 5.27 17.05 5.5600 6.1800 9.2600 -4.7533 1.8478 4.0889 7.31 -3.32 5.62 174 285 293 329 206 
4.39 1.25 -5.12 -1.4400 9.1500 -9.0500 -4.0389 2.5422 2.3822 2.81 -9.34 0.92 173 286 305 327 204 
4.30 -5.18 -10.13 -0.2200 3.5900 -11.3300 4.1267 0.5767 -0.6567 2.69 -9.28 1.61 173 294 298 340 203 
10.73 3.78 22.03 2.6800 6.3500 21.2300 4.2956 1.6756 -0.0911 3.59 -2.93 8.63 182 298 299 339 202 
3.34 0.45 7.80 0.0200 7.1500 -1.2600 -7.3933 0.2656 1.4744 2.46 -8.76 3.63 177 307 297 344 203 
0.24 -6.52 -16.55 -1.5700 2.7300 -14.8000 1.4211 -0.1900 -1.4278 2.66 -9.37 -1.05 180 309 298 347 200 
7.38 -0.91 6.12 4.2200 6.7900 2.8500 6.7100 0.0744 -1.2811 5.03 -5.24 6.58 183 300 298 339 204 
4.54 -1.71 17.72 -0.0600 1.8300 7.0000 -2.9156 0.5033 0.2933 4.42 -5.14 7.07 180 304 304 338 202 
2.13 -4.27 2.30 -0.5300 2.6600 -5.1400 -3.9633 -0.3922 0.1300 3.74 -8.43 3.32 180 309 301 340 203 
4.45 -7.63 0.08 0.4100 0.6300 -1.8500 0.4100 0.1656 -0.1622 3.88 -8.55 2.80 178 310 299 339 202 
3.80 -5.81 -1.57 -0.0800 2.2500 -4.0300 1.7056 -1.0256 -1.1711 5.34 -7.48 3.39 182 290 294 318 201 
11.80 -8.51 -0.40 4.3000 -2.6700 -2.6600 2.1644 -1.5744 -1.2944 7.97 -4.98 2.77 100 212 232 258 196 
14.06 0.67 2.63 4.2000 5.9200 -0.6100 3.0011 -0.5456 0.3667 8.32 -4.12 3.13 85 164 165 168 137 
6.71 3.01 11.67 -17.4700 0.9500 31.3800 -0.2911 -1.0633 -0.3489 7.80 -3.34 4.89 93 171 174 148 137 
9.32 0.60 6.20 2.3900 4.4300 -0.6300 -3.1433 0.2311 -0.9611 7.76 -4.33 4.13 93 171 174 147 142 
10.16 -4.17 -4.41 5.0300 -0.2300 -8.6700 -0.6789 2.5922 -0.0533 7.40 -4.61 4.47 89 174 173 144 143 
-12.64 -5.81 15.29 -1.2900 2.9600 15.5700 0.2156 -2.5889 -0.1156 7.17 -4.60 4.84 92 169 174 143 141 
5.86 -4.54 4.71 0.0600 0.5800 0.3600 0.3278 -1.0544 -0.0478 7.01 -4.75 4.94 95 174 179 147 144 
7.93 -4.08 7.90 0.3000 1.3500 4.2500 -2.0256 4.0222 -0.8567 6.22 -5.00 5.69 153 263 161 172 145 
-1.71 -9.06 2.91 1.4100 1.7700 -1.4900 -1.4900 4.0800 -3.7622 1.57 -7.83 5.69 179 320 152 168 140 
8.86 -1.37 6.44 6.9400 6.1600 0.3000 2.0878 0.8689 -1.5400 2.58 -5.82 7.45 186 337 159 167 143 
4.80 -2.61 12.27 2.3500 0.6700 5.1500 0.9422 -0.8556 4.6867 0.49 -4.35 8.77 180 336 169 180 143 
-9.53 -8.24 14.72 -9.8900 -1.6100 5.7100 -3.7456 -0.5944 0.8478 -1.13 -7.56 6.14 185 346 170 179 144 
-4.86 -2.44 4.81 -4.4400 6.9100 1.3100 -2.5622 1.3667 -1.4633 -0.10 -9.59 2.03 186 361 171 176 143 
1.07 -1.24 0.82 -0.2000 8.7100 -0.0700 -0.0233 2.6300 -2.0189 2.39 -9.43 1.15 187 361 173 182 149 
9.02 -2.53 2.65 6.7300 5.3900 -1.1400 3.7733 1.8378 -1.1700 3.60 -7.42 5.29 182 366 181 181 148 
11.79 -4.63 14.35 6.6000 0.6100 8.4900 2.9322 -0.1044 3.0078 2.35 -3.35 8.90 187 360 177 188 147 
-4.39 -5.91 10.66 -5.7800 -0.8000 0.9000 -0.3267 -0.4578 1.4400 1.50 -4.11 8.77 186 355 171 191 146 
-1.26 -2.78 8.79 -2.5000 1.4200 0.1800 0.4022 -0.3278 0.8689 0.84 -4.12 8.85 182 343 187 204 158 
;
