-0.18 -0.73 9.81 0.1000 -0.0500 0.0200 -0.0011 0.0056 -0.0011 -0.29 -0.62 9.78 171 337 347 388 212 
-0.11 -0.71 9.77 0.1800 -0.0400 0.0000 -0.0067 0.0067 0.0000 -0.28 -0.63 9.78 174 335 347 386 214 
-0.31 -0.74 9.80 0.0500 -0.0900 0.1300 -0.1267 -0.1500 0.0278 -0.16 -0.73 9.77 174 320 332 380 212 
-1.74 -1.49 11.50 -2.7300 -0.6800 4.9700 -0.1900 -4.7044 1.6233 3.13 -1.99 9.07 182 292 321 346 214 
7.52 -2.02 7.79 0.8900 2.3800 -0.1800 -3.2111 -2.0267 2.3644 6.13 -5.97 4.78 184 305 320 354 217 
2.54 -4.20 -0.21 -2.6300 3.9700 -3.0800 -2.4022 0.0878 1.5122 3.91 -8.87 1.43 182 314 327 368 216 
1.10 -6.28 -7.35 -1.7400 3.4700 -8.3300 2.2467 -0.2222 -0.3144 3.48 -9.02 1.62 183 323 338 377 215 
6.37 -5.47 22.96 0.7200 0.0800 17.7300 1.1300 0.8422 1.0911 2.76 -6.57 6.72 182 321 331 371 215 
3.05 -4.18 3.44 -0.4100 4.2500 -2.8500 -4.9700 -0.4322 0.6278 2.61 -9.41 0.78 185 331 342 376 215 
0.34 -6.06 -11.36 -1.7100 3.7600 -9.2500 2.5789 -0.2122 -1.1789 3.01 -9.31 -0.55 185 336 343 382 215 
9.99 -3.09 20.31 -0.4900 2.0500 14.9500 1.4033 1.9167 1.2322 3.11 -7.12 5.96 185 332 331 374 214 
4.00 -6.52 -2.16 -0.5300 1.0000 -7.3700 -0.8489 0.0267 -1.3344 5.07 -7.62 3.49 113 327 330 369 215 
11.85 -6.74 3.36 6.5300 -0.9300 0.2900 4.3122 0.4822 1.7867 5.37 -5.07 6.44 98 207 237 256 209 
4.54 -1.59 10.31 0.6400 2.5100 1.6900 2.0656 0.6533 2.8111 2.49 -3.42 8.84 93 167 175 190 166 
2.87 3.81 9.11 2.0400 6.6800 -0.4300 1.1722 0.2167 2.9811 0.71 -2.14 9.54 95 166 187 194 166 
-0.01 1.88 11.88 2.1700 3.5100 1.2500 -0.8667 1.2100 -2.0711 -0.01 -2.84 9.38 99 170 189 197 166 
3.90 -2.73 6.39 3.9800 -0.0600 -2.8800 -0.2289 -0.0444 -1.7311 0.76 -3.41 9.16 100 171 188 198 167 
2.81 -7.19 7.08 -2.1500 -3.0900 -1.6800 0.6422 -2.8400 1.3711 2.35 -3.23 8.95 102 176 196 203 168 
-1.45 -1.43 10.28 -4.4300 2.1900 1.2200 -2.9456 0.4489 -3.1722 3.56 -4.38 8.01 102 192 211 221 189 
5.41 -3.02 5.28 1.6700 1.7300 -2.5000 -0.1589 3.2167 -4.0511 3.74 -3.53 8.34 157 290 275 305 206 
4.90 0.18 11.77 2.9400 1.9600 2.2800 1.2989 2.7500 -1.8522 0.53 -1.47 9.68 179 353 322 388 205 
-11.81 -3.37 14.02 -0.6300 -0.7800 -8.2400 0.2167 -0.7522 0.4022 -0.51 0.38 9.78 176 364 348 398 210 
;
-0.14 -0.13 9.80 0.0400 -0.1400 0.2300 -0.0689 -0.1078 -0.0233 -0.29 0.24 9.79 176 365 346 395 212 
0.10 0.06 9.90 0.2100 -0.1200 0.0000 -0.0267 -0.0244 -0.0189 -0.18 0.16 9.80 173 360 350 397 211 
0.04 0.01 9.79 0.1500 -0.1500 0.0600 -0.0656 -0.0822 -0.0244 -0.07 0.08 9.80 175 359 346 396 211 
0.01 -0.09 10.03 -0.1600 -0.0100 0.9500 -0.9222 -0.6867 0.3178 0.75 -0.47 9.76 180 317 325 371 214 
9.61 0.15 15.15 3.7200 1.2300 6.4300 -2.9433 -5.1511 2.8533 6.87 -3.91 5.80 181 318 322 368 215 
2.40 -4.92 -0.56 -3.2800 3.1000 -3.3200 -2.5878 -0.2467 2.8856 4.10 -8.76 1.61 181 330 323 379 215 
-1.13 -5.11 -6.24 -2.9400 4.8100 -7.1300 1.2656 -0.1067 0.0867 2.63 -9.39 1.00 182 341 337 385 214 
6.48 -1.34 10.97 2.5800 4.7500 13.1000 5.5267 1.2089 0.8833 2.51 -5.52 7.70 183 335 334 372 214 
2.55 -3.73 10.59 0.0000 4.0800 1.5300 -5.9944 -0.8322 0.6333 2.36 -8.88 3.42 183 346 342 381 214 
0.23 -5.94 -10.08 -1.4400 2.9500 -10.2100 0.1144 -0.0744 -0.3289 2.03 -9.56 -0.78 181 359 344 385 216 
5.48 -2.85 5.67 4.3100 6.6700 7.7500 7.5867 0.3756 -0.0356 2.97 -6.58 6.63 185 346 337 380 216 
0.49 -4.46 8.53 -1.4700 2.0700 -0.8100 -3.6211 -1.0900 -1.7411 4.09 -7.35 5.03 179 344 337 373 215 
7.64 -6.42 -2.87 3.7200 0.1900 -6.4700 2.5478 -0.1878 -1.4244 6.16 -5.55 5.22 93 235 285 311 214 
12.24 -3.03 6.14 7.9500 1.5000 0.4500 4.0078 1.5689 3.2056 4.53 -3.09 8.12 93 166 186 195 178 
5.02 4.50 8.62 2.2900 7.0200 -0.9900 1.3500 1.0156 3.5244 1.70 -2.05 9.43 98 158 184 191 171 
-3.95 1.74 10.54 1.4000 3.4600 1.8900 -0.4833 0.3056 -1.2344 0.45 -2.22 9.53 99 173 193 198 173 
3.36 -2.14 7.85 3.8300 0.4700 -1.9900 -0.6033 0.7678 -2.2622 0.30 -3.28 9.23 100 175 195 197 173 
4.69 -5.66 6.55 3.0500 -3.1400 -3.1700 1.4978 -5.3556 2.2178 2.77 -2.19 9.14 101 170 198 200 173 
-0.57 -0.53 10.71 -4.1000 2.1300 1.1800 -3.0500 0.2244 -3.1922 3.57 -3.40 8.47 111 190 208 221 197 
5.02 -2.65 4.66 2.7800 1.3500 -3.0200 -0.0311 3.3600 -3.9567 3.59 -3.15 8.55 151 309 280 338 207 
3.10 1.10 12.27 1.1300 1.2000 0.8200 1.6356 0.3989 -1.1578 0.36 -0.49 9.78 181 356 330 392 209 
;
