8.81 4.10 0.18 -0.0900 0.0800 0.0600 0.0533 0.0378 -0.0133 8.94 4.02 0.22 150 253 204 208 177 
8.92 3.94 0.33 -0.0100 -0.0300 0.0300 -0.0400 -0.0056 0.0033 8.93 4.02 0.24 150 254 206 208 176 
8.90 4.05 0.04 0.0000 0.0000 -0.1100 0.0367 -0.0111 0.0111 8.93 4.03 0.22 149 253 205 204 175 
9.00 4.11 0.27 0.0000 0.0500 0.0800 -0.0056 0.0122 0.0222 8.93 4.02 0.21 147 251 205 205 177 
8.78 4.01 0.21 -0.2500 -0.0300 0.0000 -0.0356 -0.0267 0.0522 8.98 3.93 0.18 149 255 202 208 178 
9.51 3.81 1.10 1.1600 0.8800 1.3200 0.3856 -0.6333 0.9767 9.22 3.31 -0.29 157 258 244 257 188 
13.40 0.81 -4.39 3.5300 0.7600 -1.7200 1.0167 -4.5411 4.5711 7.65 -2.21 -5.71 180 289 301 327 200 
0.57 -1.55 -3.63 -3.8800 3.6600 4.0400 -0.0367 -0.6400 2.5267 4.02 -5.67 -6.91 178 289 271 329 200 
2.23 -1.19 -7.16 0.3600 4.0100 -6.0600 -4.1044 -1.3800 0.0900 2.78 -2.56 -9.04 179 270 265 318 201 
2.67 -3.64 -6.54 -0.0500 -0.2100 1.9900 0.1089 0.0811 0.1389 3.06 -3.32 -8.69 181 280 287 321 203 
1.58 -2.72 -7.34 -1.7200 0.8100 1.3100 0.1189 0.0411 -0.5511 3.29 -3.27 -8.63 177 266 286 318 202 
1.86 -1.47 -8.69 -1.7200 0.4100 -1.6300 -0.8078 2.3856 -2.0033 5.73 -1.32 -7.84 95 211 260 251 189 
14.54 -3.35 -11.24 6.2700 -0.0400 -3.6300 4.3667 5.6744 -1.3667 9.22 -1.09 -3.13 87 163 186 184 136 
9.26 1.81 -0.32 -0.5600 4.2400 -1.3400 2.2456 2.2178 1.3233 9.25 -2.50 2.04 94 166 172 178 132 
6.63 0.52 2.67 -1.8500 4.1700 1.5700 0.4956 0.9922 0.4422 8.51 -3.22 3.65 94 164 171 174 133 
9.38 -0.37 7.00 0.9600 3.2500 3.1500 -2.4044 0.2656 -0.2378 8.37 -3.94 3.24 96 166 175 182 134 
9.58 -3.42 -4.08 0.4100 0.1400 -5.8500 -0.8244 -0.9878 -0.0778 8.91 -4.03 0.63 97 173 178 182 137 
10.29 -6.44 -2.29 -2.0300 -2.0300 -1.7200 1.7789 2.6967 1.1411 8.20 -4.82 2.34 100 169 172 173 137 
6.60 -5.32 3.56 -3.2600 -0.3000 1.7300 -0.7344 -0.2100 -0.0278 8.20 -5.01 1.90 105 189 211 212 159 
10.25 -2.94 -2.21 3.6500 0.5900 -2.4800 0.0478 -2.4811 0.1567 8.26 -4.74 -2.29 157 277 258 263 177 
8.00 -4.71 -6.97 1.8200 0.8000 -0.9400 -2.1967 -0.7322 2.2422 5.12 -5.40 -6.37 170 305 277 285 186 
2.93 -4.81 -6.04 -0.7100 0.9400 1.2400 -1.5622 0.0100 1.1056 3.46 -4.84 -7.79 178 312 292 317 195 
2.73 0.50 -12.90 1.0700 3.8200 -6.8700 -2.4211 0.2311 -0.5956 3.21 -1.32 -9.17 179 299 286 319 198 
3.46 -2.69 -7.99 0.2600 -0.6000 1.0100 0.2867 0.1000 -0.1667 3.39 -1.80 -9.02 181 305 290 322 199 
2.74 -1.41 -8.14 -1.1000 0.3100 0.5200 0.1567 0.2056 -0.5100 3.68 -1.90 -8.88 179 291 283 321 197 
3.93 -1.65 -7.31 -1.7800 0.6800 0.5200 1.3289 2.4589 -2.2789 6.96 -1.77 -6.66 176 271 246 241 179 
7.86 -0.07 -3.69 -0.2800 0.5000 1.3300 -0.0778 0.3856 -2.1378 8.53 0.72 -4.77 174 273 235 238 175 
;
