2.64 5.38 7.70 0.0000 -0.0200 0.0300 0.0622 0.0000 -0.0533 2.70 5.44 7.69 161 331 352 380 217 
2.56 5.74 7.74 0.0500 0.1600 0.1800 0.0989 0.1256 -0.0078 2.51 5.64 7.61 170 336 354 387 217 
2.63 5.57 7.66 0.0800 -0.0400 0.0700 0.0078 0.0578 -0.0122 2.47 5.64 7.62 166 338 354 389 216 
3.52 6.03 7.56 1.5400 0.5000 -0.1200 -0.1500 0.8767 -0.0211 1.98 5.57 7.81 169 350 358 399 219 
2.71 7.52 9.64 -0.5000 1.5800 1.7000 -0.1089 0.2367 1.2478 1.54 5.37 8.05 180 343 338 403 221 
11.31 7.92 8.17 4.8700 2.1200 0.9300 -0.4011 -7.7822 7.4189 9.58 0.99 1.80 191 336 337 408 225 
1.60 -0.03 0.95 -7.1500 4.1500 5.1100 -1.5044 -2.2000 4.0778 5.53 -6.30 -5.07 181 307 322 401 227 
0.47 -0.72 -6.32 -0.6300 5.2600 -5.0800 -4.1022 -1.5689 -1.7678 4.13 -2.45 -8.54 187 316 322 398 226 
4.22 -4.14 -5.73 0.1800 -0.5900 2.4800 0.0100 0.3456 0.0133 4.47 -2.98 -8.20 187 313 325 398 225 
4.70 -2.56 -7.60 0.1700 0.1200 0.2800 -0.1622 0.0122 -0.0789 4.66 -2.73 -8.17 178 316 325 398 225 
5.04 -2.43 -7.68 0.3700 0.1100 0.4200 -0.0944 0.3222 -0.2078 5.04 -2.57 -8.00 182 312 320 392 225 
9.11 -5.85 -11.29 3.2000 -3.6800 -4.9200 3.2211 2.8344 -1.3044 7.37 -3.54 -5.41 159 314 316 391 222 
7.41 -6.20 -8.12 1.0900 1.6700 -2.2300 4.2211 5.9122 0.1078 8.07 -3.52 4.30 140 335 172 184 130 
2.97 1.28 4.40 -1.9300 3.0400 -3.8200 1.5911 3.8567 0.7833 2.94 -1.26 9.26 137 324 171 190 134 
-0.19 1.78 7.71 -1.1000 2.4400 -0.9900 0.3422 0.5422 0.3511 1.49 -0.37 9.68 136 364 173 190 134 
1.40 0.64 9.80 -0.6700 0.2400 0.0200 0.4533 -0.5511 0.5311 1.74 0.29 9.64 136 383 170 193 137 
0.20 1.36 7.79 -2.7000 0.5800 -2.3200 0.7611 -1.7411 0.0933 3.16 0.95 9.23 135 397 176 196 142 
5.20 2.23 7.34 0.8500 1.6100 -1.5200 -1.6511 -1.1722 -0.0256 5.03 -0.15 8.41 129 408 189 209 153 
6.07 -3.59 8.94 0.5800 -2.2200 1.8000 -0.5311 -0.7111 0.1567 5.99 -1.57 7.60 134 422 188 214 157 
6.29 -1.84 7.17 0.0600 0.1000 -0.9100 -0.1122 -0.0933 0.0756 6.24 -2.03 7.28 138 420 188 215 159 
4.83 -0.55 7.05 -2.4500 2.6300 -0.2100 -0.6889 -0.6356 0.5011 6.58 -2.67 6.75 144 416 190 216 160 
;
