-1.25 6.63 6.97 0.0200 -0.1800 0.0100 0.0033 -0.0033 -0.0022 -1.29 6.81 6.93 185 314 308 344 191 
-1.21 6.67 6.94 0.0600 -0.1400 0.0100 0.0000 0.0022 0.0000 -1.29 6.80 6.93 186 308 311 337 189 
-1.22 6.65 6.94 0.0500 -0.1500 0.0100 -0.0011 0.0000 0.0000 -1.28 6.80 6.94 184 309 309 341 192 
-1.04 6.70 6.89 0.2500 0.0400 0.1200 0.4989 0.1289 0.0289 -1.33 6.99 6.74 155 328 311 349 193 
-2.46 11.49 8.57 -1.2500 3.0200 1.4300 0.2633 -4.0589 4.5511 2.47 7.60 5.66 185 312 284 315 199 
8.06 5.20 5.10 -1.5300 2.1000 0.9600 -2.2122 -3.9533 7.7400 9.57 -1.82 1.09 186 286 256 321 201 
4.62 -2.39 -0.87 -3.1500 3.3000 1.6000 -3.4378 -2.1633 3.8811 5.97 -6.66 -4.01 184 236 244 275 203 
1.18 -5.72 -4.23 -2.3000 0.2000 1.3900 -3.3878 -0.4167 -0.5100 4.16 -4.36 -7.73 186 237 251 294 210 
4.40 -3.61 -10.07 0.1800 0.5500 0.0000 0.6867 0.6511 -0.1589 4.50 -3.98 -7.74 184 247 260 300 208 
9.07 -3.24 -6.84 3.3700 0.7100 -1.1400 -1.2400 8.3267 -0.0578 8.50 -3.52 -3.38 179 236 237 248 192 
4.29 -2.07 -1.32 -2.2000 0.6700 -5.4500 4.6367 7.0089 -0.5122 5.84 -0.52 7.86 179 219 170 179 149 
2.19 9.28 12.17 -0.8200 4.8800 4.1300 2.7222 0.2689 3.1478 2.54 4.53 8.31 181 167 148 158 135 
3.22 6.51 12.35 -2.3400 2.7300 2.8200 -1.9544 -2.7878 4.3967 6.58 0.72 7.22 186 161 150 152 137 
1.70 -1.29 5.95 -6.7800 1.4400 1.6200 -1.6089 -3.8422 1.9456 8.57 -4.17 2.28 185 164 157 159 141 
7.04 -1.92 -3.77 0.9000 2.6700 -3.5400 -2.5944 -2.8644 -1.0344 8.41 -3.08 -3.97 187 163 153 164 142 
9.78 -2.95 -4.02 1.0600 -0.2400 0.1100 0.1311 0.8600 -0.0089 8.74 -2.72 -3.51 189 169 155 160 143 
8.60 -2.23 -2.28 -0.1000 0.7200 1.2900 -0.1656 0.0067 0.0044 8.79 -2.72 -3.38 191 167 163 162 146 
13.95 -2.07 -1.58 4.6500 -0.3600 -0.6200 -2.2856 3.0111 -0.1200 9.57 -1.81 -1.07 192 172 163 167 143 
9.48 -1.45 -1.38 1.1300 1.9300 -5.1100 -1.2022 6.6578 2.2344 6.58 -4.11 5.99 192 172 163 165 145 
-3.63 -1.39 3.13 -3.6900 3.7600 -4.2900 -0.3189 3.8189 3.6700 -3.54 -5.42 7.36 189 170 161 163 143 
-7.63 -2.54 5.19 -3.5300 -0.1100 -1.5600 2.3578 0.2044 1.0489 -5.65 -2.09 7.73 193 178 163 161 145 
-3.89 -1.03 12.32 1.7200 0.0400 3.8000 0.2633 -0.1644 0.0167 -5.51 -0.95 8.04 188 181 166 164 147 
-5.20 -0.94 7.57 0.1800 0.1700 -0.6800 -0.0367 -0.0556 -0.0256 -5.36 -1.15 8.12 188 178 164 166 145 
-4.87 -0.98 8.25 0.3000 -0.1800 0.0700 0.2867 0.0244 0.0756 -5.29 -0.91 8.20 189 175 168 168 147 
;
