3.49 1.54 9.31 0.0000 0.1600 0.0000 -0.0011 0.0144 0.0044 3.50 1.39 9.05 171 338 310 308 185 
3.35 1.36 9.06 -0.1400 -0.0600 -0.0600 -0.0067 -0.0033 0.0044 3.51 1.39 9.05 169 339 308 311 187 
3.56 2.17 8.48 0.3800 0.8700 -0.1400 0.8322 0.8411 0.0444 3.16 2.06 9.05 179 361 302 324 189 
5.69 6.33 8.32 9.9500 2.8900 -3.9900 1.8000 6.0500 0.0033 -1.03 4.80 8.48 184 391 313 346 205 
-2.44 4.12 6.49 -0.1300 -3.4800 1.1600 2.7978 -3.9400 9.2233 4.27 6.68 5.75 181 375 289 328 205 
9.48 3.81 6.29 -0.6600 4.0400 3.1500 -2.7511 -2.5511 7.5922 8.59 -4.53 1.32 189 311 261 285 211 
-1.04 -0.05 0.09 -5.2600 8.2500 3.9000 -6.9733 -2.2367 2.8411 3.29 -6.32 -6.72 179 238 225 247 207 
6.91 -4.01 -24.74 2.4000 -1.4800 -9.5200 0.9467 0.7422 0.0444 2.93 -3.24 -8.77 175 256 237 268 211 
2.25 -2.67 -8.06 -0.5300 0.9400 0.6600 0.1500 0.2878 -0.0611 3.47 -3.48 -8.48 173 259 247 272 206 
3.33 -3.08 -8.27 -0.4500 0.1200 -0.1300 -0.0356 0.0944 -0.0200 3.62 -3.44 -8.43 178 258 253 269 206 
6.75 -4.94 -9.30 1.2600 -1.2900 -2.0700 1.1489 8.9444 -2.4922 8.54 -3.06 -3.70 181 250 203 181 140 
4.90 1.36 -3.52 -2.2000 1.6100 -9.5400 7.3456 7.8678 -0.8689 3.57 3.87 8.26 185 163 147 152 126 
7.45 13.83 15.34 2.9800 6.8800 7.3900 -0.9567 -1.4833 5.6311 6.28 4.17 6.26 181 155 141 145 136 
-1.43 -0.60 4.62 -9.0400 1.9300 0.1000 -1.3700 -2.3333 2.0900 8.88 -2.53 3.28 192 155 149 147 136 
3.06 3.27 0.43 -2.0200 6.3100 -2.8300 -5.0011 -2.1078 -4.4489 9.63 0.98 -1.54 189 159 157 152 139 
13.95 0.49 -1.53 0.7000 -1.1400 -0.0500 0.0822 0.6778 0.8011 9.72 1.11 -0.57 189 157 151 159 142 
8.07 0.64 -0.41 -1.1500 -0.3600 -0.6300 -0.0767 0.2278 -0.1800 9.74 1.06 0.11 188 156 158 156 144 
10.20 0.74 -0.80 0.0900 -0.4000 -0.7800 0.0589 -0.0478 0.1078 9.75 0.97 -0.01 187 161 159 157 141 
9.49 1.01 -0.21 -0.3800 0.1300 -0.0400 -0.1344 0.0633 -0.0967 9.76 0.94 0.00 187 164 160 166 146 
28.82 14.43 1.45 17.0300 14.1300 -3.2900 -10.4167 11.9633 2.6367 5.85 -3.33 7.12 167 256 246 294 192 
2.73 2.37 -11.11 0.8600 10.3000 -14.9300 -7.6322 1.9456 1.9700 -0.26 -9.18 -3.43 162 263 261 290 195 
-2.13 -5.96 -5.25 -4.2800 2.1500 -4.5200 0.5800 0.4733 0.3033 -0.68 -9.14 -3.47 169 263 265 286 197 
20.18 4.23 39.75 20.6800 13.8100 36.8800 -2.0767 -0.8033 0.4633 1.92 -9.46 1.69 177 268 267 276 195 
-5.90 -7.61 -4.04 -8.5600 1.1600 -5.7900 -2.1256 -1.9478 1.0622 -0.71 -9.38 -2.75 175 266 253 281 193 
-3.05 -6.92 -4.33 -0.8200 1.7900 0.8200 3.4333 2.6333 -1.7044 1.48 -9.67 0.62 177 261 234 285 196 
8.81 -4.67 9.90 4.7900 5.6100 4.8900 -3.1700 -1.7000 0.9911 1.51 -9.66 -0.70 175 262 237 286 193 
-5.78 -12.65 -11.62 -3.2000 -1.7400 -4.7200 1.2356 0.1356 -0.7533 0.96 -9.59 -1.78 181 269 235 285 195 
-1.59 -7.90 -6.75 -0.5400 3.5400 -5.1800 2.8978 0.6378 -1.0333 1.77 -9.63 0.33 181 279 234 290 192 
0.69 -3.77 3.46 -0.3600 4.2400 0.1900 4.3344 1.5411 -1.0911 2.39 -6.70 6.74 182 290 256 297 190 
;
