8.59 4.62 -1.62 0.0000 0.0300 0.0300 -0.0067 -0.0089 0.0100 8.52 4.55 -1.67 170 228 190 192 158 
8.55 4.60 -1.62 -0.0200 0.0000 0.0600 0.0133 0.0089 0.0000 8.52 4.55 -1.67 172 230 192 194 161 
8.52 4.62 -1.59 0.0000 0.0500 0.0200 -0.0011 -0.0044 0.0011 8.52 4.55 -1.67 168 228 189 196 161 
8.56 4.53 -1.60 -0.0100 0.0000 0.1000 0.0056 0.0256 0.0078 8.53 4.54 -1.64 171 229 194 194 156 
9.16 4.44 -2.07 0.4000 -0.2600 -0.3600 0.3144 -0.0711 0.3244 8.67 4.23 -1.73 172 232 189 193 159 
10.67 3.69 -1.87 1.2200 0.5900 -0.3900 3.1233 -1.8122 2.3611 9.33 1.52 -2.60 187 289 246 279 198 
12.60 -1.53 -4.08 3.5000 1.2500 -0.3300 2.5944 -1.0278 4.2400 7.79 -4.67 -3.68 187 325 270 309 207 
0.71 -1.68 -0.43 -4.8300 5.6300 4.9800 -3.7111 -0.4600 2.7211 3.65 -6.59 -6.27 185 298 264 310 208 
0.53 0.32 -7.86 -2.4600 2.8500 -0.7500 -4.4022 -0.2756 -0.9356 3.26 -0.88 -9.20 184 278 253 304 208 
4.35 -2.23 -8.99 0.8300 -1.6000 0.6000 0.5011 0.1133 0.0622 3.31 -0.98 -9.17 186 293 278 303 208 
3.01 -0.82 -7.95 -0.5900 0.4200 1.0200 0.0356 -0.0278 0.0067 3.52 -1.16 -9.07 182 291 282 303 208 
3.74 -1.06 -8.77 0.3600 -0.1000 0.3300 -0.0589 0.1700 0.0533 3.69 -1.09 -9.01 187 283 271 300 208 
4.31 -5.09 -14.06 2.4700 -4.3800 -7.2300 3.8333 3.7678 -1.9456 7.45 -2.67 -5.78 171 274 158 151 131 
9.94 -0.37 -4.52 -1.2000 3.9300 -3.0500 6.6978 3.7378 -0.6467 8.96 -2.73 2.88 133 347 155 165 141 
2.55 2.60 3.55 -5.6300 2.3600 -2.5900 1.3078 1.4900 -0.3100 7.49 -0.15 6.32 137 361 164 176 143 
8.55 1.58 4.77 1.4400 1.1500 -1.5000 -0.6433 0.0422 -0.7211 7.18 0.58 6.64 121 367 159 176 142 
5.96 0.38 5.96 -0.2100 0.7800 -1.4300 -1.0200 -0.2411 -0.1222 6.87 -0.25 6.99 130 365 176 186 147 
6.53 -2.28 6.63 -0.1400 -1.2600 -0.4600 -0.9922 0.1322 -0.2700 6.55 -1.30 7.17 132 376 174 193 148 
5.24 -2.72 7.83 0.1000 -0.6000 0.0000 -0.2378 -0.1544 0.0933 6.34 -1.78 7.26 134 375 177 192 149 
5.92 -1.93 7.13 -0.2500 0.0300 -0.3800 -0.1044 0.1200 0.0244 6.25 -2.01 7.27 133 376 185 194 148 
6.74 -1.61 7.16 0.4600 0.3100 0.1200 -0.1200 0.0778 0.1078 6.27 -2.18 7.20 133 379 179 194 153 
3.95 -0.91 8.47 -4.2400 1.6000 1.6300 -1.9789 1.7211 -1.4744 5.69 -2.72 7.49 134 258 174 188 150 
5.91 -1.14 5.24 0.5700 0.7100 -1.9300 0.1111 -0.0667 -2.6200 6.42 -0.77 7.37 137 289 185 196 152 
7.90 1.88 3.60 1.5300 1.5000 -3.9300 1.1589 0.0000 -1.5533 6.83 1.55 6.86 141 305 186 193 155 
12.79 7.65 8.57 8.0800 4.2700 2.6600 3.3922 -0.0433 2.1822 6.00 4.55 6.27 149 320 185 195 152 
5.44 8.44 12.11 -2.5200 4.7400 4.4400 -2.1989 2.5989 2.7078 6.10 0.81 7.63 156 322 186 198 152 
-2.86 -1.93 5.77 -7.4300 0.2300 -3.8900 -1.6344 -1.0044 -0.0867 4.14 -2.57 8.50 155 322 183 196 153 
0.27 1.10 -1.74 -4.0700 3.8500 -9.4000 -0.2244 -1.2633 -3.2222 6.72 -1.66 6.94 156 323 185 195 153 
8.99 4.45 -0.89 3.4000 3.2300 -6.4500 1.8811 -1.4267 -2.3422 7.66 2.74 5.47 156 317 186 195 151 
18.94 11.36 10.87 10.5200 6.4700 7.6100 1.5078 -1.9678 2.8367 8.75 3.58 2.59 152 303 188 195 151 
5.91 3.45 4.53 -3.8000 1.6800 2.3700 -2.7000 1.3933 -1.0944 9.34 2.04 2.16 156 293 188 196 153 
;
