0.93 6.66 7.13 0.0200 -0.0800 0.0200 -0.0011 0.0133 0.0011 0.86 6.73 7.07 170 273 271 269 186 
0.95 6.67 7.11 0.1000 -0.0300 0.0600 0.0011 0.0056 0.0022 0.87 6.72 7.08 164 274 268 268 184 
0.92 6.65 7.07 0.0900 -0.0500 0.0100 0.0022 0.0056 -0.0078 0.87 6.72 7.08 169 273 267 265 184 
0.93 6.62 7.07 0.0800 -0.0200 -0.0400 0.0033 0.0189 -0.0133 0.86 6.72 7.08 168 271 263 258 183 
-2.34 7.77 10.21 -4.0600 1.3800 4.0800 -0.5911 -4.0056 0.8789 2.98 6.47 6.73 176 278 280 292 191 
10.94 2.01 1.94 1.8500 -1.8300 -1.6200 -0.4600 -8.9222 5.4411 9.59 0.49 -1.95 181 283 298 334 202 
6.19 0.10 -7.66 -3.2600 2.9300 -1.1800 0.5600 -2.1433 3.8656 4.38 -5.00 -7.20 181 274 293 334 204 
-5.27 -3.19 3.97 -6.4400 4.6500 5.2900 -4.7711 -2.3811 -0.0356 1.83 -3.99 -8.76 181 281 302 339 206 
3.26 -4.64 -6.25 1.0300 -0.5500 1.8200 -0.1522 -0.1511 0.0556 2.31 -3.82 -8.72 182 289 310 340 208 
2.29 -3.67 -8.30 -0.2400 0.2900 0.4800 0.1422 0.2056 -0.0011 2.59 -3.93 -8.60 183 293 311 339 208 
2.25 -4.03 -7.67 -0.4800 0.1500 0.8000 0.6300 0.7489 -1.1733 3.46 -4.14 -8.18 184 290 304 330 208 
6.57 -4.91 -9.68 0.0600 -1.3000 -4.2400 2.1989 4.3367 -1.3878 7.45 -4.50 -4.50 183 207 171 177 131 
10.53 -3.99 -0.19 0.8200 2.3100 0.1500 2.3411 1.3344 1.5300 8.23 -4.98 1.88 183 167 173 169 123 
1.70 -3.03 5.36 -7.1200 2.2800 2.1500 0.4289 -0.8544 0.2422 7.56 -5.85 2.18 186 170 172 170 126 
1.28 0.31 -0.88 -6.3600 4.6700 -2.0500 -0.9344 -1.7033 -4.9656 9.65 -1.48 -0.84 186 167 178 174 103 
18.81 2.21 2.78 3.8000 0.6900 4.0000 0.1822 0.1922 1.1067 9.76 0.71 -0.48 185 169 180 178 110 
9.50 1.35 -1.16 -0.2100 0.8500 -0.9500 0.0222 0.1878 0.0133 9.79 0.37 -0.08 186 174 179 180 126 
9.27 0.58 0.03 -0.5800 0.4700 -0.2400 -0.2000 0.1833 0.1556 9.80 0.15 0.05 186 176 184 178 131 
7.85 0.79 -0.26 -2.0100 0.4100 -0.5000 -0.5211 0.5944 0.1744 9.76 -0.04 0.89 100 190 192 185 130 
11.56 0.17 0.73 1.8400 -0.1000 -0.8200 0.3000 1.9156 -0.7556 9.54 0.49 2.17 91 190 192 186 129 
17.91 2.49 6.30 8.6200 1.5800 3.0600 1.7978 0.1767 2.9122 9.15 -0.09 3.50 107 189 190 184 131 
1.82 -0.31 4.82 -7.2300 2.8500 0.5100 -1.0767 0.0589 2.4011 7.84 -4.56 3.70 175 183 187 182 136 
-2.31 -2.11 0.76 -10.1400 2.8300 -1.7900 -1.6200 -2.6300 -3.2233 9.12 -3.50 0.81 180 174 185 184 138 
25.22 5.10 -6.43 14.1700 2.7500 -3.6400 0.5389 0.5800 -0.9056 9.72 1.22 -0.35 181 179 187 187 139 
10.10 1.41 -0.44 0.1600 0.6300 -0.1400 0.0189 0.2011 0.0833 9.76 0.88 -0.24 182 182 192 188 141 
8.27 0.86 -0.24 -0.9900 0.1500 -0.2900 -0.1267 -0.0811 0.0456 9.78 0.70 -0.12 182 183 188 187 140 
9.58 1.01 -0.29 -0.4500 0.3900 0.0300 -0.0611 -0.0511 0.0533 9.78 0.63 -0.15 180 187 193 189 140 
8.85 1.48 0.14 -1.2600 0.9400 0.1400 -0.1611 1.0011 -0.3456 9.74 0.93 0.59 180 187 190 190 141 
;
