9.79 1.21 3.21 0.6000 0.0500 0.4900 0.1600 0.0544 -0.0044 9.33 1.20 2.76 167 256 240 238 179 
9.22 1.10 2.59 -0.0900 -0.0100 -0.2200 -0.2856 -0.0567 0.0333 9.35 1.07 2.74 168 257 239 239 179 
9.19 1.00 2.21 -0.0800 -0.0700 -0.4300 -0.0956 -0.0533 -0.0811 9.37 1.08 2.66 169 257 242 242 179 
9.34 1.34 3.67 -0.0800 0.1000 1.3700 0.5333 -2.4322 0.2144 9.68 1.08 1.10 172 282 280 272 188 
13.98 -2.54 -5.68 5.0800 -2.5700 -2.9600 0.9956 -5.4811 3.2656 7.24 325.44 -0.01 183 303 285 296 195 
1.66 -1.90 -7.03 -3.0200 2.8300 0.4300 1.1333 -0.7556 2.0256 3.57 -5.62 -7.19 181 289 271 312 197 
1.50 -3.79 1.88 -1.6200 1.8800 13.4300 -2.7311 0.2711 -0.0767 2.85 -4.97 -7.95 177 281 269 317 198 
3.34 -4.20 -14.68 -1.1700 -1.4500 0.5500 0.3456 -0.0178 0.2111 3.20 -3.71 -8.48 179 289 277 319 196 
2.72 -3.76 -8.25 -1.2200 0.1800 0.5500 0.1167 0.3156 0.2022 3.44 -3.81 -8.35 179 289 284 322 198 
2.77 -4.09 -8.17 -0.5100 -0.2700 0.0600 -0.0056 0.4233 -0.1167 3.64 -3.76 -8.28 179 290 281 322 197 
3.09 -4.07 -7.83 -0.6700 -0.2800 0.4100 -0.0411 0.0311 -0.1689 3.69 -3.86 -8.22 177 289 283 320 198 
3.23 -4.05 -7.84 -0.8700 -0.1900 0.3400 -0.0878 0.1478 -0.3933 3.85 -3.80 -8.17 180 283 270 309 197 
5.87 -2.70 -7.73 4.1700 1.1700 -1.3200 -0.7200 7.5422 0.8211 7.11 -3.45 -5.79 170 286 271 281 196 
-1.49 -5.49 -1.89 -6.8600 1.2700 -1.2900 -3.9156 2.9300 3.7133 1.36 -9.62 1.27 170 286 280 301 191 
-0.03 -5.73 -4.51 0.4000 3.8900 -3.3100 -1.3189 0.4167 0.8122 -1.03 -9.50 -2.19 170 292 277 304 192 
-5.28 -7.87 -9.86 -4.4800 1.5700 -7.6200 4.0922 1.0022 -1.9900 0.86 -9.76 0.39 170 296 277 307 194 
13.90 -0.25 23.12 8.7000 6.0400 14.7900 -2.1333 -1.3944 0.8800 1.56 -9.34 2.53 174 298 276 307 195 
-1.71 -9.20 -2.75 -2.9900 0.4600 -3.1900 -2.0300 -0.8789 1.4778 -0.79 -9.68 -1.29 171 296 278 310 194 
-5.05 -9.26 -8.68 -4.0700 1.4200 -6.2700 2.8411 2.7400 -1.5367 0.98 -9.73 0.69 173 296 281 310 193 
6.06 0.49 19.30 9.8300 8.9600 18.0000 -1.4733 -0.7756 0.0833 2.70 -8.69 3.63 173 297 283 311 193 
0.52 -9.46 -1.30 -2.4100 -0.4700 -4.2800 -1.2700 -0.6433 1.2767 1.24 -9.71 0.53 173 296 282 309 194 
3.78 -9.61 1.36 2.2800 0.1600 0.3500 0.0167 -0.0467 -0.0233 1.64 -9.61 1.02 174 298 284 312 193 
0.08 -5.65 -0.33 -1.3700 4.6100 -1.9100 2.0122 -3.6567 -2.2133 3.72 -8.86 1.92 173 289 274 262 189 
7.75 -2.38 -6.14 1.1800 2.7200 -6.5500 3.9733 0.0356 -0.2689 8.78 -2.11 -0.01 149 296 171 166 154 
20.00 -5.57 -6.90 11.8200 -1.7000 -2.4100 4.0233 -1.7233 -0.1800 7.52 -4.06 -4.79 127 315 171 166 148 
6.36 -2.90 -1.60 -1.4400 3.7400 1.7100 2.9822 -0.1044 0.9133 6.22 -7.31 -1.97 133 325 178 172 152 
6.51 -4.20 5.65 -99.8400 -1.2900 -0.0100 -1.5456 1.0111 -0.2200 6.36 -7.28 -1.59 136 335 184 179 155 
7.25 -8.77 -7.67 0.4100 -2.0200 -5.5800 0.3633 -0.3644 0.1422 6.08 -7.06 -3.04 135 333 189 181 156 
4.71 -4.79 1.67 -2.6700 3.3900 7.3200 -0.3978 -0.1044 -0.2544 6.28 -7.35 -1.60 140 342 189 184 159 
5.91 -5.40 0.86 -0.1900 1.4900 1.9700 -2.2589 1.6900 -1.0922 7.35 -6.13 -2.11 141 269 195 193 165 
8.56 -4.23 -4.46 0.2700 -0.4800 -3.1400 -1.1356 1.8722 -2.3389 9.29 -2.98 -0.89 151 222 215 212 175 
10.22 -1.74 -2.51 0.0500 -0.5300 -1.3400 0.9378 0.7667 -1.1778 9.78 -0.69 0.00 159 223 219 220 177 
;
