7.91 4.23 6.04 4.2600 0.2800 -0.4600 0.5567 -7.9789 3.5622 9.02 2.28 3.07 184 328 319 372 214 
8.76 -1.29 -3.80 -0.0600 -0.2700 -0.3700 2.2933 -7.2444 3.6111 6.74 -3.75 -6.04 192 331 324 388 219 
2.53 -3.21 -5.08 -0.9900 1.3900 1.8600 -1.2778 -2.3111 0.8756 2.91 -4.23 -8.34 183 302 319 380 222 
1.66 -2.45 -7.97 0.1400 1.1300 0.5900 -0.6878 -0.3444 0.4511 1.60 -3.14 -9.14 186 308 309 383 224 
1.65 -2.59 -9.11 0.2100 0.4600 0.1600 -0.0833 0.0078 0.1100 1.51 -2.83 -9.26 188 316 320 384 224 
1.35 -2.66 -8.74 0.1200 0.1800 0.3300 0.0111 0.0644 -0.0100 1.60 -2.85 -9.24 188 318 323 386 224 
1.40 -2.23 -8.56 -0.3700 0.9600 0.7900 0.3967 0.6589 -0.4344 2.15 -3.06 -9.06 187 307 326 378 222 
5.38 -0.98 -5.54 -1.5600 2.0100 0.6100 0.7711 8.9111 -1.9267 8.93 -3.34 -2.26 187 316 338 400 219 
8.33 -0.37 3.92 -0.1800 -1.2400 -0.8500 1.4289 7.2111 -4.7978 5.65 3.07 7.39 189 339 348 425 210 
22.04 20.13 37.34 4.8200 3.2000 4.8700 -1.0156 0.4389 0.1644 1.67 5.24 8.11 183 343 351 425 219 
2.09 5.63 9.06 -1.2500 0.5300 1.2900 0.0611 0.0978 -0.0533 1.59 5.02 8.27 183 336 352 425 221 
1.91 5.09 8.02 0.1900 0.1800 -0.1000 0.0189 0.0578 0.0233 1.71 4.96 8.28 183 333 352 426 221 
;
3.09 5.59 8.82 1.2900 0.9900 1.1800 -0.0244 -0.0367 0.2344 2.07 4.91 8.22 184 328 346 412 224 
11.98 2.32 4.56 3.9800 -1.3600 -1.7300 1.0033 -8.9544 5.1578 9.74 0.83 0.70 185 347 341 402 225 
6.97 -1.77 -3.58 -0.6600 1.0700 1.5600 0.5267 -4.8256 1.9300 5.69 -3.86 -6.98 186 305 305 377 227 
2.53 -1.91 -6.02 -1.2400 2.0900 2.4000 -0.6367 -0.6878 0.5322 2.89 -4.08 -8.43 189 297 307 374 229 
2.56 -3.10 -8.74 0.3400 0.4400 0.0200 -0.1044 0.0222 -0.0567 2.58 -3.61 -8.74 190 308 316 381 230 
2.77 -3.32 -8.66 -0.0500 0.2600 0.0200 -0.0033 0.0844 -0.0811 2.69 -3.53 -8.74 191 312 330 383 230 
6.00 -1.68 -7.08 1.7500 2.4200 1.0700 1.0767 5.2356 0.0178 5.50 -4.45 -6.78 187 311 319 355 225 
5.96 -3.11 -2.30 -2.3900 0.3700 0.8900 -0.3189 4.5678 -2.2200 9.45 -2.56 0.38 186 324 336 390 223 
7.69 -1.44 3.93 -1.3400 -0.8000 -0.9500 1.5956 5.5811 -2.8011 5.89 1.56 7.68 186 334 345 420 215 
;
1.17 4.19 7.91 -3.4700 0.7600 -1.7000 3.1856 0.8289 -0.9222 2.07 5.08 8.12 179 343 354 424 219 
3.00 4.63 7.13 1.7900 1.1400 0.7300 0.2989 0.6411 -0.1789 2.07 4.83 8.27 179 340 353 425 221 
3.10 4.81 8.25 0.2400 0.3100 0.6600 -0.0222 0.1856 0.0333 2.23 4.71 8.30 181 328 350 420 223 
6.84 3.80 10.47 -0.0100 -0.3200 0.0000 -0.4689 -8.4811 3.2867 8.31 1.70 4.91 182 324 317 339 217 
8.79 -1.78 -2.98 0.2500 0.0500 0.2500 1.9222 -8.1311 2.2411 6.79 -2.89 -6.45 183 315 321 362 225 
3.99 -0.90 -5.66 0.7200 2.7500 2.8000 -0.3744 -1.5189 0.7189 2.59 -3.81 -8.65 186 305 316 377 229 
1.89 -2.73 -8.83 0.4200 0.8600 0.1000 -0.1144 -0.0167 0.0867 1.77 -3.45 -9.00 187 319 314 385 228 
2.89 -3.45 -8.81 1.0700 0.0400 0.1700 0.1544 0.1033 0.0111 1.90 -3.50 -8.95 187 323 332 388 228 
4.28 -1.64 -8.17 0.9000 2.9800 0.5700 1.2600 5.3444 0.1067 5.12 -4.76 -6.87 185 317 325 369 223 
5.77 -3.57 -1.79 -2.3500 0.6400 0.5600 0.3089 5.3911 -1.5767 8.92 -4.04 0.27 187 332 340 396 221 
7.94 -2.25 3.67 -0.7400 -0.6800 -0.9700 1.2244 4.9122 -2.6300 7.30 -0.16 6.54 188 336 343 409 217 
;
3.55 2.99 6.60 -1.6900 0.9200 -0.9700 2.3822 3.1300 -2.9722 2.33 4.19 8.55 176 351 353 418 216 
0.63 2.44 2.76 -1.1900 -1.9400 -5.5700 0.2456 0.0033 -0.0044 2.41 4.89 8.14 179 354 354 421 218 
4.03 4.79 7.54 1.7000 0.1000 0.1700 0.1533 0.3522 -0.0800 2.22 5.00 8.13 180 356 356 425 217 
5.00 7.63 11.44 2.0900 1.8300 2.7600 -1.4733 -2.3078 2.2644 4.34 3.78 7.93 181 335 340 367 220 
6.02 -0.49 6.16 -1.6100 -0.9800 0.0600 -0.7822 -7.0367 3.4111 9.40 -1.44 2.35 184 320 322 373 222 
5.50 -2.87 -4.18 -1.0300 1.4600 0.6100 -0.1378 -7.5800 0.9278 4.77 -3.89 -7.63 187 300 319 371 226 
1.37 -1.57 -7.37 -0.2000 0.8400 0.1600 -0.3144 -0.3511 0.5011 1.99 -3.18 -9.05 190 318 316 388 228 
1.88 -3.26 -8.73 -0.2700 -0.2700 0.3700 -0.1378 0.1333 -0.0144 2.05 -3.01 -9.10 190 327 323 392 228 
2.01 -2.61 -8.91 -0.0100 0.3800 0.2500 -0.0278 0.1289 0.0000 2.18 -2.94 -9.09 190 329 325 393 228 
2.42 -3.00 -8.66 0.0700 0.0700 0.5500 0.2611 0.4300 -0.2156 2.55 -2.99 -8.98 190 323 327 389 227 
5.84 -1.29 -8.23 -0.0200 1.9300 -0.0500 0.2667 6.9533 0.4233 7.08 -3.66 -5.70 185 314 318 348 222 
5.78 -3.26 -0.29 -3.7600 -0.6500 -0.8400 0.5678 6.0011 -2.5989 8.90 -1.78 3.70 187 319 336 393 218 
;
6.58 2.07 6.81 0.6900 0.3500 -0.7600 2.0578 3.8300 -3.9244 4.00 3.95 8.03 185 337 348 423 212 
9.21 12.84 8.04 11.7600 19.7400 32.4800 -2.4767 -0.4267 0.5344 1.88 5.71 7.73 180 339 354 417 219 
2.48 7.02 8.03 -0.3100 1.0500 1.6600 -0.1844 0.0467 0.1356 1.87 5.72 7.73 182 337 351 415 221 
7.21 7.01 8.42 3.5500 1.2600 0.8100 -0.2878 -4.7067 3.2256 6.72 3.82 6.02 184 345 347 408 224 
8.41 -1.22 -0.46 -1.2400 -1.1200 -0.2700 2.1122 -7.7956 4.0511 8.54 -2.48 -4.13 193 342 338 398 224 
3.61 -3.33 -5.17 -1.8200 1.0300 1.2700 -1.3478 -2.9522 1.1967 3.05 -4.34 -8.24 193 322 323 391 228 
1.22 -1.86 -8.04 -0.1800 1.6300 1.0700 -0.2422 -0.2944 0.2989 1.14 -3.62 -9.04 189 315 315 389 228 
1.35 -3.03 -8.42 0.0200 0.2700 0.5900 -0.1744 0.1878 -0.0256 1.18 -3.45 -9.09 190 326 323 393 228 
1.02 -3.07 -8.75 0.3600 0.2300 0.3400 -0.0756 0.2033 -0.0644 1.34 -3.37 -9.10 189 328 327 393 228 
1.66 -2.70 -8.21 0.1400 0.6300 0.8400 -0.1467 0.9933 -0.0733 2.16 -3.21 -9.01 186 313 315 383 225 
3.75 -2.46 -6.87 1.3600 1.2100 1.1400 0.3344 4.9289 -0.5822 6.28 -3.49 -6.66 186 312 321 363 222 
7.65 -1.77 -2.97 -1.5200 -0.2200 -0.9500 -1.5833 6.1422 -2.5100 9.73 -0.37 1.16 185 315 325 374 222 
7.08 1.30 3.99 -0.7400 -0.6600 -1.9300 1.6144 4.3667 -2.3833 5.26 3.44 7.52 185 339 351 421 213 
;
2.04 9.30 5.38 16.7700 17.1200 20.3800 -0.9133 -0.0400 0.2444 2.61 5.53 7.66 179 353 361 420 217 
4.31 8.42 9.77 0.5700 3.2100 2.7800 -0.0256 -1.3522 1.0300 3.38 5.70 7.22 188 351 354 420 223 
10.87 3.11 4.88 2.0300 -0.7600 -0.7100 1.2511 -4.8978 5.9167 9.47 0.90 2.37 196 362 355 421 222 
7.05 -3.12 -1.88 -1.1200 1.4400 1.1400 0.8389 -4.6922 3.3844 6.88 -5.60 -4.16 197 362 354 413 223 
3.50 -4.24 -4.04 -1.8500 2.2400 1.3900 -1.7867 -1.7811 0.6056 3.88 -5.87 -6.82 196 344 348 412 227 
2.70 -4.05 -8.15 0.1200 0.6500 0.2200 -1.0467 -0.4633 0.0800 2.26 -4.20 -8.56 188 312 323 389 227 
2.01 -3.78 -9.19 -0.2200 0.1000 -0.2600 -0.1689 -0.0233 0.0933 2.02 -3.55 -8.91 186 320 329 395 229 
1.94 -3.44 -8.63 -0.2900 0.1500 0.3100 0.1044 0.0333 -0.0122 2.06 -3.59 -8.88 187 325 332 397 228 
1.91 -3.37 -8.36 -0.1800 0.1000 0.4400 0.0156 0.0167 -0.0489 2.15 -3.63 -8.85 187 328 332 399 228 
1.95 -3.43 -8.24 -0.1600 0.4800 0.5200 -0.0667 0.0256 -0.0678 2.29 -3.57 -8.84 186 327 331 396 227 
4.86 -1.82 -7.23 1.5300 1.5800 1.6500 0.1156 3.9222 -0.0833 4.82 -3.54 -7.76 186 318 316 371 224 
7.19 -1.84 -4.22 -0.5800 0.1200 0.2700 -1.2578 5.3167 -2.2856 9.47 -0.99 -2.34 185 320 333 382 223 
10.37 1.02 0.70 1.1700 -0.6400 -1.8000 -0.3367 5.9811 -2.3733 7.07 2.78 6.19 185 330 346 421 215 
;
11.58 12.56 31.53 5.6300 4.2500 9.0900 -0.3033 1.0344 -0.3367 4.29 4.96 7.28 183 354 362 428 214 
4.04 6.07 7.44 0.1500 0.4700 -0.1900 -0.0767 -0.1444 0.1067 4.18 5.20 7.18 183 354 366 429 216 
7.20 8.30 9.00 2.9000 2.8900 1.7600 0.4700 0.0244 0.7389 4.30 5.24 7.07 188 342 362 420 219 
9.27 0.69 4.70 -0.0200 -0.9500 0.4600 0.3678 -7.4167 5.3900 9.75 -0.88 0.43 189 323 334 396 223 
5.93 -2.78 -4.14 -0.8800 1.3800 1.3500 0.2233 -4.7356 1.4511 5.24 -4.54 -6.93 188 310 324 393 226 
2.44 -1.35 -6.12 -0.7600 3.5300 1.8700 -1.8200 -0.7444 0.5644 2.66 -3.66 -8.69 188 311 324 378 227 
2.81 -2.57 -9.50 -0.1300 0.3000 -0.7000 0.0089 -0.0378 0.0522 2.38 -3.04 -9.01 190 327 330 390 227 
2.62 -2.87 -8.91 0.3000 0.3700 0.1700 0.0844 0.0911 0.0400 2.43 -3.11 -8.97 190 329 329 393 228 
2.59 -2.25 -8.25 0.2300 0.9200 0.6100 0.0378 0.3333 -0.0656 2.68 -3.19 -8.87 189 325 327 391 227 
3.59 -2.10 -8.27 -0.5300 1.7100 0.1300 0.9700 3.3567 0.0344 5.54 -4.15 -6.94 184 306 312 370 224 
6.22 -3.62 -2.96 -3.1900 0.5000 -0.5400 -0.2522 6.9300 -1.9389 9.19 -2.93 1.73 183 314 332 377 221 
3.50 -1.62 5.03 -3.1600 -1.4500 -1.5700 3.0067 5.2856 -3.6278 3.17 2.88 8.81 190 350 349 412 215 
;
3.16 7.43 7.42 0.5800 1.6400 -0.7300 1.6644 0.1700 -1.0522 1.69 6.17 7.42 182 358 361 412 214 
2.68 5.23 3.78 -0.6400 -0.3500 -2.7000 -0.0411 0.2956 -0.0667 2.64 6.40 6.94 184 357 364 419 215 
3.62 7.07 7.01 0.9700 1.1900 0.1500 0.1189 0.2078 -0.0056 2.59 6.33 7.02 185 358 359 422 217 
4.80 6.94 8.76 1.6600 1.1000 1.3500 -2.1344 -2.9778 2.6522 5.28 3.71 7.37 185 337 344 395 221 
8.05 -1.04 2.18 -1.9900 -1.0100 -1.3800 1.1644 -7.9089 3.7978 9.44 -2.15 -1.49 184 314 332 394 224 
6.23 -2.43 -4.77 -0.4400 2.1200 1.0300 -0.4078 -3.3267 0.9833 4.71 -4.57 -7.28 187 314 310 392 226 
2.30 -3.02 -7.45 -0.7600 1.7200 0.6400 -0.6933 -0.1656 0.3789 3.03 -3.94 -8.45 188 311 312 393 228 
2.47 -3.38 -8.72 -0.8000 0.4300 -0.2000 -0.0800 0.0133 0.0400 3.05 -3.68 -8.55 190 318 319 394 228 
2.82 -3.56 -8.67 -0.3100 0.4200 -0.1300 0.0267 0.0967 0.0356 3.11 -3.68 -8.53 190 321 319 395 228 
2.35 -3.32 -8.47 -0.4900 0.4000 0.2500 0.0933 0.0733 -0.0244 3.02 -3.70 -8.56 190 323 319 396 228 
2.53 -3.22 -8.25 -0.6200 0.4100 0.2900 -0.0011 -0.0033 -0.0278 3.09 -3.68 -8.54 191 324 321 397 228 
2.74 -3.17 -8.44 -0.2200 0.3600 -0.0300 -0.0911 0.1478 -0.2367 3.30 -3.59 -8.50 190 323 323 395 228 
6.05 -3.05 -8.59 1.3400 1.0600 -0.3600 0.5278 4.4000 0.4644 5.53 -4.03 -7.01 187 315 318 367 222 
3.81 -3.08 -2.53 -4.9900 -0.4300 -1.5400 0.3944 7.6000 -2.5411 8.98 -2.66 2.87 183 330 338 401 218 
5.26 0.10 7.64 -0.7000 -0.9600 -0.1900 1.8378 2.6056 -3.2678 4.91 2.54 8.09 196 359 354 421 210 
;
3.38 7.28 6.32 0.8100 1.7300 -1.4200 2.0456 0.6722 -1.7011 2.22 6.62 6.87 187 376 365 426 213 
2.59 6.72 5.48 0.6600 1.3700 0.4200 -0.2389 0.1411 -0.0511 2.28 6.41 7.05 188 370 367 428 214 
3.93 10.12 9.17 3.2900 4.5200 3.1100 -1.6656 -1.8811 1.8611 3.65 5.23 7.44 190 344 353 413 218 
9.62 1.04 3.13 -0.8300 -1.1000 -1.6800 0.7789 -8.6289 5.9156 9.73 -1.17 0.17 190 320 327 382 224 
4.95 -2.26 -4.23 -1.5700 2.2700 2.0600 -0.1367 -4.3533 0.8911 4.18 -4.40 -7.69 189 305 309 370 227 
-0.10 -2.76 -6.66 -1.9900 1.5800 0.8600 -0.3411 -0.5278 -0.0100 3.21 -4.14 -8.28 191 321 290 389 228 
3.40 -4.17 -8.85 -0.3800 0.0600 -0.4400 -0.0444 -0.0167 0.0500 3.19 -3.97 -8.37 192 326 312 391 228 
3.01 -3.71 -8.06 -0.7100 0.4400 0.3600 0.0244 0.1178 0.0300 3.29 -4.01 -8.31 192 327 317 393 228 
2.89 -2.62 -7.92 -0.8000 0.8400 0.0500 0.4322 1.6222 0.4044 4.39 -4.60 -7.46 184 312 317 372 225 
6.73 -4.01 -4.34 -0.7900 1.2800 0.4600 0.0300 6.6778 -0.6822 8.32 -4.88 -1.69 186 317 293 375 224 
6.04 -3.54 2.00 -2.2100 -0.7400 -2.4400 1.9267 6.1889 -3.2700 6.60 -0.88 7.19 189 345 351 422 216 
4.10 4.31 8.41 1.0600 1.2600 -0.1600 2.0933 1.8389 -2.2178 2.40 4.48 8.37 191 375 363 434 212 
;
