1.55 -0.41 9.65 -0.4400 0.0800 0.1200 0.2389 0.3289 0.0500 1.71 -0.30 9.65 176 290 267 286 192 
1.60 0.21 9.80 0.1300 0.1000 0.0700 0.3889 0.1622 0.1511 1.48 0.19 9.69 177 302 277 286 193 
1.48 0.42 9.83 0.0700 0.0800 0.0400 0.0833 0.1433 -0.0011 1.33 0.38 9.70 181 308 277 290 192 
1.22 0.52 10.03 0.0200 0.4100 0.1700 0.4522 0.5233 0.1178 0.92 0.76 9.73 181 322 279 292 192 
1.07 1.32 10.22 0.4100 0.3600 0.5200 0.4489 0.3167 0.1044 0.59 1.32 9.69 179 314 284 304 196 
2.34 3.48 12.79 0.1700 1.9300 2.8700 -0.3411 -3.2533 2.7000 3.72 0.17 9.06 188 309 292 308 204 
8.02 -2.28 5.82 0.1100 0.0000 0.6400 0.4556 -7.2278 4.8011 8.56 -4.53 1.48 188 292 281 309 207 
2.51 -3.59 1.96 -4.3600 3.7300 4.5000 -1.7433 -3.0133 2.7956 4.72 -7.61 -3.99 185 238 246 286 207 
-1.17 -5.13 -3.02 -2.5500 1.2100 2.5000 -4.2211 -0.4233 -0.6967 2.32 -4.96 -8.12 183 239 242 285 209 
4.63 -4.91 -11.80 1.7300 -1.3400 -1.3800 0.6578 0.3067 0.0156 2.88 -4.03 -8.46 182 252 254 291 206 
3.05 -3.56 -7.05 0.2200 0.9000 1.0600 0.0922 0.0533 0.1078 3.09 -4.38 -8.20 185 256 259 293 206 
3.95 -4.61 -7.79 1.0300 -0.4500 0.2000 0.1400 0.7111 0.0233 3.49 -4.49 -7.98 184 257 257 281 204 
8.46 -7.70 -7.66 3.9100 -1.7400 -0.8100 1.4433 1.5578 1.5011 5.26 -6.29 -5.36 177 261 257 255 203 
6.75 -6.41 -4.18 2.1100 2.5800 -0.4300 0.4633 2.6333 3.2322 3.02 -8.88 -2.82 176 289 286 296 204 
-2.49 -4.80 -4.00 -2.5300 3.9500 -0.7400 0.3022 0.5744 2.1867 -1.18 -9.20 -3.16 180 303 302 309 206 
-4.72 -5.03 -6.10 -3.9300 5.2800 -4.4400 3.8989 0.7211 -2.1489 0.43 -9.76 0.83 174 288 297 308 204 
4.60 -2.40 8.65 3.7900 4.7200 5.2400 4.4311 -0.2756 -2.4700 4.26 -5.72 6.72 175 291 291 308 206 
6.81 -3.53 18.46 2.6400 2.9100 7.3300 -4.7978 -0.3700 1.2689 3.63 -7.88 4.56 175 301 300 315 208 
0.39 -5.56 -6.23 -2.5200 3.6200 -8.9000 -1.7367 -0.3967 1.4000 1.08 -9.73 -0.54 175 311 302 319 206 
-0.48 -4.03 -2.37 -1.1100 5.7500 -2.7400 4.8333 -0.5278 -1.6500 2.34 -8.51 4.25 178 302 302 322 205 
4.28 -5.52 23.43 1.0800 1.3200 14.6900 -1.7711 0.3100 0.2978 2.54 -6.98 6.39 181 308 305 324 206 
-0.19 -4.90 3.33 -1.8200 4.2600 -1.0600 -4.6144 -0.9222 1.4989 0.98 -9.73 0.65 179 320 309 325 207 
-0.73 -7.15 -6.03 -1.1100 2.6200 -4.1200 0.7111 0.0444 -0.8678 1.28 -9.68 -0.81 179 299 304 317 205 
0.44 -7.42 -0.02 -2.1100 1.6000 -0.2500 1.7733 0.2600 -2.9422 4.44 -8.68 1.05 178 294 287 312 207 
10.71 -4.82 1.72 3.2300 0.6700 -1.3800 5.1878 2.3700 -2.7544 6.68 -3.22 6.41 187 329 301 321 209 
12.08 5.08 10.28 4.7900 4.6100 3.5500 4.4600 -1.9033 3.3289 7.69 0.80 6.02 188 342 308 325 209 
5.09 0.91 7.71 -3.1700 4.2300 4.6400 -4.8233 -2.8089 4.3378 7.63 -6.15 -0.10 190 281 277 304 209 
-2.76 -1.32 -8.45 -6.6900 3.5900 -2.7900 -5.1822 -3.7789 1.9711 2.80 -4.49 -8.24 184 244 254 302 213 
6.14 -3.78 -12.68 3.2600 -1.0000 -3.1100 0.0622 -0.2244 -0.0044 2.75 -2.81 -8.98 184 262 266 303 213 
3.26 -3.04 -7.66 0.3200 0.1900 1.2000 0.3033 0.1900 0.0178 3.14 -3.26 -8.69 184 268 270 305 212 
4.25 -3.05 -8.17 0.3100 0.2000 0.2900 0.0611 -0.0178 0.1156 3.30 -3.38 -8.59 184 270 269 306 213 
3.54 -3.41 -7.70 0.1300 0.0200 0.6800 0.0733 -0.0044 -0.0744 3.55 -3.45 -8.46 184 274 277 307 213 
;
