3.12 5.79 7.26 -0.0500 -0.0300 0.0400 0.0011 0.0067 -0.0044 3.16 5.83 7.21 156 258 253 270 180 
3.09 5.78 7.24 -0.1200 -0.1500 0.0200 -0.0033 -0.0100 -0.0044 3.17 5.84 7.21 154 255 253 268 181 
0.27 5.19 8.83 -2.7300 -0.5400 2.2300 -0.2100 -2.8589 0.6667 5.04 5.37 6.47 160 293 282 296 189 
14.49 5.93 2.20 5.3300 3.1100 0.3900 -1.3967 -6.3978 4.4456 9.74 0.36 -1.03 178 314 304 332 201 
3.62 0.10 -4.68 -3.6700 4.1500 2.2000 0.4044 -3.0944 4.1989 3.78 -5.72 -7.00 182 306 304 323 203 
-7.45 -1.16 2.48 -3.9500 4.0200 -3.2900 -5.7189 -3.4300 -0.1878 1.20 -2.55 -9.39 181 295 307 327 201 
1.79 -5.01 -5.50 1.1000 -1.0100 2.7200 -0.1422 0.1822 -0.2178 1.92 -2.79 -9.20 181 303 309 328 203 
2.01 -2.77 -7.69 -0.4100 -0.1100 1.2700 -0.1133 0.0267 -0.0644 2.09 -2.78 -9.16 181 305 309 330 204 
2.24 -2.59 -8.64 -0.2400 0.1100 0.7200 0.1567 0.6011 -0.4122 2.67 -2.67 -9.04 177 282 296 312 198 
-0.44 -2.38 -10.37 -1.9500 0.0500 -2.7200 1.3878 2.3389 -3.0667 6.73 -2.18 -6.78 128 269 274 285 192 
11.79 -1.27 -3.40 4.2900 0.4000 2.1900 1.4956 0.8556 -0.5322 8.43 -2.00 -4.58 119 267 279 290 191 
11.24 -2.86 -3.93 3.0900 -0.4900 -0.1700 1.8167 1.2933 0.5056 8.74 -3.25 -3.02 108 263 279 271 191 
11.12 -3.23 -1.07 2.0100 0.7600 -0.8300 2.4733 2.4922 0.4500 8.71 -4.12 1.81 123 262 259 244 184 
6.86 -2.38 2.47 -1.5900 1.3900 -2.3700 1.4556 2.5889 0.4889 6.64 -3.62 6.23 117 258 236 214 165 
3.40 -0.84 6.31 -1.4500 1.9600 -1.1400 0.6667 1.4778 0.4178 4.32 -2.90 8.31 96 199 188 184 141 
2.42 -0.70 8.00 -0.5400 2.0100 -0.4700 0.1111 0.9878 -0.3311 2.74 -2.50 9.07 103 184 190 189 141 
2.39 -2.02 9.30 1.7500 0.9500 0.4200 -1.3911 1.9111 -1.6800 0.19 -3.85 9.01 102 186 194 201 149 
-0.60 -5.98 8.05 0.0000 -1.3700 -0.8500 -1.1289 0.6222 -0.5556 -1.16 -5.71 7.88 103 186 199 209 151 
-2.17 -6.71 7.06 -0.7500 -0.0400 -0.2000 -0.1111 -0.2300 -0.0844 -1.13 -6.22 7.49 105 190 203 208 154 
-3.48 -3.92 3.98 -2.5800 2.2400 -3.8800 0.4322 -3.4944 -0.0156 1.11 -6.13 7.56 107 199 213 214 157 
3.02 -4.11 5.33 -1.3800 1.5100 -1.7100 -1.9278 -4.2633 -1.6822 6.40 -5.84 4.57 116 206 231 231 168 
9.35 -8.68 -7.42 3.8600 -3.7500 -5.5200 -1.7733 -8.2144 -0.4700 5.94 -4.76 -6.16 114 216 214 214 147 
13.98 -7.05 -10.49 5.5900 -1.8800 -3.8100 3.3244 2.4022 -0.5078 7.92 -4.52 -3.59 108 223 203 211 146 
8.27 -2.23 -1.26 -0.0300 3.2200 -1.6100 3.0589 3.0900 0.2811 7.99 -4.91 2.83 101 211 200 219 149 
3.66 0.33 4.26 -2.8800 4.5600 -2.0200 1.7333 2.7944 -0.0411 5.20 -3.25 7.64 109 193 206 220 152 
1.13 -2.10 8.29 -1.1600 0.9200 -1.2100 -0.7622 2.4756 -1.6333 2.63 -3.01 8.95 104 176 207 221 152 
2.00 -2.53 9.06 0.5200 0.6500 -0.0800 -0.6767 1.1489 -0.9567 1.06 -3.61 9.05 107 187 205 223 155 
0.54 -4.51 8.74 0.5500 -0.7100 -0.2800 -0.6600 1.1978 -0.7233 -0.11 -4.48 8.72 107 192 204 226 159 
-3.14 -2.55 5.81 -3.9200 1.5300 -3.6000 -0.4344 -2.2622 -0.7589 1.39 -5.13 8.23 104 189 209 222 158 
3.11 -3.85 3.07 0.8000 1.3000 -3.5800 0.3911 -2.3556 -3.3733 6.47 -2.99 6.72 108 195 207 231 159 
;
