0.71 -0.89 9.83 -0.0200 0.0000 0.0200 -0.0300 -0.0289 0.0056 0.70 -0.93 9.73 164 331 313 318 198 
0.62 -0.93 9.77 0.0300 0.0200 0.0600 -0.0100 0.0078 0.0056 0.71 -0.98 9.73 163 329 314 317 198 
0.70 -0.84 9.74 -0.1500 0.0600 -0.0200 0.0389 -0.0144 0.0211 0.70 -0.90 9.73 167 336 309 315 200 
0.75 -0.93 9.97 0.0700 -0.2100 0.7900 0.9189 0.3356 0.2411 0.51 -0.36 9.78 171 357 287 319 197 
-0.34 7.64 7.44 0.4000 3.6000 -0.2500 1.8456 3.2611 0.8644 -2.20 4.94 8.17 181 388 306 352 207 
-4.96 6.83 8.99 -2.6000 -0.4500 0.4900 0.5644 -3.6322 9.3767 2.38 6.87 6.57 184 332 301 317 206 
2.21 1.72 6.17 -7.0600 3.0100 2.6200 -4.6044 -6.2789 6.8544 8.51 -4.83 -0.50 184 282 214 272 209 
-8.52 -2.42 -10.17 10.8100 7.0000 -18.3800 -5.2033 2.0922 -0.0889 2.89 -2.59 -9.00 178 256 241 271 216 
4.10 -2.45 -6.47 0.0400 0.5300 1.5500 0.0400 0.4133 -0.1700 3.66 -3.33 -8.46 180 268 244 275 214 
4.43 -3.01 -7.50 -0.3200 -0.2500 0.0700 -0.0722 0.4644 -0.2222 4.51 -3.18 -8.10 185 252 248 294 214 
11.42 -3.29 -6.40 3.3200 -0.8400 -1.7600 -0.1089 10.5078 -0.7111 9.49 -2.45 0.16 177 284 270 301 209 
2.71 1.35 2.26 -0.0500 1.3400 -6.0200 4.6522 8.6922 -1.5611 -0.96 3.75 9.00 182 371 292 329 209 
-3.32 13.04 9.39 -1.2400 6.5000 3.0000 2.5700 -2.1533 6.9278 1.74 8.03 5.34 186 379 301 334 209 
4.21 7.26 5.56 -3.9700 4.5600 0.7200 -3.8911 -2.3022 8.0311 8.89 -2.03 3.58 185 316 299 327 211 
-1.23 -3.41 1.27 -6.3000 5.4100 4.2900 -7.5422 -2.4600 3.5833 4.33 -7.30 -4.90 182 249 247 280 215 
6.30 -0.77 -27.67 1.9800 -0.8000 -9.4500 0.8256 0.6933 0.2200 3.03 -2.15 -9.07 181 272 245 290 216 
3.92 -1.94 -8.74 -0.0700 1.2500 0.9100 0.2800 0.3789 0.1089 3.60 -2.65 -8.72 185 273 259 295 215 
5.94 -1.83 -9.25 3.5300 1.0600 -2.2500 0.2867 6.9622 -0.1333 7.03 -2.76 -6.24 179 278 182 167 143 
-23.80 -9.41 -1.89 -22.1700 -5.4500 -1.5700 -0.8600 0.8689 0.1733 0.60 -6.22 7.55 188 346 145 151 124 
-0.59 -3.91 4.10 -0.9000 3.1800 -3.3800 0.3922 0.8167 -2.5089 0.97 -6.56 7.21 188 336 137 157 128 
8.38 -1.31 7.02 7.4700 3.3100 -1.0300 2.7811 0.0889 1.3378 0.97 -4.08 8.86 188 349 147 169 133 
1.69 -5.31 20.69 -0.7500 -2.8300 12.9900 -0.7767 0.0056 4.7300 -1.20 -2.70 9.34 190 359 159 171 137 
-13.87 -3.50 11.08 -9.0100 2.8900 2.7900 -3.6344 0.0144 -0.2044 -2.32 -6.91 6.55 191 362 160 169 141 
-3.12 -2.21 3.14 -1.0100 7.1400 -0.4500 -1.7167 2.2767 -1.7644 -1.57 -9.20 3.00 188 360 161 177 139 
-0.73 -4.02 -0.44 1.1100 7.2100 -1.7200 0.6667 1.7267 -2.4878 0.92 -9.42 2.56 193 363 165 178 145 
5.77 -2.33 2.64 3.9900 5.8300 -0.9100 2.5611 1.1656 -1.2078 2.55 -7.94 5.15 193 360 164 179 143 
8.17 -4.70 9.46 5.9700 1.2000 3.0500 3.5300 0.1556 0.0678 2.69 -4.28 8.39 190 356 163 177 142 
3.21 -4.88 16.15 1.2600 -2.7000 6.2000 0.0511 -1.2900 4.3611 2.44 -3.23 8.93 193 231 164 180 150 
;
