2.79 5.24 8.14 0.4400 0.1900 0.2100 0.0844 0.2367 -0.0122 2.29 5.17 8.00 173 314 269 271 199 
0.21 7.86 9.08 -1.8700 2.1900 2.5400 1.7211 -2.9278 1.9644 2.94 6.53 6.69 188 330 328 372 209 
8.36 6.38 5.83 0.6400 2.1500 1.3000 -1.5544 -3.4489 6.0078 9.33 1.13 2.79 194 325 324 371 214 
4.53 -4.38 -1.09 -4.2000 0.0500 -1.5900 -2.0744 -3.8489 5.1544 6.74 -6.69 -2.42 193 301 327 390 218 
0.00 -5.93 -3.06 -3.8000 0.5500 2.6600 -1.6844 -1.6111 1.2667 2.56 -6.80 -6.57 187 303 330 398 219 
3.32 -5.41 -8.69 0.9600 0.2100 -1.1000 -0.2756 0.0522 -0.0267 2.34 -5.79 -7.55 187 315 333 402 220 
2.20 -5.76 -7.17 -0.5800 0.0200 0.4800 0.2089 0.0689 -0.1089 2.49 -5.90 -7.42 188 317 335 403 220 
2.20 -5.84 -7.01 -0.1300 0.0800 0.6800 0.2711 0.0278 -0.0211 2.54 -6.06 -7.27 186 310 324 389 217 
1.91 -5.64 -4.12 -3.8500 0.6700 0.1400 1.4933 5.3067 -1.1811 6.20 -7.00 -2.93 187 297 223 245 171 
9.59 -3.43 -0.29 3.2800 2.0100 0.5100 1.2344 1.5756 -2.7333 8.95 -3.85 1.07 186 303 226 240 167 
13.11 -5.54 1.98 5.0300 -0.6000 1.2700 -1.2200 -0.3078 3.6900 7.30 -6.52 -0.59 109 278 196 203 141 
2.25 -6.84 -1.84 -2.4700 2.2200 0.1000 0.8678 0.2600 1.8289 4.39 -8.76 0.28 111 255 226 236 177 
0.98 -7.79 0.25 -1.8000 1.7000 0.7900 0.1678 0.6811 0.8578 2.56 -9.45 0.45 120 273 265 254 180 
0.87 -9.68 1.07 -1.7400 -0.6600 0.8400 -0.3644 -0.9722 0.2433 2.26 -9.53 0.24 111 264 266 262 175 
-3.68 -8.67 -6.27 -4.8900 1.3800 -5.0900 -1.3033 -7.9300 -1.2833 1.39 -9.19 -3.11 104 246 263 258 170 
2.63 -5.14 -10.16 4.7500 3.1900 -3.7400 0.5533 -1.6967 -1.9611 2.33 -8.27 -4.71 108 247 263 261 173 
5.02 -7.68 -4.02 0.9500 0.5100 0.4800 0.0889 0.3856 0.3289 2.17 -8.46 -4.43 110 254 266 264 173 
4.10 -7.56 -4.08 1.8400 0.9100 0.2000 -0.5178 1.0778 0.5256 2.40 -8.31 -4.61 116 255 265 259 182 
8.23 -5.13 -7.65 3.2900 2.9300 -3.2100 -1.2600 10.4922 -1.6067 6.47 -7.35 -0.31 150 292 230 229 170 
;
6.37 -8.53 -2.60 0.5400 -0.4700 -3.1700 -2.0222 -2.4889 -0.7144 7.75 -5.94 -0.90 176 305 240 242 177 
9.39 -6.92 -1.67 1.1800 -1.2500 -0.5000 -0.0922 -0.0478 -0.0122 8.13 -5.35 -1.14 175 292 258 260 184 
7.99 -4.57 -1.62 -0.0200 0.7200 -0.1700 0.0556 0.1822 -0.2289 8.22 -5.21 -1.14 179 295 259 259 186 
10.13 -7.48 -2.68 1.8200 -1.6800 -0.4900 0.0911 -4.1144 1.9344 6.59 -6.25 -3.68 188 316 290 319 207 
2.75 -4.19 -5.21 -0.8800 2.0400 1.2200 -2.5322 -2.3156 0.0400 2.22 -5.40 -7.87 191 315 315 376 214 
1.38 -2.29 -8.79 -0.8800 1.8800 -0.7000 -0.3833 0.0244 -0.0300 1.60 -4.21 -8.70 191 319 318 384 210 
2.08 -4.08 -8.66 1.0400 0.1100 -0.0300 -0.0511 0.0889 0.0556 1.75 -4.09 -8.73 190 321 321 382 216 
3.93 -3.87 -8.01 2.9400 0.5000 0.0800 1.2856 3.8633 1.8278 3.27 -5.22 -7.62 152 283 260 253 181 
5.71 -7.25 -3.61 1.9300 0.6400 0.3100 2.1822 0.3878 2.8333 3.52 -8.96 -1.82 118 295 278 274 186 
-2.64 -8.70 1.62 -2.4600 1.7000 1.9000 0.2767 -0.5611 0.7578 0.99 -9.73 -0.67 123 299 287 281 187 
0.53 -8.99 -0.55 -0.6500 0.5800 -0.1400 0.0122 -0.2989 -0.5078 1.35 -9.70 -0.46 125 303 289 286 189 
-2.02 -10.65 -2.17 -5.8300 -0.7500 -1.9700 -0.2978 -5.6433 -1.1711 1.91 -9.45 -1.78 120 280 281 273 184 
-0.22 -4.29 -11.03 2.9700 5.3000 -6.0000 -0.5500 -7.6156 -2.9978 1.70 -8.51 -4.54 117 259 284 279 184 
8.14 -7.31 -4.90 5.9900 0.7400 0.0300 0.3156 0.1211 -0.2033 2.44 -8.34 -4.54 121 268 288 281 186 
4.88 -6.79 -4.04 2.5300 1.6900 1.1500 -0.9522 1.1889 0.6056 2.50 -8.14 -4.85 123 270 291 285 190 
;
