3.15 -3.47 8.45 0.0900 0.0000 0.0000 0.0044 0.0133 -0.0033 3.16 -3.53 8.57 158 277 278 300 191 
3.15 -3.50 8.47 -0.0300 0.0400 -0.0800 0.0033 0.0000 -0.0033 3.16 -3.53 8.57 153 279 273 298 189 
3.14 -3.49 8.48 -0.0200 0.0800 -0.0500 0.0033 0.0056 0.0011 3.16 -3.53 8.57 157 281 277 297 191 
6.48 -2.56 10.83 2.1700 0.1900 2.9800 2.9789 1.3222 0.3544 2.53 -1.95 9.27 167 321 309 320 195 
-1.76 1.20 10.32 -2.6400 2.3400 0.1100 4.3489 0.1922 2.6144 0.38 2.83 9.37 177 335 301 311 205 
4.31 3.00 8.14 -1.1400 -0.7900 0.3900 -0.4133 -4.4167 8.3833 7.53 0.61 6.25 183 321 296 311 205 
1.74 -1.40 4.65 -7.5800 4.2400 1.6900 -5.6189 -4.7822 4.3511 6.64 -7.00 -1.72 180 278 237 270 206 
-1.59 -7.65 -8.15 -3.2100 -0.2700 -4.4900 -4.1756 -0.3444 -1.8344 2.79 -2.78 -8.97 179 275 239 268 210 
4.06 -2.98 -8.86 0.7500 0.7100 0.4500 0.3322 0.5611 0.0711 3.43 -3.20 -8.60 178 282 251 280 211 
2.29 -2.73 -7.56 -0.9400 0.8700 0.6300 -0.1178 -0.0611 0.0722 3.32 -3.43 -8.56 180 289 249 286 210 
4.55 -4.16 -10.30 1.8600 -0.9800 -3.2900 2.1744 3.4389 0.1511 4.98 -4.39 -7.20 174 265 197 170 138 
7.01 -4.58 -0.57 -0.9200 1.5000 1.2200 1.6367 6.4567 -3.1578 8.59 -2.56 3.97 161 326 169 168 142 
3.68 0.08 3.88 -3.1000 0.7600 -3.4500 3.4278 2.3422 -2.3200 6.02 2.23 7.40 176 339 170 177 144 
11.07 9.05 5.22 7.2400 4.9100 0.0100 2.6889 1.0922 1.4800 4.46 5.69 6.61 180 335 176 177 145 
6.00 6.76 8.32 -0.9000 3.3400 2.3300 1.2444 -1.2433 5.7722 7.59 2.38 5.72 181 318 167 181 151 
1.01 1.85 9.13 -6.4000 2.6600 2.5200 -4.4333 -0.0089 1.1044 7.43 -2.76 5.76 182 331 184 182 148 
3.69 -1.52 -1.12 -3.8100 2.9000 -6.2100 -2.6833 2.0222 -3.9322 8.03 -3.24 4.59 183 335 182 181 153 
10.98 2.15 -0.01 3.5000 2.1200 -5.5100 2.1378 0.6300 -2.3089 7.64 1.56 5.94 179 335 186 184 152 
11.99 5.16 8.11 1.4900 1.2900 5.2200 2.3333 -3.6522 4.0689 9.09 1.42 3.37 181 321 190 187 151 
9.30 -0.19 2.23 0.5000 -0.3000 -1.3700 -0.5178 -0.0756 0.2756 9.32 -0.19 3.03 184 318 188 191 151 
9.18 -0.55 1.65 -0.3200 -0.1600 -0.8700 0.0289 0.2111 -0.0200 9.33 -0.33 2.98 184 309 188 189 152 
10.29 -0.85 1.36 1.4000 -0.6600 -1.7200 0.0856 1.1978 -0.5944 9.06 0.07 3.73 184 289 186 188 154 
9.71 0.82 4.84 3.2300 -0.5200 -3.1200 0.2111 10.4144 -1.0589 1.69 1.51 9.54 184 214 166 185 154 
-6.40 0.80 2.84 -1.0000 -1.9100 -5.1900 0.4089 2.3822 1.2278 -7.32 1.76 6.27 188 175 162 162 142 
-9.30 2.55 6.56 -0.6400 0.1000 0.3700 -0.5389 0.2856 -0.5189 -7.64 1.93 5.83 187 179 165 169 143 
-7.10 1.51 6.18 0.3100 -0.2900 0.5800 0.0744 -0.2111 -0.1100 -7.64 1.67 5.90 188 183 160 171 147 
;
