8.88 3.55 -2.10 0.0700 -0.0300 0.1200 0.0011 -0.0056 -0.0111 8.85 3.60 -2.20 170 268 258 273 188 
8.88 3.55 -2.05 0.0000 -0.0300 0.1400 0.0067 0.0033 -0.0144 8.84 3.60 -2.19 172 270 261 275 190 
9.65 4.18 -1.19 0.7300 0.7200 0.7900 0.2211 -0.5789 0.5733 8.87 3.29 -2.57 175 282 274 285 192 
15.86 2.18 -5.49 6.7700 -0.2800 -1.6700 1.6356 0.4244 2.5533 8.64 -0.16 -4.62 181 298 302 340 205 
6.52 0.38 -6.34 -3.0700 4.7800 0.5500 0.3622 -1.2667 4.7000 6.00 -5.62 -5.33 184 291 301 341 208 
-10.46 0.30 6.54 -11.9600 6.7700 6.4900 -6.1344 -3.0633 -0.8022 2.86 -3.96 -8.50 182 279 306 343 207 
3.98 -6.83 -6.97 0.2400 -2.4500 2.1200 0.3278 -0.3111 0.4367 3.24 -4.05 -8.31 181 290 307 346 211 
2.46 -3.22 -6.79 -0.7500 0.9200 1.1800 0.0344 0.0222 0.0944 3.37 -4.28 -8.15 183 291 307 345 209 
3.34 -4.15 -8.03 -0.1900 0.0000 0.1400 -0.0711 0.0556 -0.0900 3.44 -4.18 -8.17 183 294 312 346 210 
3.77 -4.03 -8.18 0.0000 -0.1200 -0.0500 0.0933 0.2611 -0.1422 3.75 -4.10 -8.07 183 293 305 336 209 
3.98 -4.00 -7.45 -0.1500 0.1600 0.4000 -0.0333 0.5878 -0.0844 4.32 -4.11 -7.78 181 286 292 327 208 
4.06 -4.14 -7.34 -0.1200 0.0900 0.4000 0.0356 -0.1522 0.0189 4.47 -4.14 -7.68 182 287 291 326 206 
4.46 -4.16 -7.44 0.0000 0.0300 0.2200 -0.0122 -0.0022 0.0089 4.44 -4.13 -7.69 180 287 291 330 207 
4.40 -5.48 -8.25 1.1100 -2.6700 -1.3400 -0.1878 -0.5856 -0.0256 4.05 -4.08 -7.93 182 281 285 341 209 
6.28 -8.76 -6.31 -1.1100 0.0100 -1.5200 5.3067 2.0333 1.6911 4.24 -8.72 -1.45 188 354 321 349 208 
0.54 -2.01 -0.19 -2.5700 7.6700 -1.2800 -0.1122 0.3567 0.1744 3.25 -9.25 0.05 184 359 326 349 210 
2.17 -5.17 0.50 -0.8700 3.0800 0.5700 -0.0856 -0.0289 -0.2644 3.57 -9.13 0.05 188 361 325 349 209 
3.33 -8.01 -0.62 -0.3100 0.7300 -0.4200 -0.1844 0.0078 -0.5311 4.17 -8.86 -0.29 189 360 326 347 212 
6.26 -12.10 -0.04 1.9400 -3.2800 0.3100 -0.3444 -0.2078 0.0022 4.36 -8.73 -0.86 188 359 325 346 211 
3.60 -9.17 -2.60 -1.3400 -0.5200 -1.7400 0.6444 0.2533 -0.3356 4.48 -8.70 -0.48 191 357 317 345 210 
5.14 -6.28 0.85 1.0400 2.5100 0.3100 0.7000 1.1078 -0.8289 5.45 -8.02 1.41 187 349 310 317 198 
2.50 -5.19 -0.05 -2.6200 3.2500 -1.7300 -0.4389 1.9867 0.1711 5.51 -7.85 2.00 155 175 163 160 125 
-3.10 4.46 2.23 -6.1200 10.0100 -4.9600 7.4678 -8.0689 -2.0078 8.59 0.52 4.69 183 154 165 160 132 
20.06 2.27 2.83 6.5900 0.9500 2.8800 0.5744 0.0789 0.4078 9.72 1.15 0.40 188 161 166 165 135 
10.15 1.22 0.69 0.4000 0.5700 0.7000 0.0333 -0.0822 0.0878 9.78 0.61 0.20 187 159 175 166 138 
9.81 0.86 0.83 0.1800 0.0100 0.0200 -0.0767 0.1389 0.1822 9.78 0.42 0.43 188 164 176 170 140 
9.30 0.35 0.79 -0.4500 0.0500 0.2200 0.0244 0.0289 0.0222 9.78 0.28 0.60 188 166 178 171 140 
;
