1.81 -3.07 9.12 0.0400 -0.0700 -0.0300 0.0022 0.0133 -0.0111 1.80 -3.03 9.15 150 286 304 296 188 
1.85 -3.09 9.14 -0.0200 -0.0700 -0.0100 0.0089 -0.0022 -0.0133 1.80 -3.03 9.15 155 291 300 300 191 
1.81 -3.09 9.14 0.0100 -0.0900 0.0000 -0.0089 -0.0044 0.0056 1.80 -3.05 9.14 151 289 297 299 190 
1.80 -3.10 9.12 0.0100 -0.0500 -0.0200 0.0078 0.0000 0.0033 1.80 -3.04 9.14 156 293 303 301 193 
1.81 -3.07 9.12 0.0500 -0.0800 0.0000 0.0644 -0.0078 0.0078 1.82 -2.95 9.17 153 288 303 305 189 
3.89 -0.93 16.04 2.1600 0.0800 4.0600 6.8700 0.1922 0.7911 2.26 2.65 9.16 180 323 301 307 207 
6.05 3.07 5.71 -0.1100 -0.8100 -0.9500 0.7367 -4.5267 10.7600 8.43 -0.57 4.96 184 305 285 311 207 
1.58 -0.41 4.63 -5.0300 6.5300 5.8800 -7.7422 -1.6900 0.5267 5.81 -6.04 -5.08 177 244 225 279 207 
7.40 1.80 -23.37 3.9300 0.8300 -12.6900 0.9322 0.4811 0.4833 4.85 -1.46 -8.39 172 270 251 294 213 
5.35 -2.87 -5.70 0.1500 0.2200 1.5200 -0.2678 -0.1478 0.0400 4.86 -2.29 -8.20 175 273 260 300 210 
4.79 -2.39 -7.61 0.4900 -0.4300 0.1400 0.6011 1.4311 0.7289 5.45 -2.62 -7.71 167 238 204 203 192 
13.33 -6.34 -8.03 7.5600 -2.8200 -4.9400 1.7044 2.1278 2.4689 8.31 -4.77 -2.06 134 208 183 178 180 
3.50 -1.60 0.66 -3.7500 7.7700 1.7000 0.8833 1.1044 5.3944 2.27 -9.53 0.37 116 205 188 193 181 
-1.46 -6.90 2.70 -2.0300 2.1500 2.7000 -0.3700 -1.6667 -0.3578 1.22 -9.72 0.16 116 205 191 190 177 
-1.61 -8.85 -6.40 -3.7100 1.3100 -6.7800 1.1222 -10.4678 -4.3378 3.76 -8.73 -2.38 111 202 181 192 177 
9.31 -5.28 -6.62 5.7400 1.8700 -1.8800 0.6978 -0.9811 -1.0311 4.42 -7.65 -4.25 115 207 185 199 174 
5.92 -6.75 -2.02 1.0500 1.1800 1.6000 -0.3900 1.2444 -0.1344 4.94 -7.62 -3.69 134 223 200 214 185 
22.73 -6.14 -1.35 14.9800 -0.1900 -0.4200 -2.1411 7.2700 2.0600 6.25 -7.51 -0.70 154 273 258 253 199 
4.26 -2.36 -7.96 -0.8100 6.9600 -7.6700 -3.9722 1.5978 3.1067 2.35 -9.03 -2.99 169 327 286 312 201 
-2.82 -5.90 -9.86 -4.0400 3.9700 -5.3900 1.2967 0.3078 -0.2289 1.04 -8.92 -3.92 166 312 293 317 198 
1.35 1.11 -8.66 -1.3200 10.9200 -8.7500 8.1978 0.4778 -2.3878 3.90 -8.19 3.72 169 302 281 312 200 
24.08 14.41 33.18 13.9200 8.1800 24.7900 3.3844 2.4144 0.4522 5.81 1.28 7.79 165 290 286 305 200 
5.49 0.63 7.11 0.1200 1.2100 -2.4300 -1.8467 0.3467 -0.1022 5.75 -0.98 7.88 167 293 281 300 200 
;
