-0.73 -0.93 9.74 0.1300 -0.1100 0.0000 0.0122 0.0044 -0.0022 -0.85 -0.82 9.73 175 350 345 392 212 
-0.68 -0.90 9.75 -0.0800 -0.1000 0.0900 -0.0056 -0.0489 0.0056 -0.82 -0.81 9.73 176 351 345 393 217 
0.37 1.05 10.72 1.2500 2.4800 1.1500 0.6078 -3.5622 1.7000 1.72 -0.41 9.64 181 322 331 371 214 
7.19 -2.05 3.28 0.7500 -1.1600 -1.4600 1.2556 -9.1278 2.0478 9.62 -1.42 1.23 188 307 293 354 218 
8.83 -3.15 -4.91 2.5200 -0.2200 1.4600 -0.4489 -4.4622 0.9156 5.08 -2.97 -7.84 188 272 254 335 224 
1.84 -1.22 -5.30 -0.5400 2.3800 -2.0100 -2.9211 -0.8111 -0.7822 3.94 -0.17 -8.97 181 274 297 355 224 
4.56 -1.39 -7.26 0.3700 -0.7800 1.6000 0.0867 0.2844 0.0156 4.20 -0.78 -8.82 181 281 303 356 225 
3.43 -0.53 -8.81 -0.8300 0.4100 0.0600 0.0711 0.1556 -0.2267 4.37 -0.72 -8.74 182 276 278 353 225 
11.21 0.45 -9.61 6.8800 1.7100 -4.5600 -0.6422 11.0389 2.3111 9.19 -1.63 -2.97 180 290 180 178 162 
-16.96 -9.77 4.55 -11.6300 -1.5100 -0.7100 0.7989 -1.5944 -0.4256 1.73 -5.63 7.83 190 348 165 182 155 
1.90 -3.12 5.87 1.1800 2.1300 -3.2100 -0.0722 1.0222 -0.6667 0.00 -6.39 7.43 191 368 169 180 152 
2.87 -5.29 8.91 3.1600 0.0400 0.5600 1.2456 0.1356 1.2222 -0.97 -5.34 8.16 192 386 171 186 156 
-3.06 -7.80 13.64 -2.1500 -2.6600 5.1000 -1.6056 -0.3467 1.2256 -1.83 -5.53 7.88 194 385 170 187 153 
-4.91 -5.72 6.90 -3.3700 1.6900 -0.1000 -2.1667 -0.3111 -0.8044 -1.23 -7.95 5.60 195 389 173 191 156 
-2.56 -4.13 2.61 -1.8600 4.5800 -1.8600 -0.4289 1.0411 -1.6856 0.28 -8.88 4.14 194 386 175 192 156 
3.52 -3.87 2.62 3.3900 4.2200 -2.2300 2.2200 1.3989 -1.1033 1.13 -7.81 5.80 194 385 172 189 157 
6.23 -5.14 10.65 4.3400 -0.4300 4.2700 3.1144 0.0989 0.8567 0.54 -4.31 8.79 194 376 163 188 157 
2.05 -4.67 12.61 0.8800 -1.4700 2.8400 0.3656 -0.6500 1.7167 0.70 -2.80 9.37 193 377 169 189 156 
-1.35 -2.91 8.82 -2.0100 0.4700 -0.5400 -0.3700 -0.2044 0.3489 0.84 -3.45 9.13 195 376 167 191 157 
0.52 -3.31 9.27 -0.1700 0.1100 0.1800 -0.0278 0.0478 -0.3367 0.87 -3.49 9.12 194 375 172 194 158 
1.76 -3.90 8.98 0.9400 -0.3900 -0.0500 -0.0111 0.0989 -0.4211 1.03 -3.47 9.11 195 371 175 195 160 
-0.54 -4.58 9.37 -1.5300 -1.4800 0.5400 -0.1256 0.6256 -0.7644 0.84 -3.34 9.17 187 350 252 267 193 
;
1.58 -1.12 8.64 1.5700 0.9200 -1.6700 2.1722 1.3644 -1.1356 -0.41 -1.31 9.70 184 357 321 379 212 
-1.16 -1.63 7.97 -1.5100 0.0000 0.0700 -0.2256 -0.2167 -0.2100 -0.74 -0.35 9.77 177 365 347 392 213 
0.08 -0.50 9.90 0.6100 -0.0600 -0.0900 -0.0700 -0.0411 -0.0144 -0.47 -0.54 9.77 175 359 349 392 213 
0.19 -0.65 9.80 0.4900 -0.0200 -0.0200 -0.0522 -0.0778 -0.0111 -0.26 -0.61 9.78 174 357 348 393 212 
-0.42 1.61 11.55 -0.3500 2.5900 1.4500 -0.8311 -3.7444 0.9367 2.37 -1.59 9.38 174 295 305 359 219 
4.45 -4.51 3.34 -0.1900 -1.9500 -2.3700 2.1878 -9.6033 -0.0489 9.47 -1.35 2.12 175 284 296 372 222 
10.64 -2.05 -5.76 5.1600 0.6400 2.4500 -0.5311 -3.8722 1.0256 4.58 -1.90 -8.45 177 278 275 375 225 
4.25 0.68 -13.35 0.7900 1.7700 -4.0300 0.1967 0.1822 -0.0500 3.87 -0.86 -8.96 178 287 292 382 225 
5.74 -1.42 -8.52 2.6000 -0.3500 -0.2400 0.5556 2.2822 0.2400 5.48 -1.45 -7.99 164 270 288 339 223 
8.66 -1.38 -6.26 -1.3700 1.7000 -9.3400 -4.4056 14.4667 5.5333 3.54 -6.68 6.24 180 301 159 178 145 
2.35 -3.90 6.52 -1.2600 1.3800 -2.8900 -0.2000 1.2389 0.2267 0.29 -7.14 6.71 191 370 170 185 154 
2.22 -4.36 5.65 4.0000 3.0300 -0.9500 1.2911 -0.0867 0.4600 -0.35 -6.13 7.63 191 378 176 194 158 
-1.54 -8.64 13.46 -1.5000 -4.5900 5.4600 0.1622 -0.7078 2.0211 -1.29 -4.68 8.51 192 380 184 198 158 
-3.79 -7.93 11.06 -2.3300 -1.0800 2.6900 -2.5256 -0.3033 -0.3056 -0.92 -6.99 6.80 194 384 184 199 160 
-3.44 -3.46 3.89 -2.8700 5.0600 -1.7100 -1.3822 0.6189 -1.4767 0.17 -8.74 4.43 195 381 186 201 160 
1.69 -2.80 2.56 1.1000 5.6300 -1.7500 0.9222 1.4367 -1.5589 1.57 -8.38 4.83 192 382 188 203 161 
7.54 -5.13 7.05 6.7700 1.0100 0.9300 2.5833 0.5989 0.2056 1.33 -6.07 7.58 191 382 187 203 162 
2.96 -8.13 13.85 1.5000 -3.5100 4.6400 -0.1600 -1.4333 2.3422 0.92 -4.90 8.44 191 382 189 203 162 
-2.25 -3.79 7.31 -3.1300 2.0300 -0.5800 -0.0689 -0.4322 -0.0367 1.26 -5.43 8.06 190 369 196 208 166 
1.48 -3.24 13.41 -0.4900 0.6100 3.4900 -0.4700 -2.0289 -1.7156 5.09 -4.22 7.23 177 298 256 272 204 
3.79 -4.32 3.65 1.7900 1.1800 -3.4000 2.0856 4.5667 -2.4567 1.48 -2.26 9.42 179 337 330 381 211 
;
