2.52 -2.81 9.03 -0.0300 -0.0400 -0.0200 0.0000 0.0000 -0.0011 2.58 -2.76 9.04 161 282 289 301 202 
2.53 -2.81 9.09 -0.0400 -0.0500 0.0400 -0.0033 -0.0044 0.0033 2.58 -2.76 9.04 161 280 294 297 204 
2.20 -3.17 9.64 -0.6600 -0.2200 0.7100 1.1378 -0.1867 0.1922 2.62 -2.02 9.23 163 281 290 295 201 
1.98 0.40 9.47 -0.5200 0.9300 0.1200 2.1367 -0.7744 0.7178 2.77 0.41 9.39 170 297 296 313 202 
3.78 2.80 10.96 1.1900 0.2700 1.6300 1.7411 -3.6456 2.8633 5.48 1.86 7.91 181 322 298 311 209 
9.42 -1.14 5.14 0.0600 0.1000 1.3600 0.6744 -6.3711 6.3211 8.82 -4.19 0.77 186 310 286 316 211 
2.67 -3.55 3.01 -4.1000 2.3300 5.3800 -2.6867 -2.9111 2.6722 4.51 -7.57 -4.28 190 285 250 282 212 
-0.75 -5.70 -6.14 -0.6700 1.3800 -3.7100 -4.9556 -0.9222 -0.3656 2.06 -2.93 -9.12 183 265 245 280 214 
2.78 -4.15 -7.26 0.5700 -0.4800 1.4800 0.2089 0.2200 -0.1333 2.54 -3.37 -8.84 184 280 258 288 214 
2.65 -3.01 -7.53 -0.3700 0.2800 0.9200 -0.0644 -0.0133 0.0000 2.71 -3.44 -8.76 180 278 260 288 220 
3.00 -3.31 -8.42 0.2600 0.0000 0.4300 -0.0989 0.1622 -0.1433 2.85 -3.28 -8.78 183 272 263 285 218 
4.32 -3.27 -9.88 3.4700 1.4600 -3.0800 0.8156 2.7389 0.5678 4.03 -3.72 -8.12 172 237 189 186 178 
10.11 -4.94 -8.51 2.6600 1.8500 -2.1500 2.3389 3.0022 3.7522 5.96 -7.40 -2.38 114 222 194 194 180 
-2.75 -4.89 2.84 -4.4600 5.5200 3.5600 1.5856 -0.6778 2.3589 1.02 -9.70 0.95 117 217 197 193 180 
-0.37 -8.43 2.34 -2.1800 0.4100 0.8100 -0.5522 -2.0056 -0.6889 1.53 -9.66 0.55 107 216 190 193 169 
-1.08 -9.46 -4.51 -3.3400 0.6100 -4.9900 0.0711 -8.0644 -2.9189 3.49 -8.84 -2.37 107 210 188 192 172 
7.11 -6.44 -7.01 4.5400 1.7800 -1.9100 1.1544 -1.1089 -0.8533 4.03 -8.20 -3.55 118 221 199 204 176 
4.98 -6.72 -1.76 0.4200 1.7900 1.4400 -0.3644 0.8500 0.1033 4.12 -8.30 -3.19 122 225 208 215 184 
5.11 -6.17 0.01 0.5200 1.4700 2.5600 -2.1122 2.2056 -1.2222 5.85 -7.15 -3.25 97 215 241 254 197 
5.39 -6.92 -4.39 -1.2300 0.4500 -1.3800 -0.8522 5.6922 -3.1933 9.09 -3.54 0.96 95 167 187 175 139 
15.74 -0.70 -1.43 5.1000 2.5600 -2.6600 1.9811 0.1667 1.4111 9.10 -3.16 1.78 98 164 180 178 138 
-3.64 0.61 22.41 -10.5400 2.7300 16.8400 -1.2011 1.1778 0.4800 7.32 -4.65 4.56 100 169 191 174 138 
9.19 -3.48 0.61 3.1000 1.5400 -4.0900 -1.4244 -0.8189 -0.1544 7.82 -5.33 2.54 98 173 185 177 141 
7.98 -5.14 -0.37 -0.2100 -0.2600 -1.3400 0.7833 0.2600 0.0211 7.83 -5.02 3.09 100 177 179 179 137 
5.62 -6.55 8.84 0.6000 -0.9800 3.3000 -0.7133 1.4078 -0.0444 6.94 -5.33 4.39 101 179 194 184 144 
4.76 -5.06 4.32 -2.0100 1.1400 0.9800 -2.7111 0.3144 -0.8089 7.17 -6.20 2.48 105 182 191 186 153 
9.04 -2.79 1.20 2.7700 2.3900 -1.1000 -2.6656 6.4644 -3.6044 8.31 -3.84 3.50 128 217 238 225 180 
;
