2.58 8.17 6.98 0.1500 0.3400 0.7500 -0.2044 -0.0878 -0.0467 2.40 7.33 6.04 157 239 212 217 159 
2.87 7.09 7.15 -0.1400 0.0400 0.4900 -1.2889 -0.6778 0.4500 2.96 6.30 6.90 170 268 252 263 170 
2.78 4.49 6.63 -0.0600 -0.4300 -1.0700 -0.4067 -0.0144 0.3222 3.36 4.95 7.76 169 283 289 311 191 
3.81 4.96 8.09 -1.2800 0.1100 0.9800 -0.1333 -1.2633 0.2978 4.56 4.55 7.38 175 284 297 329 200 
15.03 3.51 3.58 7.5800 0.1300 0.9600 0.4756 -8.7867 5.5889 9.47 -0.77 -2.39 174 284 298 332 200 
2.82 -0.53 -3.06 -4.0100 4.9900 3.0700 0.2156 -0.0400 3.2889 4.66 -6.41 -5.76 176 285 307 338 204 
0.57 1.26 -7.26 -1.7800 5.4000 -4.7600 -5.9111 -0.0478 -1.4256 4.13 -1.68 -8.73 172 295 303 333 204 
5.22 -3.63 -5.95 0.6800 -1.4700 2.4400 0.1878 -0.1133 0.2967 4.27 -2.40 -8.48 172 296 304 337 202 
3.83 -1.71 -7.69 -0.9500 0.6800 1.1100 0.2256 0.2456 -0.0278 4.60 -2.69 -8.22 173 295 301 335 201 
4.12 -4.07 -10.71 -0.3300 -2.4700 -3.6600 1.3233 1.3544 -1.4244 5.81 -2.67 -7.43 173 293 302 334 202 
10.47 -4.03 -10.08 1.9000 0.1200 -4.0400 4.6633 3.5144 -0.9289 8.72 -3.98 -2.03 179 297 300 334 202 
6.69 -1.07 1.25 -3.2300 2.3700 -1.1100 4.1356 1.8867 -0.2956 8.45 -2.69 4.17 185 337 315 345 199 
5.16 1.94 4.76 -2.3300 3.2400 -0.9900 1.3733 0.7433 -0.3100 7.58 -0.37 6.20 184 351 329 351 167 
5.95 3.06 6.04 -1.5000 2.8400 -0.4100 0.1389 -0.0533 -0.0089 7.35 0.27 6.47 185 357 331 353 201 
6.61 3.53 6.65 -0.6800 3.4500 -0.0400 -1.5911 -0.3744 0.2011 7.51 -0.87 6.24 187 330 318 357 204 
8.95 -0.46 5.04 0.8900 1.7500 -0.4900 -3.5978 0.3356 -0.2056 7.61 -3.45 5.11 177 316 327 357 206 
7.25 -5.87 -0.93 -0.4600 -2.0700 -4.6000 -2.0389 0.2422 1.3711 6.94 -6.25 2.96 161 302 319 357 209 
8.70 -8.30 0.43 2.7000 -0.4900 -1.4500 -0.1289 -0.0156 -0.3478 7.04 -6.39 2.36 167 308 321 360 170 
5.61 -6.22 2.21 -2.1000 0.1700 -0.3800 0.2344 -0.1178 0.1467 6.77 -6.66 2.43 164 308 320 358 187 
1.76 -4.61 1.30 -4.8000 1.6500 -2.0100 1.5056 1.5111 -1.0989 6.60 -5.58 4.61 164 292 204 210 79 
7.59 -4.47 6.44 1.4600 -0.3700 1.4600 0.0844 0.7278 -1.2033 7.21 -3.85 5.40 155 306 202 203 87 
9.27 -2.97 6.76 2.2900 0.0100 0.1700 0.8678 -0.2678 -0.7122 7.73 -2.09 5.64 151 314 193 202 74 
9.28 -0.48 -0.62 1.0500 0.7500 -5.7800 2.9589 1.2011 -1.2244 7.73 0.36 6.02 147 324 191 200 143 
18.48 12.01 15.56 9.2800 9.9200 11.2200 0.9867 2.2333 2.5989 7.46 1.42 6.19 153 330 201 208 147 
2.30 -0.17 7.71 -3.4900 1.1000 -0.7100 -2.8989 3.0689 0.3789 4.90 -2.73 8.04 159 326 201 210 147 
-2.09 -0.95 0.65 -7.5000 3.9300 -7.9600 -1.2833 -1.4511 -2.2189 6.47 -4.02 6.16 159 327 195 210 148 
8.18 1.56 -0.05 1.5500 3.0100 -5.2700 1.8789 -1.6722 -2.4456 8.24 0.37 5.29 158 324 201 211 150 
15.64 4.31 4.84 7.4200 2.4700 1.7500 1.7500 -0.7733 0.2167 8.90 2.60 3.17 159 320 206 212 152 
11.38 4.10 6.94 2.2900 2.1500 3.6800 0.3789 -0.2100 2.5922 9.23 0.79 3.21 162 316 205 215 152 
4.81 -0.57 4.46 -4.0800 0.8300 1.0600 -1.1856 -0.1078 1.0811 9.09 -2.10 3.01 158 307 207 218 154 
;
