0.74 1.65 9.37 -0.0200 0.1200 0.1600 -0.0278 -0.0200 -0.0411 0.78 1.60 9.64 170 327 316 333 197 
0.76 1.63 9.69 0.1100 0.1300 -0.0100 0.0367 0.0233 0.0367 0.81 1.56 9.64 173 328 320 334 198 
0.04 1.86 9.88 -0.4100 0.3300 0.4500 -0.3122 -0.6689 0.4667 1.23 1.34 9.63 178 306 289 330 197 
1.71 2.72 9.79 0.3800 1.3100 -0.3700 0.6822 0.1356 1.3433 1.84 1.70 9.47 183 330 308 331 199 
4.85 4.77 9.01 4.4000 2.2700 0.5900 1.8767 1.1144 0.6889 2.36 3.50 8.84 186 345 271 304 211 
3.89 4.92 8.94 2.3100 0.1300 0.3500 2.3022 -0.1300 4.1411 2.91 5.52 7.56 185 348 273 318 211 
6.48 6.06 9.14 -1.4200 5.0200 3.5800 -2.6244 -3.2589 8.2789 8.37 -3.14 4.02 188 325 295 325 210 
-1.59 0.24 6.33 -7.5500 9.3400 8.5700 -6.3056 -2.4689 3.1789 3.44 -8.11 -4.29 181 243 202 272 209 
8.22 -1.34 -28.62 4.6900 1.1900 -12.8000 1.0722 1.0800 -0.3667 3.11 -3.71 -8.52 178 256 234 286 211 
4.68 -3.58 -8.54 1.2500 0.7800 0.1600 0.4578 0.4478 0.0433 3.38 -4.28 -8.14 181 258 235 291 212 
3.39 -3.65 -7.65 -0.5600 0.3200 0.1300 -0.0733 0.1600 0.0533 3.63 -4.35 -8.00 183 273 237 296 210 
3.53 -3.98 -7.77 0.3200 0.4000 0.2300 0.3456 0.2111 -0.0033 3.75 -4.55 -7.83 175 241 212 195 162 
11.15 -11.87 -13.59 7.9000 -4.1700 -9.9400 7.2200 -0.4633 2.0922 2.51 -9.01 -2.92 141 264 145 133 124 
-3.21 1.94 7.13 -4.9800 10.4200 3.8100 4.6744 1.7200 0.7567 0.01 -7.10 6.75 136 282 155 136 124 
0.15 -5.59 4.83 1.4500 -0.7300 -2.6200 0.9511 -0.2867 -0.3989 0.09 -5.50 8.11 114 308 159 150 130 
0.40 -2.95 4.14 -0.5400 2.7500 -3.0700 3.8756 1.7667 0.6811 -1.62 -1.50 9.55 113 320 157 149 138 
-3.38 7.01 8.60 -1.5800 9.7800 -1.6300 -4.0078 -1.4167 -1.2678 -0.61 -4.66 8.60 108 321 165 147 136 
4.15 -16.50 -2.58 4.8000 -10.6900 -8.8800 -1.7200 -0.7978 -0.1889 1.45 -8.71 4.25 114 323 171 152 133 
0.95 -8.30 5.26 -0.5300 0.9800 0.6200 0.1911 0.0200 -0.2778 1.51 -8.49 4.65 113 328 176 148 140 
3.12 -6.90 4.08 2.6900 2.3100 0.4500 -2.9322 2.5500 -1.5322 2.17 -9.12 2.85 157 291 170 167 148 
4.89 -10.66 -9.54 -7.1200 -1.2500 -7.5400 -4.9500 3.2422 2.1100 0.69 -9.69 -1.26 176 277 262 242 186 
-2.66 -7.02 -8.60 -2.5300 2.0900 -5.4600 -0.3167 -0.4489 0.3211 -0.78 -8.91 -4.01 170 275 262 264 188 
-5.55 -5.24 -6.45 -4.0000 4.0300 -0.8000 5.1311 3.0378 -2.1978 1.62 -9.58 1.30 173 261 239 263 185 
3.66 -6.43 3.73 0.9600 3.2300 1.2900 -3.5500 -1.8578 0.4756 1.70 -9.49 -1.73 170 271 247 269 189 
-10.60 -12.11 -22.27 -9.6900 -1.8000 -16.5500 4.1122 1.3278 -1.2456 1.30 -9.63 -1.24 176 270 234 273 190 
7.14 -0.78 27.61 4.8500 4.2400 11.3700 -2.9944 -1.6256 0.5533 1.61 -9.63 0.88 177 278 244 277 189 
-7.35 -9.93 -11.32 -7.9400 0.1400 -10.3700 2.0533 -1.2289 -1.6167 1.80 -9.63 -0.26 178 278 230 289 189 
3.07 -2.60 2.90 -1.8100 5.8300 0.8500 4.0667 2.0900 -2.5644 4.44 -5.77 6.56 184 291 244 298 189 
5.32 4.11 17.23 1.6500 5.3500 7.2300 7.7422 2.5733 0.4433 2.19 -0.02 9.55 179 321 277 323 192 
-1.77 3.72 16.67 -2.0100 0.9200 -1.9500 0.6200 -0.2311 0.1733 1.03 1.50 9.63 175 338 296 322 197 
;
