8.28 4.39 -2.14 -0.2400 0.0100 -0.2600 0.1400 0.1289 -0.0356 8.49 4.54 -1.83 175 284 274 297 202 
8.28 4.67 -1.73 -0.1000 0.1300 0.0100 0.0856 0.1633 -0.0222 8.51 4.56 -1.67 173 285 276 296 199 
8.50 4.73 -1.79 -0.2100 0.0900 -0.3400 0.2211 0.4522 0.0344 8.57 4.56 -1.34 174 289 273 298 200 
12.86 5.39 -2.16 6.0800 2.7000 -0.7500 1.4800 -3.4611 2.3689 8.46 1.77 -4.62 181 302 289 313 203 
6.69 0.60 -5.30 -1.1700 3.8500 1.7900 0.9278 -0.4233 3.4967 6.29 -4.23 -6.21 184 291 275 312 206 
1.61 -2.45 -1.32 -1.6400 2.4200 6.4200 -1.1422 -1.1178 1.2589 3.06 -5.00 -7.85 178 258 266 292 205 
1.62 1.34 -13.09 2.5000 6.7000 -11.8100 -1.6378 0.7811 -0.6656 2.60 -0.34 -9.44 174 272 267 298 203 
4.34 -1.98 -8.79 1.5800 -0.1400 0.5300 0.1311 0.3067 0.0700 2.82 -1.13 -9.32 172 275 275 300 204 
1.46 -0.65 -7.56 -0.8600 0.5800 1.9500 -0.3778 0.2756 -0.2300 2.92 -1.04 -9.30 174 277 277 303 205 
3.64 -0.63 -9.69 0.2900 -0.3300 -0.5000 -0.3956 0.1644 -0.1789 3.18 -0.23 -9.27 174 266 262 285 201 
0.95 0.75 -11.78 -4.4000 1.2300 -2.9000 1.8000 2.9089 -1.1389 6.07 -1.14 -7.61 150 299 167 167 127 
13.17 -2.03 -9.03 6.7600 1.9800 -0.3000 5.4400 0.9756 0.2411 7.32 -4.90 -4.29 160 333 178 188 145 
6.32 -2.51 0.81 -0.6600 3.9800 2.0500 2.3300 0.0744 0.8933 6.33 -7.43 -0.89 170 336 185 201 153 
4.71 -5.11 2.57 -2.7400 2.6400 4.0600 0.0956 -0.3144 -0.1522 6.10 -7.67 0.24 168 327 190 203 155 
7.16 -8.24 -3.84 1.4800 -0.7300 -3.4900 -0.5456 -0.6200 0.2100 6.01 -7.57 -1.60 168 333 194 208 156 
6.55 -6.85 -1.60 0.1800 1.9700 0.3500 1.8133 0.9156 0.2067 5.92 -7.81 0.14 169 348 200 209 158 
6.33 -7.99 -1.62 0.5600 -0.4400 -2.2400 -0.5756 0.0322 0.0311 6.00 -7.74 -0.32 168 331 202 213 157 
6.37 -7.46 -0.69 0.4200 0.3900 -0.4900 0.0800 0.0444 0.0222 6.00 -7.74 -0.28 167 327 199 213 158 
6.00 -7.01 0.17 0.2300 0.8900 1.0200 -0.2144 0.3756 -0.2067 6.14 -7.64 -0.20 169 313 211 210 160 
10.63 -8.35 -2.89 4.4300 -0.6300 -4.4500 -4.1844 9.1211 0.9078 5.24 -8.07 1.86 159 255 252 263 181 
4.70 -8.23 -1.54 0.6500 2.3600 -1.5400 -1.6867 0.0578 3.1967 0.94 -9.67 -1.29 124 228 225 226 173 
-1.37 -7.76 -1.11 -0.8800 1.7100 0.2900 0.1467 -0.7811 -0.2300 -0.29 -9.71 -1.33 114 218 217 220 172 
-2.17 -9.44 -2.19 -2.6200 0.8400 -1.4600 -0.4289 -6.1967 -3.3700 2.05 -9.35 -2.08 103 204 205 214 170 
0.78 -3.76 -9.65 -1.4000 5.2300 -5.5400 0.6111 -5.9000 -3.9600 4.00 -7.67 -4.60 104 197 198 207 169 
9.98 -6.59 -5.97 4.6000 1.1400 -0.5000 0.4800 -0.3133 0.4022 3.96 -7.59 -4.77 107 204 200 203 171 
5.19 -6.13 -3.70 1.3600 1.9000 1.4200 -0.7978 1.4311 0.0489 4.52 -7.29 -4.73 128 219 217 218 176 
7.24 -4.34 -2.41 1.6900 1.6800 0.1000 -2.1878 5.4433 -0.8867 7.31 -5.95 -2.67 144 236 231 241 182 
;
