2.13 -0.06 9.56 -0.1100 -0.0200 0.0000 -0.0078 0.0089 0.0011 2.22 -0.06 9.55 157 350 355 381 208 
2.12 -0.09 9.55 -0.0700 0.0000 -0.0100 0.0011 0.0000 0.0044 2.22 -0.07 9.55 157 348 351 379 207 
1.47 0.04 10.25 -1.0500 1.1400 1.2700 0.7500 -1.5322 0.6778 3.08 0.16 9.30 174 309 318 362 210 
8.37 1.79 5.62 1.6000 2.4400 -2.0000 0.8378 -8.3611 2.8300 8.88 -1.97 3.64 185 301 298 386 216 
13.34 -8.53 -3.92 6.5100 -3.5100 0.4400 1.0456 -5.2567 3.0589 5.43 -5.97 -5.56 187 302 328 387 220 
0.17 -5.07 -1.16 -3.5100 2.4500 4.8400 0.0956 -0.2322 0.7411 3.19 -7.57 -5.34 185 292 321 385 223 
5.56 2.01 -13.79 4.4700 9.1600 -12.7700 -2.4956 -1.2189 -1.3644 3.58 -4.39 -8.00 189 299 316 385 222 
4.13 -4.40 -4.81 0.7000 2.3400 -0.8400 -0.1933 -0.2622 -0.1189 3.51 -5.24 -7.50 188 306 313 386 225 
3.77 -4.46 -6.99 0.6500 0.8300 -0.1600 0.5578 1.4033 -0.9644 4.68 -5.10 -6.94 184 282 271 281 179 
11.19 -9.18 -5.30 6.0300 -3.9500 -3.2700 2.5278 10.8756 -0.9378 8.00 -4.22 3.76 181 182 173 181 121 
-6.99 -1.19 5.01 -0.5200 3.5000 -1.9300 2.3222 5.0878 3.4189 -4.51 -1.28 8.60 192 163 164 174 118 
-4.57 2.48 4.24 1.9800 2.7600 -0.7200 0.7422 0.8978 0.5322 -7.43 1.17 6.29 198 162 165 169 122 
-7.38 1.24 5.97 -0.1400 0.6800 -0.4800 -0.0489 -0.2622 -0.0633 -7.05 0.76 6.77 192 169 174 178 126 
-6.97 1.44 6.58 1.2300 1.2600 -0.6200 -0.2433 -1.7867 -0.6689 -5.95 0.19 7.79 191 186 182 184 132 
;
