2.98 5.34 7.63 0.1100 0.0400 -0.1400 0.0178 0.0689 -0.0100 2.91 5.28 7.73 178 363 361 414 213 
2.84 5.37 7.61 -0.0400 0.0700 -0.0800 -0.0044 -0.0133 0.0011 2.88 5.28 7.74 179 362 361 415 214 
3.02 5.41 7.68 0.1000 0.1000 -0.0800 -0.0533 0.0256 0.0300 2.88 5.26 7.75 177 353 359 417 215 
4.34 6.22 9.13 1.8000 1.8100 1.7300 -0.7689 -2.4044 2.0444 5.11 4.06 7.31 182 334 322 376 221 
9.96 2.02 5.35 1.9200 -0.6800 -0.0900 -0.2556 -5.4467 2.7211 9.61 0.79 1.75 187 330 315 383 221 
8.63 -2.41 -2.14 -0.5000 -0.3800 1.0600 0.3233 -4.7578 2.3311 7.56 -3.03 -5.45 185 328 276 392 226 
3.96 -2.20 -6.12 -0.6000 1.6400 1.5200 -0.7789 -1.8778 1.0711 4.12 -3.53 -8.16 185 307 322 379 225 
1.67 -1.15 -8.03 -1.3700 1.4500 0.5400 -0.9044 -0.2922 -0.0322 2.82 -2.42 -9.07 184 311 319 382 224 
3.42 -2.56 -9.40 0.4000 0.0200 0.0000 0.0000 0.0989 0.0267 2.90 -2.34 -9.06 186 317 320 384 224 
2.50 -2.47 -8.95 -0.5300 0.3400 0.1300 0.0144 0.1644 0.0422 3.06 -2.49 -8.97 186 318 322 384 225 
3.22 -2.24 -8.72 1.0100 0.3100 -0.3200 0.1622 1.0022 0.2933 3.63 -2.63 -8.71 187 318 315 372 220 
10.24 -2.42 -10.32 3.5100 2.0800 -4.1000 0.2111 7.8911 4.9956 6.99 -6.23 -2.88 192 339 311 385 213 
2.12 -5.77 -3.93 -3.2600 3.2800 -3.4800 -1.6056 2.6156 3.3300 2.07 -9.49 -1.29 193 340 319 397 212 
0.34 -7.49 -3.10 -0.5800 1.5400 -0.9300 -1.3633 0.3100 0.5000 0.51 -9.28 -3.10 195 341 330 403 215 
-2.15 -7.65 -8.70 -3.2900 2.2400 -4.3800 2.9256 0.3333 -0.4433 0.89 -9.69 -1.16 196 343 323 396 215 
4.79 -8.35 10.01 2.4400 0.1700 4.8700 -1.7611 -0.5589 0.3011 0.67 -9.76 -0.53 196 340 326 391 216 
-1.16 -7.97 -7.01 -2.0500 1.5600 -6.1200 -0.6567 -0.1522 0.0333 0.45 -9.36 -2.87 195 341 326 390 217 
-0.77 -7.68 -3.67 -1.2100 2.4400 -0.3100 4.3800 0.9467 -1.1256 1.64 -9.56 1.43 196 342 334 390 217 
3.70 -8.70 5.01 0.2900 1.4400 0.9300 -2.1033 -2.4856 -0.6133 2.65 -9.44 0.12 194 335 332 365 217 
1.99 -4.90 -6.49 -1.0100 4.1500 -3.8700 1.9433 -1.7956 -2.1889 4.52 -8.62 -1.13 185 305 312 332 212 
4.13 -5.35 3.02 -0.8200 2.4500 -0.5300 4.8244 2.0378 -2.3389 5.70 -5.31 5.94 184 312 324 340 214 
3.53 0.07 11.53 -0.6700 1.1000 2.8500 3.3933 1.5378 -2.1533 3.71 1.37 8.96 185 326 335 393 213 
0.70 9.34 14.67 17.9100 7.6000 19.3900 0.3389 -2.1778 0.7400 2.12 5.01 8.15 183 357 345 415 209 
;
1.99 5.23 8.06 0.0100 0.0200 0.0100 -0.0022 -0.0067 -0.0011 1.95 5.18 8.09 178 345 363 409 209 
1.98 5.23 8.05 0.0000 0.0300 -0.0100 -0.0044 -0.0044 -0.0033 1.95 5.18 8.09 179 344 362 408 208 
2.20 5.42 8.16 0.1300 0.3600 0.3300 -0.1311 -0.5056 0.3400 2.27 5.09 8.06 178 327 349 407 214 
6.46 5.59 8.78 1.0600 1.0100 1.3700 -2.9100 -7.1844 0.9278 8.48 1.59 4.64 180 309 302 369 220 
9.40 -1.43 -3.75 -0.8600 0.3500 -0.0900 1.8800 -6.8667 3.1622 6.91 -3.18 -6.18 182 311 324 357 221 
1.45 -1.52 -6.29 -1.0700 2.0600 1.8100 -0.5078 -2.4900 1.3522 2.09 -4.57 -8.41 186 300 312 350 221 
1.67 -0.52 -11.33 2.8300 2.9200 -7.2100 -0.9556 0.2856 -0.2933 1.64 -2.94 -9.20 186 323 317 366 223 
2.35 -3.42 -8.03 0.3800 0.4900 0.8200 0.0011 0.2511 0.0122 1.89 -3.33 -9.02 188 326 319 366 223 
2.38 -2.78 -7.97 -0.0500 0.5300 0.9800 0.1089 0.8133 -0.0978 2.64 -3.40 -8.80 189 312 309 342 216 
13.29 -3.49 -7.85 1.7600 1.9800 -4.1500 -2.0567 9.5800 5.2156 5.60 -8.04 -0.17 192 352 336 392 210 
-1.26 -5.14 -3.50 -3.5900 2.8900 -2.7900 -1.9189 0.7678 1.4189 1.25 -9.40 -2.49 191 342 337 390 203 
0.59 -6.98 -7.59 -1.4600 1.8200 -6.0400 0.6289 0.0744 -0.4044 1.16 -9.38 -2.60 187 334 335 387 203 
5.86 -9.71 18.66 5.8100 -0.0200 20.9200 -0.7156 -0.0611 0.4200 0.71 -9.77 0.41 187 337 337 387 204 
-0.65 -6.12 -9.66 -1.2400 3.1100 -8.4000 -1.6711 -0.4900 -0.0811 0.85 -8.95 -3.91 186 335 334 385 206 
-1.37 -7.12 -2.42 -2.1600 3.1100 3.6700 4.8844 -0.1900 -0.2078 1.08 -9.61 1.60 185 336 327 378 207 
2.14 -6.78 4.67 -0.3100 3.2000 1.1500 -3.9778 -2.9400 -1.1311 2.13 -9.37 -1.94 189 333 328 365 209 
-0.12 -4.53 -4.18 -3.1200 5.7800 -2.4500 4.1222 1.5244 -1.1800 3.03 -9.28 0.81 182 308 316 333 207 
5.07 -1.44 7.33 0.2200 3.7300 1.9400 5.9467 2.4744 -2.2422 4.56 -3.26 8.04 179 312 319 355 207 
;
