0.63 -0.93 9.68 -0.3700 -0.1900 -0.3200 -0.0022 -0.0200 0.0122 0.70 -0.89 9.74 130 276 279 299 196 
0.90 -1.05 9.81 0.1400 -0.1100 -0.0100 -0.1256 -0.0289 -0.0156 0.71 -1.02 9.72 127 277 281 299 199 
0.60 -1.29 9.68 0.1300 -0.1700 0.0500 -0.0489 0.0089 0.0022 0.75 -1.16 9.70 130 281 276 298 200 
0.86 -1.18 9.83 0.2100 -0.1100 0.2300 0.5978 0.0444 0.2167 0.71 -0.70 9.75 133 298 295 296 193 
-0.94 7.38 10.94 -0.1300 5.2400 2.7600 3.5178 -0.1044 1.0478 0.66 4.78 8.53 174 363 292 336 207 
5.93 6.95 9.63 2.2400 0.3400 1.0400 2.2211 -3.4833 11.4467 7.34 3.83 5.24 180 293 269 313 209 
2.72 0.10 4.32 -7.2700 2.5900 2.2500 -1.9822 -4.8633 5.5233 7.48 -6.31 -0.59 184 267 258 301 212 
-0.99 -1.57 -0.80 -3.3700 6.0200 1.0300 -7.8233 -3.2933 0.6711 2.35 -3.62 -8.80 172 248 244 301 219 
3.19 -4.72 -6.66 1.2900 -1.3800 1.7500 -0.2600 0.0611 -0.1022 2.82 -2.97 -8.90 178 258 247 308 220 
2.64 -2.21 -7.91 -0.4600 0.9200 1.0100 0.0600 0.8267 -0.2978 3.58 -2.91 -8.65 173 245 245 303 221 
5.19 -4.85 -10.68 1.5100 -3.1800 -3.7900 1.8956 3.1822 -1.5256 6.35 -3.05 -6.82 149 242 173 198 195 
13.20 -3.46 -5.20 2.8900 -0.3500 -4.4100 6.4967 3.0567 -1.1333 9.24 -2.91 1.45 111 346 156 157 162 
8.55 2.36 0.61 -0.0100 3.8800 -3.7400 3.9489 3.0100 -0.2400 7.80 0.20 5.93 108 358 166 166 167 
3.85 4.82 4.97 -1.9100 3.0700 -1.5000 -0.0167 1.2744 -0.1033 6.17 1.59 7.45 125 353 158 178 163 
8.14 3.24 6.66 2.3700 1.4800 -1.3000 -1.1689 0.6222 -1.4811 5.18 1.83 8.12 126 359 171 186 176 
3.23 -1.87 4.98 -0.9900 -2.0400 -3.5300 -2.5644 -0.8000 -0.9000 4.86 -1.28 8.41 129 365 181 190 181 
3.95 -3.15 12.47 -1.3600 -1.3800 2.9300 -0.5633 0.1444 -0.0656 4.77 -2.03 8.32 127 376 183 192 187 
0.74 -0.64 5.44 -5.4600 2.7400 -2.8200 -3.4656 -1.0611 2.0044 5.26 -5.13 6.48 151 259 188 197 183 
10.83 -8.34 -4.43 4.9800 -2.2200 -6.6000 -2.3022 -3.4033 -0.7111 7.29 -6.51 -0.69 144 280 184 196 184 
14.12 -8.16 -3.53 7.1700 -1.4600 -0.8800 1.8600 0.4611 0.4556 6.77 -6.89 -1.65 156 304 179 201 185 
5.89 -4.85 1.83 -1.9400 3.2900 1.4700 2.5089 0.8511 1.1044 5.51 -7.74 2.40 159 325 190 197 182 
6.13 -7.68 0.06 2.1500 -0.4500 -3.2700 -1.6111 -1.7644 0.0233 5.89 -7.83 0.23 157 322 191 203 185 
4.22 -6.93 2.64 -4.1500 2.8900 5.0700 0.8667 -0.8344 -0.2156 5.75 -7.72 1.86 156 311 197 208 186 
5.54 -4.03 4.13 -0.9900 3.3900 3.0000 -3.8322 2.8578 -2.4056 7.27 -6.55 0.45 153 282 228 239 197 
5.70 -4.39 0.65 -2.8900 -0.4200 -1.8200 -1.9033 3.9967 -5.3289 8.63 -1.82 4.28 159 290 257 279 202 
;
