0.92 0.10 9.77 0.1000 -0.0600 -0.1100 -0.0078 0.0178 0.0033 0.80 0.15 9.77 177 361 326 328 197 
0.88 0.06 9.80 0.1700 -0.0400 0.0200 0.0011 0.0067 0.0044 0.79 0.15 9.77 178 360 328 329 192 
1.62 1.07 11.34 2.7300 1.8800 3.7100 1.6489 0.6567 0.1678 0.66 0.81 9.75 175 305 284 284 196 
7.84 1.12 7.48 3.9900 -0.2600 -3.7400 1.1089 0.7067 5.5122 1.59 0.20 9.67 173 189 146 145 142 
5.66 6.31 14.69 -2.5900 4.8000 5.2700 -0.9900 -1.2200 4.1333 5.86 -0.46 7.84 180 148 141 152 152 
-5.77 -4.00 0.92 -13.4300 -0.2800 -1.5100 0.7267 -6.7378 0.6189 9.08 -3.16 1.88 186 153 147 161 152 
37.89 3.43 -15.41 17.7300 0.4400 -10.9100 0.7511 0.2989 1.1622 9.78 -0.52 0.44 186 157 145 167 159 
9.08 0.05 1.42 -0.0700 0.5200 0.1200 -0.1100 0.2067 -0.1811 9.74 -0.37 0.99 188 157 152 167 160 
10.22 1.52 1.80 2.4300 3.5200 1.7200 -1.1489 0.6844 0.0589 9.68 -0.52 1.47 182 180 168 166 170 
20.22 6.74 10.86 4.2900 8.0500 -0.7200 -6.7578 2.3911 4.7633 7.25 -5.60 3.48 143 254 265 276 195 
-0.46 -4.48 -9.68 -3.2100 5.0000 -10.5800 -1.8222 2.7767 1.2489 2.41 -9.45 0.99 152 292 285 305 201 
-2.12 -2.24 -5.85 -4.4000 7.0500 -7.8500 7.7411 -2.7544 -2.0611 3.77 -6.73 6.04 161 294 279 288 201 
5.16 -0.12 21.83 2.4100 6.0100 7.4400 -7.1211 -0.0678 1.5089 2.58 -7.83 5.29 163 304 289 296 198 
0.00 -6.95 -13.39 -2.0800 2.9100 -15.1000 -0.1289 0.4433 -0.1456 1.20 -9.70 0.72 159 310 293 305 203 
6.91 3.68 7.52 9.2800 11.3600 15.3400 5.7756 1.4411 -1.5833 3.60 -4.98 7.64 168 290 293 310 203 
2.36 -2.18 9.46 -1.5800 5.0600 0.7900 -6.4700 -0.9922 1.1367 2.69 -8.96 2.91 174 291 280 306 203 
-2.61 1.18 -9.08 -6.3800 10.9800 -8.0200 -1.3578 -4.8156 -4.5100 5.34 -7.66 -2.97 160 235 207 210 188 
13.05 -3.13 -11.88 9.5700 -0.8800 -4.2500 -2.3811 -2.2722 -2.1656 3.99 -1.90 -8.75 149 247 226 241 196 
10.04 -3.80 -16.44 5.6700 -3.0300 -7.4400 1.2667 -0.1400 0.9344 3.37 -2.12 -8.95 161 272 246 267 199 
4.05 -2.10 -13.67 1.7500 9.2700 -0.7000 4.6578 2.1511 3.1344 2.96 -7.67 -5.33 184 329 282 316 207 
-0.50 2.72 0.63 -2.9500 10.4500 4.5100 0.5756 0.4422 -0.0233 2.47 -9.34 -1.61 184 340 288 319 207 
2.60 -1.52 -0.29 -1.7900 6.5800 -0.8200 -0.5756 2.3144 -2.0100 4.55 -8.56 -1.47 189 307 271 319 208 
8.89 -8.43 1.65 0.9000 -2.6100 0.7600 -1.4267 7.4522 -4.4533 7.96 -4.77 3.14 184 238 272 304 204 
2.32 -3.22 13.93 -0.3600 0.9800 5.5700 2.1511 1.9489 -1.7544 3.00 -1.16 9.26 186 313 276 311 195 
;
