2.02 8.29 5.83 0.4400 0.3300 -0.2900 -0.1900 0.0922 0.0511 1.55 7.56 6.04 187 326 312 336 186 
1.34 7.52 5.77 -0.1700 0.2600 -0.6400 -0.5133 -0.0944 -0.0811 1.50 7.17 6.50 184 314 311 329 189 
2.47 7.57 6.74 0.6000 0.6600 -0.2700 -0.1344 0.1111 -0.1811 1.29 6.91 6.83 185 305 297 321 192 
0.61 6.72 6.21 -0.6000 -0.3600 -0.8100 -0.0622 0.3156 -0.1867 0.82 6.89 6.92 182 298 284 316 192 
1.77 7.70 7.43 0.2600 1.5400 2.4100 -0.6178 -0.1656 0.2456 0.75 6.53 7.27 185 282 236 258 195 
3.12 7.05 9.59 2.4200 1.8000 2.8400 0.2022 0.1978 1.1700 0.95 6.27 7.47 178 205 150 167 152 
7.71 9.73 6.56 1.8800 2.7800 -0.5800 -1.4133 -3.8656 8.4789 8.06 2.85 4.79 190 165 134 125 144 
-0.02 -0.55 2.15 -9.4200 3.2600 -1.0100 -1.6356 -1.3033 2.2322 8.45 -4.42 2.26 186 165 141 127 144 
-0.60 1.25 1.77 -4.2000 6.6200 0.2200 -4.1078 -1.0022 -5.6289 9.68 -0.95 -1.22 190 163 155 163 147 
10.43 -0.18 1.69 -1.2500 -0.2500 1.7300 -0.3544 0.4789 0.4222 9.76 -0.08 -0.89 192 164 166 166 149 
8.83 0.68 -1.57 -0.5700 1.0100 -0.6300 -0.1378 0.3522 -0.1367 9.79 -0.16 -0.37 193 173 161 164 150 
18.06 2.40 0.34 7.5900 1.8000 1.0200 0.5667 3.3167 0.6656 9.55 -0.35 2.17 140 321 159 155 153 
3.37 -2.44 1.33 -6.6000 -1.0100 -2.8400 -0.6822 2.7544 -1.0122 8.58 -1.21 4.58 129 341 163 158 150 
13.23 3.89 1.37 6.6100 2.7400 -3.6500 3.6467 0.4522 0.7056 7.21 2.60 6.10 133 344 164 162 155 
11.44 8.44 13.35 2.4500 7.0500 6.0700 -1.8389 3.2700 3.9367 6.00 -0.97 7.69 145 345 165 166 155 
-4.84 -0.96 5.63 -9.0600 3.2500 -2.9600 -2.4100 0.0300 -0.6933 4.17 -5.08 7.27 139 338 162 167 157 
2.32 2.01 -3.98 -0.8300 7.2200 -9.0600 -0.4278 0.1044 -4.5422 7.39 -2.89 5.75 145 325 165 167 157 
13.69 4.88 3.67 7.0200 4.4100 -0.7300 2.5133 -0.6978 -2.2867 7.88 2.64 5.20 148 323 162 167 155 
19.99 9.11 9.59 11.4800 4.7000 5.4900 0.8256 0.4789 1.7156 8.18 3.41 4.18 146 314 169 171 160 
-4.79 0.60 6.48 -13.3900 1.6300 2.9500 -0.7500 -2.8978 3.6478 9.04 -2.86 2.47 138 301 172 176 159 
11.30 -1.53 0.57 3.1800 0.9400 -0.8500 0.0600 -0.4833 -0.0522 9.05 -2.30 2.98 141 304 170 175 159 
9.15 -1.46 3.08 0.0100 0.8600 -0.0500 -0.0544 0.0111 0.0389 9.05 -2.33 2.95 139 303 173 175 157 
8.44 1.37 5.61 -0.5100 5.0600 4.2800 -0.6856 0.0522 -0.2000 9.08 -2.19 2.96 159 246 224 229 184 
2.72 -1.45 -8.35 -2.3700 2.6000 -5.4100 -4.7222 -8.7567 3.3600 4.77 -3.09 -7.98 153 224 242 247 196 
6.10 -3.97 -16.32 3.1400 -3.2200 -7.4100 0.0378 -0.7700 0.5233 3.73 -1.18 -8.99 164 256 248 264 200 
10.36 -4.08 -15.01 3.5800 -1.4600 -4.4300 4.8478 -0.2444 3.2644 3.33 -5.43 -7.44 181 282 259 289 201 
-3.57 -0.93 0.67 -4.9600 7.9000 1.9800 1.5789 0.1956 0.5889 2.73 -9.15 -2.20 188 328 289 303 200 
1.07 -3.09 -0.99 -1.7500 5.5800 1.1900 -0.2711 -0.0667 -0.3844 3.09 -9.05 -2.16 186 322 283 304 205 
3.32 -5.78 -4.00 -1.3600 2.7000 -2.0700 -0.6100 0.0556 -2.2700 5.35 -7.64 -2.99 187 308 277 290 199 
9.23 -3.36 -4.44 1.0100 2.2100 -1.4000 1.2244 1.9367 -4.7733 9.12 -3.26 -1.50 186 265 263 285 199 
;
