3.00 6.26 6.90 0.0200 -0.0300 0.0200 0.0044 -0.0533 0.0133 2.89 6.27 6.95 178 302 340 387 207 
3.08 6.22 6.90 0.2100 -0.0100 -0.0500 0.0133 0.0778 0.0000 2.89 6.27 6.95 176 300 331 381 210 
7.20 9.53 12.05 4.7800 4.6700 4.9700 -1.3622 0.8811 3.2767 2.75 4.58 8.21 184 254 207 223 179 
8.93 4.37 7.01 -1.5200 2.6300 0.8600 -2.3600 -0.9844 5.6867 7.83 -2.28 5.43 190 166 152 188 147 
-11.00 -2.37 4.27 -16.4600 3.0700 1.8600 -0.5744 -0.7922 -4.1867 9.04 -2.76 2.58 197 170 164 192 148 
3.74 -3.84 4.12 -3.3400 -0.2200 1.4900 -0.1589 0.5733 -0.4000 9.08 -2.25 2.90 198 165 166 196 147 
7.75 -2.13 2.54 -1.0300 0.0600 -0.4500 -0.1200 -0.1378 -0.2144 9.07 -2.12 3.03 192 174 170 193 152 
8.19 -1.23 3.54 -0.6200 1.7300 1.0600 -0.9356 0.5922 -0.0844 8.97 -2.33 3.18 196 215 172 203 158 
6.23 -2.13 6.25 -4.7200 0.2800 1.5400 -2.5133 6.0011 -2.5189 3.97 -3.21 8.36 197 411 187 208 162 
6.16 -6.68 5.48 2.8000 -1.7400 -2.4500 -2.8411 1.9200 -0.8644 2.27 -6.88 6.60 193 413 188 211 165 
3.68 -5.36 3.64 2.0000 2.1100 -2.8300 -0.1678 0.2867 0.1500 1.59 -7.61 5.96 197 412 188 216 165 
5.45 -4.77 3.71 3.7400 2.1800 -2.4900 1.9211 -0.8422 0.8289 1.60 -6.37 7.27 196 412 191 214 163 
3.27 -9.59 13.51 0.7500 -4.6100 7.0600 -0.0467 -1.1344 2.0422 1.64 -5.57 7.90 195 409 190 217 164 
-0.92 -6.33 13.36 -4.8500 2.3100 5.3400 -3.1422 -0.3744 0.6856 1.35 -8.29 5.04 193 410 191 217 166 
-3.46 -2.41 4.68 -4.2900 7.0800 1.1000 -1.4556 1.7300 -1.0989 1.56 -9.34 2.51 196 410 192 217 166 
3.25 -0.91 1.90 1.3400 7.8200 -1.1300 1.1778 2.3611 -2.0233 2.90 -8.60 3.70 199 407 197 216 167 
13.43 -4.15 5.32 9.2800 1.7600 -0.9000 3.3411 -0.3622 -0.4189 3.89 -5.88 6.80 198 412 193 217 164 
3.65 -7.33 16.11 -3.0800 -3.7700 7.1200 0.8178 -1.6978 2.8767 3.83 -4.55 7.79 200 400 195 215 165 
-0.60 -3.10 7.98 -2.8300 2.2700 0.3800 -0.1856 0.0933 0.3711 3.45 -5.49 7.35 197 401 195 216 165 
3.84 -3.77 7.56 0.5200 0.8400 -0.1800 0.3667 0.1200 -0.1544 3.48 -5.00 7.67 198 407 202 225 170 
;
