-1.02 7.24 6.34 0.2200 -0.0300 0.1200 0.3122 0.1211 0.2567 -1.04 7.56 6.15 176 320 308 349 207 
-1.15 7.81 6.18 0.1400 0.0300 0.4000 0.2778 0.3478 0.0644 -1.14 7.98 5.57 180 335 304 355 208 
0.91 8.30 6.68 2.1200 0.6100 1.6600 0.6544 1.3444 -0.1978 -1.95 8.19 5.02 175 324 306 332 207 
-2.30 14.22 9.37 -0.7300 5.2800 2.9100 -2.1911 -0.2244 2.1700 -0.42 7.60 6.17 178 212 177 172 167 
4.05 4.74 3.39 -1.0900 -0.4100 -4.7400 -4.0000 -3.1233 6.3678 6.90 0.60 6.93 176 167 137 141 138 
0.12 -2.04 4.42 -9.5500 2.3000 2.0700 -1.5967 -2.1622 0.4144 8.37 -4.47 2.46 184 159 138 148 139 
25.88 3.83 -14.14 21.2100 3.9200 -18.3100 0.2767 -0.2111 -0.4000 9.67 -1.12 -1.13 182 167 145 154 140 
8.90 -0.29 -0.44 -0.6500 1.1800 -0.1300 0.1678 0.8011 -0.2089 9.71 -1.34 -0.17 188 171 147 162 150 
18.71 6.50 4.64 10.2400 8.2800 2.5400 -5.7656 8.1633 0.5611 7.85 -2.65 5.23 162 229 211 219 192 
7.54 -3.27 -2.41 1.8700 2.6700 -10.0700 -7.4422 5.5644 1.5767 0.89 -9.75 0.47 166 260 261 269 204 
2.59 -7.14 -7.44 -0.8500 1.5200 -6.4500 0.2078 0.4722 -0.2189 1.43 -9.55 -1.67 178 270 253 270 203 
3.98 -3.84 6.89 6.0600 4.9100 16.6100 3.6356 1.3600 -0.7133 3.67 -8.41 3.42 174 277 263 277 200 
0.76 -7.22 -1.56 -3.2200 1.4800 -2.6700 -2.4767 -2.4089 1.7022 1.93 -9.50 -1.45 177 277 254 275 203 
-4.42 -8.08 -11.33 -4.6900 1.7100 -7.9100 3.1244 3.3733 -1.3378 3.28 -9.12 1.46 180 276 264 283 199 
8.90 -4.33 9.67 2.6700 3.0900 0.6300 -2.4467 -2.3289 1.0444 3.32 -9.15 1.11 180 278 261 282 201 
3.15 -9.99 1.46 1.5700 -0.1100 1.7100 0.5811 0.3222 -0.0956 3.37 -9.06 1.62 179 276 261 287 199 
4.57 -7.53 -2.93 1.7700 2.5400 -5.5800 3.8633 -3.9222 -0.2189 4.49 -8.15 3.08 146 285 263 281 204 
11.10 -2.25 -1.56 4.5900 1.9500 -4.4900 4.3567 -3.8744 0.4922 6.86 -5.71 4.05 88 188 188 199 165 
16.42 2.28 5.40 9.3500 6.6600 3.1100 4.8211 -2.7700 0.7811 8.70 -3.46 2.90 88 174 169 140 128 
9.55 0.14 10.33 2.2000 3.4000 6.1400 -3.1556 1.1478 -0.9544 8.40 -3.91 3.18 92 177 172 142 135 
10.20 -0.90 -5.18 1.9600 2.6900 -10.0400 -0.5122 0.7233 0.4567 7.97 -4.76 3.14 88 175 169 146 133 
-6.38 -6.56 8.54 -12.4500 0.5100 26.0700 -0.3233 -4.2900 -1.6289 8.00 -4.64 3.23 95 179 173 151 140 
4.70 -3.91 1.05 -5.1400 0.7800 -3.8600 -1.1056 2.1856 -3.3211 8.44 -2.87 4.07 125 216 203 225 175 
13.35 3.25 5.10 5.0200 2.6800 0.3600 3.5189 4.1078 -2.0133 5.99 2.37 7.38 160 265 255 281 186 
3.14 5.00 11.65 -0.8500 0.3700 3.8700 0.5111 -0.0411 0.2611 4.69 4.65 7.24 168 271 260 290 195 
;
