2.18 -4.11 8.86 0.1000 -0.0900 0.2500 -0.2356 -0.0944 -0.0067 1.88 -4.10 8.70 152 281 284 290 198 
2.01 -4.11 8.71 0.0800 -0.0400 -0.0300 0.0356 -0.0033 -0.0078 1.89 -4.05 8.72 155 283 284 294 196 
1.97 -4.08 8.71 0.0800 -0.0300 -0.0500 0.0011 0.0022 -0.0011 1.89 -4.04 8.72 156 284 285 295 197 
2.03 -4.10 8.73 0.0600 -0.0500 -0.0100 0.0011 0.0011 -0.0011 1.89 -4.04 8.73 150 281 280 292 199 
2.04 -4.16 8.80 0.0800 -0.1300 0.1200 0.1900 -0.0100 0.0322 1.88 -3.95 8.77 153 283 288 291 194 
4.35 -1.45 12.84 5.7700 3.4100 6.4700 1.1678 2.1889 2.5122 0.42 -1.62 9.66 178 232 175 183 184 
1.36 2.72 9.20 1.1400 1.6900 -0.1900 2.4756 -5.1089 6.8222 2.53 1.45 9.36 184 184 147 127 157 
0.14 2.28 7.84 -8.1900 0.7000 -2.1000 -1.5233 -4.9844 3.2633 7.86 -2.86 5.11 190 175 156 159 155 
-0.47 1.07 1.44 -7.5000 4.4500 -1.1300 -3.1767 -2.3322 -4.1389 9.75 -0.97 0.23 188 171 156 162 160 
10.17 -1.61 2.09 -1.1700 -0.5600 1.5700 -0.1933 0.6411 0.3344 9.72 -1.11 0.58 185 186 169 172 155 
12.74 -1.11 1.22 4.3600 -0.4700 -0.3300 1.3433 0.5933 0.1056 9.67 -1.20 1.05 136 310 166 177 166 
13.29 -2.54 -0.65 3.6800 -0.5800 -3.7800 4.5944 1.5567 2.0656 8.69 -2.37 3.86 98 360 167 178 163 
3.06 2.54 2.76 -5.7900 2.7000 -3.2400 2.5800 1.5478 0.3756 7.15 0.15 6.70 108 368 164 182 170 
2.19 1.33 5.90 -1.0600 0.0700 -2.0300 -0.5656 -0.4044 -0.6733 6.23 0.68 7.53 104 369 169 185 171 
6.04 1.28 6.85 0.4200 1.1200 -1.2800 -1.9356 0.2756 -0.9978 5.56 -0.31 8.07 105 373 167 188 167 
5.57 -2.38 10.10 0.1400 -1.8400 2.3600 -0.6733 0.5567 -0.3844 5.18 -1.08 8.25 106 377 169 191 176 
5.48 -0.63 7.76 0.5700 0.7100 -0.5900 -0.0844 0.0011 0.2078 5.00 -1.41 8.31 102 380 177 196 172 
4.95 -1.12 8.38 0.1700 0.5600 0.0600 -0.0744 -0.0233 0.0156 4.88 -1.53 8.36 108 381 173 193 171 
4.87 -0.73 8.26 0.4400 1.2600 0.0400 -0.7156 0.8878 -0.4100 4.40 -1.86 8.56 125 363 178 195 174 
0.69 -2.75 4.77 -2.4200 1.8200 -3.8000 -3.7422 -0.6778 -0.1422 2.89 -6.54 6.71 146 199 201 207 188 
6.35 -11.68 0.15 3.1700 -4.6800 -4.6100 -3.0111 2.4456 2.1689 0.65 -9.50 2.32 143 211 215 218 189 
-2.70 -10.23 3.11 -2.9100 0.5800 2.8600 -1.0156 -1.8667 0.2189 -0.91 -9.75 0.51 126 188 196 197 182 
-3.97 -8.10 -5.00 -2.2000 2.1000 -4.0000 -0.7989 -7.2433 -3.5956 2.15 -9.41 -1.68 120 191 194 194 182 
13.30 -4.67 -9.46 10.0200 2.0900 -3.9000 0.0967 -1.7444 -1.9011 3.28 -7.58 -5.27 121 196 199 203 176 
9.71 -3.87 -1.58 4.9800 4.4600 2.3900 0.2000 6.0244 -0.1522 5.62 -7.73 -2.18 143 216 220 221 186 
4.64 -5.32 0.43 -3.8900 -0.7800 -1.1600 -1.7389 7.9078 -3.9533 6.57 -5.60 4.63 167 260 233 259 195 
;
