1.23 7.47 6.26 0.2300 0.1100 -0.0500 -0.0433 -0.0344 0.1511 1.15 7.40 6.32 192 309 316 345 217 
4.48 9.44 9.04 2.1200 2.4900 2.5500 -0.5844 -1.5111 2.1233 3.67 6.46 6.39 192 242 219 220 182 
11.68 4.25 5.86 3.5100 0.9500 1.9000 -1.4367 -2.3089 4.1778 9.19 1.46 3.08 195 188 196 195 167 
6.11 0.45 2.02 -4.1300 2.3000 0.4900 -0.0022 -0.2278 2.0222 9.27 -2.90 1.28 197 178 191 190 165 
5.45 -1.93 0.43 -3.1800 1.6500 -0.8700 -0.0867 0.5511 -0.2800 9.08 -3.30 1.65 196 179 192 190 166 
6.60 -0.21 1.96 -2.8200 1.9600 -0.7600 0.5022 2.4989 -2.4367 8.86 -1.04 4.07 196 222 222 223 195 
5.09 2.36 7.08 -0.2300 -0.0400 0.5100 1.7867 4.1289 -3.7789 4.13 4.32 7.77 194 297 314 351 214 
-0.20 11.35 12.45 -0.8900 3.5400 8.1800 -0.1678 -0.5256 -1.5511 -0.04 7.81 5.92 192 350 339 387 215 
;
2.70 7.28 4.13 1.7100 -0.3100 -1.9800 -0.2822 -0.5622 0.1600 1.41 7.43 6.23 192 345 337 383 216 
2.33 7.79 6.80 0.6800 -0.1400 0.3900 0.1667 0.4256 -0.0011 1.10 7.68 5.98 192 341 333 375 220 
2.86 8.93 7.03 1.3900 1.8700 1.1300 0.4522 -2.8056 3.6422 3.69 7.20 5.52 191 281 267 247 199 
9.94 7.08 4.54 0.7400 1.2800 1.8400 -1.1789 -1.6700 4.1211 9.03 2.74 2.63 194 204 206 204 173 
7.47 1.06 2.69 -1.9300 1.6400 0.3400 -0.3311 -0.4956 2.6300 9.43 -2.04 1.70 196 200 203 200 169 
5.64 -2.15 1.04 -3.2600 0.9200 -0.9600 -0.1711 0.0667 0.3322 8.98 -3.34 2.05 197 201 205 201 170 
7.05 -2.10 1.49 -2.0900 1.1300 -0.7900 0.1644 0.7756 -0.9800 9.06 -2.64 2.65 196 209 210 204 173 
5.97 1.30 3.76 -2.4300 1.4900 -0.7000 1.2167 3.0489 -3.6311 7.79 1.51 5.74 194 262 255 265 206 
3.83 6.14 10.94 -1.2900 0.9700 2.8200 0.8967 3.9367 -3.4700 1.33 5.81 7.78 193 336 332 387 215 
;
4.13 9.51 5.57 6.0600 1.8400 -0.7700 -0.6978 -0.9700 -0.2489 -0.21 7.86 5.85 192 348 342 401 215 
1.81 8.63 5.08 1.6600 0.6400 -0.6900 0.0633 0.2344 0.3156 0.31 7.96 5.71 193 336 336 380 220 
3.01 8.90 7.97 1.8600 0.9500 2.1300 -0.5467 -5.2144 4.6178 5.77 6.26 4.85 195 224 201 214 190 
9.41 4.49 3.55 -1.1200 1.1600 -0.5000 -0.5422 -0.6989 3.5889 9.44 0.46 2.59 195 194 194 202 178 
5.94 -0.40 1.69 -3.6000 1.1500 -0.7800 -0.1567 -0.2344 1.3667 9.25 -2.49 2.06 196 194 196 201 177 
6.32 -2.33 1.10 -2.6100 0.7300 -0.8400 0.2556 0.3333 -0.3956 9.13 -2.64 2.38 196 196 197 201 177 
6.39 -0.45 2.58 -2.5500 1.1900 -0.8200 0.8711 2.3700 -2.4444 8.57 -0.12 4.76 196 238 231 239 202 
5.29 2.37 6.52 -1.0400 -0.1200 0.1100 1.8811 3.4967 -3.5589 3.86 4.84 7.60 193 294 306 348 214 
0.02 7.78 9.22 -0.6600 1.5100 3.6100 4.1867 -0.4667 -2.3044 -0.38 7.82 5.90 192 343 338 397 211 
;
2.13 7.87 5.88 2.8800 0.1100 -0.8700 -0.1278 -0.9289 0.1200 -0.26 7.50 6.31 193 340 337 388 216 
1.96 9.11 7.66 2.2200 1.8300 2.3600 -0.1489 -1.2122 2.0000 0.84 7.58 6.16 194 275 282 295 217 
8.74 8.14 7.08 3.7700 1.3700 1.6400 -1.2522 -4.3322 4.5344 8.10 3.97 3.84 195 200 204 217 190 
8.07 2.07 3.26 -1.8800 1.4500 0.8100 -0.7744 -0.7067 2.9122 9.45 -1.42 2.19 197 183 193 204 178 
4.75 -2.25 1.38 -4.5800 0.3900 -0.9600 0.0289 0.4522 0.0256 9.07 -2.80 2.42 197 186 196 207 180 
7.32 -1.57 2.31 -1.6300 0.8100 -0.3900 0.2911 0.9133 -1.0733 9.09 -1.80 3.19 197 202 195 219 190 
7.06 0.09 4.38 -1.3400 -0.2100 -0.2000 0.6333 3.7944 -3.1978 7.05 1.87 6.54 197 241 268 296 214 
4.44 4.78 7.87 -0.4900 0.8300 0.6600 1.7778 3.3167 -2.3867 1.75 5.63 7.83 196 305 324 384 215 
;
