2.56 -0.91 9.39 0.0600 0.0300 -0.0100 -0.0256 -0.0233 0.0022 2.56 -0.95 9.41 166 324 298 317 190 
2.65 -0.83 9.62 0.0300 0.1800 0.0100 -0.0056 0.0056 0.0056 2.56 -0.97 9.41 165 335 294 321 189 
2.63 -0.93 9.35 0.0500 0.0700 0.0900 0.0244 -0.0100 -0.0167 2.56 -0.95 9.41 165 334 290 325 190 
5.18 2.80 11.80 4.1200 3.2000 2.6600 2.8133 1.9978 -0.1167 1.24 1.39 9.62 171 345 287 284 197 
3.15 2.94 10.50 3.2100 0.5100 1.5600 0.7133 -2.6067 9.7156 2.66 3.68 8.68 181 212 174 156 163 
0.96 4.62 6.48 -8.7400 3.2500 -0.4300 -1.5089 -1.6133 3.5722 7.35 -3.21 5.63 189 158 140 144 150 
-5.42 -0.43 2.58 -11.5000 4.7700 0.0900 -1.9333 -3.0444 -4.7456 9.63 -1.44 1.11 189 163 146 151 151 
11.77 -0.01 3.99 -2.1500 -1.1800 2.9800 -0.1933 0.7422 0.4956 9.74 0.07 1.05 191 169 145 155 155 
8.77 1.55 1.49 -0.9400 1.0400 -0.0800 -0.2322 -0.3367 -0.0511 9.73 0.20 1.13 193 166 150 158 156 
12.25 2.15 2.05 2.7700 2.8400 1.7300 -2.4489 1.0700 0.9422 9.63 -0.64 1.70 188 198 174 181 176 
12.29 1.33 8.04 4.7700 3.7900 -0.2000 -7.2944 7.3189 2.4689 3.06 -7.69 5.24 144 247 243 270 197 
5.24 -1.10 -5.58 2.5700 6.8200 -6.4300 -5.2200 2.2044 0.2367 0.45 -9.31 -3.02 157 258 255 271 198 
-3.61 -7.49 -17.85 -4.0200 1.4300 -13.2900 4.9844 0.6089 -0.3900 0.87 -9.63 -1.63 158 258 257 274 196 
11.16 -0.51 30.09 5.6400 4.1500 16.8700 -3.0911 -1.4667 0.7056 1.24 -9.63 1.32 159 264 260 273 201 
-3.92 -7.72 -8.53 -6.0600 1.7900 -8.4600 -2.6289 -0.6911 0.8756 -0.32 -9.08 -3.68 156 264 263 273 196 
1.07 -5.64 -3.04 -0.3500 4.6300 -0.5600 5.1356 2.5900 -1.7056 2.64 -9.18 2.19 165 267 264 271 195 
5.35 -4.83 8.05 1.1700 4.7900 4.0200 -3.7800 -2.2700 1.5367 1.81 -9.62 -0.37 163 267 265 278 196 
-4.34 -11.10 -9.24 -2.5000 0.4200 -2.5300 2.1589 0.3389 -0.8622 1.13 -9.70 -0.85 164 263 270 282 197 
0.37 -10.26 -0.85 -1.2500 -0.4600 -0.6600 1.4000 -2.7200 -0.6611 1.96 -9.60 0.30 172 258 262 269 197 
6.18 -13.33 3.97 2.7100 -3.9700 3.0900 1.5922 -5.0267 0.3556 3.03 -9.23 1.25 179 290 276 293 198 
3.83 -5.96 -3.38 1.0300 4.4100 -5.0100 -0.6467 0.2811 0.6367 2.51 -9.47 0.38 175 301 284 306 199 
0.19 -2.84 -12.13 -3.7300 6.5000 -13.5500 6.0567 1.6444 -1.0733 2.92 -7.82 5.13 173 295 289 305 200 
4.07 2.31 39.79 -0.7400 5.6700 24.4500 -4.2289 -0.6956 1.3344 3.30 -6.07 6.95 173 302 292 312 204 
2.39 -4.18 -4.56 -1.4700 3.8100 -11.8900 -3.0211 -0.0456 0.9900 1.37 -9.63 1.19 173 312 298 323 202 
-0.62 -2.30 -5.30 -0.3800 8.5600 -4.8700 6.1878 -1.2556 -2.2311 3.13 -7.23 5.83 177 298 295 312 207 
0.99 -2.01 24.19 -3.0500 1.9900 11.5100 -4.1378 -1.7578 0.3411 4.23 -6.55 5.94 179 308 303 317 203 
-0.27 -5.04 -3.66 -3.7300 2.8300 -6.7700 -1.9367 1.5244 -2.1567 5.44 -7.78 2.43 176 294 295 307 196 
7.83 -2.27 5.91 1.4400 1.8500 1.8300 1.1300 4.7033 -4.6189 6.30 -3.18 6.80 175 294 293 294 200 
;
