2.96 -2.37 9.05 0.0700 -0.0500 -0.0400 -0.0022 -0.0033 0.0000 2.89 -2.33 9.07 166 284 293 296 204 
2.97 -2.40 9.03 -0.0100 -0.0500 -0.1900 -0.0100 -0.0022 0.0067 2.89 -2.34 9.07 165 283 296 295 200 
2.96 -2.42 9.02 0.0700 -0.0600 -0.0400 0.0011 -0.0011 -0.0022 2.89 -2.34 9.07 164 283 296 295 200 
3.02 -2.34 9.07 0.2100 0.0600 0.0500 0.0444 -0.0111 0.0144 2.91 -2.33 9.07 167 271 290 287 201 
8.58 -2.53 12.47 5.5300 1.2400 1.1700 0.5478 -1.5478 2.4456 4.56 -3.38 7.99 168 207 161 160 161 
9.25 -1.32 6.74 1.2300 1.9800 1.5500 3.1344 -2.0522 4.9778 5.70 -2.45 7.59 178 172 132 158 157 
4.59 -1.40 10.15 -2.5900 2.3900 4.1400 0.6589 -4.2011 3.3056 7.39 -4.45 4.65 180 168 156 154 161 
-5.12 -2.92 5.69 -11.4400 3.0600 2.1200 -1.9689 -2.8111 -3.5556 9.07 -3.70 0.17 184 165 151 161 166 
12.82 -2.25 -1.02 1.8300 -0.2900 0.4100 0.6411 0.2456 -0.0689 9.55 -2.17 -0.16 183 167 160 159 166 
9.28 -1.07 0.53 0.1000 1.1400 0.4700 -0.0711 0.0600 0.0500 9.55 -2.21 -0.02 185 176 162 166 164 
16.14 0.11 3.67 9.2800 2.9300 2.5200 -3.6789 1.7756 2.9989 8.46 -4.94 0.01 178 220 197 199 185 
4.42 -1.49 -2.51 -2.7000 4.6300 -4.2700 -3.9289 2.0089 4.9678 3.19 -9.09 -1.79 153 300 277 281 199 
-2.25 -3.30 -8.85 -4.0800 4.2500 -5.3700 -0.8100 0.3678 0.6367 0.82 -8.56 -4.70 164 318 289 304 202 
1.56 -0.93 -8.52 0.2000 8.3300 -6.3000 5.4533 1.0067 -0.8889 2.01 -9.59 0.22 169 321 293 309 200 
11.55 14.23 18.58 5.1500 14.8800 14.4700 8.3256 -0.9589 -0.4867 4.33 0.13 8.79 171 307 284 309 201 
3.56 1.82 13.04 2.0800 0.6000 0.5600 -1.7667 -0.7478 -0.6911 3.97 -0.21 8.96 174 308 291 308 201 
3.45 -0.62 7.87 -0.4800 -0.1900 -0.6800 -0.2989 -0.1789 -0.0556 3.95 -0.72 8.94 177 302 284 287 197 
9.41 -1.30 14.49 4.6200 0.8700 6.5600 -4.1133 -2.0989 1.1256 6.08 -4.00 6.56 143 202 194 180 172 
8.33 -2.48 0.14 3.0100 5.4100 -3.3800 -2.6767 -0.4456 4.7544 2.95 -9.22 1.50 126 196 192 185 166 
-5.56 -6.68 -1.78 -3.6200 1.7400 0.0200 0.4656 -0.1144 0.3889 -0.28 -9.77 0.69 136 212 196 194 171 
-1.95 -9.22 -1.47 -3.0300 0.5600 -2.7200 -1.2767 -5.5478 -2.4144 2.06 -9.52 -1.12 131 205 200 196 167 
4.94 -7.41 -5.44 3.3800 1.2800 -1.6900 0.6233 -4.1600 -2.4011 3.83 -8.37 -3.36 131 205 200 198 167 
7.06 -6.66 -1.87 2.7300 1.2200 2.2300 -0.0789 0.4600 -0.2733 4.33 -8.03 -3.57 140 205 205 203 173 
6.64 -5.26 0.20 1.5800 2.6000 2.9100 -2.0622 2.9989 -0.3567 5.83 -7.28 -3.01 158 226 246 244 189 
8.30 -4.44 -3.29 0.4000 2.0000 -3.3200 -3.8178 9.3478 -1.9044 7.79 -5.40 2.48 165 256 273 266 193 
;
