1.54 1.11 9.86 -0.0500 -0.2700 -0.3000 -0.0311 0.0044 0.0000 1.22 0.99 9.67 175 310 293 301 199 
1.27 0.90 9.58 0.1100 -0.0900 -0.0700 -0.0789 0.0800 -0.0267 1.18 0.96 9.68 175 305 292 300 200 
0.69 1.05 9.54 0.1600 0.3700 -0.2100 0.0289 0.4467 0.1411 0.71 0.61 9.76 172 254 224 241 198 
0.66 3.18 12.31 0.7600 2.1400 2.8800 -1.6011 -0.7222 2.5656 -1.53 -2.82 9.26 170 203 142 162 165 
-1.58 3.26 12.54 -2.1100 2.7900 2.9400 2.5511 -3.8356 7.3056 2.18 0.95 9.51 177 171 134 143 165 
-4.28 1.05 8.29 -12.4800 0.5300 1.0900 -0.0667 -6.1933 3.8289 7.99 -1.45 5.49 186 157 137 158 160 
22.19 11.84 -13.07 26.6900 10.2100 -18.5300 0.1789 -0.9711 -0.6978 9.74 0.94 -0.57 185 161 153 161 169 
8.14 2.18 2.74 -0.2900 2.3800 2.2700 -1.0467 1.8389 0.0056 9.75 0.23 0.98 188 170 148 173 172 
12.55 2.25 8.89 4.1100 1.1400 6.9400 -3.9700 -0.0578 2.7600 8.37 -3.85 3.33 146 260 232 262 198 
4.84 -1.12 -3.25 -2.6700 6.2000 -5.0300 -3.9600 2.0289 4.9789 2.58 -9.40 -1.01 150 302 268 317 201 
-1.86 -2.97 -13.18 -4.0500 6.8200 -10.6200 2.6600 1.4011 -0.6478 1.27 -9.64 -1.24 158 299 276 325 201 
7.84 1.56 8.23 13.3900 7.6900 15.6900 6.5856 -0.1811 -2.5289 4.95 -4.99 6.82 175 301 279 316 203 
9.02 -3.19 6.03 1.9200 5.4400 -0.7900 -6.3733 1.7333 2.3811 2.76 -9.28 1.51 171 315 283 327 201 
1.13 -6.18 -14.74 0.1500 3.4600 -12.0400 1.6678 0.3033 -0.7522 2.11 -9.46 -1.44 173 315 282 329 202 
8.67 -3.86 5.90 6.2300 4.5600 6.2100 5.8133 -0.1778 -1.6244 4.78 -6.77 5.23 174 300 279 311 203 
3.60 -4.29 12.31 -1.5900 3.2000 3.2200 -3.9133 -1.0322 3.0778 3.11 -8.54 3.65 176 300 277 319 203 
0.14 -7.57 -5.99 0.1700 1.6000 -5.6800 -0.7956 0.3700 -0.7967 2.21 -9.55 0.11 172 282 260 286 203 
2.51 -8.14 -2.97 0.4300 1.4900 -4.1600 -0.6222 0.7344 -0.4678 2.88 -9.37 -0.05 137 198 172 188 173 
7.33 -10.30 1.97 3.2800 0.5000 3.0500 0.0456 -2.7356 1.4278 2.15 -9.55 0.47 137 211 188 206 183 
-2.95 -10.51 2.36 -4.8000 -1.4200 1.5300 -0.2133 -1.8811 -0.7400 1.26 -9.67 -1.00 137 220 173 212 180 
1.63 -8.85 -3.62 -1.3500 0.5600 -2.4000 0.3756 -5.7789 -3.2511 3.77 -8.74 -2.34 129 203 185 212 176 
9.55 -5.05 -5.02 4.2900 2.5800 -1.0000 1.9133 -2.5322 -1.9644 5.01 -7.58 -3.67 152 204 186 214 177 
10.12 -2.39 1.10 5.1300 5.3200 4.6800 -2.6956 6.2011 0.9100 6.04 -7.36 -2.32 164 242 223 254 194 
7.78 -2.48 -2.06 0.2200 1.0300 -2.3000 -4.5344 4.7400 -4.4022 9.09 -3.65 0.28 170 267 230 280 202 
;
