1.83 -0.11 9.67 0.2600 -0.0900 0.2700 0.0933 0.2244 -0.1611 1.34 -0.13 9.71 163 350 323 321 194 
0.28 0.90 9.69 -0.5300 -0.2100 -0.2500 0.9789 1.1233 0.5656 -0.30 1.44 9.69 162 365 320 337 193 
-0.49 1.54 10.62 1.7700 0.7400 1.3900 1.8089 1.8689 0.9733 -2.21 3.17 9.00 183 372 297 331 207 
0.57 8.03 7.62 4.9600 3.2200 -0.3900 -0.7900 4.9067 2.1056 -6.38 4.48 5.93 183 275 252 215 194 
-6.06 3.96 5.28 0.1500 -0.2800 -1.2600 -0.5367 -7.5222 6.4989 -0.10 5.43 8.16 189 165 153 156 142 
4.47 5.07 7.34 -2.7500 3.4200 2.0600 -0.2267 -4.6567 6.2267 9.14 -0.89 3.42 191 164 147 155 139 
2.02 0.35 3.64 -5.7700 3.4400 1.7300 -2.8456 -1.1556 -3.1489 9.67 -1.53 -0.40 189 163 157 157 147 
7.66 -1.32 2.40 -1.5300 0.0600 1.5800 -0.0656 0.1933 -0.1578 9.74 -1.04 -0.26 190 165 160 165 150 
8.91 0.01 -0.27 -0.3100 1.4500 0.6300 -0.3211 -0.4478 0.4689 9.67 -1.42 -0.72 189 180 164 173 153 
6.56 1.54 -0.66 -4.8200 4.0000 1.2900 -2.1111 -3.0778 6.0489 6.82 -5.54 -4.34 179 260 216 241 194 
1.27 -6.59 -11.65 -0.4300 -2.0400 -5.4000 -1.3600 -0.0989 0.3322 3.63 -4.29 -8.03 161 254 221 251 204 
6.06 -6.11 -11.25 2.9500 -3.6400 -4.1800 0.3033 0.1122 0.2689 3.53 -4.32 -8.06 171 259 229 263 205 
5.28 -7.33 -12.25 1.1100 2.2200 -3.5300 6.3411 1.9278 1.3356 3.32 -8.61 -3.30 189 320 284 299 206 
-0.07 -0.17 -1.42 -2.8500 8.8500 -0.4000 0.2989 -0.0433 0.0222 3.19 -9.22 -0.94 191 361 286 301 209 
4.51 -7.47 -0.83 1.5000 1.4200 -0.8800 -0.3544 0.1367 -0.1911 3.64 -9.01 -1.22 186 294 211 196 184 
6.82 -7.02 -4.43 1.6500 3.3700 -4.5800 4.0700 1.0022 0.9622 2.37 -9.37 1.65 121 254 145 154 131 
0.47 -9.84 8.56 -1.5800 -0.4900 5.2500 1.7133 1.2144 0.7678 0.44 -7.98 5.67 120 286 164 160 140 
-0.91 -8.51 6.56 0.1800 -2.0000 -0.7000 0.7167 -0.6756 -0.2767 0.62 -7.29 6.52 115 293 157 162 138 
2.41 -7.84 -0.71 0.9700 -0.2900 -8.2800 4.6978 0.5378 0.2256 0.36 -3.61 9.10 127 309 171 162 139 
-4.54 9.57 13.76 -2.9200 9.9000 1.2300 -4.0378 -0.6100 -0.7467 0.22 -3.89 8.99 132 295 177 167 142 
5.31 -13.88 -3.98 3.4000 -8.5300 -11.8700 -2.2878 -0.5500 0.3489 1.71 -8.24 5.02 123 277 174 168 142 
-0.33 -3.68 6.09 -2.6000 4.5100 1.0900 -1.1056 -0.9033 -1.0789 2.70 -8.24 4.56 104 267 169 175 154 
;
