1.40 6.55 7.09 -0.1700 0.0400 -0.0400 0.0022 -0.0011 0.0011 1.57 6.54 7.12 173 324 365 402 210 
1.39 6.57 7.13 -0.1400 0.0500 0.0000 -0.0100 -0.0322 0.0022 1.57 6.54 7.12 172 329 366 404 210 
1.50 6.56 7.06 -0.1000 0.0200 -0.0600 -0.0100 -0.0078 0.0033 1.57 6.55 7.12 174 324 368 402 213 
1.50 6.77 7.09 0.0100 0.2900 -0.1300 -0.1467 -0.2156 0.0222 1.71 6.48 7.15 171 311 363 401 213 
4.68 7.27 8.48 3.2100 1.8800 0.5500 -0.7011 0.4122 3.5733 2.71 5.23 7.83 174 286 235 257 213 
11.73 8.52 10.18 3.0200 3.6700 3.6100 -0.4700 -2.0767 5.2033 8.36 1.71 4.82 185 173 151 190 152 
-2.46 -0.36 1.09 -11.6800 1.3600 -4.0800 -1.4267 -0.4611 2.1667 7.88 -4.35 3.86 196 166 159 187 151 
17.52 6.45 0.46 25.5100 8.1700 -6.3900 -0.3656 -0.7667 -1.2333 9.55 -1.42 1.67 194 174 172 201 151 
7.73 -1.14 1.87 -1.6000 0.8300 0.0000 -0.0556 0.0467 -0.2700 9.50 -1.67 1.72 191 175 171 200 156 
10.03 -1.06 1.73 0.3900 0.4500 -0.1600 -0.2056 -0.0544 -0.0122 9.52 -1.53 1.74 192 177 172 202 157 
8.21 -0.36 1.99 -1.4300 1.0100 0.1300 0.4056 -0.1900 -0.5733 9.61 -1.26 1.45 196 177 173 202 158 
15.32 -0.68 3.29 6.1300 -0.8500 1.5700 0.7567 0.4844 0.4222 9.65 -0.87 1.47 151 208 173 206 159 
13.73 -2.57 0.73 3.6100 -1.4200 -1.7400 3.2311 0.9744 1.2789 9.18 -1.88 2.87 128 388 166 209 162 
6.78 -1.66 2.10 -2.1800 0.1500 -2.8300 2.9922 1.7511 0.1844 7.91 -0.45 5.77 125 419 172 229 167 
3.67 2.47 3.06 -3.1700 2.1100 -3.5700 1.4044 1.1411 0.2711 6.40 1.12 7.33 127 417 177 241 175 
4.81 3.97 7.08 -1.2400 2.3100 0.5500 -0.9356 0.9478 -0.6367 5.39 1.23 8.09 131 416 181 240 175 
5.93 2.33 6.18 0.4600 1.5100 -1.4900 -1.7178 0.9078 -1.1556 4.62 0.22 8.64 140 421 188 252 188 
4.59 -3.00 10.79 -0.2300 -2.2800 2.4100 -0.6744 0.1811 -0.4244 4.55 -0.87 8.64 145 423 189 252 186 
4.60 -0.60 7.90 0.0700 0.5800 -0.8500 -0.3856 -0.2800 0.2522 4.68 -1.47 8.48 147 425 193 251 186 
1.16 -0.78 5.45 -4.0000 1.3100 -2.9800 -1.6544 -0.0767 -0.8822 4.91 -2.62 8.06 151 272 186 248 184 
;
2.31 -1.95 2.85 -2.0100 1.9100 -4.7700 -1.8767 -0.9222 -3.6667 6.59 -2.44 6.83 153 225 199 243 181 
11.71 4.52 9.57 4.5500 4.7500 4.1800 2.0000 0.2067 -3.1222 6.85 2.16 6.67 155 231 197 235 176 
11.32 3.29 15.04 1.1100 -0.9900 3.7100 -0.1111 -1.2056 0.3522 6.93 2.96 6.26 155 237 197 233 172 
15.59 3.96 7.78 8.7900 2.1600 2.4100 2.4056 -2.3611 4.8267 8.53 1.11 4.70 186 193 180 214 159 
-1.42 1.94 1.68 -16.8500 2.8800 -2.3500 2.3222 -4.2478 3.1000 8.35 -4.24 2.88 195 173 170 201 152 
39.39 3.68 -19.31 17.8700 0.3800 -6.4500 0.6989 0.6789 0.8511 9.62 -1.78 0.58 192 178 180 206 155 
10.92 -0.99 0.46 1.3400 1.0400 0.2800 -0.1411 0.3211 -0.1344 9.62 -1.77 0.64 198 180 182 207 155 
10.09 -0.81 0.23 0.9600 0.8300 0.0600 0.1711 0.1433 -0.1711 9.63 -1.60 0.84 154 188 179 211 157 
13.49 -1.42 1.74 4.2300 -0.2500 -0.1100 1.4167 0.2867 0.5744 9.48 -1.76 1.76 105 265 176 225 164 
10.52 -3.30 2.35 1.0300 -1.1700 -0.7900 2.0500 1.0644 0.6667 8.88 -1.82 3.72 105 404 187 229 164 
5.08 0.44 2.80 -2.7500 1.9500 -2.9700 1.5656 1.5978 0.0578 7.57 -0.28 6.21 109 411 179 236 169 
2.02 2.96 6.71 -3.5200 2.3100 0.2100 -0.6822 1.1944 -0.9211 6.20 0.25 7.59 119 418 195 243 171 
6.74 -0.73 5.21 0.5600 -0.5800 -2.9500 -1.0467 0.9178 -0.6733 5.29 -0.63 8.23 133 422 202 245 175 
3.33 -2.42 10.65 -1.0100 -0.7500 2.2000 -0.6589 0.0989 -0.2833 4.98 -1.34 8.33 139 420 202 246 173 
1.75 -0.35 5.70 -3.5100 1.7500 -2.4500 -1.1678 -1.1656 -0.2622 6.11 -2.40 7.27 141 385 207 238 174 
4.73 -2.26 3.75 -2.8800 0.3500 -2.2900 -1.5856 -0.9956 -4.0633 7.88 -1.35 5.66 150 295 221 266 191 
;
