6.34 8.33 -1.10 0.7600 1.3100 -1.4100 -0.1967 -0.4311 -0.2156 5.93 7.75 -0.89 159 242 251 258 188 
5.56 7.16 0.82 0.3800 0.2100 0.8300 -0.3700 1.0800 0.5389 6.46 7.37 -0.04 163 259 261 264 189 
9.51 9.53 1.27 1.0200 3.6600 -1.3500 -2.1200 3.6300 4.9178 7.76 2.92 5.22 158 263 238 242 175 
3.70 0.75 5.30 -4.0900 0.3400 -0.7100 2.8400 3.0800 1.8411 6.54 1.25 7.19 133 246 218 225 164 
5.03 2.25 8.42 -0.3600 0.5500 0.3900 0.8478 -0.7722 1.4144 5.81 1.63 7.72 153 236 211 212 148 
15.35 0.60 7.81 5.9600 -0.5600 2.5700 1.0767 -4.4089 2.3522 9.65 -0.19 1.69 197 200 179 200 145 
3.87 -0.39 1.42 -6.5600 2.8400 1.5800 0.0778 0.3356 1.3411 9.11 -3.47 -0.97 199 201 189 202 147 
8.34 -2.82 -1.91 -0.2400 0.2200 -0.8900 -0.2311 0.2267 -0.4233 9.33 -2.92 -0.69 198 205 193 206 149 
8.39 -2.68 -0.23 -1.0300 0.4400 0.4700 -0.1689 0.1411 -0.1411 9.36 -2.87 -0.46 197 220 201 215 156 
9.47 -0.53 0.58 -0.0500 0.7300 -3.6200 -1.1167 8.4500 -2.0389 7.21 -1.32 6.51 160 333 212 219 162 
6.51 -0.26 11.32 1.5600 -0.7300 1.0800 -1.8689 -0.9156 -0.3811 6.62 -0.92 7.17 135 382 210 212 159 
12.77 -1.71 2.71 7.2100 -0.1200 0.1500 4.3044 -1.3489 1.4633 7.56 0.95 6.16 148 381 214 213 160 
3.95 3.45 11.93 -5.5000 4.8300 2.1000 -3.6622 0.0556 4.0867 6.67 -4.13 5.87 147 373 214 216 161 
-1.44 -0.08 -2.01 -6.6700 6.2900 -7.1900 -0.8811 1.3278 -3.2056 6.69 -5.22 4.90 148 371 214 216 163 
11.50 0.07 1.95 4.8500 1.3300 -4.6000 3.7533 -0.9333 -1.6833 7.70 0.44 6.04 150 366 217 219 164 
16.55 7.08 16.21 7.6300 5.1500 11.2800 1.4133 0.9922 2.8389 8.08 1.43 5.35 166 372 219 221 167 
0.27 0.70 4.41 -8.1300 2.5600 -2.9600 -3.4500 1.4956 0.5689 6.64 -3.94 6.04 164 371 220 221 167 
;
8.19 -4.32 3.31 1.2300 0.0500 -1.5100 0.0200 -0.4633 -0.2856 7.17 -4.30 5.10 165 371 220 222 168 
7.78 -4.14 5.57 -0.0200 -0.1500 0.1600 0.0389 0.0578 -0.1722 7.32 -3.93 5.19 165 368 220 223 168 
5.89 -3.53 3.71 -1.7800 0.2900 -1.6000 0.3211 -0.2589 -0.6133 7.73 -3.40 4.97 165 353 225 226 171 
8.64 -1.26 4.43 0.1500 1.0600 -0.0600 1.0833 -0.0944 -1.4322 8.39 -1.17 4.93 168 296 229 229 175 
9.14 -1.05 4.23 0.9100 -0.5200 -0.3800 0.2289 -1.0856 -0.3444 8.93 -0.17 4.04 185 204 221 217 166 
18.91 0.08 6.86 10.1500 -0.1600 4.9400 1.6011 -2.3367 1.9678 9.51 -0.94 2.17 197 191 207 202 157 
2.10 -0.48 1.17 -7.5300 3.1400 0.3200 -0.2756 0.6244 1.2467 8.73 -4.37 0.89 199 191 204 201 158 
9.29 -2.54 0.50 0.3700 1.2800 -0.3700 -0.0811 -0.0756 -0.6667 9.09 -3.54 0.94 197 199 209 204 161 
10.59 1.28 3.62 1.7400 1.7700 1.3300 1.0344 7.4644 -4.8456 7.22 0.89 6.56 182 356 217 216 168 
9.73 0.01 6.53 2.5800 -0.8000 -2.1100 -3.3089 0.4011 0.0233 6.85 -1.01 6.93 173 392 214 215 167 
9.10 -2.07 0.85 2.8900 -1.7400 -5.9600 4.4700 -1.2389 0.4311 7.18 1.23 6.55 177 385 220 218 169 
11.78 9.02 15.48 -0.2500 6.1300 8.5900 -1.7800 1.3511 3.3233 7.98 -0.36 5.68 182 387 224 221 173 
-2.33 1.63 2.87 -10.1300 6.6100 -2.8700 -3.7544 -2.0267 0.8500 7.27 -5.49 3.60 181 379 221 221 172 
5.21 -2.32 -7.86 -1.4700 0.9200 -10.4100 1.8089 0.7389 -4.5122 8.97 -1.32 3.71 175 371 221 221 173 
22.10 4.19 7.72 12.0500 3.6800 7.1200 3.1700 1.1289 2.0933 8.82 1.33 4.05 183 373 223 224 174 
-0.66 0.94 7.61 -10.6800 2.5400 3.2700 -2.4044 -3.3389 3.9722 8.50 -4.70 1.32 179 363 222 221 173 
9.07 -5.28 -0.85 1.2400 -1.0600 -1.5300 0.1333 -0.7678 -0.2856 8.83 -3.68 2.11 178 359 224 224 174 
;
