0.87 -1.36 9.24 -0.3600 -0.1500 -0.3600 0.0622 0.0933 0.0256 1.19 -1.19 9.66 175 300 277 278 202 
1.17 -1.27 9.43 -0.0700 -0.0800 -0.2800 0.0089 0.0100 -0.0044 1.17 -1.18 9.66 175 303 278 284 202 
3.73 -0.79 10.05 3.5300 0.3000 0.4100 0.7111 2.8422 0.5611 -0.41 -0.70 9.77 175 341 282 300 203 
-5.66 4.79 10.01 -1.0500 1.5500 0.9600 0.6900 -0.3433 3.1078 -3.61 3.02 8.59 176 302 271 220 194 
-1.67 4.18 8.09 -2.4600 -0.0400 0.3500 -2.2511 -3.8678 7.4122 4.88 1.98 8.27 181 182 165 151 132 
-9.64 -0.39 10.99 -14.3700 3.4800 9.1700 -5.2978 -6.5511 -0.7656 9.34 -2.90 -0.70 182 156 142 144 130 
10.34 -3.37 -5.09 1.3100 -0.3600 1.3900 0.4422 1.4678 -0.0589 9.48 -2.08 -1.34 184 165 154 159 137 
9.23 -1.42 -0.50 0.1000 0.7200 0.3700 -0.3544 1.4311 -0.0333 9.55 -2.22 0.17 184 175 164 165 145 
11.20 -1.76 2.56 2.7500 -0.1800 -2.3900 -2.9067 9.9022 -0.4033 5.61 -3.23 7.35 184 253 230 238 181 
-2.13 -3.32 4.51 3.8700 0.6400 -3.1600 2.8822 2.1600 1.3544 -3.61 -1.81 8.93 183 256 184 164 143 
-2.83 7.96 14.69 0.6600 4.6800 6.3400 2.4300 -6.0011 4.8211 1.23 4.79 8.46 184 219 165 149 133 
3.38 2.70 7.53 -4.0000 0.8700 -0.7400 -1.4189 -4.3344 4.3789 8.04 -0.07 5.61 188 179 143 160 137 
2.10 -0.55 5.89 -7.3000 1.8900 3.4900 -2.1244 -2.2533 -0.3567 9.36 -2.48 1.54 187 172 160 161 139 
22.59 1.17 -10.21 12.0400 0.4400 -9.3100 0.3500 -0.8389 0.1456 9.76 -0.39 -0.84 186 173 162 164 141 
8.45 -0.29 0.69 -1.4600 0.5800 0.5600 -0.0600 0.2267 0.3511 9.72 -1.20 -0.35 187 177 165 167 143 
13.48 -0.84 1.30 3.4500 0.4900 2.3000 -0.5100 1.2244 0.9433 9.54 -1.98 1.05 145 261 165 168 138 
4.88 -2.64 3.02 -5.1400 -0.2800 -0.5200 -1.3300 2.8967 -1.6022 8.77 -1.98 3.90 147 336 175 164 143 
10.56 2.63 0.03 3.6700 2.3200 -6.0200 3.9011 2.8978 -1.3622 6.04 2.53 7.29 160 323 165 174 147 
8.17 12.19 10.94 2.5500 6.9200 4.3200 1.4667 1.3000 3.3033 5.18 5.00 6.65 152 277 186 180 153 
-3.03 6.52 10.73 -8.7900 3.9600 2.9500 -4.5144 -0.9700 4.6222 6.70 -1.49 7.00 172 327 189 184 153 
-0.05 -3.67 0.34 -4.2800 2.9300 -3.6600 -4.1744 1.3656 -3.1478 7.71 -5.56 2.37 175 341 186 180 156 
11.80 1.82 -1.40 4.0000 3.6500 -5.7700 3.0667 3.4989 -4.1833 7.24 1.79 6.35 175 341 184 181 159 
9.65 9.46 9.14 3.6000 4.7300 3.7500 3.0267 -0.0800 2.2667 6.69 4.79 5.32 178 300 191 185 158 
6.42 4.02 5.97 -2.6900 1.1100 1.4900 -0.8933 0.0289 1.0600 8.90 1.65 3.75 179 304 192 184 158 
8.00 1.32 2.21 -0.0300 0.0900 -1.6800 -0.3756 -0.2611 -0.3822 8.80 1.54 4.02 177 313 191 189 160 
;
