5.81 3.18 7.35 -0.0300 0.0200 0.0200 -0.0122 0.0033 -0.0111 5.79 3.14 7.25 177 321 322 347 204 
5.81 3.20 7.28 0.0100 0.0500 -0.0100 0.0111 0.0022 0.0044 5.79 3.15 7.25 176 322 323 347 205 
5.72 3.12 7.20 -0.0400 -0.0500 -0.0400 0.0178 0.0389 -0.0156 5.77 3.16 7.26 177 323 322 346 205 
5.85 3.28 7.30 0.2700 0.1800 0.0500 0.0667 0.2089 -0.0178 5.63 3.25 7.33 176 321 322 347 204 
5.51 3.49 7.37 -0.0700 0.1800 -0.0400 0.0589 0.1289 -0.0011 5.46 3.32 7.43 177 322 323 347 205 
5.11 3.14 7.48 -0.0300 -0.2900 -0.0500 0.1778 0.3067 -0.0611 5.16 3.51 7.55 177 318 315 336 203 
9.54 2.25 12.20 3.4600 -1.1600 5.6900 1.1500 -5.2811 3.9478 8.66 2.04 4.11 191 204 192 206 162 
8.05 1.70 -0.35 -2.1800 3.2800 0.6700 1.8811 -2.0500 2.1744 9.47 -2.44 -0.70 196 184 184 195 158 
7.51 0.67 -1.95 -0.2300 3.5900 -0.3800 -0.3100 0.3656 -0.4033 9.33 -2.71 -1.24 195 183 187 198 164 
8.57 -0.88 -0.36 -0.5700 2.0500 -0.2200 -1.3633 0.4233 -0.7578 9.60 -1.94 -0.30 194 198 191 205 166 
9.04 0.01 1.85 -1.7100 0.6200 -1.1000 -1.1944 4.4300 -0.7878 8.05 -1.64 5.35 192 260 254 252 198 
12.41 -1.29 15.51 4.4300 0.4400 9.4900 -3.8222 3.7656 -0.5100 5.35 -2.90 7.68 192 352 321 384 210 
6.78 -2.51 1.11 5.2200 5.3900 -5.4700 -6.0900 5.0800 0.4956 1.24 -9.02 3.62 189 374 333 412 204 
0.88 -7.15 -2.49 -0.1900 1.7300 -1.7900 -2.1989 0.0544 0.8867 -0.50 -9.69 -1.37 192 355 342 406 205 
-0.33 -8.04 -2.64 0.9000 0.4900 -0.3400 -0.3467 0.1533 -0.2322 -0.53 -9.40 -2.73 192 334 325 386 202 
0.30 -9.57 -3.25 0.5100 -0.1600 -0.8000 0.1878 -0.4333 -0.2500 -0.22 -9.45 -2.58 193 341 328 390 204 
1.19 -7.66 -5.61 0.9900 5.8900 -0.9500 6.9378 0.4456 -0.3878 0.15 -9.05 3.75 194 344 333 386 200 
4.46 -5.45 13.16 3.1300 4.0400 3.7800 -5.6778 0.4400 -0.1100 0.30 -9.74 1.06 194 347 339 392 202 
-3.06 -7.21 -18.13 -2.5200 2.5500 -13.0000 1.4911 0.1978 -0.1800 0.45 -9.38 -2.80 193 347 339 395 202 
1.98 -4.93 11.49 1.8400 4.0500 10.8200 4.3800 0.2733 0.3556 0.59 -8.59 4.67 194 345 341 394 201 
;
1.36 -6.40 6.60 -0.3200 3.5000 -0.0300 -4.9067 -1.9844 -1.0200 1.98 -9.60 0.01 193 333 340 382 204 
0.98 -7.20 -8.43 0.1900 2.6100 -5.3100 3.5567 -1.4044 -0.3211 2.30 -9.50 -0.74 188 300 303 304 203 
4.86 -3.44 -1.28 1.8000 5.5000 -2.3800 5.9144 -2.2656 -0.8344 4.21 -7.31 4.99 186 270 222 222 173 
5.77 -0.30 8.99 -3.7300 2.8900 1.9500 5.7500 0.0278 -0.8844 5.83 0.24 7.87 182 283 227 227 175 
4.73 2.78 11.18 -0.4900 -0.3800 2.0400 -0.2933 -1.1278 -0.0200 5.47 3.30 7.43 182 270 227 229 177 
4.00 3.20 5.59 -1.4000 0.0500 -1.8600 -0.1456 -0.2589 -0.0756 5.77 2.71 7.44 184 273 231 231 179 
7.75 2.16 8.04 1.9800 -0.8500 0.6500 -0.0044 -0.3611 0.5867 6.15 2.70 7.14 191 252 230 230 176 
14.71 1.21 8.28 7.5300 0.7400 2.6800 1.1367 -6.3456 3.5022 9.66 -0.11 1.63 196 194 190 195 158 
-2.00 0.98 -0.80 -7.3200 3.8600 0.6900 0.1844 -0.1400 -0.2033 9.29 -2.90 -1.13 196 195 189 198 160 
9.48 -1.44 -0.44 0.3300 1.6900 0.5400 -0.8611 2.0822 -0.4133 9.52 -2.27 0.50 194 208 199 201 167 
7.78 -1.59 4.67 -1.1100 -0.8000 -2.2800 -1.6700 8.7467 -3.1844 4.72 -1.01 8.53 189 273 263 257 197 
11.71 1.53 14.47 4.6100 1.4300 5.4000 -3.3667 1.0089 0.0911 4.70 -1.87 8.39 192 313 304 309 207 
4.73 -0.41 6.15 2.7300 6.7100 -3.0100 -7.5344 4.4044 -0.0644 1.22 -8.62 4.50 192 334 316 349 205 
2.49 -6.48 -5.30 0.7500 2.8300 -4.2000 -0.6778 0.1367 -0.0744 0.74 -9.77 -0.18 192 338 323 367 204 
1.21 -9.52 -3.11 0.6300 1.0700 -5.6900 -0.9300 0.1256 -0.6256 1.30 -9.65 -1.09 192 353 334 395 206 
-1.14 -4.36 12.87 0.2700 4.8100 15.1400 2.8522 -0.0556 0.6611 -0.24 -8.04 5.60 191 343 332 381 204 
2.07 -4.74 0.98 0.5500 4.3900 -2.3000 -5.0811 -0.5311 -1.2356 1.81 -9.63 -0.37 187 344 322 384 206 
-1.16 -9.06 -14.54 -3.1600 0.5800 -10.5400 5.3800 0.5378 0.2578 1.51 -9.68 0.10 190 343 336 393 204 
2.55 -5.04 24.30 0.5800 2.0500 13.2100 -3.4933 -1.3467 -0.9622 1.38 -9.56 1.65 190 340 336 391 205 
2.07 -6.30 -10.23 -1.6000 2.5700 -9.0000 -2.4400 0.0333 1.2022 0.93 -8.87 -4.06 190 341 336 392 205 
1.12 -7.51 -4.21 0.4000 1.9700 -1.4600 2.3856 -1.3478 -0.9411 1.43 -9.55 -1.67 187 302 298 314 204 
4.14 -3.37 -4.11 2.1000 6.7400 -6.2300 7.9022 -3.7789 -1.1067 4.01 -7.16 5.35 183 249 245 234 184 
;
4.73 4.00 10.81 -1.6500 5.4500 2.7800 5.0022 -0.9378 -0.4678 5.12 1.01 8.30 186 233 228 224 175 
5.32 2.17 16.50 7.6600 2.3500 12.1000 2.6756 -0.9711 -0.9700 5.43 3.93 7.15 187 240 229 226 177 
7.15 2.89 7.28 2.8600 -0.7000 -0.3700 -0.2178 -1.1711 0.3989 5.54 3.29 7.38 190 241 230 223 177 
17.86 4.58 13.91 5.9900 2.1800 7.8800 -1.4022 -4.9722 4.8011 9.62 -0.77 1.69 195 192 188 200 161 
3.95 1.88 -2.22 -4.2200 4.8400 -1.9400 0.1989 1.1622 -0.4389 9.41 -2.63 0.75 195 194 197 201 162 
6.33 1.08 1.01 -3.3100 2.8300 -0.3100 -1.9511 3.3033 -2.3056 9.35 -0.80 2.81 186 215 182 219 172 
0.10 -1.98 7.27 -4.3200 -1.9900 2.1900 2.2156 -0.3078 -1.1244 4.87 1.78 8.32 152 254 248 239 182 
4.95 0.70 10.20 0.0800 -0.3100 0.4500 -1.9156 -1.0022 0.2189 5.58 1.07 7.98 155 250 246 238 182 
8.01 3.41 14.89 3.5200 3.6100 10.0200 -2.1633 -1.1733 0.6544 6.71 -1.13 7.05 173 276 273 276 201 
8.03 3.90 0.49 3.0500 10.7800 -9.0400 -11.7344 5.9378 -0.5156 2.29 -9.40 1.55 194 328 329 386 207 
3.11 -5.40 -7.81 1.3000 3.3900 -3.5000 0.0200 0.1000 0.6089 1.73 -9.02 -3.42 195 334 339 404 208 
0.76 -8.96 -3.60 -0.1800 0.2100 -1.6400 -0.2922 -0.3811 -0.3367 1.41 -9.10 -3.35 195 335 333 409 207 
-0.29 -7.39 -5.76 -1.4500 1.4600 -1.8300 4.5789 0.6656 0.0322 1.36 -9.67 0.85 196 330 342 407 204 
1.72 -7.84 7.35 0.0100 3.2900 2.9800 -4.0189 -0.9500 -0.6489 1.79 -9.48 -1.74 196 329 341 403 206 
-2.39 -5.36 -18.36 -3.2800 1.6100 -12.0000 1.4167 0.4700 0.2411 1.58 -8.44 -4.73 195 327 345 408 206 
3.83 -8.53 8.69 3.2400 0.8300 13.6100 2.1667 0.3222 0.3178 1.96 -9.57 0.79 196 322 344 406 207 
2.01 -6.94 -4.37 -1.2300 1.9100 -4.7500 -1.7089 -2.7333 0.2444 1.96 -9.17 -2.85 195 317 340 393 207 
-0.31 -7.70 -4.76 -1.6100 2.6700 -2.8500 3.1900 -0.7289 -1.5167 2.65 -9.43 0.00 192 302 333 369 207 
;
