-1.52 5.05 7.68 -0.8400 -0.9400 0.1000 -1.0656 0.5256 -1.0156 -1.53 5.24 8.14 176 297 257 279 200 
0.02 5.00 8.44 1.9500 0.0400 -0.1900 -0.3500 -0.3544 -0.2167 -1.73 4.84 8.34 179 299 263 288 202 
-2.27 3.72 7.56 0.3400 -0.7400 -0.6400 0.6678 0.1211 -0.7844 -2.54 4.76 8.18 182 303 267 289 199 
-0.76 4.93 7.52 1.4700 -0.0300 -0.3200 0.2244 -0.0022 0.4344 -2.47 5.23 7.91 179 271 177 174 184 
0.20 7.95 12.61 1.5800 1.8200 4.7100 -2.0478 5.3944 1.7922 -4.18 5.27 7.13 185 214 153 148 157 
-2.84 12.38 7.00 -1.2800 3.7600 2.3500 0.2589 -1.2678 4.3678 -1.57 8.18 5.16 187 185 156 131 156 
-0.53 5.43 3.57 -6.0100 -0.8900 -4.2800 -5.7467 -3.1767 5.4444 6.93 2.04 6.62 187 164 148 151 153 
-0.87 -0.11 0.33 -9.4200 1.7700 -3.4100 -3.1689 -3.6933 0.5178 9.25 -3.19 0.52 190 160 150 152 160 
26.42 -2.83 -9.58 13.1300 -2.0900 -5.1200 0.4633 0.5644 0.2367 9.64 -1.19 -1.30 189 169 157 157 156 
6.93 -1.25 -0.15 -2.9700 0.1800 0.0100 0.0156 0.3278 0.2267 9.66 -1.65 0.09 191 167 153 159 161 
9.91 -1.52 -0.40 0.1900 -0.1600 -0.7600 -0.3678 0.3756 -0.1978 9.68 -1.51 0.27 188 174 164 162 160 
9.79 -1.41 -0.03 -0.0100 0.0200 -0.3800 -0.0711 0.0789 -0.0356 9.69 -1.40 0.37 191 177 160 160 161 
11.32 1.87 3.00 2.6200 3.3200 2.8400 0.8344 -0.4267 1.3700 9.50 -2.39 0.02 181 252 163 158 160 
9.32 -9.38 -3.23 0.5700 -2.7600 -2.3800 1.6956 1.5644 3.0811 5.66 -8.00 0.11 153 301 165 153 157 
-1.18 -6.40 1.84 -5.3000 2.0300 -0.5700 1.0078 0.4189 0.2378 4.03 -8.41 3.00 148 314 166 156 153 
5.81 -13.41 2.14 2.7300 -5.4100 -1.2900 1.3100 -0.0189 0.5211 3.54 -8.27 3.88 153 322 172 156 147 
1.73 -5.90 0.54 -1.2800 2.2400 -6.3600 4.0722 1.6633 0.3756 1.86 -5.09 8.17 155 332 170 158 153 
-3.41 7.29 12.04 -3.5900 9.0700 -0.0900 -2.4844 -0.7267 -0.8178 1.73 -4.58 8.49 155 327 179 160 155 
6.11 -9.11 0.29 2.7500 -3.3800 -6.1300 -3.2744 -1.0300 -1.6922 4.47 -7.61 4.26 149 318 173 160 158 
5.86 -10.04 3.04 0.4100 -1.1600 -0.1300 -0.2756 0.1544 -0.4811 5.23 -7.67 3.14 153 319 176 165 157 
4.55 -7.02 2.86 -0.9800 0.5300 0.1700 -0.6200 0.4422 -0.5800 5.68 -7.39 3.03 157 307 171 158 160 
6.85 -7.30 1.25 0.8200 -1.6700 -4.4800 -0.0278 6.5078 -4.7144 6.59 -4.46 5.72 174 298 267 297 196 
5.68 2.10 6.56 1.9900 1.8900 -2.1400 5.4311 1.1589 -0.4167 3.58 3.20 8.54 184 319 302 331 200 
8.51 8.77 10.74 1.6900 4.4600 4.2600 0.1644 -4.2156 8.5122 9.00 -0.12 3.89 186 324 311 342 202 
8.34 0.34 2.44 -2.5200 2.9700 2.4200 -4.8222 -0.1800 4.2878 4.72 -7.99 -3.14 187 300 289 335 206 
1.99 -4.69 -8.97 -0.1100 -0.1400 -3.9700 -3.4389 0.0111 -0.4811 2.15 -4.29 -8.54 177 276 303 341 206 
2.45 -4.15 -8.62 -0.5400 -0.5400 0.8100 0.2167 0.4211 0.0367 2.66 -4.16 -8.47 171 283 300 345 202 
2.02 -3.73 -7.76 -0.7600 0.3300 0.6200 -0.0967 0.0467 0.0489 2.79 -4.18 -8.41 177 284 305 346 205 
;
