5.22 1.73 8.04 0.0000 0.0300 -0.1500 0.0033 0.0256 -0.0133 5.21 1.70 8.13 180 250 239 237 178 
5.13 1.67 8.15 -0.0600 -0.0300 0.0200 -0.0178 -0.0067 0.0144 5.19 1.68 8.14 175 253 237 237 177 
5.15 1.76 8.10 -0.0600 0.0600 0.0000 0.0200 0.0178 0.0000 5.18 1.70 8.14 178 253 234 239 178 
5.15 1.73 8.10 -0.0300 0.0600 -0.0100 -0.0067 0.0089 0.0089 5.17 1.69 8.15 180 252 237 236 180 
5.87 0.32 8.32 0.1300 -1.9100 -0.0900 1.1389 -2.6522 1.1878 6.32 1.56 7.32 177 192 161 156 137 
13.68 -0.33 5.87 5.3300 0.8600 -1.6900 3.4056 -2.8033 3.3422 9.40 -0.61 2.69 187 161 145 141 128 
-3.69 -0.75 3.33 -15.3600 2.0800 6.7100 0.7889 -3.9800 0.4622 9.21 -3.18 -1.04 186 155 147 143 128 
25.56 3.10 -24.00 8.1800 0.7700 -6.4700 1.3544 0.8578 0.6178 9.23 -0.53 -3.26 189 162 149 157 127 
10.42 0.40 -1.08 0.5600 1.3900 0.9300 -0.5089 0.1744 0.2767 9.45 -0.72 -2.48 188 168 160 160 138 
20.90 2.10 2.54 12.2700 5.0800 5.3500 -2.8278 5.2267 4.0600 8.97 -3.78 1.13 175 259 248 269 179 
3.05 -0.30 -2.94 -2.0300 7.9700 -4.2500 -5.0500 -0.6022 4.1956 3.53 -8.96 -1.79 165 313 277 308 187 
-1.54 -5.47 -9.82 -1.4100 2.2800 -4.1700 -1.6511 0.2733 1.0200 1.08 -8.03 -5.51 176 325 289 317 192 
-1.19 -3.59 -11.81 -1.5100 6.4000 -7.3900 4.5467 0.3367 -1.8622 2.52 -9.15 -2.44 171 323 288 321 194 
0.13 13.22 -0.35 -0.5000 19.7900 0.0400 10.9422 -0.6867 -2.7522 5.25 -2.70 7.82 170 314 284 310 202 
6.26 1.82 21.13 -1.8200 0.8700 8.4300 -2.4411 -1.1444 0.1633 6.53 -0.31 7.30 171 321 286 313 195 
5.04 0.15 2.90 -1.8400 0.7800 -4.3900 0.1656 0.2800 -1.5056 6.65 -0.43 7.19 171 316 287 270 190 
11.24 -2.02 12.05 6.3200 -2.4300 5.7700 0.2422 3.3344 1.2578 4.19 -0.07 8.86 174 228 167 154 131 
0.07 -1.56 7.22 2.4700 -0.0600 -4.4800 -0.6300 4.8178 2.3467 -3.66 -1.41 8.98 184 173 139 139 118 
-7.51 -1.62 2.60 -2.7700 -2.3100 -5.2500 1.8111 0.5011 0.1489 -4.89 1.65 8.33 187 169 145 143 125 
-3.17 6.61 15.42 3.7700 2.7400 5.4800 -0.7178 -0.3378 -0.1544 -5.89 1.82 7.62 187 176 150 150 126 
-6.69 0.66 6.38 -0.0400 -0.3500 -0.6200 0.0833 0.2211 -0.5644 -5.97 1.30 7.66 188 182 154 151 123 
;
