2.44 7.34 5.85 0.0000 -0.0400 -0.0700 -0.0056 -0.0033 -0.0089 2.42 7.40 5.96 182 376 375 393 209 
2.46 7.39 5.87 0.0400 -0.0100 -0.0500 -0.0222 0.0011 0.0000 2.42 7.39 5.97 180 381 376 395 206 
2.41 7.31 5.90 0.0000 -0.0400 -0.1000 -0.0467 0.0722 -0.0033 2.38 7.35 6.02 177 384 376 393 214 
5.20 9.85 7.10 3.8900 3.2200 1.2300 -0.7700 2.4289 0.1933 1.23 6.98 6.77 176 345 360 394 212 
5.20 12.73 11.94 4.9900 7.1000 3.3000 0.4711 -3.7622 8.4167 7.86 3.43 4.74 187 212 201 207 176 
-2.43 -0.99 0.07 -11.6800 -0.6400 -5.6000 -3.5233 -1.5933 3.0611 7.84 -4.75 3.46 194 165 171 182 149 
18.22 6.40 2.58 14.5700 9.4800 -1.2300 0.2911 -2.2211 -0.6911 9.40 -2.00 1.93 193 168 175 185 156 
6.96 -1.62 2.05 -2.2000 0.9300 -0.4600 0.1456 0.1044 -0.1856 9.19 -2.35 2.46 196 169 177 188 157 
8.41 -0.57 3.27 -1.1100 1.8200 0.8600 -0.5389 2.1200 -0.5756 8.94 -1.93 3.51 195 208 207 227 185 
2.39 -1.91 2.31 -3.1600 -1.1900 -4.2600 1.6011 6.4689 -2.6244 3.02 0.79 9.29 194 274 276 296 203 
7.33 7.62 15.39 4.9000 2.9600 6.0100 0.9444 0.0589 -0.4756 1.74 4.18 8.69 189 279 295 322 205 
5.54 5.00 12.61 3.6000 1.2400 4.1400 -0.4533 -0.8733 1.6811 3.45 3.50 8.48 190 202 195 197 157 
10.08 4.82 7.78 1.5500 4.6900 -0.5700 -2.1556 -3.5622 5.8378 7.66 -2.49 5.59 194 166 174 188 155 
-10.09 -4.82 3.00 -17.5200 1.2300 -0.4600 -0.0311 -2.3344 -0.6178 7.44 -5.82 2.59 190 170 172 191 154 
28.48 7.68 1.13 26.1400 6.8700 -7.0700 -0.7000 0.0078 -0.7000 9.44 -1.76 1.96 198 170 169 191 158 
4.82 -0.93 2.06 -3.8000 2.1700 -0.2200 -0.1856 0.4133 -0.5122 9.21 -2.29 2.43 197 175 182 199 162 
;
