4.07 6.28 6.27 0.0300 -0.0300 -0.0100 -0.0044 -0.0100 -0.0133 4.06 6.29 6.32 177 333 366 404 218 
4.08 6.34 6.29 0.0200 0.0400 -0.0400 -0.0100 0.0189 -0.0078 4.05 6.29 6.33 172 332 368 402 209 
4.02 6.34 6.30 0.1800 0.0500 -0.1100 0.0378 0.2467 0.0033 3.93 6.30 6.39 175 333 366 404 215 
5.79 9.16 8.24 0.5300 3.3400 1.7100 -1.6722 2.9611 2.6189 1.77 5.00 8.24 176 298 231 233 202 
15.70 8.84 9.44 7.3500 2.8700 1.6500 0.0222 -2.9411 5.2367 8.68 1.30 4.37 191 179 138 180 159 
-7.37 -1.97 0.75 -17.2400 -0.0800 -3.0200 -0.1467 -2.9611 1.7856 8.04 -4.66 3.12 195 174 162 182 159 
18.33 7.38 1.35 27.2600 9.6600 -3.7100 -0.8822 -0.8711 -1.1944 9.63 -1.02 1.52 198 181 172 188 158 
2.75 -2.42 0.60 -4.7300 0.9200 -0.9300 -0.1711 0.3944 -0.5211 9.41 -2.27 1.55 200 178 172 191 164 
15.35 1.29 5.92 7.7600 3.4300 4.4100 -0.5267 1.7733 -0.3378 9.19 -1.58 3.01 193 267 258 273 206 
11.68 -0.12 3.97 3.4800 4.2800 -1.2800 -4.1178 2.7389 4.5356 5.86 -6.92 3.72 171 334 340 392 209 
-2.66 -5.61 -5.35 -4.2000 3.7700 -6.9900 -2.4722 2.2000 2.3167 0.32 -9.80 0.08 168 349 345 402 213 
-4.02 -5.45 -10.52 -3.5700 5.8900 -9.5400 4.7089 -0.5933 -2.0678 1.67 -9.18 2.99 181 360 349 405 208 
10.37 0.87 31.53 5.6400 4.0400 26.0600 0.1067 1.2089 0.1600 2.56 -5.18 7.91 176 359 353 407 209 
3.56 -2.06 -1.71 0.9700 6.1800 -7.2600 -5.4856 0.5222 1.9167 0.44 -9.75 0.84 178 366 352 405 215 
-4.19 -7.70 -12.23 -4.0200 3.1900 -9.6700 6.3222 -1.4100 -1.5467 0.62 -9.09 3.60 177 360 346 409 214 
0.79 -0.22 22.32 0.3200 4.8100 11.5100 -2.5356 -0.6622 0.1744 0.74 -6.75 7.06 181 360 349 410 214 
-1.73 -6.69 -7.49 -3.2500 0.9300 -12.1700 -0.8600 0.2700 -1.0678 1.48 -9.20 3.03 184 363 344 398 214 
;
4.86 -1.54 1.14 0.3000 4.7100 -4.1200 5.0433 -2.0433 -3.2822 6.04 -4.05 6.56 185 290 309 303 211 
9.92 2.34 12.12 3.5700 1.6500 4.0900 1.8744 -1.3733 -0.2544 7.42 0.41 6.39 180 236 202 208 154 
14.77 4.78 14.08 9.2700 5.4000 7.6400 -0.5622 -1.4533 3.6600 8.14 -1.24 5.31 193 172 170 186 141 
-8.45 -3.06 0.15 -19.7200 0.5100 -1.9800 -0.1133 -3.7578 -0.4800 8.49 -4.55 1.78 191 176 171 191 145 
39.41 4.82 -8.36 26.2300 2.4700 -5.3500 0.7556 -0.1911 2.6000 9.56 -1.80 1.21 196 175 177 191 146 
8.42 0.19 -0.89 1.4700 2.6000 -2.9900 -0.0200 0.3511 -0.6522 9.47 -2.06 1.43 197 185 178 197 145 
16.61 1.51 5.50 7.4100 2.5500 3.2000 -2.0744 1.3367 1.2356 9.04 -3.17 2.05 196 201 192 210 160 
13.24 -0.27 1.48 3.9400 6.5000 -3.1600 -3.8578 4.3433 4.3433 4.70 -8.15 2.73 155 349 332 388 212 
-4.08 -4.48 -6.92 -4.0700 4.8400 -7.4700 -2.1011 2.0544 1.6522 -0.57 -9.71 -1.18 137 373 354 411 210 
-3.47 -6.41 -7.24 -3.0900 3.0000 -6.2500 3.0056 -0.2789 -1.1511 0.09 -9.74 1.12 143 366 353 413 214 
9.15 2.00 17.21 6.3900 9.0100 16.4100 5.2011 1.0044 -0.5167 1.82 -5.44 7.95 158 352 348 409 209 
1.98 -1.04 9.84 1.6400 6.2500 -0.8000 -6.0733 -0.1911 0.8222 0.69 -9.18 3.37 153 366 350 405 210 
-3.44 -10.21 -15.49 -2.7900 0.8300 -13.8200 3.5400 -0.4111 -0.7511 0.24 -9.64 1.76 152 369 350 407 211 
3.24 -0.42 25.92 1.5400 4.9200 18.8500 0.0933 -0.6489 0.3667 1.25 -6.54 7.19 156 358 343 396 212 
-0.31 -6.08 -3.46 -1.6200 2.3700 -8.1200 -2.6267 0.2889 0.1378 1.04 -9.45 2.39 162 353 336 378 212 
;
