-2.72 5.74 7.37 0.0400 -0.1100 0.0000 -0.0044 0.0033 0.0033 -2.75 5.84 7.37 182 292 293 300 193 
-2.71 5.75 7.37 0.0500 -0.1100 0.0100 -0.0711 -0.0211 0.0356 -2.73 5.79 7.42 182 269 282 258 186 
-3.22 4.92 8.56 0.2100 0.6400 0.6100 -0.8244 -2.4311 -0.9267 -1.19 4.09 8.82 100 243 245 244 185 
10.52 5.97 11.90 7.0500 3.2700 1.8700 -1.8378 -4.6400 2.9056 5.24 1.35 8.17 87 170 180 195 156 
6.20 2.44 5.09 -1.3700 4.4200 -0.6500 0.5889 -1.4256 4.1322 7.65 -3.22 5.21 87 158 165 174 134 
4.03 -0.04 2.90 -3.9900 5.5200 1.0600 1.6589 1.2533 2.2744 6.10 -4.81 5.97 84 161 170 169 134 
7.18 -1.41 8.92 1.3900 4.0600 2.8500 -1.7722 0.8656 -1.0533 6.06 -5.30 5.58 92 165 173 174 136 
8.75 -4.20 -0.13 2.3800 1.1200 -5.6800 -0.7033 0.1278 -0.7000 6.39 -5.39 5.11 89 166 178 173 135 
5.84 -7.90 4.65 -0.8200 -2.6400 0.0400 2.0511 -0.3367 1.0067 6.24 -4.89 5.75 84 166 175 175 137 
4.03 -6.27 5.73 -2.7000 -0.9500 -0.6600 -0.6578 -1.1500 -0.5889 6.84 -5.08 4.84 93 171 179 184 139 
8.31 -4.31 3.45 0.8500 0.4300 -1.0300 -0.1433 -0.3133 -0.7444 7.68 -4.30 4.31 90 168 182 184 141 
10.51 -5.38 2.67 3.0300 -1.0400 -1.3500 0.1933 -0.2956 0.2567 8.09 -4.09 3.72 94 170 184 187 140 
7.07 -2.47 0.37 -0.6900 2.8500 -3.5000 1.2567 -0.6811 1.0500 7.62 -4.69 3.99 95 175 189 185 145 
-12.64 2.66 34.09 -9.2200 3.1900 30.1400 -0.7356 2.0011 0.3344 6.26 -4.52 6.03 101 176 183 184 143 
7.56 -2.56 4.30 1.9500 2.5900 -2.2600 -1.8544 0.6878 -1.0611 6.16 -5.30 5.47 93 178 188 187 145 
6.47 -5.14 -2.69 0.6200 0.2500 -7.6700 0.4478 -0.5778 -0.4778 6.86 -4.93 4.96 99 175 183 185 141 
-3.69 -6.17 27.72 0.2700 -4.0700 9.3900 -0.4522 -1.2933 -0.3567 7.28 -4.19 5.05 97 165 185 183 144 
3.83 -5.18 7.60 -3.5200 -1.1700 2.1300 -0.9200 -3.0244 -0.9367 7.93 -4.37 3.74 117 204 213 225 174 
11.50 -4.97 -0.36 2.9400 -1.2000 -2.2400 2.0456 -1.5200 0.5011 8.91 -3.51 2.09 142 288 276 297 189 
8.68 -4.05 1.60 -0.0500 -0.2100 -2.4800 1.6956 0.3411 0.8222 8.06 -3.47 4.36 172 322 301 320 189 
5.58 -0.04 3.82 -2.1400 3.5300 -0.8600 0.2611 0.2078 0.2156 7.69 -3.53 4.94 175 331 295 329 195 
7.62 1.83 6.93 -0.1100 5.6400 2.2700 -0.9811 0.0578 -0.2856 7.72 -3.78 4.70 171 303 286 320 201 
10.76 -0.32 2.34 2.9000 4.4200 -2.8000 -3.7622 0.7522 0.9444 7.47 -5.71 2.76 166 284 281 309 205 
0.10 -13.05 -1.83 -6.3300 -5.9000 -1.4500 -1.5900 1.4911 0.9222 5.14 -8.07 2.13 166 297 275 307 203 
4.44 -8.65 1.05 -0.6700 0.1000 -0.6500 0.0167 -0.4933 -0.6256 5.80 -7.75 1.50 170 299 284 311 204 
2.73 -6.58 0.28 -3.9800 0.5100 -1.5300 1.6478 -1.2289 -1.7011 7.29 -6.23 2.00 170 280 269 303 200 
;
