2.20 6.60 6.87 -0.0600 0.0100 -0.0100 0.0000 0.0044 0.0011 2.31 6.56 6.90 171 328 359 390 208 
2.24 6.57 6.90 -0.0900 -0.0100 0.0000 -0.0022 -0.0067 0.0033 2.31 6.56 6.90 176 326 363 390 211 
2.22 6.57 6.88 -0.0900 -0.0100 -0.0100 0.0011 0.0033 0.0011 2.31 6.56 6.90 180 329 362 393 212 
2.23 6.59 6.88 -0.1000 0.0300 0.0000 -0.0111 -0.0122 -0.0033 2.31 6.56 6.90 173 325 361 391 210 
2.45 6.54 6.79 0.0900 0.0100 -0.1000 0.0289 0.0711 -0.0178 2.32 6.53 6.92 172 323 362 391 211 
2.58 6.91 8.36 0.6600 1.1700 2.2300 0.5167 -2.8756 1.4233 4.02 6.39 6.24 122 304 328 386 217 
15.72 4.05 -1.59 9.1400 0.7000 -5.3900 1.8189 -2.0400 4.7167 9.57 1.81 1.07 95 172 178 208 169 
8.42 4.01 -4.50 -2.8400 5.5000 -3.7000 4.1244 0.9856 2.4944 9.45 -2.09 1.56 97 173 176 198 153 
4.99 5.30 5.39 -2.8400 10.8600 3.5900 -0.8033 1.9400 0.4144 8.29 -3.15 4.16 100 176 178 194 145 
10.89 0.90 3.29 2.0300 4.1000 -1.4300 -3.3922 0.1144 -0.5756 8.44 -4.17 2.73 101 183 184 199 151 
7.64 -6.71 -5.95 -1.3100 -3.1700 -8.0900 0.0600 -0.1100 -0.4100 8.61 -4.19 2.10 100 170 184 199 154 
3.53 -3.72 9.70 -7.1000 6.6300 22.0800 -0.6600 -2.3311 0.5989 8.65 -3.95 2.35 112 178 180 190 141 
7.22 -4.44 2.29 -0.7500 0.1100 -0.9500 0.2511 -0.3133 0.2467 8.24 -4.32 3.06 105 183 178 202 146 
8.32 -2.99 3.99 -0.3800 1.5100 1.3500 -0.8144 -0.4600 0.0322 8.41 -4.42 2.39 110 193 197 212 163 
6.11 -3.18 2.08 -2.9500 0.4600 0.8600 -2.3222 -1.7756 -0.3656 8.73 -4.41 -0.55 121 219 221 229 172 
16.85 -8.18 -5.94 8.2100 -3.1800 -4.4400 1.4089 -0.3344 1.6400 8.04 -5.21 -2.05 156 378 184 196 147 
5.62 -2.62 -2.03 -1.8800 4.9900 -1.1900 2.9856 0.1011 1.8544 5.77 -7.86 0.97 152 370 188 204 154 
5.03 -3.52 9.48 0.0200 2.9100 4.3300 -1.7600 0.2056 -0.3333 5.51 -7.97 1.48 156 365 192 206 153 
8.48 -10.40 -6.38 1.0200 -2.0400 -5.2200 1.5733 0.7089 0.0011 5.60 -8.03 0.43 161 351 189 206 154 
5.48 -4.05 6.92 -0.5500 3.4600 4.3200 -1.0433 0.2733 -0.5789 6.03 -7.59 1.44 151 337 200 208 158 
6.45 -2.96 0.44 -0.7300 3.8600 0.3900 -2.5411 0.6322 -2.1956 7.78 -5.94 -0.44 147 297 232 255 188 
;
