6.21 2.36 7.89 0.4100 0.1900 0.0100 -0.1933 -0.2522 0.0378 5.80 1.97 7.65 165 257 254 260 193 
6.05 1.42 7.28 0.2400 -0.3800 -0.2200 0.0844 -0.0044 0.0889 5.91 1.90 7.58 169 257 254 262 193 
5.60 1.87 7.70 -0.4000 -0.0800 0.1000 0.0744 -0.5078 -0.1289 6.12 2.01 7.39 157 259 250 260 190 
7.54 1.54 5.67 1.3100 -0.4300 -0.1600 0.7778 -2.2900 0.2311 7.86 2.52 5.27 94 223 252 258 193 
19.08 1.11 1.44 13.0500 -0.9000 -0.5000 -0.2722 -2.1211 1.4411 9.74 1.08 0.34 87 155 177 174 128 
8.22 3.81 -2.61 -2.4200 6.5200 -2.8800 2.8533 0.7533 2.9044 9.30 -3.01 0.68 94 158 168 171 129 
4.50 2.11 1.49 -4.6900 5.3800 1.8600 2.6956 0.2056 0.1989 8.77 -3.95 1.86 97 155 170 171 128 
9.68 -1.51 3.86 1.1100 2.1500 1.7700 -2.6500 0.3644 -0.4056 9.02 -3.76 0.66 99 162 176 178 128 
9.47 -2.03 -2.85 -0.5300 0.8200 -4.5200 -1.3267 1.2178 -1.0100 9.28 -2.85 1.33 100 163 178 181 135 
10.86 -3.21 -4.70 0.4600 -1.1900 -4.0100 2.3878 0.0222 -0.0411 9.50 -1.98 1.36 100 165 175 177 131 
8.92 -3.78 -0.55 -1.0800 -1.4100 -1.1100 0.0700 1.0867 0.4344 9.35 -2.47 1.62 96 166 180 182 134 
11.18 -2.00 2.05 1.9000 0.8700 1.0100 -1.4089 -2.3267 1.1356 9.17 -3.35 -0.89 123 226 229 239 178 
6.70 -5.07 -4.68 -1.6200 0.0600 -0.7900 -0.3567 -4.7822 2.0211 5.39 -5.68 -5.88 172 285 256 292 199 
1.92 -4.55 -2.43 -0.9500 0.9700 7.1800 -1.8944 -0.3444 1.0622 2.56 -5.29 -7.84 178 289 246 284 157 
3.89 4.74 -21.77 4.5500 7.3800 -23.6500 -0.0500 0.4156 -0.0122 2.64 -1.98 -9.23 178 291 257 294 156 
3.84 -1.49 -10.12 -0.7800 0.9200 0.1900 0.6100 0.3222 0.0833 2.96 -3.18 -8.78 176 293 262 299 147 
5.11 -3.24 -10.30 -0.3500 -0.7000 -3.0200 1.7100 6.3111 -1.0311 6.91 -3.78 -5.82 179 270 226 209 127 
10.14 -3.12 -1.56 0.4500 2.6200 -3.3800 3.7900 11.3000 2.5322 4.87 -3.47 7.76 180 163 150 153 113 
-4.22 4.67 7.27 -7.1500 3.0600 -0.6000 0.5067 3.0333 3.9333 -4.83 -0.33 8.52 184 155 152 158 117 
-2.08 2.86 14.99 3.1200 1.0900 4.7200 -0.3711 -0.2178 -0.0167 -6.09 0.09 7.67 182 162 156 160 121 
-6.27 0.37 8.08 -0.4400 0.1600 -0.3200 0.0100 -0.5244 -0.1978 -5.67 -0.24 7.99 186 168 163 162 123 
-2.59 0.33 6.10 -0.0200 1.0700 -3.2000 0.6011 -6.1567 -2.3633 -0.55 -0.97 9.74 185 218 191 190 149 
;
