0.44 7.14 6.54 0.3500 0.0300 -0.1200 -0.0011 0.0300 0.0278 0.04 7.18 6.67 173 306 287 321 205 
-0.25 7.02 6.68 -0.2700 -0.1900 0.0800 -0.0267 -0.0744 -0.0056 0.03 7.17 6.68 170 303 282 313 206 
-0.23 4.76 7.26 -1.7600 -2.1300 -0.0300 -1.6300 -1.8089 -0.0500 1.35 6.28 7.40 103 214 238 244 204 
6.87 7.34 10.55 1.9600 0.5600 1.4700 -0.9744 -2.3411 0.6811 5.54 5.04 6.32 96 167 198 217 198 
11.77 5.33 5.38 4.4900 2.2000 0.1700 -0.7844 -2.7589 2.3556 8.65 2.35 3.97 93 155 169 152 154 
9.53 5.11 -0.59 -2.0300 6.6800 -4.1800 1.7389 0.1878 3.9711 8.89 -2.14 3.54 99 158 176 145 152 
4.03 0.31 2.09 -2.4300 4.1600 0.3500 3.3733 -0.5044 1.8567 7.83 -3.46 4.77 98 163 170 144 146 
6.57 -2.96 7.60 -0.0500 2.0800 2.4400 -2.2511 0.7167 -1.7167 7.86 -4.12 4.15 99 164 176 143 148 
8.62 -2.20 0.35 0.7200 1.9500 -4.3800 -1.5011 0.7256 -0.9456 7.58 -4.30 4.47 94 168 178 140 151 
10.60 -4.51 0.10 3.3100 -0.9700 -4.7100 1.4978 -0.8133 -0.3422 7.99 -3.11 4.74 96 169 180 167 148 
3.15 -1.65 6.94 -21.8900 5.2200 31.7800 0.5667 -3.9033 -0.6756 8.83 -2.21 3.63 106 169 191 169 157 
6.31 -2.49 10.49 -3.1500 -1.6600 3.4600 -2.2733 4.3422 -0.6944 6.22 -2.67 7.08 150 248 209 193 158 
7.87 -1.58 2.37 5.9200 0.5900 -7.6400 3.7422 4.0822 0.9867 -0.28 -0.33 9.79 177 184 156 160 144 
1.48 8.29 15.62 -0.0700 5.0000 8.2400 1.9644 -5.3478 3.9000 4.46 3.47 8.01 180 176 143 128 141 
4.20 4.03 7.18 -5.4500 3.0100 0.5400 -3.3000 -4.7100 4.2733 9.02 -3.10 2.25 183 171 148 124 147 
-0.48 -0.63 4.41 -9.0400 3.7400 5.0100 -2.1711 -1.0833 -3.1867 9.50 -1.81 -1.59 188 172 159 131 144 
18.34 1.05 -6.33 5.6400 -0.4300 -0.4400 0.4611 -0.1689 0.4589 9.60 0.63 -1.88 185 177 161 155 145 
8.39 3.20 0.10 -0.8500 3.3800 0.6700 0.7056 -3.3367 1.1289 9.12 -0.84 -3.50 187 228 206 203 176 
3.14 -0.40 -3.34 -3.2000 3.3700 3.2200 -3.5256 -3.0767 3.8944 3.93 -3.22 -8.38 170 291 257 299 207 
2.39 -1.49 -14.45 -0.7900 -0.7100 -4.7500 -1.4122 -0.2467 -0.0033 2.72 0.11 -9.42 172 297 278 307 209 
4.30 -0.85 -11.21 1.2400 -1.3000 -2.4000 0.0778 -0.4656 0.2800 2.33 0.41 -9.51 172 300 286 312 210 
6.10 -4.10 -14.92 4.6600 -3.0600 -4.8100 2.9444 0.6489 1.1089 2.17 -3.04 -9.06 177 301 288 316 210 
2.70 -2.59 -7.61 0.1500 4.3500 -0.4600 3.4122 1.9078 1.3633 2.37 -7.63 -5.68 188 326 255 331 206 
0.28 -1.96 -1.60 -1.6300 6.8700 1.1200 0.7722 0.3178 -0.0700 3.21 -9.07 -1.85 186 356 301 332 202 
3.95 -6.69 0.10 0.5200 2.3300 1.4000 -0.2700 -0.0311 -0.0822 3.52 -8.98 -1.70 184 359 306 336 204 
0.29 -4.68 -1.67 -3.9400 3.8500 -0.0300 -0.2467 -0.2622 -1.5056 4.62 -8.42 -1.94 191 352 293 333 205 
;
