1.60 -0.29 9.62 0.0700 -0.0700 -0.0300 -0.0022 -0.0022 0.0011 1.56 -0.22 9.67 178 324 348 382 213 
1.52 -0.29 9.65 0.1000 -0.0300 0.0000 -0.0011 -0.0044 -0.0033 1.55 -0.22 9.67 178 326 349 383 213 
1.70 -0.28 9.62 0.1100 -0.0900 -0.0600 0.0033 0.0133 -0.0011 1.55 -0.22 9.68 178 326 348 384 214 
0.71 2.24 13.45 -2.0000 1.9000 2.2700 -1.8878 -2.0133 -0.3156 2.80 -1.41 9.29 106 274 305 308 213 
10.31 -3.57 3.62 5.2300 0.7700 -4.9600 3.6589 -4.6100 7.8856 4.63 -3.71 7.80 96 177 194 197 185 
1.28 -0.37 8.31 -1.9500 3.2700 -0.3500 3.1611 -0.2900 4.2822 2.99 -2.79 8.91 90 161 171 179 152 
3.48 5.36 10.27 1.2900 6.5800 -0.0300 0.1067 0.5033 2.6444 0.15 -2.18 9.55 94 169 182 184 154 
-1.30 1.75 11.02 -2.0800 4.3700 0.8300 -1.4144 -0.5300 -2.6478 0.64 -3.59 9.09 95 171 185 187 155 
9.88 -6.88 5.19 8.8200 -3.0900 -3.7100 -0.2422 -0.1900 -0.7233 1.64 -4.49 8.55 99 172 187 190 158 
10.30 -3.25 13.27 2.5400 -0.6700 3.4600 -0.5978 -0.3589 -0.2011 2.45 -3.92 8.64 99 177 191 195 165 
5.03 -3.79 6.64 1.0200 2.1000 0.8200 -1.5367 -6.4222 1.9622 7.24 -5.79 3.17 105 209 204 208 168 
5.55 -9.04 -2.94 -0.9200 -0.1300 -3.2500 2.1678 -0.8300 3.4956 2.66 -9.31 1.49 96 237 181 192 159 
0.05 -7.73 1.47 -0.3800 1.3400 -0.7000 0.2622 -0.0722 -0.1878 1.83 -9.38 2.16 94 261 183 191 159 
3.23 -14.46 0.20 1.3500 -5.0700 -3.1000 2.7133 0.6144 -0.0267 1.62 -8.53 4.54 96 311 189 195 160 
0.46 -0.98 5.42 -1.3600 5.9800 -1.4300 2.9067 0.8489 -0.1178 0.85 -5.23 8.24 96 314 192 198 161 
-1.11 1.71 9.97 -1.9800 6.2100 1.1900 -2.3222 -0.8278 -0.7333 1.57 -5.79 7.75 99 290 192 199 160 
1.79 -5.21 3.26 -0.5800 0.2600 -2.1900 -3.0678 -1.6144 -1.2367 3.94 -8.17 3.71 97 271 194 200 162 
;
