3.19 -0.10 9.23 0.0700 -0.1500 0.0000 -0.0078 0.0067 0.0022 3.11 0.02 9.29 161 335 312 301 189 
3.08 -0.24 9.12 0.0800 -0.1400 -0.0800 -0.0022 0.0044 0.0056 3.11 0.01 9.29 162 331 316 306 187 
3.16 -0.12 9.36 0.0200 -0.1400 -0.0100 0.0578 -0.0100 0.0178 3.11 0.03 9.29 162 338 320 309 184 
2.04 5.98 9.49 -0.0300 6.0000 -1.0200 -1.2800 -2.7322 -0.2133 5.08 -0.30 8.37 159 308 256 305 202 
8.88 -2.77 1.11 3.5100 -2.3300 -4.3600 2.7256 -2.6744 0.4656 8.10 0.23 5.51 100 260 250 278 199 
9.14 -4.74 7.52 0.7700 -5.0400 1.6100 3.6600 -2.8056 2.3144 9.23 -0.69 3.23 92 166 174 196 169 
12.36 1.85 -0.05 3.6700 6.0800 -3.1100 2.4200 0.1111 2.8622 8.72 -3.58 2.67 93 166 159 169 146 
4.31 2.92 3.05 -2.6800 7.6200 3.6100 1.3389 0.2167 0.1678 8.09 -3.96 3.85 97 164 167 162 143 
9.55 0.90 5.07 3.6500 4.8700 -0.6400 -3.1556 0.2400 -1.3378 8.31 -4.15 3.13 97 171 173 143 144 
10.23 -8.17 -9.95 -2.3400 -2.9400 -7.2400 2.6033 -0.7622 1.6122 8.14 -4.31 3.33 97 169 166 135 135 
5.78 -5.26 3.84 -4.1300 -0.9300 2.8900 -1.4178 0.4278 -0.2722 8.73 -4.09 1.73 98 172 175 171 144 
9.50 -6.02 -1.47 2.6800 -2.5900 -3.2500 0.4156 0.5056 -2.1378 9.55 -1.39 1.72 100 174 179 175 145 
21.44 2.11 -5.67 6.6200 4.3800 -6.3600 2.9500 -0.5300 2.4267 9.40 -2.46 1.25 102 179 175 185 146 
4.22 5.20 4.06 -4.3800 9.8200 5.6100 -1.9967 1.0367 -0.7933 8.61 -3.56 3.03 101 176 170 178 140 
10.51 -0.63 1.86 4.7400 3.5300 -2.7600 -3.3822 0.3444 -0.6144 8.75 -3.84 2.16 97 181 180 177 141 
9.40 -5.63 -9.82 1.3100 -2.4500 -8.8000 1.4322 -1.6244 -0.7844 9.31 -3.01 0.50 99 175 166 168 133 
11.15 -4.20 -0.59 -0.5100 -2.1500 0.3200 -0.9667 3.8222 0.3956 9.16 -3.28 1.14 112 208 186 191 150 
12.38 -4.05 4.72 6.9400 0.6600 -1.4100 0.0833 8.8956 2.7289 1.25 -3.43 9.10 177 161 154 158 140 
-3.92 0.69 -3.25 0.8700 3.1600 -12.3300 2.3989 0.9544 3.1933 -5.88 0.03 7.84 190 165 149 162 148 
-2.96 1.21 14.15 3.8700 -0.7300 3.2000 -0.5556 -0.7844 -0.7144 -5.90 0.47 7.81 189 169 154 162 149 
-6.42 0.76 7.13 -0.4300 0.7700 -0.6400 -0.2322 -1.1700 -0.7667 -4.93 -0.19 8.47 189 180 159 166 145 
-2.61 1.31 8.63 -1.6500 2.6800 -0.5000 -1.7567 -3.5400 -2.6800 0.96 -2.37 9.46 191 193 159 173 155 
7.41 -1.20 7.66 3.6700 1.7900 -0.5000 -4.8444 2.6622 -4.0822 4.89 -4.54 7.17 182 222 181 195 159 
9.36 -2.65 5.80 4.2500 2.1800 -1.1700 0.6678 2.9356 -1.0456 3.70 -3.81 8.24 182 280 263 264 188 
;
