0.28 0.05 9.97 0.2500 -0.4800 0.3200 0.0611 -0.0622 -0.0544 0.05 0.46 9.79 177 363 363 392 215 
0.19 0.36 9.80 0.0300 -0.0200 -0.0400 -0.0322 -0.0289 -0.0022 0.05 0.42 9.79 178 359 362 393 214 
0.27 0.26 9.82 0.1200 -0.0300 -0.0100 -0.0544 -0.0600 -0.0144 0.17 0.31 9.79 176 357 361 393 215 
0.24 0.26 9.78 0.0300 0.0100 0.0300 -0.0233 -0.0022 0.0444 0.19 0.27 9.80 175 358 364 394 215 
0.35 0.25 9.80 0.0200 0.1600 0.2200 -0.1622 -0.3189 0.0656 0.40 0.13 9.79 168 317 353 375 216 
10.18 -0.27 10.57 6.0100 -0.9700 0.0900 -0.8078 -2.1011 4.5089 2.66 -2.80 9.01 102 258 278 328 215 
4.07 1.28 7.87 -1.4600 3.9300 0.4700 1.6078 0.6467 4.6489 2.94 -3.37 8.72 99 169 186 221 193 
3.88 2.66 7.33 1.8600 5.0800 -1.5900 1.4622 0.5067 2.7844 0.81 -2.27 9.50 94 159 180 190 171 
-0.74 1.58 11.96 -2.4000 3.8700 2.9900 -0.6789 0.0289 -1.5100 0.60 -2.51 9.45 98 161 185 193 173 
3.89 -1.17 8.22 3.0100 1.1500 -1.1200 -0.3456 0.1944 -2.2833 1.07 -3.16 9.21 100 168 185 192 174 
5.89 -5.42 5.36 4.5900 -2.8400 -4.4000 1.1111 -2.0389 0.8778 2.45 -2.53 9.14 101 164 190 198 173 
7.39 -2.66 10.00 -1.2500 -0.9600 0.0600 -0.3533 -0.5467 0.2233 4.13 -2.09 8.64 103 170 193 200 173 
2.35 -1.89 8.08 -2.1400 0.4600 -0.1800 -0.0533 -1.5811 -0.2844 5.39 -2.02 7.93 106 179 201 209 178 
13.48 -4.16 10.25 7.5400 -2.3600 4.3700 0.7733 -2.6200 0.7011 8.29 -1.38 5.03 137 289 208 206 179 
11.09 -0.79 0.78 2.2800 1.4900 -1.7900 2.3500 -0.6278 2.4900 8.56 -1.33 4.58 135 373 181 185 171 
4.25 0.71 1.60 -1.5600 2.6900 -2.6700 0.6811 0.9011 0.0356 7.43 -1.21 6.27 111 366 170 180 172 
6.88 1.34 6.20 -0.3800 1.8600 -0.3200 0.3233 0.0378 -0.1300 7.28 -0.50 6.54 111 381 193 184 173 
7.84 0.64 5.14 0.4500 1.3500 -1.3700 -1.0556 0.1333 -0.6067 7.24 -0.80 6.56 114 387 186 187 176 
7.60 -2.59 3.77 0.4100 -1.3500 -2.7600 -1.1589 0.7844 -0.6878 6.63 -1.70 7.01 121 396 181 192 183 
6.10 -2.37 9.63 0.2200 0.3300 1.7900 -0.8111 0.5478 -0.3022 6.33 -2.20 7.15 120 395 192 192 187 
-1.32 0.46 5.31 -9.3100 2.5800 -3.1500 -2.8956 0.4256 -2.2456 6.44 -3.05 6.73 132 302 200 205 191 
8.36 -1.57 8.23 2.5000 -0.4800 0.1000 -1.7078 6.3756 -5.8822 3.33 -1.19 9.14 176 312 278 337 207 
;
