3.01 -0.44 9.43 0.3000 0.1000 0.6200 0.6567 -1.0889 -0.5633 3.36 -0.28 9.20 173 303 299 303 191 
4.96 3.05 6.54 0.2100 2.1600 -2.1500 -0.5678 -3.6433 0.0633 7.10 0.77 6.71 120 270 260 284 205 
9.57 -2.94 4.22 -1.1900 -3.7900 -0.7400 3.4878 -1.3333 1.2311 8.68 0.94 4.45 95 217 213 220 197 
14.02 0.35 4.09 3.4200 0.0300 0.4000 1.7411 -0.6078 2.3556 9.50 -1.26 2.04 93 175 188 143 156 
9.18 2.20 -0.82 0.7900 5.0700 -3.7000 1.6889 1.0489 2.0778 8.56 -3.45 3.30 86 154 155 158 144 
-0.05 3.34 13.87 -18.5500 3.8100 26.5200 -1.5378 0.0678 -0.5944 7.60 -3.60 5.03 88 163 161 159 143 
12.21 0.33 3.58 3.1800 2.8800 -2.4100 -2.5367 0.3600 -1.3389 8.27 -3.42 4.00 91 171 166 164 149 
11.19 -4.96 -4.99 2.6800 -1.6300 -8.2900 0.8800 0.9600 0.3767 7.89 -3.20 4.84 93 174 166 168 141 
18.02 -2.41 10.53 3.3700 -0.7100 5.0600 -0.7956 0.5967 -0.1111 8.47 -3.01 3.90 106 190 187 191 165 
14.93 -7.06 1.78 5.0500 -4.1400 -2.6600 2.2833 -3.4500 5.0000 7.50 -6.17 1.30 155 261 149 148 136 
-3.40 -3.44 -1.74 -8.5100 5.7400 -1.8200 2.2000 1.3044 1.3556 2.38 -8.71 3.79 131 278 142 154 136 
4.34 -9.71 4.85 3.1500 -3.2200 -0.2000 -0.1889 -0.4011 -0.1800 2.49 -8.64 3.89 128 283 152 164 138 
3.16 -6.03 -0.51 0.0100 4.8700 -5.0100 5.0889 1.5011 0.9844 0.83 -5.37 8.16 133 299 152 166 140 
-6.56 8.41 14.57 -5.0500 9.8800 1.3800 -3.6711 -0.7344 -1.1267 0.14 -5.15 8.34 132 295 151 171 142 
4.96 -5.91 -1.26 3.8400 0.0900 -6.6500 -4.7556 -1.0789 -2.2322 3.91 -8.79 1.84 130 294 154 174 146 
6.42 -11.31 2.10 1.8900 -1.7500 1.5200 0.5789 0.1844 0.2622 3.92 -8.89 1.28 129 295 160 167 144 
3.26 -8.02 1.85 -0.5500 0.7500 0.2200 0.0411 -0.1744 0.2233 3.64 -8.97 1.50 130 294 160 173 143 
4.59 -12.39 0.62 1.2900 -3.5400 -1.3600 1.2667 -0.2256 0.1444 3.43 -8.90 2.26 133 294 160 169 148 
6.44 -8.46 -2.28 3.0500 1.3400 -6.6800 4.6133 1.0211 1.3467 1.99 -6.93 6.63 135 301 161 170 149 
-3.90 10.63 15.76 -5.5900 15.8400 11.4500 1.0489 1.1667 -0.4600 -0.23 -3.02 9.32 139 305 161 177 147 
0.94 -3.23 4.98 0.5100 2.5900 -2.5800 -3.6078 -1.0567 -0.7467 1.33 -7.54 6.12 136 302 163 177 150 
4.29 -16.75 -3.35 2.4300 -6.7700 -5.7500 0.2178 0.1622 -0.0078 1.51 -8.95 3.69 139 298 168 176 149 
1.02 -6.69 4.72 -1.0400 2.2100 0.1200 0.0267 -0.2556 -0.5111 1.94 -8.51 4.45 143 296 167 173 152 
0.99 -4.14 4.04 -1.9600 4.6400 0.9800 -2.4789 0.9633 -4.5167 5.83 -7.34 2.86 153 277 180 189 161 
10.57 -3.53 4.55 2.6100 0.6700 0.4900 -2.7933 7.4167 -6.4367 6.40 -1.92 7.17 166 276 233 232 176 
3.05 2.33 11.29 0.7700 0.4600 -0.1900 0.9044 -1.0033 -0.9033 2.64 -0.73 9.41 169 310 274 282 189 
;
