1.30 -0.33 9.68 -0.0300 -0.1200 0.0000 -0.0022 0.0078 0.0100 1.36 -0.23 9.70 169 336 342 373 217 
0.79 -0.51 9.99 -0.5600 -0.3500 0.0900 0.4267 -0.5967 -0.1089 1.72 0.00 9.65 142 322 343 378 216 
15.48 5.45 9.69 11.3900 5.7600 1.7800 -2.0978 -1.1211 1.3567 5.33 -1.54 8.08 96 221 284 333 216 
9.52 -3.71 2.98 4.7000 2.6100 -2.5000 3.5767 -1.1478 6.1144 4.73 -3.38 7.89 92 164 182 198 181 
0.33 2.62 9.29 -3.3700 5.6600 -0.4700 1.7622 1.3900 3.9300 1.43 -2.02 9.48 98 162 185 195 177 
2.35 3.41 4.98 4.0200 5.2900 -4.8300 0.5167 0.8478 2.5489 -1.25 -1.47 9.61 101 173 192 201 176 
-1.39 2.02 12.15 -0.6700 3.6800 2.6100 -0.9667 0.0989 -2.5756 -0.87 -2.83 9.34 102 174 194 203 179 
4.72 -3.94 6.00 5.0400 -1.8400 -3.7900 0.4656 0.3756 -0.9622 -0.75 -3.45 9.14 103 175 196 206 178 
-5.51 -3.23 10.25 -17.7500 1.5800 13.8800 0.2589 -0.8256 -0.8533 1.30 -2.13 9.48 104 177 199 208 179 
-0.21 -1.95 9.83 -2.5600 1.0700 0.8300 -0.8811 -0.3589 -1.3956 3.02 -3.04 8.81 125 234 240 243 201 
7.85 -3.89 6.24 3.8300 -0.1700 -2.1000 -1.0967 0.1956 -0.7056 4.95 -3.56 7.67 154 332 186 181 167 
8.41 -0.24 4.76 3.2700 2.3100 -3.3100 1.8378 -0.5311 -0.0133 5.76 -2.28 7.59 139 340 190 183 167 
14.02 -0.50 15.69 6.9700 1.5500 10.2000 1.0456 -0.0256 3.4456 6.06 -1.55 7.54 147 343 194 187 169 
-2.49 -1.16 8.19 -6.5300 3.5600 0.0900 -2.2878 1.2511 0.6489 3.66 -5.78 7.02 151 343 194 190 169 
1.81 0.32 2.00 -2.3800 5.8700 -5.4700 -0.2433 0.0711 -2.9156 5.17 -5.22 6.48 149 344 194 191 171 
9.90 -0.37 3.95 3.6000 2.4600 -2.3300 1.6567 -0.9722 -2.3144 7.29 -1.56 6.36 148 343 197 192 172 
14.60 -0.53 12.74 5.4400 -0.3600 7.3000 0.2933 -0.6500 1.3311 8.22 -0.51 5.30 151 342 202 195 174 
;
