-0.16 0.10 9.72 0.1300 -0.0400 0.0800 0.0089 -0.0711 -0.1222 -0.16 0.12 9.80 166 343 342 371 214 
0.08 0.01 9.80 0.1900 -0.0100 -0.0200 -0.0122 -0.0144 -0.0522 -0.13 0.07 9.80 167 341 341 373 214 
-1.44 0.16 10.44 -0.8900 0.2400 1.2200 -0.8467 -2.1433 -0.5233 1.21 -0.54 9.71 117 307 314 344 213 
13.06 -2.14 9.46 6.8000 -1.0600 -1.1200 0.4767 -4.5778 5.0844 5.09 -3.95 7.38 100 192 190 215 205 
4.64 2.10 7.60 -1.0400 5.6400 -0.8600 3.0144 0.6100 4.9478 2.51 -3.75 8.70 93 171 178 198 185 
0.76 2.34 7.85 0.6000 5.6900 -1.3000 0.6922 0.5878 2.7211 0.00 -2.46 9.49 95 174 181 202 184 
0.42 0.02 11.15 -1.1800 3.6600 3.1500 -0.2778 -0.0200 -1.5178 0.04 -2.78 9.40 99 178 189 207 187 
4.94 -2.62 7.67 4.1900 0.4100 -2.1700 -0.5778 0.6111 -2.2611 1.19 -3.86 8.93 98 180 190 204 186 
3.88 -5.97 5.47 3.6300 -2.5200 -3.4100 0.3600 -1.4822 0.2544 2.51 -3.59 8.77 98 181 193 208 185 
18.07 -1.47 8.41 5.1600 0.0600 2.1300 -0.5767 -0.1311 0.0589 5.45 -3.49 7.35 102 176 193 210 190 
5.76 -1.85 14.98 2.7800 2.9500 6.1700 -4.5856 4.5544 -1.6822 3.59 -5.78 7.05 133 244 260 261 211 
6.54 -5.50 3.97 5.0700 4.2300 -0.5500 -6.0067 4.2778 -0.3044 0.39 -9.69 1.40 184 285 293 321 211 
0.96 -7.40 -6.46 0.5700 1.6200 -3.4400 -0.7867 -0.0967 -0.0644 0.51 -9.50 -2.37 183 286 289 325 212 
0.46 -8.61 -5.76 -0.6300 1.0400 -3.0500 3.4767 0.1044 -0.3067 1.08 -9.71 0.78 182 289 291 325 210 
3.34 -8.01 11.86 2.1300 1.5100 8.2500 -2.5167 -0.3289 0.0578 1.09 -9.72 0.63 180 293 306 323 209 
-1.31 -8.12 -10.96 -2.7700 1.2600 -9.8800 -1.2856 -0.7311 0.3422 0.33 -9.33 -2.98 181 292 307 323 211 
-0.52 -7.26 -3.02 0.1300 2.5600 0.9900 4.0167 0.8933 -0.7222 1.17 -9.65 1.28 180 290 303 321 210 
4.13 -7.41 11.00 3.3600 1.9600 4.6200 -1.9400 -1.1067 -0.2844 1.84 -9.53 1.38 182 285 297 291 209 
0.17 -6.80 -4.94 -0.3200 3.0800 -4.5300 1.4756 -0.2411 0.3689 1.36 -9.66 0.98 178 269 269 268 210 
-1.33 -6.21 2.60 -2.5600 1.1900 -1.0700 4.7000 0.3222 -2.3333 2.80 -6.54 6.74 178 273 296 293 211 
3.34 -1.98 14.65 1.3200 0.5900 4.7200 1.7011 1.2733 -1.5467 1.77 -1.95 9.44 179 321 301 357 208 
;
