0.31 -1.32 10.42 -0.6500 0.2900 -0.2200 -0.9667 -0.8667 -0.0389 1.55 -2.39 9.38 171 257 265 252 211 
12.49 -7.76 -1.01 8.5600 -4.9900 -8.5800 2.4067 -5.3278 0.7556 7.90 -3.26 4.79 141 186 189 199 186 
4.70 -1.08 8.35 -0.7300 2.8600 2.1400 2.1333 1.2800 4.3911 3.24 -4.10 8.29 93 227 232 237 206 
3.56 1.43 4.97 1.7800 5.1200 -2.8100 1.4367 0.3733 3.0033 1.02 -3.49 9.10 93 171 176 201 177 
5.02 2.12 8.94 4.6100 4.4900 -0.0200 0.9544 -0.7944 3.2767 0.31 -1.99 9.59 96 169 183 198 174 
-2.07 1.66 13.53 -2.5700 4.0400 3.8100 -0.9833 0.8911 -2.3733 -0.08 -3.19 9.26 98 171 191 199 175 
8.81 -4.05 5.94 8.8800 -0.4700 -3.2600 0.1989 0.5822 -1.1778 0.14 -3.69 9.08 99 173 194 201 177 
1.99 -4.94 6.48 -2.4400 -0.7900 -1.2100 -1.1511 -0.9056 -0.9833 2.07 -3.00 9.09 98 174 189 204 180 
-1.27 -3.26 14.81 -1.6700 1.1300 6.6600 -3.7344 -0.0367 -0.8256 2.66 -5.80 7.43 114 234 250 242 206 
8.32 -8.41 0.46 6.0200 0.4300 -3.3100 -3.8278 -2.3556 3.2022 1.48 -9.54 1.67 153 254 256 243 202 
-5.46 -6.11 1.11 -3.6800 3.4700 2.5300 -0.8067 -2.4056 -0.1667 -0.95 -9.75 -0.03 137 246 238 233 196 
-4.17 -8.45 -2.73 -3.9100 1.1200 -2.3200 -0.9533 -5.3600 -2.9544 1.15 -9.59 -1.65 127 235 233 229 185 
10.36 -6.05 -5.93 9.6900 2.5000 -1.1000 0.7611 -4.6700 -2.4378 3.33 -8.51 -3.53 132 235 235 235 188 
7.60 -3.40 -0.50 3.8300 4.4300 2.8100 -1.6356 3.5411 -0.3256 4.78 -7.73 -3.67 152 246 254 255 201 
;
