3.05 -1.07 9.25 0.0000 0.0700 0.0000 0.0022 0.0111 0.0056 3.04 -1.12 9.25 151 297 312 295 191 
2.90 -1.15 9.21 0.0200 0.0500 0.1300 0.0167 -0.0833 -0.0211 3.07 -1.16 9.23 154 297 303 303 193 
3.47 5.96 11.49 4.0600 8.0800 2.0500 -0.8511 -7.3456 0.8444 8.57 -1.43 4.54 95 213 243 261 196 
12.31 -6.20 -9.76 5.4600 -3.8600 -6.8900 10.1589 -0.8167 1.6378 9.34 -2.41 1.75 94 185 160 170 166 
6.00 -0.74 3.51 -1.9200 4.0300 -0.4500 2.8522 -0.5444 1.9811 7.86 -4.51 3.73 83 171 166 163 150 
5.26 3.54 3.43 -2.2000 7.4800 -1.0300 1.3556 -0.4356 0.7933 7.29 -4.33 4.91 92 175 168 171 153 
7.96 -2.43 7.58 0.4900 2.6900 2.9800 -3.3800 -0.1178 -0.9356 7.68 -5.23 3.12 93 180 174 178 152 
8.46 -4.26 -5.85 0.4400 0.6100 -9.0000 -0.3533 0.0467 -0.8189 8.22 -4.87 2.17 97 178 175 184 150 
-5.17 -1.93 19.35 5.5700 1.6400 22.9900 -0.7678 -1.3744 0.2211 8.72 -4.19 1.57 99 176 168 172 134 
9.74 -4.01 4.67 1.4000 0.3900 2.1500 -0.2489 0.3222 0.2067 8.32 -4.48 2.60 103 182 174 181 148 
8.63 -0.64 8.66 -0.2400 4.3400 6.3200 -2.8644 -2.2467 0.3144 8.37 -5.07 0.44 122 230 215 231 189 
2.97 -3.22 -4.12 -3.1900 3.7800 -1.3800 -4.2644 -2.7656 1.0211 4.83 -4.88 -6.98 164 251 220 248 195 
3.86 -1.20 -11.78 0.9200 0.5900 -3.2500 -1.6378 -0.6167 -1.0967 4.13 -1.37 -8.78 174 258 236 269 203 
11.34 -6.30 -20.64 7.9600 -4.4200 -11.1900 2.0378 0.4889 1.5889 3.38 -2.38 -8.89 178 285 259 292 207 
3.87 1.80 -6.50 -3.5200 3.5400 2.1100 4.1400 1.2378 1.4311 2.46 -7.44 -5.89 184 325 260 316 203 
0.59 -0.87 -0.12 -1.8700 6.9700 3.0200 0.8978 0.4711 -0.2589 3.42 -8.99 -1.87 186 347 286 321 205 
3.40 -6.07 -0.52 -0.6200 3.4400 0.8400 -0.4689 0.1944 -0.7822 4.23 -8.60 -2.02 188 332 279 323 205 
3.79 -5.82 -2.43 -1.4500 0.8500 -0.5700 -1.5589 -0.4200 -1.9933 6.30 -6.70 -3.39 189 285 278 320 202 
12.99 -7.38 -7.74 5.7600 -2.5900 -3.4400 0.2022 -0.0867 -1.8022 7.86 -4.04 -4.23 169 318 192 171 162 
13.95 -6.23 -4.67 4.3800 -1.6800 -3.5800 4.7256 1.3878 -0.1500 8.71 -4.49 -0.07 103 325 155 166 141 
5.30 -0.82 1.02 -3.7800 2.2300 -2.9400 3.5733 1.6689 -0.2711 8.07 -1.69 5.30 96 362 164 171 142 
5.65 5.30 5.08 -1.9800 5.0300 -1.2900 1.7456 0.9200 0.4600 6.84 0.45 7.01 111 364 169 177 148 
10.09 1.55 4.40 0.2700 0.4000 0.7400 -1.3600 0.6367 -0.8300 6.55 0.41 7.27 103 371 174 177 150 
6.30 0.77 6.12 -0.2200 0.9000 -0.6900 -1.3900 -0.3889 -1.2389 6.65 0.13 7.20 104 375 170 177 148 
6.69 -0.71 6.38 -0.1400 -1.1900 0.0300 -0.9978 -0.5878 -0.6800 7.27 -0.12 6.57 110 377 171 178 150 
5.42 -0.27 7.54 -2.0400 0.3300 0.9100 -0.5111 -0.6356 0.1500 7.55 -0.74 6.20 113 373 178 183 149 
3.53 0.09 5.01 -4.2700 2.0800 0.2100 -2.2600 -2.1689 0.6511 8.70 -2.58 3.69 109 366 176 183 153 
7.66 -2.60 0.19 -0.3100 1.1400 -1.4200 -3.2789 -2.0133 -0.2222 9.22 -3.28 -0.49 110 297 181 185 154 
;
