6.08 1.32 7.92 -0.0500 0.1200 0.1800 0.0956 0.0411 -0.0633 5.75 1.49 7.80 108 244 263 270 200 
5.48 1.54 7.36 -0.3300 -0.2200 -0.4000 0.3000 -0.0656 -0.3978 5.73 2.00 7.69 103 238 257 269 200 
6.06 1.18 6.72 0.2400 -2.9300 -0.5100 0.9933 -2.9411 0.0422 7.26 2.86 5.92 107 218 249 258 200 
16.06 2.72 7.60 6.8900 2.4500 1.5000 0.1289 -1.6756 3.3033 9.25 0.14 3.24 97 170 176 170 146 
8.65 4.89 -2.40 -0.9900 7.8400 -5.6300 1.7889 1.0789 3.3844 8.19 -3.98 3.63 96 167 175 156 144 
-9.52 2.81 30.41 -18.5700 2.0500 25.6600 -1.1733 0.1433 -0.6200 6.89 -4.42 5.38 96 174 173 169 148 
10.70 -0.46 4.71 3.6700 2.5000 -2.2100 -2.1478 1.2589 -2.3078 7.35 -3.69 5.33 103 179 181 174 151 
9.77 -4.70 -0.10 3.4600 -2.0400 -5.4200 -0.2956 1.1933 -0.8978 7.04 -3.03 6.11 98 175 177 176 143 
0.61 -3.93 10.30 -9.5700 0.7600 15.9600 -0.2756 0.3633 0.1633 7.26 -3.14 5.79 99 177 174 181 145 
6.44 -4.15 6.20 -1.2900 -0.8900 0.8200 -0.3189 2.5589 -0.6200 6.43 -3.48 6.52 124 222 199 192 150 
6.37 -3.71 9.95 2.7900 -0.4200 0.7500 -0.1533 6.3611 1.6244 -1.24 -3.16 9.19 180 179 148 128 135 
-4.42 -0.20 6.34 0.6300 1.8600 -1.9200 -0.2467 1.9711 1.9589 -6.30 -1.77 7.29 183 181 158 156 134 
-4.84 0.82 -0.26 0.8500 3.1900 -2.3700 3.1167 0.1233 1.1767 -6.72 1.05 7.05 185 179 162 157 134 
-5.20 2.31 12.16 0.5400 0.6100 3.5700 -0.5589 -0.9778 -0.1333 -5.71 1.17 7.88 188 190 169 154 135 
-9.48 3.64 14.69 -4.8700 5.1700 6.1600 -5.5300 -1.6222 -3.7733 -2.65 -3.95 8.57 173 239 221 218 179 
4.01 -3.69 3.38 7.2200 5.8500 -1.1900 -6.6000 2.5556 -2.0656 -0.57 -9.72 -1.15 172 277 272 284 191 
-3.39 -6.13 -12.17 -5.1500 3.0400 -7.5400 0.7689 1.9378 -0.3967 0.00 -8.85 -4.21 178 287 268 287 190 
-0.64 -6.33 5.11 0.0300 3.6600 12.6900 5.0933 1.5044 -1.8567 3.04 -9.16 1.72 177 287 263 274 191 
6.22 -5.83 -1.02 2.3200 2.5600 -1.3800 -3.1744 -2.1800 2.3767 1.30 -9.24 -3.00 178 284 277 282 192 
-11.21 -10.56 -16.47 -9.5100 0.1100 -9.3900 3.3800 2.9600 -1.7856 0.82 -9.23 -3.19 178 280 273 286 192 
7.94 -3.96 14.12 7.8600 6.1400 19.0400 1.7678 0.7211 -0.4989 3.24 -9.11 1.60 178 283 277 284 194 
2.69 -7.39 -1.14 -0.5800 1.7300 -2.1700 -0.8200 -4.1222 1.5089 1.65 -9.48 -1.86 172 273 270 264 191 
;
