2.92 5.71 8.55 2.0900 6.1400 -2.3100 -0.3200 -2.3211 1.8533 3.93 0.71 8.95 173 330 342 382 214 
5.07 -3.69 2.97 0.2900 -1.1200 -2.7600 2.7922 -4.8900 1.0078 8.21 -0.33 5.34 117 282 318 359 215 
21.28 -1.68 2.65 9.7600 -0.3500 3.4800 3.0100 -1.5178 2.2044 9.64 -1.74 -0.31 96 176 183 206 156 
6.99 0.88 -1.61 -2.7400 5.5700 -3.3000 2.5889 1.3311 1.3300 8.67 -4.33 1.44 96 186 184 202 152 
5.50 -0.05 0.11 0.8700 5.1200 1.9000 1.1500 0.3733 -0.1944 8.65 -4.03 2.23 99 191 185 201 152 
11.07 0.44 3.68 2.1400 4.7000 0.5800 -3.6689 1.2211 -0.3033 8.42 -4.77 1.55 99 192 192 206 153 
7.20 -5.13 -5.96 -1.9600 -0.2000 -6.6900 -0.3633 0.3678 -0.0800 8.28 -5.08 1.28 102 190 191 204 153 
6.42 -8.83 0.96 -3.3600 -2.9700 1.0300 2.4378 -0.0900 0.6133 8.08 -4.60 3.09 100 177 181 198 154 
2.83 -5.83 2.82 -3.4100 -0.5400 -0.5700 0.2000 -0.0133 -0.5256 7.86 -4.78 3.38 100 185 190 202 154 
8.53 -4.45 2.69 0.3300 0.3600 -0.4500 0.4089 0.1089 0.2833 7.96 -4.67 3.30 106 187 191 208 159 
7.28 -3.13 4.53 -1.1400 1.6100 1.5500 -0.5800 -0.1756 -0.3611 8.07 -4.66 3.05 106 200 203 215 155 
9.15 -1.06 5.39 2.2300 0.7200 2.0500 -2.5289 2.0511 -2.7833 8.95 -2.74 2.89 130 243 248 249 184 
18.10 -1.49 6.87 7.6600 1.4200 2.4300 -1.6144 4.8989 1.0767 6.72 -3.28 6.33 153 258 227 235 175 
3.53 -5.06 4.01 -0.1900 0.6000 -1.9300 0.5900 0.3900 1.8078 3.84 -5.27 7.31 179 248 238 252 183 
-2.16 -9.32 3.75 -3.7800 -3.5400 -3.0300 2.2089 -5.5700 1.9844 5.14 -5.33 6.42 190 328 338 363 216 
8.89 -4.03 1.18 -0.6700 0.8300 -4.0200 0.4600 -0.7689 -1.3400 8.08 -4.08 3.75 196 394 369 388 216 
11.16 3.02 2.74 2.4500 4.9400 -1.2400 1.0556 1.8422 -1.2122 8.01 -1.22 5.51 197 410 369 398 216 
3.76 3.53 8.48 -1.9700 4.6600 0.9800 -1.6767 2.2811 0.3933 5.03 -2.36 8.07 188 353 333 391 216 
5.43 -2.94 5.37 1.1200 1.6300 -1.9100 -4.0600 0.4878 0.1133 4.13 -6.79 5.74 185 278 307 391 218 
2.46 -10.16 1.47 0.0600 -2.7000 -2.6400 -1.5656 1.8222 0.6033 2.43 -8.71 3.78 185 287 318 395 220 
-0.74 -9.94 2.76 -3.0600 -0.5700 -0.6800 -0.1678 0.6156 -0.7144 2.22 -8.93 3.38 187 295 320 398 223 
1.38 -7.64 2.34 -2.0900 1.1900 -0.9600 -0.0744 -0.0244 -1.6367 4.10 -8.27 3.28 177 291 313 376 219 
;
