6.92 3.88 2.56 -1.5200 -1.3600 -0.7500 0.3500 3.3689 -0.5244 6.83 5.43 4.46 158 288 259 279 181 
4.97 6.89 6.76 0.2000 0.4800 1.8700 0.3311 0.7722 0.0833 4.78 6.53 5.52 162 289 275 285 176 
5.41 6.15 5.56 0.8000 -0.2800 0.0300 -0.0267 -0.0289 -0.0633 4.90 6.47 5.49 161 290 275 284 179 
5.36 5.96 6.06 0.1800 -0.5300 0.1100 -0.7000 -0.0711 0.2289 4.99 6.02 5.91 154 286 272 283 180 
15.88 6.07 5.30 9.1000 0.5500 0.7600 0.5978 -2.3933 3.8778 8.64 3.64 2.85 106 217 258 273 181 
10.37 2.51 0.67 -0.8800 2.9600 -0.9500 0.5878 0.8467 3.3833 9.42 -1.95 1.88 97 184 191 202 147 
3.39 -0.68 0.18 -3.3800 2.7800 -2.7500 2.5844 -0.2667 0.9622 8.45 -3.77 3.23 102 169 173 181 132 
5.96 -1.36 9.80 0.4100 3.7600 3.6000 -1.7811 0.8311 -0.7033 8.04 -3.65 4.25 105 187 190 199 145 
9.60 -3.01 0.49 0.9100 -0.0400 -3.9000 -1.2689 -0.6056 -0.5567 8.47 -3.64 3.34 105 188 198 201 144 
9.87 -5.85 -1.01 0.8900 -2.2700 -3.5900 1.0822 -0.2922 0.2378 8.72 -3.80 2.35 106 191 200 202 144 
9.28 -0.93 10.32 3.5700 1.6000 5.6100 0.0167 -0.0367 -0.2322 8.96 -3.31 2.20 107 192 208 209 150 
8.49 -3.34 3.68 0.8600 1.0600 2.5700 -0.4333 -1.1689 1.6922 8.42 -5.00 0.30 140 247 248 242 165 
7.21 -9.33 -3.13 -2.8600 -0.8800 -3.8200 -0.2700 1.2189 4.2722 3.68 -9.07 0.42 117 283 204 187 142 
-0.38 -8.21 0.26 -1.2300 0.5200 -0.9800 1.3956 -0.0178 0.2578 2.35 -9.23 2.31 111 296 207 186 141 
3.30 -11.18 -0.39 0.8800 -1.5000 -4.1500 3.0711 0.5567 0.6378 1.27 -8.19 5.23 117 301 209 189 144 
-1.21 -0.23 8.79 -2.6000 7.6900 4.2700 2.3567 0.6922 -0.5456 0.42 -4.85 8.51 119 299 213 196 145 
-1.57 -0.21 9.49 -1.7900 6.1100 1.7900 -3.6944 -0.4111 -1.1778 1.52 -7.60 6.00 118 301 213 198 148 
3.54 -9.10 -4.17 0.6600 -2.0700 -9.3900 -3.6033 -0.7467 -1.5378 4.01 -8.94 0.19 120 274 211 198 147 
4.84 -7.55 -4.00 -2.2700 -0.3600 -2.4600 -0.2389 -1.4289 -2.9978 7.40 -6.10 -2.02 158 277 270 270 182 
11.96 -7.94 -4.53 4.7600 -1.6900 1.1500 -1.3422 -2.1022 0.8511 5.13 -5.73 -6.07 183 301 308 336 196 
2.21 -4.18 -2.07 -0.0500 1.5400 3.6200 -1.7267 -1.0422 0.5022 2.96 -4.60 -8.13 180 290 311 336 199 
3.79 -3.63 -10.83 0.7600 -0.4600 -1.1100 0.2111 0.1289 0.0133 3.20 -3.79 -8.45 181 295 311 337 200 
2.96 -3.88 -7.31 -0.3600 0.2400 0.9400 0.1122 0.1911 -0.2656 3.41 -3.98 -8.28 183 292 314 336 200 
2.62 -1.20 -7.12 -1.5800 2.4100 0.4900 -0.4878 1.7033 -1.2711 5.35 -3.31 -7.51 181 290 295 314 194 
;
