0.01 0.18 9.80 -0.0400 -0.0300 0.0000 0.0011 0.0000 -0.0022 0.12 0.23 9.80 171 359 349 390 212 
0.03 0.20 9.78 -0.0900 -0.0600 -0.0700 0.0022 -0.0033 0.0022 0.11 0.22 9.80 170 360 351 391 213 
0.03 0.20 9.82 -0.0600 0.0000 0.0200 -0.0056 -0.0022 -0.0022 0.11 0.22 9.80 171 359 349 389 212 
-0.17 0.20 10.91 0.3200 0.3000 0.9900 -0.8233 -0.6744 0.3756 0.50 -0.24 9.79 154 324 330 363 215 
8.89 -1.18 11.68 6.8900 -0.4200 0.5100 -0.3300 -2.0278 4.7578 2.68 -1.74 9.26 94 199 229 264 212 
1.33 1.71 8.66 -1.5500 3.5000 -1.2600 0.4567 0.6300 4.3422 0.78 -2.56 9.43 92 159 164 184 162 
1.37 4.05 7.82 1.7800 5.9000 -1.4700 0.2289 0.0500 2.8967 -0.62 -1.70 9.63 92 164 184 185 162 
-3.59 2.52 12.10 -2.1900 4.1600 2.6600 -0.4400 0.0400 -2.1956 -0.78 -2.17 9.53 95 168 186 190 164 
4.60 -3.12 7.50 5.0500 -0.7100 -1.8200 -0.1511 0.0844 -1.6467 -0.08 -2.96 9.34 96 170 190 195 165 
1.96 -3.75 7.21 -2.6200 -0.2300 -0.1400 1.1400 -3.0522 1.7778 2.05 -2.30 9.30 98 175 194 197 168 
0.61 -1.84 8.91 -1.6600 0.9800 -0.6400 -1.4978 -0.8244 -1.5878 3.80 -3.20 8.44 114 205 199 222 184 
5.99 -3.25 8.23 2.5600 0.0100 0.1300 -1.2900 -0.1389 -0.9967 4.80 -4.09 7.50 162 186 186 184 158 
8.48 -8.23 8.72 5.7900 -2.9900 -0.3000 0.4178 7.3778 3.7133 -1.88 -4.48 8.51 189 162 180 173 164 
-5.23 4.83 5.54 -7.1500 5.9600 1.5600 0.2556 1.1200 2.9244 -7.41 -0.19 6.41 191 167 186 178 164 
-6.42 1.87 4.38 0.1500 2.6600 -1.8600 -0.1433 -1.9333 -1.6000 -6.15 -1.31 7.51 193 177 185 177 166 
-4.36 1.08 7.23 -1.6700 3.7900 -2.0200 -0.8356 -1.9011 -5.8900 -0.22 -4.02 8.94 188 219 217 214 188 
7.42 -2.13 10.93 7.6100 0.8400 0.8000 0.9400 3.6700 -4.4378 0.52 -2.70 9.41 186 346 301 372 203 
0.09 -0.45 9.75 -2.2800 5.1900 6.4000 0.1578 -1.8278 0.7333 -0.19 0.30 9.80 185 379 343 394 208 
;
0.29 0.04 9.84 -0.0500 -0.0100 -0.1100 0.0067 0.0033 0.0022 0.31 0.04 9.80 176 316 339 373 215 
0.26 0.08 9.84 -0.0300 0.0000 -0.0500 0.0011 0.0044 0.0011 0.31 0.04 9.80 176 315 341 375 215 
0.57 0.71 10.85 -0.0700 0.9800 1.9700 -0.7600 -1.1344 0.7356 1.09 -0.35 9.73 158 301 315 359 215 
7.10 -2.23 7.79 4.3300 -1.3300 -2.4400 -0.3411 -2.6211 4.2011 2.85 -2.44 9.05 95 220 258 268 214 
2.46 -0.57 8.77 -0.5600 4.0400 -0.7800 0.5856 -0.1478 4.2067 1.98 -3.29 9.02 94 161 174 182 167 
3.72 3.01 7.55 3.3200 6.7100 -1.5800 1.0078 -0.6289 2.9978 0.72 -2.10 9.55 95 168 185 184 169 
-1.60 1.14 11.76 -2.8900 3.0000 2.2500 -0.7467 0.2467 -2.2433 0.52 -2.79 9.38 97 173 180 186 171 
5.87 -3.18 7.58 5.0500 -0.0900 -1.7500 -0.2044 0.2978 -1.4556 1.03 -3.28 9.18 97 175 190 188 170 
4.50 -4.72 6.78 2.6800 -1.4500 -2.2800 0.5267 -1.4144 1.4044 2.02 -2.93 9.13 101 175 190 193 171 
0.02 -3.20 9.50 -2.8000 -0.0200 -0.2200 -0.3522 -0.1911 -0.4700 2.94 -2.98 8.86 103 181 198 199 176 
1.76 -2.06 7.73 -0.0300 0.5800 -0.4500 -0.5456 1.2344 -2.3889 2.81 -2.96 8.91 129 239 230 211 185 
8.70 -5.58 11.08 6.2100 -2.3500 1.6800 0.5444 4.8344 2.2967 -1.07 -2.65 9.37 178 183 177 172 163 
-4.33 2.40 5.34 2.1800 3.2400 -2.3700 -0.2656 2.6067 3.5856 -7.41 0.37 6.40 193 170 177 170 167 
-7.48 3.44 3.97 1.1400 2.2400 -1.9300 -0.2200 -0.8000 -0.3756 -7.46 0.60 6.32 194 170 184 172 169 
-7.33 2.79 4.05 -0.7200 3.3500 -2.8900 -0.0067 -3.9467 -2.5000 -4.21 -0.95 8.80 192 186 180 173 170 
-1.67 -0.65 6.81 -0.8700 1.9100 -2.1700 0.1478 -1.6178 -6.6856 0.81 -2.73 9.38 190 250 218 239 199 
4.49 -0.73 11.14 1.5900 0.9900 0.8700 1.7689 1.6167 -1.8589 -0.15 -0.73 9.77 185 359 336 375 213 
-1.81 2.46 9.18 -0.5400 1.9200 2.4900 0.0322 -0.1422 -0.0289 -0.56 0.95 9.74 181 368 348 391 213 
-0.81 0.86 9.54 0.0200 -0.1300 0.1600 -0.0622 -0.1222 0.0200 -0.36 0.89 9.75 179 366 349 389 210 
-0.47 0.72 9.75 0.0300 -0.1100 0.0400 -0.1000 -0.0567 -0.0111 -0.30 0.78 9.77 179 361 351 392 211 
-0.39 0.61 9.76 -0.1000 -0.1000 -0.0200 -0.0278 -0.0078 -0.0011 -0.30 0.71 9.77 179 358 353 391 212 
;
