-0.34 -0.03 9.79 -0.0400 -0.0900 0.0100 -0.0156 -0.0133 -0.0022 -0.31 0.01 9.80 169 338 352 389 215 
-0.15 0.12 9.80 0.2200 0.2200 -0.1000 -0.0389 -0.1344 -0.0033 -0.06 -0.08 9.80 168 323 346 381 216 
-0.81 -0.08 12.09 -2.6300 0.7700 4.2800 -1.3456 -3.3289 1.1000 2.33 -1.37 9.42 180 285 298 327 217 
5.58 -1.14 11.76 1.4900 4.0100 3.8600 -5.5767 -0.7867 1.5356 3.82 -7.01 5.68 180 291 306 338 217 
-0.25 -3.47 -4.08 -2.7700 5.2300 -5.2900 -4.2189 -0.0611 1.0322 2.12 -9.48 -1.27 178 292 316 344 217 
1.12 -6.61 -13.76 -0.5200 3.1700 -9.5000 5.4311 0.5378 0.2211 1.92 -9.61 0.21 178 294 317 351 217 
2.14 -8.35 24.07 2.1400 0.6000 13.1100 -2.9967 -1.6089 -0.8656 2.07 -9.42 1.76 181 299 323 349 216 
1.02 -5.95 -8.10 -1.1300 3.5500 -7.5200 -1.7944 -0.5756 -0.0456 2.10 -9.11 -2.93 183 299 277 351 217 
-1.12 -2.00 -0.48 -5.5900 8.5500 11.3800 7.8078 3.7222 2.2856 0.15 -8.43 5.00 184 310 323 361 214 
3.46 -7.15 2.99 1.2800 1.7400 -2.6000 -2.0867 -3.3556 -1.6033 3.78 -8.71 2.41 184 309 323 356 217 
4.83 -8.49 -0.27 -0.2000 -0.5100 -1.9200 2.2744 -2.2167 -0.2933 5.16 -7.99 2.33 182 302 319 336 216 
7.61 -9.00 2.75 1.2500 -1.7100 -0.3200 3.8944 -1.1222 1.2100 4.90 -6.69 5.22 150 283 163 158 157 
4.54 -4.46 3.51 5.0100 3.5400 -1.2600 5.7300 -3.1867 1.6322 6.29 -3.04 6.87 108 344 169 170 159 
6.77 1.76 3.39 -0.3100 3.3000 -3.0600 3.9933 0.7189 0.2322 6.45 0.68 7.35 116 378 170 171 160 
4.88 4.12 6.42 -1.0800 2.3400 -1.0800 -0.0067 0.3400 -0.2267 6.02 1.81 7.51 122 386 176 171 161 
7.21 3.82 7.08 0.5600 2.6900 -0.2000 -1.1956 0.1956 -0.5922 6.08 1.22 7.59 125 389 179 175 164 
5.90 1.30 6.31 0.0300 0.7700 -1.7900 -1.8733 0.2922 -0.7311 5.79 -0.05 7.91 126 394 182 178 168 
4.76 -3.39 10.72 -1.0700 -2.5900 3.1800 -0.7133 0.0467 -0.1211 5.50 -1.05 8.04 124 397 184 182 170 
0.93 3.06 6.70 -5.2900 5.3200 -1.5500 -2.6544 -0.0289 -0.9411 6.02 -2.40 7.35 144 338 179 199 184 
5.50 -2.30 3.78 0.9300 0.7000 -2.6100 -2.8844 3.8822 -6.0522 5.25 -2.30 7.94 172 302 230 276 205 
4.17 1.46 15.12 4.1500 3.6800 6.0000 0.3956 1.1078 -2.5444 1.76 -0.36 9.63 180 334 315 374 207 
-19.77 -3.71 29.67 -1.8100 -2.8500 -8.2900 0.2867 -0.2778 0.3978 0.03 0.43 9.79 177 358 338 393 211 
;
