1.99 0.58 9.62 -0.0500 -0.1000 0.1600 -0.0133 -0.0022 0.0056 2.07 0.67 9.56 168 365 355 393 213 
2.04 0.52 9.65 -0.0300 -0.1100 -0.0500 -0.0511 0.0067 0.0078 2.07 0.61 9.56 168 363 355 392 213 
1.10 1.04 10.18 -0.5500 1.0200 0.6100 -1.3478 -1.1233 0.1433 2.96 -0.54 9.33 177 281 280 317 209 
4.87 -1.16 15.05 1.0400 3.2300 6.7200 -4.0633 -1.8422 1.1244 4.46 -5.75 6.56 182 281 288 326 210 
4.39 -4.08 1.78 0.6100 5.1100 -2.0200 -4.7556 0.5311 2.3789 2.58 -9.40 0.98 181 296 293 335 211 
-2.04 -5.90 -8.37 -1.8800 3.0000 -4.6600 -1.1011 0.1800 0.6733 0.60 -9.35 -2.86 181 291 287 337 210 
-2.47 -7.65 -10.13 -3.9300 1.4200 -7.7300 2.7289 0.4922 -0.9722 1.38 -9.60 -1.43 181 287 302 346 211 
9.02 -2.19 19.48 9.1100 8.1100 21.5700 -1.0044 -0.3767 0.2789 2.64 -9.13 2.39 183 301 306 349 212 
0.67 -7.26 -1.98 -2.5000 2.1000 -3.3500 -3.4211 -0.7733 1.3367 0.93 -9.26 -3.08 183 300 304 351 212 
-5.53 -8.02 -12.90 -5.8400 1.7400 -8.8300 3.6889 1.1256 -1.2500 1.32 -9.60 -1.49 186 294 304 352 213 
11.39 -2.60 15.00 8.8100 6.4800 11.9100 -0.2767 -0.5578 -0.2667 3.30 -9.08 1.62 185 298 308 352 212 
0.62 -9.30 0.37 -2.7000 -0.2100 -0.7300 1.2278 -1.7033 -0.5222 3.84 -8.89 1.51 186 293 304 349 210 
5.22 -7.06 -0.66 0.4400 0.7100 -3.5900 2.4167 -2.0522 -0.6100 5.16 -8.00 2.31 178 238 232 219 158 
8.53 -10.52 4.10 4.0400 -4.8900 -0.3200 3.1789 2.7078 1.5444 3.54 -6.23 6.68 183 162 169 172 129 
-2.24 1.21 4.88 -0.7800 6.6000 -3.9800 2.5722 4.2389 5.2567 -5.75 -1.65 7.76 192 155 167 179 132 
-8.90 1.89 7.43 -0.8000 1.2800 -0.5500 -0.3622 -0.1533 -0.2300 -6.75 0.41 7.09 199 158 171 169 136 
-7.09 1.04 7.53 -0.4200 0.3900 -0.3700 -0.2322 -1.8311 -1.1133 -5.50 -0.24 8.11 193 169 185 184 139 
;
