-1.31 6.03 7.46 0.3200 -0.0100 -0.2200 -0.0400 0.0456 -0.0144 -1.89 5.88 7.61 180 316 311 353 211 
-1.72 5.87 7.47 0.2000 0.0000 -0.1600 -0.0011 0.0044 0.0156 -1.89 5.88 7.61 173 314 308 353 211 
-1.74 5.81 7.50 0.2500 -0.0700 -0.0300 0.0711 0.0100 0.0911 -1.88 5.91 7.59 180 309 303 349 208 
-1.79 7.37 9.70 -0.3700 1.7700 1.8000 -1.3022 -3.2467 1.8167 0.05 5.07 8.39 184 284 260 280 206 
5.79 5.49 13.38 2.8500 3.1600 4.5000 -3.8811 -2.5600 2.5933 5.18 0.26 8.32 182 272 242 257 206 
2.23 1.64 6.19 -2.4600 6.2000 -1.6400 -7.3578 1.8189 1.6889 3.13 -7.97 4.77 179 292 274 304 204 
3.51 -4.95 -4.35 0.8600 3.8300 -4.2700 -4.9544 3.0022 0.4011 1.89 -9.21 -2.77 168 283 274 296 206 
-2.99 -9.30 -15.01 -5.6400 0.2500 -9.2400 4.0478 2.8689 -0.6544 2.92 -9.14 -2.01 165 292 280 304 203 
10.69 -3.86 18.82 5.0400 1.7300 7.6400 -2.1578 -1.6856 0.4844 3.21 -9.26 0.15 169 294 277 299 203 
-2.79 -9.74 -5.39 -7.2700 -0.5900 -5.5300 -1.6689 -1.2589 1.2689 0.68 -9.21 -3.28 166 296 268 301 202 
-0.59 -7.63 -5.21 -2.1300 1.9300 -2.9700 3.8244 2.2556 -1.5622 2.74 -9.38 0.72 172 295 276 301 205 
7.92 -5.22 8.49 3.3600 3.4900 2.6400 -3.7800 -2.2122 0.8011 2.68 -9.35 -1.21 170 295 276 293 205 
-1.74 -10.06 -6.47 -2.4200 -0.8000 -1.8700 0.1711 -0.2233 0.3578 1.06 -9.13 -3.41 171 298 282 296 206 
1.55 -8.41 -4.16 0.3100 0.5800 -0.7100 -0.0989 -0.1744 -0.0333 1.17 -9.04 -3.60 173 299 279 299 203 
-0.35 -8.98 -6.68 -2.5600 0.1200 -3.6400 0.6078 0.8444 -0.8356 1.98 -9.04 -3.22 170 295 278 301 204 
4.39 -6.29 5.76 4.7000 6.8600 14.5000 3.8089 0.6622 -0.5733 3.69 -8.79 2.26 176 298 282 303 205 
2.75 -7.30 -0.15 -2.0400 1.1000 -1.7800 -2.5867 -1.8233 1.7844 1.88 -9.39 -2.08 171 298 278 308 205 
-7.17 -11.56 -14.20 -6.7100 -0.0400 -7.2100 3.4744 2.1933 -1.0844 1.93 -9.38 -2.10 176 300 275 311 204 
5.72 -2.98 22.63 5.6400 6.4900 22.7600 0.0967 -2.1344 -0.9856 4.08 -8.84 1.12 178 291 259 259 197 
0.40 -9.30 -10.63 -0.0300 3.7100 -6.8400 6.3756 -13.8100 1.9900 2.71 -9.39 -0.71 103 264 151 140 137 
0.42 -9.22 3.19 -1.3500 0.1500 0.6800 1.6489 -0.3778 -0.0267 1.61 -9.09 3.28 110 284 153 150 135 
5.16 -11.35 0.52 3.5700 -2.7800 -4.1300 1.0678 0.0456 0.1178 1.86 -8.52 4.46 109 290 155 156 135 
0.81 -2.28 3.32 -0.0400 7.5600 -1.0300 4.5222 0.9156 0.7144 0.35 -4.32 8.79 105 316 160 159 138 
-2.28 2.08 7.46 -1.1100 4.9200 -2.1200 -4.3589 -1.0267 -1.0644 1.35 -7.41 6.27 102 311 165 162 138 
3.95 -11.10 2.96 1.4300 -0.5700 0.5600 1.0733 0.2533 -0.0022 1.56 -7.60 5.99 109 313 166 167 139 
-2.22 -4.36 5.27 -5.4300 3.7100 -1.0700 -1.8289 -1.8178 -2.3156 3.80 -7.95 4.29 109 310 165 166 143 
;
