3.40 -0.38 9.38 0.2300 0.2000 0.0700 -0.2800 0.1567 0.0622 3.18 -0.64 9.25 172 315 334 369 219 
6.02 1.07 15.87 1.4700 1.2700 6.5800 -2.4200 -1.0956 1.1200 4.58 -2.77 8.21 178 307 337 366 219 
6.13 -3.55 6.36 -0.1400 3.1600 -0.6800 -5.2100 0.2178 2.5467 3.17 -8.47 3.77 179 298 331 359 219 
0.97 -5.74 -3.59 -0.2100 4.0000 -3.7300 -3.6933 0.6856 1.2122 0.76 -9.48 -2.38 185 313 333 368 219 
-2.18 -7.10 -11.85 -2.4000 1.1700 -7.2300 2.9267 -0.2056 -0.6711 0.86 -9.56 -1.97 186 327 333 375 219 
4.72 -5.24 16.41 7.4100 6.0700 20.9600 1.0300 -0.8222 -0.0967 1.82 -9.22 2.78 184 326 326 374 218 
-0.26 -6.59 -3.51 -2.4800 3.1700 -3.1400 -3.6000 -0.5133 1.4744 0.54 -9.37 -2.81 188 322 337 378 218 
-5.73 -7.99 -9.00 -5.5900 1.3600 -4.9200 5.1933 2.2789 -0.5656 1.05 -9.73 0.52 190 315 315 387 218 
7.20 -7.24 3.96 3.1000 1.0300 -0.1100 -2.4533 -2.1411 0.6133 2.23 -9.52 0.63 185 316 335 388 220 
2.17 -12.50 -1.06 0.4400 -3.3300 -1.7500 4.2922 -4.0956 -0.8178 3.46 -8.84 2.44 166 221 180 200 153 
5.96 -6.64 3.62 2.5000 2.4500 -2.7900 4.9822 -0.9122 1.4600 3.08 -5.73 7.33 147 184 168 182 142 
1.05 2.52 10.92 -1.9400 5.9800 2.8100 0.8400 -0.0022 1.2178 2.36 -2.53 9.17 145 181 162 188 148 
2.16 -2.14 6.63 -1.0600 1.9300 -0.4200 -1.6100 2.1356 -1.4456 1.78 -4.23 8.65 140 186 171 191 155 
1.29 -8.41 6.20 -1.2200 -3.5400 -1.9700 -0.9422 2.4089 -1.1333 0.25 -5.90 7.82 136 200 174 196 159 
-0.37 -6.02 7.17 -0.4700 0.4600 -0.4100 -0.1478 -0.1667 -0.1511 0.16 -6.18 7.61 141 200 179 196 159 
-1.44 -3.98 1.94 -2.9200 2.3100 -4.7100 0.9267 -0.9667 -3.2400 3.40 -5.29 7.51 162 262 239 266 206 
;
