2.44 -1.42 9.40 -0.0300 -0.0200 0.0100 0.0200 0.0067 0.0233 2.52 -1.41 9.37 166 287 292 308 201 
2.55 -1.45 9.24 0.0700 0.0200 -0.0600 -0.0644 0.0511 -0.0233 2.44 -1.40 9.39 160 290 295 307 199 
2.34 -1.29 9.85 0.1000 -0.2000 0.2900 -0.2722 0.2567 0.1200 2.14 -1.71 9.41 166 293 297 302 199 
1.77 -2.01 9.45 0.0400 0.0000 -0.0400 -0.0133 0.0011 0.0156 1.98 -1.92 9.40 164 300 303 306 198 
1.52 -2.72 11.20 -0.3100 -1.4400 1.6200 0.6356 -0.2467 0.7044 2.04 -1.55 9.46 163 292 305 316 200 
4.14 -2.18 14.08 1.7200 0.2000 3.8400 -3.4122 -0.9022 0.9822 3.25 -4.23 8.22 165 288 298 314 203 
2.94 -3.82 5.15 -0.3600 4.1700 -0.7700 -4.8767 0.3844 1.5411 2.00 -9.05 3.19 167 290 274 310 204 
0.29 -6.57 -3.05 -0.7100 2.7000 -2.4200 -1.5533 0.2844 0.3744 1.09 -9.68 -1.09 165 296 289 310 205 
1.00 -9.02 -4.27 -0.6000 0.5600 -3.6900 0.0867 -0.0411 -0.5744 1.68 -9.51 -1.64 172 297 276 313 206 
5.34 -7.14 11.57 5.4700 3.7100 15.4800 0.8144 0.4522 0.4244 2.08 -9.39 1.90 172 302 280 313 205 
0.53 -7.72 -0.75 -1.3700 1.3400 -1.2200 -2.4367 -0.6678 0.2400 1.65 -9.48 -1.84 173 302 278 314 207 
-1.85 -10.04 -11.82 -3.2900 -0.8400 -7.9000 1.5389 0.6200 -0.0567 1.58 -9.46 -1.99 176 303 291 314 206 
6.64 -6.23 14.87 5.2700 2.8500 13.4800 -0.4011 -0.3444 0.1444 1.83 -9.59 0.81 173 300 294 314 206 
1.49 -9.04 -0.86 -0.4700 0.5400 -0.9600 -0.4311 -0.2178 0.0500 1.80 -9.63 -0.38 175 299 288 309 204 
1.81 -10.22 -0.94 0.0700 -0.5700 -0.6400 0.0944 -0.0222 -0.0833 1.86 -9.62 -0.33 176 298 287 305 203 
1.55 -9.38 -0.27 -0.1100 0.2500 -0.0400 0.1456 -0.0100 0.0522 1.77 -9.64 -0.19 173 295 291 298 203 
2.69 -7.14 -2.27 0.8800 2.9600 -2.8700 1.5689 -1.3222 -0.2333 2.00 -9.58 0.62 173 285 277 288 207 
1.81 -6.60 4.45 0.4500 1.6300 2.0400 3.4633 -0.5322 1.8300 0.54 -8.17 5.38 172 262 275 240 188 
-2.27 -8.64 10.08 -1.8700 -1.4700 2.6300 0.0600 -0.3300 -0.2000 -0.07 -7.23 6.61 170 266 269 224 183 
0.47 -7.32 6.15 -0.0100 0.0700 -0.4100 -0.1444 0.0322 -0.2544 0.49 -7.52 6.27 175 259 259 230 182 
-2.47 -9.76 11.69 -2.3200 -2.1900 5.9800 -1.5811 1.1900 -0.9700 -0.12 -8.24 5.30 174 273 268 246 193 
2.41 -6.08 0.17 1.8600 3.4500 -1.8700 -3.7144 0.3600 -0.2544 0.68 -9.78 -0.03 173 276 269 260 197 
-0.47 -7.36 -6.40 -2.5100 2.2800 -5.0400 -1.2078 -0.2644 -0.2867 0.94 -9.28 -3.00 176 276 274 277 197 
0.43 -7.27 0.20 1.2800 3.9400 10.7700 4.6633 -0.2511 -0.1700 1.75 -9.36 2.31 176 291 277 284 197 
0.91 -7.22 -0.81 -0.8000 1.7600 -2.4900 -2.7100 -0.9678 0.0000 1.53 -9.52 -1.74 176 291 280 285 199 
-3.08 -10.33 -10.77 -4.1600 -1.4200 -7.4900 1.8689 1.0300 -0.0556 1.43 -9.53 -1.81 178 289 279 286 198 
7.08 -2.84 16.54 7.5100 7.3500 15.4300 -0.1344 -0.4289 0.1222 2.14 -9.29 2.26 176 287 277 278 199 
1.45 -7.55 -2.80 -1.4400 1.6200 -3.8400 0.0944 -1.2944 0.6389 1.86 -9.62 0.09 175 267 268 274 196 
-0.55 -11.55 1.66 -1.0800 -1.9500 0.4800 0.6511 0.0189 -0.3922 1.32 -9.57 1.67 174 271 267 274 197 
2.65 -8.85 1.54 0.8100 0.9600 -0.1000 0.1811 -0.0567 0.0533 1.77 -9.45 1.90 178 271 271 277 196 
1.27 -9.12 1.38 -0.8300 -0.4800 -1.2600 2.3611 -3.5856 -1.5522 3.27 -8.67 3.18 173 277 276 280 199 
11.79 -8.80 2.90 5.6100 -1.0300 -0.6200 5.0678 -3.7589 0.8989 6.69 -6.02 3.87 170 293 294 298 205 
7.44 -4.36 2.95 1.3400 1.2600 -1.5600 4.0267 -1.7767 0.5889 7.41 -4.12 4.91 172 294 303 310 207 
5.22 2.30 4.94 -1.9900 5.1500 -0.9200 1.2611 0.7311 0.2700 6.85 -2.69 6.47 175 266 308 317 208 
5.94 0.26 6.67 -0.9500 3.2400 0.3700 -1.3722 -0.7978 0.2656 7.04 -3.46 5.87 172 296 305 309 213 
8.70 0.33 4.40 3.2200 5.2900 -0.3000 -3.5322 0.3911 -0.0111 7.28 -5.34 3.81 165 280 301 318 210 
5.29 -11.42 -0.74 -2.7400 -5.8400 -2.2200 -1.6089 0.9233 1.0444 5.81 -7.52 2.39 165 289 293 329 213 
5.62 -7.21 2.10 -0.4100 1.6100 0.0900 -0.2833 -0.0344 -0.5111 6.10 -7.43 1.88 163 297 302 332 212 
2.07 -4.50 2.22 -4.9600 2.0800 -0.6700 -0.9456 1.9511 -1.5067 6.64 -6.61 2.86 166 272 274 280 204 
6.63 -5.33 3.82 0.0300 -0.3500 -0.6500 0.3378 3.7111 -2.5511 6.04 -4.66 6.15 164 278 289 285 203 
7.12 -1.43 11.48 1.9200 1.4100 3.4200 0.3511 2.3356 -1.2278 4.11 -2.42 8.56 168 277 293 301 204 
;
