2.88 -3.91 8.51 0.0900 0.0300 0.0000 0.0078 0.0011 -0.0089 2.81 -3.93 8.53 166 312 302 310 191 
2.92 -3.87 8.51 0.0500 0.0300 -0.0100 0.0022 0.0000 0.0022 2.81 -3.93 8.53 164 313 305 316 192 
2.91 -3.88 8.51 0.0700 0.0500 -0.0200 -0.0044 0.0044 0.0033 2.81 -3.93 8.53 169 314 303 310 194 
2.78 -4.74 10.50 -0.4400 -1.4400 2.7700 0.7444 0.4911 0.5522 2.56 -3.48 8.80 168 270 278 285 196 
10.63 -3.72 12.61 2.4700 0.0300 4.0700 -2.7067 -1.2200 1.0244 5.03 -5.12 6.67 156 264 267 276 194 
3.60 -4.18 4.45 -0.9800 3.7200 0.2300 -4.7789 0.0056 1.7122 3.34 -9.09 1.52 173 283 275 297 199 
0.61 -5.53 -4.65 -1.7900 3.8300 -2.7200 -2.0456 -0.4900 0.5256 2.02 -9.07 -3.10 178 286 275 297 199 
-2.14 -8.42 -9.69 -4.8900 0.0600 -6.9200 0.7389 1.0000 -0.1600 2.28 -8.95 -3.28 177 289 286 304 197 
3.45 -5.63 3.29 3.1100 6.1600 12.1400 5.1067 1.7800 -0.3467 3.46 -8.62 3.13 179 291 286 303 198 
3.88 -7.44 5.39 -1.2600 1.4600 0.8300 -2.6633 -1.4878 1.2589 2.48 -9.48 -0.10 177 295 287 304 198 
-5.94 -9.72 -11.41 -7.5200 -1.2900 -10.6700 -0.5511 0.1056 -0.5178 1.89 -9.31 -2.41 175 292 289 304 200 
-0.24 -5.84 0.27 0.0000 5.7900 6.9900 4.7489 2.7056 -1.7767 3.84 -8.18 3.78 176 295 293 310 197 
7.43 -5.54 7.53 1.0200 3.8100 3.5500 -2.5878 -2.1589 1.4278 3.69 -9.04 0.87 176 292 296 309 199 
-2.41 -10.42 -5.73 -4.0500 -0.8300 -3.8200 1.9300 -1.6744 -0.7689 3.21 -9.26 -0.10 171 277 284 285 199 
6.61 -6.53 -0.69 2.8900 2.6300 -1.4400 2.1367 -1.0922 -0.2189 4.41 -8.55 1.87 174 188 179 189 158 
9.07 -8.17 3.29 4.7900 -0.2800 -0.1400 3.7222 2.0022 3.1756 1.19 -7.48 6.22 184 150 145 159 134 
-2.70 -2.44 8.10 0.5000 3.4600 0.6000 2.8833 1.6289 3.6111 -4.33 -2.87 8.31 185 154 148 162 136 
-9.62 0.71 5.55 -1.4600 3.1900 6.1900 2.1056 1.0956 -0.0644 -5.42 0.66 8.14 187 161 160 163 140 
-4.41 0.24 8.25 0.4600 0.2500 -0.1400 -0.2211 -0.1956 -0.1911 -5.07 -0.19 8.38 188 163 163 165 138 
-5.04 -0.02 9.03 -0.9300 1.0400 0.2800 -0.2667 -3.1733 -1.3744 -2.60 -1.08 9.39 191 195 168 178 142 
7.37 -1.62 14.22 6.1800 -0.7000 4.8400 -0.0933 -3.6744 0.7500 3.76 -0.70 9.02 140 281 170 174 138 
7.21 -1.44 6.91 2.0100 0.0200 -2.1800 0.9811 1.0322 1.8567 3.80 -1.16 8.96 131 277 165 176 145 
2.38 1.49 5.67 -0.4800 1.4300 -3.5400 1.0989 1.1033 0.8178 2.13 0.69 9.54 137 251 169 168 150 
1.33 2.50 7.86 0.3900 1.7800 -1.0700 -1.3167 2.4467 -0.9678 0.44 -0.05 9.79 125 173 152 164 148 
0.12 0.26 10.85 0.5200 1.5400 0.2100 -1.8011 1.2056 -1.9900 -0.67 -1.77 9.62 114 160 156 168 155 
0.33 -3.37 7.91 0.9200 -1.4200 -1.1200 -1.2511 -0.0044 -0.8011 -1.23 -4.44 8.65 107 161 161 176 155 
-1.53 -6.53 8.84 -0.3800 -0.5100 0.1400 -0.1933 0.0533 -0.2344 -1.07 -5.25 8.21 111 161 165 180 159 
-3.32 -5.01 2.86 -2.6300 0.1800 -4.8700 0.5878 -1.6900 -1.3311 0.88 -4.93 8.42 114 169 162 181 161 
3.48 -0.95 8.26 0.8800 3.1600 -0.1500 1.0733 -0.7078 -4.1422 4.15 -2.05 8.64 126 256 191 218 178 
;
