2.16 1.19 9.80 0.2700 -0.1600 0.1100 0.5267 -0.1333 -0.1022 1.90 1.75 9.45 182 354 353 366 218 
2.33 3.57 9.39 1.2300 2.0500 0.3700 -2.4800 -0.3000 0.7722 2.45 0.90 9.45 182 308 338 356 221 
3.58 -2.04 11.34 0.6600 -0.0300 2.6400 -2.4567 -1.1167 1.1878 3.61 -3.72 8.32 174 307 309 346 221 
5.36 -6.61 9.08 2.6500 -0.5600 2.3800 -3.4300 -1.7078 1.7211 4.04 -7.54 4.77 171 315 324 364 224 
2.08 -3.24 0.18 -1.2500 6.9200 -2.3000 -4.4633 0.5800 2.7244 0.68 -9.71 -1.16 178 316 325 359 224 
-3.22 -6.05 -11.25 -2.8600 1.9900 -7.5400 -0.8367 0.3067 0.0189 -0.89 -8.30 -5.13 180 308 322 356 220 
-5.72 -4.97 -6.38 -3.9300 6.1200 0.2900 5.6089 2.3944 -1.8956 1.60 -9.63 0.90 184 318 317 353 222 
6.49 -7.47 7.03 3.4700 2.7000 4.8000 -3.2233 -1.9544 0.1644 1.80 -9.61 -0.68 181 317 326 349 223 
-1.20 -8.98 -6.21 -4.4000 0.2600 -4.9700 -1.2778 -0.9489 2.0367 -0.60 -9.06 -3.68 193 307 320 344 220 
-4.89 -7.37 -8.04 -3.3300 2.4500 -3.7900 4.2578 3.3000 -2.0533 1.40 -9.69 -0.42 183 313 326 353 217 
4.24 -7.55 2.98 -0.2000 0.9300 -1.2600 -1.0978 -2.9789 0.3122 1.86 -9.62 0.36 184 302 320 344 220 
0.41 -12.01 -0.52 -1.4000 -1.9800 -1.0100 4.7189 -5.6222 -1.2011 4.03 -8.51 2.71 159 286 216 227 183 
6.30 -3.15 6.41 -0.4000 1.7200 1.3400 2.6456 0.2233 -0.7544 6.74 -4.26 5.70 144 326 185 192 147 
2.72 -0.49 5.02 -4.5700 1.5100 -1.5900 0.5133 -0.5122 -2.7456 7.67 -0.68 6.06 133 348 189 196 150 
13.62 5.58 -2.07 8.1200 4.9200 -5.5700 5.1544 -0.2944 -0.0200 7.25 4.18 5.10 141 353 189 193 160 
14.88 18.96 17.35 2.0100 14.7800 11.3800 -2.2978 3.5644 4.5567 7.88 0.12 5.82 161 363 190 195 160 
-4.94 -0.92 3.24 -11.4200 3.8700 -3.1800 -2.9322 0.3711 -1.4933 6.89 -5.09 4.75 161 355 194 195 164 
11.87 3.01 -6.98 6.4000 4.6200 -10.9400 4.7889 2.6900 -5.1789 7.30 2.13 6.19 162 322 197 202 170 
16.65 12.40 10.54 4.6600 9.1700 7.3900 0.9933 0.0322 3.8944 8.31 2.75 4.41 171 321 197 212 178 
1.73 2.96 9.25 -6.7100 3.3500 3.8300 -7.2722 2.6756 -2.7922 8.17 -1.05 5.31 175 313 287 295 204 
;
