5.65 0.92 7.79 0.0200 0.0500 -0.1700 0.0133 -0.0200 -0.0011 5.64 0.89 7.97 187 333 329 382 217 
5.82 0.90 7.70 0.1300 0.0200 -0.2300 0.0300 0.0000 -0.0033 5.67 0.90 7.94 189 332 329 382 217 
6.06 0.64 8.88 0.7500 0.0200 1.8900 0.1222 -1.0644 0.4211 6.32 0.69 7.45 188 332 329 373 216 
11.01 -0.36 10.84 3.3100 2.2300 3.7500 -3.7156 -2.0611 3.2089 7.44 -4.70 4.31 190 332 330 382 216 
2.18 -3.14 -1.97 -3.5900 4.3900 -3.6600 -3.5167 0.9389 2.9756 3.60 -9.10 0.43 189 331 340 401 215 
-0.24 -6.61 -3.76 -1.3100 2.7100 -1.9700 -1.2856 1.2544 1.0389 1.49 -9.47 -2.05 189 334 345 409 215 
0.57 -7.47 -3.89 -0.3100 2.0900 -1.5600 -0.3189 0.8067 0.2544 1.17 -9.40 -2.52 190 339 345 412 216 
-1.26 -10.80 -3.93 -1.9200 -0.7000 -0.8600 3.1967 1.5189 -0.3167 1.61 -9.67 0.14 189 342 344 416 215 
5.32 -6.98 8.75 1.9500 1.2200 4.1000 -1.3778 -0.6644 0.0589 2.02 -9.51 1.23 189 342 339 412 216 
1.06 -8.96 -4.37 -0.8000 0.4200 -3.9300 -1.8544 -0.7678 0.1244 1.89 -9.36 -2.21 188 342 342 408 217 
0.66 -8.71 -6.13 -1.4200 1.1300 -3.6700 2.6533 0.7189 -0.1867 2.00 -9.59 -0.27 190 341 344 409 217 
4.97 -4.55 9.52 2.7700 4.8300 6.6500 2.0144 0.0133 0.0044 2.37 -8.41 4.43 192 338 342 404 218 
3.69 -6.88 5.20 1.4800 1.7500 1.0500 -2.1278 -1.4656 0.1878 2.88 -9.17 1.93 190 337 338 395 216 
1.25 -10.25 -2.90 -0.7500 -0.9600 -2.6700 -0.1567 -0.3878 0.3733 2.21 -9.54 -0.36 190 335 336 393 217 
2.51 -6.45 -1.73 -0.3800 2.6000 -2.6300 -0.0044 -1.5500 -1.0311 2.87 -9.36 -0.52 165 226 221 232 190 
0.72 -6.06 -5.20 -3.0300 3.8100 -7.1800 6.7667 -2.6533 -1.5056 4.36 -7.67 4.26 165 210 213 221 182 
0.20 3.57 11.66 -4.5100 6.1000 2.0200 3.6922 1.3456 -0.0344 2.53 -1.07 9.41 164 223 219 227 182 
3.96 2.17 14.37 0.5600 0.9800 3.9700 -0.1211 -0.2233 0.1589 2.87 0.48 9.36 167 224 223 230 185 
3.70 -0.52 8.56 1.2500 -1.3200 -0.0300 0.5444 -0.4056 1.2100 3.29 0.31 9.23 187 213 215 221 169 
7.37 -0.91 9.79 -1.1500 0.2100 1.2800 -0.8767 -5.7022 2.1478 8.55 -2.02 4.35 194 185 194 207 156 
5.36 -0.46 -1.95 -3.9200 2.1400 -1.5300 0.5578 1.0989 -1.2778 9.50 -2.34 -0.63 194 182 193 207 158 
10.41 -1.70 0.08 0.5400 0.1300 0.6400 0.1411 -0.0111 0.0400 9.63 -1.72 -0.64 195 186 196 210 160 
;
8.98 -1.17 -0.55 -0.6500 0.7900 0.0500 -0.0711 0.6544 0.0656 9.61 -1.88 -0.31 195 188 199 211 161 
9.40 -0.49 0.76 -0.3000 1.1000 -0.1500 -0.3622 4.6844 -0.4367 9.05 -1.59 3.39 193 196 204 217 167 
-3.45 -1.45 9.07 -5.3400 0.2000 2.1400 0.3456 0.2089 -1.1222 3.31 -0.65 9.20 160 202 209 220 169 
3.91 -1.66 9.99 0.1500 -0.4000 0.4200 -0.8789 -0.6011 -0.5000 4.11 -1.24 8.81 146 205 207 220 172 
4.02 -1.73 7.85 -0.0900 -0.0800 -0.6400 -0.1444 0.1189 -0.1567 4.20 -1.69 8.69 151 211 216 226 174 
3.47 -1.25 9.66 -0.8500 0.5000 0.8900 -0.4100 0.3267 -0.2933 3.92 -1.86 8.79 153 224 224 237 182 
2.74 -1.07 15.47 -0.3300 1.3100 5.1800 -3.5344 0.1433 -0.6133 3.21 -4.19 8.26 150 306 285 306 212 
4.36 -5.27 3.91 2.4500 2.6900 -3.0300 -4.5233 2.8800 -0.4800 1.13 -8.96 3.81 111 385 332 418 212 
2.75 -6.58 -0.82 0.5200 0.6600 -3.1000 -2.9911 1.1733 0.2211 0.57 -9.76 -0.71 111 399 338 430 212 
0.52 -7.80 -3.39 -0.6700 1.9500 -1.0600 -0.4256 0.2044 -0.0744 0.46 -9.55 -2.13 125 396 350 433 213 
-0.35 -10.76 -6.70 -1.3400 -0.3100 -5.1200 1.1567 -0.6389 0.5044 0.27 -9.72 -1.27 137 358 330 384 210 
0.82 -6.80 9.01 1.7500 3.5000 8.9500 0.2878 -0.1311 -0.5778 0.75 -9.67 1.39 131 341 314 370 211 
1.42 -8.06 1.35 0.2500 1.1600 0.2900 -2.3200 -0.0456 0.1956 0.70 -9.67 -1.45 131 346 322 383 212 
-2.69 -10.42 -12.41 -2.4800 -1.0000 -9.2600 1.4244 0.2800 -0.3467 0.70 -9.47 -2.43 134 351 333 393 211 
1.72 -7.97 3.41 1.6700 2.8600 6.4900 2.2111 0.3578 -0.0289 1.07 -9.64 1.41 137 352 332 396 212 
1.12 -7.19 2.45 -0.4200 2.3100 1.7200 -1.3933 -1.6556 -0.2211 1.47 -9.68 -0.39 136 350 330 391 213 
0.36 -9.84 -5.39 -2.0100 -0.4400 -4.2700 0.7911 -1.3778 -0.2333 1.51 -9.62 -1.12 141 354 332 396 212 
2.25 -7.59 -2.71 0.4400 2.5200 -3.6900 2.9511 -1.2633 -0.6656 2.38 -9.26 2.14 145 281 267 269 204 
3.83 -5.22 2.73 1.6800 2.7400 -1.4100 4.5244 -0.7489 0.5233 2.65 -6.20 7.11 151 249 244 249 191 
1.53 -1.11 13.16 -0.9500 2.0000 4.0000 1.9767 0.1256 0.4900 2.27 -2.14 9.29 152 255 246 253 191 
0.82 -0.76 11.16 -0.9300 0.6100 1.2600 0.4156 -0.4022 0.0333 2.43 -1.00 9.44 152 258 249 256 194 
2.74 -1.43 11.92 -0.1900 -0.8200 3.5300 0.6156 -3.3300 0.2767 4.46 -0.48 8.71 145 201 206 222 168 
5.88 -1.75 7.28 -3.7500 1.6900 3.9800 -0.1556 -5.3556 2.4222 8.94 -4.01 0.18 194 173 187 202 154 
6.56 -1.84 -3.83 0.0500 1.6800 -1.9200 0.3011 -0.0722 -1.4422 9.29 -3.00 -0.86 196 178 188 207 156 
9.75 -2.33 -0.70 0.2800 0.2900 -0.0100 0.0433 0.2056 -0.0778 9.50 -2.37 -0.43 195 181 193 209 157 
;
