0.64 0.85 9.56 0.0500 -0.0100 -0.1500 0.0022 0.0344 0.0067 0.62 0.91 9.74 161 330 310 320 192 
0.66 0.84 9.57 0.0100 -0.0200 -0.1600 -0.0078 0.0289 -0.0033 0.62 0.92 9.74 162 328 310 318 193 
0.65 0.91 9.69 0.0600 0.0200 -0.0200 -0.0078 0.0022 -0.0067 0.62 0.92 9.74 161 327 310 320 193 
0.66 0.91 9.79 0.0300 0.0200 -0.0100 -0.0056 0.0033 -0.0022 0.59 0.91 9.74 142 327 304 298 191 
-4.54 5.67 26.99 -1.0400 0.9500 11.6900 -2.4167 -7.5733 1.2522 3.95 -1.07 8.90 152 263 266 273 196 
4.21 0.80 -1.27 -2.4200 6.5100 -6.8300 -6.8344 -0.0744 2.9167 2.56 -9.44 0.58 166 255 247 260 201 
-4.80 -7.31 -9.13 -7.4600 0.4000 -8.9800 -0.5756 0.5878 0.5022 1.12 -9.36 -2.67 165 247 236 266 201 
7.64 -3.73 17.75 10.9500 14.5800 33.0000 -0.0544 0.0422 -0.6578 3.42 -9.09 1.28 154 264 254 257 206 
0.11 -7.73 -4.51 -5.0700 0.9500 -3.6500 -1.8200 -1.4544 2.2656 0.44 -9.26 -3.19 161 267 251 275 203 
-5.88 -8.99 -7.83 -6.6800 1.7100 -2.7800 3.5567 1.3389 -2.3511 2.25 -9.53 -0.30 167 265 260 283 204 
12.25 -2.46 6.02 4.8500 4.3200 0.6100 -0.4200 -4.0556 0.5233 4.57 -8.67 0.15 171 266 268 283 205 
1.21 -11.22 0.59 -2.5300 -2.3100 -0.1700 0.9889 -0.0744 0.1267 3.62 -9.03 1.17 171 262 250 246 193 
10.57 -9.84 -1.85 6.7800 -0.8100 -4.2000 5.6622 -0.5711 2.2889 3.05 -7.83 5.04 174 226 154 163 159 
-2.01 -0.57 7.65 0.0900 4.8100 -0.9300 1.2700 3.7456 5.1378 -5.05 -4.61 7.01 187 160 134 94 133 
-10.66 4.10 4.05 -4.7700 2.3400 -3.4300 1.6378 -1.9156 2.8844 -6.20 1.84 7.36 182 162 144 141 138 
-6.85 4.24 14.58 2.9500 1.1600 4.8200 -0.8467 0.0056 -0.8967 -6.35 1.66 7.27 186 167 147 149 141 
-6.95 1.50 6.06 0.3200 0.1800 -1.1500 -0.0967 0.0078 -0.3367 -6.44 1.07 7.31 190 170 151 150 144 
-6.27 0.91 8.25 -0.0200 0.2500 0.7200 -0.0844 -2.4311 -0.6756 -4.70 0.71 8.57 186 172 157 156 147 
-3.64 1.71 11.34 -0.1900 2.6700 2.5400 -2.1444 -5.0800 -1.8444 1.08 -2.14 9.50 176 207 165 178 169 
9.10 -5.41 6.99 4.3300 -0.0700 -0.1500 -4.1933 -2.3989 1.7956 5.13 -7.10 4.40 131 215 200 212 186 
2.44 -6.47 -1.25 -1.5500 2.8000 -3.2900 -0.4556 -0.7289 2.9256 1.58 -9.44 2.09 139 216 209 207 188 
-2.45 -8.18 2.12 -2.9000 0.9600 0.0000 -0.2222 -1.0422 0.1633 0.61 -9.63 1.73 125 208 209 211 183 
-0.09 -10.41 1.28 -1.2700 -0.7900 -0.0700 -0.3644 -1.4356 -0.7544 1.52 -9.65 0.79 123 210 202 206 183 
2.55 -8.76 -0.76 -0.2100 0.4800 -1.1600 -0.1167 -3.7611 -1.2944 3.23 -9.21 -0.83 122 204 198 213 187 
4.65 -8.51 -3.12 0.5700 -0.0400 -1.1500 0.3211 -3.5778 -1.0067 3.87 -8.66 -2.44 120 206 198 211 186 
3.90 -7.67 -4.55 0.8000 0.2900 -1.0800 0.2800 -2.3289 -0.8156 3.74 -8.20 -3.85 117 207 201 213 187 
5.32 -8.26 -2.75 2.0500 0.1500 1.2800 0.0922 0.2689 -0.0256 3.74 -8.23 -3.79 130 206 202 214 184 
4.67 -6.29 -1.94 0.6300 2.2900 2.6700 -1.2200 1.6889 -0.5056 4.75 -7.66 -3.85 148 209 203 221 187 
;
