4.47 5.72 6.45 0.1200 0.0500 -0.1200 -0.1200 0.0511 -0.0022 4.36 5.68 6.68 170 322 356 405 223 
6.12 7.12 10.54 2.6400 3.5600 4.6000 -4.3456 1.0500 0.9111 4.05 2.91 8.44 187 304 327 369 225 
9.20 1.05 14.65 3.6500 2.0900 6.5000 -4.0922 -1.8533 2.6378 5.94 -3.11 7.15 181 301 333 381 225 
3.52 0.86 1.80 -0.7400 8.5400 -2.7500 -5.7267 0.8689 3.6000 2.68 -9.32 1.42 186 302 329 384 229 
-1.16 -4.72 -6.08 -0.8300 4.1400 -4.0200 -2.4722 -0.0422 0.6722 0.28 -9.00 -3.86 187 296 332 386 225 
-5.08 -6.37 -11.71 -6.4600 2.7200 -7.2100 3.9344 1.0533 -1.4978 1.45 -9.59 -1.41 188 301 327 389 224 
12.94 -4.90 21.51 5.4300 -0.0400 10.5500 -2.5111 -1.6489 0.3456 2.53 -9.46 0.35 187 306 333 391 223 
-1.76 -7.36 -6.93 -2.9300 2.4000 -5.1500 -1.8933 -0.5744 1.0189 0.52 -8.89 -4.08 192 304 330 384 224 
-3.41 -7.61 -8.29 -3.4100 1.4600 -3.5100 5.3144 2.2922 -1.1478 1.68 -9.64 0.49 191 310 327 388 220 
5.30 -7.73 6.99 0.6200 0.7000 0.5000 -1.9989 -1.7944 -0.1022 2.75 -9.35 1.06 192 311 322 382 221 
2.05 -8.92 -0.27 -0.8700 0.3300 -1.0300 1.9044 -1.2822 -0.8056 3.63 -8.95 1.64 178 318 326 365 222 
11.06 -4.15 6.50 7.0900 3.3300 5.3900 5.0989 -0.1956 0.3078 5.23 -5.69 6.02 190 351 342 391 215 
4.58 -4.10 6.66 -0.5200 3.9500 -1.2000 -3.9956 -0.2389 3.1878 2.33 -8.84 3.53 187 357 343 397 222 
-6.02 -8.74 -11.04 -5.4400 1.0100 -12.4600 1.6367 0.1144 -0.2278 0.19 -9.63 1.83 181 359 346 399 222 
9.51 6.88 13.82 7.5400 13.8600 12.0300 6.2489 -0.1367 -0.9644 2.79 -2.54 9.04 182 347 347 393 219 
2.36 1.00 9.70 0.0300 6.5000 0.6600 -6.4756 0.7367 1.6367 1.22 -7.95 5.60 181 358 352 398 221 
-3.45 -7.93 -15.55 -5.4800 1.6900 -17.6700 1.3300 0.4167 -0.8222 0.66 -9.58 1.97 181 369 355 409 220 
8.82 7.96 16.56 11.2400 14.1800 22.6500 5.5733 1.1000 -0.3256 2.49 -2.03 9.26 183 351 348 393 222 
3.61 1.20 10.14 0.3600 7.1200 -1.3600 -6.3878 0.2811 1.9333 1.80 -7.94 5.45 185 359 346 395 219 
-3.32 -7.38 -6.90 -3.0800 2.4100 -7.6100 0.8289 0.7378 -1.0733 1.16 -9.28 2.94 185 354 347 390 220 
2.04 -4.68 2.32 0.1400 2.9000 -2.3300 3.1989 -0.5278 -2.5667 3.81 -6.50 6.26 184 320 339 366 221 
8.85 -1.06 8.33 2.4400 1.3100 1.3400 3.5811 1.2667 -3.4222 5.71 -0.14 7.96 188 326 336 369 221 
;
3.78 -4.68 1.49 0.1900 1.3600 -5.5300 -1.9722 0.0133 0.0600 2.87 -7.41 5.74 187 346 342 396 223 
3.24 -7.72 4.51 0.5400 -0.2000 -0.2100 -0.0444 0.1878 -0.1356 2.92 -7.64 5.39 190 343 337 398 222 
3.35 -7.50 5.26 0.4200 0.1400 -0.0500 -0.0533 0.1344 -0.0200 2.87 -7.70 5.34 187 342 342 394 223 
3.43 -6.74 5.00 0.9200 1.2600 0.0100 -0.3167 0.9422 -0.4544 2.74 -7.84 5.21 187 334 338 384 220 
4.78 -8.00 6.33 2.9500 0.2400 1.5000 -3.2567 3.9989 -0.1044 0.75 -9.21 3.27 181 323 326 377 221 
0.26 -9.26 -0.46 0.2700 0.4600 -1.6800 -2.3611 0.6778 0.0900 0.16 -9.78 -0.65 174 331 333 376 222 
-4.43 -8.99 -10.74 -3.2800 0.0400 -8.9600 0.0633 -0.3211 -0.3411 0.27 -9.59 -2.02 177 341 335 396 221 
5.85 -1.30 20.73 7.2600 8.8700 20.6900 0.9611 0.6878 0.0411 0.88 -8.83 4.17 186 338 335 391 221 
1.52 -7.56 -0.86 0.0000 1.6500 -2.1700 -3.3933 -0.8111 0.6867 0.97 -9.69 -1.10 183 339 339 393 221 
-4.20 -11.78 -11.01 -3.7500 -0.9200 -7.4600 3.9400 0.3200 -0.0722 0.11 -9.80 -0.13 177 339 337 390 223 
5.96 -0.60 21.23 7.7200 9.4500 19.3100 -0.4322 -1.4356 -0.7478 1.37 -8.84 4.00 176 329 328 370 221 
-0.35 -10.88 -2.20 -1.8600 -1.5500 -3.4300 0.6956 -0.2800 -0.0078 1.67 -9.38 2.28 179 329 332 373 223 
3.60 -10.96 6.12 1.8100 -1.6400 3.8700 -0.3644 -1.7700 0.5633 1.96 -9.31 2.36 178 323 320 351 220 
3.19 -8.06 0.41 0.6500 1.5000 -1.5300 -1.1878 -1.1767 1.8133 0.15 -9.80 0.06 179 319 311 351 220 
-4.37 -7.39 -8.12 -2.8900 2.9000 -9.2400 2.5067 -1.4633 -0.3389 -0.82 -9.70 1.17 174 306 291 329 217 
1.21 2.87 -2.43 2.2500 11.2600 -7.0800 8.4911 -1.9844 -1.2822 1.79 -3.43 9.00 179 305 306 339 216 
-1.34 3.53 30.48 -0.2700 3.6300 15.5200 -5.1078 0.0244 0.2789 1.93 -3.64 8.89 176 309 307 343 219 
4.68 -1.76 -1.40 1.3400 5.5800 -9.2500 -3.8722 -0.0933 1.3967 0.38 -9.08 3.66 177 313 307 344 218 
-5.53 -2.42 -5.35 -5.2800 6.7100 -9.0900 6.4867 -1.8689 -2.1233 1.94 -5.61 7.80 177 312 308 344 220 
8.43 2.79 25.58 2.5200 2.5900 13.3600 -1.3211 -0.6544 0.0400 3.37 -1.76 9.03 176 314 311 347 220 
3.33 -2.66 6.18 0.8800 1.1700 -3.5200 -2.5722 -0.6378 0.4711 3.36 -5.41 7.45 178 312 309 343 220 
;
