3.35 1.08 9.36 0.3100 0.1500 0.7800 0.4267 0.4456 -0.0411 3.13 0.89 9.24 166 281 264 259 192 
2.25 0.15 11.47 -1.7100 -0.7200 1.6400 -1.1567 -0.9311 -0.3044 4.19 0.31 8.85 167 274 264 255 191 
5.23 -0.35 6.19 -0.2600 0.1600 -2.3700 -0.7678 -0.7378 -0.1733 5.38 -0.93 8.14 165 260 247 245 192 
4.65 1.45 7.38 -1.0900 2.0400 -1.0900 0.9156 0.2967 -0.3022 5.21 0.22 8.30 138 245 231 226 185 
8.11 4.17 9.32 2.1800 2.0800 1.6700 1.0378 -0.2222 -0.3611 5.36 2.53 7.80 144 257 239 239 187 
6.15 4.50 8.97 -0.1800 2.2200 0.7700 -1.0622 1.0756 0.7367 5.19 1.65 8.14 156 264 253 248 192 
5.87 4.60 21.02 3.1000 2.7800 13.8900 -4.6367 -0.6989 1.2822 5.37 -1.12 8.12 169 272 259 263 195 
7.37 3.95 0.32 4.5100 13.1500 -4.9000 -8.6278 2.1400 1.7667 2.02 -9.58 0.52 167 282 264 284 200 
-2.18 -4.17 -8.29 -4.8800 4.1400 -5.7300 -1.6100 -0.0500 0.8056 0.16 -8.65 -4.61 170 284 268 287 199 
-2.11 -4.48 -4.01 2.8400 8.2800 7.5500 8.3267 2.8967 -1.4144 2.12 -9.19 2.68 172 292 265 276 195 
2.36 -5.95 2.38 -0.4700 2.7100 0.5300 -4.4367 -1.7289 1.2267 1.10 -9.41 -2.51 166 290 266 282 199 
-8.40 -11.50 -17.31 -7.6500 -1.2000 -9.8000 3.9889 2.4578 -1.0900 0.92 -9.19 -3.29 172 288 272 291 196 
4.64 -2.79 16.08 4.2900 9.0200 18.5400 1.7189 0.6156 -0.7967 2.93 -9.12 2.08 174 290 271 288 199 
5.62 -7.12 -2.50 -0.8500 0.4900 -3.9900 -1.5733 -1.0222 1.1933 2.65 -9.31 -1.52 174 290 271 292 197 
1.48 -10.96 -1.16 -0.4100 -1.3500 0.3200 0.7633 0.0522 -0.2656 2.51 -9.44 -0.75 179 293 275 291 199 
2.25 -9.30 -0.56 -0.2400 1.4300 -1.0400 1.9867 -1.3844 -0.1933 2.79 -9.34 1.02 166 267 203 190 179 
6.85 -7.08 7.47 1.3600 0.6900 2.3500 2.1956 2.2022 -0.3867 3.16 -7.37 5.62 132 290 159 153 147 
1.47 -6.10 5.79 -0.3600 0.2600 -1.7600 3.5589 -2.5211 -0.0311 3.92 -4.22 7.93 126 297 156 113 145 
7.70 2.16 5.00 3.1400 3.0400 -3.6900 3.5667 0.0600 -0.3078 4.68 0.78 8.57 124 306 153 117 149 
12.53 8.39 9.51 9.1800 6.9000 4.7300 3.7578 -0.8833 3.5122 5.65 3.88 7.00 128 309 159 145 158 
-0.59 7.95 14.10 -10.1500 5.2800 5.0900 -3.5744 1.8400 2.6078 5.15 -1.69 8.16 132 314 157 146 155 
-2.01 0.93 -0.10 -7.3600 4.9500 -7.8900 -2.4556 0.1322 -2.4733 5.82 -4.30 6.61 131 318 164 146 156 
7.93 1.57 -3.15 2.0300 3.6200 -9.7700 2.5278 -0.3400 -3.6711 7.44 0.46 6.36 123 314 165 146 159 
18.91 10.35 9.68 9.0000 7.3000 7.8000 3.6833 -0.6622 1.2167 8.07 3.98 3.88 131 309 167 153 158 
7.55 4.42 4.98 -1.6900 0.1000 -0.6500 -0.9189 0.2756 0.4300 8.54 2.61 4.03 127 303 168 150 159 
13.89 7.32 6.16 8.6500 7.8100 3.3400 -3.7433 3.9867 -0.2544 7.07 1.25 6.67 160 292 209 219 183 
4.36 3.77 4.32 1.7500 9.9000 -3.8900 -11.7433 4.9144 0.9922 0.16 -9.61 1.93 173 257 243 278 195 
-3.01 -5.59 -13.86 -5.8700 2.9500 -10.5400 -0.6478 1.8256 -0.6822 0.77 -9.13 -3.48 174 269 268 286 196 
3.06 -3.08 8.72 3.3600 6.8300 11.7000 3.6511 0.4722 0.2544 1.94 -9.30 2.41 170 280 273 286 197 
2.41 -7.18 2.73 -0.1500 1.7600 -0.1000 -3.2967 -1.3811 1.1978 0.83 -9.59 -1.83 168 280 278 292 196 
-10.69 -11.71 -14.31 -10.3300 -1.1800 -7.7600 3.2044 2.3956 -1.1411 0.54 -9.70 -1.33 169 278 275 288 195 
12.79 0.53 21.31 8.8700 10.4000 16.9300 -1.5311 -0.7233 -0.7067 3.35 -9.06 1.64 174 275 276 289 194 
-0.05 -9.25 -2.02 -3.6100 -1.0500 -3.2600 -1.3278 -1.1544 1.6944 1.13 -9.65 -1.24 166 275 268 279 194 
;
