5.22 2.98 7.17 -0.1500 -0.0600 -0.4400 -0.1567 0.1089 0.0556 5.35 3.06 7.62 160 205 220 222 193 
5.47 3.00 7.36 0.0700 0.0300 -0.2100 -0.1378 -0.0522 0.0489 5.42 2.89 7.64 161 208 226 228 191 
5.46 2.56 7.65 -0.0100 -0.1000 -0.0300 -0.4656 -0.3389 0.1822 5.69 2.40 7.61 161 212 227 219 190 
8.58 1.43 12.28 3.4800 0.5900 5.1900 -4.0867 -0.5022 1.0600 6.67 -1.17 7.08 159 228 253 227 189 
8.64 -3.16 8.39 1.5400 3.2400 1.0300 -5.1400 1.2867 2.6989 4.40 -7.46 4.59 166 245 256 229 193 
0.79 -3.36 -2.78 -0.9500 5.1400 -4.4600 -3.6922 1.0678 0.5611 1.39 -9.65 -1.01 166 252 252 230 193 
-5.14 -8.95 -8.12 -6.4500 0.8700 -6.4000 1.8922 1.4967 -1.1778 1.88 -9.61 -0.46 167 258 259 236 188 
11.30 -4.66 15.45 7.0600 3.0900 10.6000 -2.5189 -1.6567 0.7678 2.60 -9.45 0.16 167 267 265 245 193 
-7.06 -9.96 -8.29 -8.8800 -0.5400 -6.8500 -0.6178 -0.2433 0.6178 0.64 -9.50 -2.33 165 267 266 248 191 
-5.66 -8.49 -1.53 -3.8100 2.2900 3.0400 2.7500 0.7933 -3.7233 3.91 -8.93 1.02 167 269 262 255 197 
8.72 -2.98 -5.57 1.6800 4.4100 -4.8100 0.4533 -0.9700 2.0078 3.89 -8.86 -1.57 168 248 243 233 191 
0.63 -9.11 -0.54 -1.3700 1.2900 -0.6200 3.3822 -1.0478 2.0967 0.64 -9.51 2.26 166 178 157 188 165 
0.60 -7.47 7.58 -0.2200 -1.5900 1.2400 3.2333 0.1722 2.8589 -1.99 -6.58 6.98 170 141 146 154 135 
-5.06 -3.59 7.72 0.0300 0.5700 -1.3100 1.9556 0.2444 2.2744 -4.52 -2.27 8.39 182 144 143 150 133 
-10.12 0.78 4.63 -2.2200 4.9700 1.6400 2.4544 1.0644 -0.6556 -5.72 1.30 7.85 184 147 149 157 131 
-7.76 0.79 5.77 -2.1400 0.5400 -0.7000 -0.0989 -0.1822 0.2111 -4.84 0.50 8.50 185 152 152 159 133 
-4.04 0.25 8.15 0.8600 -0.4100 -0.3100 0.0567 0.0944 -0.0978 -4.88 0.43 8.49 183 153 153 160 136 
-5.63 0.60 8.06 -1.0200 0.8600 0.0000 -0.3356 -0.9900 -0.8478 -4.03 -0.19 8.93 183 157 155 169 142 
-0.39 2.33 14.32 -1.1100 3.4800 5.2200 0.2422 -9.4989 -0.8233 5.98 -0.62 7.74 176 256 243 241 187 
5.29 -2.89 -1.06 -3.2200 2.6400 -6.0100 -5.1467 -0.7211 4.9522 5.30 -8.20 0.80 158 289 253 269 187 
2.50 -6.02 -5.62 2.1500 2.8300 -2.9700 0.0089 1.6967 1.1011 2.72 -9.40 -0.46 167 294 265 276 188 
-1.39 -5.39 -9.91 -5.4100 6.1200 -10.5600 6.9211 0.8022 -2.2811 3.39 -7.77 4.91 169 286 258 279 189 
6.87 0.21 31.84 3.0900 3.5900 18.3100 -3.5856 -1.6267 0.4267 4.35 -4.52 7.53 170 288 264 277 194 
2.37 -2.85 -4.24 -0.7800 5.6900 -8.3400 -4.3633 -0.0967 2.6756 2.11 -9.54 0.73 169 291 262 272 193 
-0.52 -3.54 -10.20 -2.0000 6.6000 -11.3100 6.3033 -0.6456 -2.3644 3.29 -8.09 4.44 167 282 255 279 194 
6.36 -2.51 29.14 1.3000 2.1400 16.9900 -4.0989 -0.5567 0.5800 3.63 -6.53 6.34 171 280 270 281 196 
1.56 -4.49 -5.02 -1.1900 3.6400 -8.8200 -2.5967 -0.1167 0.8756 2.40 -9.50 0.10 172 282 266 274 192 
2.22 -5.47 -2.77 -2.1200 4.3500 -2.8100 1.1244 0.0433 -2.6622 4.49 -8.68 0.77 174 234 219 213 181 
;
