6.99 5.89 5.21 2.0000 -0.1400 -0.6700 0.0256 -0.4644 0.2256 5.17 5.92 5.85 181 334 352 387 223 
4.42 5.78 6.25 -0.8700 0.0200 0.2700 -0.0211 0.2722 -0.1167 4.86 5.91 6.12 180 332 350 392 221 
5.44 5.79 5.95 0.4500 -0.1300 -0.0600 0.0156 0.0033 0.0222 5.01 5.89 6.02 179 331 348 391 221 
5.03 5.86 6.03 0.0300 -0.0300 0.0200 0.0056 -0.0022 0.0044 5.01 5.88 6.03 177 328 348 388 225 
9.04 10.42 11.76 4.1400 6.2500 4.5200 -2.7833 -0.1044 2.7511 5.62 3.39 7.28 172 273 274 295 219 
10.23 1.79 12.04 2.4800 3.1700 3.4500 -5.2422 -0.1900 4.1089 6.04 -5.09 5.80 147 263 244 281 220 
1.66 -0.69 -2.23 -2.6200 7.2800 -5.4000 -4.4744 1.4433 2.2967 1.50 -9.68 0.21 167 283 257 315 222 
-3.47 -6.63 -9.79 -4.2800 2.4500 -8.2100 -0.0567 -0.2456 -0.2511 0.53 -9.49 -2.40 175 286 266 321 222 
0.91 -6.89 9.40 1.8600 2.4800 10.8100 2.1256 -0.3356 -1.6600 2.06 -9.43 1.69 174 298 274 327 221 
3.05 -7.46 -1.24 0.0700 2.1700 -1.4300 -2.5944 -0.4322 1.5989 1.07 -9.53 -2.03 179 299 272 330 220 
-6.95 -9.07 -10.43 -7.7800 -0.1100 -7.7400 0.9867 0.8078 -0.0389 -0.13 -9.36 -2.91 178 297 277 331 222 
-0.21 -5.20 1.20 1.0700 5.5100 5.1200 3.2967 -0.1178 -2.1456 2.88 -9.18 1.88 179 303 284 334 222 
5.53 -6.99 2.14 -0.0200 1.5000 -0.2000 -1.5911 -1.2278 1.0911 2.56 -9.46 0.06 176 303 280 335 220 
-2.29 -11.67 -3.35 -2.3700 -1.6300 -2.0500 0.3322 0.4422 -0.2867 1.68 -9.64 -0.51 180 307 283 338 220 
2.54 -8.83 0.16 0.8100 0.5900 0.2700 0.2833 0.0056 -0.1922 2.08 -9.58 0.07 175 304 280 336 222 
3.93 -6.13 0.44 1.8000 3.5600 -0.3700 0.1678 1.3933 0.4644 1.98 -9.56 0.87 175 313 207 218 174 
-0.77 -8.92 1.71 -3.2900 -0.4900 -2.8700 3.5900 -1.7789 0.8367 1.10 -8.36 4.99 195 382 175 186 150 
-1.31 -11.10 10.37 -1.1600 -2.1300 3.1000 -0.6089 0.3867 -0.6756 1.37 -7.98 5.52 200 409 186 196 155 
2.80 -2.76 3.06 1.8000 6.9000 -1.8900 0.2867 -0.3322 -0.7044 2.25 -7.94 5.28 197 405 182 202 161 
9.95 -9.38 9.44 7.1200 -3.2000 3.8700 2.0100 -1.3444 2.6300 2.16 -6.30 7.18 197 405 183 203 160 
-4.14 -11.57 14.81 -5.7600 -3.7500 6.9500 -2.2500 0.3656 2.0511 -0.28 -7.68 6.08 200 410 182 206 161 
-5.46 -2.62 8.35 -5.0400 6.7800 4.0700 -2.8867 1.4211 -1.1756 -0.48 -9.59 1.97 198 409 186 204 161 
1.77 2.72 0.35 0.4800 12.1100 0.1900 -1.4944 1.5056 -2.0422 2.55 -9.44 -0.64 197 409 188 206 158 
11.89 -5.45 -3.76 8.6100 2.0600 -3.9600 3.4078 1.1822 -1.5611 4.99 -7.93 2.87 198 409 194 209 163 
16.36 -9.87 7.54 8.7200 -2.5000 1.9200 3.3956 -2.0889 3.6000 4.55 -6.37 5.90 198 402 192 209 156 
-3.34 -4.95 9.80 -3.9400 4.0300 3.4700 -0.2233 -0.5700 0.7511 3.11 -7.26 5.80 198 398 196 209 163 
;
