-0.34 7.31 7.12 -0.2500 0.4400 0.2800 -0.1811 -0.2878 0.0656 0.09 6.89 6.97 188 345 336 409 231 
-0.10 9.81 10.28 -0.9000 3.7000 3.1000 -1.8800 -1.3911 0.7967 1.62 5.48 7.96 188 344 336 410 231 
4.17 7.21 10.98 -0.0500 4.1200 1.9100 -5.1311 -0.6200 0.9556 4.46 -0.37 8.72 188 343 336 414 231 
4.15 -0.31 2.87 0.9400 6.1500 -4.0000 -8.1556 2.3378 0.6456 2.73 -8.54 3.96 188 346 334 423 230 
2.20 -8.22 -4.24 0.1400 -0.1800 -4.8700 -2.3811 0.2056 -0.8311 2.98 -9.29 -0.93 188 347 326 427 228 
1.54 -10.36 -6.62 -2.1100 1.4700 -1.4300 4.7200 -0.1711 0.9067 2.59 -9.29 1.74 188 346 338 429 228 
3.13 -6.57 4.35 -0.9300 3.2100 1.2200 -3.2033 -0.2144 -0.4333 2.78 -9.27 -1.56 188 347 338 428 228 
2.23 -9.98 -12.31 -1.2300 -1.5200 -9.2400 1.2656 0.3300 0.2211 3.28 -8.77 -2.88 187 346 339 427 227 
3.02 -5.28 4.62 1.5000 5.5700 7.0900 4.6089 -0.0767 0.4689 2.80 -8.75 3.40 188 339 337 419 228 
3.24 -6.38 4.26 -0.0400 2.1000 1.8200 -2.9489 -0.1633 0.2044 2.68 -9.41 0.55 185 336 331 405 228 
2.76 -11.27 -6.96 -0.2600 -1.6700 -3.7900 0.5678 0.6556 -0.1689 3.31 -9.09 -1.59 185 339 334 409 228 
3.21 -8.92 -1.05 -0.1100 0.2100 0.1400 -0.2222 -0.0844 0.0456 3.21 -9.14 -1.49 185 340 335 412 228 
3.41 -10.59 -5.71 -0.6600 -1.6800 -4.6900 -1.6144 0.0944 0.0911 3.22 -8.77 -2.95 186 344 327 420 227 
4.85 -3.78 14.06 5.5400 9.8800 19.6700 0.8089 0.1889 1.3056 2.04 -9.56 0.69 186 346 342 423 228 
1.15 -7.54 -5.33 -1.4500 1.0300 -4.3600 -2.9833 -0.3122 -0.0822 2.43 -8.60 -4.02 186 343 326 423 227 
0.06 -7.66 -8.04 -2.4300 1.8600 -3.0600 6.3400 1.4200 -0.1656 2.84 -9.33 0.95 186 342 341 424 228 
4.29 -6.43 8.74 1.5400 2.5600 4.3200 -2.8578 -0.9400 -0.6044 2.90 -9.35 0.45 186 342 340 419 228 
;
1.82 -10.00 -5.60 -1.6900 -1.3700 -3.9500 -0.4644 -0.0478 0.1667 2.80 -9.09 -2.38 186 344 340 421 228 
3.07 -8.22 -2.70 0.5800 1.0100 -0.5700 0.5867 -0.1667 0.0311 2.70 -9.25 -1.79 186 338 325 384 225 
2.60 -6.53 -2.34 -1.0200 3.4200 -1.4900 5.1622 -0.5122 1.1878 1.85 -9.16 2.96 181 317 273 314 219 
2.84 -2.97 5.40 0.8700 4.7100 -1.3000 4.4167 -0.7856 -1.9167 4.73 -3.70 7.74 176 307 283 316 220 
1.74 5.20 11.61 -1.5600 4.6300 3.5400 2.8022 1.1133 -2.4189 3.45 2.72 8.76 179 331 307 363 222 
1.46 6.52 17.68 -2.1600 -0.1900 3.5500 -0.8089 0.1989 -0.3222 2.15 3.74 8.80 181 336 327 371 221 
1.25 4.54 8.35 -1.8200 0.4500 -0.6900 0.0189 0.0333 -0.0544 2.41 3.83 8.69 181 336 327 372 221 
1.87 4.09 8.10 -0.5700 0.3400 -0.4900 0.1344 0.3411 -0.0711 2.32 3.90 8.69 182 335 326 372 220 
4.09 9.53 18.67 1.8100 5.7600 10.4900 -1.3711 -2.4133 1.6278 4.79 3.69 7.72 183 335 327 382 225 
6.20 6.37 7.45 0.3600 7.9700 -0.7600 -6.0578 0.4500 3.0244 4.93 -4.67 7.06 184 338 329 383 225 
-0.45 -3.27 -2.28 -0.5900 4.4600 -5.2900 -4.8933 2.1856 0.8089 1.99 -9.57 0.74 184 341 335 400 225 
2.22 -8.07 -2.71 0.2500 0.7200 -1.7500 -1.0800 0.5378 0.0256 1.85 -9.52 -1.42 185 342 337 408 225 
1.49 -11.82 -6.78 -2.4200 -1.0200 -5.5200 5.7867 0.7989 0.4633 1.67 -9.50 1.71 185 341 335 411 225 
1.80 -3.73 15.30 1.0300 4.1500 8.8700 -2.6656 -1.0400 -0.4411 1.88 -9.18 2.87 185 343 338 410 225 
0.41 -8.82 -6.53 -1.7200 0.5100 -7.3600 -3.7322 0.0111 -0.1011 2.05 -9.12 -2.93 184 338 339 409 226 
1.10 -7.84 -2.39 -1.4100 1.5300 -0.9500 5.3144 0.1900 -0.4500 2.69 -9.18 2.13 185 334 340 412 226 
4.79 -4.03 14.44 1.6500 3.4500 7.7100 -2.8122 -0.5322 0.0311 2.73 -9.09 2.45 185 336 336 398 225 
0.61 -10.78 -8.54 -0.7800 -1.8600 -5.7300 -0.4011 0.4022 -0.0033 2.50 -9.32 -1.71 184 336 337 399 225 
2.04 -9.62 0.29 -0.3700 0.0300 1.1500 -0.0433 -0.1756 -0.0211 2.35 -9.43 -1.26 184 337 337 400 225 
2.39 -9.17 -0.19 0.0900 0.3800 1.0600 -0.0900 0.1456 0.0278 2.32 -9.45 -1.19 184 337 338 400 225 
1.96 -10.18 -6.11 -0.4400 -0.9300 -5.0700 1.0056 0.1222 0.0856 2.37 -9.46 -0.99 185 338 338 401 225 
1.95 -4.06 14.05 1.4300 6.2600 13.3700 0.6789 0.0300 -0.1278 1.63 -8.86 3.86 185 337 339 400 225 
2.72 -6.52 1.50 -0.0500 1.8800 -1.3600 -4.8656 -0.7478 -0.5789 2.85 -9.06 -2.41 185 338 335 404 225 
-1.17 -9.63 -14.07 -3.3000 -0.5700 -7.9300 4.1722 0.3044 0.1522 2.51 -9.14 -2.50 184 339 339 407 224 
3.75 -2.05 13.44 2.9500 8.3700 13.9000 0.5311 -0.0356 0.0522 2.36 -8.90 3.37 185 337 341 406 225 
2.57 -8.42 -0.99 -0.0100 -0.0100 -4.0600 -3.2078 -0.5489 0.0722 2.81 -9.30 -1.31 184 338 338 400 225 
;
