3.66 -4.09 8.10 0.0900 0.0300 -0.0100 0.0589 -0.0211 -0.1344 3.62 -4.07 8.15 155 264 280 294 196 
3.46 -4.13 8.24 -0.1900 -0.0100 -0.1100 0.0656 -0.0189 0.0022 3.65 -4.06 8.14 159 266 279 298 196 
3.66 -4.10 8.09 0.0000 -0.0800 -0.0600 0.0178 -0.0033 0.0122 3.64 -4.06 8.14 160 264 282 297 200 
3.58 -4.18 8.09 -0.0500 -0.1000 -0.0500 -0.0344 -0.0078 0.0078 3.63 -4.09 8.13 156 262 284 297 197 
3.61 -4.44 8.78 0.0800 -0.5600 0.7500 0.6233 -0.1689 -0.0467 3.66 -3.78 8.27 158 263 290 298 194 
-0.06 -1.33 7.31 -1.4000 2.3400 -5.5900 1.1967 -12.6467 -1.5333 9.73 -1.09 0.40 161 243 221 225 187 
4.73 -0.22 -5.37 -0.2800 0.9500 1.7200 -0.0178 -2.4144 -1.2978 5.65 -0.59 -7.99 164 246 237 255 198 
10.43 -4.55 -16.96 7.0900 -4.9200 -9.5200 1.9011 -0.1722 0.7411 4.04 -1.18 -8.85 175 260 252 268 204 
4.50 -1.58 -9.51 -0.4300 4.1000 -0.2100 4.5122 2.2133 2.1800 3.75 -7.21 -5.47 184 312 275 317 205 
-0.90 -1.50 0.88 -3.6100 6.8300 2.8400 0.2389 -0.2100 0.0700 3.04 -9.06 -2.19 187 331 287 322 210 
4.29 -6.94 -1.23 1.4600 0.9700 0.7200 -0.7656 0.2078 -0.5622 3.96 -8.53 -2.75 184 314 297 312 207 
11.16 -8.13 -5.18 5.6500 -0.7600 -0.7300 -2.2344 3.3078 2.5789 3.93 -8.11 -3.85 179 283 297 309 205 
-1.87 -6.80 -8.18 -4.6200 1.4000 -3.9300 -1.2956 0.8833 2.3278 0.69 -8.09 -5.49 177 309 310 324 205 
-2.94 -4.04 -9.36 -2.6000 4.9200 -5.0400 3.7311 0.8278 -0.6167 0.93 -9.45 -2.41 176 307 305 316 211 
1.28 3.39 -0.93 1.0000 13.3400 -3.6500 8.9433 -0.9567 -0.9789 2.10 -5.86 7.57 178 305 291 323 207 
-3.58 8.39 29.39 -7.1700 8.5300 18.2600 -1.9300 -1.9300 -0.8233 2.47 0.15 9.48 182 316 296 328 209 
4.32 -0.30 5.70 1.5300 0.6300 -3.3900 0.0722 -1.1456 -0.1400 3.65 -1.23 9.01 181 319 303 329 209 
9.72 -1.28 10.96 5.1900 -0.6100 3.4100 0.8200 -3.2400 1.2944 7.02 -0.56 6.81 181 320 303 336 205 
10.95 -1.64 4.02 2.5600 0.2100 -0.4300 1.1944 -1.9444 1.7233 8.86 -2.19 3.57 182 339 313 340 210 
4.72 0.39 0.65 -4.2100 3.8200 -3.3500 0.8500 0.8122 0.2689 8.25 -2.74 4.53 189 353 312 341 214 
7.05 3.94 6.77 -1.2900 6.4600 1.9500 0.2722 0.9011 -0.1533 7.60 -2.01 5.85 182 359 323 349 212 
7.53 2.27 5.45 1.2300 4.4300 -2.0600 -4.0689 -0.9344 0.2144 7.60 -4.13 4.61 176 293 283 316 215 
8.38 -7.03 -2.26 -0.4200 -2.5900 -4.7200 -2.5444 0.7044 1.4133 6.54 -7.07 1.78 162 260 250 303 215 
5.29 -8.30 1.45 -1.1100 -0.7100 0.2000 -0.4233 0.1744 -0.1744 6.41 -7.28 1.37 167 267 257 309 213 
4.00 -4.70 2.24 -1.8600 3.0800 1.2000 -0.9011 0.4233 -0.3622 6.08 -7.65 0.79 169 258 268 281 214 
7.30 -4.47 0.02 0.0400 2.3100 -0.0600 -2.2744 4.1856 -3.2056 8.23 -5.18 1.19 171 270 292 312 211 
;
