5.98 2.50 7.28 -0.0400 -0.0600 0.0000 0.0000 0.0233 -0.0044 6.02 2.56 7.29 152 223 218 214 168 
6.01 2.49 7.29 -0.0300 -0.0500 0.0000 -0.0011 0.0189 0.0100 6.01 2.56 7.30 154 226 218 216 167 
5.34 2.52 7.55 -0.7000 0.0000 0.4100 0.1267 -0.3133 -0.1667 6.20 2.70 7.09 156 230 222 219 169 
6.43 2.07 7.78 0.0000 -0.6000 1.9900 -0.4389 -6.2589 0.0556 9.15 2.57 2.39 166 268 244 238 184 
9.37 1.30 -7.82 -0.6100 0.5200 -2.2300 -0.9822 -3.5867 3.1411 6.23 -0.44 -7.55 164 255 234 243 185 
1.55 -0.34 -7.02 -2.6200 0.1500 0.9000 -0.9133 -0.6333 0.2533 4.87 -0.24 -8.50 169 262 214 255 190 
8.80 -4.44 -15.21 4.9700 -4.4300 -6.3400 1.2500 -0.1578 0.8111 3.76 -1.03 -8.99 174 283 248 270 193 
4.13 -0.83 -9.97 0.1300 4.8700 -1.3100 6.1511 3.4444 1.7211 3.62 -7.38 -5.33 183 329 248 309 196 
0.26 -0.93 -0.50 -2.7200 7.4600 1.6500 0.3000 0.4267 -0.1000 3.34 -8.97 -2.10 185 343 274 315 194 
3.55 -4.27 -1.22 -0.9100 4.4800 0.0900 -1.2378 0.9878 -1.2700 4.87 -8.12 -2.52 186 306 266 286 198 
7.98 -4.72 -3.28 0.5900 0.7400 -2.1200 -2.3011 6.8122 -2.3389 8.38 -4.96 1.10 187 279 154 170 140 
-8.84 -13.28 9.48 -5.1900 -6.8800 3.4900 -1.8400 -0.8233 0.0689 2.32 -7.43 5.96 186 329 150 158 125 
0.00 -8.09 3.57 -1.3600 1.3900 -0.9000 -0.1256 0.9156 0.4911 0.57 -8.54 4.78 186 325 149 164 127 
1.05 -4.23 3.47 1.1800 4.7000 -1.7600 1.1533 0.2556 -1.3722 1.22 -7.89 5.69 187 332 156 166 131 
9.91 -9.65 8.53 7.3100 -5.1000 2.9600 1.3056 -1.8378 1.3922 2.22 -6.20 7.26 185 344 163 172 130 
-1.74 -12.89 14.44 -4.5100 -3.2300 7.6600 -2.5722 -0.0667 2.0556 0.84 -8.26 5.21 188 343 161 171 134 
-6.63 -0.98 6.68 -7.3800 8.2300 3.4700 -1.7533 1.4267 -1.3278 0.61 -9.57 2.04 187 351 164 172 133 
4.10 0.70 0.55 1.8700 9.9400 -0.8900 0.3989 1.6844 -2.0433 2.94 -9.16 1.88 187 351 168 174 137 
10.73 -4.41 1.55 6.6700 3.1600 -2.2400 3.5344 0.7300 -1.6000 4.75 -6.58 5.49 189 353 168 177 136 
15.69 -7.80 13.90 5.1000 -4.7100 9.1100 2.4178 -0.4111 4.2489 4.15 -4.08 7.89 188 353 169 176 138 
-3.88 -3.01 7.76 -5.2100 3.1700 0.6900 -0.1367 -0.4989 -0.1489 3.55 -5.27 7.46 189 356 173 179 138 
4.34 -2.69 5.81 -2.3700 -1.4300 -0.5700 3.2656 -10.5278 -2.3256 9.66 -1.49 0.66 188 292 255 257 180 
8.39 -2.98 -8.09 2.5800 -0.3200 -0.9700 -0.0533 -2.7878 2.1378 3.61 -3.07 -8.58 187 293 270 305 195 
-4.15 -2.74 -3.03 -5.0900 1.0700 2.3100 -1.9133 -0.5867 -0.2778 2.33 -1.72 -9.36 184 271 267 306 201 
2.63 -2.04 -8.01 0.4300 0.1600 0.7300 -0.1289 -0.1856 -0.2922 2.28 -1.91 -9.34 183 272 273 313 200 
2.49 -2.03 -8.73 0.1500 -0.0700 0.5100 -0.0156 0.0844 -0.0200 2.32 -2.03 -9.30 185 279 279 313 201 
1.59 -1.88 -8.44 -1.0700 -0.0100 0.8400 0.2456 0.6867 -0.9100 3.01 -1.93 -9.13 185 282 277 307 160 
;
