3.52 2.57 8.81 0.0700 0.0200 0.0000 0.0111 -0.0033 -0.0033 3.50 2.54 8.79 183 318 333 389 180 
3.51 2.61 9.17 -0.0900 0.4600 0.4200 -0.9767 -0.7411 0.1822 4.04 1.89 8.72 182 303 312 346 199 
5.93 1.11 8.77 0.4000 0.0300 0.1200 -1.6089 -0.9667 0.6633 5.63 -0.15 8.02 167 278 237 226 182 
6.00 -2.12 6.70 -2.8900 -0.3500 -0.1100 0.3467 -5.8756 -0.1122 9.09 -0.97 3.52 145 265 232 236 185 
16.32 0.50 -6.39 4.7300 -0.1500 1.0800 0.9211 -1.6767 0.6700 5.15 -1.15 -8.26 178 288 266 277 210 
6.35 -2.37 -10.70 1.9000 -1.4500 -3.0300 0.5556 -0.6533 0.5700 3.95 -1.91 -8.76 185 296 276 290 217 
5.85 -4.35 -10.39 1.5300 0.5600 -1.4200 3.3778 0.8711 1.0800 3.23 -5.65 -7.32 194 334 309 354 220 
1.91 -4.47 -1.34 -2.0300 3.9500 1.9200 2.2022 0.3044 0.8856 3.28 -8.88 -2.52 198 388 347 399 220 
1.25 -4.31 -0.99 -1.5500 5.0300 0.8800 -0.4978 0.5089 -0.4356 3.40 -8.92 -2.22 196 372 344 359 219 
7.02 -5.81 -4.07 3.0200 2.7300 -0.7300 -3.4078 6.1833 -1.0322 5.89 -7.35 -2.69 171 315 233 229 187 
7.33 -7.58 -3.46 -4.6100 -1.8600 -6.4100 -0.2767 6.8700 4.3333 1.78 -8.38 4.75 170 310 209 210 168 
0.15 -12.24 5.83 -1.8200 -3.3300 0.5300 0.5667 -0.2178 0.3744 1.10 -8.38 4.97 187 377 206 202 162 
0.63 -8.32 4.91 1.4000 1.1000 0.8800 0.1367 -0.1411 0.1833 1.05 -8.26 5.17 194 385 212 206 166 
0.96 -7.81 5.25 0.4300 0.2400 -0.0400 0.2067 0.1244 0.1211 0.72 -8.15 5.39 191 387 198 209 168 
2.65 -10.32 4.81 2.8200 -2.7500 -0.1600 0.6189 0.1556 1.0322 0.04 -7.81 5.92 194 392 206 212 173 
-3.58 -9.73 10.89 -3.3300 -0.7200 5.0300 -2.1178 0.4456 0.5211 -1.72 -8.55 4.47 196 392 210 214 174 
-4.14 -3.25 3.32 -3.5400 6.7700 0.2300 -1.7911 1.1267 -1.1700 -0.89 -9.71 1.04 195 392 215 213 175 
2.52 -2.87 -0.18 2.1100 6.5100 -0.6300 0.3933 1.1656 -2.0300 1.80 -9.59 0.88 194 394 217 217 174 
8.01 -7.61 1.42 4.5500 0.7300 -0.6000 2.2644 0.2578 -0.9756 3.57 -8.42 3.51 194 396 219 216 173 
7.51 -12.00 7.96 2.5800 -4.1200 3.0800 1.3833 -1.0100 2.0522 2.78 -7.64 5.47 197 392 221 215 173 
-2.02 -7.14 6.50 -2.6300 1.6100 1.4000 -0.3567 -0.2533 0.0378 2.49 -8.08 4.96 195 388 219 217 174 
;
