3.08 -3.43 8.53 -0.0400 0.0600 -0.1700 0.0578 -0.0056 0.0156 3.17 -3.44 8.61 162 292 293 284 190 
3.02 -3.48 8.38 -0.0900 0.0000 -0.2000 -0.0311 0.0078 -0.0067 3.17 -3.45 8.61 162 289 292 287 189 
2.80 -3.56 8.93 -0.0600 -0.1600 -0.0100 0.1078 -0.0044 -0.0289 3.16 -3.39 8.63 166 292 295 278 185 
2.83 -3.56 9.07 -0.3200 -0.3700 0.8700 0.6911 -0.3622 0.0078 3.32 -2.96 8.73 172 302 291 295 187 
3.16 -3.40 7.39 -0.8400 -3.5200 -2.0000 1.2422 -9.0900 -0.8356 8.32 -1.45 4.96 176 254 208 239 198 
6.47 1.24 -6.17 -1.4500 1.6000 1.5000 0.9322 -6.3200 0.0600 6.01 -1.54 -7.58 149 230 203 228 199 
5.30 -2.12 -8.55 1.2700 -0.7500 -0.4900 -0.4222 -0.7467 -0.5556 4.44 -0.91 -8.69 160 235 215 262 197 
8.54 -4.40 -15.84 5.1000 -4.6500 -7.0000 2.1122 0.2800 0.9489 3.92 -2.70 -8.56 172 262 241 286 204 
3.93 -1.70 -7.95 -1.0500 5.4400 0.6200 4.8011 2.8156 1.5722 3.27 -7.91 -4.77 189 343 289 339 207 
0.50 -1.23 -0.24 -2.7900 6.7200 1.7400 0.1978 0.2456 -0.2678 3.60 -8.87 -2.11 184 347 293 335 206 
3.40 -4.89 -1.51 -1.1800 4.9100 0.0800 -1.2133 0.4833 -0.5500 4.38 -8.31 -2.80 189 319 282 305 203 
3.99 -5.34 -5.25 -2.2600 0.5200 -2.2500 -1.3556 -2.0711 -1.7556 5.37 -5.96 -5.62 146 255 173 163 149 
12.31 -10.34 -12.10 7.2600 -3.8700 -4.2200 3.4456 0.2289 -0.8844 5.77 -5.93 -5.25 143 280 177 182 154 
4.87 -4.27 0.38 -1.3200 3.1200 2.2700 2.9456 -0.0767 0.4356 5.65 -7.97 -0.80 141 325 176 186 158 
2.69 -3.81 7.37 -2.4900 3.9000 7.4800 -0.1644 -0.8367 -0.0033 5.69 -7.91 1.06 146 331 185 193 161 
7.91 -9.38 -4.87 2.5200 -1.5600 -5.3900 -0.3600 -0.2000 0.3033 5.60 -8.00 -0.84 149 333 190 191 164 
4.43 -5.69 1.81 -0.4100 3.2800 2.1600 2.7456 0.1044 -0.4944 5.85 -7.57 2.12 156 356 204 210 175 
10.45 -4.32 5.90 4.5300 1.4700 2.0400 -4.8033 9.4078 -2.7533 5.52 -7.18 3.74 177 349 188 182 151 
-2.30 -5.60 10.01 2.2900 1.9100 1.7400 -1.4789 3.5311 -2.6622 1.37 -7.69 5.92 187 334 157 164 137 
3.10 -5.31 3.07 1.6300 2.4400 -2.5300 -0.0489 0.2622 -0.6456 1.86 -8.13 5.14 190 360 157 164 126 
5.23 -5.36 5.02 3.5900 1.8800 -1.0500 2.7900 0.4389 0.0900 2.10 -5.90 7.53 188 366 165 170 128 
3.70 -5.88 13.72 2.3300 -1.6500 6.1200 0.4844 0.0933 4.0700 0.22 -4.55 8.68 189 368 164 173 136 
-6.81 -7.25 13.22 -5.3000 -1.2600 4.9500 -2.9944 0.1500 0.8689 -1.64 -6.86 6.81 188 367 167 176 136 
-6.42 -2.28 1.37 -5.5400 6.5900 -3.7800 -1.8578 0.7356 -2.2267 -0.27 -9.19 3.38 192 366 172 177 137 
1.24 -1.08 1.67 0.4800 7.6900 -1.0200 0.7011 2.0400 -2.7289 2.86 -8.66 3.59 193 367 173 181 139 
10.38 -2.20 5.67 7.1400 3.9700 0.8900 2.2711 1.2122 -0.8544 3.75 -6.39 6.41 184 366 163 181 139 
7.24 -8.15 12.06 2.8900 -3.1300 4.5500 0.8856 -0.2244 3.1311 2.04 -5.33 7.96 186 367 171 185 136 
-3.26 -6.44 9.16 -5.1300 -0.5500 0.6200 -0.1989 -0.4722 0.4733 1.64 -5.85 7.69 192 324 176 193 148 
-0.31 -5.75 8.14 -2.2600 0.3400 0.5600 -0.1356 -1.0767 -1.1944 3.06 -5.88 7.21 186 242 249 237 178 
4.06 -3.70 5.63 1.1600 1.3100 -2.2000 1.0522 1.3089 -1.2756 3.36 -4.60 7.97 179 267 290 292 186 
;
