8.16 2.90 4.35 0.0600 -0.1600 -0.1900 0.1867 -0.0556 0.0500 8.15 3.07 4.49 130 253 246 267 194 
8.02 3.00 4.60 -0.1200 -0.0900 0.1200 0.0456 0.0444 -0.0400 8.16 3.08 4.46 130 254 249 268 193 
8.13 3.20 4.46 0.0300 -0.0100 0.0300 0.0333 0.1311 -0.0744 8.07 3.22 4.53 142 259 251 271 194 
12.25 3.61 5.18 3.2300 0.5300 4.2000 -0.3956 -8.5922 2.4889 8.94 1.85 -3.57 159 270 260 279 197 
5.11 2.68 -10.38 -0.7700 0.9200 -1.9800 -0.8333 -0.7822 1.2556 5.06 1.54 -8.25 162 284 262 285 200 
7.74 0.62 -12.84 3.6300 -1.4900 -4.5200 1.1333 -0.7244 0.7122 4.12 0.88 -8.85 165 304 274 303 207 
6.14 -2.08 -12.36 1.8100 1.4700 -3.8400 3.6511 0.2356 2.0956 3.36 -4.07 -8.26 183 339 286 333 198 
0.00 -1.31 -2.05 -3.8900 7.3700 3.1600 2.0822 0.9644 0.7900 3.50 -8.50 -3.39 187 354 275 327 199 
3.44 -5.65 -0.45 -0.0300 3.0500 2.1800 -0.0944 0.3822 -0.3889 3.98 -8.55 -2.67 186 345 288 327 195 
1.69 -4.48 -3.21 -2.6900 3.4300 0.0400 -1.3433 0.5256 -1.2089 5.12 -7.53 -3.61 170 287 212 209 175 
5.52 -6.47 -7.24 -0.0700 -0.7600 -3.6600 0.1400 -1.9756 -1.5222 6.05 -5.79 -5.09 135 294 179 177 145 
13.16 -9.21 -5.85 5.6300 -2.4300 -0.2200 2.6944 -0.2089 0.0656 5.67 -6.75 -4.28 137 335 179 183 153 
5.08 -5.48 -1.90 -0.3200 1.4000 -0.5600 1.1778 -0.0389 0.0578 5.73 -7.64 -2.18 139 343 184 187 159 
5.33 -4.47 7.24 0.7400 3.0600 7.8600 -0.9756 0.6656 -0.2000 5.91 -7.72 -1.22 139 304 192 192 158 
6.45 -8.94 -8.31 0.7000 -1.9400 -5.7900 -0.1122 -0.6489 0.0967 5.62 -7.29 -3.35 140 351 192 195 159 
5.88 -6.18 -1.33 -0.4800 2.5400 1.3800 2.2244 1.3922 -0.4522 6.12 -7.62 -0.70 138 358 193 198 163 
6.55 -7.79 -1.60 0.2200 -0.5600 -0.8200 -0.3189 0.2511 -0.2611 6.67 -7.14 -0.73 142 353 196 200 163 
8.61 -5.06 1.61 4.3100 0.6600 3.2800 -1.4733 2.9533 -0.7611 7.41 -6.40 -0.29 158 261 213 228 178 
12.74 -7.24 2.18 5.1700 0.4400 0.1200 -3.2189 2.2656 2.5900 5.75 -7.91 0.63 172 278 276 301 191 
2.83 -4.68 -6.12 -2.8600 4.9300 -5.3500 -1.8822 1.7311 1.8911 2.11 -9.14 -2.83 168 309 295 321 193 
-1.04 -5.15 -6.95 -3.7400 4.3000 -5.7500 3.4700 -0.5300 -1.0767 2.34 -9.51 -0.47 171 310 296 324 196 
9.31 -2.21 13.24 7.3000 4.0600 16.6600 3.8267 -0.3544 -0.8489 4.81 -6.19 5.87 173 300 288 316 196 
5.36 -4.37 6.16 0.5000 4.4500 -0.2900 -5.8011 0.4756 2.1844 2.73 -9.39 0.58 170 307 295 315 199 
-3.08 -5.86 -11.94 -4.6200 2.4800 -9.7800 -0.8733 -0.2922 0.4100 0.61 -8.70 -4.46 170 306 298 323 198 
1.75 -2.05 -1.68 -1.1900 7.5700 0.1800 6.5644 0.4300 -2.3967 3.35 -8.79 2.74 170 305 284 310 197 
7.73 -6.71 17.10 3.0000 1.1400 9.2200 -3.6333 -0.2733 1.0078 3.57 -8.33 3.73 171 306 290 323 198 
-1.12 -6.46 -6.39 -2.7000 2.9800 -5.3300 -2.2889 -0.0156 0.3633 1.99 -9.44 -1.73 176 300 283 292 194 
2.04 -5.09 -2.40 -1.1400 3.1700 -0.8800 0.4789 -0.4567 -2.1156 4.05 -8.79 -1.51 174 265 272 259 192 
4.45 -3.45 -2.21 -2.0500 4.3500 -1.1700 1.0867 -1.7933 -4.7489 8.38 -4.91 -1.33 177 244 259 258 193 
13.91 -0.40 -1.75 5.3300 0.7900 -1.4000 0.0367 -1.8111 -2.8433 9.05 0.43 -3.73 176 241 247 245 189 
;
