2.82 0.64 9.48 -0.2000 0.1200 0.4900 0.0111 -0.5800 0.1567 3.32 0.66 9.20 151 275 301 300 201 
3.87 3.83 9.29 -0.9700 2.7200 0.8700 -0.8222 -3.9622 0.9889 6.17 0.03 7.61 169 284 256 282 203 
5.80 -2.76 -5.13 -3.6900 -2.0800 -7.8500 2.5956 -13.4922 -1.4356 8.40 -0.29 -5.04 176 239 206 230 204 
7.75 -0.43 -7.62 2.4200 -0.8300 0.2400 0.3078 -0.7444 -0.5578 5.12 0.25 -8.35 171 239 211 244 206 
10.89 -1.80 -13.93 7.0800 -2.3400 -6.1300 1.0567 -0.4300 1.3233 4.24 -0.76 -8.80 181 256 223 256 210 
4.03 -2.22 -11.33 -0.4600 2.9800 -1.2900 4.3911 -0.6056 2.6433 2.18 -6.24 -7.23 183 309 263 317 211 
-1.27 0.75 0.10 -4.4200 8.8200 2.6800 0.8622 0.7389 -0.0922 2.90 -9.02 -2.50 189 312 288 318 209 
3.98 -7.55 0.22 0.7600 0.3200 1.5400 0.0689 0.2767 -0.1278 3.40 -9.00 -1.88 186 324 289 316 213 
4.07 -9.31 -2.47 0.5600 -0.1900 -0.3800 0.0156 0.1044 -0.0733 3.55 -8.90 -2.06 187 327 298 321 211 
3.54 -8.40 -1.32 -0.0800 0.7100 0.5600 0.0656 0.0067 -0.0633 3.62 -8.92 -1.85 188 318 292 315 210 
2.83 -6.03 -1.51 -1.1100 3.8200 0.3600 -0.0244 0.5056 -0.5400 4.19 -8.68 -1.79 189 314 288 314 208 
5.31 -6.87 -1.88 0.5300 0.1400 0.0400 -0.6222 -0.2611 -0.8144 5.17 -7.96 -2.43 188 312 292 314 211 
7.29 -9.50 -3.28 1.9200 -1.9900 -0.1700 -0.8878 -0.6022 -0.4556 5.63 -7.00 -3.91 189 312 287 315 210 
6.49 -11.10 -8.25 1.2600 -4.3600 -4.1200 1.5633 0.5833 -0.6222 5.85 -7.03 -3.51 189 316 294 316 208 
8.86 -6.68 -3.53 2.4400 1.3800 -3.1500 4.3900 2.1678 -0.3789 6.56 -6.70 2.84 151 315 155 154 152 
1.01 0.03 6.57 -3.0000 4.6600 -1.1700 2.9533 3.1444 0.3689 2.74 -3.38 8.78 132 308 145 153 146 
-0.92 -0.59 7.21 0.0600 1.0700 -2.0400 0.5611 -0.9756 0.0322 2.20 -1.94 9.35 106 329 149 156 142 
3.40 -1.29 9.81 -0.2100 0.2300 0.3000 0.5867 -0.7756 0.0511 3.53 -1.15 9.07 102 344 153 155 145 
3.92 0.92 8.26 0.2300 1.8600 -0.6000 0.1389 -1.0800 -0.1089 4.75 -0.58 8.55 109 349 149 165 149 
6.16 -0.34 7.41 0.9100 0.3300 -1.0800 -1.3167 -0.5622 -0.0678 5.64 -1.53 7.87 115 365 160 166 154 
5.65 -2.11 6.62 -0.4300 0.2900 -0.7100 -0.9544 -0.1044 0.5200 5.64 -3.12 7.38 116 377 165 167 164 
5.36 -4.43 8.14 0.3900 -0.5500 0.1800 -0.2033 0.0156 0.0233 5.61 -3.52 7.22 123 381 164 170 163 
5.16 -3.10 7.28 -0.2500 0.7300 0.3900 0.0622 0.2800 0.0344 5.41 -3.62 7.33 124 382 164 171 162 
6.14 1.22 11.49 2.3800 5.4600 4.7600 -2.6800 2.0033 -0.6989 4.60 -4.74 7.24 161 282 233 238 193 
3.11 -5.26 2.50 -1.2500 2.7400 -2.7300 -5.2689 -1.3511 1.8922 2.80 -9.32 1.13 165 296 290 288 199 
0.37 -8.05 -7.49 -1.2500 1.1700 -6.6900 -0.5189 0.2700 0.1156 1.41 -9.50 -1.93 170 308 303 297 199 
2.25 -5.03 -4.47 0.7000 4.6800 -4.1000 4.7056 1.6100 -1.6656 3.09 -8.86 2.83 165 310 304 303 204 
5.70 -3.25 24.24 0.6100 3.2500 19.0000 -0.7833 0.6433 0.1144 3.24 -6.72 6.35 171 313 304 307 201 
0.36 -7.53 1.17 -1.0600 1.8200 -4.1500 -3.8800 -0.1322 0.7522 1.95 -9.53 1.20 170 320 308 312 206 
3.74 -7.27 -11.27 1.3600 2.6000 -9.3700 2.0811 0.1867 -0.6256 2.24 -9.52 0.68 173 322 301 317 204 
1.77 -4.44 6.51 -0.2400 3.7600 3.5000 4.4789 -1.6933 -1.5278 4.45 -6.68 5.61 170 313 310 311 201 
6.49 -4.56 12.86 1.6500 2.4400 5.7800 -3.7844 0.1756 2.2122 3.31 -8.25 4.13 169 321 308 316 203 
-1.74 -6.80 -4.60 -3.1400 2.1700 -6.2300 -1.4544 -0.1456 0.0300 1.69 -9.65 0.06 173 324 304 320 206 
2.07 -7.28 -1.07 -0.6100 1.9000 -0.5700 0.3511 -0.4311 -1.1111 3.34 -9.21 0.10 174 322 306 316 207 
;
