8.35 1.28 5.16 0.1300 -0.0600 -0.1300 0.0111 0.0278 0.0567 8.18 1.26 5.24 154 189 179 181 152 
8.40 1.28 4.93 0.0200 -0.0800 -0.4300 0.1178 -0.0622 0.0656 8.23 1.26 5.17 158 197 182 183 155 
9.17 2.23 2.40 0.2600 0.4900 -0.2900 2.9344 -8.4600 -0.1822 9.29 2.13 -2.29 164 275 236 257 185 
5.91 1.67 -8.60 -0.4100 0.2200 -0.9400 -0.9378 -2.0511 0.7778 4.31 1.18 -8.72 166 263 244 259 189 
3.78 1.38 -8.87 -0.0800 0.0000 -0.3700 -0.1522 0.2956 -0.3033 4.59 1.52 -8.52 171 273 253 270 190 
14.81 -2.70 -19.08 8.5100 -3.8000 -9.1100 3.4967 0.6511 2.5511 4.69 -1.48 -8.48 179 277 260 281 195 
2.86 0.84 -5.46 -5.1100 7.7500 2.9100 5.5467 3.4067 2.0522 5.04 -7.92 -2.79 189 325 276 303 202 
0.87 -0.13 0.10 -3.7300 7.4500 1.9300 -0.2233 0.4567 -0.4500 5.02 -8.28 -1.53 187 319 285 307 205 
4.62 -7.42 -1.28 -0.6400 -1.0700 0.1800 -1.2567 -0.4833 -1.2667 6.22 -7.01 -2.87 189 314 288 311 205 
7.43 -10.67 -8.42 1.9100 -4.4000 -4.7800 1.9489 -0.3989 -2.0422 7.65 -5.32 -3.03 190 313 294 312 203 
12.31 -4.16 -2.75 3.6500 1.1900 -0.8800 3.7767 1.1389 -1.1500 8.81 -4.29 0.09 186 321 285 314 203 
7.24 -0.21 2.27 -1.4900 3.6400 0.3200 2.2500 0.2622 -0.2078 8.78 -3.32 2.83 192 315 282 313 210 
8.13 4.38 6.29 -0.5600 6.9200 3.5800 0.3544 0.9167 -0.2544 8.50 -2.27 4.31 188 321 281 332 210 
9.30 7.09 3.37 2.2100 9.4400 -1.6400 -4.7967 0.1689 0.0433 8.62 -3.87 2.61 175 290 278 320 211 
1.89 -12.09 -10.21 -13.6200 -12.7300 -9.4900 -1.5022 0.6233 1.6689 5.91 -7.64 -1.62 164 278 270 318 211 
8.84 -5.19 1.04 1.0700 1.8000 2.0300 -0.0667 0.9611 -0.4056 6.79 -7.02 -0.83 168 267 267 313 210 
4.05 -4.19 1.19 -3.2200 1.7200 -0.4400 1.2256 6.3733 -1.6500 6.24 -6.26 4.22 175 313 267 294 202 
5.97 -2.05 2.78 1.8900 -0.0400 -4.7000 8.5156 3.5456 -3.0878 2.72 3.44 8.76 184 360 292 328 209 
12.65 15.80 10.14 3.8800 8.9700 5.4300 -0.6133 -3.9656 11.3167 9.70 -0.30 1.37 191 335 300 322 209 
-0.55 -0.39 0.81 -7.6100 5.1300 3.9700 -9.3711 -1.7444 4.0522 3.08 -6.38 -6.77 182 235 246 302 207 
6.32 -3.85 -15.03 2.9000 -1.5900 -3.6500 -0.0056 0.0867 -0.1767 2.56 -3.07 -8.95 182 251 263 312 212 
3.67 -3.63 -8.10 0.3500 -0.2800 0.8500 0.0367 0.2244 -0.0300 2.84 -3.24 -8.80 182 257 261 314 210 
2.98 -3.40 -8.02 0.0300 -0.1600 0.6400 -0.1589 0.0167 -0.0667 2.98 -3.22 -8.76 181 259 266 317 210 
;
