4.29 5.65 6.88 -0.0200 -0.0100 0.2400 0.0478 -0.0333 0.0122 4.37 5.70 6.66 159 270 262 284 176 
4.31 5.67 6.90 0.0200 -0.0500 0.1700 -0.0256 -0.0111 -0.0311 4.33 5.70 6.69 160 269 261 286 176 
4.11 6.14 8.56 -0.1900 0.9700 2.8100 1.4567 -4.2711 0.4611 5.83 6.19 4.86 165 277 261 261 171 
12.94 3.51 -3.61 3.8500 -0.4900 -1.2000 2.7900 -7.9456 5.4067 7.56 0.84 -6.18 159 252 259 261 171 
1.76 0.18 -4.94 -3.7400 1.6300 1.1600 0.3278 -0.9933 0.5956 5.54 -2.27 -7.76 165 258 265 283 179 
8.19 -5.76 -12.01 4.7300 -3.6900 -3.9600 1.3678 -0.9067 2.0822 3.43 -4.20 -8.16 179 280 273 298 190 
3.37 -6.38 -7.84 -0.4100 0.8500 -1.8300 4.2656 2.2078 0.8856 3.48 -8.21 -4.05 186 318 304 335 134 
0.63 -2.64 -0.62 -2.7100 6.6500 0.2200 0.9589 0.2811 0.3533 2.98 -9.33 -0.34 187 340 316 341 198 
2.54 -4.34 1.14 -0.4900 4.1300 1.1700 -0.4467 0.0900 -0.8089 3.71 -9.07 -0.23 185 319 316 335 198 
12.70 -10.34 -2.67 5.5400 -3.5600 -1.4300 -0.8856 3.8578 1.1533 4.76 -8.44 -1.44 138 261 311 317 194 
1.60 -9.50 -1.07 -4.2600 0.6200 -1.2700 -0.8256 0.2311 2.6289 1.33 -9.62 -1.29 152 296 316 341 197 
0.00 -8.61 -2.29 -1.1800 1.0700 -0.9800 0.4844 2.0700 -0.0311 0.91 -9.72 -0.87 165 312 319 356 196 
-1.12 -7.15 -5.84 -2.0900 2.4000 -6.4700 2.5433 1.2611 -1.1311 1.77 -9.55 1.28 167 321 324 359 198 
12.98 9.06 10.11 12.0000 15.4400 13.1600 7.1911 -0.2222 -1.0267 4.59 -2.09 8.40 173 316 308 360 198 
6.80 3.75 8.42 2.0400 8.2000 -1.5600 -6.0900 1.3856 3.3778 2.41 -7.81 5.40 173 330 324 360 199 
-7.31 -9.85 -10.78 -7.2100 -1.1300 -12.7200 0.6422 0.2511 -0.5900 -0.40 -9.65 1.69 171 326 324 364 198 
4.98 2.52 0.50 7.4100 12.1500 0.7600 6.3133 -1.3078 -3.2389 4.09 -5.06 7.33 174 322 327 363 198 
4.62 1.45 16.20 -0.2800 5.7000 6.9500 -5.1200 0.1967 1.6511 4.08 -6.66 5.91 175 324 307 360 200 
0.03 -7.26 -7.04 -3.7300 0.4400 -9.7800 -0.8611 -0.6144 -1.5667 4.50 -8.48 1.95 118 277 267 328 198 
8.82 -8.67 -3.31 3.1900 -3.2000 -4.1000 3.2822 -2.0800 -3.1956 8.35 -4.77 1.88 109 215 244 245 168 
12.38 0.58 2.26 2.9000 4.0700 -0.4700 3.1744 -1.3800 0.4467 9.04 -2.61 2.73 95 172 179 186 133 
10.51 5.15 4.02 1.3900 10.5600 4.1000 1.2722 2.2789 1.3611 8.06 -3.31 4.49 102 176 186 185 133 
9.73 -0.22 6.93 1.8400 2.6500 -0.0800 -3.1211 0.6256 -0.8244 7.93 -4.40 3.72 102 181 188 191 135 
9.29 -6.43 -6.28 0.6800 -2.1400 -9.5400 -0.0100 1.5989 0.1767 7.54 -5.02 3.75 101 179 185 196 134 
1.18 1.60 22.12 -1.0400 5.5800 11.6400 -0.6822 0.1822 -0.3844 7.13 -3.92 5.47 107 184 190 199 142 
2.10 -3.01 2.07 -4.9200 0.9700 -3.6100 -2.4822 0.7478 -2.9533 7.79 -3.95 4.44 126 211 230 233 166 
11.57 0.74 1.63 1.8500 1.0600 -3.2400 2.0733 4.6522 -5.4622 6.67 1.78 6.95 149 257 256 276 175 
;
