2.34 1.85 9.35 0.0200 -0.0700 -0.0200 -0.0033 0.0000 0.0078 2.30 1.91 9.33 171 352 357 406 208 
2.36 1.84 9.39 -0.1000 -0.0700 0.0300 0.0056 0.0011 0.0022 2.30 1.90 9.33 174 353 367 405 209 
2.29 1.78 9.25 0.0400 -0.0200 0.0700 -0.0244 -0.0367 0.0244 2.31 1.88 9.34 175 352 362 403 209 
2.11 2.09 9.40 -0.6000 0.3400 0.3400 -0.4178 -0.5933 0.4144 2.69 1.42 9.32 171 302 342 387 208 
4.75 3.48 8.72 -0.5900 2.3300 -0.2400 -1.1678 -4.3100 1.9489 6.61 -0.98 7.16 173 285 295 359 217 
7.95 -2.96 1.63 -1.4500 -0.9500 -0.7300 0.5089 -9.4100 1.3600 9.00 -3.11 -2.31 176 260 256 307 219 
4.07 -6.82 -5.08 -2.1800 -2.7400 1.1600 0.0111 -1.6167 0.0522 4.72 -4.16 -7.51 178 259 271 312 217 
5.31 -4.34 -7.75 1.3000 -0.8300 -0.7500 0.0911 -0.3756 -0.2311 4.51 -4.05 -7.70 183 281 283 343 220 
9.84 -9.34 -14.48 6.1900 -3.4700 -7.3100 2.9433 -0.5133 2.0167 3.07 -6.52 -6.64 193 316 317 370 219 
-1.68 -1.12 1.02 -4.4700 7.9000 2.8800 3.3367 0.8911 -0.0756 2.80 -9.39 0.05 198 391 355 416 210 
0.75 -3.47 2.16 -2.0100 5.6700 1.5300 0.0567 0.4389 -0.5611 3.09 -9.27 0.76 201 409 360 415 210 
2.57 -5.37 0.77 -0.9300 3.6700 -0.0600 -0.8911 0.5144 -1.1422 4.21 -8.85 0.22 199 398 354 422 215 
5.96 -4.94 -2.16 1.0600 1.7100 -1.7300 -0.4011 0.6789 -2.3844 6.71 -7.14 0.01 196 287 261 274 195 
12.65 -8.57 -0.94 3.9700 -4.9700 -0.9700 1.1633 0.4167 -2.2244 8.98 -3.73 1.20 192 204 187 189 132 
11.12 -4.93 5.81 1.4500 -1.1000 -0.0200 2.0844 0.6400 1.1778 8.33 -2.42 4.55 198 162 163 174 129 
-0.50 1.78 7.26 -4.8600 6.4500 2.7100 -0.9133 -0.8033 -2.1433 9.56 -1.75 1.24 199 161 169 181 132 
7.17 -1.41 2.59 -0.6800 0.8700 0.3000 -0.3478 0.1578 -0.3489 9.53 -2.06 0.95 204 168 169 179 133 
9.53 -1.34 2.01 0.2300 0.7000 1.0000 -0.2667 0.2244 -0.0756 9.57 -1.80 1.13 201 171 175 182 139 
;
