2.31 1.17 9.46 0.1300 -0.0900 0.0000 0.0000 0.0000 -0.0033 2.20 1.29 9.46 172 351 360 403 213 
2.22 1.19 9.54 0.0700 -0.1000 -0.0700 -0.0111 -0.0078 0.0056 2.20 1.29 9.46 170 346 362 402 212 
2.20 1.15 9.45 0.0400 -0.1000 0.0300 -0.0156 0.0000 -0.0022 2.20 1.28 9.46 177 349 366 403 215 
2.22 1.12 9.47 0.1200 -0.1200 0.0400 -0.0333 0.0022 -0.0044 2.20 1.25 9.47 168 350 366 399 213 
2.29 1.08 9.45 0.1000 -0.0200 -0.0600 -0.0933 -0.0067 0.0156 2.18 1.08 9.49 171 344 362 400 216 
0.58 1.96 11.23 -1.7300 1.3400 2.1000 0.7722 -2.7300 1.3522 3.72 1.10 9.00 173 288 312 343 215 
4.66 0.46 2.59 -5.5100 -2.4900 -4.8300 0.0022 -10.2256 2.9189 9.30 -2.80 -1.28 154 235 217 247 191 
7.74 -6.79 -6.06 2.1300 -3.3300 -0.5000 -0.4400 -2.4189 -0.0356 5.32 -3.47 -7.46 172 263 257 298 214 
8.18 -8.04 -12.67 3.7800 -4.0000 -4.5100 2.0200 -0.3456 1.1033 4.15 -4.77 -7.48 190 283 282 332 222 
1.38 -3.33 -6.09 -1.8800 8.5700 5.8500 5.7356 2.6289 0.6467 3.43 -9.15 -0.81 200 392 347 388 218 
1.29 -2.01 1.55 -1.9200 7.2400 1.8700 0.0033 0.2733 -0.6367 3.77 -9.04 0.10 198 389 351 392 219 
3.95 -4.62 0.09 -0.4300 3.2700 0.0100 -1.8267 1.2011 -1.9744 5.79 -7.84 -1.01 195 304 304 309 208 
11.50 -7.74 -3.10 3.6000 -3.0400 -1.5400 -2.9322 5.9733 -3.5011 9.00 -3.84 0.47 130 259 175 194 148 
12.69 -5.34 5.32 2.0600 -2.7600 1.5500 1.5933 0.9744 0.0411 8.90 -1.99 3.58 131 287 180 198 148 
6.21 0.07 2.85 -1.8900 1.8300 -2.6700 1.8522 1.5667 -1.2611 7.96 -0.02 5.72 139 294 177 199 150 
12.44 5.36 7.49 6.3200 3.5400 3.4300 2.7889 -0.3400 1.9433 7.50 2.26 5.89 153 291 187 197 147 
4.56 1.34 9.90 -4.2900 1.9000 3.6100 -1.7856 0.3289 4.6500 7.11 -3.41 5.82 162 299 188 202 144 
-3.36 -2.69 3.76 -9.3100 3.2400 -2.1300 -2.5056 -0.4144 -2.4100 7.31 -5.33 3.76 158 314 187 201 147 
8.31 2.70 -2.22 1.5200 4.6100 -6.0100 1.1789 0.1333 -2.9778 8.76 -0.72 4.33 161 317 189 199 150 
15.21 3.34 4.84 6.2500 1.3200 2.7700 2.8000 -0.4800 0.0233 8.97 2.19 3.28 158 295 195 206 151 
9.57 2.96 7.68 0.3200 1.0100 4.6300 -0.4200 0.6400 0.1467 9.11 1.90 3.07 157 294 194 209 154 
;
9.39 2.76 3.96 1.1000 1.8300 1.5800 -0.6822 0.1967 0.2867 9.11 1.28 3.38 162 295 248 255 195 
6.54 -0.82 3.18 -5.3700 1.0200 0.8300 -4.1400 -6.9256 6.3022 7.98 -5.04 -2.64 168 258 283 319 215 
0.04 -5.01 -10.17 -2.1900 0.9900 -3.3200 -1.4567 0.1833 -0.1733 4.37 -4.36 -7.61 169 265 278 332 221 
6.18 -5.69 -9.78 1.8800 -2.8600 -2.8100 -0.0167 -0.4178 -0.1167 4.28 -3.73 -7.99 174 280 296 351 223 
6.76 -9.32 -10.88 2.3800 -3.6600 -2.8400 2.8678 -0.1656 1.5522 3.44 -6.45 -6.52 196 322 325 388 222 
1.38 -3.36 -1.44 -2.7100 7.9100 3.8100 3.1544 2.2533 -0.2811 3.89 -8.86 -1.55 201 371 359 398 218 
0.50 -1.76 0.52 -3.6200 6.9700 1.8200 0.2111 0.6167 -0.8167 4.67 -8.58 -0.77 199 363 351 397 216 
3.60 -5.08 -0.84 -2.2600 3.3500 -0.3000 -1.2089 2.0833 -2.6311 6.98 -6.88 0.20 155 264 203 208 173 
13.57 -9.18 6.15 6.4300 -4.4200 4.3000 1.1622 0.9678 -2.3922 8.75 -2.44 3.67 138 277 186 193 154 
9.66 -2.20 5.73 0.6200 -0.2000 -0.3400 0.1733 1.2689 0.1500 8.05 -1.70 5.31 119 296 170 186 143 
11.95 2.80 0.77 3.7900 3.1300 -6.3600 2.6267 2.0389 0.1378 6.91 -0.20 6.94 123 301 179 192 148 
14.09 4.53 18.88 4.7900 4.5000 12.8200 -0.2389 0.1844 4.2456 7.25 -1.05 6.51 139 318 185 197 148 
-5.86 -4.99 6.22 -11.9600 -0.3200 -1.8200 -2.8578 2.4589 -0.8522 4.71 -5.95 6.20 138 320 183 202 151 
8.36 3.59 -0.70 5.1400 8.6600 -7.2600 2.3544 4.2267 -4.0344 4.87 -2.36 8.17 144 300 191 196 157 
13.21 4.63 12.98 7.4800 3.3700 5.8200 2.8489 -2.7200 1.9589 6.68 1.49 7.01 149 307 193 202 159 
4.78 -0.11 10.03 -3.2600 0.0000 3.8100 -0.9522 -0.3933 0.7689 8.30 -0.76 5.15 148 305 194 203 159 
;
