3.22 6.51 6.58 -0.0800 0.0100 0.0400 -0.0022 -0.0033 -0.0011 3.29 6.49 6.56 170 333 356 408 220 
3.20 6.52 6.58 -0.0700 0.0200 0.0100 -0.0033 -0.0089 0.0000 3.29 6.49 6.56 170 333 349 407 216 
3.21 6.50 6.66 -0.0800 0.0000 0.0400 -0.0044 -0.0200 0.0011 3.30 6.49 6.56 173 334 347 409 216 
3.18 6.54 6.55 -0.1700 0.0000 0.0000 -0.0344 -0.0433 0.0189 3.31 6.48 6.56 165 329 352 407 214 
3.23 6.50 6.52 -0.0700 0.0000 0.0000 0.0233 0.0356 -0.0156 3.27 6.50 6.56 167 329 348 406 218 
4.98 7.85 7.43 1.7100 2.0300 1.8600 -0.7978 1.0100 0.7878 3.22 5.91 7.12 172 309 320 353 220 
8.87 6.48 7.63 1.2600 1.2000 0.6400 -0.7733 -8.3700 5.6133 9.60 1.25 1.51 177 245 242 285 220 
3.95 -0.85 -0.67 -5.9300 1.9800 3.0200 -0.6744 -2.9756 1.6022 6.40 -3.68 -6.44 181 246 250 282 217 
7.50 -4.17 -9.95 3.3000 -1.6900 -2.7400 -0.1500 -0.3256 0.1256 5.02 -2.99 -7.86 184 267 262 302 225 
8.09 -7.55 -10.34 2.7800 -2.6400 -2.9000 2.9411 -0.2600 1.8489 3.92 -6.29 -6.41 186 295 281 327 227 
2.02 -4.53 -3.12 0.1000 4.6000 -0.5400 5.3700 1.9944 -0.0667 3.16 -9.27 -0.37 197 386 357 398 220 
1.32 -3.89 0.72 -1.9000 5.1400 0.2400 0.2322 0.3178 -0.3800 3.54 -9.08 1.06 197 396 336 398 222 
4.28 -5.58 1.52 -0.0700 3.1700 0.3100 -0.8744 0.3067 -0.3944 4.00 -8.93 0.52 196 380 361 401 216 
4.58 -6.85 0.14 0.8000 1.9300 0.2500 -1.5822 1.0478 -1.6833 5.57 -8.05 -0.36 188 293 299 297 216 
10.15 -9.20 -2.78 3.7500 -1.3300 -1.6100 -2.6933 2.6067 -0.3656 7.03 -6.70 -1.29 149 243 232 245 197 
8.23 -10.39 -2.72 2.5200 -1.7000 -1.9500 1.2544 0.9689 4.3089 3.20 -9.26 0.23 133 235 218 234 186 
-3.83 -5.67 2.65 -3.8600 3.9200 1.1200 0.7533 -0.8922 1.0500 -0.50 -9.64 1.71 133 234 222 240 184 
-0.92 -8.45 2.98 -0.4400 1.0300 1.2300 -0.4856 -1.1467 -0.1167 -0.26 -9.64 1.73 128 235 225 237 181 
-3.50 -9.45 -4.57 -3.4100 0.8500 -6.3400 -0.6544 -9.2344 -3.1578 2.75 -9.36 -0.93 127 220 220 233 178 
8.32 -7.87 -5.98 3.1900 2.2500 -1.3900 0.8000 -2.1156 -1.0156 3.21 -8.65 -3.31 131 224 223 236 181 
4.89 -5.35 -2.12 1.3600 3.9600 1.7000 -0.9044 1.4078 -0.0600 3.71 -8.34 -3.57 140 236 237 250 189 
8.52 -3.86 -2.60 2.2900 3.0400 0.4800 -3.2811 8.4722 -2.5600 7.77 -5.79 -1.45 158 256 268 291 211 
;
