1.80 -0.89 9.67 -0.0800 -0.1500 -0.0100 0.0078 -0.0200 0.0033 1.90 -0.72 9.59 171 317 313 302 198 
1.80 -0.88 9.57 -0.0900 -0.1100 0.0000 -0.0044 -0.0133 0.0022 1.91 -0.74 9.58 171 320 310 304 200 
1.86 -0.87 9.58 -0.0600 -0.1300 0.0500 0.0167 -0.0144 0.0033 1.92 -0.75 9.58 171 321 310 305 200 
1.84 -0.92 9.51 -0.0600 -0.1500 -0.1000 -0.0911 -0.0289 -0.0067 1.94 -0.80 9.57 167 320 308 299 198 
1.96 -0.97 9.51 -0.1200 -0.1400 -0.0600 0.0000 -0.0411 -0.0044 1.99 -0.82 9.56 165 320 316 302 198 
0.38 -1.27 11.62 -3.7800 -0.8100 5.4300 -0.3422 -4.4111 -0.5233 4.17 -0.80 8.83 171 288 247 275 201 
9.75 -1.24 -5.08 -3.6100 -1.1700 -2.4700 0.5811 -9.3622 2.5600 7.04 -3.15 -6.04 164 239 223 239 197 
2.83 -1.45 -7.96 -2.0500 1.0300 -0.4200 -1.0178 -0.9878 -1.1544 4.92 -1.71 -8.30 167 255 233 252 196 
9.94 -7.23 -16.95 7.0500 -6.7100 -10.0100 1.6978 -0.6433 1.2211 3.50 -2.39 -8.83 175 276 236 276 206 
1.16 -1.04 -7.45 -3.0000 5.7400 2.7600 6.3000 2.8244 0.5756 3.22 -8.38 -3.92 185 346 281 309 204 
0.62 -0.81 -1.17 -3.0700 7.4600 0.4800 0.0244 0.1278 -0.2456 3.78 -8.86 -1.79 187 354 290 321 211 
3.63 -7.46 -0.69 -0.2400 1.1400 1.1500 -0.6233 0.0756 -0.4367 4.16 -8.59 -2.20 187 347 294 319 209 
4.14 -6.17 -1.74 -1.1000 1.4300 0.6500 -1.0344 0.5956 -1.5867 5.83 -7.37 -2.78 192 317 289 313 208 
7.04 -6.53 -5.18 2.2100 -0.2600 -1.8500 -2.0256 0.1767 -1.5833 7.35 -4.54 -4.62 181 270 248 244 200 
16.62 -9.94 -9.63 8.2100 -8.7200 -5.1600 1.7578 3.9222 1.2478 8.67 -4.28 -1.62 141 282 157 154 140 
9.25 -4.68 0.95 0.1500 2.0600 -2.0500 5.1967 2.7100 2.3756 5.95 -5.21 5.79 127 288 156 159 137 
1.96 1.53 4.21 -1.9200 4.7400 -3.7800 2.8833 1.4878 1.5533 2.38 -1.92 9.31 135 249 151 159 140 
0.26 3.66 9.59 -3.8400 3.8900 0.8200 -1.0122 2.6056 -2.3989 0.32 -1.55 9.67 144 179 159 167 142 
2.51 -2.76 9.06 1.9700 -0.7900 -0.9800 -1.7889 2.7000 -2.1733 -1.71 -4.00 8.78 132 165 153 167 148 
-5.47 -9.74 5.47 -2.6300 -3.8600 -2.2300 -0.1200 0.2600 -0.3944 -2.61 -5.41 7.74 122 173 151 168 147 
-1.86 -5.19 8.07 0.5800 -0.1100 -0.2500 -0.2789 -0.1189 0.0389 -2.39 -5.60 7.68 121 179 157 172 146 
-4.26 -3.45 4.53 -2.5300 2.6800 -3.6500 -0.2500 -3.1356 0.0944 -0.78 -5.79 7.87 143 189 171 178 160 
3.41 -4.37 2.86 1.6900 0.1300 -3.8300 -0.3489 -5.9367 -1.0700 6.26 -5.36 5.29 157 217 185 210 178 
12.75 -8.20 0.35 5.5700 -2.0400 -0.5000 0.0589 -1.7422 -0.3956 8.35 -4.96 1.26 162 218 196 208 179 
10.51 -7.09 1.92 1.6800 -3.2300 0.5600 1.2211 1.0022 -0.7478 8.71 -3.91 2.19 163 267 180 197 161 
11.08 -4.80 3.21 2.5400 -1.1000 -0.6600 4.8322 -0.6189 1.0500 8.47 -2.70 4.12 129 361 174 181 151 
6.26 0.44 2.53 -1.6500 2.1800 -3.2700 2.9833 1.1356 -0.7122 7.80 0.02 5.93 125 375 174 177 151 
2.55 3.84 6.32 -3.8800 2.1500 0.4100 -0.0678 0.3356 -1.0333 7.08 2.08 6.45 128 382 166 176 156 
6.99 2.35 5.54 -0.1200 0.7500 -0.7000 -1.5511 0.4556 -0.3733 6.94 1.20 6.81 129 383 174 181 160 
6.45 0.29 6.39 -0.1700 0.0000 -1.0000 -1.9322 0.6289 -0.5411 6.13 -0.43 7.63 137 387 174 189 158 
6.34 -2.86 8.91 -0.0400 -1.5700 1.7400 -0.8911 -0.0133 -0.1600 6.25 -1.62 7.37 141 387 183 192 167 
2.18 -1.50 6.98 -4.4200 0.9500 0.0600 -1.9733 -1.1011 0.0511 6.99 -3.28 6.03 145 315 171 193 169 
4.61 -3.30 4.91 -1.9200 -0.2300 -1.2600 -2.8244 1.5689 -3.5478 7.09 -3.10 6.01 128 227 179 206 178 
;
