9.63 -0.27 3.33 0.1400 0.5400 0.0200 -0.0989 0.1411 0.1278 9.16 -0.94 3.35 165 316 231 225 196 
8.87 -0.33 2.97 -0.0900 0.5100 -0.3500 0.0500 0.1378 -0.1933 9.14 -0.76 3.45 165 318 232 226 198 
11.09 -0.25 1.04 2.9900 0.1900 -3.4900 2.4889 1.9256 -0.3144 8.11 0.76 5.45 171 324 231 223 197 
14.26 5.36 11.88 5.7800 4.6800 6.7400 1.1144 1.4989 3.4633 7.48 0.01 6.33 180 345 229 220 196 
-0.82 1.36 7.22 -7.4000 5.0100 -0.8000 -3.8478 0.5544 0.7511 6.13 -4.96 5.82 180 339 228 220 193 
1.98 -0.71 -0.63 -3.8200 3.9900 -5.4700 -0.7756 0.0156 -2.3578 7.11 -4.70 4.84 174 337 230 222 195 
9.47 -2.07 1.90 2.6900 0.8900 -2.5700 1.0500 -0.9689 -1.5322 8.49 -1.84 4.54 173 335 235 224 195 
15.67 0.84 5.28 6.3000 0.6200 0.9100 2.2289 0.6000 -0.1544 8.51 0.40 4.84 174 334 235 228 198 
9.81 2.68 7.81 0.7500 2.6400 2.3500 -0.2200 -0.0622 2.4344 8.31 -1.05 5.08 175 333 236 230 198 
3.34 -1.40 4.18 -3.2100 -3.6500 0.0800 -0.7278 0.1744 -0.0889 7.92 -3.38 4.68 177 325 238 230 198 
9.32 -3.13 4.25 1.2400 -0.1000 -0.3700 -0.2044 0.0256 -0.3033 7.99 -2.97 4.84 176 325 239 232 199 
8.30 -2.62 4.71 0.0300 0.5300 -0.0800 -0.1133 0.0122 0.1144 7.94 -3.15 4.80 177 326 240 239 200 
6.88 -3.33 4.25 -1.1600 -0.1100 -0.6100 -0.0011 -1.0300 0.3144 8.13 -3.43 4.27 182 321 240 239 188 
8.24 -3.34 2.15 -0.1200 -0.2100 -1.3400 0.7956 -0.7600 -0.6522 8.78 -2.74 3.36 191 210 212 208 162 
16.67 5.23 -2.17 9.6000 4.2200 -1.1100 1.9744 -2.5544 -1.1522 9.65 -1.30 -1.14 197 181 199 189 148 
8.15 -0.56 -0.20 -1.3600 1.1700 0.7200 -0.5667 0.4667 0.2111 9.55 -1.77 -1.32 198 185 201 191 150 
;
