-0.04 2.52 9.40 -0.0900 -0.1100 -0.0300 0.0722 0.0133 0.0511 0.24 2.73 9.41 177 346 328 322 199 
0.24 2.66 9.42 0.0500 -0.0100 0.0800 0.1089 0.0522 0.0300 0.22 2.77 9.40 179 344 327 317 199 
6.85 6.23 17.74 1.7200 3.9200 6.6400 3.2311 1.9600 -0.4833 -1.27 5.79 7.80 172 310 272 292 209 
2.32 7.58 2.22 0.6200 -0.4700 -4.6000 -0.5189 -2.5189 8.3133 3.97 4.98 7.45 177 272 148 157 160 
1.02 1.10 4.66 -5.3600 -0.9900 -1.9100 0.5811 0.8033 -0.1089 6.60 2.76 6.70 168 289 142 157 159 
13.36 9.31 4.79 9.6600 8.0300 3.1200 4.5822 0.4389 3.0144 6.34 4.89 5.65 171 287 162 167 160 
1.15 8.52 10.47 -7.0200 3.5700 0.4100 -4.5322 2.9611 1.8789 5.33 -0.27 8.22 177 267 162 168 157 
-5.23 -0.01 1.45 -10.3600 3.8700 -8.2100 -2.1889 -1.4367 -2.6222 6.65 -3.38 6.35 175 271 160 172 162 
11.77 5.80 -3.54 6.1300 5.8700 -9.3000 3.4178 -0.2556 -2.8311 6.64 2.56 6.73 169 280 168 175 162 
15.34 11.65 15.95 5.0700 6.8600 11.3400 1.3100 -2.0822 4.9067 8.65 2.42 3.93 174 293 167 171 153 
8.70 2.13 4.51 0.5700 2.4500 1.3900 -2.3756 0.5744 0.3056 9.33 -1.04 2.81 165 279 163 175 159 
8.15 -5.63 -3.87 -0.7300 -1.7700 -3.9300 0.0256 -0.6267 2.4856 7.54 -6.15 -1.16 170 300 158 178 161 
5.87 -3.72 1.93 -2.4000 3.9300 3.9200 2.6544 0.6611 0.2322 6.65 -7.03 1.54 176 328 171 182 163 
6.51 -6.31 0.67 1.6500 -0.1200 -3.6900 -2.0400 -0.3289 -0.6056 7.12 -6.73 0.16 170 313 172 175 164 
8.04 -6.78 -2.41 -0.0600 0.6100 -1.3800 2.5233 0.7567 0.2600 6.88 -6.72 1.87 173 348 180 184 164 
9.12 -3.74 5.90 2.1500 1.7300 2.8800 -1.9811 3.1211 -1.3333 7.11 -6.15 2.77 155 271 169 178 163 
6.14 -7.37 5.58 -0.9100 -1.7500 0.7000 0.0911 2.1256 -2.1356 6.99 -4.47 5.21 141 279 160 180 163 
6.94 1.55 -3.44 1.2800 4.4400 -10.1100 2.0544 1.8167 -3.0356 6.73 -0.09 7.12 149 282 173 183 164 
14.05 6.22 4.95 11.0600 4.7300 1.2500 3.7078 0.8478 1.2789 6.02 4.13 6.54 157 301 180 187 165 
0.55 9.22 16.99 -5.6800 6.5800 8.5200 -3.0367 1.9911 3.5778 5.13 0.03 8.35 158 300 179 189 162 
-8.70 0.60 4.15 -12.4800 3.9100 -4.8800 -2.6089 -1.3233 -1.6611 4.51 -4.15 7.65 161 305 174 189 163 
5.89 3.52 -2.17 2.5700 6.2700 -9.0300 1.9489 0.2533 -4.7267 6.33 0.00 7.48 160 307 177 182 160 
15.91 8.14 7.69 9.0500 3.5300 1.7100 2.2733 0.4256 0.5622 6.59 4.01 6.05 162 298 178 184 161 
5.35 6.77 11.86 -3.6400 3.1200 5.3600 -2.1911 -0.4978 1.6078 7.81 1.92 5.60 166 284 175 190 173 
;
