2.39 4.23 8.53 0.0800 0.0400 -0.0400 0.0022 -0.0022 0.0022 2.30 4.21 8.54 173 334 355 401 210 
2.30 4.24 8.52 0.0100 0.0000 -0.0100 -0.0011 -0.0100 0.0078 2.31 4.21 8.54 172 334 353 403 209 
2.85 4.32 8.86 0.5500 0.2200 1.3700 1.1256 -0.2111 0.5178 2.53 4.66 8.24 175 331 305 404 217 
9.99 5.02 4.35 0.2400 1.5600 3.3900 0.1778 -1.8322 5.0244 8.97 0.72 3.87 172 308 232 238 208 
3.97 -1.04 2.75 -3.6900 0.2000 -2.4700 0.0544 0.4389 0.3622 8.21 -1.35 5.17 175 314 246 252 207 
10.58 0.85 3.75 2.8200 1.6200 -1.5500 2.1322 -0.7133 0.4722 8.16 -0.24 5.42 173 308 229 224 186 
13.33 0.98 9.50 0.9100 2.2100 4.6700 -0.8056 -0.5722 4.1011 8.36 -3.63 3.59 171 312 189 189 161 
0.04 -7.20 2.58 -7.2400 -0.9100 -1.2000 -0.9022 0.2744 0.7344 6.30 -6.88 2.99 165 315 193 195 164 
4.25 -0.97 0.07 -2.6700 5.3400 -3.0900 0.5856 -0.1733 -2.8044 8.15 -4.41 3.18 154 316 196 197 166 
10.95 1.46 2.87 2.7200 2.9200 -0.3000 0.6322 -1.1844 -1.1178 9.27 -1.73 2.68 157 312 198 199 169 
15.86 -3.02 4.41 6.4400 -1.4600 2.5600 0.1744 -0.2267 1.6900 9.30 -2.42 1.91 162 314 203 204 173 
1.06 -4.28 3.93 -7.6700 1.5500 3.2400 -1.3722 -1.1533 2.4944 7.24 -6.61 0.00 160 313 206 204 172 
13.78 -4.25 -4.32 4.2700 0.9100 -1.1200 0.6967 -0.5500 0.0378 8.14 -5.45 0.11 163 314 207 205 174 
9.25 -5.27 -0.05 0.7700 0.2500 -0.1800 -0.1022 0.2967 0.0578 8.06 -5.57 0.11 163 316 207 208 174 
9.64 -5.19 1.24 2.7200 0.1200 1.2800 -0.1500 1.0900 0.0822 8.00 -5.61 0.72 166 316 222 218 183 
11.25 -6.19 3.41 3.4200 0.8700 0.3800 -1.8100 3.1711 2.4556 5.63 -7.61 2.54 187 350 330 378 208 
0.29 -5.84 1.46 -2.1700 2.6700 -1.2900 -2.9089 1.9900 1.6800 1.60 -9.67 0.27 188 371 350 416 208 
1.77 -7.72 -5.94 0.4200 1.5200 -4.5700 0.1400 0.6100 0.1722 1.05 -9.65 -1.37 186 368 349 414 206 
1.41 -5.66 -4.44 -0.8200 4.9300 -5.1000 2.9267 0.1744 -0.4644 1.46 -9.56 1.61 187 367 351 409 206 
4.72 2.94 2.39 3.1800 11.1900 -1.7700 7.0200 -2.0456 -0.1111 3.38 -4.54 8.00 183 359 347 400 206 
1.33 2.00 33.83 -3.0400 1.4000 21.0200 -3.1422 -1.0089 -0.5878 4.95 -1.55 8.31 184 361 350 390 207 
6.83 0.03 6.94 2.9500 4.7700 -0.9900 -4.1878 1.1022 0.8689 3.60 -6.44 6.45 183 354 342 367 210 
1.16 -4.53 -1.67 -1.5200 3.0400 -5.9100 -0.3944 0.4578 -0.6033 3.03 -8.16 4.50 182 335 324 338 208 
2.73 -3.81 1.97 -1.2400 2.6400 -2.3000 1.9733 0.2900 -2.7100 5.34 -5.43 6.17 182 329 325 341 209 
5.09 -0.99 7.35 1.5300 1.3200 0.7300 3.0278 2.1811 -3.4489 4.87 0.75 8.47 188 340 333 385 206 
;
2.28 4.53 10.27 0.0700 0.6500 -0.5200 2.4433 1.0967 -1.5722 1.66 5.25 8.10 181 378 351 418 205 
2.58 5.27 5.27 -0.0900 0.6500 -0.7600 0.2189 0.5278 0.0911 2.81 5.28 7.76 179 380 353 423 206 
4.06 5.52 7.69 0.2500 0.3100 0.5100 -0.0533 -0.0267 -0.0300 3.12 5.22 7.68 179 378 356 424 205 
3.00 5.37 7.47 -0.0600 0.1700 -0.1400 0.0244 0.0267 0.0122 3.13 5.22 7.68 178 379 357 423 207 
3.11 5.47 7.53 0.0000 0.2000 -0.1300 0.0311 0.0889 0.0133 3.06 5.27 7.67 179 379 358 424 206 
3.57 5.70 7.79 0.8200 0.5000 0.4000 0.0878 -0.0956 0.4900 3.25 5.26 7.60 180 356 351 424 212 
10.25 5.49 10.57 4.9900 0.9200 2.3500 -0.2167 -5.2544 6.0244 8.38 1.26 4.92 166 320 210 222 190 
2.22 -0.98 2.47 -4.7400 1.3800 -2.8300 -0.0678 0.4611 1.3722 7.64 -2.78 5.47 168 332 206 212 180 
6.94 0.04 1.83 -0.5700 2.9800 -3.7700 0.7633 -0.3200 -0.2278 7.62 -2.68 5.55 160 318 209 209 171 
15.59 -0.72 7.11 7.8800 1.0300 3.6700 1.9044 -1.3822 2.2144 8.37 -2.47 4.46 158 320 213 214 175 
2.10 -5.64 7.40 -5.1500 -0.7200 1.9700 -1.6678 1.5678 2.2922 5.72 -6.39 4.74 161 327 214 214 174 
0.21 -3.69 -0.86 -3.7700 4.4900 -5.9400 0.1800 0.7167 -2.6989 6.01 -6.35 4.42 162 333 211 216 176 
8.55 2.93 3.45 1.4500 5.0300 -1.5200 1.7567 -0.3344 -2.0556 7.52 -2.17 5.89 161 332 218 219 178 
17.51 -1.13 9.93 8.5300 0.3900 5.9900 1.4178 -0.3178 1.5700 8.16 -0.91 5.35 166 334 223 222 181 
1.69 -2.79 4.42 -5.8200 0.8500 -0.7600 -1.7089 0.1156 1.1844 7.64 -4.81 3.81 166 330 224 223 181 
8.68 -3.27 4.46 1.2500 1.7500 2.2400 -0.4233 0.6744 -0.6956 7.70 -4.31 4.26 169 327 235 236 191 
13.08 -5.22 8.07 6.0800 0.6500 2.9100 -4.5589 2.1333 1.5789 5.70 -7.12 3.57 186 344 339 394 215 
1.99 -4.88 -6.77 -2.1500 4.0200 -7.6700 -1.9944 1.1233 1.3589 2.42 -9.50 0.09 188 355 349 406 214 
0.84 -6.78 -4.64 -1.3700 3.0300 -5.3500 1.6078 0.4633 -0.1200 1.89 -9.57 0.94 188 357 354 414 213 
3.44 2.27 -0.98 0.8900 11.3200 -5.6400 7.4144 -1.6767 -0.5600 3.06 -5.76 7.32 189 359 355 411 212 
0.77 4.61 26.24 -5.6300 1.9300 15.9800 -0.0911 -2.4600 -0.9533 5.13 0.36 8.34 189 355 353 403 210 
5.85 0.56 12.45 0.8200 2.2100 3.5900 -3.0356 -0.3422 -0.0044 5.93 -2.51 7.39 188 350 350 395 212 
4.43 -1.54 2.52 -1.1700 2.3800 -5.1400 -1.7789 0.4867 -0.9111 5.68 -4.88 6.32 190 346 345 378 213 
;
