8.48 2.69 -4.38 0.1500 0.0000 -0.0900 0.0300 0.0133 -0.0056 8.37 2.67 -4.33 160 261 231 238 177 
8.36 2.69 -4.28 0.0000 0.0400 0.0300 -0.0233 -0.0200 -0.0133 8.36 2.67 -4.35 159 260 229 238 177 
8.76 2.55 -4.44 0.2600 -0.2800 -0.1100 0.2967 0.1622 0.0644 8.40 2.57 -4.34 159 265 217 211 174 
16.80 0.43 -4.07 7.7800 -1.2000 -0.5100 1.0078 1.9322 1.6244 9.52 0.61 -2.26 134 289 163 166 147 
4.56 -0.47 -0.70 -6.6900 0.4100 -2.9900 0.0289 1.9822 0.5422 9.35 -1.04 2.76 128 293 157 170 151 
5.52 3.57 -3.33 -1.9700 3.3400 -7.1900 1.7411 1.0333 -2.3089 8.60 2.13 4.20 131 284 165 175 154 
28.81 8.91 8.37 19.8500 6.3800 6.4000 2.7933 2.1289 2.8589 9.09 2.32 2.85 143 293 176 180 158 
-0.83 4.70 9.17 -12.0400 5.1600 4.6800 -2.7967 0.9644 2.7467 7.64 -3.51 5.03 145 290 180 182 156 
-3.74 0.89 -1.25 -9.9200 7.1700 -5.5900 -2.9211 -0.7000 -3.6556 8.99 -3.34 2.03 145 296 178 181 157 
14.09 3.49 -6.32 4.0900 2.9200 -7.0800 2.6967 0.0322 -2.9200 9.28 2.41 2.01 146 295 182 182 159 
21.85 8.80 7.80 12.6000 5.4800 7.5300 2.5244 0.0067 2.5367 9.40 2.72 0.46 151 278 187 183 162 
3.12 5.04 3.63 -6.2000 5.4000 2.4000 -4.3367 -3.2556 4.7878 8.96 -3.07 -2.51 164 253 253 275 160 
-0.37 -5.01 -8.92 -6.3000 -1.1900 -0.5400 -2.6444 -0.0611 0.5044 4.75 -2.94 -8.05 165 238 243 256 132 
8.62 -4.82 -15.55 4.4500 -3.7000 -7.5900 0.4789 -0.5044 1.1822 3.43 -2.18 -8.92 171 266 257 278 186 
1.00 -3.97 -13.11 -1.0500 3.8200 -2.1700 4.4433 2.1367 1.0522 3.18 -6.86 -6.23 182 321 278 329 197 
1.23 -0.99 0.09 -2.6700 7.5200 2.3300 1.1100 0.1322 -0.0689 3.74 -8.83 -2.03 185 338 292 337 196 
1.65 -2.80 -0.16 -2.7500 5.5900 0.8200 -1.3644 -0.0856 -1.4078 5.01 -8.05 -2.47 184 262 244 243 191 
7.42 -5.44 -5.31 2.7300 0.1000 -2.3500 -1.5233 5.2856 -3.7744 9.12 -3.60 -0.04 133 185 171 181 144 
17.92 -5.27 6.67 7.9300 -3.5500 2.5300 1.7233 7.5967 1.5611 5.70 -1.85 7.76 161 166 153 157 126 
-4.56 -1.59 5.97 -2.0100 0.7500 -3.8300 0.0078 3.9089 2.6622 -4.64 -1.98 8.40 180 158 153 157 129 
-10.73 1.87 8.86 -4.5800 1.3500 1.2100 0.3467 0.4822 -0.1900 -6.54 0.20 7.30 185 163 159 162 131 
-5.59 0.76 9.35 -0.2900 0.2200 1.7100 -0.1089 -0.5889 -0.1178 -6.24 0.08 7.56 186 166 167 164 131 
-7.77 1.24 7.21 -1.4100 1.8500 -3.5300 0.3278 -6.1778 -1.3622 -2.10 -0.21 9.57 185 183 180 181 145 
;
