3.44 6.05 6.90 -0.0600 0.0800 -0.0200 -0.0011 -0.0111 0.0011 3.53 5.97 6.92 171 330 364 407 213 
3.46 6.09 6.90 -0.0700 0.1000 -0.0400 -0.0056 0.0022 -0.0067 3.53 5.97 6.92 171 328 366 397 207 
6.40 5.79 9.28 3.2600 0.2700 4.0700 0.5356 3.6411 -0.1189 1.81 6.26 7.32 177 291 193 217 194 
14.07 11.75 8.26 1.4500 3.2400 -2.8000 -0.7178 -0.2067 5.6644 7.86 1.69 5.61 150 303 187 201 180 
1.06 0.78 0.47 -5.7600 1.5300 -5.2900 0.4944 1.0389 -0.4000 7.68 -0.22 6.08 150 315 182 191 174 
14.81 2.52 4.40 11.7300 0.2600 1.1500 4.3044 -2.9389 4.6556 8.15 1.76 5.14 154 301 188 205 176 
-3.13 4.11 10.45 -10.1200 5.3700 2.8000 -3.3444 0.8278 2.8000 6.36 -4.04 6.26 164 320 190 202 174 
-1.14 0.04 -0.98 -7.1600 5.9400 -5.1600 -2.1611 -2.4167 -3.2233 8.25 -4.76 2.30 162 332 184 206 177 
16.17 2.17 -5.27 8.9700 1.9700 -7.7800 4.8244 1.5644 -3.7378 8.54 2.93 3.80 161 304 192 210 176 
9.93 7.04 8.86 -1.3000 4.6100 6.7700 0.1444 -2.4600 5.1322 9.73 -0.96 0.65 171 294 265 262 191 
8.73 -2.08 -2.36 -0.1900 0.0500 -3.1200 -3.0089 -3.8578 4.8111 7.16 -5.65 -3.59 172 261 292 312 214 
-0.75 -4.87 -4.97 -4.1900 1.0900 0.6600 -2.2567 0.1756 0.0056 3.61 -5.52 -7.25 173 264 296 331 222 
9.27 -9.00 -14.03 6.8900 -5.0100 -6.1300 -0.5622 0.4289 0.9000 3.83 -3.98 -8.09 186 300 326 388 224 
3.49 -0.96 -6.79 -0.9000 5.8600 1.0600 4.0767 2.6767 1.5678 3.29 -8.21 -4.22 196 391 353 401 218 
0.93 -1.35 -1.95 -2.4500 8.1000 -0.1600 0.2744 0.4456 -0.5733 3.72 -8.88 -1.81 201 395 360 403 217 
1.62 -3.18 -1.39 -3.0200 4.1900 0.5500 -0.8311 -0.3178 -1.9089 5.52 -7.71 -2.45 199 346 338 390 220 
;
8.68 -3.39 -1.00 0.9400 -0.3300 -0.7800 -1.4433 3.9367 -5.6122 9.47 -2.48 -0.39 195 295 329 366 218 
11.84 4.22 7.33 3.9100 1.8400 2.7400 0.7589 4.3622 -2.8067 5.76 4.33 6.64 193 313 337 370 213 
11.53 7.24 10.87 5.0100 1.8400 4.8400 -0.0067 -1.4189 1.9489 7.32 3.60 5.43 177 286 221 216 195 
5.49 1.42 4.00 -5.4800 0.2700 -1.5100 -1.0378 0.8767 2.1878 8.56 -0.95 4.67 155 291 186 190 162 
7.59 0.33 -0.62 0.8200 1.2500 -5.9600 4.2133 2.3956 -1.1011 6.57 1.50 7.11 165 302 188 200 177 
14.56 14.31 15.50 5.1700 11.1000 9.0200 0.1422 0.6589 7.0489 7.41 0.76 6.37 181 343 194 205 181 
-3.41 0.97 6.64 -8.7500 5.7800 -2.2000 -4.8911 1.1933 -0.7156 6.11 -5.86 4.93 181 367 196 203 174 
5.59 0.65 -6.33 -0.1800 3.8600 -10.4600 1.3611 1.6433 -5.2922 8.35 -1.23 4.99 174 329 190 202 172 
18.99 12.25 14.77 9.3300 9.6400 11.5300 1.5222 -1.0500 3.0111 8.64 2.06 4.14 176 311 200 207 174 
2.96 0.51 1.98 -5.9800 2.2000 -1.4000 -3.0411 -1.8133 2.1989 9.13 -3.17 1.64 173 278 273 293 213 
5.28 -6.21 -5.30 -1.5200 -0.9100 -2.0300 -4.0456 -6.1933 3.9511 4.71 -5.77 -6.37 178 258 273 362 225 
9.62 -11.07 -17.56 5.7000 -7.2500 -8.1700 0.7444 0.7089 0.8689 3.06 -4.22 -8.30 179 284 300 379 223 
-0.07 -6.88 -5.05 -3.4300 2.6800 2.6100 4.4833 0.5478 1.8289 2.22 -8.54 -4.25 197 329 338 400 219 
-0.33 0.01 -0.33 -2.8300 8.4300 0.4400 0.4600 0.1300 -0.0567 2.74 -9.37 -0.90 197 344 356 410 219 
1.36 -3.82 -0.30 -1.9900 4.6700 0.7900 -0.8178 -0.2533 -1.6511 4.30 -8.67 -1.54 196 333 335 389 220 
;
