1.87 -3.79 8.87 -0.0100 -0.0600 0.0000 -0.0478 0.0011 -0.0056 1.89 -3.72 8.86 162 304 305 302 198 
1.75 -3.91 8.50 -0.0100 0.0400 0.0000 0.0211 0.0067 0.0078 1.90 -3.70 8.87 163 306 301 303 197 
1.91 -3.83 8.90 0.0100 -0.2000 0.2100 0.0444 -0.1589 -0.0133 1.98 -3.65 8.87 164 286 287 297 198 
10.56 -3.31 13.03 6.9300 -1.1800 3.7000 1.2967 -4.4367 4.9222 3.71 -4.03 8.13 126 253 167 167 163 
-2.70 -3.35 6.21 -7.0100 1.0500 -1.1000 2.2711 -0.5111 0.9800 5.35 -2.88 7.69 130 283 172 172 166 
9.51 1.59 6.21 5.5400 1.2700 -1.3400 3.3133 -1.0267 1.6333 4.79 0.49 8.54 132 287 176 174 165 
7.37 7.59 19.84 0.0000 6.2700 8.8700 -1.8756 1.8000 3.7344 4.13 -1.01 8.83 136 295 174 178 168 
-4.89 1.07 5.01 -8.9500 5.5400 -4.4000 -2.4111 0.0700 -1.3278 3.38 -5.06 7.68 137 294 178 179 169 
2.99 1.45 -2.10 0.3700 6.2000 -8.1900 0.3789 0.0567 -3.6578 5.74 -3.69 7.03 135 294 176 181 173 
13.40 0.08 5.22 6.7700 0.8900 -1.0000 1.6133 -2.1544 -1.1311 7.86 -0.04 5.85 131 288 177 185 176 
14.68 1.01 8.81 4.4600 1.0600 4.2300 1.8011 -0.2889 1.9167 8.59 0.19 4.72 127 297 181 185 175 
4.96 0.01 5.25 -2.7400 1.6500 1.8600 -0.1211 -1.7711 0.6167 9.39 -1.45 2.38 130 283 179 175 173 
18.81 -2.51 0.33 9.1900 0.7700 -0.9400 0.8233 -1.0567 4.6744 8.15 -5.44 0.05 110 251 161 166 167 
2.00 -4.07 -1.56 -3.9700 4.9200 -2.3600 1.9711 1.9689 3.7211 2.55 -8.92 3.16 103 258 151 165 168 
-3.23 -6.50 4.79 -3.1200 1.8800 0.4400 0.0178 0.3100 -0.1033 0.67 -8.76 4.34 111 263 159 171 166 
2.41 -12.50 -0.35 1.8900 -3.3800 -4.6600 1.5489 0.0267 -0.1333 1.05 -8.48 4.80 112 288 174 161 172 
1.67 -4.23 5.57 0.8500 2.8900 -1.1300 3.0133 0.5611 0.3289 0.44 -5.62 8.02 120 299 173 176 173 
-2.03 2.23 14.14 -1.7000 6.6900 4.3200 -2.7344 0.1411 -0.3889 -0.15 -6.05 7.71 118 295 180 178 170 
0.88 -5.92 3.45 0.8600 1.4000 -2.3600 -3.8867 -0.0300 -1.0878 1.03 -9.24 3.10 117 288 171 174 173 
3.15 -12.62 -5.21 0.9700 -1.5200 -3.7900 -0.2700 -0.2089 0.2544 1.08 -9.74 0.29 122 285 166 166 172 
-2.97 -7.44 -0.62 -3.9700 2.7600 -0.6700 -3.5544 -0.0956 -1.6256 2.07 -9.14 -2.85 125 282 183 182 179 
7.58 -9.87 -7.07 4.1600 -1.5600 -3.1700 1.2956 -1.0989 -2.1011 4.72 -7.85 -3.49 134 319 180 186 176 
7.44 -7.58 -0.93 2.2200 1.0500 1.0400 2.1544 -0.3289 0.0911 5.22 -8.24 -0.92 146 353 188 186 180 
5.40 -6.61 2.51 0.2400 2.2000 2.2000 1.6422 0.5944 0.1544 4.90 -8.36 1.49 152 351 193 191 178 
5.31 -8.20 -0.17 1.2500 -0.2700 -2.6900 -1.4256 -0.6733 -0.2500 5.27 -8.26 -0.30 149 349 193 191 181 
4.95 -8.07 -1.66 -0.4500 0.6000 -0.4700 1.7711 -0.2044 -0.0011 5.24 -8.24 0.86 153 355 190 189 183 
6.07 -6.19 4.98 0.3600 1.7300 3.8300 -1.7422 1.4789 -0.7700 5.63 -7.98 0.80 153 338 196 194 179 
7.03 -5.68 0.46 0.3300 1.7200 0.0900 -2.3989 2.5878 -1.9444 7.19 -6.64 0.47 153 306 194 192 185 
9.94 -3.45 0.22 1.4000 1.2500 -1.0700 -2.3767 2.5722 -1.4833 8.33 -4.89 1.67 153 302 189 195 180 
;
