4.21 5.60 6.93 0.3000 -0.0600 0.0000 -0.0589 0.1389 -0.0044 3.97 5.56 7.02 174 345 355 421 217 
8.11 10.80 8.92 1.8000 5.6900 3.2600 -2.1656 0.4467 3.2600 4.30 3.27 8.18 173 305 253 267 209 
5.08 -0.70 4.76 -5.1200 -1.1600 -0.7800 0.5267 -2.5322 3.4622 8.46 -1.78 4.62 165 284 211 210 182 
12.32 1.06 4.44 4.8300 2.5200 -0.4900 1.5933 -0.6733 1.5444 8.06 -1.87 5.25 146 284 215 212 181 
8.02 -2.98 9.09 -2.1100 0.9200 4.0500 -0.4667 0.2422 4.6256 6.17 -5.78 4.95 158 298 221 218 182 
-5.20 -6.15 3.85 -9.0400 2.3200 -1.9900 -0.7200 0.6400 -1.7789 5.02 -7.20 4.36 159 304 219 218 184 
9.49 2.43 1.51 3.5500 6.7900 -2.8200 0.9956 -0.3200 -2.3856 7.61 -3.59 5.03 157 300 222 220 185 
17.48 -3.10 5.21 5.3600 -1.7900 2.6600 1.1289 -1.2944 1.9667 8.27 -3.27 4.11 160 300 226 223 186 
5.29 -4.65 4.71 -3.0100 0.3400 0.9000 -0.8133 1.2033 -0.7489 7.91 -4.75 3.29 161 304 230 226 190 
3.88 -1.69 3.77 -4.7400 0.6200 -0.7500 -1.5167 4.1789 -5.6922 7.99 -1.18 5.55 166 328 311 368 212 
2.12 6.79 5.35 0.9600 6.1600 0.3300 0.9211 2.0744 -4.5000 1.98 5.13 8.11 156 357 353 429 215 
5.06 2.60 1.74 -0.8600 -1.1900 -4.0100 0.1100 1.0089 -0.1522 4.55 5.09 7.02 169 365 357 429 218 
5.16 5.25 6.95 0.6500 0.1200 -0.3400 0.0200 0.1011 0.0100 4.68 5.02 7.00 169 368 353 432 218 
;
5.64 10.68 8.04 2.3100 5.4000 0.8400 -1.1333 0.8822 2.1344 3.77 3.93 8.15 175 326 300 316 212 
4.74 -0.27 6.78 0.7300 0.0800 1.1600 3.5878 -3.5078 7.5244 7.50 0.15 6.31 165 277 213 225 187 
-0.59 -0.40 7.89 -9.0000 3.2100 2.4100 -1.2522 -0.0400 4.4167 4.67 -6.47 5.68 170 312 226 221 184 
-1.79 -1.62 2.18 -4.8700 6.7700 -3.7800 -1.3567 0.8122 -4.7556 6.64 -5.62 4.51 167 314 224 224 189 
17.09 2.32 2.90 9.6900 3.9000 -1.9500 2.8322 -0.9056 -0.6600 8.29 -1.19 5.08 165 303 229 228 191 
8.61 -2.90 6.58 -0.3600 -0.0500 2.4600 -0.9067 0.9267 0.2822 8.50 -3.24 3.65 164 301 230 228 191 
3.98 -2.16 4.97 -4.8100 1.4500 1.4900 -0.9911 0.8522 -2.2667 8.63 -2.42 3.95 167 304 244 244 200 
5.85 0.38 4.25 -1.1500 0.1300 -2.2800 -0.5011 4.3433 -6.2600 5.51 2.96 7.55 174 341 333 409 214 
;
-4.13 8.01 2.43 -12.0700 10.0000 3.5500 0.0978 -6.9911 1.9622 4.90 5.14 6.75 168 355 348 429 217 
3.50 5.24 9.99 -0.2100 -0.7100 0.1800 -0.1333 0.1978 -0.2056 4.18 5.08 7.26 175 371 352 432 217 
4.79 10.62 9.24 1.2800 5.1700 1.7900 -1.4289 -0.3622 3.6889 4.25 3.14 8.25 154 257 206 240 204 
7.50 4.40 7.01 -0.8800 3.6500 2.0100 1.7844 -0.2122 8.2200 7.41 -1.95 6.11 163 283 223 233 196 
-6.22 -3.05 8.75 -10.0300 3.7100 2.4400 -2.0022 0.4489 -0.0233 5.05 -6.99 4.65 171 325 217 228 197 
6.65 1.01 0.36 0.2500 5.4100 -4.2100 2.0756 -0.3733 -4.2322 7.95 -2.55 5.12 166 310 225 235 198 
14.75 -0.21 8.64 4.5800 0.7600 4.4900 0.7222 -1.4722 1.6711 8.93 -1.53 3.74 165 305 228 236 198 
;
4.86 -0.34 5.26 -5.0400 1.6600 1.7800 -1.7756 0.5233 -1.9633 8.98 -1.21 3.74 168 304 256 267 207 
7.38 3.31 2.32 0.9700 1.8300 -3.5000 -0.5100 3.3633 -6.0767 5.32 3.80 7.30 177 361 342 426 214 
25.62 15.03 21.99 10.6800 2.8500 4.6200 0.2933 0.7611 -0.2389 5.32 5.33 6.27 170 378 356 434 217 
3.99 5.00 6.96 -0.5800 0.1500 0.3000 0.0300 0.3789 -0.0478 4.68 5.29 6.79 176 379 356 435 218 
7.22 9.68 8.94 3.3000 5.6100 2.0700 -0.9978 1.1444 1.3778 4.34 4.01 7.82 174 308 271 285 211 
7.44 3.37 8.01 2.4000 2.1600 0.5000 2.4289 -2.3822 6.6878 7.75 0.26 6.00 158 263 216 220 194 
1.01 -0.61 8.46 -7.0000 2.7900 2.9500 -1.4544 -0.1822 4.8811 5.22 -6.52 5.12 168 310 221 225 194 
-1.41 -3.02 2.63 -5.7200 4.7200 -2.6700 -0.8278 0.9689 -3.6167 6.22 -6.17 4.38 167 319 220 224 196 
12.42 -0.41 3.25 4.9400 3.0600 -0.6800 1.3644 -1.5467 -0.7589 8.33 -2.98 4.22 162 308 226 229 197 
7.78 -1.50 6.33 -1.7800 1.3100 3.0300 -0.3167 0.5833 -1.4033 8.76 -2.29 3.75 165 305 238 243 205 
;
3.53 -0.49 5.84 -3.0900 -0.4900 -0.6500 -0.4144 2.1867 -5.1167 7.01 2.45 6.39 174 341 333 415 214 
4.39 5.75 4.59 -0.7900 0.3900 -4.4300 0.9622 0.7867 -2.3122 4.29 5.65 6.76 169 379 351 431 218 
0.62 6.42 8.43 -3.6000 0.7500 1.7300 -0.2444 -0.3011 0.1000 4.85 5.44 6.55 170 382 359 432 217 
3.89 5.48 6.64 -0.9600 0.0700 0.0900 0.0567 0.0033 0.0456 4.83 5.42 6.58 171 382 357 434 218 
8.73 13.37 10.35 4.3100 7.8800 2.2800 -2.3311 2.7422 1.5844 3.67 4.23 8.04 169 269 244 259 208 
9.75 5.48 7.69 3.4800 5.2200 0.2300 3.4033 -1.6900 9.3744 7.80 -0.80 5.87 164 272 217 213 195 
-3.90 -0.32 9.93 -9.9100 4.5500 3.6900 -1.8344 0.3533 2.3033 4.65 -7.01 5.03 169 315 218 213 195 
2.51 0.00 0.53 -1.9600 6.8100 -4.0900 -0.5978 1.1878 -4.6411 7.01 -5.24 4.41 162 315 218 219 198 
14.47 -0.18 4.25 6.8500 1.3600 2.1600 2.6700 -2.4011 1.0511 8.63 -1.94 4.22 161 303 225 223 199 
;
8.92 -1.98 6.24 -0.0700 0.6400 1.4600 -0.2744 0.1856 0.4856 8.51 -3.07 3.78 163 299 226 223 199 
6.52 -1.82 4.49 -2.6700 1.7600 1.4600 -0.9011 0.2956 -1.0511 8.55 -2.80 3.88 164 297 229 226 200 
4.52 -0.27 3.64 -3.4500 0.5600 -1.9400 -1.5367 3.3589 -5.2789 7.39 1.26 6.31 169 324 310 370 213 
3.58 6.15 3.74 -1.5600 1.1000 -3.3400 4.0178 -3.8400 -1.9878 5.07 5.50 6.33 165 362 355 424 217 
2.05 6.71 8.98 -1.7500 1.4800 2.9200 0.0144 -0.3911 0.1744 5.00 5.33 6.52 167 367 360 427 218 
3.95 5.45 6.61 -1.3800 0.0700 0.2200 -0.0056 -0.1156 0.0756 5.08 5.25 6.53 167 365 358 428 218 
11.81 13.55 11.92 4.8000 9.9400 4.1400 -3.5411 0.6644 3.0511 5.42 2.68 7.71 160 294 235 253 203 
6.99 2.19 6.52 -1.2200 2.8000 0.7300 2.1922 -1.2411 3.7289 7.81 -1.86 5.62 157 287 200 221 193 
6.52 -1.52 7.79 -1.0500 2.6600 2.7100 0.3478 -0.8433 5.9200 5.68 -6.27 4.95 167 308 199 220 191 
-5.32 -5.58 5.86 -8.8300 2.7900 0.8000 -1.2189 0.5700 -2.2533 4.71 -7.70 3.82 169 319 207 215 190 
9.16 3.40 0.32 2.7700 8.4400 -3.8400 1.8956 0.6989 -3.9356 7.89 -2.95 5.01 164 312 209 219 193 
;
18.93 1.24 5.71 9.6800 2.5000 1.3000 1.7356 -1.3178 3.2356 8.52 -2.42 4.19 167 311 222 222 194 
5.06 -6.16 7.36 -2.6000 -0.5100 3.5400 -1.6944 1.1611 2.1333 5.89 -7.12 3.25 169 331 220 217 193 
3.73 -3.92 0.15 -1.4600 4.1500 -2.8700 0.5489 -0.1333 -0.2689 5.30 -7.43 3.56 169 328 222 222 194 
3.85 -1.42 4.70 -2.3100 4.6700 1.1600 1.4189 0.7989 -4.5844 7.56 -4.13 4.66 172 334 294 326 214 
6.14 1.15 4.20 0.0300 1.4800 -1.9400 -0.5556 1.4522 -7.6811 6.70 3.60 6.18 183 372 353 428 216 
20.42 17.64 18.32 8.5400 4.0500 1.5800 0.3278 -0.0622 -0.2956 5.05 5.62 6.24 177 381 363 430 217 
8.46 10.46 9.56 3.7700 6.7900 3.5300 -0.9456 1.0200 0.2378 4.24 5.39 7.00 180 353 349 376 218 
6.85 4.67 6.41 0.6600 0.8600 -0.0500 1.7344 -1.1378 5.7178 6.92 1.57 6.76 167 272 215 223 204 
6.91 3.99 8.94 -1.1200 5.3500 3.2000 -0.4233 -0.9611 7.5833 6.36 -5.07 5.46 182 315 200 224 196 
-2.81 -2.06 5.84 -7.3400 5.3900 0.7200 -3.3567 3.2111 -3.4267 5.30 -7.51 3.39 179 328 204 220 196 
9.87 1.61 2.64 3.5400 4.7100 -2.5600 4.3444 1.1600 -2.1700 6.81 -0.92 6.98 178 288 219 226 201 
16.48 6.08 12.83 5.2600 4.4800 6.0700 -1.4144 -0.9456 6.8656 7.55 -2.12 5.87 185 311 229 231 200 
;
-0.15 -4.43 2.73 -6.9500 1.4600 -1.5800 0.0178 1.3044 -2.3133 6.74 -5.31 4.73 185 317 242 246 206 
4.38 1.55 5.48 -3.9100 3.4000 1.0800 -1.6389 1.1856 -7.1222 8.40 0.04 5.05 184 337 313 362 215 
8.81 9.07 6.22 2.2200 3.6300 -0.6200 -0.9278 0.3311 -4.0000 4.70 5.47 6.63 186 375 351 430 215 
16.81 8.92 6.54 3.2100 -0.9700 -3.7400 0.5078 1.9378 -0.4044 4.96 5.95 6.00 175 385 361 431 219 
6.50 7.76 7.73 2.3700 3.1700 2.2900 0.5967 1.0322 -0.3033 4.45 6.16 6.18 181 374 358 429 219 
5.07 7.27 6.76 0.5200 1.1100 -0.5400 -0.0433 -0.9667 4.4644 6.22 3.04 6.93 170 278 245 255 209 
6.91 3.77 7.08 -0.8300 3.9500 2.0500 0.9078 -0.4533 7.5256 7.48 -2.49 5.82 167 284 222 220 193 
-1.85 -3.97 7.90 -7.7900 2.9800 2.7200 -2.1756 0.5711 0.8556 4.80 -7.59 3.92 172 312 206 214 191 
5.93 0.84 0.14 1.2800 6.7300 -3.1400 0.6778 1.5700 -4.1233 7.34 -4.65 4.54 171 317 218 218 194 
15.68 -1.61 4.77 4.8900 0.0200 1.3400 2.8067 -1.2967 1.9533 7.91 -3.54 4.57 172 311 229 224 197 
5.86 -2.96 8.52 -1.7600 1.5000 3.5300 -0.8611 -0.0511 0.7322 7.41 -4.95 4.08 175 313 226 225 196 
;
5.53 -4.07 1.60 -2.0300 1.7200 -1.1100 -0.7367 0.4400 -1.8122 7.91 -5.06 2.78 175 315 225 238 202 
6.98 0.39 4.57 -1.9100 2.2500 1.2100 -2.1889 3.1811 -6.3022 8.50 0.39 4.86 179 341 303 399 215 
6.33 7.08 6.68 0.5500 2.7000 -1.1000 0.2000 1.6889 -3.6989 4.54 5.79 6.47 181 382 360 425 216 
-0.98 4.09 3.05 -5.1100 -0.8700 -2.8100 -0.4578 -0.0189 0.1056 4.32 5.60 6.78 179 381 361 432 217 
3.79 5.61 6.87 -1.2000 0.0200 0.0300 0.0056 -0.1100 0.0211 4.62 5.40 6.75 178 379 361 431 217 
3.32 5.65 7.28 -1.2000 0.3500 0.4900 -0.0033 0.0022 -0.0122 4.61 5.35 6.80 178 357 358 435 218 
9.54 10.89 8.24 4.0700 4.4400 0.0600 -0.5478 -1.4500 5.7322 6.78 1.64 6.88 152 264 206 227 205 
6.08 4.53 7.82 -2.0000 5.9100 2.5000 2.1456 -0.8189 7.7511 7.03 -4.04 5.51 174 292 221 231 202 
-3.75 -3.95 7.36 -8.4200 3.4900 2.4900 -2.9756 1.8000 -0.7633 4.43 -7.88 3.77 182 323 206 230 198 
8.15 1.22 1.49 2.0500 6.5900 -3.2500 3.1533 0.7589 -3.8244 6.95 -3.21 6.11 180 310 215 233 201 
17.20 0.93 9.08 8.8000 2.3900 4.1800 0.7489 -2.1867 5.7867 7.41 -3.89 5.10 183 314 224 236 203 
0.18 -4.07 6.14 -5.6600 2.6400 1.3400 -1.1689 1.3322 -1.9411 6.26 -6.31 4.12 183 317 226 236 203 
;
