2.64 -3.46 8.80 0.0400 0.0000 0.0000 -0.0044 0.0022 -0.0044 2.61 -3.47 8.79 161 285 306 314 200 
2.62 -3.40 8.82 0.0200 0.0000 0.0000 0.0111 -0.0056 -0.0033 2.61 -3.46 8.79 160 290 308 308 198 
2.67 -3.49 9.01 0.0100 -0.5100 0.8000 0.5889 -0.1800 0.0211 2.74 -3.18 8.85 160 262 247 281 208 
18.15 -1.34 6.57 4.4900 2.4500 -1.7100 1.6789 -1.6711 4.1578 5.75 -4.87 6.26 132 272 170 170 160 
0.13 -4.51 5.90 -3.8500 0.9400 -0.3300 1.7267 0.8756 -0.0667 4.89 -3.68 7.65 142 271 178 173 163 
7.59 2.20 5.89 4.0300 4.4500 -1.8900 1.0422 3.4133 -0.4244 2.62 -1.39 9.34 145 251 169 163 167 
6.58 1.12 15.28 4.9600 1.1000 9.7800 1.5200 -2.4300 3.3956 3.46 -0.21 9.17 144 260 175 169 165 
-4.65 -1.22 9.84 -5.6500 2.4200 -1.7100 -4.4200 1.2678 1.5378 1.31 -6.22 7.46 147 268 175 168 169 
-3.44 -2.45 -0.24 -4.2800 5.8000 -6.4400 -0.8844 1.9189 -2.8489 2.03 -7.84 5.52 147 277 175 175 170 
6.96 0.94 3.01 4.5500 6.8500 -3.2600 3.3533 1.6667 -1.9200 3.17 -4.02 8.36 150 283 180 177 177 
11.63 0.37 18.00 7.6600 0.1400 9.4800 2.8022 -1.4300 2.5267 4.16 -0.10 8.87 147 287 184 176 161 
-1.11 -0.60 8.83 -5.2100 1.3100 -0.1700 -0.4133 0.5644 0.7022 4.52 -1.63 8.54 151 287 190 182 165 
8.42 1.81 18.65 5.5700 3.2400 8.6700 -3.3367 -1.3400 0.9144 5.40 -3.63 7.33 166 276 293 283 197 
2.09 -2.62 -2.72 -3.4800 5.1700 -5.6000 -5.8767 0.0956 2.8589 2.51 -9.45 0.70 165 292 299 304 199 
-0.44 -5.89 -8.44 -1.6900 3.7000 -6.1300 1.1056 0.2267 -0.1833 1.39 -9.66 -0.94 159 291 303 300 201 
-1.17 -2.02 0.75 -3.7300 6.9600 -1.2800 7.3856 0.0233 -2.4589 3.73 -6.36 6.45 171 293 303 309 201 
8.42 -3.86 19.62 4.5400 2.7000 7.0400 -5.4744 -1.0422 1.8300 3.77 -7.51 5.04 170 295 292 310 201 
-4.85 -4.97 -10.16 -5.1800 2.8700 -11.6700 -1.4878 -0.2456 0.2400 1.19 -9.52 -1.98 169 294 301 316 200 
2.55 -4.60 -3.83 1.8000 6.0200 -1.9100 7.6833 1.3578 -1.7011 2.93 -7.77 5.20 171 297 301 314 206 
4.83 -2.21 21.49 0.3700 1.7000 11.8900 -1.3144 -0.0311 -0.1356 3.02 -5.06 7.83 171 297 301 313 200 
1.60 -4.23 2.47 -1.3100 3.8700 -2.7700 -5.3678 -0.7667 0.7556 2.79 -9.17 2.05 177 298 299 311 202 
2.19 -9.49 -3.86 0.0500 -0.0100 -2.7400 0.6800 0.4867 -0.4067 2.79 -9.37 0.72 178 298 303 315 204 
3.24 -9.06 2.29 0.0900 0.0400 0.5600 0.4244 0.2322 -0.4067 3.31 -9.03 1.89 180 294 300 310 206 
3.89 -8.89 2.43 0.2600 0.0000 0.2900 0.0522 0.3733 -0.2144 3.62 -8.82 2.28 171 294 293 302 202 
-0.01 -6.38 -0.81 -4.8300 1.9100 -4.7600 0.7589 -0.4689 -2.0600 5.09 -7.89 2.79 163 265 244 233 199 
7.80 -1.33 -0.89 3.1100 4.2800 -1.4500 0.2667 -5.6711 -3.8422 9.23 -2.85 -1.66 138 217 191 200 180 
13.52 -2.24 -7.05 2.3900 -0.7700 -1.9600 -0.5711 -2.2233 0.2133 7.27 -1.09 -6.48 143 224 204 211 181 
12.93 -4.77 -11.34 8.5800 -4.6100 -5.8300 0.8744 -1.6778 2.2222 5.75 -2.41 -7.56 172 252 226 260 205 
1.85 -5.28 -9.51 -1.1400 4.2000 -0.2300 7.0278 1.5489 1.1544 3.25 -8.66 -3.24 187 327 289 308 205 
1.71 -1.95 -0.55 -1.1300 6.1000 2.5300 0.1500 0.3344 -0.0011 2.69 -9.19 -2.10 188 332 295 311 209 
1.80 -5.24 0.19 -1.5500 4.1200 2.4300 -0.7567 0.4300 -0.9567 3.54 -8.78 -2.52 184 324 287 306 214 
;
