4.22 5.93 10.14 3.2900 0.6900 2.1600 -1.1256 -2.3800 3.5178 5.27 3.36 7.55 153 301 169 176 165 
2.89 1.73 4.83 -3.5500 0.3800 -3.0500 -0.4267 0.2444 1.2056 6.01 0.55 7.72 147 325 175 178 170 
3.73 1.18 1.39 -0.3700 0.5400 -7.5800 1.5667 0.8144 -0.8067 5.14 1.46 8.21 137 329 176 183 172 
13.13 9.08 8.80 9.1900 6.8100 4.8500 4.3378 0.0400 3.2156 5.06 5.06 6.69 159 340 176 193 175 
3.76 8.41 10.99 -3.6400 6.6000 3.7700 -3.3533 2.3067 4.4667 6.20 -0.71 7.55 162 345 182 187 176 
-5.25 0.67 1.71 -9.0600 4.8400 -6.4500 -3.2756 -0.0178 -2.1811 4.69 -4.92 7.06 158 343 182 188 176 
7.98 3.23 -3.05 3.8900 5.8500 -8.7500 2.2389 1.9511 -5.0144 6.47 -0.50 7.34 156 331 181 192 178 
21.38 9.70 11.64 14.6000 8.8500 10.1600 4.1633 0.3644 1.9478 6.86 4.25 5.55 162 325 193 193 182 
-1.89 2.80 7.44 -10.3400 1.9900 0.8100 -3.2878 -0.5433 2.3222 8.55 -1.92 4.38 148 303 193 194 180 
10.57 0.06 5.66 1.6100 1.0700 0.8400 -0.1022 -0.5189 0.3600 8.35 -1.43 4.93 156 306 188 194 180 
7.94 -0.79 4.04 -0.2700 0.6300 -0.6400 -0.3756 -0.0633 -0.1744 8.37 -1.58 4.84 158 308 187 194 182 
8.34 -1.79 4.55 -0.2800 -0.1400 -0.1400 -0.3689 -0.1600 -0.2456 8.53 -1.54 4.57 165 301 220 237 201 
16.95 -2.74 8.40 8.5600 -1.2900 4.0800 1.4344 1.7022 0.4978 7.98 -0.51 5.67 182 328 333 369 212 
7.74 -0.63 3.78 1.2000 0.7400 -4.0600 0.2589 1.5256 2.3800 5.71 -1.66 7.79 190 354 350 394 218 
0.51 1.27 3.76 -4.0900 3.6900 -4.0100 0.3233 -0.7311 0.8333 4.84 -2.42 8.17 197 344 357 402 213 
6.93 3.97 8.59 1.8700 7.7700 0.7500 -3.8933 -0.9100 -0.4156 6.14 -4.15 6.41 181 309 341 385 219 
5.87 -8.99 -3.94 -3.1500 -5.8500 -6.3600 -2.4822 1.6600 0.8767 5.33 -7.58 3.20 172 304 337 398 224 
2.96 -8.55 2.86 -2.2900 0.8500 0.0500 -0.1922 0.4278 -0.6733 5.44 -7.52 3.14 179 306 336 391 225 
1.51 -3.53 0.83 -5.3300 2.7600 -2.3200 0.3844 0.7800 -3.2878 7.64 -4.96 3.60 180 301 322 367 220 
;
