3.26 6.37 6.65 0.0300 -0.0100 -0.0800 0.0056 0.0444 -0.0222 3.19 6.39 6.71 164 325 366 407 214 
2.85 8.90 11.32 0.3800 4.3000 6.5400 0.5822 -0.8511 1.4522 3.94 6.38 6.30 170 300 254 259 210 
9.86 6.07 5.68 -0.8000 1.5100 -0.3400 -1.5789 -0.2011 4.8767 8.33 0.27 5.15 157 288 180 190 165 
-0.01 -2.85 0.29 -7.7000 -0.5000 -6.3200 0.8489 1.8067 -0.7044 6.97 -1.28 6.77 145 300 176 189 163 
14.28 9.36 4.50 9.3800 7.5400 -1.0600 5.4878 0.3522 1.1289 5.75 3.82 6.96 153 304 178 191 171 
6.54 8.57 11.85 -3.9500 6.3800 3.8400 -2.7722 2.2522 4.9311 6.45 -0.77 7.34 168 321 185 192 173 
-5.19 0.38 2.02 -9.1500 5.7300 -5.9900 -3.1667 -0.0667 -2.2289 6.16 -5.26 5.51 170 331 187 192 175 
11.05 2.42 -4.70 4.4400 3.4100 -10.0600 4.2222 -0.8711 -3.1244 7.92 0.28 5.76 170 322 188 195 178 
14.08 10.32 17.42 3.0900 6.5200 12.1700 -0.2011 -2.1878 3.8600 8.87 1.12 4.02 169 309 193 204 176 
4.53 -0.38 1.70 -4.4500 0.9800 -1.6200 -1.2189 -1.0033 0.6178 9.26 -2.03 2.49 172 307 219 222 182 
8.63 -2.05 -1.80 0.1100 1.5900 -1.3100 -0.9000 -2.3322 1.5022 8.77 -4.11 -1.47 193 313 323 372 220 
13.43 -11.73 -5.48 6.5200 -3.7900 1.0800 -0.5467 -2.3300 4.3933 3.28 -7.44 -5.46 197 311 329 399 221 
-0.84 2.09 -4.60 0.1300 7.8600 -3.6200 -5.2344 0.5511 0.0267 1.65 -3.11 -9.14 186 292 328 389 221 
2.49 -3.60 -6.81 0.5400 -0.0200 1.7300 -0.2567 0.1644 -0.1378 2.16 -3.32 -8.96 185 300 330 400 222 
;
3.16 -2.83 -8.03 0.0900 0.7800 0.7000 0.0933 0.3222 -0.1189 2.65 -3.47 -8.77 189 301 330 399 218 
4.18 -2.58 -8.17 0.5000 0.6900 0.2600 0.3544 1.3256 -0.7844 4.40 -3.39 -8.07 174 260 263 278 194 
13.25 -6.22 -8.36 3.6400 -1.8600 -4.5100 2.9600 7.6856 -0.1467 9.00 -3.47 1.74 142 323 186 203 142 
2.08 -1.34 4.79 -4.5900 2.1600 -0.8700 0.2367 1.9689 -0.8422 7.10 -2.56 6.25 150 327 192 208 150 
9.06 2.38 1.48 3.3500 3.2100 -5.3700 3.0100 1.0433 -0.6511 5.81 0.70 7.86 158 327 190 212 153 
19.23 10.05 20.13 10.2300 7.9600 13.9700 0.0011 0.7278 4.5633 7.02 0.69 6.80 172 342 197 217 157 
-4.48 -0.67 6.66 -10.1800 2.8800 -1.2600 -2.9989 0.3356 1.0667 4.81 -5.33 6.67 165 355 195 216 148 
0.78 0.60 -4.65 -3.2700 6.3400 -10.9700 -0.2000 0.7644 -4.7322 7.32 -3.62 5.41 164 350 192 211 157 
13.38 4.35 0.88 7.4700 3.7700 -2.3200 4.7344 -0.7956 -1.8000 7.97 3.03 4.83 165 343 200 215 155 
9.06 5.64 10.28 -1.4900 3.0500 5.1600 -1.3911 -1.6722 3.8978 9.34 -0.25 2.95 165 327 198 215 155 
6.28 0.34 0.89 -0.0700 2.5700 -1.1800 -0.9511 -0.5756 -0.1933 9.38 -1.45 2.46 167 304 259 287 191 
7.85 -4.10 -1.78 -1.5500 -0.7100 -1.0600 -1.8544 -4.4222 4.0900 7.14 -5.76 -3.44 181 292 303 336 206 
6.45 -6.57 -5.88 1.1900 -0.3700 -0.9400 -0.4256 0.2256 -0.3144 6.25 -5.76 -4.88 181 293 299 336 207 
7.80 -5.72 -6.09 1.8800 -0.1400 -0.7400 -0.5011 -0.7400 1.4389 5.48 -6.00 -5.48 176 296 314 368 211 
-1.43 -3.08 -2.38 -2.7500 2.4800 1.9000 -3.9600 -1.0567 -0.2611 3.51 -3.15 -8.59 179 292 318 389 218 
4.37 -2.89 -8.56 1.1200 -0.3400 0.6300 0.2278 -0.0767 0.0411 3.57 -2.94 -8.64 182 301 323 389 216 
4.17 -2.21 -8.20 0.3300 0.9300 0.4700 0.1644 0.2456 0.1222 3.65 -3.28 -8.48 185 298 322 390 217 
;
