-0.18 -1.62 9.69 0.0100 0.0000 0.0400 0.0022 -0.0089 0.0067 -0.20 -1.62 9.66 178 329 294 304 198 
-0.18 -1.59 9.81 -0.0300 -0.0500 -0.1000 -0.0067 -0.0089 0.0044 -0.19 -1.61 9.66 175 330 292 308 199 
-0.18 -1.63 9.69 -0.0100 0.0100 -0.0300 0.0222 -0.0311 0.0244 -0.18 -1.61 9.67 176 324 290 304 202 
-0.73 -1.53 10.63 -0.4500 0.2400 1.0600 0.9456 0.0678 0.7089 -0.24 -0.99 9.75 131 336 301 288 203 
0.55 1.49 11.89 3.4400 -2.6400 -4.5900 -0.2411 -7.5467 3.0844 4.80 -0.84 8.50 136 265 181 182 167 
2.36 -3.16 6.09 -4.4600 -1.2800 -0.8400 0.6611 0.4044 0.9056 6.31 -1.91 7.25 137 296 176 161 148 
4.00 0.44 4.27 -0.8300 2.5300 -3.7200 1.2344 0.9033 -0.5933 5.65 -0.78 7.97 138 305 171 170 149 
12.55 5.69 9.38 6.1100 3.9900 2.7600 2.9389 1.0567 1.7156 4.01 2.12 8.69 152 298 184 173 155 
1.55 3.77 14.32 -3.9400 2.1100 4.6800 -2.4900 0.9967 3.5544 3.84 -1.13 8.94 157 306 188 173 158 
-3.71 -2.56 6.87 -7.1600 2.2600 -2.1000 -3.7822 0.1711 -0.3844 2.12 -6.13 7.34 170 304 186 178 164 
0.34 -0.37 -1.72 -1.7200 6.3400 -7.8800 1.5822 0.9844 -4.0378 4.50 -5.03 7.10 167 308 191 183 167 
11.31 3.68 5.75 7.8200 4.4600 -1.5500 3.6433 -1.6622 -0.8889 5.90 0.74 7.79 164 305 193 183 175 
3.68 2.19 15.59 -3.6900 0.5400 8.6600 0.5967 -2.2022 2.4833 7.78 0.87 5.89 170 303 200 188 178 
6.21 1.09 5.65 -1.1700 0.5900 -1.0000 -0.7344 -0.3956 -0.0556 7.67 -0.02 6.10 170 248 213 197 170 
8.92 0.65 6.72 2.9300 0.3500 1.6700 -1.7600 -1.4400 -0.3200 8.35 -0.55 5.11 173 194 156 180 149 
10.80 -2.97 4.16 4.0000 -0.6700 -3.7000 -0.6122 7.7122 2.6022 1.92 -3.30 9.02 183 162 154 160 140 
-3.40 0.90 4.17 0.5900 3.4500 -3.8600 0.3122 3.0367 3.4211 -6.50 -1.58 7.16 182 165 157 157 144 
-10.06 2.89 4.10 -1.9100 3.1300 2.1800 2.1822 0.2156 -0.2689 -6.59 1.54 7.09 188 171 160 162 142 
-6.05 1.77 8.57 -0.4700 0.3500 0.4000 -0.2567 -0.1456 0.0889 -6.07 1.21 7.59 188 171 168 161 142 
-5.21 1.24 7.30 0.5300 0.1100 -0.1200 0.0100 -0.1589 -0.0022 -5.96 1.18 7.69 190 172 161 159 144 
-5.46 1.56 7.73 0.1800 0.1800 -0.3300 0.2656 -0.5733 -0.2544 -5.50 1.25 8.01 187 174 169 163 146 
-2.43 3.70 8.74 -0.0800 1.7200 0.0500 2.3711 -5.2822 -0.6644 0.04 3.49 9.16 190 253 220 211 188 
5.10 5.34 8.61 0.1600 1.3000 0.7800 0.6778 -4.3756 3.0967 6.67 3.45 6.29 186 298 283 287 207 
7.68 1.57 4.05 -0.7600 2.0700 0.6100 -0.6478 -2.8056 5.2056 9.26 -2.32 2.21 187 319 307 305 208 
4.23 -4.87 -1.80 -3.0200 2.4700 -0.5500 -5.0778 -2.0156 4.8333 4.34 -7.72 -4.20 190 287 266 295 208 
0.55 -6.34 -8.95 -1.6800 -0.8700 -1.6600 -2.3422 -0.5256 0.1511 1.41 -4.77 -8.44 184 278 270 298 213 
3.10 -4.42 -10.13 1.0400 0.0300 -0.6900 -0.1700 0.1467 -0.0622 1.60 -3.86 -8.86 185 283 268 301 212 
2.41 -3.76 -8.32 0.6600 0.1300 0.4700 0.0667 0.0644 0.0233 1.69 -3.93 -8.82 188 288 271 301 208 
2.19 -3.94 -8.33 0.5000 0.0000 0.5400 0.0511 0.0189 -0.0311 1.86 -4.01 -8.75 185 285 275 303 209 
;
