7.60 4.96 -3.49 0.0400 -0.0500 0.1800 0.0244 0.0022 -0.0144 7.67 4.88 -3.66 140 259 235 237 175 
7.86 4.88 -3.60 0.2000 -0.0600 0.0500 -0.0111 -0.0056 0.0089 7.68 4.88 -3.64 137 258 237 237 174 
7.98 4.70 -3.15 0.3800 -0.1500 0.6100 -0.0867 0.2567 0.0100 7.75 4.89 -3.47 137 262 230 231 175 
10.01 5.18 -0.88 1.9200 0.8500 1.2100 -1.5511 2.5389 0.7467 8.55 4.77 -0.37 149 264 212 213 171 
3.48 2.91 1.00 -5.4900 -2.2100 -5.0300 -1.4256 3.3967 -0.4778 4.70 2.30 8.29 156 272 221 212 170 
5.92 0.07 7.20 -0.2800 -2.6900 0.6300 1.8811 -3.6244 1.5333 7.33 2.73 5.90 161 288 221 212 165 
9.16 1.78 4.63 -1.1800 0.7400 0.7600 0.7522 0.0978 1.9756 9.07 0.56 3.67 160 294 216 209 167 
6.75 1.74 -1.70 -1.3600 1.1200 -6.3100 2.8300 1.3956 -0.4378 8.45 1.59 4.70 162 297 216 209 165 
16.03 6.62 9.66 7.2500 4.3600 6.6600 2.7511 0.2356 2.5311 8.79 2.04 3.81 163 307 218 211 166 
5.31 2.81 7.16 -3.7900 3.3300 0.9300 -3.1489 2.3556 2.5433 7.16 -3.03 5.96 164 305 220 208 162 
-2.83 -1.26 0.08 -9.4200 4.4200 -6.0300 -1.5700 -0.3322 -2.3211 7.35 -4.72 4.44 163 303 217 210 165 
8.17 1.79 -2.15 0.9800 3.5900 -6.4000 1.7856 -0.2878 -3.4933 8.74 0.46 4.41 164 308 218 211 167 
17.04 5.02 4.96 8.2800 1.9500 2.1700 2.4878 -0.4589 -0.2078 8.85 3.40 2.47 166 310 222 214 168 
13.46 6.30 8.27 1.0500 3.8300 5.8100 0.0044 -0.3678 3.2556 9.63 0.41 1.79 166 301 222 216 166 
3.40 0.18 1.39 -5.7200 1.6400 -1.4100 -2.0967 0.8044 -0.1922 9.47 -2.09 1.42 165 291 222 216 172 
11.02 -3.47 -1.20 3.1600 -2.7500 -1.9300 0.2333 -1.1978 -0.0489 9.70 -1.27 0.63 98 197 260 251 176 
12.45 -1.50 -1.53 1.1900 0.8800 -0.8400 1.3644 0.3278 1.9222 9.20 -3.32 0.66 85 159 185 189 133 
5.98 1.66 0.67 -2.4700 5.6900 -0.3700 2.6511 -0.0911 0.5267 8.56 -4.30 2.08 92 163 181 184 135 
8.96 0.00 6.46 1.1000 3.6400 3.2300 -3.1978 0.3044 -1.0378 8.84 -4.07 1.18 93 168 192 195 137 
9.67 -4.26 -6.59 0.4500 -0.0400 -6.9100 -0.6989 1.0278 0.2344 8.74 -4.43 0.12 91 169 194 192 139 
3.55 -6.40 -0.68 -4.7000 -0.7800 2.7900 3.4289 -1.8256 -0.0300 9.00 -3.58 1.47 98 172 187 188 138 
7.97 -3.23 4.39 -2.0700 0.6000 3.3500 -1.9800 1.6078 -0.1778 8.93 -3.72 1.57 105 195 210 209 149 
8.74 -4.57 0.76 -0.6800 -1.5500 -1.5600 0.3644 0.4933 -1.3656 9.08 -2.05 3.07 114 272 233 224 157 
8.82 -0.39 1.99 -1.5800 0.9900 -1.3400 0.4122 0.0844 -0.9733 9.12 -0.53 3.55 116 297 235 221 157 
10.19 1.82 -3.20 2.8000 1.0300 -6.5200 3.4733 1.1411 -1.6678 8.66 2.73 3.69 115 294 235 211 154 
18.09 11.85 12.23 8.7500 8.3200 9.9900 0.9500 1.1767 3.4744 8.95 2.13 3.38 125 299 237 217 155 
3.40 4.21 6.50 -6.0200 4.9400 -0.2300 -3.6900 1.8956 2.6344 7.13 -3.55 5.70 123 305 239 214 153 
-3.98 -1.54 1.00 -9.1900 3.9600 -5.9700 -2.0078 -0.2544 -2.7889 7.45 -4.50 4.50 123 305 231 212 156 
9.49 2.24 -2.55 1.3000 3.5000 -6.8300 2.4156 -0.6200 -3.1467 8.59 0.96 4.61 126 307 239 212 158 
15.98 5.67 4.61 7.9200 2.4300 2.3900 2.2367 -1.0367 0.2511 8.96 3.45 1.96 128 302 242 220 160 
9.41 3.59 5.29 -0.6800 1.7600 5.2300 -0.8322 -0.5211 1.5656 9.74 1.04 -0.14 130 295 240 218 160 
;
