10.27 3.36 2.71 0.6200 0.3400 -0.1900 -0.1500 0.1567 0.0756 8.93 2.84 2.85 167 275 268 271 195 
8.80 2.83 2.00 0.3400 0.0400 -0.7300 0.2033 -0.0178 0.1333 9.04 2.75 2.60 162 259 188 164 177 
13.01 2.47 7.14 2.2900 0.3600 3.7400 -0.3433 1.1944 2.8178 8.79 0.49 4.31 156 257 175 161 172 
2.35 -1.62 1.00 -5.0300 0.1800 -4.3100 -0.4100 2.0978 -0.1922 7.46 -1.51 6.18 157 262 164 153 160 
10.81 3.27 0.55 4.6200 3.4500 -5.0500 3.2689 0.3222 -0.3011 7.04 1.42 6.67 144 279 164 158 159 
16.80 7.95 17.38 6.1800 5.4700 10.9700 0.2611 2.0989 3.5056 7.12 1.12 6.64 155 288 173 168 164 
-1.18 1.31 5.29 -7.1100 4.3700 -3.3900 -2.9000 2.0200 1.3767 2.93 -4.63 8.12 155 279 173 168 166 
-1.68 2.56 -3.37 -4.5600 7.3700 -10.9500 0.5244 -0.5644 -3.6022 5.00 -3.57 7.63 153 278 171 167 168 
12.33 4.28 2.08 8.5200 4.1000 -4.1300 2.2189 -1.6356 -2.1444 7.36 1.19 6.35 151 279 176 167 167 
13.47 3.95 15.86 0.4700 2.4800 10.3400 0.2633 -0.8878 2.7278 8.56 0.47 4.75 150 285 178 171 151 
10.38 0.45 4.65 3.4800 1.1100 3.1000 -1.6256 -2.1833 3.7367 8.59 -4.41 1.69 161 254 154 159 136 
4.76 -4.73 -0.96 -1.7200 2.9500 -2.5000 2.9267 2.0122 3.0111 4.13 -8.38 2.96 144 291 151 162 134 
-2.75 -9.64 6.35 -4.3900 -1.7100 1.5900 0.7478 0.6956 0.6844 1.16 -8.04 5.48 149 301 161 163 136 
3.76 -11.21 4.01 3.2000 -3.5900 -3.7100 3.3078 1.1667 -0.0944 0.52 -5.61 8.02 152 301 171 168 136 
-4.70 5.59 8.92 -4.2800 10.0100 2.1000 1.1500 0.5722 -0.3211 -1.10 -1.42 9.63 145 311 168 165 141 
-3.46 6.76 6.48 -4.6500 11.1500 -3.9100 -5.6522 -2.2656 -1.6856 1.62 -6.65 7.02 147 307 175 169 138 
3.55 -16.80 -7.29 -1.1300 -6.8300 -7.0900 -3.0733 -0.8178 -0.8567 3.72 -9.07 0.04 156 278 166 171 157 
5.75 -13.55 -6.81 2.2200 -4.6600 -6.2400 1.0478 2.5000 -4.2056 7.94 -5.73 0.38 102 235 256 257 190 
9.69 -1.24 4.70 2.8800 3.4700 0.0000 2.3044 0.1456 0.6556 7.93 -4.30 3.83 92 166 191 191 160 
10.96 1.76 1.98 2.5600 6.0700 -1.8100 1.4989 -0.6133 1.2444 7.72 -4.81 3.65 94 155 165 166 135 
7.88 -0.77 9.85 0.6300 5.2700 6.4400 -2.1978 1.9867 -1.2256 7.47 -4.89 4.03 100 169 182 177 141 
11.71 -3.13 -3.07 3.5700 1.1500 -7.2500 -1.0422 0.5400 -0.5367 7.94 -4.84 3.09 96 172 180 186 138 
4.81 -10.29 -3.25 -14.0800 -4.8600 -3.9100 2.8400 -1.8600 0.6433 7.19 -4.85 4.55 104 169 181 185 134 
3.46 -3.32 9.22 -1.7200 2.7800 4.5200 -3.7411 2.4567 -1.6322 7.35 -5.11 3.99 103 184 188 196 161 
7.52 -3.00 0.07 0.7900 1.5600 -3.9100 -2.1089 2.7200 -3.1822 8.02 -3.74 4.21 138 225 229 240 182 
11.57 -1.82 6.76 0.6400 1.0100 -0.0100 -2.2789 3.3000 -0.3911 5.97 -3.97 6.68 152 251 224 238 178 
1.87 -3.18 8.29 1.3900 2.0000 1.2900 1.3189 1.1211 -0.1922 2.51 -3.51 8.80 165 310 277 295 188 
;
