9.52 -0.61 2.13 0.0000 -0.1400 -0.0700 0.0033 -0.0044 0.0056 9.54 -0.49 2.20 165 292 304 347 221 
9.52 -0.61 2.11 -0.0100 -0.1000 -0.0600 0.0033 0.0067 0.0033 9.54 -0.49 2.21 163 292 303 350 221 
9.62 -0.57 2.12 0.1100 -0.0600 -0.1800 -0.0322 0.1078 0.0133 9.51 -0.51 2.31 169 292 301 331 219 
16.07 -1.02 -2.85 7.7900 0.5500 -5.2200 4.2300 -0.2922 2.5578 8.95 -1.77 3.59 155 293 185 187 169 
4.02 -1.45 6.47 -4.4300 1.0900 2.1600 2.0711 1.2956 1.4367 7.62 -2.46 5.64 152 311 188 198 171 
4.40 -0.38 4.31 -2.8200 1.7900 -2.5700 1.1322 -0.0444 -0.0356 7.10 -1.87 6.48 147 308 187 200 168 
14.10 1.06 5.51 9.8200 2.5200 5.2600 4.1044 -0.7900 1.4589 7.74 0.74 5.97 145 317 190 199 167 
5.33 2.12 11.28 -2.9500 3.5000 4.3500 -2.2667 0.9989 2.5078 6.93 -3.28 6.10 152 319 190 201 168 
-1.84 0.18 2.57 -8.2600 5.2100 -3.4600 -2.0744 0.3911 -2.2978 6.55 -4.72 5.56 158 315 189 201 170 
10.65 1.20 -1.82 4.2400 3.6400 -5.5500 2.0300 -0.2089 -2.0433 7.74 -1.22 5.88 153 317 194 205 170 
14.21 1.12 9.36 5.5000 -0.4700 4.8000 2.2467 -0.2789 0.9011 8.12 0.84 5.43 157 316 196 207 173 
7.69 1.12 12.16 -4.2200 1.7500 3.5500 -1.3333 0.3933 3.3756 7.42 -2.20 6.01 156 310 197 209 173 
2.54 0.25 2.68 -2.8400 3.9100 -2.6600 -0.2667 0.2278 -1.0133 6.67 -3.20 6.42 161 294 207 214 185 
13.07 -1.89 13.88 6.1700 0.6400 6.2600 -3.7100 2.0556 -0.1133 5.84 -4.94 6.12 179 307 310 327 207 
4.70 -5.22 -2.75 -0.8200 2.0900 -8.8500 -3.3578 2.1900 1.4189 2.88 -8.92 2.86 176 325 305 367 208 
-0.65 -4.07 -5.30 -3.0400 4.6700 -7.3400 2.4467 0.2222 -1.0367 2.98 -8.39 4.10 177 327 328 372 206 
11.64 -1.24 17.92 7.0600 2.2100 19.0200 3.6500 0.1689 0.2211 4.12 -3.90 7.99 178 324 329 364 205 
4.40 -2.14 7.12 0.6200 4.9800 -2.1100 -5.1733 0.2322 1.6722 3.05 -8.32 4.19 179 328 328 365 208 
-1.46 -5.51 -7.94 -3.3200 3.7400 -9.1800 0.7722 0.2189 -0.5089 2.27 -9.20 2.48 178 328 327 366 209 
6.76 -4.99 5.27 3.7200 2.7000 2.3600 4.1722 -0.8511 -1.6011 4.79 -6.14 5.95 180 321 323 358 209 
;
6.21 -5.70 12.08 1.0800 0.3900 3.6000 -2.4667 -0.7267 0.6444 5.07 -6.76 4.97 179 315 310 329 210 
2.77 -5.60 -0.41 -1.7600 1.9000 -4.2500 0.2211 0.2289 -0.3833 4.80 -7.41 4.25 172 296 268 268 202 
5.03 -5.45 2.44 -0.5400 0.7100 -2.6100 2.0244 0.2544 -0.9922 5.63 -5.62 5.72 154 289 215 214 182 
11.01 -4.79 9.65 2.8600 -0.9400 4.2900 1.7711 0.3656 0.1144 6.63 -3.37 6.38 147 308 205 202 175 
5.67 -2.03 8.30 -1.5700 1.2900 0.0900 0.1167 0.0289 0.4133 6.31 -3.31 6.73 135 311 198 201 172 
8.31 -0.98 2.97 3.3600 0.4300 -2.6800 3.3089 -0.8878 0.6100 6.49 -1.28 7.22 131 308 199 197 166 
7.51 0.73 17.71 -0.7500 2.6400 9.5800 -1.5244 0.9689 3.2989 5.66 -3.54 7.17 138 311 199 197 168 
-2.41 -0.42 4.35 -6.7800 5.4800 -2.7700 -1.6300 1.5667 -2.0978 4.52 -5.66 6.60 143 319 189 197 168 
6.05 0.04 -0.57 0.7200 4.2900 -7.2600 0.9478 -0.6744 -2.4144 6.24 -3.49 6.70 144 321 201 198 171 
14.18 -1.33 5.52 8.6700 0.1600 1.5200 2.7400 -0.6522 -0.4122 7.60 0.27 6.19 145 317 205 204 173 
8.44 2.41 14.04 -2.8800 2.5200 5.6300 -0.8389 0.1100 3.0167 7.28 -1.50 6.38 146 316 204 204 173 
2.54 -0.69 1.87 -2.4500 3.0400 -2.4100 -0.1700 0.2844 -0.8622 6.84 -2.83 6.42 149 305 212 206 176 
12.81 -1.67 13.50 5.9400 1.1100 6.6100 -3.5622 1.5200 0.2900 6.14 -5.03 5.74 173 303 315 322 210 
5.06 -5.17 -1.94 -1.0100 2.5200 -7.8900 -3.6100 2.2078 1.5322 3.06 -8.97 2.49 174 315 331 356 213 
-0.97 -6.35 -4.75 -3.4100 3.3000 -6.7300 1.2722 0.9289 -0.6700 2.29 -9.08 2.89 174 317 334 364 211 
5.03 -3.36 5.21 3.2900 3.2000 4.5800 4.9633 -0.1822 -0.3978 3.47 -5.73 7.15 176 318 333 366 209 
4.14 -6.14 16.30 1.6600 1.2800 5.1000 -4.3289 -0.2433 0.4889 3.59 -7.35 5.39 176 322 331 360 211 
1.34 -5.86 -6.09 -2.0800 3.1500 -8.8700 -0.8722 0.2633 0.7633 2.20 -9.36 1.91 174 324 330 361 212 
1.53 -3.86 -0.44 -1.2800 5.1800 -4.0900 3.9933 -0.6278 -1.5489 3.65 -7.25 5.49 175 320 325 359 211 
4.12 -5.13 23.74 -0.6300 -1.1900 15.4700 -0.4733 -1.2811 0.0344 4.86 -4.50 7.22 177 322 332 357 211 
5.03 -3.78 3.57 -0.5500 2.5100 -4.0000 -3.5233 -0.5022 0.6644 4.72 -7.88 3.41 176 323 329 341 212 
0.20 -5.52 -2.80 -4.3000 2.5600 -5.4400 1.4167 2.4422 -1.8678 4.78 -7.45 4.21 174 309 318 326 211 
;
