2.42 1.44 9.41 0.0500 -0.0800 0.0700 -0.0167 -0.0056 0.0000 2.37 1.56 9.38 173 349 362 395 209 
2.43 1.44 9.41 0.0400 -0.1200 0.0000 -0.0078 -0.0044 0.0022 2.37 1.56 9.38 165 352 366 392 208 
2.33 1.50 9.33 0.0600 0.1000 -0.0200 -0.3878 -0.0944 0.0811 2.47 1.27 9.40 170 304 336 366 210 
4.08 4.76 6.41 0.2400 0.8600 -0.9200 -2.3044 -2.2433 2.0567 4.72 -2.82 8.11 160 234 236 256 202 
13.05 -6.09 8.38 5.3400 -2.7700 2.8500 0.3100 -3.8567 3.2422 7.33 -5.27 3.81 120 226 212 241 192 
3.51 -5.71 2.84 -1.8300 2.7200 0.7100 0.2111 -2.4656 5.0644 3.09 -9.15 1.65 118 224 216 242 188 
-4.94 -5.81 1.97 -4.2600 3.8100 0.3900 0.2878 -0.2444 1.0000 -0.73 -9.54 2.13 122 215 209 243 188 
0.33 -9.45 1.45 0.0400 -0.1800 -0.1700 -0.3522 -1.4078 -0.2711 -0.01 -9.66 1.68 122 226 218 249 190 
-3.53 -8.78 -1.06 -4.6300 1.2800 -3.6400 -1.2744 -7.0789 -2.5300 2.82 -9.35 -0.86 124 222 215 238 185 
13.28 -6.32 -5.25 9.4500 1.1000 -0.6900 0.6867 -2.4878 -0.8311 4.03 -8.26 -3.40 138 233 226 249 186 
4.60 -7.53 -2.83 0.4400 0.6900 0.6300 -0.3044 0.4511 -0.1600 4.28 -8.11 -3.46 143 236 229 254 190 
11.80 -4.41 -1.20 7.4500 2.3000 0.9300 -1.2667 5.1144 -0.6878 6.12 -7.31 -2.26 170 297 295 337 212 
14.93 -6.70 -2.40 6.2000 1.1400 -3.8000 -3.3256 9.2567 1.2700 4.30 -8.19 3.24 179 343 338 396 213 
3.77 -4.73 -2.98 1.3600 4.6900 -4.4200 -4.2844 1.1789 2.4111 -0.01 -9.69 -1.50 179 369 351 408 215 
-5.01 -6.74 -9.11 -2.7300 2.2800 -6.6500 1.3044 0.6889 0.0811 -1.31 -9.33 -2.69 180 375 354 407 217 
-1.23 -3.74 -7.11 -0.6200 6.6400 -7.8800 4.1789 -0.4789 -2.0600 1.17 -9.47 2.24 181 368 342 408 213 
9.38 17.91 9.94 4.3200 23.4500 9.2300 12.1078 0.1167 -0.4322 3.28 2.08 9.00 179 349 335 386 212 
4.25 4.04 12.85 -0.2100 1.0200 1.6500 -1.4656 -0.1156 -0.3889 3.29 1.40 9.12 181 345 335 384 215 
;
