2.72 -0.93 9.38 0.1500 -0.0300 -0.0100 -0.1867 -0.0167 -0.0344 2.60 -0.99 9.40 167 326 296 287 189 
2.64 -1.15 9.85 0.0700 -0.1500 0.2300 -0.0544 -0.0400 -0.0600 2.66 -1.14 9.36 162 328 304 288 190 
2.61 -1.05 9.47 -0.1300 0.0300 -0.1600 0.0278 0.0778 0.0789 2.53 -1.07 9.41 167 326 300 288 188 
2.39 -1.03 10.20 -0.5100 0.1800 1.5700 0.3589 -0.4144 -0.0611 2.78 -0.97 9.35 164 291 230 264 192 
15.76 -4.37 8.96 10.6100 -3.3900 0.3600 -0.0033 -7.3144 4.7267 7.90 -4.28 3.90 152 196 175 194 188 
3.30 -0.91 1.99 -4.1200 6.7600 0.8700 1.5489 -3.0867 5.1956 2.95 -9.31 0.83 142 202 185 198 186 
-1.65 -5.76 3.31 -1.4800 3.7700 3.9300 -0.6033 -0.8144 -0.0722 1.10 -9.68 1.07 147 206 187 202 183 
-2.92 -9.94 -2.15 -3.0900 0.3600 -2.1700 -0.3067 -5.6167 -2.4644 3.01 -9.28 -0.96 142 206 186 207 175 
9.63 -5.91 -5.38 4.9700 2.1800 -2.4400 1.4756 -3.7956 -1.8744 4.81 -8.04 -2.87 144 209 188 213 181 
6.30 -7.52 -1.58 0.5400 0.0100 0.8800 -0.2822 0.7811 0.0789 5.20 -7.89 -2.58 153 208 186 212 183 
11.85 -3.44 3.41 6.5900 3.9600 3.8800 0.8111 4.0456 0.3078 5.97 -7.76 -0.36 143 224 180 172 169 
8.77 -11.88 -5.21 0.6500 -2.6100 -4.9200 2.6211 1.9900 2.4656 2.96 -8.59 3.67 125 260 143 149 155 
-2.35 -8.08 4.04 -1.8300 -0.1300 -1.0100 -0.1722 0.6189 -0.8967 2.23 -8.53 4.29 121 269 143 155 152 
5.34 -11.22 0.94 2.2200 -2.1200 -4.3400 3.3089 1.7178 -0.0889 1.63 -6.62 7.03 123 271 153 160 154 
-3.34 2.59 10.49 -3.9700 8.1600 3.6500 0.7100 0.7389 -0.7378 0.42 -3.92 8.97 129 273 173 157 157 
-0.76 0.11 7.18 -2.3200 5.6100 -1.0000 -4.3944 -1.3856 -2.1444 2.75 -7.43 5.76 129 268 161 160 162 
10.66 -14.19 -6.58 6.9400 -6.9700 -8.4300 -0.1711 -0.4889 -0.8111 5.53 -7.91 1.67 126 275 164 165 161 
5.64 -6.57 3.38 -0.4800 1.1400 0.8100 -0.0511 -0.2078 -0.0756 5.76 -7.66 2.04 126 286 170 168 161 
5.58 -9.22 1.81 0.1100 -3.6700 -0.1400 0.1044 -0.2889 -1.2678 6.77 -6.90 1.59 135 296 168 165 158 
11.56 -8.02 1.97 4.4500 -2.1200 -2.0100 3.2533 1.7411 -1.4656 7.76 -3.06 5.13 127 351 157 173 161 
3.67 2.81 2.51 -3.4300 3.9500 -3.7000 3.8067 0.7800 -0.3567 6.99 1.13 6.77 133 365 172 173 169 
5.49 3.40 4.77 0.3800 0.6700 -2.5100 -0.8233 0.0522 -0.2122 5.94 2.43 7.41 140 368 173 176 174 
7.48 1.36 4.41 1.4400 -0.6100 -3.3500 -1.6789 0.7944 -0.6667 5.24 0.94 8.23 140 379 179 177 174 
4.19 -0.81 8.74 -0.9700 -0.8300 0.2000 -0.4167 -0.3611 -0.0733 5.21 0.11 8.30 141 380 185 181 175 
1.32 0.89 5.54 -4.1600 2.2500 -2.9000 -3.8478 -0.7733 1.2967 5.25 -3.24 7.61 143 343 183 185 175 
5.61 -4.15 1.86 -0.1000 2.1200 -2.1200 -5.7833 -0.9356 -3.5944 7.84 -5.53 1.97 157 247 201 205 184 
;
