7.96 4.63 -3.24 -0.0400 0.0400 -0.0200 -0.0522 -0.0389 -0.0167 8.00 4.61 -3.27 161 241 233 240 178 
7.90 4.59 -3.20 -0.0600 0.0100 0.0500 -0.0067 0.0478 -0.0144 8.04 4.58 -3.21 161 242 232 234 175 
13.14 3.20 -1.65 4.0500 -0.6300 0.2100 -0.7000 2.8478 3.0333 9.66 1.66 0.03 153 237 224 236 181 
15.84 1.48 -2.81 3.5800 3.9400 -2.7400 0.5700 -0.0489 5.5756 8.62 -4.66 -0.30 128 227 218 233 181 
-3.52 -1.39 -0.10 -7.8300 5.8900 0.3200 0.0500 0.0478 1.7644 4.09 -8.89 0.42 114 216 216 230 177 
4.64 -9.48 -0.08 0.0800 -0.6800 0.6100 -0.3533 -1.5367 -0.3178 4.32 -8.74 -1.01 115 221 215 231 175 
0.03 -7.24 -5.41 -4.4700 1.2800 -4.2700 0.7167 -7.6256 -2.7922 4.39 -7.45 -4.61 117 213 209 228 176 
8.42 -5.72 -7.68 4.8800 1.1900 -0.7500 0.9511 -0.7189 -0.5489 3.58 -7.25 -5.53 118 219 208 235 175 
4.48 -6.42 -3.96 0.5700 1.1700 1.2100 -0.2167 0.6200 -0.1556 4.07 -7.19 -5.26 132 228 217 241 179 
7.82 -2.97 -4.57 0.3000 0.7500 -1.7200 -1.6033 7.7633 -3.2533 8.26 -4.95 -1.78 145 228 209 225 147 
5.05 -5.48 4.32 -3.6600 -0.7300 -1.6800 0.9356 10.1711 2.0544 -0.05 -2.65 9.44 174 162 156 167 126 
-3.88 -2.24 9.84 -0.3800 -0.2200 0.2700 0.0067 0.9811 1.0478 -4.11 -1.82 8.71 179 163 154 164 129 
-5.00 4.47 20.22 0.3000 4.0500 14.1600 -0.2056 -0.6489 -0.2144 -4.84 -0.29 8.52 182 168 161 166 133 
-7.19 0.25 9.42 -2.4900 0.4400 0.4800 0.2167 -0.1056 -0.3189 -4.42 -0.49 8.73 181 170 163 172 131 
-3.86 -0.29 8.82 -1.8300 0.1900 0.0200 0.3311 -4.8878 -1.1244 -0.64 -0.46 9.77 182 202 182 208 155 
3.18 3.28 7.66 -3.4000 3.6300 -1.3800 -3.7856 -10.2356 1.3522 9.34 -2.13 2.07 140 260 235 267 179 
4.01 -3.03 -6.67 -1.8300 0.6800 -0.2700 -2.5044 -1.9989 0.8100 4.80 -3.46 -7.81 142 263 236 264 183 
6.70 -3.60 -13.30 2.5500 -2.3500 -5.0100 -0.3611 -0.6200 0.8200 3.82 -1.97 -8.81 155 279 229 276 184 
6.77 -5.44 -17.60 2.5600 -0.9300 -8.1500 3.3700 0.1367 2.0722 3.66 -5.50 -7.24 181 304 276 304 194 
-1.63 1.52 1.61 -6.0900 10.2300 3.3300 1.2444 0.0833 0.5933 3.87 -8.71 -2.30 186 342 290 312 193 
1.83 -2.80 -1.06 -1.9800 6.0300 1.0000 -0.5911 -0.1722 -0.9100 4.30 -8.39 -2.65 186 336 287 308 197 
3.53 -2.91 -3.89 -3.0700 2.4500 -0.1000 -1.1578 -0.6400 -3.0522 6.68 -6.03 -3.86 186 269 254 270 197 
;e
