2.04 -0.31 9.62 0.0000 -0.0300 0.2900 0.0100 -0.0500 -0.0089 2.03 -0.30 9.58 167 325 304 317 197 
2.21 -0.27 9.47 0.1200 0.0400 -0.1100 -0.0033 -0.0156 -0.0044 2.05 -0.29 9.58 168 326 310 319 197 
2.09 -0.26 9.60 0.0500 0.0200 -0.0500 0.0000 -0.0133 0.0089 2.06 -0.29 9.58 170 327 309 316 198 
1.69 -0.30 10.38 -0.7900 -0.0700 1.1600 -0.7867 -1.0356 -0.1500 2.77 -0.79 9.37 168 271 275 288 197 
13.94 -0.97 13.57 8.6100 1.1200 5.6100 -2.4533 -4.6178 2.3756 7.30 -3.91 5.24 125 203 180 185 188 
5.51 -2.78 0.65 -2.1100 5.2100 -0.1500 0.9511 -3.9156 4.7156 4.91 -8.47 0.49 118 210 189 203 193 
-2.32 -5.39 2.61 -4.6600 2.9600 2.2600 0.6033 -1.8256 2.1344 0.21 -9.77 0.71 122 212 194 211 197 
-1.38 -10.09 4.81 -1.4300 -0.9000 2.4700 0.0167 -1.0644 -0.4244 0.76 -9.73 0.88 121 210 196 214 195 
-0.49 -9.54 0.60 -1.6300 0.5100 -0.2500 -0.1556 -2.9467 -1.3767 2.20 -9.55 0.33 120 212 194 216 193 
5.96 -6.09 -4.88 3.3800 2.8000 -3.6400 0.7511 -5.4822 -1.9556 4.65 -8.38 -2.03 119 211 195 214 192 
7.82 -7.82 0.43 2.7700 0.2500 2.6100 -0.0611 0.2622 -0.0489 4.67 -8.32 -2.22 122 211 200 220 192 
4.73 -7.71 -1.21 0.6700 1.1700 1.8600 -0.0600 0.5567 -0.2389 4.96 -8.19 -2.11 130 217 201 221 193 
8.37 -7.07 -0.14 1.3900 0.2000 -1.1100 -1.0044 9.6178 -0.7367 5.71 -7.65 2.19 148 201 170 180 172 
3.82 -6.64 4.11 2.8900 0.4100 -1.3600 2.6911 5.5744 -0.5278 0.83 -4.81 8.50 169 159 144 171 158 
-3.10 -0.61 12.39 -0.6000 1.2200 3.8200 0.5389 2.8244 1.2322 -6.39 -1.60 7.25 183 171 157 167 153 
-14.47 -2.51 -2.37 -6.0700 -2.9600 -10.3700 1.3211 -0.8800 -0.1156 -6.92 0.08 6.93 184 174 161 173 156 
-4.57 1.11 10.96 1.9300 0.3800 2.8700 -0.4300 -0.3689 0.0722 -7.01 0.28 6.84 191 176 163 176 154 
-8.25 0.45 6.33 -2.2000 0.0200 -0.9800 0.2622 -1.5678 -0.0744 -5.81 0.20 7.89 189 217 170 179 165 
1.22 5.13 8.45 0.0300 3.4300 -0.4700 -1.6633 -6.9300 0.1956 4.06 0.43 8.91 146 300 176 176 160 
8.08 -2.17 3.84 1.4300 -1.1200 -3.8900 -1.4789 -1.5600 -0.7567 7.72 -0.64 6.00 123 323 175 176 152 
11.13 1.75 0.79 4.0400 1.5500 -5.4200 1.9967 1.4389 -0.7722 6.71 1.60 6.96 115 327 171 176 155 
10.05 6.35 12.11 5.4300 4.3200 5.1900 1.0300 1.4867 2.7389 5.02 2.64 7.99 122 322 173 176 161 
1.56 2.36 10.55 -3.6200 1.7800 0.8200 -2.4678 1.8233 2.9956 2.97 -2.14 9.09 129 318 178 178 163 
-5.61 -3.91 5.81 -7.6600 0.7900 -2.8100 -1.1589 -0.3822 -0.8667 1.50 -4.94 8.33 129 322 176 178 162 
0.94 -0.08 1.61 -1.9400 5.2500 -6.1100 0.1044 0.0456 -3.8644 4.52 -4.06 7.69 128 317 178 175 164 
10.02 1.31 1.46 4.6500 3.2700 -4.6500 2.4856 -0.6956 -2.0900 6.48 0.17 7.35 132 309 176 181 162 
13.84 6.04 9.23 6.9700 3.3100 3.2300 1.3400 -0.8744 0.4822 7.37 2.68 5.87 130 308 179 178 163 
9.00 3.25 8.00 -0.7500 1.1400 2.6800 -0.0744 0.1767 1.4489 8.23 1.04 5.21 133 309 179 180 166 
6.07 1.15 6.31 -1.8500 1.0000 0.7800 -0.9978 -0.0578 0.1122 8.13 -0.17 5.47 133 310 182 180 166 
;
