6.29 0.33 7.37 2.2000 0.0600 -0.8200 -1.1711 0.6367 1.0178 4.31 0.26 8.80 156 259 251 224 173 
7.11 5.07 13.57 2.3800 1.3000 4.0200 -0.1411 -0.7833 -0.0878 3.96 2.31 8.66 159 269 257 238 177 
6.77 2.07 9.13 2.0400 -0.3700 0.8600 0.0978 -5.0178 0.5000 7.16 2.16 6.33 161 271 269 276 183 
14.94 0.48 2.77 4.9400 0.3200 -0.6700 0.5067 -3.5778 3.8811 9.63 -1.74 0.48 141 218 227 239 176 
7.72 -1.66 -2.21 -0.9100 4.3100 -1.7300 1.1700 -0.1800 3.9678 6.48 -7.35 0.01 145 226 231 239 154 
0.32 -4.81 0.80 -4.2500 3.4800 -0.1000 0.6889 -0.5644 0.6711 4.16 -8.82 1.01 155 232 234 244 160 
2.35 -9.13 1.12 -1.7200 -0.2900 -0.1000 -0.2067 -2.7678 -0.0478 4.18 -8.86 0.05 159 234 234 233 178 
4.63 -8.04 -2.39 -0.3000 0.6400 -1.3900 0.2467 -3.0389 -0.4767 4.33 -8.57 -1.97 159 235 233 238 178 
5.40 -8.03 -3.70 2.7700 0.3200 -0.4800 0.0878 -1.6711 -0.3367 4.06 -8.28 -3.31 161 234 238 243 177 
4.37 -8.39 -2.63 -0.3500 -0.2400 0.3800 -0.1222 0.6456 -0.0311 4.20 -8.27 -3.16 157 235 238 242 178 
4.42 -7.37 -2.24 0.4100 1.3300 1.1400 -0.2856 0.4944 -0.2411 4.59 -8.09 -3.09 159 244 238 248 169 
6.80 -4.67 -0.48 1.6200 3.1900 2.7200 -3.0711 1.0378 0.7178 4.87 -7.07 -4.72 154 252 248 249 176 
1.74 -4.42 -10.97 -2.5500 0.4700 -4.8900 -3.2967 -0.5322 0.3067 4.47 -3.83 -7.83 164 271 250 265 182 
5.04 -2.91 -12.20 1.5900 -0.9700 -4.6000 -0.8244 0.8533 -0.8356 5.01 -1.69 -8.25 156 279 255 280 187 
9.07 -5.04 -12.11 2.5900 -1.2900 -3.6900 2.3600 0.2989 1.9467 5.10 -4.39 -7.12 181 290 271 305 192 
1.01 -4.61 -4.34 -2.7500 2.8200 -0.3600 2.9144 1.0556 0.6222 4.68 -7.77 -3.71 184 329 313 329 135 
1.98 -3.39 -2.50 -2.6400 4.4400 0.0100 0.6033 0.1533 -0.0122 4.70 -8.34 -2.11 186 338 316 337 136 
3.51 -5.43 -1.82 -1.3000 3.3300 0.0300 0.1022 0.2811 -0.2822 5.00 -8.27 -1.64 186 305 309 333 133 
3.64 -5.25 -1.90 -1.9700 2.0800 0.5600 -1.5233 -0.8778 -0.9200 5.78 -7.27 -3.12 177 245 253 241 134 
8.10 -7.50 -6.33 2.8500 -2.0100 -2.0200 -2.3656 -0.7344 -1.3367 6.32 -4.08 -6.28 152 231 209 209 136 
9.52 -5.41 -9.52 2.5100 -1.8300 -2.8400 0.7544 1.2444 -0.0267 7.00 -3.62 -5.83 129 262 209 205 156 
7.91 -5.38 -6.72 -0.4500 -0.5500 -2.5600 1.7833 3.2722 -0.5133 8.80 -4.06 -1.43 121 279 202 190 150 
6.10 -1.50 -0.28 -2.5000 1.4400 -3.8700 3.6722 3.4256 -1.3056 8.08 -1.46 5.34 119 312 191 183 149 
13.50 5.46 6.66 5.6000 3.2400 1.6300 3.2589 1.0222 2.2022 6.84 1.96 6.73 130 327 197 184 156 
5.18 3.73 13.66 -1.6000 2.6500 6.0900 -1.7489 1.3333 2.4267 6.18 -0.73 7.57 134 334 200 186 156 
-0.67 -1.31 4.98 -6.2800 2.1900 -2.2900 -2.3467 -0.9022 -0.1378 6.01 -4.18 6.51 132 338 198 191 156 
3.49 -0.58 -2.47 -2.5800 3.2000 -7.9300 -0.2122 -0.1589 -3.1200 7.74 -2.65 5.40 129 334 201 192 157 
12.04 1.22 2.49 5.8900 0.9900 -1.9300 1.5044 -0.7067 -1.5811 8.52 1.09 4.73 135 327 201 194 163 
14.20 2.44 5.44 6.0500 1.0000 2.0100 1.3333 -0.2222 0.8011 8.96 1.62 3.63 134 319 205 199 166 
7.27 1.14 5.69 -2.6400 0.1800 1.2900 -1.1289 0.1211 1.0311 9.20 -0.40 3.35 130 306 207 200 166 
8.46 -1.46 1.35 -0.3300 -0.6900 -1.8200 -0.2444 0.0456 -0.5422 9.24 -0.56 3.22 136 304 210 201 168 
;
