3.29 6.26 6.74 0.0800 0.0500 -0.1200 -0.0044 -0.0122 0.0078 3.22 6.23 6.85 171 355 365 394 213 
3.32 6.24 6.67 0.1100 0.0300 -0.1800 -0.2656 -0.1367 0.1000 3.37 6.06 6.92 178 298 316 357 211 
15.65 7.56 13.18 9.2200 4.4800 6.8400 -2.4133 -3.3644 4.3711 7.82 1.04 5.81 134 235 211 236 199 
10.78 2.26 1.99 0.5300 7.2200 -1.6400 0.1967 -1.7644 7.2678 6.14 -7.32 2.18 127 236 222 247 199 
-3.73 -1.65 1.91 -5.6600 7.3900 -0.2300 1.0133 -1.8033 2.3378 0.56 -9.36 2.85 129 222 213 228 194 
1.88 -9.24 1.81 0.8600 0.0700 -0.3000 -0.7989 -1.9733 -0.1633 1.30 -9.57 1.65 129 233 222 244 185 
-1.11 -7.56 -8.27 -3.9800 1.5000 -8.4800 -0.2167 -9.1900 -3.5633 4.46 -8.17 -3.05 134 225 224 244 189 
13.01 -5.83 -2.38 6.5100 1.5200 1.2100 0.8233 -0.1689 0.1956 4.85 -7.97 -2.99 142 235 226 242 196 
4.82 -7.37 -3.01 0.5300 1.0400 0.0100 -0.2733 0.7478 -0.2167 5.25 -7.80 -2.75 152 244 237 258 198 
6.46 -2.49 -0.61 -1.4100 4.1400 0.4300 -1.8356 4.2100 -0.9856 6.95 -6.80 -1.19 159 252 233 231 183 
16.65 -2.35 1.19 10.3800 -0.2600 0.2500 -4.6733 10.7678 -1.4511 7.56 -5.00 3.72 182 322 182 192 156 
14.53 -8.10 10.50 8.1900 1.0700 0.7500 -1.9700 7.1000 -1.6678 1.33 -7.00 6.73 191 397 186 204 165 
3.35 -1.79 4.23 2.6700 5.9200 -2.3000 -0.4700 0.1878 -0.4567 0.91 -7.42 6.34 198 402 186 202 168 
8.89 -5.93 3.49 7.9600 0.2600 -1.9600 1.6144 -1.7344 1.2122 1.71 -6.62 7.02 197 398 189 208 168 
-2.01 -14.58 15.89 -3.5600 -6.6000 7.9200 -1.4644 -0.4178 2.0300 0.76 -7.10 6.72 200 393 186 205 170 
-4.91 -3.30 9.95 -4.9100 6.1300 3.7200 -2.6467 1.1167 -0.3300 -0.25 -9.14 3.52 199 392 188 206 169 
-0.90 1.08 0.82 -1.1900 10.9100 -1.9000 -1.3022 1.7578 -2.2122 1.91 -9.58 0.77 195 393 191 206 169 
11.11 -2.76 -0.16 8.9100 5.4700 -1.9700 3.2256 1.0822 -1.4878 4.13 -8.08 3.71 192 381 191 209 169 
13.86 -8.86 13.64 4.6700 -3.7900 6.9200 2.9622 -1.8956 2.6789 3.85 -5.40 7.22 196 394 194 211 170 
-1.96 -4.91 9.79 -6.2500 1.4900 1.9000 -0.0844 -0.8678 0.6400 3.95 -5.96 6.70 194 389 196 214 178 
;
