3.21 5.44 7.80 0.1600 0.3700 0.1700 -0.2411 0.3678 0.1156 3.08 5.03 7.83 136 323 314 372 222 
3.03 7.28 9.83 0.4300 1.8400 1.2300 -1.6744 -2.0356 1.4867 4.69 2.83 8.12 113 280 244 283 203 
8.87 1.49 8.55 2.3700 1.6800 0.9500 -1.0378 -3.1344 4.2789 7.93 -2.08 5.36 106 264 241 273 192 
7.50 -3.82 3.69 -0.6600 2.1500 -0.2900 -0.5622 -0.2800 4.8322 4.95 -7.83 3.19 104 240 231 266 188 
0.10 -6.27 1.89 -1.9100 3.0400 -0.6200 -1.0400 0.0989 2.7567 0.12 -9.58 2.07 105 244 232 270 190 
-2.37 -8.90 1.24 -1.0200 0.3500 -0.1500 -0.1456 -0.5822 0.8189 -1.79 -9.50 1.58 107 255 237 275 191 
-3.24 -8.99 1.02 -0.5400 0.5700 -0.7200 -0.2300 -1.4589 -0.5189 -1.39 -9.57 1.60 107 256 240 277 193 
-0.25 -9.28 -0.56 -0.4200 0.2800 -2.1700 -0.3333 -5.3433 -1.2622 1.14 -9.66 1.18 108 253 241 280 193 
4.20 -8.42 -1.89 0.6800 0.4000 -2.0300 -0.1289 -6.5411 -1.3389 3.32 -9.12 -1.37 109 248 242 276 193 
6.82 -7.43 -3.68 4.0200 0.9500 -0.8300 0.0244 -0.5889 -0.4889 3.86 -8.59 -2.70 110 247 243 278 194 
6.57 -5.83 -0.81 0.8300 3.0700 1.4100 -0.4744 2.6889 -0.8711 5.20 -8.12 -1.74 112 259 252 291 204 
8.62 -3.08 1.38 1.9100 2.1700 0.9000 -2.4733 6.8956 -4.7633 8.37 -4.42 2.54 116 324 314 357 215 
7.03 0.82 6.34 -0.0700 0.5900 -0.3200 0.0422 2.2700 -6.2144 5.88 2.21 7.52 151 356 339 403 216 
;
5.39 7.23 5.94 0.6300 3.0600 -1.7900 1.1100 -1.3433 -2.7689 3.81 5.40 7.23 155 359 345 384 206 
-0.16 4.64 3.50 -3.5600 -1.3800 -3.5600 0.2078 0.3133 0.0811 2.92 6.08 7.11 152 361 352 404 215 
3.30 5.79 6.38 0.0500 0.0000 -0.3000 -0.0622 -0.2611 0.0078 3.46 5.90 7.02 153 358 352 405 217 
5.01 8.41 9.01 1.7700 3.3500 1.9900 -1.0478 0.9900 0.7578 3.28 5.26 7.59 127 313 303 323 223 
6.65 7.20 9.47 1.2500 3.4900 1.8000 -0.4078 -2.4367 4.0967 6.32 1.75 7.28 116 294 282 299 214 
5.43 -2.14 5.58 -1.6600 0.3600 -0.9400 -2.2433 -0.7622 5.0433 6.30 -4.87 5.71 110 245 242 267 201 
1.72 -4.97 2.06 -2.8600 2.9400 -2.5700 -1.5989 0.7533 4.8989 0.24 -9.01 3.86 108 259 252 279 202 
-6.07 -7.39 2.97 -4.1800 1.6200 -0.9000 -0.9344 -1.7644 -0.0622 -1.51 -9.24 2.89 108 260 252 282 200 
-1.72 -10.18 -2.56 2.2100 0.0900 -5.5000 -0.1011 -7.2300 -1.0300 2.36 -9.34 1.81 109 250 253 280 198 
8.19 -8.20 -3.42 8.2000 0.7200 -2.0200 0.8422 -4.4856 -0.2444 3.54 -9.11 -0.70 110 243 253 274 197 
4.93 -7.61 -0.85 1.7500 2.0500 0.0700 0.2189 0.5800 -0.0044 3.35 -9.20 -0.52 111 245 259 280 201 
6.03 -5.44 0.98 3.0500 3.3300 1.3700 -1.7522 4.1511 -1.6189 4.87 -8.50 -0.24 112 280 293 325 213 
6.40 -5.69 1.20 -0.7500 0.5400 -0.1300 -2.0300 6.0222 -5.9411 8.24 -4.01 3.47 124 314 321 360 216 
8.01 2.60 6.10 1.1700 2.2600 0.2300 0.1189 1.3800 -6.0489 5.55 2.96 7.52 136 351 337 400 215 
;
1.92 8.23 2.97 -1.7100 3.6400 -4.6200 7.3822 -6.8733 -1.9933 4.65 6.43 5.75 153 377 354 413 217 
3.24 7.27 8.48 0.0500 1.3000 2.4600 -0.3978 -0.6267 0.1133 4.60 5.97 6.26 157 382 358 419 219 
6.37 8.58 7.35 2.4100 3.2500 0.7000 0.0367 1.7711 -0.1811 3.51 6.00 6.91 171 366 346 407 220 
4.08 9.32 8.78 1.6500 3.4100 2.3200 -2.6800 -2.5622 4.5056 6.77 1.92 6.82 129 306 294 299 205 
6.63 -3.22 4.06 -0.5700 1.2700 -1.8800 -1.8433 -0.0300 5.9111 5.51 -6.66 4.62 104 311 268 284 195 
-0.49 -5.07 1.75 -2.8300 4.0500 -1.7500 -1.2789 -0.4278 4.3944 -1.65 -9.20 2.94 102 298 264 289 191 
-4.03 -6.86 3.23 -0.8000 1.6000 0.3000 -0.7067 -1.1789 -0.0300 -2.72 -9.07 2.53 104 289 261 286 187 
-4.08 -9.30 0.49 -1.6900 -0.0400 -2.0900 -1.0489 -5.6322 -0.9600 -0.47 -9.58 2.03 104 282 259 286 187 
1.85 -10.15 -3.22 -0.6000 0.0700 -3.9800 -1.0011 -7.5867 -1.0789 2.13 -9.53 -0.84 106 265 258 277 185 
6.02 -7.56 -4.79 3.4800 1.5500 -2.4300 0.0711 -1.4367 -0.9300 2.68 -9.09 -2.49 107 259 263 282 186 
4.21 -7.64 -2.32 1.9900 1.3400 0.1400 -0.2078 0.6867 0.2756 2.72 -9.12 -2.32 108 261 272 293 196 
5.31 -5.22 0.25 1.0400 3.9400 1.8900 -1.5344 4.4833 -1.6722 5.02 -8.25 -1.68 120 288 304 330 209 
9.15 -5.36 0.00 1.1600 -0.0100 -0.0500 -2.4411 7.3378 -5.6256 8.79 -3.15 2.97 125 329 332 384 215 
5.77 2.05 7.17 -0.6200 0.2800 -0.1200 0.2600 1.7322 -4.7778 4.80 3.47 7.80 127 376 350 413 212 
;
0.46 9.05 1.39 -3.2400 2.9800 -5.2600 7.6367 -4.5533 -1.9033 3.74 6.35 6.46 118 376 359 417 215 
7.48 8.84 12.11 2.0700 0.9700 2.1800 -0.5011 -0.4511 0.1233 4.00 6.04 6.60 119 379 361 420 215 
5.02 8.77 8.47 -0.6600 3.3700 1.5700 -0.6622 -0.2933 0.7022 4.31 5.58 6.80 117 333 335 387 223 
9.00 6.81 9.15 4.3100 2.6700 2.4600 -1.6033 -1.7944 4.4078 7.50 0.90 6.24 112 280 297 326 219 
5.10 -2.68 4.01 -1.6500 2.2000 -1.1300 -1.8978 -0.8067 7.6533 4.65 -7.54 4.18 108 279 279 309 214 
-4.36 -5.09 2.55 -5.0000 3.8800 -0.7400 -0.4900 -0.4467 2.5111 -1.15 -9.24 3.07 107 266 258 290 207 
-2.43 -7.77 2.80 -0.9200 0.8700 -0.1400 -0.7533 -1.3233 -0.3167 -1.11 -9.46 2.29 108 270 260 294 207 
2.45 -9.97 -1.64 0.7400 -0.0100 -2.7500 -0.8444 -7.6867 -1.2600 1.76 -9.63 0.40 109 269 261 299 208 
3.16 -8.76 -3.35 0.8600 0.6700 -3.1700 0.3567 -5.9722 -1.5889 3.39 -9.01 -1.82 110 260 261 294 207 
7.75 -7.63 -2.75 3.0400 1.1400 0.0100 0.4122 -0.6833 0.2378 3.05 -8.98 -2.47 111 256 260 289 206 
5.02 -6.41 -1.18 2.2100 3.2400 1.6400 -0.4333 1.5978 0.0089 3.12 -9.03 -2.18 112 267 287 320 216 
7.42 -6.37 -0.77 1.1000 3.4700 0.7200 -2.2389 8.0078 -3.3556 6.85 -6.99 0.58 117 308 325 364 218 
4.96 -4.24 3.79 -2.8200 -1.1000 -0.9500 0.9067 4.5133 -7.6356 6.73 0.77 7.08 145 359 343 413 216 
;
6.15 8.18 6.62 2.2200 4.4000 -1.5300 1.1678 1.1689 -3.3900 3.00 5.15 7.78 126 387 352 414 209 
4.36 4.77 2.38 -2.7000 -1.7700 -3.8200 0.4367 0.2022 -0.1322 3.92 6.65 6.04 134 390 362 424 215 
3.47 6.21 6.52 -0.2300 -0.0300 0.3600 -0.0867 -0.3544 0.0789 4.31 6.37 6.07 141 386 363 425 217 
6.07 9.37 8.70 1.3700 3.9000 2.0600 -1.8467 0.3911 0.7300 4.38 5.12 7.12 140 321 318 327 220 
12.01 4.36 7.89 4.6200 2.1500 1.1000 -0.7633 -3.1578 5.1878 8.49 -0.48 4.87 111 261 260 277 205 
7.65 -2.34 3.17 -0.7900 3.2400 -0.4700 -0.2344 0.0967 5.8600 5.30 -7.61 3.15 108 260 255 278 201 
-1.90 -5.86 2.79 -4.2800 3.0900 -0.3700 -0.1644 0.2367 3.4333 -0.91 -9.20 3.26 109 271 264 291 204 
-2.85 -7.59 3.02 -1.4400 1.2300 -0.1700 -0.6422 -1.1456 0.0244 -1.68 -9.21 2.90 109 273 266 292 203 
-1.02 -9.64 -0.55 -2.4400 -0.5400 -3.9800 -0.8767 -6.7378 -0.6533 0.88 -9.60 1.77 110 268 269 289 202 
5.82 -9.42 -4.59 3.3100 0.2700 -3.5500 -0.1144 -3.7389 -0.8344 2.18 -9.51 -0.94 111 260 269 288 203 
5.10 -8.37 -2.44 3.1400 0.7700 -0.5400 -0.0567 0.0400 -0.3622 3.10 -9.20 -1.36 112 255 269 287 203 
5.61 -6.64 -0.67 1.9700 2.4300 0.8300 -0.7833 2.4289 -0.5233 3.82 -8.95 -1.17 113 270 288 305 212 
6.70 -5.92 -0.74 0.1600 3.3100 -0.5600 -1.8411 6.8922 -2.9344 6.33 -7.43 0.90 118 311 318 347 215 
7.57 -3.75 2.89 1.4800 1.1700 -1.7500 -1.3611 7.3900 -5.6211 6.77 -3.15 6.35 146 325 329 369 216 
;
4.64 2.22 7.87 2.0000 2.1100 -0.3400 3.0489 1.0122 -5.1333 3.23 3.88 8.40 182 378 348 409 214 
9.81 14.92 9.45 0.4700 4.0300 3.4000 -1.6389 0.0322 0.1544 3.12 6.08 7.02 175 378 357 419 220 
4.46 6.62 8.46 0.2800 0.7300 1.5900 -1.5922 -0.4167 0.4700 3.78 5.22 7.38 173 343 345 392 223 
9.89 8.73 8.62 3.2800 4.2600 0.6200 -1.8511 -4.7467 4.7411 8.26 -0.30 5.27 119 315 318 348 221 
7.32 -3.41 2.70 -0.1800 2.3600 -0.2500 0.5556 -0.1467 5.7067 5.67 -7.61 2.43 103 277 264 286 211 
-1.40 -5.14 2.87 -3.3500 4.0500 0.0700 0.5189 0.8789 3.3967 -0.17 -9.07 3.70 105 286 267 296 211 
-3.55 -7.68 3.99 -1.9100 0.8600 0.1400 -0.3100 -0.6922 -0.1867 -1.22 -9.05 3.56 107 288 273 299 212 
-0.22 -9.61 0.52 -0.1500 -0.4300 -2.5500 -0.3356 -4.3478 -0.0678 0.57 -9.34 2.90 108 277 270 294 212 
0.69 -7.89 -3.41 1.2800 1.1000 -4.5100 -0.8667 -9.2122 -0.6111 2.95 -9.32 -0.65 109 252 270 290 212 
7.42 -8.19 -4.91 3.8100 1.0200 -2.0500 0.1200 -0.1356 0.1222 2.92 -9.12 -2.07 110 254 269 291 213 
4.31 -6.56 -1.94 0.8900 2.9900 -0.0400 -0.0156 2.3911 -0.6956 3.60 -9.01 -1.40 109 278 294 320 217 
5.76 -3.63 1.18 -0.8100 2.6200 0.2600 -2.9722 8.0444 -4.7467 7.23 -6.17 2.36 112 318 327 365 218 
3.22 -3.69 6.85 -2.6800 -1.8000 0.5700 0.3822 3.2322 -7.0889 5.40 0.94 8.12 120 363 343 415 214 
2.64 5.28 3.84 -0.8300 1.5200 -5.6200 0.9322 -1.2922 -1.7967 3.44 5.06 7.66 108 387 359 420 215 
;
