1.84 5.10 8.11 0.0400 0.0900 -0.0500 0.0067 0.0111 0.0000 1.76 5.04 8.22 171 319 307 357 183 
1.96 5.17 8.10 -0.0200 0.1500 -0.0700 -0.0733 -0.1156 0.0444 1.88 5.00 8.21 171 317 305 353 183 
2.02 4.91 8.16 0.0300 0.1000 -0.1100 -0.1433 -0.2156 0.0811 2.14 4.82 8.26 170 313 303 341 184 
1.50 4.80 10.14 -1.8100 -0.5900 1.7200 -1.0044 -2.8011 0.6744 4.69 3.84 7.70 172 301 301 328 194 
8.85 3.65 8.35 2.8500 0.9400 2.5000 -1.6489 -2.3911 0.2889 7.97 2.26 5.23 168 294 299 318 199 
14.34 3.41 2.77 4.1700 2.8100 -1.9300 -1.0989 -0.4033 3.0078 8.88 -1.65 3.80 160 287 296 312 198 
9.31 -1.65 1.61 0.5400 3.3900 -1.2900 -0.4244 -0.5256 4.5167 6.33 -6.96 2.73 127 272 268 288 200 
0.89 -4.12 2.02 -2.3700 4.7200 -0.6800 0.3278 -0.6889 3.6100 1.28 -9.29 2.86 115 275 274 294 202 
-3.57 -7.46 4.87 -2.2300 0.8700 2.7700 -0.6189 -0.8222 0.0256 -0.37 -9.39 2.76 121 266 272 295 202 
0.87 -9.99 2.88 0.5100 -0.3200 0.5400 -0.2222 -0.4744 0.1578 -0.06 -9.54 2.24 125 269 277 294 202 
-1.02 -9.24 1.90 -1.2700 0.0900 -0.4400 -1.0122 -3.0789 -0.6411 0.95 -9.70 1.05 121 268 274 287 200 
0.76 -9.52 -1.99 -0.8800 0.1600 -1.7500 -0.7200 -3.9067 -1.0689 2.13 -9.51 -1.06 115 261 268 282 199 
4.40 -7.10 -5.10 1.8300 1.3600 -2.5300 -0.1222 -3.1411 -1.6433 3.16 -8.60 -3.46 117 254 263 278 197 
6.14 -7.80 -4.27 3.2100 0.5800 -0.2300 0.4322 -0.7389 -0.4411 3.37 -8.37 -3.82 121 255 268 280 197 
3.94 -8.24 -3.24 0.2900 0.0800 0.4900 -0.2089 0.5411 -0.0133 3.73 -8.23 -3.78 127 253 269 279 194 
4.99 -7.20 -3.11 1.4100 2.1500 1.2500 -0.1189 1.2656 -0.1089 4.27 -8.09 -3.50 149 266 276 293 200 
5.51 -4.09 -2.77 1.2600 2.3600 -0.7000 -0.1511 0.8844 -0.2567 5.34 -7.73 -2.78 172 279 287 315 208 
6.26 -7.89 -4.42 0.3600 -1.4200 -1.9500 -3.4067 1.0300 1.7878 4.46 -7.27 -4.82 189 304 313 367 214 
2.49 -9.54 -6.80 -1.6700 -2.2500 -0.8600 1.0544 1.0522 0.6622 4.19 -7.36 -4.93 198 356 326 401 210 
2.90 -6.77 -5.22 -0.9000 0.5600 -0.2900 -0.5511 -0.2900 0.4256 3.71 -7.44 -5.18 198 368 337 424 209 
2.77 -4.69 -5.38 -0.5900 0.8000 0.9800 -2.0000 -1.5722 0.5067 2.52 -5.26 -7.87 193 336 338 401 215 
1.73 -3.16 -9.07 -0.2000 0.4900 -0.5900 -0.6978 -0.1811 0.4278 1.69 -3.59 -8.96 188 324 331 399 215 
1.95 -3.24 -9.48 0.3400 -0.0500 -0.4100 -0.1378 0.0111 0.2067 1.54 -3.30 -9.10 190 332 336 400 217 
;
