-0.09 -0.57 9.77 -0.0200 0.1200 0.0000 -0.0011 0.0022 -0.0033 -0.07 -0.68 9.78 160 324 345 380 214 
-0.08 -0.54 9.75 -0.0300 0.0300 0.2600 -0.0111 -0.0167 0.0033 -0.07 -0.68 9.78 158 325 344 380 214 
-0.13 -0.56 9.72 0.0100 0.1600 0.0700 -0.0722 -0.1156 0.0011 0.00 -0.71 9.78 159 316 343 369 214 
-0.26 0.73 13.34 -1.6400 1.3100 2.1300 -3.6844 -0.6389 -1.2578 1.14 -3.46 9.10 162 230 222 216 195 
8.38 -5.75 2.89 3.6000 -0.1600 -3.7000 -0.0367 -8.3189 1.0678 6.85 -5.94 3.72 129 198 190 194 171 
6.41 -6.72 2.39 0.1300 1.8400 2.5600 1.1067 -3.5289 3.8733 4.20 -8.85 -0.12 128 211 202 210 173 
-0.72 -6.12 4.73 -2.9500 2.8000 5.5900 -0.5411 -1.6433 0.0711 1.89 -9.61 -0.37 128 196 196 209 173 
1.68 -9.91 -0.32 -0.7200 -0.2100 0.2400 -0.2689 -2.0733 -0.8211 2.49 -9.39 -1.31 128 203 192 210 175 
0.38 -7.83 -4.75 -1.4900 1.8800 -2.1300 0.4833 -5.6122 -3.1856 4.20 -8.19 -3.36 131 207 198 214 176 
9.52 -4.84 -6.49 4.7900 2.5000 -1.1500 0.8156 -1.4567 -0.9044 4.55 -7.17 -4.88 137 210 201 220 180 
3.83 -6.13 -4.99 -0.4500 0.7600 0.1100 -0.3667 0.4222 -0.2822 4.91 -6.87 -4.97 151 214 217 223 186 
8.45 -6.80 -4.04 2.5000 -0.5700 0.6200 -0.5956 2.5411 -1.4867 7.03 -5.64 -3.84 164 221 218 205 181 
9.93 -8.15 -5.11 2.8000 -1.4500 -4.5100 1.7011 2.3178 -1.5244 8.99 -3.88 -0.38 116 350 167 185 167 
6.70 -0.05 -0.63 -3.2400 2.9600 -1.3800 1.5033 1.2167 -0.1056 8.89 -2.53 3.25 100 363 153 184 169 
8.08 -0.38 4.77 -0.2400 1.5900 0.7800 1.0067 0.5633 -0.1289 8.58 -1.60 4.45 98 364 164 188 170 
8.52 0.11 5.45 0.1200 2.0300 -0.6800 -0.2322 0.3578 -0.2444 8.38 -1.49 4.86 102 379 164 192 172 
8.99 -0.82 3.52 0.4800 0.9000 -1.7700 -1.3922 0.4744 -0.4956 8.07 -1.84 5.25 104 394 187 195 178 
8.34 -2.08 4.45 -0.4700 -0.9300 -1.2600 -1.4333 0.6344 -0.3811 7.53 -2.47 5.76 106 407 189 201 185 
6.71 -3.66 8.15 0.2500 -0.3000 2.2400 -0.5778 0.0311 -0.2078 7.47 -2.79 5.70 107 406 200 202 185 
4.61 0.09 5.52 -4.1600 3.8500 0.4200 -1.5933 -1.0633 0.2033 7.89 -3.76 4.43 109 402 198 204 187 
6.32 -1.17 2.83 -0.4400 2.9000 -1.6100 -4.3578 2.0900 -2.2078 8.23 -4.25 3.19 122 338 212 215 192 
;
