8.62 3.43 3.28 -0.0200 -0.1100 0.2000 -0.0144 0.0322 0.0400 8.62 3.49 3.09 169 282 300 300 210 
9.03 3.47 2.98 0.6700 0.1000 0.0400 -0.0900 -0.0967 0.1378 8.69 3.38 3.02 168 282 294 290 207 
14.91 4.15 3.13 7.3500 1.5900 0.9400 -1.2622 -2.2311 2.3033 9.48 1.25 2.17 122 258 266 265 202 
11.74 -1.76 0.60 1.1800 1.4400 0.5200 0.3789 -1.2333 5.2000 8.38 -5.08 -0.03 130 267 275 275 196 
-0.22 -2.93 -0.33 -5.3500 5.4800 -0.9100 0.4833 -0.8833 3.2778 2.86 -9.36 0.45 140 266 280 281 196 
-1.88 -6.90 3.22 -3.5500 2.4700 2.9300 -0.7678 -1.9789 -0.3544 1.74 -9.64 0.16 140 248 271 273 194 
-0.85 -9.44 -3.13 -3.5400 -0.0100 -1.5900 -0.6844 -5.2278 -2.3378 3.25 -8.84 -2.70 142 248 270 268 193 
8.28 -6.32 -10.37 5.3900 1.0900 -4.1500 1.5244 -2.3144 -1.3544 3.21 -7.75 -5.07 147 238 260 257 191 
3.50 -6.25 -5.14 0.4400 1.5000 0.0100 -0.4022 0.1367 0.1211 3.06 -7.65 -5.30 150 243 269 266 196 
5.11 -4.48 -3.36 0.3100 3.1100 1.3000 -0.4756 3.1244 -1.7000 6.21 -6.54 -3.82 157 249 263 260 198 
8.49 -5.96 -4.54 1.9100 -1.2000 -1.3800 -0.9878 -0.7322 -1.2811 8.32 -3.82 -3.49 160 244 259 256 198 
10.00 -5.88 -2.47 1.0600 -3.0200 -0.0600 0.1911 5.1600 -0.8022 9.28 -3.14 -0.03 175 177 167 199 160 
-5.60 0.89 4.32 -6.4600 2.6600 -0.3300 2.5300 4.2000 3.0567 -2.39 -0.88 9.46 193 171 187 196 158 
-5.61 0.44 9.37 -0.9800 0.6200 1.1000 -0.4500 0.0622 -0.2944 -4.13 -0.73 8.86 194 176 192 200 160 
-4.69 -0.87 7.45 -0.2800 1.0800 -2.2300 -0.7344 -3.6833 -2.0411 -0.63 -2.29 9.51 192 192 205 210 169 
5.13 1.77 4.05 -0.9300 3.9000 -2.6000 -0.4433 -5.3733 -3.7611 8.26 -0.30 5.26 187 228 238 237 192 
;
10.64 1.67 5.33 3.9800 0.2900 -0.2200 -3.0011 3.9167 -4.0733 6.14 2.34 7.27 183 296 286 357 201 
0.21 2.46 5.44 -0.9700 0.6000 0.1700 2.4967 1.1767 -0.9733 0.52 4.55 8.66 180 354 349 423 206 
1.32 4.25 6.91 0.6900 0.3000 -0.2900 0.1111 0.2011 0.0100 1.15 4.47 8.65 177 348 352 424 207 
1.99 4.30 8.93 0.5700 -0.1100 0.2800 0.0044 -0.3111 0.0433 1.55 4.42 8.61 175 343 353 423 208 
1.32 6.08 14.28 2.4600 3.2400 7.0400 -2.3800 -4.3467 1.1944 4.93 2.93 7.95 157 268 249 274 207 
13.65 -0.35 2.82 3.7600 1.6600 -0.9700 0.2989 -4.3889 5.7456 8.90 -4.00 0.88 149 259 246 274 202 
1.25 -1.36 0.22 -5.0600 6.4100 0.4800 1.2267 -1.5133 3.9922 3.52 -9.13 0.49 162 270 257 287 204 
-0.19 -5.96 4.55 -2.1000 1.6900 2.8200 -0.7367 -1.5089 -0.2833 2.43 -9.50 0.06 160 263 249 279 204 
-0.07 -9.52 -1.22 -2.6100 0.2400 0.0100 -0.9733 -3.8011 -1.5889 3.19 -8.93 -2.46 163 267 252 282 204 
7.08 -6.86 -8.73 5.0200 0.7300 -2.5500 0.8122 -3.0856 -1.2700 3.01 -7.93 -4.90 164 264 253 285 201 
4.96 -6.47 -2.94 2.3500 1.3900 1.6200 -0.1478 -0.0478 0.0622 2.95 -7.94 -4.93 166 264 260 289 202 
7.74 -4.35 -3.49 1.9000 3.0000 -0.2900 -0.2733 7.6367 -0.0778 5.47 -7.81 -2.26 170 234 233 253 195 
4.37 -6.46 1.42 0.4900 -1.0900 -1.1300 2.6078 3.8589 -2.1833 6.04 -4.90 5.96 185 199 199 217 174 
-2.48 -3.67 8.88 -2.9000 -0.1200 -2.0100 2.8044 4.3967 1.7222 -2.72 -1.17 9.34 194 176 192 203 164 
-7.14 0.19 11.83 -1.3700 0.0200 2.0100 -0.5400 0.3500 -0.7200 -4.54 0.39 8.68 196 179 191 205 164 
-4.05 1.74 8.41 -0.1100 0.0700 -2.8900 -0.0033 -2.6978 -1.9533 -2.78 -0.20 9.40 195 189 202 212 170 
;
