2.84 7.07 6.16 -0.2000 0.0600 0.0000 0.0067 -0.0178 0.0011 3.06 6.99 6.15 164 225 202 225 162 
1.90 8.31 9.10 -0.5300 3.2900 4.1400 -1.4889 -2.2611 1.2867 5.03 5.99 5.90 162 206 201 215 164 
14.63 4.41 5.27 5.5800 2.7900 0.4800 -3.4356 -2.0111 4.8011 9.17 -1.14 3.26 162 214 205 212 168 
3.18 -1.94 -0.78 -3.7600 3.9100 -2.6000 -0.9367 -0.6967 4.7333 5.42 -8.09 1.09 158 217 231 234 176 
1.21 -5.86 2.67 -1.9000 3.1400 3.0800 -0.3989 -0.3078 0.4122 3.17 -9.24 0.81 160 210 224 226 174 
0.77 -9.40 0.26 -3.1500 -0.4600 -0.7600 -0.9011 -2.9822 -0.7489 3.40 -9.08 -1.39 159 210 220 228 167 
4.07 -7.60 -6.74 1.4100 1.7600 -3.0300 0.4222 -5.4722 -2.5733 3.45 -7.94 -4.59 161 205 219 221 169 
8.97 -5.86 -2.51 6.3300 1.4500 3.0400 -0.0322 0.3000 0.0256 3.40 -7.92 -4.67 159 204 217 219 166 
4.36 -7.62 -4.01 1.5800 0.5500 1.1200 -0.0478 0.8500 -0.0867 3.88 -7.83 -4.43 161 207 224 227 173 
9.66 -7.43 -1.91 6.9500 -0.4800 0.9200 0.7089 -0.0600 1.0467 3.65 -8.43 -3.40 120 275 171 173 135 
-0.74 -9.02 -1.64 -5.1100 -0.6000 -1.7000 1.7622 1.6589 0.7733 1.94 -9.51 1.34 105 297 176 170 133 
1.59 -9.80 -0.27 1.4400 -0.4800 -2.1600 1.0544 0.3678 -0.4544 2.27 -9.10 2.86 110 299 172 173 135 
3.57 -10.46 0.59 1.1500 -1.5000 -4.1600 3.1278 0.8467 -0.0256 1.80 -7.60 5.92 110 299 181 177 136 
0.39 2.26 10.73 -1.6100 8.2200 4.5400 1.9700 1.0989 -0.5400 0.87 -4.07 8.87 122 308 180 180 139 
0.05 -0.23 9.74 -0.4900 4.9600 1.7000 -2.9500 -0.3811 -0.5956 1.40 -6.65 7.06 116 303 184 179 139 
4.38 -7.55 2.41 0.6800 -1.5200 -4.3700 -2.8900 0.3022 -0.7589 2.27 -9.13 2.74 113 285 183 183 140 
3.39 -11.12 1.70 1.1300 -1.4900 0.0600 -0.0044 0.4767 -0.0311 2.36 -9.29 2.04 118 284 183 183 142 
3.69 -7.75 3.91 1.4700 0.8700 1.6400 -1.6700 2.3067 -0.5433 2.45 -9.40 1.29 147 241 206 199 158 
-0.51 -12.31 0.15 -0.5900 -1.3900 -0.6700 1.5233 0.0700 -0.7689 3.11 -9.03 2.20 167 285 310 329 188 
4.35 -6.75 4.82 1.4400 2.2100 0.7700 -0.2100 1.8944 0.2711 2.39 -8.75 3.70 171 311 317 348 191 
-3.10 -6.64 -6.05 -4.6800 2.3000 -12.2600 3.7522 -0.3800 -1.7144 2.89 -7.50 5.61 173 320 324 349 189 
13.33 8.00 30.15 4.0300 9.8600 29.1300 -0.1411 -0.7089 -0.1222 5.35 -1.55 8.06 172 324 324 344 192 
6.41 -0.08 5.02 2.1000 5.3000 -3.7400 -5.3144 1.6233 2.3389 2.82 -7.98 4.94 173 330 324 344 183 
-4.40 -8.91 -12.01 -5.3400 1.2800 -14.3600 3.3633 -0.4456 -0.9422 1.51 -8.69 4.28 169 332 325 347 193 
13.46 8.37 19.33 10.0600 11.9800 14.2600 3.6589 -1.2367 -1.5278 5.71 -1.68 7.79 174 327 321 344 193 
5.39 -0.54 5.72 -1.5800 4.0000 -1.8900 -4.9856 -0.3800 2.4133 4.99 -6.79 4.99 174 312 312 319 191 
-0.25 -6.47 -3.93 -4.3800 1.6800 -5.9400 -0.4922 -2.1811 0.3167 3.79 -8.88 1.67 178 287 305 296 190 
2.79 -5.31 -0.70 -2.8600 2.6300 -1.5500 -0.2711 -2.3111 -3.8367 6.84 -6.99 -0.62 171 237 222 213 165 
;
