0.96 0.74 9.63 -0.0100 -0.0800 -0.0800 -0.0033 0.0111 0.0000 0.96 0.81 9.72 170 350 321 320 197 
0.91 0.74 9.65 -0.0500 -0.0900 -0.0400 -0.0022 0.0267 -0.0044 0.95 0.81 9.72 164 350 323 321 192 
0.86 0.73 9.84 -0.1000 0.0200 -0.0200 -1.2700 -0.7556 0.1200 1.35 0.10 9.71 166 268 264 255 193 
10.34 -5.52 13.70 7.2000 -2.5600 5.5200 -0.7611 -4.1589 0.8533 5.81 -3.75 6.94 136 181 156 169 181 
10.09 0.36 4.68 1.9700 5.4400 1.9700 -0.6911 -5.2633 4.9711 5.51 -8.03 1.11 114 181 161 164 179 
-7.16 -5.61 0.34 -7.0400 3.7100 0.5700 0.0278 -1.9756 0.6767 1.18 -9.73 -0.10 122 190 169 185 183 
0.02 -9.50 -2.63 -2.3800 0.2300 -2.7300 -0.5400 -4.2411 -2.1367 2.89 -9.19 -1.80 129 189 164 186 179 
8.00 -4.61 -7.72 6.6900 4.9000 -2.2200 1.0744 -3.3222 -2.1178 4.26 -7.86 -4.00 137 191 166 188 176 
6.86 -6.73 -2.51 1.4300 0.9200 1.5400 -0.2011 0.4256 0.1489 4.34 -8.02 -3.58 146 192 175 191 182 
6.81 -5.71 -1.60 3.3700 3.5000 2.9400 -0.9656 2.8422 0.3311 4.93 -7.81 -3.26 153 204 181 202 186 
10.90 -6.46 -7.24 4.9700 -0.7300 -6.3500 -2.7633 6.8744 2.2644 4.62 -8.57 -1.10 133 198 181 196 188 
2.82 -7.02 -5.28 -0.3100 2.6800 -4.2100 0.2456 1.1178 3.1156 0.75 -9.76 -0.43 140 202 183 204 185 
-2.60 -7.70 4.25 -1.7500 1.2100 3.8800 -0.5500 -1.7933 -0.8367 0.21 -9.80 -0.20 146 187 178 209 184 
-2.86 -10.95 -0.57 -3.0600 -0.7600 -0.2300 -0.4500 -3.9133 -1.5911 1.04 -9.67 -1.24 140 199 181 197 178 
4.16 -7.16 -6.03 1.3800 1.6200 -4.2000 0.3989 -5.1267 -3.2744 3.83 -8.41 -3.25 139 200 177 204 179 
8.38 -6.16 -1.91 3.6700 1.9600 2.0700 0.1600 0.4511 -0.3044 4.67 -8.07 -3.02 144 197 183 205 173 
8.55 -5.30 -0.08 2.9700 1.9200 3.8000 0.6578 4.1533 -0.9600 6.04 -7.59 -1.35 147 225 186 194 170 
3.69 -0.96 4.89 -4.5700 2.8400 2.5600 -0.3833 -0.1844 -5.2978 9.44 -2.11 1.57 139 253 165 161 146 
15.23 2.09 -5.85 6.1200 0.5700 -8.6200 0.6256 1.5533 -2.2489 8.92 2.56 3.15 126 275 165 171 151 
17.62 8.14 2.84 9.9000 5.4200 1.4300 3.5689 1.7811 1.8456 8.24 3.86 3.63 137 296 166 172 155 
5.41 7.85 9.92 -4.1300 6.2500 3.8800 -2.3344 3.0667 3.1278 7.38 -0.91 6.38 139 295 173 179 153 
-2.83 -0.10 4.08 -7.5000 4.7100 -3.2900 -2.7189 -0.4544 -1.5589 6.86 -4.25 5.56 140 298 172 179 153 
6.78 0.83 -3.41 -0.8800 3.0000 -8.3700 0.3256 0.7111 -4.1300 8.28 -0.39 5.23 138 296 174 179 154 
14.34 4.79 2.88 6.0800 2.0100 -0.8700 2.4744 -0.5333 -0.2378 8.26 3.14 4.23 138 291 177 181 151 
9.81 6.49 7.83 0.1100 2.5100 3.8800 0.4767 0.5100 1.4467 8.38 2.91 4.16 137 287 170 183 155 
;
