-0.99 1.40 9.57 -0.0300 -0.1200 -0.1100 -0.0022 -0.0022 0.0022 -0.90 1.50 9.64 165 287 271 300 200 
-0.98 1.43 9.62 -0.0300 -0.1200 -0.1300 0.0044 0.0000 0.0044 -0.91 1.50 9.64 161 286 275 298 199 
-0.99 1.48 9.83 -0.0700 -0.0700 0.2800 1.1000 0.7911 -0.1878 -1.39 2.02 9.49 143 306 285 299 203 
-1.69 8.74 9.63 -0.0700 1.6400 -0.5300 -1.8967 -2.6678 1.7033 -0.04 3.09 9.30 158 243 179 210 204 
4.97 -0.88 8.17 0.0000 1.2500 -1.5600 -4.6400 -6.1189 6.8456 5.27 -6.00 5.68 131 166 139 168 197 
-1.47 -5.48 1.47 -4.8600 3.4500 -0.0100 -0.2344 -1.0222 2.0178 2.08 -9.43 1.68 108 172 148 173 193 
0.89 -9.46 2.42 -1.3500 -0.5500 0.2300 -0.5089 -1.7767 -0.7044 2.20 -9.53 0.56 109 169 164 183 189 
6.55 -8.38 -6.16 2.3700 1.1600 -4.3300 1.4278 -6.9667 -3.2422 4.87 -7.84 -3.29 112 172 168 182 187 
7.22 -5.86 -3.15 2.5100 1.5200 0.9800 0.5211 -0.6389 -0.4144 5.09 -7.62 -3.46 112 178 167 190 188 
5.96 -4.76 -1.70 -0.0400 3.5900 1.8900 -0.4356 1.7011 -0.5744 6.15 -7.14 -2.69 128 182 174 178 184 
13.80 -9.08 -2.92 6.3400 -3.7700 -6.2200 1.1878 17.7178 -1.6611 2.89 -4.66 8.12 179 161 138 144 144 
-1.57 -0.28 9.55 -4.6400 0.9700 0.2600 0.1678 1.1311 1.7656 -5.45 -2.01 7.89 183 152 139 149 152 
-8.86 1.74 15.77 -1.7900 2.3800 8.7600 0.1978 -0.4533 -0.8111 -5.85 -0.64 7.83 182 156 140 157 156 
-6.14 -0.90 9.79 -2.4600 1.0700 2.3100 -0.6578 -4.4144 -0.7211 -2.32 -1.87 9.34 184 185 142 165 168 
5.43 -1.84 7.87 2.5200 2.5500 0.0000 -5.0600 -5.5356 1.4644 5.04 -6.49 5.34 149 219 180 207 196 
2.67 -7.12 -2.60 -2.1400 0.9900 -4.1700 -2.1311 -1.2700 3.0489 2.18 -9.53 -0.63 143 216 186 205 189 
-1.97 -8.89 0.73 -3.9000 0.9600 1.5200 0.6533 -1.3900 -0.6733 1.44 -9.68 -0.50 124 200 182 204 180 
2.81 -7.73 -8.12 0.0700 0.8700 -6.1300 1.2133 -9.3411 -3.0300 3.36 -8.81 -2.69 125 196 188 203 175 
8.15 -7.00 -2.75 4.7100 1.6300 1.1900 -0.2133 0.3978 -0.0044 3.28 -8.52 -3.57 128 202 187 207 179 
11.24 -3.56 -0.04 7.1100 4.2700 2.7900 -3.8356 13.3711 0.3489 5.99 -7.63 -1.41 169 217 209 221 192 
6.35 -5.74 4.82 0.4500 0.6600 0.9400 -0.2967 9.0000 -2.4678 4.26 -6.00 6.47 174 236 212 231 196 
;
