4.02 6.48 6.17 0.0600 -0.0100 0.0000 -0.0011 0.0067 0.0022 3.99 6.51 6.15 179 355 360 403 215 
4.02 6.50 6.17 0.0100 -0.0100 -0.0300 -0.0089 -0.0078 0.0033 3.99 6.51 6.15 178 352 364 401 214 
5.46 7.94 9.55 3.3600 1.8100 3.6500 -3.7133 0.6344 0.5656 4.01 4.62 7.65 166 257 226 236 207 
13.67 3.20 11.19 5.8700 3.2300 4.3200 -1.3200 -4.1833 4.8933 8.35 -1.32 4.96 142 237 219 244 203 
5.55 0.99 1.51 -2.3800 7.5800 -1.1200 -0.3178 -1.8367 6.2678 4.66 -8.46 1.64 142 243 226 238 199 
-3.65 -4.81 1.84 -5.4300 3.7600 1.1400 0.2333 -0.8789 1.2178 0.47 -9.69 1.42 136 230 216 228 195 
1.12 -10.15 0.35 -2.0000 -0.6400 -0.3300 -0.5811 -3.1189 -0.8989 1.57 -9.67 -0.02 133 236 211 233 174 
0.72 -6.13 -13.21 4.8000 5.3800 -8.4200 0.3189 -7.6211 -3.5367 3.60 -7.93 -4.48 133 224 208 231 183 
7.18 -6.50 -1.85 3.1500 1.9800 2.4000 0.2867 0.7300 0.0789 3.76 -8.35 -3.48 149 233 222 234 189 
11.34 -2.79 -1.53 7.5000 5.2900 1.9700 -2.7989 4.6800 0.2500 5.01 -7.61 -3.62 164 264 244 276 204 
22.74 -2.35 -11.92 14.4000 6.4000 -11.2300 -6.4756 15.5622 4.9778 3.56 -9.12 0.46 182 318 316 369 209 
1.11 -3.52 -11.16 0.3500 4.5100 -7.0000 -2.0622 0.6267 1.3967 -0.36 -8.71 -4.47 172 324 323 364 212 
-2.72 -6.74 -10.57 -2.2100 2.8700 -6.3200 5.0256 0.1778 -0.7156 0.36 -9.79 -0.33 170 317 323 365 211 
9.97 -1.59 25.45 4.7600 2.7900 12.0800 -3.8433 -1.3433 -0.4133 1.69 -9.56 1.34 173 318 313 344 211 
-0.84 -7.58 -11.18 -4.3300 1.3300 -11.2200 -1.7167 -0.7400 0.2233 0.89 -8.94 -3.92 173 313 320 353 213 
-1.92 -8.68 -2.84 -2.7900 2.6600 3.8300 5.8678 1.9122 -1.2956 2.20 -9.30 2.17 172 315 310 337 206 
3.45 -5.05 -1.36 -0.4500 3.9300 -4.3000 -2.1833 -1.7733 0.4500 2.16 -9.48 -1.19 173 316 305 326 212 
;
