3.00 -1.15 9.20 -0.0900 -0.1400 -0.2800 -0.0056 0.0167 0.0011 2.93 -1.07 9.29 165 321 301 299 194 
2.93 -1.15 9.18 0.0800 -0.0400 -0.0500 0.0478 -0.0022 0.0089 2.94 -1.02 9.29 166 325 303 301 193 
6.54 0.62 15.65 3.1500 1.0800 6.6100 1.3511 -0.6200 -0.0322 3.33 0.58 9.20 170 271 270 288 201 
12.23 -2.10 6.87 5.8100 0.9600 -0.9000 2.0856 -0.5278 5.9533 5.64 -2.00 7.76 165 239 155 156 176 
3.45 2.44 2.86 -1.4900 4.9900 -6.4900 2.9867 2.0856 3.6744 2.06 -1.29 9.49 162 205 145 143 164 
-2.73 3.08 6.99 -2.7000 2.7300 -2.3100 0.3422 0.6544 0.4811 0.12 0.04 9.80 150 171 140 133 158 
0.49 1.30 10.38 1.2300 1.4900 0.7200 -1.5956 1.4000 -2.1578 -1.36 -1.56 9.58 129 154 134 154 161 
1.25 -0.97 8.31 2.0000 0.8700 -0.7000 -2.2044 1.4622 -1.8467 -2.85 -4.67 8.13 112 159 149 160 162 
-5.11 -9.48 6.81 -2.2500 -2.5400 0.0200 -0.3100 -0.0111 -0.4900 -2.55 -6.04 7.28 111 161 146 165 162 
-2.52 -6.63 6.61 0.0000 -0.1100 -0.3000 -0.1178 -0.2367 0.0389 -2.35 -6.19 7.22 108 164 152 166 161 
-2.50 -6.68 7.20 -0.6100 0.3300 0.6000 -0.0289 -0.2822 -0.1500 -2.05 -6.32 7.20 117 168 144 167 161 
-4.38 -4.05 -2.37 -4.2000 3.6300 -11.5500 -0.8800 -10.1422 -0.3422 4.52 -7.31 4.70 129 242 149 175 163 
24.64 -10.37 -5.47 19.5700 -4.5800 -2.6800 0.6333 -0.2589 -0.0811 6.61 -7.08 -1.47 148 319 153 175 166 
6.29 -6.31 0.25 -0.2700 2.1200 1.2300 2.6467 0.1189 0.2044 5.64 -7.99 0.64 150 350 149 169 166 
4.78 -6.71 1.88 -0.6600 0.0600 -0.1300 -1.8544 -0.6556 -0.2067 5.98 -7.77 -0.05 148 336 154 174 164 
6.08 -7.94 0.07 0.3700 0.2700 0.3700 1.7244 1.1678 -0.0578 5.83 -7.76 1.31 151 342 154 174 168 
5.99 -7.93 0.24 0.0300 -0.3800 -1.0700 -0.2333 0.0856 -0.1511 6.01 -7.64 1.23 149 330 161 172 168 
6.31 -7.37 1.49 0.3700 0.1300 0.2300 -0.0556 0.1067 -0.0589 6.11 -7.55 1.28 148 329 161 176 167 
6.24 -7.44 1.54 0.0500 0.2200 0.1800 -0.0544 0.0922 -0.0544 6.17 -7.49 1.36 149 314 158 178 171 
7.30 -7.70 5.17 0.5200 -0.8900 3.7100 0.0522 -1.0978 -0.6144 6.66 -7.11 1.05 137 306 156 178 169 
11.47 -10.48 -0.21 2.1200 -4.3800 -2.0300 0.8689 0.9778 -1.3400 8.04 -5.32 1.76 137 286 157 180 162 
6.22 -2.89 0.13 -1.6500 0.9700 -3.3800 2.5756 1.6056 -1.2656 8.21 -2.50 4.73 112 332 155 175 163 
6.61 2.00 4.32 -1.1600 2.4200 -1.8700 2.3822 0.7900 -0.5878 7.41 0.85 6.35 116 368 159 170 167 
4.26 2.22 6.90 -1.0700 -0.0800 0.1800 -0.0567 0.0478 -1.1833 6.67 2.62 6.68 119 371 164 181 164 
6.51 4.41 5.78 -0.0300 1.6800 -1.1800 -1.0622 -0.1911 -0.3700 6.49 2.43 6.93 121 373 169 184 168 
5.75 0.58 6.43 -0.3700 -1.0900 -1.4500 -1.8700 0.3744 -0.5533 5.94 1.00 7.73 118 378 170 185 171 
8.10 -1.07 8.30 1.7900 -1.3700 1.9200 -0.9344 -0.0544 0.0222 6.23 -0.25 7.56 115 379 168 189 165 
6.37 -0.41 7.44 -0.2400 0.3800 -0.6000 -0.2867 -0.6322 0.2500 6.66 -0.83 7.14 117 378 157 183 169 
2.48 -1.90 3.94 -3.3900 0.6900 -1.1600 -1.4633 -1.2444 -0.0222 8.13 -2.37 4.93 116 377 167 189 170 
;
