1.32 7.31 6.29 -0.1800 -0.0700 0.0000 0.0000 0.0056 -0.0056 1.48 7.37 6.29 178 326 330 351 210 
1.49 7.26 6.24 -0.0100 -0.0800 -0.0500 0.0033 0.0133 -0.0022 1.48 7.37 6.29 180 323 331 351 211 
1.29 7.22 6.27 -0.5400 -0.0800 0.1600 -0.0833 -0.2667 0.1478 1.64 7.32 6.30 177 318 328 349 214 
5.85 12.01 12.04 5.3200 4.6800 5.4100 -1.2044 -6.5422 4.0222 7.35 5.27 3.77 172 302 217 211 198 
13.33 1.82 1.08 3.0200 -0.2800 -3.8700 0.2633 3.0822 3.8956 7.75 0.00 5.99 154 264 167 162 143 
2.42 -0.08 0.95 -2.3700 1.3900 -6.9500 0.7978 2.9400 1.7144 3.09 -1.21 9.22 154 244 163 162 145 
-1.36 2.48 7.07 -1.6300 3.3200 -2.2800 -0.1611 0.0122 -0.2033 0.84 -0.72 9.74 155 178 162 164 146 
0.60 -1.31 9.97 1.6000 0.5600 -0.2900 -2.0700 1.0089 -1.1067 -0.34 -3.18 9.27 152 163 155 169 149 
-4.42 -7.38 7.12 -1.4700 -2.4500 -0.9800 -1.0456 0.3422 -0.1922 -1.66 -5.74 7.76 135 164 156 174 149 
-3.42 -4.71 5.72 -1.7800 1.7600 -2.1400 0.4522 -1.5078 -0.4089 -0.90 -6.05 7.65 140 169 165 178 155 
2.72 -3.79 0.88 0.4100 1.0000 -6.8400 1.2378 -4.5011 -1.5556 4.66 -4.47 7.37 132 169 166 180 152 
13.29 -4.17 9.16 7.2700 -2.0900 4.4600 1.1956 -3.6656 0.5800 8.21 -3.34 4.18 101 210 251 245 189 
8.86 -1.96 0.46 -0.1700 3.7100 -2.4300 1.6200 0.0878 1.5422 7.97 -4.64 3.32 89 175 177 190 154 
6.87 2.62 8.38 -10.3300 6.2500 26.8600 -0.8756 0.9744 -0.2756 7.53 -4.46 4.41 93 174 184 184 143 
10.38 -0.76 4.03 3.3700 3.8200 -2.2000 -2.7000 0.6378 -0.8911 7.74 -4.97 3.38 97 174 184 190 148 
9.21 -5.39 -3.32 1.2600 -0.8700 -6.5700 0.7333 -0.0767 -0.2156 7.74 -4.35 4.14 95 172 186 179 149 
-1.05 6.61 30.02 6.7700 3.7200 7.1200 -0.3622 0.3156 -0.5167 8.25 -3.51 3.96 96 173 182 177 144 
7.03 -3.76 4.40 -0.9700 0.0700 0.7300 -1.3078 1.0389 -0.8789 8.13 -3.93 3.80 102 186 196 200 161 
10.91 -5.35 3.75 3.2400 -2.2100 -0.2500 0.4922 2.6211 -0.6256 7.38 -3.07 5.67 140 228 202 195 157 
8.27 -3.58 8.68 2.6400 -1.0900 0.6800 0.9856 2.3044 1.7667 4.08 -2.59 8.53 154 172 165 162 138 
5.04 -0.77 6.76 2.1900 1.7000 -3.2300 1.1844 0.9056 2.0900 1.57 -1.86 9.49 142 178 165 165 138 
-0.56 1.92 6.55 -1.7200 3.3300 -2.8900 0.3856 0.7578 1.0656 0.07 -1.16 9.73 143 189 163 166 139 
-0.88 0.43 9.49 0.2900 1.7700 0.1600 -0.4622 0.0111 -0.5611 -0.12 -1.56 9.68 147 194 167 168 141 
0.22 -1.65 9.22 2.2700 1.4800 0.2900 -1.0256 0.5956 -1.6478 -0.70 -3.01 9.30 135 188 163 175 148 
0.88 -4.97 7.29 2.4700 -1.5500 -1.4100 -1.1833 1.9922 -1.3867 -2.36 -5.11 8.02 135 204 171 178 150 
-4.59 -6.27 7.17 -1.0200 1.1800 -0.0100 -0.0378 -0.8533 -0.3033 -2.42 -5.74 7.57 137 197 175 183 150 
-1.36 -4.79 2.28 -0.5200 0.7300 -5.9200 1.9489 -2.9411 -1.4444 1.23 -4.56 8.58 148 200 177 185 157 
6.46 1.72 4.98 2.3800 4.0300 -2.2900 2.2678 -3.3033 -2.8689 6.57 0.26 7.26 152 218 204 203 174 
;
