6.35 3.82 7.21 0.1900 0.3400 0.6800 -0.1178 -0.0100 -0.0378 6.19 3.56 6.71 175 258 226 229 165 
6.30 3.31 6.60 0.2500 -0.0300 -0.1400 -0.2000 -0.1778 0.0056 6.34 3.35 6.68 176 256 225 228 164 
6.72 2.94 6.14 0.3500 -0.2400 -0.3300 0.0833 -0.6456 0.3444 6.83 3.10 6.30 175 256 225 228 166 
8.75 2.72 7.22 1.8500 -0.1900 2.4300 0.4389 -2.8744 1.5633 8.87 1.99 3.66 156 264 209 224 162 
13.08 0.40 5.45 4.3200 0.3200 1.9300 0.8233 3.0200 2.3544 8.51 -1.01 4.74 130 243 202 216 155 
7.68 -2.33 4.16 1.4300 0.4700 -3.6000 0.0322 3.5067 2.1956 4.29 -3.17 8.22 125 241 198 211 152 
-0.42 -1.04 5.34 -1.3400 2.7000 -3.9600 0.5756 1.2578 1.1200 0.57 -2.84 9.36 132 230 178 200 146 
-1.35 -1.01 7.88 -1.7600 1.5400 -0.6400 -0.3478 1.1800 -0.6822 -0.25 -2.92 9.35 136 234 181 204 148 
0.67 -2.61 9.96 1.3300 0.9200 0.8300 -1.0744 1.7878 -1.1800 -1.40 -4.09 8.79 132 230 197 205 152 
-1.13 -5.82 6.61 1.5900 -0.2100 -1.1700 -1.1000 2.5089 -0.9678 -3.33 -6.01 6.99 126 233 203 210 152 
-5.45 -8.86 5.03 -1.3500 -2.3000 -1.0100 -0.1722 -0.1344 -0.0278 -4.04 -6.90 5.66 128 233 204 211 154 
-3.34 -6.44 6.45 0.5700 0.4700 0.6300 -0.0944 -0.1311 0.0044 -3.92 -6.91 5.74 129 234 204 212 154 
-4.22 -5.88 5.35 -0.8000 1.4600 -0.7300 0.1289 -1.0078 -0.5278 -2.97 -6.97 6.21 129 241 207 213 155 
0.37 -5.77 -0.27 0.5900 0.9200 -7.1900 1.8144 -5.2456 -1.4678 2.39 -6.08 7.30 143 249 224 225 163 
9.57 -1.64 14.98 5.5200 1.3500 9.2300 0.2911 -1.4611 -1.2522 6.52 -3.00 6.67 177 269 248 250 177 
10.30 -2.87 12.25 2.4300 2.1800 3.2700 -5.4822 2.4067 1.6389 4.69 -6.87 5.18 191 309 303 369 205 
2.79 -4.43 -3.38 0.0000 4.0300 -4.0900 -3.5078 -0.2944 1.9633 1.57 -9.64 -0.87 193 388 297 428 204 
-0.44 -7.97 -6.96 -1.2700 1.9100 -3.8100 1.1456 0.1278 0.0833 0.58 -9.69 -1.37 191 381 351 411 203 
1.21 -1.50 -6.66 0.5900 9.0500 -8.4600 6.1100 -0.9044 -1.5578 2.30 -8.41 4.48 188 364 355 434 202 
10.96 10.06 15.38 7.2800 10.8700 14.4400 6.6989 0.0533 1.0500 3.58 0.60 9.10 190 366 355 431 201 
3.41 1.96 16.01 0.4300 1.5400 4.9600 -2.4600 -1.5600 -0.6933 4.59 -0.41 8.65 189 343 351 397 207 
;
5.82 1.20 3.37 -1.3800 4.5800 -4.9700 -4.8933 -2.0633 1.3956 6.57 -5.74 4.46 147 186 209 221 162 
3.14 -7.72 -2.83 -2.7700 -0.9100 -4.4000 0.2722 0.6200 -1.1022 6.80 -6.61 2.46 146 197 209 233 165 
8.69 -6.94 5.80 1.8700 -1.5700 1.8300 0.7444 0.2067 0.2322 6.81 -5.65 4.21 159 208 219 242 168 
8.30 -8.20 6.25 3.2700 -2.4000 -0.2200 2.0511 1.9033 1.9544 4.26 -5.72 6.72 154 247 204 216 157 
1.77 -3.49 6.01 -0.1500 1.9600 -2.4100 1.1833 1.3211 1.5778 0.67 -4.63 8.61 141 239 205 213 157 
-1.23 -1.09 7.27 -0.4600 2.2600 -1.5900 0.1867 0.0778 0.5544 -0.56 -3.76 9.03 141 236 203 205 154 
-0.82 -2.87 9.62 0.3000 0.8800 0.9300 -0.1056 -0.2100 -0.2678 -0.56 -3.75 9.04 138 228 207 207 157 
0.18 -2.60 9.19 2.8500 1.0900 0.4700 -1.6100 0.9733 -1.0100 -1.26 -5.13 8.25 138 230 209 213 161 
-2.58 -6.37 7.16 0.1300 -0.7000 -0.3100 -1.2667 1.0111 -0.0489 -3.69 -6.86 5.95 133 225 209 215 162 
-8.02 -8.60 4.27 -1.5200 -0.0900 0.1300 -0.0100 -0.7033 -0.0900 -3.77 -7.19 5.49 134 220 210 217 158 
-5.37 -4.31 2.10 -2.7900 3.4300 -3.7700 0.0278 -3.5589 -0.8811 -1.42 -7.32 6.36 157 246 216 227 169 
2.45 -6.82 11.56 1.5400 -0.3600 6.3400 -2.1322 0.0056 -2.7689 2.73 -7.64 5.49 191 291 295 346 211 
7.78 -9.28 2.25 3.6600 0.0900 -0.8300 -4.9311 -0.2078 0.6689 3.25 -9.23 -0.48 191 329 335 408 212 
2.98 -6.70 -8.95 0.5300 1.5800 -4.0100 -1.3378 -0.4256 1.4978 1.02 -8.30 -5.12 193 356 349 425 211 
0.18 -7.25 -4.59 -0.2200 1.4400 -0.0400 0.9700 -0.1411 0.3300 0.21 -8.94 -4.02 192 361 353 427 210 
0.08 -4.27 -9.36 0.6400 6.1700 -7.2200 4.2556 -1.4922 -1.3744 0.97 -9.73 -0.73 192 371 358 429 207 
4.74 8.42 2.53 3.3400 16.0900 -0.7400 9.3378 -2.1233 -1.4778 3.85 -3.75 8.19 193 369 349 432 202 
-13.35 2.53 21.23 -15.1700 -0.8400 6.3500 -0.6244 -4.4444 -2.0489 1.89 0.79 9.58 192 373 353 433 205 
;
