1.44 -0.72 9.61 -0.0300 -0.0600 -0.0600 0.0022 0.0067 0.0011 1.46 -0.64 9.67 157 303 327 366 215 
1.44 -0.72 9.58 0.0000 -0.0500 0.0300 0.0022 0.0011 -0.0044 1.46 -0.64 9.67 155 301 330 368 216 
1.46 -0.68 9.63 -0.0400 -0.0500 -0.0200 0.0267 -0.0244 0.0067 1.48 -0.62 9.67 156 302 331 370 214 
1.41 1.70 12.09 0.7500 3.3200 2.9500 0.5944 -2.7011 0.4778 3.11 -0.59 9.28 150 291 303 292 214 
9.19 -3.92 10.22 4.7200 -1.2400 0.4200 2.6622 -3.9167 5.0722 6.61 -2.09 6.92 111 295 235 202 196 
5.28 -2.04 5.36 -0.4600 1.4400 -1.5000 2.7622 0.2622 3.2100 5.38 -3.57 7.38 100 262 180 180 168 
2.24 1.11 5.13 -1.3300 3.7400 -3.5400 1.4289 1.2233 1.5311 3.08 -2.53 8.95 97 190 175 178 166 
0.48 0.93 8.90 -1.8600 2.3400 0.1000 0.7078 0.0456 0.9322 2.50 -1.50 9.36 97 185 171 177 165 
2.06 0.21 9.85 -0.1700 1.1600 -0.0800 -0.3211 -0.2344 0.4656 2.75 -1.71 9.25 100 177 170 177 163 
2.48 -0.99 9.33 0.4000 1.3000 -0.1600 -0.2722 1.2644 -1.1078 1.63 -1.99 9.46 98 155 179 179 165 
2.04 -0.89 9.46 1.1800 0.9400 -0.7900 -0.0089 0.9600 -1.5744 0.79 -1.84 9.59 98 154 182 185 168 
3.08 -0.96 9.41 1.7400 0.3300 -0.7700 -0.6078 1.6878 -0.9367 -0.55 -2.10 9.56 99 159 181 186 169 
-3.45 -4.64 9.67 -0.7200 -1.3100 0.7400 0.0000 -0.1422 -0.3456 -0.94 -2.36 9.46 100 159 183 190 169 
-0.32 -1.53 9.21 -0.2500 0.8800 -0.3200 -0.2289 -0.3111 0.2578 -0.83 -2.69 9.39 99 161 183 190 169 
-2.25 -0.79 7.01 -1.3100 2.9000 -2.1600 -0.8533 -1.5378 -0.5200 0.82 -3.34 9.17 105 182 183 192 173 
2.86 -3.79 13.48 2.2000 -0.5700 6.8900 -3.1800 1.7256 -2.2256 2.23 -6.33 7.14 180 296 311 319 205 
8.45 -9.15 -1.80 5.2100 0.4500 -6.7400 -2.2756 2.3344 0.5367 1.88 -9.15 2.96 183 313 324 331 204 
0.57 -5.44 -2.19 -1.6600 3.6300 -6.1100 0.9667 -0.0600 -0.0400 1.63 -8.92 3.71 177 323 314 347 207 
7.25 2.99 11.48 5.0900 9.4900 9.6600 5.7222 0.0789 -0.4522 3.17 -3.91 8.41 183 320 334 347 205 
4.67 -1.26 16.90 2.6200 5.3800 3.3200 -5.6878 0.5911 0.4400 2.28 -8.03 5.13 181 318 333 342 208 
-2.00 -6.75 -12.31 -3.3300 2.6800 -14.1900 1.8211 -0.4656 -0.0867 1.31 -9.17 3.21 182 319 330 341 208 
4.71 1.70 12.37 5.9300 7.1500 14.8400 4.1456 0.3522 -0.6822 3.09 -4.07 8.36 181 313 334 341 206 
4.28 -3.37 9.48 0.4800 2.3800 -0.6700 -3.6378 -0.4533 0.4067 3.44 -6.84 6.12 181 307 329 332 207 
;
