1.13 0.27 9.67 -0.0400 -0.1200 0.0400 0.0256 -0.0689 -0.0689 1.41 0.47 9.69 169 328 318 333 195 
1.84 0.72 10.50 0.4200 -0.3800 1.5600 1.6967 -0.8167 0.5456 2.37 1.77 9.34 172 325 293 313 203 
4.69 1.95 13.75 2.6500 1.0600 3.9600 -0.3111 -2.1244 3.1311 4.36 0.29 8.77 166 316 292 273 201 
5.50 -0.09 5.73 0.7000 1.4000 -2.9100 0.5489 -0.0900 4.2911 4.39 -2.30 8.45 173 325 257 230 196 
1.82 0.28 5.54 -1.0900 2.6500 -3.4800 2.3656 1.1233 3.4189 2.07 -1.90 9.39 158 356 246 215 195 
-7.90 3.42 14.16 -8.9300 3.4600 -1.6400 0.3422 1.6333 -1.6256 0.20 -0.69 9.78 154 286 198 191 192 
-1.17 -1.25 8.87 0.1100 0.2100 -1.1000 -0.7533 1.2867 -1.5367 -1.13 -1.59 9.60 157 197 175 205 194 
-0.44 -1.41 8.01 0.0500 2.0100 -0.6900 -1.2989 1.1356 -1.4900 -1.72 -3.66 8.93 146 158 134 159 169 
-1.70 -10.11 6.25 0.3200 -4.3300 -1.4100 -0.5522 0.7289 -0.5044 -2.12 -5.61 7.75 105 158 150 159 156 
-1.70 -5.67 7.72 -0.3000 -0.3000 0.1000 -0.1789 -0.0489 0.0011 -1.90 -5.74 7.71 112 164 151 165 159 
-2.56 -4.41 7.40 -1.6400 1.8300 -0.3800 0.7444 -3.4778 1.2822 -0.01 -5.40 8.18 128 163 165 172 162 
1.99 -2.53 6.55 -0.8200 0.7100 -0.6400 -0.0800 -4.6256 4.7089 2.43 -6.59 6.83 124 298 157 167 148 
0.14 -11.91 5.17 -0.3800 -4.5100 -0.4600 -0.1411 0.5667 1.0989 0.54 -7.28 6.54 125 308 160 168 149 
0.73 -9.21 6.43 1.2100 -2.5300 -0.7500 0.7378 0.1089 -0.1700 0.22 -6.75 7.10 126 307 163 173 148 
0.97 -6.72 4.58 0.4000 -0.1600 -3.5700 2.7256 0.5278 0.2378 -0.31 -4.14 8.88 128 309 164 176 150 
-1.34 7.15 15.79 -0.9500 9.1900 7.0900 -0.4644 0.4678 -0.2111 -1.02 -2.12 9.51 129 313 166 173 151 
-1.10 -1.15 8.80 -0.4200 2.8100 -0.4900 -3.0444 -0.7278 -0.2678 -0.19 -5.72 7.96 129 308 161 175 152 
2.26 -11.47 3.51 2.0000 -3.7600 -2.5200 -0.5222 -0.0389 -0.0589 0.23 -7.55 6.24 126 309 160 178 152 
0.41 -6.74 6.62 -0.0100 0.8800 0.3600 -0.1500 0.0800 -0.4500 0.47 -7.54 6.24 130 303 159 179 153 
-0.66 -7.84 6.07 -1.8300 -0.2000 0.0800 -2.0878 2.5011 -3.7267 2.10 -8.21 4.92 122 272 158 177 162 
-1.66 -6.82 2.20 -2.4500 3.2400 -1.2200 4.6700 -1.2422 -1.7622 4.50 -3.70 7.88 130 291 172 179 165 
7.43 0.78 8.77 2.4700 2.6700 -0.7000 0.5444 -0.2867 -0.6333 5.42 -1.54 8.01 136 314 173 183 164 
7.92 1.45 4.16 2.7000 1.9100 -3.4400 2.5278 0.9133 -0.8378 4.93 1.27 8.37 144 329 173 181 163 
10.85 6.79 13.22 5.9100 4.5700 5.9500 1.1533 0.3744 2.9067 5.06 2.48 8.01 147 340 171 178 165 
0.30 2.69 11.31 -6.4400 2.3700 2.0100 -2.2800 1.4356 2.1000 3.85 -1.49 8.89 151 343 170 178 164 
-2.51 -0.43 4.44 -5.1800 2.9000 -5.4900 -1.9289 -0.3889 -2.8033 4.51 -3.67 7.89 149 348 169 178 164 
7.35 -0.25 0.53 1.9800 1.4100 -7.1000 2.1167 -0.9356 -2.8744 6.29 0.14 7.51 150 343 174 180 168 
13.34 6.88 7.94 7.1900 3.9800 1.5000 2.2856 -0.0233 0.3578 6.52 3.75 6.28 152 337 171 182 165 
6.46 4.69 9.46 -2.2500 1.5300 4.1400 0.0989 -0.7811 2.3978 8.21 1.87 5.01 141 335 173 184 166 
8.37 1.46 3.47 0.7000 -0.0200 -1.7000 -0.2911 0.0978 -0.3178 8.38 1.44 4.87 146 332 173 183 167 
;
