5.23 3.49 7.55 0.1500 -0.0400 -0.0100 -0.0233 0.0367 0.0200 5.06 3.53 7.61 158 254 233 244 177 
4.37 3.58 7.51 -0.5700 -0.0100 0.1700 0.1367 0.0767 0.0211 4.98 3.56 7.65 158 260 236 239 176 
5.17 3.57 7.85 0.4300 0.0100 0.1200 0.0233 0.4144 -0.2133 4.48 3.72 7.88 161 261 238 243 176 
4.22 3.49 7.80 0.2600 -0.5000 -0.2500 0.1900 0.5744 -0.2778 3.86 3.99 8.07 153 260 231 238 173 
3.69 1.13 10.37 4.9300 -0.1500 5.8000 1.9311 -6.2744 2.4100 7.29 4.23 4.99 160 255 221 213 169 
13.80 3.39 7.01 4.7700 1.1000 -2.0100 0.3311 1.0556 4.2578 7.39 -0.23 6.43 161 272 208 191 165 
4.38 1.15 1.00 -0.9400 2.5100 -7.2200 1.2500 2.3300 1.5056 4.21 -1.11 8.78 174 298 200 199 166 
0.59 3.17 6.37 -2.0400 3.3900 -2.5300 0.3389 1.1600 0.1833 2.08 -0.29 9.57 166 249 204 203 172 
2.47 2.10 9.59 1.4400 2.1700 -0.1900 -0.8389 1.4944 -1.4511 0.13 -0.88 9.76 157 173 170 187 170 
1.76 -0.56 9.43 2.6600 1.6900 0.2300 -2.6500 1.9033 -0.9144 -1.90 -3.78 8.84 118 172 160 169 161 
-5.46 -6.47 7.78 -1.1900 -0.5500 -0.0800 -0.2344 -0.7478 -0.1522 -1.87 -5.10 8.15 113 173 164 165 159 
-2.18 -5.24 7.63 -0.2800 0.2900 -0.6000 -0.3011 -0.1744 -0.1056 -1.61 -5.43 8.00 121 178 173 178 160 
-3.34 -1.28 10.17 -4.2700 4.8300 3.1100 -0.6456 -1.5678 -1.2400 0.61 -5.90 7.80 159 258 244 258 184 
5.36 -6.50 8.40 1.9100 0.6200 0.2200 -6.0067 -1.2978 -0.0533 3.09 -9.05 2.12 169 316 272 319 196 
6.86 -7.10 -14.37 1.4200 2.0500 -13.0800 2.2744 1.6422 -0.4767 3.17 -9.26 0.46 169 324 277 312 195 
2.19 0.44 1.52 1.8500 8.3700 3.5900 7.6778 -0.7078 -0.8178 4.45 -4.41 7.54 166 321 282 321 199 
5.62 -0.95 15.29 1.8900 4.2900 3.5000 -5.6422 1.0433 1.4722 2.70 -7.55 5.62 173 322 292 326 200 
1.67 -8.84 -14.86 0.0500 0.6900 -16.6300 2.2711 0.2056 -0.3478 1.73 -9.11 3.17 167 325 291 329 199 
6.22 1.43 14.67 3.5300 7.0400 13.1000 3.8411 -0.1733 -0.4211 3.38 -3.96 8.30 168 322 297 324 201 
3.67 -2.24 10.62 0.6000 4.0200 2.5100 -5.6544 1.9833 0.0133 2.06 -8.00 5.27 173 319 290 326 202 
4.21 -8.62 -8.52 1.9400 0.6500 -9.1500 -0.4289 0.1789 -0.1289 2.22 -9.49 1.03 171 315 287 330 205 
2.18 -9.98 3.02 -0.4300 -0.4400 1.6100 0.1767 0.1311 -0.2578 2.49 -9.31 1.75 172 319 290 328 205 
2.82 -9.07 0.99 0.2400 0.2600 -0.7200 0.4878 0.2244 -0.2889 2.79 -9.17 2.03 169 318 291 325 204 
2.16 -7.20 -2.44 -1.0300 1.9800 -5.3400 1.9756 -1.0100 -1.3667 4.18 -8.26 3.22 168 235 195 191 157 
8.83 -0.12 1.22 4.2900 5.1600 -1.4300 4.7967 2.1222 -2.0978 6.12 -3.23 6.94 169 168 146 158 121 
-0.03 -0.91 12.58 -1.0700 1.4300 2.2900 0.5211 6.4833 3.8600 -3.48 -1.53 9.03 182 169 149 151 115 
-12.59 2.86 6.62 -6.3500 2.1000 -0.2000 -0.0900 0.6844 0.8156 -6.72 1.45 6.99 190 172 162 155 117 
-5.11 1.89 7.07 0.4400 0.9800 1.5700 0.1822 -0.2189 0.1133 -6.67 1.14 7.08 185 177 169 160 119 
-6.56 0.95 7.22 -0.0500 -0.0900 -0.3000 -0.0922 -0.2011 -0.0844 -6.48 0.95 7.29 186 178 163 163 120 
;
