-3.38 -3.13 8.91 0.1300 -0.1200 -0.2500 0.0400 -0.0233 0.1078 -3.60 -2.69 8.71 122 356 348 400 223 
-3.09 -2.57 8.65 0.7300 -0.2400 -0.1800 0.0500 -0.0533 0.0156 -3.54 -2.58 8.77 123 353 346 402 223 
-3.02 -2.76 8.95 -0.3500 0.4900 -0.3600 0.0344 -0.0044 -0.1311 -3.44 -2.56 8.81 119 353 348 399 223 
-6.07 -3.71 10.40 -4.3400 -1.6100 0.7600 2.1311 -4.6811 0.5589 -0.59 -1.08 9.72 154 295 335 385 219 
6.51 -0.98 9.90 3.6500 -0.9700 0.5200 -0.6433 -2.5989 -0.2322 5.04 -0.69 8.38 154 271 171 181 201 
12.41 -3.20 9.65 6.1800 0.6500 2.5200 0.8944 0.6767 3.3078 5.92 -1.93 7.57 128 206 157 164 172 
4.21 -0.99 5.85 -0.0200 2.0200 -3.0600 1.4000 1.4111 2.5889 3.04 -2.70 8.92 126 180 160 169 172 
0.36 0.66 5.48 -1.9100 2.6600 -3.3800 1.0489 0.6978 1.5622 1.03 -1.63 9.61 122 164 160 171 175 
-1.25 0.81 9.16 -0.3400 1.8400 -0.3400 -0.0578 -0.1289 0.1711 0.64 -1.32 9.69 119 155 167 168 175 
0.38 -1.55 9.77 -0.3000 0.4800 0.4000 -0.7722 0.7478 -1.2722 -0.18 -2.20 9.55 112 152 167 173 175 
0.83 -2.85 7.47 2.0400 0.0600 -1.7100 -1.0522 2.8056 -1.9689 -1.53 -3.90 8.86 107 154 170 182 176 
-1.98 -6.60 8.35 -0.1400 -1.5600 0.0200 -0.3100 0.4989 -0.4711 -2.54 -5.23 7.88 108 157 176 186 175 
-1.92 -5.07 8.21 0.3300 0.1400 0.0400 -0.2200 -0.1711 -0.0211 -2.34 -5.37 7.85 107 157 179 187 176 
-1.90 -5.32 7.87 0.1100 0.0200 0.2100 -0.2556 -0.5444 -0.0911 -1.67 -5.55 7.90 109 160 177 186 177 
-1.03 -5.63 8.19 -0.0200 0.3200 0.2700 -0.1789 -0.4611 0.0756 -1.27 -5.68 7.88 113 161 174 185 176 
-0.85 -5.58 5.34 0.0100 0.0000 -1.8200 0.4511 -2.0856 -0.8122 1.50 -5.57 7.92 127 176 175 181 179 
6.42 -8.47 8.42 3.1400 -3.2300 0.9400 2.3056 -1.9533 0.5856 4.27 -4.07 7.83 145 284 177 182 185 
6.32 -3.78 5.65 -0.1500 -0.6800 -1.1400 1.5689 -3.3889 0.5000 7.54 -3.01 5.48 174 295 267 302 210 
13.33 -3.19 3.26 3.7600 0.4300 -2.7700 0.8378 2.8933 0.0078 6.64 -2.74 6.66 190 341 335 373 212 
5.19 -0.30 6.69 -0.9500 2.1700 -0.6800 0.7189 1.0067 1.2056 4.85 -2.76 8.05 192 354 343 376 211 
2.00 -0.07 8.67 -1.8500 2.9200 0.2200 -0.1944 0.1478 0.6533 3.90 -2.96 8.49 192 334 311 374 216 
2.95 -1.14 9.52 -1.3000 2.9900 1.4200 -2.9856 -0.1578 -1.2800 4.57 -4.92 7.14 181 305 337 376 218 
11.14 -2.12 5.46 5.6400 2.2700 -0.5200 -2.7233 1.7811 -0.0311 4.42 -6.86 5.43 175 302 335 388 221 
1.01 -13.36 1.69 -3.0700 -4.5400 -1.8500 -0.3233 0.6256 -0.1111 3.39 -8.00 4.54 174 310 339 390 221 
;
