3.02 7.05 6.20 -0.0800 0.0000 0.0500 -0.0022 0.0044 -0.0044 3.06 7.03 6.11 170 278 269 291 192 
3.01 7.08 6.07 -0.0100 0.0500 -0.0100 0.0022 -0.0089 -0.0011 3.06 7.03 6.11 171 278 267 290 193 
3.07 7.04 6.07 0.0000 0.0200 0.0100 -0.0022 0.0044 -0.0022 3.06 7.03 6.11 172 275 269 290 191 
3.11 7.10 6.10 0.0200 0.0400 0.0000 -0.0011 0.0044 0.0000 3.06 7.03 6.10 170 275 269 288 193 
2.91 7.01 6.12 -0.2000 -0.0600 0.0000 0.0422 -0.1578 0.0400 3.13 7.03 6.06 174 276 268 288 191 
5.01 9.50 9.75 0.9500 2.8500 4.4200 -1.0122 -4.6411 2.2322 6.67 5.74 4.31 165 259 248 265 191 
12.66 5.06 5.41 4.5200 1.1100 0.6500 -0.1422 2.0267 2.2111 7.83 2.77 5.20 154 257 195 183 184 
8.66 1.85 2.90 1.2300 0.3100 -3.5200 0.4156 2.9200 1.6033 5.88 1.34 7.73 162 305 196 181 183 
2.51 1.94 3.63 -2.5100 1.2300 -5.0500 0.3844 1.0856 1.6044 3.91 0.53 8.97 151 249 186 184 181 
1.67 2.39 7.68 -1.3700 2.0000 -1.3400 -0.1478 1.1789 -0.2889 2.28 0.50 9.52 150 190 188 184 183 
2.49 1.61 9.49 1.2500 0.9700 0.0600 -1.1956 0.9489 -1.2222 0.65 -0.44 9.77 152 164 167 172 178 
-0.16 -1.79 8.01 0.2300 0.8900 -1.2000 -1.5922 2.0544 -1.3767 -1.74 -3.25 9.08 130 172 170 184 178 
-3.40 -5.84 7.79 -0.9300 -1.7300 -1.0600 -0.4500 0.4233 -0.2756 -2.56 -4.28 8.43 126 177 173 188 177 
-2.80 -3.47 7.90 -0.8900 1.1000 -1.0200 -0.3844 -1.1944 -0.0233 -1.80 -4.51 8.51 138 177 178 192 182 
-0.85 -4.05 3.67 -1.3600 -0.7700 -5.5500 1.4722 -4.3167 -0.8311 3.10 -3.02 8.79 114 220 254 286 206 
8.20 -5.23 2.14 -0.5100 -3.3500 -5.4200 0.2656 -6.3344 -0.0400 8.95 -2.19 3.35 93 204 241 232 177 
19.48 0.23 -0.28 9.3800 2.7600 -0.5300 1.8233 -2.0356 0.8367 9.58 -2.03 0.44 86 178 190 191 132 
9.95 1.38 0.75 -0.3800 3.4800 -1.5600 1.7011 1.2722 0.8133 9.03 -3.18 2.08 92 159 174 174 126 
6.74 -0.87 6.91 1.2400 3.0000 3.1300 -1.4044 -0.1700 0.0078 8.69 -3.47 2.92 92 174 192 191 136 
10.40 -1.66 0.07 1.6100 1.3600 -3.4300 -2.1678 0.2678 -0.6933 8.89 -3.42 2.30 94 177 194 193 139 
9.89 -4.03 -3.24 1.6200 -1.0600 -5.9400 0.5289 1.8744 -0.2067 8.76 -3.12 3.10 94 177 193 196 140 
3.95 -1.61 8.74 -4.8400 2.5800 8.4400 -0.1522 -1.0678 0.2667 8.77 -2.86 3.32 98 167 186 192 140 
8.40 -3.18 3.13 -0.1100 0.1000 0.0200 0.1122 -0.1467 0.0533 8.79 -2.90 3.22 98 175 191 193 142 
6.87 -1.53 4.24 -2.0400 1.4800 1.4900 -0.6100 -0.4078 -0.3711 8.95 -2.80 2.83 104 191 206 213 160 
11.96 -2.59 3.00 3.8100 -1.0100 -0.5300 -0.5844 3.9811 -2.2867 8.27 -1.04 5.16 121 210 185 188 138 
6.41 -0.54 8.87 2.9200 -0.3200 -0.9000 -0.2022 6.4756 1.4522 -0.07 -0.53 9.79 168 165 172 176 133 
-2.96 0.61 3.38 0.2200 0.5800 -4.7200 1.3211 2.2111 1.6267 -5.72 0.89 7.91 175 168 174 175 122 
-5.39 1.75 8.04 0.9900 0.6000 -0.1800 0.0167 -0.1144 -0.1667 -5.80 0.81 7.86 178 170 180 177 137 
-5.56 1.24 8.05 0.5700 0.0200 -0.1200 0.2467 0.0633 -0.1333 -5.67 1.00 7.93 180 171 180 177 138 
-5.61 1.40 7.87 0.0200 0.4100 -0.3100 -0.0056 -1.2400 -0.1356 -5.05 0.99 8.34 178 179 182 181 129 
-1.68 4.23 3.99 0.9700 3.5600 -6.0600 -1.0556 -8.9156 -3.1900 3.09 0.29 9.30 178 198 198 194 153 
;
