4.57 5.23 6.96 -0.0100 0.1900 -0.0100 -0.0178 0.1656 -0.0900 4.48 5.11 7.06 176 244 193 214 156 
4.26 5.49 7.51 -0.4200 0.2500 0.1900 -0.0967 -0.0533 0.0244 4.42 5.11 7.10 181 244 198 214 157 
3.96 5.20 7.66 -0.1800 0.1700 0.5500 -0.0933 -0.1411 -0.3411 4.38 5.24 7.02 182 248 203 210 157 
5.06 5.04 6.85 1.0400 -0.4200 -0.5300 0.0422 0.5800 -0.4889 3.71 5.51 7.20 169 261 195 222 162 
4.70 5.19 11.56 1.5200 0.0900 4.9000 1.3267 -6.7489 3.9222 7.39 4.81 4.27 175 277 183 208 161 
12.15 4.16 4.46 3.1900 1.7200 -1.9000 -0.7022 2.0444 3.2411 7.38 0.15 6.45 176 315 183 197 159 
3.55 0.37 1.09 -1.7800 1.6500 -7.1500 0.6444 2.2578 2.1667 3.77 -1.31 8.95 174 311 173 193 156 
-6.14 0.92 7.55 -8.7900 2.7400 -1.9100 -0.1267 3.4189 -2.3444 0.82 -0.76 9.74 157 178 164 188 155 
1.47 0.62 10.57 0.9000 1.5400 1.0200 -2.0100 0.8911 -1.4300 -0.04 -2.07 9.58 145 160 159 180 156 
-0.70 -5.55 7.03 0.1800 -3.3700 -2.3100 -1.2200 0.7600 -0.5256 -1.95 -5.18 8.09 106 173 159 174 155 
-2.07 -5.27 7.78 1.2300 0.8000 0.6100 0.0044 -0.2467 -0.0333 -2.12 -5.54 7.80 115 170 169 184 159 
-1.93 -5.95 6.93 -0.0400 -0.0500 -0.5400 0.0044 -0.4444 0.0344 -1.81 -5.66 7.79 116 178 174 177 156 
-2.74 -4.10 6.20 -3.2300 2.5300 -3.3200 -0.3100 -2.6400 0.0144 0.09 -5.84 7.87 153 187 178 202 166 
4.25 -1.48 1.18 -1.4000 2.9700 -4.9100 -0.2389 -7.2267 -1.9678 7.92 -4.35 3.79 166 288 264 301 198 
18.28 -8.20 -7.30 8.6600 -3.4600 -4.6300 -0.9889 -7.5067 2.6189 5.38 -4.90 -6.56 178 299 281 329 206 
2.29 -5.35 -1.85 -2.5300 -0.2600 7.3100 -3.4033 -0.1889 0.1522 2.58 -2.49 -9.12 176 290 282 331 212 
4.71 -1.53 -9.56 -0.3400 -0.1700 1.6100 0.4600 0.4744 -0.0167 3.51 -2.35 -8.84 179 295 287 335 209 
4.16 -2.33 -8.29 0.6100 0.1100 0.3300 0.0867 0.8778 0.0933 4.24 -2.54 -8.46 179 296 207 314 208 
15.91 -5.12 -7.35 6.3500 0.0300 1.5300 1.3222 8.0300 2.7222 7.57 -6.21 0.36 171 309 276 326 205 
0.05 -2.57 -3.35 -3.7100 6.2100 -3.2000 -3.4678 -1.3078 4.1578 1.94 -9.34 -2.25 178 350 288 316 201 
-3.07 -5.14 -7.58 -3.4700 4.7500 -3.8300 1.5989 1.1922 -0.6722 1.02 -9.48 -2.28 177 358 289 331 205 
0.89 0.20 -8.83 -1.3200 12.2500 -9.9400 7.8978 1.2400 -2.1478 3.65 -7.16 5.60 177 348 292 331 206 
9.71 19.00 30.34 -5.8800 11.7200 26.5300 3.8667 1.9056 1.1844 2.86 2.94 8.90 175 343 296 328 211 
6.17 2.02 7.12 1.7000 0.3500 -2.5400 -0.8533 0.4522 -0.0133 3.38 1.11 9.13 175 341 300 334 208 
3.21 1.71 6.44 -0.7000 1.2200 -2.9500 -0.7989 -1.8044 -0.3011 4.41 0.40 8.74 178 287 282 289 200 
;
