9.59 -0.07 4.69 3.1000 -0.6500 0.5400 2.0789 -3.8867 -0.1578 9.46 1.84 1.76 153 219 188 203 167 
15.82 -0.03 -1.42 5.0800 -0.4500 0.0300 3.0522 1.1167 1.4878 9.74 -0.51 -0.96 156 274 218 210 169 
10.44 -1.28 -0.40 0.7100 0.4000 -3.0600 1.6700 3.4967 0.9656 8.72 -1.59 4.18 161 307 196 208 171 
5.83 0.46 2.20 -1.7900 2.1400 -4.0100 0.6856 2.5967 0.7567 6.47 -1.92 7.11 159 320 171 185 153 
2.85 -0.41 5.66 -2.1000 1.0900 -2.7700 1.3500 1.6267 0.0344 3.80 -0.81 9.00 160 306 168 178 151 
2.04 1.55 9.68 -0.7800 1.4200 0.2600 0.3433 0.9989 -0.2078 2.26 0.39 9.53 159 245 165 175 152 
2.57 1.79 9.18 0.6800 1.0300 -0.3600 -0.7944 0.2744 -0.6878 1.31 -0.02 9.71 151 177 161 176 154 
1.13 0.49 9.22 0.3100 0.6200 -0.6100 -1.6989 1.3878 -1.9922 0.01 -1.68 9.66 133 147 155 175 154 
3.22 -1.98 8.74 0.6200 -0.6400 -0.5000 -2.0944 1.9211 -1.7633 -1.46 -5.31 8.11 113 150 154 181 155 
-2.55 -8.23 7.22 -0.9400 -0.6500 -0.2300 -0.1833 -0.0267 -0.1456 -1.16 -6.06 7.61 107 154 159 181 155 
-1.13 -6.29 7.04 -0.0900 0.0800 -0.4500 0.0633 -0.1256 -0.0811 -0.95 -6.16 7.56 111 157 160 180 155 
-1.99 -4.60 6.43 -1.7500 1.6500 -1.5300 0.0300 -0.9400 -0.6678 0.01 -6.08 7.69 110 159 164 181 156 
1.31 -4.34 5.28 -0.8100 1.3900 -2.2700 0.2878 -3.4800 -1.3111 3.91 -5.45 7.14 127 166 162 187 159 
9.88 -6.05 7.29 2.8700 -1.7200 1.4900 0.7067 -1.4489 -0.6811 6.83 -4.19 5.64 148 232 172 186 156 
6.87 -4.26 7.48 -1.8100 -0.4300 -0.1300 0.0856 0.4567 0.0911 6.56 -3.89 6.15 130 301 174 183 156 
6.10 -1.10 2.90 -0.0700 1.5100 -5.1400 1.9878 0.4911 -1.3711 6.42 -1.27 7.29 127 307 171 178 153 
16.22 3.44 11.29 10.8300 2.8400 6.9900 2.9833 -0.9978 2.7022 7.05 0.97 6.74 133 309 170 181 154 
0.87 0.39 10.83 -8.5000 0.7600 0.9300 -3.1600 2.0089 2.0667 4.47 -4.36 7.55 128 303 173 181 154 
-2.45 -0.04 -1.57 -6.9100 5.5000 -8.5900 -0.8300 -0.3311 -3.1122 5.59 -4.77 6.48 131 299 173 181 151 
9.66 2.78 -0.92 4.4600 4.4700 -5.8600 2.3689 -0.9489 -2.5078 7.62 -0.39 6.14 132 293 174 182 152 
21.79 5.09 9.33 13.6900 4.1000 7.8600 2.8467 0.4744 1.8700 7.94 2.12 5.33 134 291 176 183 152 
4.79 -0.49 4.70 -2.5400 -0.2800 -2.4600 -1.1656 1.0278 0.6489 8.04 -1.32 5.45 126 274 175 181 149 
8.81 -0.41 6.03 2.5700 1.5500 1.9100 0.0822 0.1133 0.0856 7.83 -1.38 5.72 152 265 183 193 165 
10.20 0.20 9.53 0.8000 3.0100 1.7500 -4.3444 1.1889 2.6678 6.06 -5.69 5.19 171 265 283 294 191 
2.54 -5.83 -3.34 -2.4100 2.7600 -3.8500 -4.7822 0.1878 3.1200 1.71 -9.33 -2.47 171 278 296 299 192 
0.91 -6.84 -7.46 0.3400 2.0800 -2.5900 -0.2411 0.0656 0.1944 0.74 -8.56 -4.72 169 294 296 306 196 
1.18 -0.95 -9.90 -0.4900 9.7400 -7.9100 5.7278 2.4111 -1.0589 1.93 -9.61 0.16 171 294 300 313 194 
10.47 11.81 17.51 6.3800 11.9700 17.4300 8.5467 3.2489 -0.7378 2.99 -0.52 9.32 172 293 296 297 193 
4.42 1.04 14.66 -0.7500 -0.5200 1.2700 -1.6044 -0.3622 -0.0267 3.78 0.14 9.04 174 295 298 305 194 
5.04 -0.08 6.64 0.6700 0.3700 -2.9700 -1.3100 -1.2900 -0.2633 4.66 -1.25 8.53 172 259 250 245 191 
7.51 2.17 3.92 0.4200 3.2000 -1.7800 -0.0311 -0.3456 -1.5489 7.52 -0.25 6.28 160 180 157 183 157 
;
