3.75 5.96 7.43 0.4000 0.2000 0.3000 0.0744 0.2289 0.0411 3.30 5.85 7.13 153 280 184 212 178 
3.72 5.78 7.16 -0.1200 -0.1000 0.0000 -0.0456 0.0111 0.0644 3.45 5.75 7.14 155 280 185 212 180 
1.77 5.39 7.33 -2.4700 -0.2100 0.5700 0.7500 -2.7156 0.2989 4.88 6.00 6.01 155 282 198 207 173 
15.66 7.37 7.04 8.7500 1.8300 3.7700 0.4167 -1.3967 2.8289 8.29 4.61 2.44 152 269 197 205 164 
11.73 2.83 1.33 2.5800 0.6700 -3.1900 0.2567 3.4622 3.1422 8.01 0.54 5.62 152 213 179 198 159 
4.38 0.80 1.56 -1.3800 1.8400 -6.1700 1.2322 2.6456 2.0578 4.26 -0.72 8.80 147 178 177 191 157 
-1.17 2.55 6.42 -3.1700 3.5400 -2.3300 -0.4511 0.7500 0.3922 2.22 -0.72 9.52 148 170 176 182 153 
0.50 -0.06 9.74 -1.6600 0.8000 0.0800 -0.4911 -0.3711 -0.5822 2.27 -1.07 9.47 153 181 178 189 157 
4.24 -0.86 9.07 1.6500 0.6900 -0.1800 -1.0711 1.1200 -1.0900 1.92 -2.09 9.38 120 185 183 194 161 
0.53 -2.36 7.96 0.0800 0.2000 -1.7900 -1.1644 1.5278 -1.0200 -0.40 -3.69 9.07 142 185 182 195 144 
-1.87 -5.88 9.18 -1.4900 -1.2800 0.9100 -0.5133 0.6178 -0.3822 -0.82 -4.43 8.70 140 190 179 194 161 
-0.22 -4.24 8.42 0.0000 0.1100 -0.5500 -0.0878 -0.0700 0.0889 -0.70 -4.64 8.60 136 190 183 195 161 
-0.85 -4.37 7.67 -0.3200 0.3300 -0.8800 0.0722 -0.6744 0.0511 -0.23 -4.66 8.62 145 200 182 197 161 
-1.11 -3.09 6.33 -1.7600 1.3600 -2.4100 0.0600 -2.7689 -0.4733 2.29 -4.59 8.35 152 212 190 199 164 
5.99 -4.39 5.55 0.7800 -0.7300 -1.6400 0.0867 -2.9333 -0.5978 6.40 -4.13 6.16 158 232 197 203 159 
10.06 -7.09 1.89 0.3300 -2.5500 -2.0500 1.7678 -2.5911 0.5600 8.42 -4.19 2.76 177 179 177 199 158 
8.69 0.51 4.63 -1.0400 3.7300 3.6400 0.6167 -1.8022 -1.0233 9.31 -3.04 0.25 184 176 187 190 155 
10.70 2.46 -2.70 6.1600 3.2500 -3.9900 -1.7711 0.4422 -2.5878 9.58 0.33 -2.04 183 177 189 188 157 
10.50 -0.35 -1.07 0.1800 -0.0900 0.9500 -0.1844 0.3422 0.7411 9.59 -0.36 -1.98 185 178 191 191 155 
8.43 -0.23 -1.63 -1.1300 0.4800 -0.0400 -0.1844 0.3389 0.1811 9.65 -0.80 -1.53 186 185 194 194 156 
9.31 -0.70 -1.50 -0.2000 0.1900 -0.1100 -0.2222 0.2367 0.0711 9.68 -0.87 -1.24 183 184 194 192 156 
14.44 2.61 2.97 8.2200 3.4700 4.0900 -2.2722 4.1744 0.2900 9.60 -1.11 1.62 181 215 204 205 166 
14.46 -1.82 7.00 6.2100 1.5900 0.9600 -3.2667 2.1989 2.9644 7.00 -5.43 4.19 174 290 298 305 184 
1.89 -2.21 -0.67 -3.2400 5.0200 -5.4000 -2.8578 0.5889 3.0111 2.63 -9.39 0.94 176 324 310 330 187 
-1.09 -6.57 -7.16 -2.6200 3.6600 -6.8800 1.1367 1.2189 0.2311 0.98 -9.74 0.50 177 326 313 334 188 
-0.07 -1.09 -5.16 -2.1000 9.2900 -8.3000 6.0000 -1.0456 -2.2344 3.17 -7.14 5.92 176 328 316 337 188 
14.73 11.01 17.10 10.2500 10.4100 12.6000 4.5511 1.3367 -0.7467 5.00 2.16 8.15 179 322 316 335 190 
5.55 2.55 10.41 -0.5400 1.3100 0.3500 -1.9744 -0.1178 -0.2022 5.91 0.17 7.82 178 321 313 332 190 
4.46 1.28 3.92 -2.8400 2.1900 -2.8000 -2.0267 -4.1511 -0.6600 8.43 -1.08 4.87 171 248 244 223 183 
;
