3.55 -2.28 8.75 -0.1300 -0.0400 -0.0200 -0.0122 -0.0100 -0.0111 3.68 -2.24 8.80 144 272 292 289 194 
3.64 -2.25 8.84 -0.1800 0.0100 -0.0700 0.0044 -0.0067 0.0033 3.68 -2.25 8.80 149 271 292 290 193 
3.59 -2.25 8.79 -0.1300 -0.0400 -0.0300 0.0056 -0.0033 0.0011 3.68 -2.25 8.80 150 271 290 293 193 
3.14 -2.50 8.98 -0.7400 -0.4800 0.7400 0.3022 -0.8456 -0.3289 4.25 -1.93 8.62 148 265 290 290 190 
6.90 -2.18 10.54 3.7400 -0.3700 3.4800 0.8822 -3.0878 0.1056 8.28 0.16 5.24 151 285 214 177 160 
14.53 -0.70 -2.76 5.1500 1.6600 -5.4300 4.7511 0.2878 3.6844 8.45 -2.27 4.41 155 295 169 168 147 
6.25 3.77 3.50 -1.4100 6.3000 -3.0400 3.7978 2.2800 2.9956 5.52 -1.89 7.87 169 264 175 168 148 
-0.61 4.73 8.47 -4.3500 5.7900 -0.4300 0.3700 1.7733 0.7122 2.97 -1.04 9.28 167 190 172 165 143 
2.23 -0.82 9.36 -0.0900 0.7600 0.1200 -1.2022 1.1144 -1.2311 1.45 -2.21 9.44 164 164 163 173 151 
1.07 -2.19 9.05 0.8800 1.2100 0.2100 -1.4433 1.7167 -1.2933 -0.30 -4.17 8.86 146 169 158 167 148 
-1.64 -6.32 7.23 -1.4600 -2.9400 -1.4200 -0.4378 0.2567 -0.1867 -1.25 -5.29 8.15 135 172 164 171 152 
-4.04 -3.61 5.52 -3.6800 1.8700 -3.6000 0.4222 -2.2444 -0.1811 0.07 -5.04 8.40 143 200 167 175 149 
1.79 -2.30 3.63 0.3400 1.0400 -1.6100 2.4200 -3.0478 -2.2367 5.35 -1.66 8.04 148 336 166 171 152 
12.85 3.25 9.63 6.5400 3.0500 1.1100 0.1456 -0.6456 -0.7178 6.79 0.57 7.05 144 351 167 169 149 
8.65 2.81 2.56 2.9300 1.1900 -3.2400 3.2767 0.4356 0.0067 6.39 3.02 6.79 151 349 174 169 152 
12.61 10.70 16.28 3.4000 6.5900 7.8200 -0.9500 2.1711 3.6200 6.03 1.69 7.54 154 344 169 175 150 
-3.61 1.21 6.68 -8.3200 2.7900 -2.5700 -3.0578 1.0589 0.5144 3.47 -2.88 8.70 160 337 177 170 153 
-3.16 1.51 -1.40 -7.1400 4.9500 -10.2000 -0.1311 -0.7533 -4.1044 5.28 -2.67 7.81 158 339 168 175 149 
15.11 4.78 4.11 9.2600 3.3100 -2.1200 3.9056 -1.4733 -1.1944 6.76 3.06 6.40 161 345 177 176 151 
7.94 5.24 12.21 -1.0400 1.5600 4.9000 -0.9856 -0.3267 1.3967 8.17 2.11 4.98 161 337 176 176 150 
5.60 -0.37 1.23 0.0700 -1.9500 -5.4800 0.3511 5.1044 -2.0033 4.33 2.79 8.33 179 214 181 175 156 
5.74 9.30 17.10 2.8000 5.2400 8.6000 -0.1856 -4.0333 3.9267 6.42 2.91 6.81 183 182 170 168 154 
0.55 0.18 3.73 -8.8900 2.0100 0.1000 -0.7533 -3.9144 3.3767 8.86 -3.84 1.65 186 174 168 174 152 
2.63 0.68 -0.37 -4.2400 4.2600 0.8100 -2.1989 -0.3267 -4.2522 9.64 -1.06 -1.42 186 181 172 174 153 
16.68 1.60 -0.49 5.8200 0.4000 0.5600 -0.0211 0.3900 0.4667 9.74 0.78 -0.79 191 186 173 175 157 
8.48 0.90 -0.88 -1.3200 0.5400 -0.2900 -0.0722 0.3189 0.1111 9.79 0.34 -0.25 194 184 179 174 155 
11.55 2.78 0.79 1.9300 3.1000 1.0200 -1.7500 2.4078 -0.1700 9.68 0.11 1.51 188 203 176 177 159 
6.04 1.33 5.30 -2.1800 1.5100 0.6800 -4.2411 3.9456 -1.7189 7.04 -1.14 6.72 187 234 208 207 177 
6.79 -3.34 2.81 -0.0800 -0.8900 -4.3100 -3.2989 3.0489 -2.3822 5.39 -3.35 7.46 180 256 255 264 184 
;
