2.87 -3.22 8.83 0.0900 0.0300 -0.0300 -0.0022 -0.0011 0.0000 2.76 -3.23 8.83 160 286 294 279 200 
2.89 -3.38 8.73 0.1000 0.0200 -0.0400 0.0000 0.0044 -0.0022 2.76 -3.24 8.83 163 287 294 279 197 
2.80 -3.20 8.79 0.1200 -0.0100 0.0000 -0.0011 -0.0022 -0.0033 2.76 -3.24 8.83 160 284 295 278 201 
2.84 -3.21 8.79 0.1000 0.0000 0.0000 -0.0033 0.0022 0.0022 2.76 -3.24 8.83 161 286 294 282 200 
2.71 -3.30 8.93 -0.3400 -0.0900 0.0700 0.0633 -0.1433 -0.0211 2.81 -3.21 8.82 160 282 297 278 198 
4.01 -2.62 11.27 0.0900 0.4700 3.2000 0.9533 -2.9489 -0.2411 5.14 -2.23 8.04 161 276 273 223 195 
15.15 -2.84 8.12 6.7000 -0.1400 1.1200 1.3700 -1.6400 4.6933 6.40 -4.19 6.12 156 291 181 171 169 
4.27 -0.74 3.44 -0.5500 4.9500 -4.2600 3.4978 1.3322 3.7056 2.74 -4.48 8.27 129 224 163 153 155 
-3.00 2.05 7.76 -3.6700 4.7800 -1.7300 0.8133 0.6989 1.0733 0.29 -2.54 9.46 126 184 150 153 151 
1.64 -1.49 9.04 2.1000 1.3300 -0.0500 -0.8378 0.9711 -1.1122 -0.31 -3.45 9.17 146 167 149 156 156 
0.14 -3.24 8.76 1.1300 1.4000 0.1700 -1.5700 2.0644 -1.3911 -1.54 -5.51 7.96 128 167 142 160 162 
-4.64 -12.64 1.84 -5.1100 -6.2000 -5.4000 -0.9533 1.0689 -0.4978 -2.90 -7.82 5.14 105 167 146 168 162 
-1.29 -6.48 6.07 1.0200 1.0000 0.5000 -0.5567 -0.1422 -0.0089 -2.72 -8.03 4.91 119 174 147 168 164 
-3.84 -6.08 3.52 -2.5000 0.8800 1.2400 -3.7722 4.0022 -1.1133 -1.94 -9.61 0.12 162 247 252 246 192 
2.52 -10.34 -4.30 2.6200 -2.4600 -1.7600 -1.5744 1.1511 -0.6589 -0.02 -8.84 -4.23 176 272 262 267 188 
-2.61 -7.57 -13.42 -3.3000 -1.1900 -9.9700 2.0211 1.5744 -0.2833 1.44 -9.07 -3.43 179 258 232 238 189 
7.76 0.30 24.66 7.0200 9.8300 26.9900 -1.2500 -0.5467 0.3844 2.17 -9.49 1.14 184 244 221 226 184 
1.24 -7.64 -4.48 -1.0100 1.5700 -3.2200 -2.7311 -2.1322 1.3100 0.49 -9.07 -3.68 182 259 230 245 189 
-3.31 -6.79 -10.59 -2.4100 3.1500 -5.1800 3.4533 1.9200 -0.8822 1.37 -9.67 -0.85 183 269 245 259 197 
4.64 -5.60 14.41 3.1900 1.6300 6.2200 -2.4044 -1.3544 0.0744 1.60 -9.67 -0.06 187 273 249 261 193 
1.69 -10.32 -1.72 0.6100 -1.1600 -0.1700 -1.2389 -0.4278 0.3456 1.21 -9.45 -2.28 182 269 252 263 195 
1.31 -9.05 -3.32 0.4200 0.2700 -0.0700 -0.3189 -0.1044 0.1711 0.82 -9.28 -3.04 180 274 251 267 194 
1.11 -8.64 -3.89 0.2100 0.2400 -1.0300 -0.3678 -0.3278 0.0978 0.51 -9.08 -3.66 178 274 253 261 196 
-1.96 -9.56 -10.45 -2.0600 2.3900 -3.7400 4.4089 2.0944 -0.6800 1.53 -9.67 -0.51 180 277 238 259 194 
5.24 -7.35 6.65 1.5500 3.4500 2.8700 -2.8456 -1.2689 0.2056 1.37 -9.67 -0.77 181 274 248 258 195 
-7.39 -10.38 -15.79 -7.5900 -2.0900 -13.9300 0.4822 0.4422 -0.5556 0.76 -9.20 -3.29 183 276 251 263 193 
6.03 -2.70 11.29 5.1000 9.0700 18.7400 2.7378 1.3811 -0.1256 2.26 -9.23 2.41 178 280 253 255 192 
2.40 -8.06 -0.82 -0.7700 0.3200 -2.2900 -2.7344 -1.5467 0.9622 1.72 -9.52 -1.57 183 270 248 243 191 
0.08 -9.32 -5.58 -0.4100 0.8400 -1.9700 0.4011 -0.0611 -0.4789 1.33 -9.36 -2.57 176 244 247 246 194 
-0.03 -7.51 -4.37 -1.5900 2.4000 -2.8300 2.6344 0.1522 -1.1078 2.40 -9.50 0.08 179 252 258 255 194 
3.35 -6.03 2.78 0.8200 3.0900 0.2800 3.9933 1.2733 -1.3644 3.83 -7.22 5.41 180 261 267 264 194 
;
