3.06 -0.27 9.25 -0.0900 0.0200 -0.0200 -0.0144 0.0011 -0.0033 3.12 -0.35 9.28 162 294 306 319 198 
3.10 -0.34 9.28 -0.0800 0.0100 -0.0300 -0.0011 -0.0011 -0.0089 3.13 -0.37 9.28 163 292 307 320 197 
3.08 -0.33 9.24 -0.0800 0.0300 0.0000 -0.0122 -0.0044 -0.0056 3.13 -0.37 9.28 159 290 307 315 199 
3.08 -0.32 9.28 -0.0800 0.0500 -0.0200 0.0089 0.0000 0.0000 3.13 -0.37 9.28 156 295 312 318 198 
3.11 -0.33 9.31 -0.0500 0.0400 -0.0100 0.0067 0.0022 -0.0011 3.13 -0.37 9.28 167 295 312 317 200 
3.04 -0.29 9.25 -0.0600 0.0400 0.0000 0.0056 0.0033 0.0033 3.13 -0.37 9.28 163 296 311 317 198 
3.04 -0.33 9.25 -0.0300 0.0400 -0.0500 -0.0111 -0.0044 -0.0011 3.13 -0.37 9.28 162 292 311 314 201 
1.87 -3.27 17.85 0.4200 -3.9400 6.1500 0.4567 -10.7233 1.4222 8.42 -0.36 4.99 154 274 155 155 166 
13.01 -0.10 -2.49 1.5800 3.7200 -6.4000 3.8956 1.5589 4.3711 7.07 -4.17 5.35 144 304 161 150 156 
2.26 2.27 2.04 -2.6400 6.2900 -4.8200 3.9267 1.6767 2.4778 3.27 -2.46 8.90 125 288 146 147 157 
-0.78 3.90 9.17 -2.3600 4.8500 0.1500 0.2633 1.2389 0.6289 1.40 -0.97 9.65 121 204 160 154 156 
-0.23 -0.41 8.53 0.4700 1.4600 -0.4600 -1.3411 0.9256 -1.5411 -0.54 -2.77 9.39 153 170 153 159 160 
0.91 -6.25 7.83 1.9200 -2.6000 -1.3300 -1.3667 0.5256 0.0622 -1.48 -5.37 8.06 123 172 155 166 165 
-2.36 -6.06 7.85 1.2500 0.5400 0.4500 -0.1978 -0.3078 -0.0033 -1.74 -6.12 7.45 121 176 157 166 162 
-2.21 -6.29 6.61 -0.4500 0.2300 -0.6300 0.0267 -0.4156 0.0522 -1.58 -6.24 7.39 127 177 162 168 160 
-6.33 -3.12 1.55 -4.6800 2.8700 -7.4600 -0.1367 -5.0011 -1.1789 2.54 -6.16 7.18 117 195 181 188 184 
11.61 -7.29 2.05 6.0500 -2.3000 -2.1700 -0.4178 -4.4556 -1.0544 7.80 -4.19 4.20 101 194 214 208 170 
16.67 -1.37 3.26 8.2300 3.2600 0.3000 1.3911 -1.2911 1.1089 8.49 -4.19 2.51 95 172 167 173 140 
4.38 -0.19 5.50 -3.1800 4.1200 1.3900 1.3233 1.7733 0.3511 7.17 -4.20 5.19 102 172 174 175 147 
7.58 -0.49 7.38 0.9800 3.9700 1.9800 -2.7767 -0.5144 -1.2389 7.56 -4.69 4.10 101 176 186 180 144 
9.35 -3.70 -2.20 0.7100 0.2000 -5.4800 -0.4767 1.7178 -0.9733 7.96 -4.40 3.66 105 177 184 178 146 
9.32 -6.73 -0.81 0.7100 -2.7000 -3.0300 2.2611 -0.7344 0.4278 8.35 -3.49 3.76 105 168 167 171 130 
6.56 -3.64 7.78 -1.4900 0.8200 3.6500 -3.2578 3.1811 0.0022 7.33 -4.47 4.73 107 237 196 196 162 
-1.71 -4.59 1.01 -8.5600 0.7800 -6.6300 -2.8089 4.2633 -1.3178 0.26 -7.39 6.42 176 323 150 166 141 
2.99 -5.88 7.78 2.7900 2.0500 0.2000 0.1300 -0.4289 -1.2800 1.39 -8.00 5.49 182 341 167 172 146 
9.97 -5.91 4.41 7.9100 -0.2800 -1.2100 2.6567 -1.4400 0.9900 2.73 -6.12 7.15 186 346 172 168 150 
-0.63 -10.71 15.68 -6.3900 -4.7400 7.4300 -1.5422 0.7178 4.0500 -0.18 -6.71 7.14 176 358 173 180 150 
-4.07 -2.02 8.45 -2.2900 7.3600 3.0400 -2.9256 1.2467 -1.0178 -1.11 -9.12 3.40 181 358 177 178 148 
-1.32 -1.09 1.34 -0.9600 8.1900 -0.4300 -0.9422 2.0956 -1.6322 0.99 -9.72 0.80 179 357 173 179 152 
7.84 -3.83 -0.20 5.9100 5.2300 -2.3000 2.4844 1.6800 -1.4533 2.66 -8.73 3.57 184 359 175 180 150 
12.04 -8.34 9.24 8.5200 -2.2300 3.3500 3.0622 -1.1789 0.5589 3.56 -5.70 7.13 184 358 182 184 149 
-2.99 -7.60 14.72 -6.6700 -1.6400 6.6000 -0.0456 -1.3033 1.4144 3.68 -5.46 7.26 178 350 189 181 152 
0.91 -4.24 8.79 -2.0700 1.4300 2.0600 -0.9000 0.1389 -0.6967 3.87 -6.07 6.64 181 310 183 184 156 
;
